l,1.0,-1.0
0.330,1.150,1.970,
3.843419813e-02,3.069144375e+00
6.349475123e-03,-5.884255259e-03,1.172805866e-02,1.476422551e-01,5.982831172e-01,1.512741160e+00,1.991131214e+00,1.263578671e+00,3.113054788e-01,
1.957137562e-03,-3.329934151e-03,-7.288240911e-03,-1.117932635e-01,-5.591926559e-01,-1.489791272e+00,-2.181143089e+00,-1.656290466e+00,-5.106582349e-01,
1.590202361e-01
l,1.0,0.0
0.350,0.970,1.610,
8.631066668e-02,3.164275638e+00
1.786172017e-02,-1.023025859e-02,6.835524928e-02,1.265254419e+00,7.182852423e+00,2.484567395e+01,4.788349301e+01,4.689052738e+01,1.834390520e+01,
7.699638510e-03,-1.262881424e-02,-5.397903821e-02,-9.031747031e-01,-5.777498555e+00,-1.961793380e+01,-3.669968856e+01,-3.567091815e+01,-1.408895193e+01,
1.591444529e-01
l,1.0,1.0
0.390,0.890,1.410,
3.673976077e-01,3.837727828e+00
5.063087121e-02,-3.013934219e-02,3.891264304e-01,8.434177151e+00,6.044608234e+01,2.588021486e+02,6.197145748e+02,7.564567969e+02,3.680404953e+02,
2.396154894e-02,-4.122671457e-02,-3.042908133e-01,-6.243347498e+00,-5.061528120e+01,-2.153497341e+02,-5.002508767e+02,-6.004088772e+02,-2.917356012e+02,
1.591435765e-01
l,2.0,-2.0
0.750,1.750,2.750,
6.052300228e-04,4.196719480e+00
1.070306054e-03,-9.836665860e-04,3.135611625e-04,1.080450310e-02,3.215460727e-02,7.872384054e-02,1.118183022e-01,7.693018482e-02,2.029904729e-02,
2.298311275e-04,-4.212454477e-04,-3.516038066e-04,-6.170912695e-03,-2.354683073e-02,-4.990979389e-02,-5.894357327e-02,-3.639156185e-02,-9.211031147e-03,
1.589580791e-01
l,2.0,-1.0
0.790,1.730,2.690,
1.049405388e-03,4.156865625e+00
2.330223098e-03,-1.896325345e-03,8.456337348e-04,3.241243175e-02,1.067526817e-01,2.598783553e-01,3.773503250e-01,2.741082461e-01,7.753737869e-02,
5.473887304e-04,-9.997463192e-04,-1.287923603e-03,-2.033271795e-02,-8.474107544e-02,-1.913504696e-01,-2.381984886e-01,-1.538842531e-01,-4.049223786e-02,
1.590202361e-01
l,2.0,0.0
0.830,1.730,2.630,
1.936903099e-03,4.208646213e+00
5.050636828e-03,-4.020394347e-03,1.899989941e-03,7.894920731e-02,2.666835302e-01,6.677487279e-01,1.014325902e+00,7.760565991e-01,2.315835759e-01,
1.304220986e-03,-2.376220785e-03,-3.132095589e-03,-5.045178647e-02,-2.198207801e-01,-5.223462158e-01,-6.888516202e-01,-4.734569481e-01,-1.329238014e-01,
1.590512770e-01
l,2.0,1.0
0.870,1.670,2.510,
3.997217072e-03,4.805664527e+00
1.179863978e-02,-7.109374777e-03,4.740253985e-03,2.793208502e-01,1.082824821e+00,2.770109776e+00,4.367528852e+00,3.589325750e+00,1.171460945e+00,
3.473952423e-03,-6.308765234e-03,-9.878535218e-03,-1.536483047e-01,-7.042893640e-01,-1.767266228e+00,-2.478025735e+00,-1.817645487e+00,-5.460908587e-01,
1.591133543e-01
l,2.0,2.0
0.910,1.630,2.390,
8.088003933e-03,5.043583167e+00
2.833094075e-02,-1.457229845e-02,1.479417477e-02,9.042475882e-01,3.720058102e+00,9.913880937e+00,1.684345953e+01,1.530799521e+01,5.587463040e+00,
9.323183723e-03,-1.706824341e-02,-3.935324815e-02,-6.275400250e-01,-3.279986138e+00,-9.247644460e+00,-1.445362572e+01,-1.176102302e+01,-3.902930267e+00,
1.591444837e-01
l,3.0,-3.0
1.250,2.310,3.390,
9.528479378e-06,5.187323472e+00
1.776782010e-04,-1.432703197e-04,-5.405125815e-05,1.316992153e-03,2.782667944e-03,5.035789132e-03,6.957015545e-03,4.970533608e-03,1.355975354e-03,
3.259267614e-05,-6.194164265e-05,-4.204416308e-05,-8.136748172e-04,-2.911536476e-03,-5.790043138e-03,-6.361316908e-03,-3.628254345e-03,-8.469831481e-04,
1.589581562e-01
l,3.0,-2.0
1.290,2.330,3.390,
1.656178169e-05,5.053695535e+00
3.599463962e-04,-2.656658376e-04,-1.328018223e-04,2.942189093e-03,6.569067009e-03,1.133048319e-02,1.509706465e-02,1.084304479e-02,3.027564146e-03,
6.948881897e-05,-1.320723714e-04,-9.768404670e-05,-1.811113740e-03,-6.576050220e-03,-1.326218922e-02,-1.481130577e-02,-8.592925232e-03,-2.040971099e-03,
1.589580791e-01
l,3.0,-1.0
1.330,2.370,3.410,
2.860733609e-05,5.048796453e+00
7.220839034e-04,-5.436031140e-04,-2.762577931e-04,5.899851561e-03,1.290346287e-02,2.214267574e-02,3.008476486e-02,2.204597371e-02,6.252893361e-03,
1.426903734e-04,-2.714901759e-04,-1.936832285e-04,-3.707344936e-03,-1.363397749e-02,-2.791967887e-02,-3.171985962e-02,-1.874268346e-02,-4.538179231e-03,
1.590202361e-01
l,3.0,0.0
1.370,2.370,3.390,
4.694257094e-05,5.293024450e+00
1.507389010e-03,-9.834144697e-04,-7.739174964e-04,1.357672114e-02,3.149196520e-02,5.066547790e-02,6.533587875e-02,4.811164354e-02,1.405755863e-02,
3.160923749e-04,-6.010913154e-04,-4.789740590e-04,-8.671776392e-03,-3.239677911e-02,-6.729763814e-02,-7.773877411e-02,-4.672191427e-02,-1.150767275e-02,
1.590202183e-01
l,3.0,1.0
1.390,2.370,3.370,
8.301082644e-05,5.337773881e+00
3.180851927e-03,-1.821022103e-03,-2.124224997e-03,3.020885753e-02,7.139935254e-02,1.053351403e-01,1.278941774e-01,9.473743620e-02,2.855840678e-02,
7.006089902e-04,-1.332182357e-03,-1.084608655e-03,-1.956595991e-02,-7.413739531e-02,-1.562863242e-01,-1.835937858e-01,-1.122516777e-01,-2.814011138e-02,
1.590512735e-01
l,3.0,2.0
1.430,2.370,3.330,
1.435556856e-04,5.553668666e+00
6.831462029e-03,-3.534807682e-03,-3.749468009e-03,8.848979723e-02,2.585923856e-01,4.557869991e-01,5.637540977e-01,4.013324218e-01,1.175417823e-01,
1.614474564e-03,-3.070278722e-03,-3.558276169e-03,-5.958672647e-02,-2.465473058e-01,-5.544957624e-01,-6.875312000e-01,-4.410002886e-01,-1.152005091e-01,
1.590823179e-01
l,3.0,3.0
1.470,2.350,3.250,
2.662340991e-04,5.658157428e+00
1.523348968e-02,-6.260213071e-03,-8.810083902e-03,2.440613503e-01,7.848761853e-01,1.441310188e+00,1.807244316e+00,1.322635115e+00,4.057779283e-01,
4.023821091e-03,-7.664252027e-03,-1.041266382e-02,-1.678692117e-01,-7.274364855e-01,-1.720778754e+00,-2.259825596e+00,-1.541270591e+00,-4.290294172e-01,
1.591133579e-01
l,4.0,-4.0
1.770,2.870,3.990,
1.134849835e-07,6.496821646e+00
2.815383050e-05,-1.918204520e-05,-1.922615479e-05,1.819910957e-04,3.447264249e-04,3.981941359e-04,4.252787383e-04,2.915756364e-04,8.035440927e-05,
4.820068833e-06,-9.373683896e-06,-3.794781712e-06,-9.557518833e-05,-3.130659994e-04,-5.860857589e-04,-6.104495045e-04,-3.304528426e-04,-7.373117638e-05,
1.589581811e-01
l,4.0,-3.0
1.810,2.910,4.030,
1.792824681e-07,6.560520751e+00
5.510588016e-05,-3.547248105e-05,-4.099212326e-05,3.668278460e-04,7.260293156e-04,8.050297698e-04,7.717920719e-04,4.960748638e-04,1.331764926e-04,
9.506417837e-06,-1.851111964e-05,-6.970535060e-06,-1.848129021e-04,-6.040995763e-04,-1.129644904e-03,-1.175040132e-03,-6.344598297e-04,-1.411828680e-04,
1.589581562e-01
l,4.0,-2.0
1.850,2.950,4.050,
3.936016188e-07,6.110922849e+00
1.083129973e-04,-6.620131923e-05,-7.476789203e-05,8.046228455e-04,1.741466356e-03,2.136994376e-03,2.086758634e-03,1.308324044e-03,3.460945828e-04,
1.949643451e-05,-3.798846552e-05,-2.559073216e-05,-4.989303229e-04,-1.753131318e-03,-3.421594568e-03,-3.679648061e-03,-2.044191313e-03,-4.640183339e-04,
1.589891256e-01
l,4.0,-1.0
1.890,2.990,4.090,
5.905432041e-07,6.311310298e+00
2.140493016e-04,-1.284189728e-04,-1.640786009e-04,1.526395190e-03,3.206245641e-03,3.640207631e-03,3.394269057e-03,2.147244702e-03,5.818361390e-04,
3.845471654e-05,-7.502364598e-05,-4.654539850e-05,-9.549426556e-04,-3.349070887e-03,-6.535427444e-03,-7.025672791e-03,-3.899381016e-03,-8.845069974e-04,
1.590202361e-01
l,4.0,0.0
1.930,3.010,4.110,
7.502858524e-07,6.783752258e+00
4.310731019e-04,-2.289275660e-04,-3.773190633e-04,3.185754277e-03,7.250496714e-03,8.388556400e-03,7.283685898e-03,4.261831814e-03,1.105876426e-03,
7.884820368e-05,-1.539342174e-04,-9.458634553e-05,-1.948639085e-03,-6.825734240e-03,-1.329467707e-02,-1.426174919e-02,-7.887704559e-03,-1.781727384e-03,
1.590202183e-01
l,4.0,1.0
1.970,3.030,4.110,
1.224307152e-06,6.893901744e+00
8.745610830e-04,-4.144485418e-04,-8.105515421e-04,6.763708186e-03,1.611186843e-02,1.859679178e-02,1.519822425e-02,8.388997254e-03,2.123511937e-03,
1.681188804e-04,-3.282664910e-04,-2.248823565e-04,-4.368288409e-03,-1.553831168e-02,-3.069973629e-02,-3.348953180e-02,-1.884926976e-02,-4.331610678e-03,
1.590202148e-01
l,4.0,2.0
2.010,3.050,4.110,
2.466956220e-06,6.726008652e+00
1.792373019e-03,-7.847827839e-04,-1.697583667e-03,1.496736154e-02,3.798095846e-02,4.724252880e-02,4.092867751e-02,2.327308654e-02,6.004254099e-03,
3.585859346e-04,-7.003990316e-04,-5.012264919e-04,-9.573004133e-03,-3.453711411e-02,-6.924015123e-02,-7.681373537e-02,-4.400579747e-02,-1.029607953e-02,
1.590513078e-01
l,4.0,3.0
2.050,3.070,4.110,
4.145188965e-06,6.852040749e+00
3.723629983e-03,-1.609891320e-03,-3.814674778e-03,3.191495235e-02,8.286774333e-02,1.048545444e-01,9.307625033e-02,5.466013296e-02,1.457431417e-02,
7.650910187e-04,-1.495439042e-03,-9.812880110e-04,-1.991704682e-02,-7.265207985e-02,-1.477408203e-01,-1.665468966e-01,-9.700213451e-02,-2.309653414e-02,
1.590823418e-01
l,4.0,4.0
2.090,3.070,4.070,
6.074714786e-06,7.195604343e+00
7.950154133e-03,-2.919093112e-03,-8.658724468e-03,7.586944994e-02,2.116033094e-01,2.797368188e-01,2.473798399e-01,1.419083286e-01,3.746454085e-02,
1.766212182e-03,-3.454036662e-03,-2.506972916e-03,-4.880882792e-02,-1.835113076e-01,-3.849130556e-01,-4.495729561e-01,-2.718238419e-01,-6.722458420e-02,
1.590822880e-01
l,5.0,-5.0
2.290,3.430,4.590,
1.559105687e-09,7.277377280e+00
4.302290108e-06,-2.347317762e-06,-4.243719170e-06,2.444088215e-05,4.865967915e-05,4.209977036e-05,2.776665409e-05,1.555772395e-05,4.295365154e-06,
6.967432806e-07,-1.377786835e-06,-4.390313796e-07,-1.308651002e-05,-4.134809215e-05,-7.488073685e-05,-7.500453798e-05,-3.873269679e-05,-8.224580126e-06,
1.589581543e-01
l,5.0,-4.0
2.350,3.490,4.630,
2.240002416e-09,7.436061990e+00
8.223189070e-06,-4.573759768e-06,-7.872428664e-06,4.703055206e-05,9.037933252e-05,7.039239042e-05,3.804836028e-05,1.941714277e-05,5.509972244e-06,
1.372366310e-06,-2.716394881e-06,-9.688209595e-07,-2.678890228e-05,-8.600453137e-05,-1.581082954e-04,-1.611678439e-04,-8.484472748e-05,-1.836467569e-05,
1.589581266e-01
l,5.0,-3.0
2.390,3.530,4.670,
3.351746224e-09,7.539260442e+00
1.595696995e-05,-8.074916323e-06,-1.616064283e-05,9.393390646e-05,1.990364089e-04,1.804104533e-04,1.118553960e-04,5.441037339e-05,1.375097205e-05,
2.702932968e-06,-5.355064420e-06,-1.987561776e-06,-5.326541858e-05,-1.708723927e-04,-3.134391358e-04,-3.188138102e-04,-1.672391653e-04,-3.602910684e-05,
1.589581016e-01
l,5.0,-2.0
2.450,3.570,4.710,
4.514721039e-09,7.785572617e+00
3.107386874e-05,-1.445252453e-05,-3.310128093e-05,1.816523012e-04,3.952422187e-04,3.467045814e-04,1.845762983e-04,7.423556172e-05,1.744257807e-05,
5.324197979e-06,-1.055805066e-05,-4.143217930e-06,-1.066142311e-04,-3.421176739e-04,-6.267590452e-04,-6.366772556e-04,-3.332035161e-04,-7.154179541e-05,
1.589891256e-01
l,5.0,-1.0
2.490,3.610,4.750,
6.788261676e-09,7.910323932e+00
6.078322986e-05,-2.646517637e-05,-6.659015310e-05,3.607171235e-04,8.192773035e-04,7.537160159e-04,4.122705908e-04,1.587765846e-04,3.454943437e-05,
1.048681117e-05,-2.081457904e-05,-8.288983351e-06,-2.113160466e-04,-6.785982157e-04,-1.243298458e-03,-1.262847276e-03,-6.602414512e-04,-1.415066232e-04,
1.590202361e-01
l,5.0,0.0
2.530,3.650,4.790,
1.093901080e-08,7.977948159e+00
1.195321020e-04,-5.018837297e-05,-1.361930789e-04,7.013153440e-04,1.617530417e-03,1.474051455e-03,7.621762722e-04,2.655526375e-04,5.396055074e-05,
2.064998221e-05,-4.102368941e-05,-1.491110990e-05,-4.063433028e-04,-1.301945458e-03,-2.383642457e-03,-2.418294372e-03,-1.261288506e-03,-2.696082178e-04,
1.590202183e-01
l,5.0,1.0
2.570,3.690,4.810,
1.767344655e-08,8.052727412e+00
2.365169930e-04,-9.825112412e-05,-2.655799259e-04,1.446596240e-03,3.393854735e-03,3.203168834e-03,1.736846660e-03,6.230136788e-04,1.244521569e-04,
4.230955859e-05,-8.409240676e-05,-3.453752328e-05,-8.688664522e-04,-2.829080928e-03,-5.256163189e-03,-5.425754756e-03,-2.884516420e-03,-6.285060579e-04,
1.590202148e-01
l,5.0,2.0
2.610,3.710,4.830,
3.216252333e-08,8.015136277e+00
4.755014961e-04,-1.661607189e-04,-5.433012909e-04,3.282461809e-03,9.012993736e-03,1.111487928e-02,8.604564181e-03,4.137896475e-03,9.158118639e-04,
8.668873093e-05,-1.723838567e-04,-7.087988669e-05,-1.778596485e-03,-5.787980151e-03,-1.073672869e-02,-1.106399827e-02,-5.859626254e-03,-1.269739055e-03,
1.590202492e-01
l,5.0,3.0
2.650,3.750,4.850,
3.681511497e-08,8.476436236e+00
9.562054765e-04,-3.626334068e-04,-1.048946646e-03,6.961957630e-03,1.866060838e-02,2.237548503e-02,1.654865241e-02,7.524979118e-03,1.579121098e-03,
1.776601362e-04,-3.534814615e-04,-2.165553122e-04,-4.511277396e-03,-1.574759425e-02,-3.057392300e-02,-3.266796787e-02,-1.791398067e-02,-3.999041750e-03,
1.590512771e-01
l,5.0,4.0
2.690,3.770,4.850,
7.324960108e-08,8.386610656e+00
1.959091984e-03,-6.816586620e-04,-2.193414779e-03,1.495541601e-02,4.131452804e-02,5.065003996e-02,3.781780563e-02,1.722629161e-02,3.631337950e-03,
3.788511486e-04,-7.539980462e-04,-4.776418087e-04,-9.821040557e-03,-3.476106130e-02,-6.847633035e-02,-7.441842740e-02,-4.154497478e-02,-9.443298962e-03,
1.590512779e-01
l,5.0,5.0
2.730,3.770,4.830,
1.712363567e-07,8.157627993e+00
4.094844218e-03,-1.030188458e-03,-4.771498680e-03,3.471004907e-02,1.078232412e-01,1.520672675e-01,1.310332204e-01,6.710695607e-02,1.537527706e-02,
8.411131611e-04,-1.674398620e-03,-1.207923704e-03,-2.314465707e-02,-8.326531833e-02,-1.663958145e-01,-1.839180013e-01,-1.044592211e-01,-2.413090724e-02,
1.590823201e-01
l,6.0,-6.0
2.850,4.010,5.170,
1.140065026e-11,8.642919988e+00
6.325792015e-07,-2.991791279e-07,-6.787025830e-07,3.531162893e-06,7.838153565e-06,7.138713430e-06,3.955049533e-06,1.553315317e-06,3.350169099e-07,
1.030389572e-07,-2.062743568e-07,-7.177689322e-08,-2.015054735e-06,-6.351017303e-06,-1.145902662e-05,-1.142906229e-05,-5.856875168e-06,-1.230474455e-06,
1.589581069e-01
l,6.0,-5.0
2.890,4.050,5.230,
1.935482064e-11,8.596642294e+00
1.212648954e-06,-4.878232642e-07,-1.413710839e-06,6.713623189e-06,1.664723990e-05,1.746834228e-05,1.136924182e-05,4.854879801e-06,1.021455288e-06,
1.947927943e-07,-3.903892515e-07,-1.169535166e-07,-3.646718097e-06,-1.130533567e-05,-2.007795867e-05,-1.964789066e-05,-9.830880846e-06,-2.011800114e-06,
1.589580997e-01
l,6.0,-4.0
2.950,4.110,5.290,
2.746143571e-11,8.727491950e+00
2.309710908e-06,-9.552007746e-07,-2.704314638e-06,1.260538157e-05,3.079037177e-05,3.135498967e-05,1.956159718e-05,8.073835765e-06,1.679911300e-06,
3.682748882e-07,-7.388680113e-07,-2.030416554e-07,-6.787824013e-06,-2.100578274e-05,-3.730350660e-05,-3.648531873e-05,-1.823927711e-05,-3.730603849e-06,
1.589891731e-01
l,6.0,-3.0
3.010,4.170,5.330,
3.827654156e-11,8.884514581e+00
4.414057912e-06,-1.902081403e-06,-5.007039398e-06,2.445173741e-05,5.782967972e-05,5.576250653e-05,3.156701619e-05,1.167074084e-05,2.273383951e-06,
7.245567241e-07,-1.454702983e-06,-4.709917170e-07,-1.398377776e-05,-4.398213012e-05,-7.925593435e-05,-7.890220498e-05,-4.026136494e-05,-8.409733925e-06,
1.589891481e-01
l,6.0,-2.0
3.050,4.210,5.370,
6.687104750e-11,8.843581160e+00
8.544198863e-06,-3.265438313e-06,-9.908091121e-06,4.880683795e-05,1.247468934e-04,1.345879136e-04,8.747592293e-05,3.576576339e-05,7.085846702e-06,
1.425438206e-06,-2.863867469e-06,-1.011175551e-06,-2.811745502e-05,-8.864936675e-05,-1.597643214e-04,-1.590920307e-04,-8.110513215e-05,-1.689487927e-05,
1.589891256e-01
l,6.0,-1.0
3.090,4.250,5.410,
8.126500041e-11,9.140443084e+00
1.659659029e-05,-5.693045578e-06,-2.002372758e-05,9.178923783e-05,2.369415521e-04,2.430544210e-04,1.370025144e-04,4.428933451e-05,6.809023350e-06,
2.804147208e-06,-5.637721345e-06,-2.077209721e-06,-5.592587990e-05,-1.764380352e-04,-3.177501103e-04,-3.162031379e-04,-1.609071755e-04,-3.340874169e-05,
1.589891653e-01
l,6.0,0.0
3.150,4.310,5.470,
1.370260552e-10,9.146544296e+00
3.212174124e-05,-1.268314391e-05,-3.849700736e-05,1.751188339e-04,4.317653705e-04,4.211912069e-04,2.277248331e-04,7.393981250e-05,1.228524981e-05,
5.299527810e-06,-1.066544714e-05,-3.120860850e-06,-1.003855917e-04,-3.150382776e-04,-5.672116374e-04,-5.637289822e-04,-2.864616895e-04,-5.950916344e-05,
1.590202183e-01
l,6.0,1.0
3.190,4.330,5.490,
1.932387604e-10,9.320939993e+00
6.347065209e-05,-1.885932656e-05,-8.018472631e-05,3.492601421e-04,9.557197880e-04,1.037635936e-03,6.224995204e-04,2.129668789e-04,3.383296855e-05,
1.085230391e-05,-2.184794208e-05,-8.011989247e-06,-2.164526548e-04,-6.820292146e-04,-1.226115510e-03,-1.217596276e-03,-6.170770837e-04,-1.273802465e-04,
1.590202148e-01
l,6.0,2.0
3.230,4.370,5.530,
3.955881579e-10,9.179126319e+00
1.251292997e-04,-3.662982796e-05,-1.601836624e-04,7.047083394e-04,2.006556168e-03,2.358561908e-03,1.624633855e-03,6.707911604e-04,1.292541157e-04,
2.134559127e-05,-4.300178810e-05,-1.408976138e-05,-4.143824351e-04,-1.302298085e-03,-2.339799833e-03,-2.320701747e-03,-1.173104041e-03,-2.414686920e-04,
1.590202492e-01
l,6.0,3.0
3.270,4.410,5.550,
5.496342888e-10,9.382131850e+00
2.482500859e-04,-7.422317328e-05,-3.128484822e-04,1.443665551e-03,4.062262744e-03,4.703314791e-03,3.150703416e-03,1.253268990e-03,2.330017750e-04,
4.371031484e-05,-8.808757738e-05,-3.258656794e-05,-8.827013428e-04,-2.819353537e-03,-5.141984346e-03,-5.192711924e-03,-2.679778501e-03,-5.635702706e-04,
1.590202184e-01
l,6.0,4.0
3.310,4.430,5.570,
8.551894390e-10,9.502933634e+00
4.993340117e-04,-1.198621496e-04,-6.612326852e-04,2.885041781e-03,8.607996040e-03,1.039683613e-02,7.161067216e-03,2.866338333e-03,5.264314910e-04,
8.950875911e-05,-1.804513095e-04,-6.681945364e-05,-1.806381413e-03,-5.769679359e-03,-1.051318039e-02,-1.060505906e-02,-5.454965695e-03,-1.140975992e-03,
1.590202192e-01
l,6.0,5.0
3.350,4.470,5.590,
1.326351777e-09,9.634685319e+00
1.006655977e-03,-2.807072239e-04,-1.319228803e-03,6.003459435e-03,1.726583611e-02,2.001722255e-02,1.310369183e-02,4.984439411e-03,8.819728447e-04,
1.833367688e-04,-3.697703933e-04,-1.345901371e-04,-3.724584950e-03,-1.205234202e-02,-2.228944044e-02,-2.286856099e-02,-1.199303632e-02,-2.563076079e-03,
1.590512554e-01
l,6.0,6.0
3.390,4.490,5.590,
3.221651752e-09,9.407746008e+00
2.062536078e-03,-5.148283240e-04,-2.534469736e-03,1.489582577e-02,4.669746510e-02,6.423208009e-02,5.251071896e-02,2.497057213e-02,5.266339584e-03,
3.909457048e-04,-7.886955246e-04,-4.728083567e-04,-1.004318086e-02,-3.497158748e-02,-6.775389723e-02,-7.221507755e-02,-3.933260373e-02,-8.687524733e-03,
1.590512955e-01
l,7.0,-7.0
3.390,4.570,5.770,
6.096655104e-14,1.007259611e+01
9.197245276e-08,-3.011720733e-08,-1.175040585e-07,4.495437521e-07,1.155508548e-06,1.095862584e-06,5.050906295e-07,1.014256289e-07,3.839653181e-09,
1.445005491e-08,-2.921829447e-08,-7.976956326e-09,-2.669096538e-07,-8.137015400e-07,-1.421749019e-06,-1.363724282e-06,-6.646080425e-07,-1.318892210e-07,
1.589580688e-01
l,7.0,-6.0
3.450,4.630,5.830,
7.201723062e-14,1.031087589e+01
1.737569022e-07,-5.622000871e-08,-2.254488645e-07,8.343438378e-07,2.168886167e-06,2.073468799e-06,9.669906860e-07,1.994392393e-07,8.892482610e-09,
2.728491054e-08,-5.521929149e-08,-1.399201738e-08,-4.966040734e-07,-1.509499842e-06,-2.632820281e-06,-2.519895459e-06,-1.224033808e-06,-2.419967868e-07,
1.589580796e-01
l,7.0,-5.0
3.510,4.690,5.870,
1.255520050e-13,1.024333323e+01
3.291939095e-07,-1.061609181e-07,-4.080516723e-07,1.712195951e-06,4.587514523e-06,4.875466538e-06,2.858631629e-06,9.515054593e-07,1.460420230e-07,
5.364395420e-08,-1.086275148e-07,-3.632627317e-08,-1.047299882e-06,-3.247966101e-06,-5.758246854e-06,-5.623429490e-06,-2.797397274e-06,-5.665203004e-07,
1.589580997e-01
l,7.0,-4.0
3.570,4.750,5.930,
2.379463339e-13,1.012492985e+01
6.255477842e-07,-2.081613489e-07,-7.726584492e-07,3.285171715e-06,8.882177147e-06,9.751546064e-06,6.119930257e-06,2.264365358e-06,3.928627107e-07,
1.012936797e-07,-2.052914928e-07,-6.544456808e-08,-1.959887519e-06,-6.068837973e-06,-1.075453101e-05,-1.049423802e-05,-5.214737752e-06,-1.055188107e-06,
1.589891011e-01
l,7.0,-3.0
3.610,4.790,5.990,
2.812389737e-13,1.039145990e+01
1.200760039e-06,-3.300907583e-07,-1.599947378e-06,5.742484912e-06,1.615626184e-05,1.725226201e-05,9.765691021e-06,2.954599507e-06,3.835492857e-07,
1.912118545e-07,-3.878513211e-07,-1.027135315e-07,-3.523959968e-06,-1.071846650e-05,-1.868141811e-05,-1.786325570e-05,-8.648393954e-06,-1.699204029e-06,
1.589891144e-01
l,7.0,-2.0
3.670,4.850,6.030,
4.765351073e-13,1.037214121e+01
2.297231958e-06,-6.842783331e-07,-2.922388586e-06,1.177502026e-05,3.281320982e-05,3.625914660e-05,2.222439343e-05,7.723438038e-06,1.222538324e-06,
3.758665107e-07,-7.628185250e-07,-2.434450970e-07,-7.285485840e-06,-2.256063741e-05,-3.996157832e-05,-3.897353760e-05,-1.932533824e-05,-3.895226530e-06,
1.589891256e-01
l,7.0,-1.0
3.710,4.890,6.090,
8.547016638e-13,1.033038921e+01
4.439470104e-06,-1.135274263e-06,-5.978216574e-06,2.132344201e-05,6.210088265e-05,6.948048881e-05,4.221179641e-05,1.414749933e-05,2.101536655e-06,
7.095431374e-07,-1.441172796e-06,-3.801628223e-07,-1.310934824e-05,-3.988550425e-05,-6.952690424e-05,-6.646932706e-05,-3.213751437e-05,-6.298356968e-06,
1.590201668e-01
l,7.0,0.0
3.770,4.950,6.130,
1.209677300e-12,1.046412721e+01
8.558172340e-06,-2.538483679e-06,-1.106197712e-05,4.319883223e-05,1.207894736e-04,1.320546105e-04,7.877378138e-05,2.611960625e-05,3.883980473e-06,
1.394604183e-06,-2.834115754e-06,-8.363058334e-07,-2.664236492e-05,-8.234138239e-05,-1.457750394e-04,-1.420062036e-04,-7.025590917e-05,-1.412442895e-05,
1.590201812e-01
l,7.0,1.0
3.810,4.990,6.170,
2.617693046e-12,1.029383549e+01
1.667354081e-05,-4.503183936e-06,-2.186851651e-05,8.470389267e-05,2.467880972e-04,2.851407899e-04,1.842242121e-04,6.767634648e-05,1.124196793e-05,
2.740974355e-06,-5.573117317e-06,-1.675945136e-06,-5.258658850e-05,-1.625593328e-04,-2.876428110e-04,-2.800629530e-04,-1.383441685e-04,-2.773417482e-05,
1.590202148e-01
l,7.0,2.0
3.850,5.030,6.210,
4.103025512e-12,1.036478655e+01
3.262770042e-05,-8.263168554e-06,-4.346075429e-05,1.662399824e-04,4.991067177e-04,5.987762228e-04,4.069425316e-04,1.585433274e-04,2.786609513e-05,
5.386927300e-06,-1.095868647e-05,-3.199254584e-06,-1.026870857e-04,-3.170802960e-04,-5.605806209e-04,-5.452020546e-04,-2.687116060e-04,-5.369974380e-05,
1.590201837e-01
l,7.0,3.0
3.890,5.070,6.250,
4.646630767e-12,1.068354421e+01
6.415556709e-05,-1.582695869e-05,-8.730082947e-05,3.191251080e-04,9.608439552e-04,1.132804291e-03,7.432227673e-04,2.754796061e-04,4.583070383e-05,
1.058669582e-05,-2.154766511e-05,-5.775102955e-06,-1.983432712e-04,-6.111007027e-04,-1.079478575e-03,-1.048375442e-03,-5.152788286e-04,-1.026264755e-04,
1.590201878e-01
l,7.0,4.0
3.930,5.090,6.270,
1.053352886e-11,1.050572987e+01
1.274803071e-04,-2.159943747e-05,-1.779278235e-04,6.376027529e-04,2.093513627e-03,2.709679899e-03,1.980903035e-03,8.203118638e-04,1.504949023e-04,
2.166954484e-05,-4.411676381e-05,-1.391459215e-05,-4.201401225e-04,-1.299821356e-03,-2.296511394e-03,-2.232473247e-03,-1.096654012e-03,-2.175269898e-04,
1.590201904e-01
l,7.0,5.0
3.970,5.130,6.290,
1.356886096e-11,1.074811961e+01
2.537030086e-04,-4.669443821e-05,-3.483610596e-04,1.315662757e-03,4.196211712e-03,5.250124086e-03,3.647847448e-03,1.415719786e-03,2.422751206e-04,
4.435470974e-05,-9.032591107e-05,-3.198189552e-05,-8.922096218e-04,-2.805561222e-03,-5.033653385e-03,-4.985217629e-03,-2.503820193e-03,-5.087683709e-04,
1.590201968e-01
l,7.0,6.0
4.010,5.150,6.310,
2.984963720e-11,1.060655669e+01
5.106221070e-04,-6.713199595e-05,-7.233891649e-04,2.672064899e-03,9.166866257e-03,1.245130248e-02,9.574198691e-03,4.157686618e-03,7.944545467e-04,
9.078947552e-05,-1.849426860e-04,-6.515313586e-05,-1.822024435e-03,-5.727330445e-03,-1.026485803e-02,-1.015324944e-02,-5.081414215e-03,-1.026244117e-03,
1.590201989e-01
l,7.0,7.0
4.050,5.190,6.330,
4.007530369e-11,1.083137709e+01
1.032122993e-03,-1.815343689e-04,-1.447225799e-03,5.665646118e-03,1.866901496e-02,2.455359568e-02,1.827891133e-02,7.717077656e-03,1.444647073e-03,
1.858799742e-04,-3.787782624e-04,-1.308309749e-04,-3.752638039e-03,-1.194630628e-02,-2.172488338e-02,-2.184997173e-02,-1.115040903e-02,-2.302835483e-03,
1.590512717e-01
l,8.0,-8.0
3.970,5.150,6.350,
3.763426313e-16,1.120044216e+01
1.303773978e-08,-3.286883813e-09,-1.716724259e-08,6.362375163e-08,1.888197050e-07,2.229590153e-07,1.488387516e-07,5.692529992e-08,9.835806687e-09,
2.087943705e-09,-4.254915021e-09,-1.358626480e-09,-4.033242178e-08,-1.229474991e-07,-2.141444154e-07,-2.047853381e-07,-9.917081976e-08,-1.945925533e-08,
1.589580982e-01
l,8.0,-7.0
4.030,5.230,6.430,
2.097167895e-15,1.030877103e+01
2.438727975e-08,-7.848537180e-09,-3.044137588e-08,1.295673139e-07,3.807151807e-07,4.833439999e-07,3.710170222e-07,1.684466551e-07,3.408375247e-08,
3.782095526e-09,-7.714751792e-09,-1.880224770e-09,-6.955020497e-08,-2.115314075e-07,-3.697215654e-07,-3.543125621e-07,-1.720436257e-07,-3.394878488e-08,
1.589890572e-01
l,8.0,-6.0
4.090,5.270,6.470,
2.588226577e-15,1.051681348e+01
4.630927108e-08,-1.108748932e-08,-6.015486306e-08,2.362321973e-07,7.342823577e-07,9.464442758e-07,7.136048136e-07,3.116995832e-07,6.056249429e-08,
7.431124756e-09,-1.516521878e-08,-4.849094650e-09,-1.443022140e-07,-4.409022036e-07,-7.696242702e-07,-7.374971528e-07,-3.576631429e-07,-7.021817653e-08,
1.589890989e-01
l,8.0,-5.0
4.150,5.330,6.530,
4.400428879e-15,1.050128291e+01
8.762602022e-08,-2.127590872e-08,-1.143683776e-07,4.400997621e-07,1.357593476e-06,1.717137107e-06,1.260250433e-06,5.348082894e-07,1.013728154e-07,
1.401597849e-08,-2.862329790e-08,-8.627049689e-09,-2.690204326e-07,-8.214337533e-07,-1.434567524e-06,-1.374907733e-06,-6.665391927e-07,-1.307958591e-07,
1.589891463e-01
l,8.0,-4.0
4.190,5.390,6.590,
6.320553727e-15,1.058586608e+01
1.662573936e-07,-4.202057131e-08,-2.159608979e-07,8.547361267e-07,2.677480152e-06,3.517808061e-06,2.719159096e-06,1.213875816e-06,2.389097349e-07,
2.643355860e-08,-5.401921848e-08,-1.488929978e-08,-4.983975290e-07,-1.518639800e-06,-2.651198785e-06,-2.538747871e-06,-1.228887807e-06,-2.408092558e-07,
1.589890412e-01
l,8.0,-3.0
4.250,5.450,6.650,
6.713927320e-15,1.090533650e+01
3.163320059e-07,-8.530846613e-08,-4.177076859e-07,1.544522495e-06,4.669150561e-06,5.726228280e-06,4.052440779e-06,1.659520672e-06,3.051633102e-07,
4.984850631e-08,-1.019379010e-07,-2.465041012e-08,-9.168816050e-07,-2.783541350e-06,-4.853330585e-06,-4.638568245e-06,-2.239242027e-06,-4.377682903e-07,
1.589890469e-01
l,8.0,-2.0
4.290,5.490,6.690,
1.162151857e-14,1.087793644e+01
6.071683174e-07,-1.290403281e-07,-8.032467621e-07,3.043511686e-06,9.828697665e-06,1.303247431e-05,9.999381116e-06,4.377227096e-06,8.410947818e-07,
9.794221557e-08,-2.003753930e-07,-6.221256476e-08,-1.898184503e-06,-5.797150018e-06,-1.011790499e-05,-9.689923609e-06,-4.687189394e-06,-9.159474497e-07,
1.590200380e-01
l,8.0,-1.0
4.350,5.550,6.750,
1.742476820e-14,1.096279192e+01
1.162802960e-06,-2.846755114e-07,-1.552824890e-06,5.699805256e-06,1.794794629e-05,2.310699383e-05,1.727266731e-05,7.434222630e-06,1.418200853e-06,
1.846388862e-07,-3.779894109e-07,-9.131296817e-08,-3.400537700e-06,-1.032502961e-05,-1.799944974e-05,-1.719873818e-05,-8.289271442e-06,-1.615248356e-06,
1.589890267e-01
l,8.0,0.0
4.390,5.590,6.790,
1.654571624e-14,1.136217725e+01
2.246247959e-06,-4.554727616e-07,-3.060679347e-06,1.055672184e-05,3.378106171e-05,4.249751876e-05,3.004907759e-05,1.196714580e-05,2.102403952e-06,
3.627460728e-07,-7.429239581e-07,-2.157028928e-07,-6.933044125e-06,-2.112241627e-05,-3.681521858e-05,-3.519603347e-05,-1.696991752e-05,-3.301951485e-06,
1.590200882e-01
l,8.0,1.0
4.430,5.630,6.830,
1.705812385e-14,1.171100470e+01
4.353289114e-06,-7.351137258e-07,-6.086511171e-06,1.916738119e-05,6.170880713e-05,7.402063488e-05,4.738856177e-05,1.618835633e-05,2.329441711e-06,
7.124958523e-07,-1.459845833e-06,-4.564914966e-07,-1.383757254e-05,-4.221151725e-05,-7.353549911e-05,-7.029284918e-05,-3.386244585e-05,-6.571673458e-06,
1.590200579e-01
l,8.0,2.0
4.490,5.670,6.870,
3.808342258e-14,1.153611538e+01
8.469351997e-06,-1.214962465e-06,-1.183942137e-05,3.827304744e-05,1.287828508e-04,1.658725726e-04,1.181396804e-04,4.663430055e-05,8.024438424e-06,
1.399417824e-06,-2.868487764e-06,-9.300329864e-07,-2.742969220e-05,-8.382155894e-05,-1.461373402e-04,-1.398388596e-04,-6.739891872e-05,-1.307067439e-05,
1.590201020e-01
l,8.0,3.0
4.530,5.710,6.910,
9.436582759e-14,1.130505514e+01
1.654829066e-05,-2.097330510e-06,-2.326002839e-05,7.583480269e-05,2.629642821e-04,3.527499136e-04,2.648217146e-04,1.109718887e-04,2.027315851e-05,
2.748513144e-06,-5.636149134e-06,-1.814827937e-06,-5.380757874e-05,-1.644673071e-04,-2.867594829e-04,-2.743874066e-04,-1.321347784e-04,-2.557924894e-05,
1.590200804e-01
l,8.0,4.0
4.570,5.750,6.950,
1.207071759e-13,1.151138231e+01
3.247343921e-05,-3.854558435e-06,-4.633137045e-05,1.468390197e-04,5.180070017e-04,7.036845976e-04,5.354942636e-04,2.275183351e-04,4.209680916e-05,
5.398016314e-06,-1.107379097e-05,-3.399685862e-06,-1.045419076e-04,-3.189337398e-04,-5.554558675e-04,-5.306335760e-04,-2.547803983e-04,-4.912716076e-05,
1.590200609e-01
l,8.0,5.0
4.610,5.790,6.990,
1.217487820e-13,1.188203063e+01
6.404102896e-05,-7.801016682e-06,-9.335597627e-05,2.782079432e-04,9.760827322e-04,1.287263906e-03,9.380913434e-04,3.790744768e-04,6.673771966e-05,
1.060125268e-05,-2.175683662e-05,-5.922216573e-06,-2.001784298e-04,-6.086193006e-04,-1.058519148e-03,-1.009089341e-03,-4.827007469e-04,-9.266198320e-05,
1.590200483e-01
l,8.0,6.0
4.650,5.830,7.010,
2.425261844e-13,1.181762962e+01
1.270169014e-04,-1.675449684e-05,-1.801194951e-04,5.921924718e-04,2.036494179e-03,2.687172505e-03,1.964517192e-03,7.960776016e-04,1.403573317e-04,
2.169197313e-05,-4.452752925e-05,-1.458007920e-05,-4.303565974e-04,-1.332347779e-03,-2.354877043e-03,-2.290332038e-03,-1.123061153e-03,-2.215764097e-04,
1.590200975e-01
l,8.0,7.0
4.690,5.850,7.030,
3.661017118e-13,1.193700769e+01
2.542124130e-04,-1.864288102e-05,-3.704795936e-04,1.148628532e-03,4.180749033e-03,5.716802103e-03,4.301934038e-03,1.782434571e-03,3.193407055e-04,
4.438560318e-05,-9.113116505e-05,-3.188629530e-05,-8.938131212e-04,-2.772197395e-03,-4.898678733e-03,-4.765369134e-03,-2.333692603e-03,-4.585788977e-04,
1.590200823e-01
l,8.0,8.0
4.730,5.890,7.050,
6.422690356e-13,1.196284082e+01
5.109062186e-04,-5.504040311e-05,-7.314412512e-04,2.503399375e-03,8.880224926e-03,1.219523685e-02,9.336544021e-03,3.972762208e-03,7.347163167e-04,
9.082197904e-05,-1.865178003e-04,-6.682974759e-05,-1.856180746e-03,-5.834233004e-03,-1.045802927e-02,-1.034674094e-02,-5.169916370e-03,-1.039513378e-03,
1.590201164e-01
l,9.0,-9.0
4.550,5.750,6.950,
6.170835129e-18,1.163788572e+01
1.815730011e-09,-4.660281039e-10,-2.389591446e-09,8.633603856e-09,2.589359538e-08,3.076061006e-08,2.052158305e-08,7.756383179e-09,1.309422711e-09,
2.871521888e-10,-5.890768963e-10,-1.678039476e-10,-5.484258232e-09,-1.670066462e-08,-2.913977689e-08,-2.789390107e-08,-1.349727843e-08,-2.643022515e-09,
1.589578569e-01
l,9.0,-8.0
4.610,5.810,7.010,
3.145784500e-18,1.240098395e+01
3.407750970e-09,-8.304670083e-10,-4.626487823e-09,1.464236492e-08,4.178791784e-08,4.165537322e-08,1.857267334e-08,2.320447736e-09,-4.762786742e-10,
5.413646483e-10,-1.111246470e-09,-3.344264649e-10,-1.046347620e-08,-3.184328345e-08,-5.546286607e-08,-5.300373465e-08,-2.559584022e-08,-4.998298438e-09,
1.589888659e-01
l,9.0,-7.0
4.650,5.850,7.070,
3.878602719e-17,1.105584397e+01
6.441752021e-09,-1.026813508e-09,-8.804794493e-09,3.085693386e-08,1.081848017e-07,1.550971434e-07,1.287250642e-07,6.019159019e-08,1.213081018e-08,
1.020355513e-09,-2.095695022e-09,-6.020901477e-10,-1.937834393e-08,-5.824431640e-08,-1.000461975e-07,-9.399000968e-08,-4.435325229e-08,-8.415137841e-09,
1.589888538e-01
l,9.0,-6.0
4.710,5.910,7.130,
2.185081389e-17,1.175998110e+01
1.214404044e-08,-1.912002015e-09,-1.703719655e-08,5.272608848e-08,1.784422215e-07,2.326985043e-07,1.701535305e-07,6.972925349e-08,1.250951754e-08,
1.923011050e-09,-3.951936467e-09,-1.097613143e-09,-3.628572789e-08,-1.089294175e-07,-1.869933211e-07,-1.755311733e-07,-8.270439761e-08,-1.565813216e-08,
1.589888127e-01
l,9.0,-5.0
4.770,5.970,7.190,
1.226998034e-17,1.245689237e+01
2.295366919e-08,-3.705177987e-09,-3.288143368e-08,9.087559579e-08,2.936349686e-07,3.364094395e-07,1.959983530e-07,5.624339859e-08,5.803398390e-09,
3.623944260e-09,-7.451727251e-09,-1.952705901e-09,-6.765057045e-08,-2.028006795e-07,-3.480182056e-07,-3.264773027e-07,-1.536284059e-07,-2.904129431e-08,
1.589888522e-01
l,9.0,-4.0
4.830,6.030,7.250,
1.109339936e-17,1.283927553e+01
4.350476956e-08,-7.458447302e-09,-6.285792054e-08,1.654660699e-07,5.192965893e-07,5.492421342e-07,2.659178699e-07,4.414201603e-08,-3.555787057e-09,
6.828898371e-09,-1.404976721e-08,-3.371922742e-09,-1.255286599e-07,-3.756491542e-07,-6.445126164e-07,-6.042227711e-07,-2.839648466e-07,-5.361573389e-08,
1.589887653e-01
l,9.0,-3.0
4.870,6.090,7.310,
3.057798958e-17,1.250605565e+01
8.268597895e-08,-1.545784564e-08,-1.171138292e-07,3.425218177e-07,1.109613856e-06,1.333361245e-06,8.636045650e-07,3.031630399e-07,4.571405531e-08,
1.286989107e-08,-2.649306876e-08,-6.067348232e-09,-2.351877460e-07,-7.032531900e-07,-1.206817898e-06,-1.131065643e-06,-5.314690706e-07,-1.004042500e-07,
1.590197350e-01
l,9.0,-2.0
4.930,6.130,7.350,
5.469400424e-17,1.246992000e+01
1.582168068e-07,-2.034574878e-08,-2.271599725e-07,6.316057451e-07,2.156659244e-06,2.676256968e-06,1.772449265e-06,6.275557399e-07,9.377838065e-08,
2.526815277e-08,-5.203408616e-08,-1.483647206e-08,-4.814165824e-07,-1.446825890e-06,-2.484664218e-06,-2.333402392e-06,-1.098442408e-06,-2.073326123e-07,
1.590197424e-01
l,9.0,-1.0
4.970,6.190,7.410,
6.761209730e-17,1.265007321e+01
3.024908040e-07,-4.759375193e-08,-4.322193566e-07,1.249127317e-06,4.244439487e-06,5.408346631e-06,3.791629161e-06,1.468140263e-06,2.470836083e-07,
4.760628022e-08,-9.808689080e-08,-2.369916764e-08,-8.790722005e-07,-2.631138516e-06,-4.514070715e-06,-4.230558674e-06,-1.985557225e-06,-3.739052517e-07,
1.590196023e-01
l,9.0,0.0
5.030,6.230,7.450,
2.687737745e-16,1.212869250e+01
5.822191156e-07,-6.539271605e-08,-8.325196403e-07,2.431563667e-06,8.750772829e-06,1.196277840e-05,9.138194694e-06,3.883040053e-06,7.152452074e-07,
9.346108564e-08,-1.926328107e-07,-5.445839334e-08,-1.779940572e-06,-5.349729510e-06,-9.187721246e-06,-8.628448871e-06,-4.057672139e-06,-7.640657964e-07,
1.590195494e-01
l,9.0,1.0
5.070,6.290,7.510,
1.903577595e-16,1.266757290e+01
1.120415959e-06,-1.735119728e-07,-1.613283371e-06,4.614714849e-06,1.594934932e-05,2.076591511e-05,1.499759835e-05,6.018303500e-06,1.051477937e-06,
1.760654025e-07,-3.630775555e-07,-8.028727895e-08,-3.204123231e-06,-9.569417407e-06,-1.640386395e-05,-1.535253695e-05,-7.185618215e-06,-1.348162031e-06,
1.590194303e-01
l,9.0,2.0
5.110,6.330,7.550,
5.246492314e-16,1.238719325e+01
2.171012056e-06,-2.679382572e-07,-3.145766270e-06,8.824981200e-06,3.154063439e-05,4.219134972e-05,3.126227929e-05,1.282074004e-05,2.276539598e-06,
3.456286882e-07,-7.129905464e-07,-1.751920567e-07,-6.412435912e-06,-1.920551197e-05,-3.294992273e-05,-3.088039391e-05,-1.446792582e-05,-2.712742461e-06,
1.590194478e-01
l,9.0,3.0
5.150,6.370,7.590,
7.662683742e-16,1.249888179e+01
4.220543815e-06,-4.222536595e-07,-6.178540513e-06,1.650934077e-05,5.973403587e-05,7.890384180e-05,5.686074355e-05,2.242627865e-05,3.809019943e-06,
6.784735332e-07,-1.400083557e-06,-3.616979227e-07,-1.271957799e-05,-3.817056958e-05,-6.554552872e-05,-6.151449637e-05,-2.885260919e-05,-5.409463987e-06,
1.590192825e-01
l,9.0,4.0
5.210,6.410,7.630,
6.217169510e-16,1.296582475e+01
8.238542250e-06,-6.942114926e-07,-1.224710917e-05,3.096806362e-05,1.130808534e-04,1.464291942e-04,1.013630987e-04,3.770223908e-05,5.954953868e-06,
1.331816126e-06,-2.749228898e-06,-7.088608144e-07,-2.494758110e-05,-7.484363349e-05,-1.284457986e-04,-1.204767047e-04,-5.643225231e-05,-1.055552331e-05,
1.590191829e-01
l,9.0,5.0
5.250,6.450,7.670,
1.400133388e-15,1.281678228e+01
1.614645043e-05,-1.223095915e-06,-2.416608298e-05,6.117831684e-05,2.293320389e-04,3.083164259e-04,2.253031863e-04,8.991449485e-05,1.543199913e-05,
2.614232816e-06,-5.398276828e-06,-1.344913563e-06,-4.865068046e-05,-1.457716510e-04,-2.499689952e-04,-2.341637952e-04,-1.094123522e-04,-2.039230550e-05,
1.590192111e-01
l,9.0,6.0
5.290,6.490,7.710,
3.358155252e-15,1.263287399e+01
3.178331099e-05,-2.430545945e-06,-4.768169819e-05,1.242382259e-04,4.762971685e-04,6.709106180e-04,5.242132751e-04,2.265774943e-04,4.224362272e-05,
5.131361252e-06,-1.059953125e-05,-2.397949047e-06,-9.390855332e-05,-2.807749689e-04,-4.811585010e-04,-4.501219311e-04,-2.097225624e-04,-3.894261336e-05,
1.590191348e-01
l,9.0,7.0
5.330,6.530,7.730,
4.337730870e-15,1.283288973e+01
6.286713324e-05,-5.214052866e-06,-9.189025878e-05,2.616163281e-04,9.735710366e-04,1.351615646e-03,1.037237735e-03,4.387603400e-04,7.997963180e-05,
1.049678514e-05,-2.168617384e-05,-6.352850074e-06,-2.037193949e-04,-6.209425943e-04,-1.081654629e-03,-1.033318704e-03,-4.945547665e-04,-9.466783891e-05,
1.590190246e-01
l,9.0,8.0
5.370,6.570,7.770,
4.041809417e-15,1.323357505e+01
1.250143978e-04,-1.301804258e-05,-1.878104641e-04,4.936525180e-04,1.793545700e-03,2.347048077e-03,1.659397305e-03,6.376317418e-04,1.051790692e-04,
2.060297802e-05,-4.257948003e-05,-9.875488319e-06,-3.819961236e-04,-1.157017542e-03,-2.010562071e-03,-1.913195498e-03,-9.099242485e-04,-1.730154446e-04,
1.590190239e-01
l,9.0,9.0
5.410,6.590,7.790,
1.140711672e-14,1.297532908e+01
2.506549063e-04,-1.303034136e-05,-3.819146097e-04,9.918052687e-04,3.863015524e-03,5.444031312e-03,4.213041440e-03,1.793230557e-03,3.289764658e-04,
4.214547415e-05,-8.711616136e-05,-2.176422024e-05,-7.918633136e-04,-2.404704382e-03,-4.181570869e-03,-3.983523689e-03,-1.894072491e-03,-3.590354906e-04,
1.590190096e-01
