l,1.0,-1.0
0.250,1.130,2.030,
2.702848906e-02,2.740679640e+00
2.512800973e-03,-3.390400748e-03,3.169387880e-03,2.320863815e-02,5.834271348e-02,9.893327663e-02,3.212855284e-02,-5.109576892e-02,-2.811049532e-02,
4.967772553e-04,-1.029970115e-03,-1.018443045e-03,-1.994202084e-02,-8.611599371e-02,-2.052255620e-01,-2.709667153e-01,-1.867177422e-01,-5.252520247e-02,
1.586625390e-01
l,1.0,0.0
0.290,0.730,1.190,
2.452383996e-01,3.465893281e+00
1.796795987e-02,-5.939240463e-03,1.450150103e-01,3.566736130e+00,2.759742337e+01,1.274931099e+02,3.329669174e+02,4.475184172e+02,2.416230038e+02,
9.427248360e-03,-1.743248705e-02,-1.225385184e-01,-2.646285522e+00,-2.325870230e+01,-1.088930381e+02,-2.820946673e+02,-3.808132392e+02,-2.092647688e+02,
1.591436239e-01
l,1.0,1.0
0.370,0.630,0.950,
8.556159672e+00,5.050334244e+00
1.747222990e-01,-4.106323069e-01,3.364426058e+00,1.201577210e+02,1.441255095e+03,1.250935226e+04,6.088764820e+04,1.453356807e+05,1.340812122e+05,
6.916993334e-02,-1.854768299e-01,-2.153999528e+00,-7.146175835e+01,-9.079834947e+02,-6.176019895e+03,-2.311511105e+04,-4.501119987e+04,-3.568261968e+04,
1.591435734e-01
l,2.0,-2.0
0.570,1.530,2.510,
7.272923740e-04,4.288033771e+00
3.125614894e-04,-4.094177216e-04,2.243644659e-04,3.126987653e-03,9.927827666e-03,2.655614907e-02,3.561714707e-02,2.155050662e-02,4.789292562e-03,
5.008168479e-05,-1.083707033e-04,-5.739390942e-05,-1.483885482e-03,-5.619544593e-03,-1.212938664e-02,-1.457521702e-02,-9.176827548e-03,-2.375788168e-03,
1.586006011e-01
l,2.0,-1.0
0.630,1.510,2.410,
1.599671602e-03,4.246439940e+00
1.153448946e-03,-1.348600170e-03,6.755119879e-04,1.657787389e-02,5.770937355e-02,1.643342796e-01,2.576289282e-01,1.923303366e-01,5.486705609e-02,
2.228703124e-04,-4.788405410e-04,-4.373690871e-04,-9.090275505e-03,-3.901290873e-02,-9.284046676e-02,-1.224540236e-01,-8.421820256e-02,-2.370014223e-02,
1.588789164e-01
l,2.0,0.0
0.670,1.530,2.390,
4.858668375e-03,4.506396393e+00
4.118280020e-03,-5.130304070e-03,3.308371483e-03,6.781119746e-02,2.541593975e-01,7.769833420e-01,1.277992902e+00,9.929357987e-01,2.936872525e-01,
8.337243370e-04,-1.791823919e-03,-1.656130870e-03,-3.525497699e-02,-1.563339490e-01,-3.863008056e-01,-5.310983422e-01,-3.820358354e-01,-1.127003905e-01,
1.588168930e-01
l,2.0,1.0
0.730,1.330,1.950,
2.046737755e-02,5.075575455e+00
2.207620069e-02,-1.460562311e-02,3.462713356e-02,1.352288183e+00,7.044165765e+00,2.371332731e+01,4.868018623e+01,5.230272438e+01,2.243819048e+01,
7.702272000e-03,-1.627281428e-02,-5.083041182e-02,-9.623711672e-01,-6.225630130e+00,-2.161935161e+01,-4.153611848e+01,-4.151762093e+01,-1.690321819e+01,
1.591444462e-01
l,2.0,2.0
0.790,1.230,1.690,
1.536124061e-01,6.566970617e+00
1.627769023e-01,-2.275820079e-01,3.965955557e-01,2.240605648e+01,1.190259423e+02,4.948142961e+02,1.526254394e+03,2.522484182e+03,1.622588576e+03,
5.459873841e-02,-1.359693341e-01,-6.576979763e-01,-1.644908589e+01,-1.421058425e+02,-6.647885353e+02,-1.719141255e+03,-2.317977786e+03,-1.277082181e+03,
1.591435825e-01
l,3.0,-3.0
0.930,1.910,2.930,
1.081276765e-05,5.044270757e+00
3.867354826e-05,-4.669917175e-05,6.548555200e-06,3.682842757e-04,1.022224463e-03,2.817954768e-03,4.458102811e-03,3.297570802e-03,9.183121934e-04,
5.570261202e-06,-1.236986117e-05,-4.780017188e-06,-1.549249460e-04,-5.643161771e-04,-1.180579941e-03,-1.368133314e-03,-8.280095592e-04,-2.065041292e-04,
1.586625577e-01
l,3.0,-2.0
0.990,1.950,2.930,
2.180557862e-05,4.934043430e+00
1.238092955e-04,-1.312347995e-04,-1.747094042e-05,1.312994079e-03,3.350403418e-03,8.050971940e-03,1.291269066e-02,1.012208709e-02,3.002964083e-03,
1.995410103e-05,-4.431358816e-05,-2.022632597e-05,-5.901730163e-04,-2.222295894e-03,-4.794476090e-03,-5.758898810e-03,-3.614724927e-03,-9.358927286e-04,
1.587858267e-01
l,3.0,-1.0
1.050,2.010,2.970,
4.994395696e-05,5.009789605e+00
3.906424099e-04,-4.052780754e-04,-7.269395521e-05,4.318888132e-03,1.071442308e-02,2.443464643e-02,3.906181487e-02,3.103590739e-02,9.344651011e-03,
6.535256987e-05,-1.454498370e-04,-1.149910535e-04,-2.566707580e-03,-1.044160963e-02,-2.356368672e-02,-2.925018791e-02,-1.882185513e-02,-4.951124439e-03,
1.587858414e-01
l,3.0,0.0
1.110,2.030,2.970,
1.300967478e-04,5.131496614e+00
1.333576045e-03,-1.293319898e-03,-5.027532087e-04,1.583909042e-02,3.974146412e-02,8.716764026e-02,1.424607847e-01,1.189332334e-01,3.780614267e-02,
2.341872778e-04,-5.214259181e-04,-4.080116919e-04,-9.254380910e-03,-3.818355566e-02,-8.755377004e-02,-1.106906914e-01,-7.260395278e-02,-1.949072330e-02,
1.589100044e-01
l,3.0,1.0
1.170,2.030,2.910,
3.537690588e-04,5.862305932e+00
4.897347186e-03,-4.732307494e-03,-1.756984984e-03,6.740069201e-02,1.702374943e-01,3.755124519e-01,6.459270759e-01,5.741408600e-01,1.940377358e-01,
9.592039190e-04,-2.132919500e-03,-1.921050039e-03,-4.157770451e-02,-1.802258205e-01,-4.355879215e-01,-5.845217411e-01,-4.088026371e-01,-1.173181117e-01,
1.588960741e-01
l,3.0,2.0
1.210,1.910,2.650,
1.154488431e-03,6.435927994e+00
2.287706919e-02,-1.345936865e-02,-1.742645974e-02,6.318624326e-01,2.313099398e+00,5.166674567e+00,8.356185413e+00,7.899258075e+00,3.076172407e+00,
6.172288384e-03,-1.371544358e-02,-2.179162152e-02,-4.262319767e-01,-2.237624586e+00,-6.425836830e+00,-1.025424510e+01,-8.513642249e+00,-2.889745221e+00,
1.591444554e-01
l,3.0,3.0
1.250,1.810,2.390,
4.751923595e-03,7.159350249e+00
1.450649947e-01,-1.135175287e-01,-2.180481853e-01,8.423883226e+00,3.062338672e+01,4.729414199e+01,5.135889405e+01,5.418753924e+01,3.179239023e+01,
4.249927696e-02,-1.032654825e-01,-2.614615774e-01,-5.832912877e+00,-3.876483362e+01,-1.415259411e+02,-2.870364129e+02,-3.037538702e+02,-1.319279823e+02,
1.591435804e-01
l,4.0,-4.0
1.290,2.290,3.310,
1.575314598e-07,6.216542815e+00
4.591543075e-06,-4.829371155e-06,-2.178666799e-06,3.223958017e-05,4.086036536e-05,6.977320725e-05,1.500286302e-04,1.406136461e-04,4.526229216e-05,
6.642050737e-07,-1.501004795e-06,-6.568227991e-07,-1.971361547e-05,-7.191640353e-05,-1.505362526e-04,-1.744943450e-04,-1.053886137e-04,-2.624444471e-05,
1.586926350e-01
l,4.0,-3.0
1.390,2.390,3.390,
2.534968750e-07,6.717138739e+00
1.323384004e-05,-1.364267420e-05,-8.823118978e-06,8.463526193e-05,7.110612798e-05,2.801900769e-05,1.454082670e-04,1.867263310e-04,6.712819476e-05,
1.985220922e-06,-4.500470455e-06,-1.574608723e-06,-5.623454122e-05,-2.059561389e-04,-4.352579214e-04,-5.102209286e-04,-3.116105802e-04,-7.860321796e-05,
1.588168731e-01
l,4.0,-2.0
1.470,2.450,3.450,
8.452543158e-07,5.440234817e+00
4.012207137e-05,-3.607135235e-05,-3.294843469e-05,3.098646024e-04,4.537203996e-04,4.263934766e-04,7.577503001e-04,8.070633646e-04,2.950313959e-04,
6.202453251e-06,-1.409282315e-05,-6.170527651e-06,-1.864148594e-04,-6.857304038e-04,-1.447917776e-03,-1.696694049e-03,-1.034141085e-03,-2.600519451e-04,
1.588478767e-01
l,4.0,-1.0
1.530,2.510,3.510,
1.450091865e-06,6.185048819e+00
1.239169069e-04,-1.033142591e-04,-1.200966661e-04,9.426489972e-04,1.215689368e-03,7.594803602e-05,-1.503999912e-04,3.963430879e-04,2.611280017e-04,
1.937285912e-05,-4.411493962e-05,-1.857856796e-05,-5.778183423e-04,-2.122262307e-03,-4.474831683e-03,-5.234483572e-03,-3.180134564e-03,-7.970310344e-04,
1.588789164e-01
l,4.0,0.0
1.590,2.570,3.550,
3.056223755e-06,6.582267039e+00
3.930635867e-04,-3.351555803e-04,-3.708151229e-04,3.123814305e-03,4.166005961e-03,5.779840969e-04,-3.173808773e-04,1.229193018e-03,7.846101734e-04,
6.330657253e-05,-1.443744641e-04,-6.197968785e-05,-1.922702315e-03,-7.165617014e-03,-1.534581469e-02,-1.827005595e-02,-1.131185575e-02,-2.891077370e-03,
1.588789551e-01
l,4.0,1.0
1.630,2.590,3.550,
8.651765921e-06,6.550278907e+00
1.341955038e-03,-1.073540318e-03,-1.185822568e-03,1.452699673e-02,3.262279606e-02,4.311635694e-02,5.065179331e-02,3.895543898e-02,1.227894006e-02,
2.267071304e-04,-5.171875307e-04,-3.793050292e-04,-8.967136715e-03,-3.622648357e-02,-8.139767197e-02,-1.005148746e-01,-6.410319767e-02,-1.671387975e-02,
1.589099539e-01
l,4.0,2.0
1.670,2.590,3.510,
2.507141225e-05,6.725835090e+00
4.931394011e-03,-3.956250732e-03,-4.790066299e-03,5.775687878e-02,1.275005410e-01,1.592741852e-01,1.931608734e-01,1.634499994e-01,5.638336096e-02,
8.902362625e-04,-2.030762907e-03,-1.448101526e-03,-3.561303567e-02,-1.480850751e-01,-3.440923737e-01,-4.414073318e-01,-2.932722811e-01,-7.985313748e-02,
1.589581581e-01
l,4.0,3.0
1.710,2.510,3.310,
7.571440065e-05,7.119263160e+00
2.160513960e-02,-1.264297932e-02,-2.198993116e-02,4.703885129e-01,1.622213942e+00,3.065797462e+00,4.012609937e+00,3.164774694e+00,1.064570694e+00,
5.061116603e-03,-1.156195896e-02,-1.569201744e-02,-3.204396703e-01,-1.585988014e+00,-4.275490150e+00,-6.350103791e+00,-4.874280819e+00,-1.523905121e+00,
1.591133582e-01
l,4.0,4.0
1.750,2.390,3.050,
4.619298553e-05,1.075813750e+01
1.247321963e-01,-4.647927959e-02,-1.891052607e-01,5.737832309e+00,2.391502030e+01,3.927600473e+01,2.319919597e+01,-9.560166016e+00,-1.291787542e+01,
3.447830238e-02,-8.330219042e-02,-2.194886850e-01,-4.455025427e+00,-2.721965426e+01,-8.949965853e+01,-1.614341659e+02,-1.502598522e+02,-5.685857107e+01,
1.591444219e-01
l,5.0,-5.0
1.670,2.690,3.730,
1.195308888e-09,8.252032334e+00
5.144985948e-07,-4.813323926e-07,-5.443350862e-07,1.912052046e-06,-5.048320237e-06,-2.319589604e-05,-3.105540574e-05,-1.918543525e-05,-4.726663905e-06,
7.130987848e-08,-1.635753633e-07,-5.064137646e-08,-1.981419026e-06,-7.063867110e-06,-1.454820446e-05,-1.652775389e-05,-9.741327165e-06,-2.369930329e-06,
1.587235619e-01
l,5.0,-4.0
1.790,2.790,3.810,
5.412594332e-09,6.553641858e+00
1.447548016e-06,-1.249215483e-06,-1.572392703e-06,9.420207059e-06,1.078281998e-05,-1.245943127e-06,-3.528991870e-07,7.086926491e-06,3.952660207e-06,
2.125691309e-07,-4.888020187e-07,-1.853788724e-07,-6.219844612e-06,-2.236820010e-05,-4.629162247e-05,-5.295565645e-05,-3.139462151e-05,-7.676970058e-06,
1.588478690e-01
l,5.0,-3.0
1.910,2.890,3.910,
6.738542687e-09,7.312688440e+00
4.115237971e-06,-3.454271787e-06,-4.394065142e-06,3.413462310e-05,7.621510162e-05,1.150843966e-04,1.595175426e-04,1.306237913e-04,4.164630952e-05,
6.043568908e-07,-1.393774531e-06,-4.252340911e-07,-1.683156256e-05,-5.987821532e-05,-1.230661387e-04,-1.396775563e-04,-8.199671260e-05,-1.986911363e-05,
1.588479102e-01
l,5.0,-2.0
1.950,2.970,3.990,
3.539668137e-09,9.426148329e+00
1.209106995e-05,-9.286845448e-06,-1.387203739e-05,8.130413534e-05,7.479556152e-05,-1.778308895e-04,-3.745582173e-04,-2.703321479e-04,-7.250106349e-05,
1.798392982e-06,-4.156704319e-06,-1.323829108e-06,-5.109832007e-05,-1.837403111e-04,-3.812691035e-04,-4.371526635e-04,-2.590995182e-04,-6.331214935e-05,
1.588478767e-01
l,5.0,-1.0
2.050,3.030,4.050,
3.898035182e-08,7.104108464e+00
3.676916094e-05,-2.498448984e-05,-4.262979109e-05,3.330506900e-04,7.897164328e-04,9.544209120e-04,9.478930431e-04,6.733837294e-04,2.101088989e-04,
5.604037926e-06,-1.297374993e-05,-5.070966558e-06,-1.664421753e-04,-5.976854345e-04,-1.232643021e-03,-1.404680517e-03,-8.257353603e-04,-1.997317398e-04,
1.588789164e-01
l,5.0,0.0
2.090,3.090,4.110,
1.242456747e-07,6.788495939e+00
1.144619964e-04,-7.578627243e-05,-1.443011099e-04,9.911267874e-04,2.295938426e-03,2.428868341e-03,1.994320419e-03,1.302257330e-03,4.045644053e-04,
1.745934053e-05,-4.048336580e-05,-1.507715745e-05,-5.131608141e-04,-1.835827811e-03,-3.774890569e-03,-4.286369187e-03,-2.507659896e-03,-6.035582774e-04,
1.589100044e-01
l,5.0,1.0
2.130,3.130,4.150,
1.962536935e-07,7.504539281e+00
3.721945977e-04,-2.339772920e-04,-5.041795182e-04,3.088346850e-03,6.811794466e-03,5.669266341e-03,2.937333693e-03,1.603867082e-03,5.675280908e-04,
5.695868494e-05,-1.322136636e-04,-4.474398064e-05,-1.644360133e-03,-5.884815496e-03,-1.212373349e-02,-1.378666915e-02,-8.068753499e-03,-1.942697022e-03,
1.589099539e-01
l,5.0,2.0
2.170,3.150,4.150,
3.094552719e-07,8.318123814e+00
1.276014023e-03,-7.664910468e-04,-1.836987421e-03,1.112056664e-02,2.575997419e-02,2.187919485e-02,9.595945184e-03,3.420767692e-03,1.039504080e-03,
2.039433371e-04,-4.735138790e-04,-1.705075177e-04,-6.021318663e-03,-2.185595161e-02,-4.564169683e-02,-5.272623415e-02,-3.136311335e-02,-7.674878754e-03,
1.589271176e-01
l,5.0,3.0
2.210,3.150,4.090,
1.249231051e-06,8.053673827e+00
4.691858776e-03,-2.793357908e-03,-5.889961136e-03,5.620955079e-02,1.548239013e-01,2.023103840e-01,1.809734285e-01,1.088110106e-01,3.055680619e-02,
8.399636358e-04,-1.949365968e-03,-1.528884467e-03,-3.531640158e-02,-1.444508017e-01,-3.288050537e-01,-4.120560712e-01,-2.660341390e-01,-7.012580078e-02,
1.589581015e-01
l,5.0,4.0
2.230,3.090,3.950,
2.913181699e-06,8.638824553e+00
1.979295909e-02,-9.016830814e-03,-3.215515367e-02,2.913401183e-01,9.275473926e-01,1.299256013e+00,1.143141347e+00,6.625970601e-01,1.885064424e-01,
4.181862862e-03,-9.726379196e-03,-7.618342778e-03,-1.837643138e-01,-7.992852121e-01,-1.947967665e+00,-2.638796074e+00,-1.847623979e+00,-5.294933440e-01,
1.590822561e-01
l,5.0,5.0
2.270,2.990,3.730,
5.878845508e-06,9.623478539e+00
1.046705022e-01,-3.222445388e-02,-2.283639793e-01,2.919910361e+00,1.250767783e+01,2.343580344e+01,2.570654122e+01,1.665599315e+01,4.968165391e+00,
2.575145359e-02,-6.193243879e-02,-8.309028411e-02,-1.832237346e+00,-9.443254516e+00,-2.689919118e+01,-4.242193064e+01,-3.455822994e+01,-1.150393686e+01,
1.591444523e-01
l,6.0,-6.0
2.070,3.090,4.130,
1.407114874e-11,8.875930195e+00
5.603583020e-08,-4.423894893e-08,-7.815610838e-08,1.837496796e-07,-5.896260027e-07,-3.010853897e-06,-4.444876698e-06,-2.961010074e-06,-7.659994952e-07,
7.919468224e-09,-1.837183818e-08,-6.975549041e-09,-2.350348840e-07,-8.400112646e-07,-1.727039529e-06,-1.957070500e-06,-1.146202240e-06,-2.764541552e-07,
1.587855978e-01
l,6.0,-5.0
2.210,3.210,4.250,
6.378879795e-11,7.613454611e+00
1.522609949e-07,-1.161627247e-07,-1.673729413e-07,1.087410074e-06,1.378654829e-06,-6.756990946e-07,-1.861466130e-06,-8.970328594e-07,-7.684609684e-08,
2.145821553e-08,-4.992616438e-08,-1.316097745e-08,-5.881536663e-07,-2.070809254e-06,-4.231690435e-06,-4.770178456e-06,-2.778191944e-06,-6.682428356e-07,
1.588478557e-01
l,6.0,-4.0
2.330,3.290,4.330,
3.147465665e-11,9.226527536e+00
4.311903865e-07,-2.663831360e-07,-5.541973989e-07,4.641749312e-06,1.599239987e-05,3.120600118e-05,4.008269426e-05,2.858458401e-05,8.281121434e-06,
6.375098477e-08,-1.486045887e-07,-5.607833306e-08,-1.878192185e-06,-6.609232097e-06,-1.332595045e-05,-1.476834747e-05,-8.391504585e-06,-1.955569570e-06,
1.588478690e-01
l,6.0,-3.0
2.410,3.390,4.430,
9.103151368e-11,8.809392254e+00
1.219942988e-06,-7.244105395e-07,-1.524903091e-06,1.332517210e-05,4.478798106e-05,8.230513601e-05,9.922321547e-05,6.754005108e-05,1.893682106e-05,
1.807295151e-07,-4.222257200e-07,-1.513273189e-07,-5.267230060e-06,-1.845567326e-05,-3.710805619e-05,-4.101464030e-05,-2.322037776e-05,-5.391082344e-06,
1.588789352e-01
l,6.0,-2.0
2.450,3.490,4.530,
7.864727717e-11,9.867840273e+00
3.511082014e-06,-2.184794367e-06,-4.863503119e-06,2.637879993e-05,5.329566146e-05,1.985675239e-05,-3.326669799e-05,-3.787072665e-05,-1.186484909e-05,
5.119936063e-07,-1.198686749e-06,-3.344680844e-07,-1.422696576e-05,-4.963413939e-05,-9.997804735e-05,-1.107203230e-04,-6.283352909e-05,-1.465103503e-05,
1.588789016e-01
l,6.0,-1.0
2.530,3.570,4.610,
1.057438472e-09,7.908643692e+00
1.043269003e-05,-6.392003662e-06,-1.490062795e-05,7.865145593e-05,1.887577683e-04,1.930595161e-04,1.432168187e-04,8.635534886e-05,2.603333420e-05,
1.519662068e-06,-3.563681396e-06,-1.014109393e-06,-4.274433582e-05,-1.500754422e-04,-3.042211490e-04,-3.390944199e-04,-1.936916717e-04,-4.542322261e-05,
1.589099656e-01
l,6.0,0.0
2.590,3.630,4.670,
4.008913649e-09,7.479227075e+00
3.205475878e-05,-1.815953068e-05,-4.639874892e-05,2.456086756e-04,6.063988696e-04,6.092280504e-04,4.008173499e-04,2.127803379e-04,6.220117234e-05,
4.725112173e-06,-1.109383839e-05,-3.406007715e-06,-1.349149261e-04,-4.737822807e-04,-9.592631111e-04,-1.068323528e-03,-6.091421235e-04,-1.424380760e-04,
1.589100044e-01
l,6.0,1.0
2.650,3.670,4.710,
1.155760400e-08,7.420460385e+00
1.020968994e-04,-5.037430372e-05,-1.556815401e-04,8.400317260e-04,2.447394102e-03,3.198106986e-03,2.763660966e-03,1.568939621e-03,4.161938815e-04,
1.539650911e-05,-3.617720041e-05,-1.298168635e-05,-4.540864307e-04,-1.596288809e-03,-3.220852391e-03,-3.572926633e-03,-2.024190608e-03,-4.688841919e-04,
1.589099539e-01
l,6.0,2.0
2.690,3.710,4.750,
1.013633631e-08,8.617609404e+00
3.350056941e-04,-1.663866179e-04,-5.198136000e-04,2.794440261e-03,8.115347888e-03,1.031776541e-02,8.414081748e-03,4.468012113e-03,1.123905216e-03,
5.016225693e-05,-1.179619130e-04,-3.321103967e-05,-1.406585706e-03,-4.909456506e-03,-9.878348574e-03,-1.091542522e-02,-6.149472131e-03,-1.417594479e-03,
1.588960832e-01
l,6.0,3.0
2.730,3.730,4.750,
7.195975406e-09,1.008183787e+01
1.155214966e-03,-5.634989855e-04,-1.882378685e-03,9.056820574e-03,2.354788874e-02,2.072777663e-02,5.769174739e-03,-1.946152359e-03,-1.135310695e-03,
1.796148477e-04,-4.224624320e-04,-1.322297631e-04,-5.200969158e-03,-1.848575373e-02,-3.785542784e-02,-4.270187565e-02,-2.461332193e-02,-5.809409527e-03,
1.589271156e-01
l,6.0,4.0
2.750,3.730,4.710,
5.496401003e-08,9.264603877e+00
4.250031896e-03,-2.113073378e-03,-7.008807533e-03,3.824148415e-02,1.051717126e-01,1.109889673e-01,6.323048594e-02,2.294612175e-02,5.025128425e-03,
7.069234389e-04,-1.662731873e-03,-5.427318387e-04,-2.109093843e-02,-7.735582572e-02,-1.637058637e-01,-1.918134261e-01,-1.152434276e-01,-2.841171407e-02,
1.589580701e-01
l,6.0,5.0
2.770,3.670,4.570,
1.305460951e-07,9.719420942e+00
1.761236042e-02,-5.697425362e-03,-2.988106394e-02,2.389043786e-01,8.581892656e-01,1.350519483e+00,1.261262425e+00,6.942501332e-01,1.728701404e-01,
3.530836261e-03,-8.317192955e-03,-6.731576964e-03,-1.565152716e-01,-6.582738497e-01,-1.544220436e+00,-2.002962445e+00,-1.334505662e+00,-3.620201744e-01,
1.590823410e-01
l,6.0,6.0
2.810,3.590,4.370,
1.725427172e-07,1.089225305e+01
8.733910322e-02,-2.137025529e-02,-1.611661390e-01,2.144747651e+00,9.389822215e+00,1.854808447e+01,2.134097850e+01,1.389318647e+01,3.934701061e+00,
2.068092444e-02,-4.982686427e-02,-7.114748561e-02,-1.476856620e+00,-7.372703563e+00,-2.016683811e+01,-3.040986583e+01,-2.359786786e+01,-7.445243019e+00,
1.591444301e-01
l,7.0,-7.0
2.470,3.510,4.550,
1.680904621e-12,6.991657046e+00
5.868216135e-09,-4.161451130e-09,-6.247400258e-09,4.458874151e-08,5.135460663e-08,-7.912786529e-08,-1.961100221e-07,-1.455115676e-07,-3.802312817e-08,
8.310754285e-10,-1.946530578e-09,-6.100193966e-10,-2.364823572e-08,-8.279595575e-08,-1.679876076e-07,-1.881485441e-07,-1.088037091e-07,-2.598472038e-08,
1.587857981e-01
l,7.0,-6.0
2.590,3.630,4.670,
8.775049144e-16,1.560659612e+01
1.576304065e-08,-1.091669735e-08,-2.160266722e-08,1.199254451e-07,2.216516956e-07,-5.935199312e-09,-3.561695041e-07,-3.699905689e-07,-1.235694730e-07,
2.245970790e-09,-5.273158188e-09,-1.492107341e-09,-6.269927870e-08,-2.168011854e-07,-4.323804383e-07,-4.729061748e-07,-2.648522400e-07,-6.098472532e-08,
1.588478660e-01
l,7.0,-5.0
2.690,3.730,4.770,
7.582177208e-14,1.151888061e+01
4.336623149e-08,-2.526842531e-08,-5.846346051e-08,3.407095891e-07,6.630032416e-07,2.917515584e-08,-9.586851947e-07,-9.719958884e-07,-3.087599133e-07,
6.356700484e-09,-1.495299004e-08,-5.115116311e-09,-1.849180090e-07,-6.439771733e-07,-1.290905788e-06,-1.423235774e-06,-8.036031614e-07,-1.862371425e-07,
1.588788807e-01
l,7.0,-4.0
2.790,3.830,4.890,
1.583933645e-11,6.905411065e+00
1.207873055e-07,-6.273660294e-08,-1.661237452e-07,9.373571360e-07,2.075255164e-06,1.163311061e-06,-5.733937309e-07,-8.458909363e-07,-2.433616159e-07,
1.715519209e-08,-4.044274923e-08,-1.098445550e-08,-4.808523848e-07,-1.669438483e-06,-3.343340675e-06,-3.669986634e-06,-2.057008485e-06,-4.725345922e-07,
1.589099432e-01
l,7.0,-3.0
2.930,3.930,4.990,
4.632794318e-12,8.809587527e+00
3.414340028e-07,-1.741444963e-07,-5.001693599e-07,2.532814706e-06,6.391950827e-06,6.552653326e-06,4.677409074e-06,2.888736572e-06,9.495189322e-07,
4.849855056e-08,-1.145323515e-07,-2.852954922e-08,-1.341137327e-06,-4.646262766e-06,-9.305500387e-06,-1.021606113e-05,-5.721350018e-06,-1.312487072e-06,
1.589099844e-01
l,7.0,-2.0
2.990,4.010,5.070,
9.428033643e-12,8.900530114e+00
9.914003840e-07,-4.609192942e-07,-1.593492438e-06,8.329149646e-06,2.798629331e-05,4.376335274e-05,4.344533700e-05,2.556758957e-05,6.541503438e-06,
1.436911132e-07,-3.397899415e-07,-9.421447823e-08,-3.999468339e-06,-1.365098272e-05,-2.682556776e-05,-2.881956380e-05,-1.569021854e-05,-3.479525171e-06,
1.589099509e-01
l,7.0,-1.0
3.070,4.090,5.150,
4.410217513e-11,8.299383711e+00
2.928909907e-06,-1.280387980e-06,-4.548201256e-06,2.174182222e-05,6.252531098e-05,7.564642076e-05,5.934707555e-05,3.256625575e-05,8.936728833e-06,
4.256215747e-07,-1.007782335e-06,-2.965992534e-07,-1.212970191e-05,-4.198029533e-05,-8.367173290e-05,-9.139133048e-05,-5.075710678e-05,-1.150074552e-05,
1.589099656e-01
l,7.0,0.0
3.130,4.170,5.230,
8.462344632e-11,8.543544519e+00
8.822703421e-06,-4.307851572e-06,-1.403954413e-05,6.976535365e-05,2.193938061e-04,3.115461261e-04,2.825886873e-04,1.575896296e-04,3.946048599e-05,
1.260413074e-06,-2.988139810e-06,-6.677733891e-07,-3.408353401e-05,-1.161649495e-04,-2.289203480e-04,-2.465381060e-04,-1.345482516e-04,-2.994774864e-05,
1.589100044e-01
l,7.0,1.0
3.170,4.210,5.270,
4.038173551e-11,1.003357579e+01
2.767877049e-05,-1.043342936e-05,-4.496199460e-05,2.041543073e-04,6.125324655e-04,6.894435997e-04,3.758887389e-04,8.351848043e-05,4.173422741e-07,
4.102846849e-06,-9.732864558e-06,-3.182868352e-06,-1.191798238e-04,-4.112253268e-04,-8.144511043e-04,-8.833415449e-04,-4.855104382e-04,-1.084531468e-04,
1.588960741e-01
l,7.0,2.0
3.230,4.270,5.330,
2.559802019e-10,9.308637388e+00
8.819565846e-05,-3.878522800e-05,-1.412576772e-04,7.039274585e-04,2.258453981e-03,3.202403940e-03,2.836673123e-03,1.531726328e-03,3.731155945e-04,
1.273771237e-05,-3.024422398e-05,-7.194823096e-06,-3.494342532e-04,-1.195240374e-03,-2.360946860e-03,-2.549225788e-03,-1.393561431e-03,-3.102493240e-04,
1.589099631e-01
l,7.0,3.0
3.250,4.290,5.350,
1.947814865e-10,1.045851774e+01
2.946810855e-04,-1.084917200e-04,-5.119043133e-04,2.120613927e-03,6.849828014e-03,8.879956164e-03,6.675558559e-03,2.989998352e-03,6.239698315e-04,
4.348440743e-05,-1.032832142e-04,-2.841632724e-05,-1.223230445e-03,-4.197486475e-03,-8.293376706e-03,-8.961190585e-03,-4.895007140e-03,-1.086101998e-03,
1.589271156e-01
l,7.0,4.0
3.270,4.310,5.350,
1.117318203e-09,9.957548886e+00
1.021996024e-03,-3.858263231e-04,-1.755106557e-03,7.782521979e-03,2.425316438e-02,2.939056992e-02,1.949772309e-02,7.388862531e-03,1.326659433e-03,
1.556974426e-04,-3.698617926e-04,-1.112004363e-04,-4.501372871e-03,-1.570421550e-02,-3.154264376e-02,-3.475672302e-02,-1.941985360e-02,-4.415643887e-03,
1.589581247e-01
l,7.0,5.0
3.310,4.310,5.310,
1.984662768e-09,1.050920714e+01
3.762230976e-03,-1.474017206e-03,-6.503680151e-03,3.222248629e-02,1.017277534e-01,1.283934080e-01,9.154947576e-02,3.867078344e-02,7.853204611e-03,
6.132739179e-04,-1.456832299e-03,-4.933684881e-04,-1.854785742e-02,-6.687077061e-02,-1.388218811e-01,-1.590217484e-01,-9.280167294e-02,-2.209339920e-02,
1.589891272e-01
l,7.0,6.0
3.330,4.250,5.190,
5.231269686e-09,1.081516386e+01
1.535676979e-02,-3.140706204e-03,-2.770275259e-02,1.817343733e-01,7.161292854e-01,1.203283534e+00,1.168965515e+00,6.447619339e-01,1.557938492e-01,
2.927131723e-03,-6.961800781e-03,-5.283927790e-03,-1.255254654e-01,-5.105394949e-01,-1.154905609e+00,-1.436414877e+00,-9.112323693e-01,-2.340445204e-01,
1.590512542e-01
l,7.0,7.0
3.350,4.170,5.010,
9.458552254e-09,1.154237785e+01
7.287731767e-02,-4.652647518e-03,-1.481738074e-01,1.393585750e+00,6.675332433e+00,1.391155056e+01,1.653824172e+01,1.086076816e+01,3.039827659e+00,
1.631966917e-02,-3.940875820e-02,-3.575186285e-02,-8.191878235e-01,-3.604778236e+00,-8.895266394e+00,-1.219642519e+01,-8.567588750e+00,-2.444281518e+00,
1.591444488e-01
l,8.0,-8.0
2.950,3.930,4.990,
7.202135246e-16,1.105166653e+01
6.050636103e-10,-4.074185345e-10,-8.640798760e-10,6.613376491e-09,2.447362151e-08,4.871115213e-08,6.039778970e-08,4.081505201e-08,1.122419629e-08,
8.251435617e-11,-1.948627847e-10,-3.982413310e-11,-2.161096961e-09,-7.204263522e-09,-1.389234219e-08,-1.456915791e-08,-7.742917651e-09,-1.684531389e-09,
1.588478964e-01
l,8.0,-7.0
2.990,4.030,5.090,
9.232875452e-20,1.980281106e+01
1.627724955e-09,-8.144735349e-10,-2.469424394e-09,1.315112624e-08,3.035152691e-08,6.682000799e-09,-4.472718620e-08,-5.334800915e-08,-1.881781388e-08,
2.331779547e-10,-5.515823037e-10,-1.683426443e-10,-6.616393501e-09,-2.255631301e-08,-4.413190595e-08,-4.712859919e-08,-2.551933463e-08,-5.635201987e-09,
1.588478480e-01
l,8.0,-6.0
3.190,4.170,5.210,
3.952180225e-15,1.055773916e+01
4.325079850e-09,-2.370837021e-09,-5.700768644e-09,3.330971815e-08,8.093449096e-08,9.468178537e-08,1.002277508e-07,8.227266005e-08,2.888163170e-08,
6.284425872e-10,-1.489424289e-09,-4.889355453e-10,-1.858803194e-08,-6.578104486e-08,-1.346852755e-07,-1.520979253e-07,-8.816532410e-08,-2.097841267e-08,
1.589099402e-01
l,8.0,-5.0
3.250,4.250,5.330,
8.264969950e-15,1.049042808e+01
1.201745015e-08,-4.916936732e-09,-1.986900564e-08,1.243736750e-07,5.186447254e-07,1.034467473e-06,1.227279223e-06,7.934630231e-07,2.112517842e-07,
1.692168149e-09,-4.017792259e-09,-8.647759967e-10,-4.462377380e-08,-1.471651753e-07,-2.795823601e-07,-2.880605829e-07,-1.485611070e-07,-3.095290402e-08,
1.589099299e-01
l,8.0,-4.0
3.310,4.370,5.430,
1.113297920e-17,1.666076800e+01
3.317234842e-08,-1.507540351e-08,-6.670745001e-08,1.046697992e-07,5.197685416e-08,-8.388527022e-07,-1.740055590e-06,-1.376783150e-06,-3.980953100e-07,
4.775925389e-09,-1.135619997e-08,-2.948320017e-09,-1.327432861e-07,-4.528677795e-07,-8.923741357e-07,-9.618473504e-07,-5.250310328e-07,-1.166637210e-07,
1.589099432e-01
l,8.0,-3.0
3.430,4.470,5.530,
3.496992068e-13,8.694353073e+00
9.375644083e-08,-4.297801390e-08,-1.681415772e-07,6.346963778e-07,2.067920483e-06,2.794712047e-06,2.285066364e-06,1.134649249e-06,2.600708441e-07,
1.347484073e-08,-3.208536412e-08,-7.576751223e-09,-3.680295870e-07,-1.245668863e-06,-2.435338976e-06,-2.598795194e-06,-1.399514035e-06,-3.060896884e-07,
1.589099196e-01
l,8.0,-2.0
3.470,4.530,5.610,
4.566531172e-16,1.469369365e+01
2.736348108e-07,-7.930161610e-08,-5.445337800e-07,1.186749230e-06,3.202595135e-06,4.989905686e-07,-4.697537790e-06,-5.063977297e-06,-1.643155867e-06,
3.986599574e-08,-9.502897319e-08,-2.991553213e-08,-1.151106975e-06,-3.917249086e-06,-7.636830883e-06,-8.114635610e-06,-4.337323722e-06,-9.358385960e-07,
1.589271054e-01
l,8.0,-1.0
3.590,4.630,5.710,
1.111176070e-12,9.147037006e+00
7.993320992e-07,-3.039927759e-07,-1.442388133e-06,5.434606923e-06,1.910089152e-05,2.790867593e-05,2.445071025e-05,1.265909562e-05,2.938105598e-06,
1.124131963e-07,-2.683114122e-07,-5.366465133e-08,-2.997946751e-06,-1.002709400e-05,-1.936801242e-05,-2.033127819e-05,-1.070757424e-05,-2.280336372e-06,
1.589271202e-01
l,8.0,0.0
3.630,4.690,5.770,
2.322625977e-14,1.285776936e+01
2.413177981e-06,-7.334614540e-07,-4.578887698e-06,1.263068420e-05,3.925827252e-05,3.418008713e-05,1.017111195e-06,-1.445991436e-05,-6.049650718e-06,
3.486241865e-07,-8.327424743e-07,-2.273938706e-07,-9.812202918e-06,-3.322606234e-05,-6.465518198e-05,-6.853935653e-05,-3.650306367e-05,-7.846109005e-06,
1.589100044e-01
l,8.0,1.0
3.690,4.750,5.830,
1.919320206e-15,1.545635571e+01
7.425569038e-06,-2.054006496e-06,-1.392467423e-05,3.645637317e-05,1.041288657e-04,5.534738655e-05,-7.082575786e-05,-9.809440611e-05,-3.378293948e-05,
1.081295798e-06,-2.584772093e-06,-7.960743907e-07,-3.124290252e-05,-1.063644661e-04,-2.077499984e-04,-2.213260073e-04,-1.186154659e-04,-2.565765487e-05,
1.589271085e-01
l,8.0,2.0
3.730,4.810,5.890,
4.788093794e-12,1.024118193e+01
2.335592944e-05,-7.173153443e-06,-4.194615034e-05,1.363230435e-04,4.319323801e-04,4.686501789e-04,2.291838946e-04,3.699960313e-05,-3.422064589e-06,
3.352391183e-06,-8.019566382e-06,-1.921075718e-06,-9.256508029e-05,-3.131702856e-04,-6.107822976e-04,-6.491708816e-04,-3.467779546e-04,-7.486015707e-05,
1.588960832e-01
l,8.0,3.0
3.790,4.850,5.930,
1.621772492e-12,1.184733163e+01
7.579304656e-05,-2.259251415e-05,-1.393115549e-04,4.546356660e-04,1.537959330e-03,1.865951233e-03,1.125228564e-03,3.083119112e-04,2.054468348e-05,
1.090642586e-05,-2.610298805e-05,-6.579768135e-06,-3.035535804e-04,-1.024356308e-03,-1.989964031e-03,-2.104747767e-03,-1.116896321e-03,-2.390681487e-04,
1.589271156e-01
l,8.0,4.0
3.810,4.870,5.950,
1.427184819e-12,1.275721699e+01
2.548604098e-04,-6.286022093e-05,-4.679589651e-04,1.583109405e-03,5.574408590e-03,7.204605877e-03,4.883044175e-03,1.714384775e-03,2.393688170e-04,
3.721428639e-05,-8.909087528e-05,-2.304016334e-05,-1.040005525e-03,-3.513269440e-03,-6.827742172e-03,-7.227278385e-03,-3.833825098e-03,-8.190229921e-04,
1.589270842e-01
l,8.0,5.0
3.850,4.890,5.950,
6.303483907e-12,1.251928171e+01
8.888788871e-04,-2.452499271e-04,-1.642025342e-03,6.005098412e-03,2.119838591e-02,2.813525454e-02,1.983172760e-02,7.313706968e-03,1.084507801e-03,
1.332170192e-04,-3.189557416e-04,-8.177902781e-05,-3.745862056e-03,-1.280452152e-02,-2.521235065e-02,-2.710497027e-02,-1.463334807e-02,-3.187600942e-03,
1.589270948e-01
l,8.0,6.0
3.870,4.890,5.910,
9.066200444e-11,1.146510028e+01
3.274271032e-03,-9.577756652e-04,-5.920687585e-03,2.633359630e-02,9.500224217e-02,1.394507163e-01,1.180692084e-01,5.767256522e-02,1.260105874e-02,
5.251615248e-04,-1.257336558e-03,-4.210995130e-04,-1.586590528e-02,-5.620302625e-02,-1.144661842e-01,-1.281868232e-01,-7.260870112e-02,-1.666152526e-02,
1.589891248e-01
l,8.0,7.0
3.890,4.850,5.810,
2.150185348e-10,1.181901591e+01
1.313629001e-02,-2.782872113e-03,-2.332430678e-02,1.427159914e-01,5.648990177e-01,9.481544330e-01,9.127093588e-01,4.926376459e-01,1.151081152e-01,
2.393328998e-03,-5.735568172e-03,-4.127841996e-03,-1.009172966e-01,-4.038358485e-01,-8.986341328e-01,-1.096311544e+00,-6.803436805e-01,-1.705949520e-01,
1.590512729e-01
l,8.0,8.0
3.890,4.770,5.650,
2.725278384e-10,1.271282231e+01
6.031401083e-02,-3.309187594e-03,-1.315204400e-01,8.034450717e-01,3.691815710e+00,6.859347017e+00,7.114466076e+00,4.073168344e+00,1.004670560e+00,
1.270114774e-02,-3.075161084e-02,-2.421364702e-02,-5.882289027e-01,-2.496080084e+00,-5.930110166e+00,-7.789948552e+00,-5.214778567e+00,-1.411568011e+00,
1.591133797e-01
l,9.0,-9.0
3.370,4.350,5.410,
6.367399268e-19,1.372507381e+01
6.153223070e-11,-3.421977594e-11,-1.048839313e-10,3.861544020e-10,1.296678661e-09,2.698841841e-09,4.155775267e-09,3.456108844e-09,1.108084322e-09,
8.521352955e-12,-2.025627959e-11,-5.094975658e-12,-2.382298033e-10,-8.235446274e-10,-1.654600889e-09,-1.825600526e-09,-1.029919755e-09,-2.383940850e-10,
1.588478175e-01
l,9.0,-8.0
3.510,4.470,5.530,
1.452309782e-17,1.162719697e+01
1.622619955e-10,-7.417233265e-11,-1.868826441e-10,1.355363397e-09,2.976104829e-09,2.132562444e-09,7.415498493e-10,6.218564145e-10,3.709944705e-10,
2.293476387e-11,-5.461068166e-11,-1.814024070e-11,-6.922508107e-10,-2.454207331e-09,-5.009995030e-09,-5.615881304e-09,-3.220970521e-09,-7.564689630e-10,
1.589099706e-01
l,9.0,-7.0
3.610,4.590,5.650,
1.575207216e-19,1.558882818e+01
4.324501868e-10,-1.991461709e-10,-4.055769783e-10,7.262393931e-09,3.087205160e-08,6.746790463e-08,8.549521272e-08,5.734392420e-08,1.555216157e-08,
6.167453841e-11,-1.470920389e-10,-4.034583497e-11,-1.747667543e-09,-5.961626591e-09,-1.169706114e-08,-1.251704524e-08,-6.773782591e-09,-1.491858680e-09,
1.589099222e-01
l,9.0,-6.0
3.710,4.710,5.770,
3.171460176e-16,1.024904049e+01
1.166412966e-09,-5.656398742e-10,-2.165015482e-09,9.160233556e-09,3.586041246e-08,6.472964411e-08,7.156549593e-08,4.454595273e-08,1.166005251e-08,
1.657760445e-10,-3.959814108e-10,-8.162389900e-11,-4.416519444e-09,-1.469636983e-08,-2.827717966e-08,-2.957661161e-08,-1.550809468e-08,-3.286639729e-09,
1.589099402e-01
l,9.0,-5.0
3.830,4.810,5.870,
4.453290581e-18,1.393627401e+01
3.212693001e-09,-1.312779459e-09,-4.570364883e-09,4.110103109e-08,1.800907494e-07,3.850910378e-07,4.770513473e-07,3.149201306e-07,8.457266859e-08,
4.672242680e-10,-1.117416017e-09,-3.007377731e-10,-1.309693865e-08,-4.414980701e-08,-8.558320494e-08,-9.034939237e-08,-4.788633978e-08,-1.024707205e-08,
1.589099299e-01
l,9.0,-4.0
3.910,4.910,5.990,
2.121564690e-17,1.329242733e+01
8.962158127e-09,-3.297621668e-09,-1.232602675e-08,1.076059262e-07,4.520903543e-07,9.316342638e-07,1.131783838e-06,7.418319257e-07,1.988422268e-07,
1.255016634e-09,-3.005787555e-09,-4.971564766e-10,-3.251466893e-08,-1.070769928e-07,-2.044567817e-07,-2.120086324e-07,-1.099201185e-07,-2.301981930e-08,
1.589270978e-01
l,9.0,-3.0
3.970,4.990,6.070,
3.157966276e-16,1.188452201e+01
2.554297929e-08,-6.828199675e-09,-4.725031143e-08,1.615220653e-07,6.585029234e-07,1.184474066e-06,1.342044530e-06,8.758392095e-07,2.405666903e-07,
3.708557853e-09,-8.890223055e-09,-2.711777657e-09,-1.082272893e-07,-3.709305921e-07,-7.293235586e-07,-7.818669907e-07,-4.216203720e-07,-9.171950371e-08,
1.589270742e-01
l,9.0,-2.0
4.070,5.090,6.170,
9.488154332e-17,1.331996187e+01
7.334003271e-08,-2.376678777e-08,-1.310687184e-07,5.935486967e-07,2.598284826e-06,5.199761965e-06,6.168097552e-06,3.975545246e-06,1.049813801e-06,
1.044342446e-08,-2.506305413e-08,-5.833209590e-09,-2.887078617e-07,-9.722941789e-07,-1.886030045e-06,-1.988686536e-06,-1.050043440e-06,-2.232672638e-07,
1.589270873e-01
l,9.0,-1.0
4.130,5.150,6.250,
9.915422383e-16,1.225785804e+01
2.165163977e-07,-4.348820997e-08,-4.225837633e-07,1.222131996e-06,5.370328406e-06,9.690807967e-06,1.065530668e-05,6.690106826e-06,1.777445357e-06,
3.084835507e-08,-7.409661033e-08,-1.707996107e-08,-8.429745107e-07,-2.802817408e-06,-5.366153376e-06,-5.575325231e-06,-2.885341882e-06,-5.978271435e-07,
1.589270696e-01
l,9.0,0.0
4.150,5.230,6.330,
2.685383842e-20,2.029328092e+01
6.460484769e-07,-1.432724883e-07,-1.175993711e-06,3.657304335e-06,1.211443077e-05,1.166270400e-05,1.077225739e-06,-4.855372977e-06,-2.217399760e-06,
9.110661302e-08,-2.190189639e-07,-4.568116591e-08,-2.456949223e-06,-8.131553144e-06,-1.550148927e-05,-1.601106115e-05,-8.226436894e-06,-1.692128379e-06,
1.589270346e-01
l,9.0,1.0
4.270,5.310,6.390,
2.984704346e-14,1.117983015e+01
1.962592933e-06,-5.615473063e-07,-3.511875354e-06,1.280587058e-05,4.988014472e-05,8.293810890e-05,8.427713323e-05,4.967111363e-05,1.261947908e-05,
2.822892927e-07,-6.790381989e-07,-1.832527671e-07,-8.049257146e-06,-2.730689292e-05,-5.329276877e-05,-5.666130782e-05,-3.022722261e-05,-6.495472165e-06,
1.589270706e-01
l,9.0,2.0
4.270,5.350,6.450,
5.876043452e-14,1.139287346e+01
6.143633072e-06,-1.246135415e-06,-1.128989143e-05,4.142083609e-05,1.766267290e-04,3.080585580e-04,3.093668800e-04,1.715848459e-04,4.010521578e-05,
8.745825672e-07,-2.105055900e-06,-5.000944884e-07,-2.408493951e-05,-7.985761853e-05,-1.521784347e-04,-1.571498305e-04,-8.063902630e-05,-1.651713285e-05,
1.589271176e-01
l,9.0,3.0
4.310,5.390,6.490,
7.743784904e-17,1.664559044e+01
1.963469003e-05,-3.019515606e-06,-3.656791066e-05,1.063217695e-04,3.997676819e-04,5.011017136e-04,2.781813574e-04,4.057757514e-05,-1.241601365e-05,
2.843063877e-06,-6.845776162e-06,-1.942108066e-06,-8.081018422e-05,-2.695535535e-04,-5.154256039e-04,-5.351282675e-04,-2.765670346e-04,-5.706803646e-05,
1.589270840e-01
l,9.0,4.0
4.350,5.430,6.530,
9.378261472e-14,1.253019764e+01
6.429925270e-05,-1.056143690e-05,-1.232111952e-04,3.146851394e-04,1.178818667e-03,1.440350556e-03,8.156632537e-04,1.752479927e-04,-4.119915625e-06,
9.241816859e-06,-2.226211797e-05,-5.640298644e-06,-2.579130655e-04,-8.590600646e-04,-1.644675654e-03,-1.709210233e-03,-8.839664264e-04,-1.826541891e-04,
1.589270842e-01
l,9.0,5.0
4.390,5.470,6.550,
9.161953721e-12,1.019166384e+01
2.166429040e-04,-5.152657624e-05,-3.989846770e-04,1.352821957e-03,5.238060057e-03,8.026672728e-03,7.142821776e-03,3.654479588e-03,8.241588372e-04,
3.152446524e-05,-7.595406448e-05,-1.958853773e-05,-8.911605410e-04,-3.009287499e-03,-5.848226197e-03,-6.187653527e-03,-3.273803236e-03,-6.954476134e-04,
1.589270751e-01
l,9.0,6.0
4.410,5.470,6.550,
1.886458556e-13,1.361660891e+01
7.629860193e-04,-1.346557182e-04,-1.487891825e-03,4.253565178e-03,1.660036052e-02,2.277373209e-02,1.620102607e-02,5.878480957e-03,8.287740668e-04,
1.128684123e-04,-2.719642262e-04,-7.012773071e-05,-3.188712276e-03,-1.075798584e-02,-2.086954671e-02,-2.202381730e-02,-1.158570262e-02,-2.438549022e-03,
1.589581329e-01
l,9.0,7.0
4.430,5.470,6.510,
1.694820452e-12,1.298080368e+01
2.812395105e-03,-5.546312458e-04,-5.369594159e-03,1.919775794e-02,7.543969297e-02,1.139485113e-01,9.629960810e-02,4.553295154e-02,9.411867924e-03,
4.450033336e-04,-1.072215467e-03,-3.372087108e-04,-1.327043647e-02,-4.626793387e-02,-9.269344415e-02,-1.017700576e-01,-5.610582344e-02,-1.243567499e-02,
1.589580600e-01
l,9.0,8.0
4.450,5.430,6.430,
8.788428055e-12,1.278025218e+01
1.117770001e-02,-1.271762076e-03,-2.308987030e-02,8.153847125e-02,3.457506865e-01,5.469069515e-01,4.771373969e-01,2.314164178e-01,4.922011389e-02,
1.934707110e-03,-4.665139119e-03,-1.562220286e-03,-5.960646846e-02,-2.142643396e-01,-4.425458845e-01,-5.035374843e-01,-2.878518600e-01,-6.606231508e-02,
1.590201852e-01
l,9.0,9.0
4.450,5.370,6.290,
2.618028506e-12,1.455476893e+01
4.978026822e-02,-2.688304071e-03,-1.095363386e-01,5.399646688e-01,2.498643729e+00,4.521118320e+00,4.515161683e+00,2.463843136e+00,5.738468636e-01,
9.776935267e-03,-2.373852521e-02,-1.495065297e-02,-4.098128602e-01,-1.675982372e+00,-3.838717476e+00,-4.832544564e+00,-3.079808384e+00,-7.900860981e-01,
1.590823498e-01
