l,1.0,-1.0
0.170,0.990,1.830,
6.517966365e-02,2.483113734e+00
2.805585042e-03,-4.554925165e-03,5.042476851e-03,3.542210656e-02,1.406786218e-01,3.924348734e-01,5.872620627e-01,5.226863681e-01,2.155115540e-01,
4.875005078e-04,-1.168730646e-03,-8.156106993e-04,-2.167921719e-02,-9.668040534e-02,-2.434552033e-01,-3.416695874e-01,-2.514425987e-01,-7.580169154e-02,
1.587235755e-01
l,1.0,0.0
0.210,0.430,0.690,
1.349087443e+00,3.475199189e+00
2.257481962e-02,2.654307566e-02,2.090439559e+00,9.457243220e+01,1.747698364e+03,1.681001900e+04,8.637883529e+04,2.251592368e+05,2.345067093e+05,
1.664350075e-02,-3.220646337e-02,-1.522935627e+00,-7.418212585e+01,-1.441920722e+03,-1.355270328e+04,-6.604466410e+04,-1.612125787e+05,-1.562350795e+05,
1.591435568e-01
l,1.0,1.0
0.250,0.390,0.530,
8.806079503e+12,2.232610236e+01
3.320077956e-01,-3.835442231e+00,-1.310677142e+02,-2.304894076e+04,-1.033018867e+06,-2.261185787e+07,-2.511884620e+08,-1.348006594e+09,-2.779202721e+09,
1.166235677e-01,-5.966068468e-01,-1.363718369e+01,-1.020313970e+03,-2.820992093e+04,-4.276253736e+05,-3.599588182e+06,-1.590427782e+07,-2.862344582e+07,
1.591444372e-01
l,2.0,-2.0
0.370,1.270,2.170,
7.354792145e-03,4.118397594e+00
5.431578029e-04,-9.082123799e-04,6.600183896e-04,3.149199372e-03,1.653349198e-03,-9.576074326e-03,-4.860228655e-02,-6.432746414e-02,-2.591273300e-02,
7.704869813e-05,-1.909835342e-04,-1.015186136e-04,-3.217165695e-03,-1.349375998e-02,-3.218186179e-02,-4.242371488e-02,-2.920846885e-02,-8.231266147e-03,
1.585386686e-01
l,2.0,-1.0
0.430,1.150,1.870,
1.695797974e-02,4.518410011e+00
1.943939948e-03,-2.760621058e-03,8.665103797e-04,3.065752416e-02,1.114040828e-01,3.807664026e-01,6.203524442e-01,4.057175510e-01,7.539571337e-02,
4.434778087e-04,-1.068131619e-03,-8.716423998e-04,-2.231115506e-02,-1.095945712e-01,-3.069328859e-01,-4.857912326e-01,-4.057892827e-01,-1.399413799e-01,
1.589580840e-01
l,2.0,0.0
0.450,1.290,2.130,
7.219502374e-02,5.222544695e+00
4.173915833e-03,-7.622630984e-03,6.555999208e-03,1.049975847e-02,-1.152124459e-01,-6.225031964e-01,-1.677890615e+00,-1.939243687e+00,-7.812538708e-01,
6.462142159e-04,-1.599415171e-03,-1.022502759e-03,-2.985704406e-02,-1.321049656e-01,-3.335855944e-01,-4.683625333e-01,-3.452749416e-01,-1.044126814e-01,
1.584148908e-01
l,2.0,1.0
0.490,0.810,1.150,
4.016260058e-01,5.583357046e+00
3.412038833e-02,2.960915632e-03,6.755115830e-01,2.318928034e+01,2.526413892e+02,1.566116290e+03,5.533892553e+03,1.021641386e+04,7.632866351e+03,
1.894921299e-02,-4.497853328e-02,-6.006023675e-01,-1.800015518e+01,-2.215683306e+02,-1.433584025e+03,-5.078871352e+03,-9.308584408e+03,-6.910875393e+03,
1.591435643e-01
l,2.0,2.0
0.590,0.730,0.930,
1.617002178e+02,1.031127529e+01
5.431966782e-01,-5.157810884e+00,8.514353967e+01,3.332730536e+03,1.118458195e+05,1.785881154e+06,1.309151632e+07,4.480231177e+07,5.860685216e+07,
1.441716275e-01,-6.814192204e-01,-1.628044508e+01,-9.859508742e+02,-2.181237566e+04,-2.500378140e+05,-1.535779752e+06,-4.829580839e+06,-6.099483563e+06,
1.591444058e-01
l,3.0,-3.0
0.610,1.490,2.390,
4.097036624e-04,5.506542391e+00
1.173920027e-04,-1.930750019e-04,1.396509078e-04,1.312572230e-03,4.167788867e-03,1.187344395e-02,1.454078431e-02,6.314700405e-03,3.348744654e-04,
1.612006184e-05,-4.063262059e-05,-2.384889513e-05,-7.177802202e-04,-3.008026633e-03,-7.179662026e-03,-9.466999690e-03,-6.519030026e-03,-1.840033386e-03,
1.584149245e-01
l,3.0,-2.0
0.690,1.450,2.230,
4.210927759e-04,5.040052856e+00
3.422762093e-04,-4.428810334e-04,3.034719273e-04,8.596576358e-03,3.507503706e-02,1.120642963e-01,2.020289803e-01,1.763365318e-01,5.921357954e-02,
6.653184109e-05,-1.657328480e-04,-2.428585799e-04,-5.049619538e-03,-2.544543911e-02,-7.032808254e-02,-1.073705873e-01,-8.528031224e-02,-2.765125297e-02,
1.589099536e-01
l,3.0,-1.0
0.730,1.610,2.490,
9.140366086e-04,5.835786278e+00
6.888636854e-04,-1.168663687e-03,9.030387318e-04,1.075607528e-02,4.440968305e-02,1.488622784e-01,2.386375761e-01,1.726686264e-01,4.651196309e-02,
9.503022482e-05,-2.411877430e-04,-1.153272597e-04,-4.112690172e-03,-1.741283768e-02,-4.234377060e-02,-5.696864648e-02,-4.013703436e-02,-1.162875279e-02,
1.584148426e-01
l,3.0,0.0
0.770,1.530,2.290,
1.839379283e-03,5.441036643e+00
2.242903924e-03,-3.187423183e-03,2.153341685e-03,5.519707101e-02,2.321294713e-01,8.003574979e-01,1.511067638e+00,1.356219064e+00,4.644263952e-01,
4.351704222e-04,-1.090425017e-03,-1.257320767e-03,-3.002563960e-02,-1.534257956e-01,-4.336827049e-01,-6.783683214e-01,-5.530605912e-01,-1.844123415e-01,
1.589099374e-01
l,3.0,1.0
0.770,1.590,2.430,
8.194418210e-03,6.809863495e+00
5.742413923e-03,-1.047508300e-02,1.094509545e-02,1.075905855e-01,4.966879958e-01,1.716980985e+00,2.680687251e+00,1.809255482e+00,4.259820721e-01,
8.407785520e-04,-2.130372573e-03,-1.268100896e-03,-3.995200126e-02,-1.760461862e-01,-4.454826547e-01,-6.261912411e-01,-4.625428003e-01,-1.405654811e-01,
1.583220771e-01
l,3.0,2.0
0.790,1.170,1.590,
4.567381574e-02,7.258359034e+00
4.264897853e-02,-2.017525861e-03,3.269417121e-01,1.534813724e+01,1.490230498e+02,7.944735492e+02,2.401041665e+03,3.781910910e+03,2.404008287e+03,
1.931886712e-02,-4.896090981e-02,-2.842531205e-01,-6.901149014e+00,-6.397295657e+01,-3.209843619e+02,-9.000886327e+02,-1.320856437e+03,-7.923473191e+02,
1.591435329e-01
l,3.0,3.0
0.910,1.070,1.330,
2.132212030e+00,1.322165049e+01
6.975058913e-01,-5.191428780e+00,4.413901985e+01,1.216554057e+03,2.415994126e+04,3.598170088e+05,2.510692584e+06,7.943316105e+06,9.392401639e+06,
1.530091755e-01,-6.597064200e-01,-1.436691425e+01,-7.853343203e+02,-1.510016628e+04,-1.422402758e+05,-6.945180370e+05,-1.702308880e+06,-1.658519843e+06,
1.591444418e-01
l,4.0,-4.0
0.830,1.710,2.610,
1.822300517e-05,7.139207136e+00
2.502827010e-05,-4.011571413e-05,2.008510423e-05,2.935954022e-04,8.694127038e-04,2.890143280e-03,4.643021616e-03,3.150673205e-03,7.346751764e-04,
3.347152755e-06,-8.554623792e-06,-4.373762661e-06,-1.473552740e-04,-6.145938490e-04,-1.468508835e-03,-1.938397248e-03,-1.336838116e-03,-3.788065477e-04,
1.584148613e-01
l,4.0,-3.0
0.950,1.750,2.550,
1.627074567e-05,5.918868594e+00
6.138993194e-05,-8.388772751e-05,3.154122231e-05,1.268590100e-03,4.654624417e-03,1.482913949e-02,2.742280077e-02,2.433975563e-02,8.232678808e-03,
1.077844405e-05,-2.745087085e-05,-2.946941245e-05,-7.191131813e-04,-3.535156692e-03,-9.587149255e-03,-1.430669757e-02,-1.108440907e-02,-3.506813963e-03,
1.588789219e-01
l,4.0,-2.0
1.010,1.870,2.730,
2.293761847e-05,6.011419300e+00
1.288146013e-04,-1.962071364e-04,5.374596365e-05,1.684654895e-03,4.443341320e-03,1.577077608e-02,3.141430273e-02,2.775468632e-02,9.005036246e-03,
1.868369723e-05,-4.806821694e-05,-2.530143767e-05,-8.667376543e-04,-3.755069986e-03,-9.345390328e-03,-1.289437740e-02,-9.310196095e-03,-2.769527655e-03,
1.584766961e-01
l,4.0,-1.0
1.090,1.870,2.690,
3.924671734e-05,6.589693759e+00
3.411860089e-04,-4.368559876e-04,-3.395445941e-06,6.469257145e-03,2.081557169e-02,6.255621479e-02,1.204596836e-01,1.125102843e-01,3.978614095e-02,
5.720747466e-05,-1.468833584e-04,-1.449073666e-04,-3.682844349e-03,-1.773470934e-02,-4.711747753e-02,-6.867833440e-02,-5.185803340e-02,-1.598956986e-02,
1.589098890e-01
l,4.0,0.0
1.110,1.950,2.810,
8.496979844e-05,6.598029906e+00
8.058695239e-04,-1.233667335e-03,3.576554225e-04,1.263031063e-02,4.239897794e-02,1.498852648e-01,2.901349489e-01,2.569387603e-01,8.484717792e-02,
1.153852811e-04,-2.981323742e-04,-1.555339684e-04,-5.363995011e-03,-2.304852962e-02,-5.696273277e-02,-7.804803731e-02,-5.602088022e-02,-1.660093268e-02,
1.584458312e-01
l,4.0,1.0
1.130,1.890,2.690,
2.267461986e-04,6.864667206e+00
2.524090931e-03,-3.366883702e-03,2.146771634e-04,5.091269599e-02,1.704934917e-01,5.527610306e-01,1.116656023e+00,1.078167894e+00,3.922707439e-01,
4.345042835e-04,-1.116741151e-03,-1.043823978e-03,-2.775340909e-02,-1.358364054e-01,-3.684712945e-01,-5.497862625e-01,-4.258521801e-01,-1.348977796e-01,
1.588788957e-01
l,4.0,2.0
1.090,1.910,2.750,
8.139190511e-04,6.871669076e+00
7.190256845e-03,-1.250597320e-02,9.213191290e-03,1.472090993e-01,6.580721191e-01,2.549838103e+00,4.872436253e+00,4.243754907e+00,1.386641032e+00,
1.023890436e-03,-2.643872411e-03,-1.387932404e-03,-4.870814914e-02,-2.136088609e-01,-5.409641023e-01,-7.606198185e-01,-5.622101878e-01,-1.715824174e-01,
1.583529863e-01
l,4.0,3.0
1.110,1.550,2.010,
3.848607121e-03,8.487396583e+00
4.884267971e-02,-1.596635827e-02,1.153539498e-01,8.014659876e+00,5.692529473e+01,2.331551774e+02,5.876326182e+02,8.085393696e+02,4.575560531e+02,
1.928905503e-02,-5.051063795e-02,-2.502176272e-01,-6.023274287e+00,-5.231288809e+01,-2.439142326e+02,-6.301296746e+02,-8.468533461e+02,-4.634771482e+02,
1.591435690e-01
l,4.0,4.0
1.170,1.410,1.710,
2.441774489e-02,1.476661983e+01
8.011043072e-01,-4.487861678e+00,-3.383305162e+00,-4.163578274e+02,-1.656451495e+04,-1.480475181e+05,-5.788708991e+05,-1.059647191e+06,-7.354074905e+05,
1.656460120e-01,-6.862708920e-01,-5.232854274e+00,-2.134316994e+02,-2.788926725e+03,-2.022538962e+04,-8.116646733e+04,-1.717761450e+05,-1.496204971e+05,
1.591435892e-01
l,5.0,-5.0
1.070,1.950,2.830,
5.429070282e-07,8.280229459e+00
5.062636774e-06,-8.002242579e-06,3.005539208e-06,5.802324003e-05,1.312059934e-04,4.610390749e-04,8.584723214e-04,6.708253290e-04,1.839452995e-04,
6.903499687e-07,-1.784939112e-06,-8.315650778e-07,-3.113428471e-05,-1.335811387e-04,-3.293481606e-04,-4.485851731e-04,-3.190258911e-04,-9.321822927e-05,
1.584767326e-01
l,5.0,-4.0
1.210,2.010,2.830,
5.708347790e-07,7.201460261e+00
1.159506974e-05,-1.521273226e-05,5.594002531e-07,2.275562798e-04,7.967998193e-04,2.501864441e-03,4.795263453e-03,4.429591894e-03,1.549620002e-03,
1.907117074e-06,-4.930974813e-06,-4.558231136e-06,-1.210450467e-04,-5.817760571e-04,-1.545568508e-03,-2.251285000e-03,-1.698244172e-03,-5.231684766e-04,
1.589099078e-01
l,5.0,-3.0
1.310,2.130,2.970,
7.736982674e-07,6.938209078e+00
2.392701936e-05,-3.314441166e-05,-3.505796160e-06,3.433952531e-04,8.784721109e-04,2.758159943e-03,5.706032553e-03,5.411572002e-03,1.885214325e-03,
3.646990607e-06,-9.490314484e-06,-4.674981320e-06,-1.707025649e-04,-7.457893337e-04,-1.876567190e-03,-2.622871977e-03,-1.918555262e-03,-5.801382801e-04,
1.586005669e-01
l,5.0,-2.0
1.370,2.170,2.990,
9.942988855e-07,7.478843317e+00
5.713463179e-05,-6.668601435e-05,-2.449246917e-05,1.082252446e-03,3.220305882e-03,8.225526441e-03,1.524021725e-02,1.438514178e-02,5.172083140e-03,
9.554556277e-06,-2.488503489e-05,-2.484927715e-05,-6.323652078e-04,-3.040843356e-03,-8.071639427e-03,-1.174939211e-02,-8.848161977e-03,-2.721213912e-03,
1.588788609e-01
l,5.0,-1.0
1.430,2.250,3.110,
1.811059022e-06,7.395148985e+00
1.311275992e-04,-1.691809375e-04,-8.988605272e-05,1.564392770e-03,2.282777477e-03,4.862079423e-03,1.315961139e-02,1.506052751e-02,5.884531477e-03,
1.920903645e-05,-5.027927431e-05,-2.033285489e-05,-8.510336575e-04,-3.617824478e-03,-8.891753673e-03,-1.211662315e-02,-8.628248275e-03,-2.545131719e-03,
1.586004849e-01
l,5.0,0.0
1.470,2.270,3.090,
3.603018538e-06,7.609651363e+00
3.389568010e-04,-4.066004296e-04,-1.443832455e-04,6.117606313e-03,1.704347215e-02,4.186637668e-02,7.762610424e-02,7.352160864e-02,2.643539739e-02,
5.585492412e-05,-1.460952055e-04,-1.397897971e-04,-3.652904301e-03,-1.752371220e-02,-4.649114896e-02,-6.763844494e-02,-5.092327018e-02,-1.566407995e-02,
1.588478632e-01
l,5.0,1.0
1.470,2.310,3.170,
8.692753038e-06,7.710779587e+00
8.717023884e-04,-1.202871357e-03,-3.477611950e-04,1.044107856e-02,1.583485284e-02,4.245165384e-02,1.093181991e-01,1.172807914e-01,4.355614261e-02,
1.245625009e-04,-3.268744567e-04,-1.453284794e-04,-5.710959288e-03,-2.442483335e-02,-6.035550237e-02,-8.263662918e-02,-5.916521572e-02,-1.752704201e-02,
1.585386600e-01
l,5.0,2.0
1.470,2.250,3.070,
2.372244899e-05,8.037561895e+00
2.744968981e-03,-3.352926819e-03,-1.433215789e-03,4.869221366e-02,1.252021822e-01,3.126734243e-01,6.318023369e-01,6.386280749e-01,2.406450404e-01,
4.470536604e-04,-1.169434495e-03,-1.027475777e-03,-2.830642534e-02,-1.356322320e-01,-3.603102045e-01,-5.247484390e-01,-3.956487071e-01,-1.220019461e-01,
1.588478393e-01
l,5.0,3.0
1.450,2.250,3.070,
8.207301745e-05,8.399706845e+00
8.339617401e-03,-1.369240796e-02,6.380952026e-03,1.604630422e-01,5.602846014e-01,2.107765718e+00,4.330593979e+00,4.053285988e+00,1.410346262e+00,
1.229774216e-03,-3.222759551e-03,-2.946883429e-03,-8.046207439e-02,-3.862184508e-01,-1.031288853e+00,-1.508079566e+00,-1.145691079e+00,-3.560201805e-01,
1.583530222e-01
l,5.0,4.0
1.430,1.910,2.410,
2.917924490e-04,9.813672113e+00
5.409555882e-02,-1.437544698e-02,9.227706900e-02,7.675352683e+00,5.262636710e+01,1.990618542e+02,4.530380520e+02,5.611020592e+02,2.867409402e+02,
1.948992012e-02,-5.210272087e-02,-2.487359548e-01,-5.823550338e+00,-4.782699376e+01,-2.087471752e+02,-5.004261079e+02,-6.202495177e+02,-3.117847202e+02,
1.591435892e-01
l,5.0,5.0
1.490,1.770,2.110,
4.402101612e-04,1.570459413e+01
7.882153988e-01,-3.657468180e+00,-1.702679520e-01,-3.602482623e+01,-5.725976895e+03,-4.932804055e+04,-1.718255529e+05,-2.733051291e+05,-1.623854541e+05,
1.592874762e-01,-6.147023889e-01,-3.718944555e+00,-1.473849126e+02,-1.771630252e+03,-1.160844080e+04,-4.156391656e+04,-7.772908348e+04,-5.952133730e+04,
1.591444466e-01
l,6.0,-6.0
1.330,2.190,3.050,
1.298673243e-08,9.430228380e+00
1.004545993e-06,-1.536677999e-06,-1.114790547e-07,2.337227026e-06,-4.677773730e-05,-1.524695016e-04,-2.211776520e-04,-1.709325061e-04,-5.579465567e-05,
1.415248908e-07,-3.695273292e-07,-1.692736795e-07,-6.584794092e-06,-2.895768703e-05,-7.351512474e-05,-1.033176265e-04,-7.580729624e-05,-2.285232728e-05,
1.585386141e-01
l,6.0,-5.0
1.450,2.270,3.090,
1.437056993e-08,8.630043019e+00
2.169771051e-06,-2.744384746e-06,-8.115483939e-07,3.279139219e-05,5.588695284e-05,9.295524677e-05,1.991267087e-04,2.150988768e-04,8.238282637e-05,
3.520262445e-07,-9.206495761e-07,-7.913694306e-07,-2.219646385e-05,-1.070826811e-04,-2.864862027e-04,-4.201757178e-04,-3.189202002e-04,-9.885268455e-05,
1.589099467e-01
l,6.0,-4.0
1.570,2.370,3.210,
1.382204565e-08,9.020788224e+00
4.513733074e-06,-5.229395874e-06,-2.710532347e-06,7.716470863e-05,1.801662663e-04,3.616156207e-04,6.823751649e-04,6.900859519e-04,2.616256351e-04,
7.072473180e-07,-1.858212310e-06,-9.295306759e-07,-3.366798013e-05,-1.466150071e-04,-3.671012081e-04,-5.102593657e-04,-3.700628321e-04,-1.110767078e-04,
1.587235943e-01
l,6.0,-3.0
1.630,2.450,3.290,
4.288599889e-08,7.385151101e+00
9.908057109e-06,-1.045770916e-05,-1.246951280e-05,1.486338604e-04,3.309040287e-04,5.161795801e-04,9.017239297e-04,9.357785532e-04,3.636781757e-04,
1.580468592e-06,-4.164482221e-06,-1.804004632e-06,-7.268579370e-05,-3.156293801e-04,-7.909809201e-04,-1.102100201e-03,-8.000610635e-04,-2.402748155e-04,
1.589099711e-01
l,6.0,-2.0
1.730,2.550,3.390,
3.771973450e-08,8.495713228e+00
2.165214028e-05,-2.534846831e-05,-2.322736371e-05,2.547101857e-04,2.142862843e-04,-3.167011532e-04,-2.037103524e-04,3.649113047e-04,2.748820926e-04,
3.341465364e-06,-8.834641482e-06,-3.735750397e-06,-1.546276062e-04,-6.709985479e-04,-1.683046834e-03,-2.345657337e-03,-1.706396745e-03,-5.141226527e-04,
1.587855678e-01
l,6.0,-1.0
1.750,2.590,3.430,
1.028438961e-07,7.836857876e+00
5.229725139e-05,-5.480157017e-05,-6.783930433e-05,6.780399871e-04,1.028132976e-03,2.626105790e-04,3.451121175e-04,1.041744187e-03,5.800944227e-04,
8.287862864e-06,-2.194136075e-05,-9.770389148e-06,-3.868509675e-04,-1.677055723e-03,-4.189886422e-03,-5.813354568e-03,-4.200206142e-03,-1.256024882e-03,
1.589098890e-01
l,6.0,0.0
1.790,2.630,3.490,
1.695588286e-07,8.261474325e+00
1.291607041e-04,-1.358271237e-04,-1.706801092e-04,1.619877679e-03,2.476594441e-03,1.340301176e-03,3.253632540e-03,5.415860649e-03,2.585050827e-03,
1.945040679e-05,-5.159180565e-05,-2.263685732e-05,-8.983688723e-04,-3.821335672e-03,-9.364346313e-03,-1.269984405e-02,-8.953125840e-03,-2.611373715e-03,
1.586926292e-01
l,6.0,1.0
1.810,2.650,3.490,
4.598268559e-07,8.055707819e+00
3.390499041e-04,-3.575476290e-04,-4.215436214e-04,4.380986823e-03,6.403877031e-03,1.078320104e-03,1.852035275e-03,7.136372485e-03,4.144600524e-03,
5.364157287e-05,-1.422928908e-04,-7.151724820e-05,-2.590152905e-03,-1.125494202e-02,-2.814240573e-02,-3.909827429e-02,-2.829278117e-02,-8.466356908e-03,
1.588478707e-01
l,6.0,2.0
1.810,2.670,3.530,
1.102833511e-06,8.319643929e+00
9.172860882e-04,-1.115704388e-03,-9.143440602e-04,9.734877040e-03,4.035340601e-03,-2.172111894e-02,-1.660605544e-02,9.339925624e-03,8.980991390e-03,
1.327096153e-04,-3.525191756e-04,-1.543048918e-04,-6.183290899e-03,-2.639648358e-02,-6.511231310e-02,-8.891789643e-02,-6.330685988e-02,-1.865474793e-02,
1.586005639e-01
l,6.0,3.0
1.790,2.610,3.450,
3.454413738e-06,8.433784157e+00
2.917282982e-03,-3.240645707e-03,-3.088286338e-03,4.591633567e-02,9.662354314e-02,1.476733230e-01,2.725666982e-01,2.950729206e-01,1.176313795e-01,
4.530111198e-04,-1.201151538e-03,-5.292923285e-04,-2.120026913e-02,-9.192046384e-02,-2.302232578e-01,-3.202043457e-01,-2.322301520e-01,-6.977677680e-02,
1.588478754e-01
l,6.0,4.0
1.790,2.590,3.410,
7.839412678e-06,9.507648910e+00
9.395211004e-03,-1.423540466e-02,8.132423078e-04,1.602210809e-01,3.863338874e-01,1.256531862e+00,2.826729698e+00,2.876565597e+00,1.063728616e+00,
1.386080151e-03,-3.677540992e-03,-3.198445074e-03,-9.061915783e-02,-4.336472797e-01,-1.156473564e+00,-1.688569627e+00,-1.279810076e+00,-3.972886988e-01,
1.584149231e-01
l,6.0,5.0
1.750,2.270,2.810,
1.790494240e-05,1.126393931e+01
5.831402913e-02,-1.326228134e-02,4.693516174e-02,6.918128417e+00,4.587186763e+01,1.617691358e+02,3.371481689e+02,3.804943222e+02,1.772005973e+02,
1.917737354e-02,-5.195282988e-02,-2.277191382e-01,-5.269478719e+00,-4.116671389e+01,-1.692055701e+02,-3.786542679e+02,-4.354485478e+02,-2.023179968e+02,
1.591435738e-01
l,6.0,6.0
1.790,2.130,2.490,
1.192068960e-05,1.647223793e+01
7.738696933e-01,-3.049182556e+00,1.702903440e+00,1.009358777e+02,-1.890857612e+03,-1.800502784e+04,-5.873521381e+04,-8.428374708e+04,-4.445398783e+04,
1.619688029e-01,-6.055260235e-01,-3.812266601e+00,-1.425093014e+02,-1.654810208e+03,-1.032011920e+04,-3.494033758e+04,-6.135308477e+04,-4.391750958e+04,
1.591443705e-01
l,7.0,-7.0
1.590,2.410,3.270,
1.001302123e-09,7.831478648e+00
2.017719964e-07,-2.778985489e-07,-1.571167772e-07,1.917910296e-06,1.040035551e-06,3.318956151e-07,6.416466239e-06,9.008634520e-06,3.518325625e-06,
2.886231394e-08,-7.599733059e-08,-3.202952955e-08,-1.264130895e-06,-5.161287252e-06,-1.221855504e-05,-1.608916454e-05,-1.114073740e-05,-3.223446055e-06,
1.586004654e-01
l,7.0,-6.0
1.730,2.510,3.330,
1.033006767e-09,7.916927806e+00
4.113013858e-07,-4.525319510e-07,-2.626867765e-07,8.027509226e-06,2.201585352e-05,4.777289580e-05,8.504678181e-05,8.176136079e-05,3.019632640e-05,
6.800324449e-08,-1.794339952e-07,-1.702274147e-07,-4.520453565e-06,-2.186515294e-05,-5.853490490e-05,-8.590230230e-05,-6.514171786e-05,-2.016167844e-05,
1.588788497e-01
l,7.0,-5.0
1.850,2.650,3.470,
7.879860326e-10,8.657629474e+00
8.011605814e-07,-9.265954503e-07,-5.162874140e-07,1.628514116e-05,5.575085706e-05,1.510250694e-04,2.783929723e-04,2.615904180e-04,9.429926512e-05,
1.292980439e-07,-3.427336234e-07,-2.880460980e-07,-8.229583621e-06,-3.925149541e-05,-1.038638397e-04,-1.504965339e-04,-1.126924091e-04,-3.450674227e-05,
1.587856043e-01
l,7.0,-4.0
1.930,2.730,3.550,
1.681713864e-09,7.932284274e+00
1.719355964e-06,-1.667682375e-06,-1.949237866e-06,3.186507775e-05,8.589428839e-05,1.467157625e-04,2.233406236e-04,2.104539591e-04,7.927472843e-05,
2.882744779e-07,-7.660088850e-07,-6.945460312e-07,-1.884752833e-05,-9.011902776e-05,-2.387902042e-04,-3.469611474e-04,-2.602465825e-04,-7.975680602e-05,
1.588960280e-01
l,7.0,-3.0
2.010,2.810,3.650,
1.100181890e-09,9.134837794e+00
3.752523071e-06,-3.332884326e-06,-5.675725350e-06,6.773536022e-05,2.195564692e-04,4.528865490e-04,7.182244511e-04,6.533970586e-04,2.370002590e-04,
6.084507062e-07,-1.621484470e-06,-7.996578213e-07,-2.940984413e-05,-1.275753054e-04,-3.182925373e-04,-4.404799787e-04,-3.160050203e-04,-9.356698481e-05,
1.588478969e-01
l,7.0,-2.0
2.070,2.890,3.730,
7.468586945e-10,1.028242550e+01
8.430264643e-06,-7.618346863e-06,-1.224046289e-05,1.299707866e-04,2.534541850e-04,5.025377705e-05,-2.434379270e-04,-2.328816324e-04,-6.588844467e-05,
1.354642645e-06,-3.618005937e-06,-1.514939186e-06,-6.309129627e-05,-2.721844354e-04,-6.773973653e-04,-9.361562052e-04,-6.719197395e-04,-1.996122098e-04,
1.589099101e-01
l,7.0,-1.0
2.130,2.950,3.790,
2.249113414e-09,9.641454594e+00
1.976048952e-05,-1.781796409e-05,-2.851976835e-05,3.145146332e-04,7.137352808e-04,5.773948662e-04,2.386859625e-04,1.337368982e-04,6.682496857e-05,
3.177803438e-06,-8.500854663e-06,-4.503455976e-06,-1.579035863e-04,-6.851232821e-04,-1.708601215e-03,-2.367239654e-03,-1.703813093e-03,-5.066923466e-04,
1.588478148e-01
l,7.0,0.0
2.150,2.990,3.850,
5.678704196e-09,9.416039997e+00
4.860114132e-05,-4.295216126e-05,-8.718787335e-05,6.141111487e-04,1.162585475e-03,2.145846705e-04,-8.272160794e-04,-5.840586431e-04,-9.011382843e-05,
7.458675461e-06,-1.998331924e-05,-7.270950450e-06,-3.321864084e-04,-1.390500961e-03,-3.364827047e-03,-4.504690286e-03,-3.122389431e-03,-8.962062897e-04,
1.589099374e-01
l,7.0,1.0
2.190,3.030,3.890,
1.135716134e-08,9.604397153e+00
1.227893954e-04,-1.197434755e-04,-1.886736786e-04,1.549047147e-03,2.700861069e-03,1.130891747e-03,1.025574268e-03,2.475457780e-03,1.401869160e-03,
1.844168270e-05,-4.945925815e-05,-1.891869940e-05,-8.401300705e-04,-3.554034588e-03,-8.687161434e-03,-1.173831050e-02,-8.221104835e-03,-2.381440101e-03,
1.587545776e-01
l,7.0,2.0
2.190,3.030,3.890,
2.832886757e-08,9.674742458e+00
3.349494073e-04,-3.144863828e-04,-5.288049715e-04,4.290922134e-03,7.819156232e-03,3.245697737e-03,1.320260733e-03,4.569957506e-03,2.913414219e-03,
5.083932391e-05,-1.363552180e-04,-5.651358690e-05,-2.352418251e-03,-9.963922255e-03,-2.434461890e-02,-3.289893139e-02,-2.303623326e-02,-6.666593148e-03,
1.588478393e-01
l,7.0,3.0
2.170,3.030,3.910,
1.041343893e-07,9.413818684e+00
9.475672850e-04,-1.005324495e-03,-1.391655673e-03,1.039459013e-02,9.781867810e-03,-1.955035658e-02,-3.030957838e-02,-8.412963230e-03,2.570504162e-03,
1.326085252e-04,-3.558925054e-04,-1.172985071e-04,-5.814942387e-03,-2.408790461e-02,-5.787684317e-02,-7.666910023e-02,-5.269762213e-02,-1.501233132e-02,
1.586625230e-01
l,7.0,4.0
2.150,2.990,3.830,
3.952421417e-07,9.356372492e+00
2.983242972e-03,-3.349277274e-03,-3.787911655e-03,3.663251367e-02,4.133401996e-02,-2.574266868e-02,-1.826933556e-02,5.015228828e-02,3.618962046e-02,
4.534830958e-04,-1.215336178e-03,-4.808007580e-04,-2.110842149e-02,-9.110919072e-02,-2.279310721e-01,-3.163741212e-01,-2.287914612e-01,-6.857585156e-02,
1.588478955e-01
l,7.0,5.0
2.130,2.930,3.770,
6.720964267e-07,1.062631484e+01
1.034742966e-02,-1.417664191e-02,-6.968514601e-03,1.525707582e-01,2.292534195e-01,4.219852903e-01,1.195719323e+00,1.466920280e+00,6.051094995e-01,
1.466276092e-03,-3.930893404e-03,-1.433279494e-03,-6.806211902e-02,-2.938428580e-01,-7.399781195e-01,-1.032938238e+00,-7.553982938e-01,-2.298064620e-01,
1.585076927e-01
l,7.0,6.0
2.110,2.650,3.210,
2.099182929e-06,1.159267498e+01
6.111185998e-02,-2.857344008e-02,-7.183156267e-02,4.103432988e+00,2.187581362e+01,6.300212028e+01,1.184534710e+02,1.302743369e+02,6.121059612e+01,
1.850926893e-02,-5.060186254e-02,-1.238071119e-01,-2.869341846e+00,-1.959537153e+01,-7.345916031e+01,-1.538602300e+02,-1.680185940e+02,-7.506148689e+01,
1.591434977e-01
l,7.0,7.0
2.090,2.470,2.870,
4.738285577e-07,1.705568736e+01
8.110982180e-01,-2.353326741e+00,-2.060456598e+00,1.904086936e+02,-1.086858256e+01,-7.230754646e+03,-3.184928837e+04,-5.559995723e+04,-3.589911452e+04,
1.618565156e-01,-5.878528538e-01,-3.638876868e+00,-1.284430229e+02,-1.399459428e+03,-8.022943169e+03,-2.465930862e+04,-3.896915374e+04,-2.501730705e+04,
1.591444464e-01
l,8.0,-8.0
1.870,2.550,3.270,
5.912779669e-11,8.011509325e+00
4.276271071e-08,-2.111102511e-08,6.694283779e-08,2.341139734e-06,1.066484762e-05,2.843037561e-05,4.690233529e-05,4.231921637e-05,1.571121532e-05,
1.051221724e-08,-2.767970782e-08,-1.386980085e-07,-2.021479989e-06,-1.073266081e-05,-3.096583210e-05,-4.984087983e-05,-4.198575114e-05,-1.447703243e-05,
1.591435561e-01
l,8.0,-7.0
1.950,2.770,3.590,
6.322413124e-11,7.864441767e+00
7.525920154e-08,-7.811767872e-08,-9.227881248e-08,1.238125752e-06,2.708792112e-06,3.069499558e-06,3.604541825e-06,3.228479649e-06,1.172910884e-06,
1.239628792e-08,-3.297856104e-08,-3.094167545e-08,-8.154725201e-07,-3.841555773e-06,-1.002928694e-05,-1.436550720e-05,-1.064365624e-05,-3.231205458e-06,
1.589098694e-01
l,8.0,-6.0
2.130,2.910,3.710,
4.201655277e-11,8.684080648e+00
1.446524038e-07,-1.525841083e-07,-1.218401523e-07,2.814452893e-06,7.628646031e-06,1.433954913e-05,2.303075797e-05,2.152786509e-05,7.935315053e-06,
2.479479185e-08,-6.618641413e-08,-6.847707594e-08,-1.754748686e-06,-8.552345103e-06,-2.309989840e-05,-3.432573939e-05,-2.640512692e-05,-8.304724161e-06,
1.588477986e-01
l,8.0,-5.0
2.190,2.990,3.830,
5.896456048e-11,8.602284594e+00
3.030532980e-07,-2.444695281e-07,-6.316295339e-07,4.756180443e-06,1.538897073e-05,2.798603663e-05,4.007297400e-05,3.503061596e-05,1.251404589e-05,
4.958626518e-08,-1.327827398e-07,-5.854576855e-08,-2.345652405e-06,-1.015438890e-05,-2.537853955e-05,-3.520881684e-05,-2.527076921e-05,-7.477286350e-06,
1.589271013e-01
l,8.0,-4.0
2.270,3.090,3.930,
3.239732121e-11,9.736804329e+00
6.367819765e-07,-4.917071080e-07,-1.306034572e-06,9.073295370e-06,2.050702327e-05,5.173880527e-06,-2.516899109e-05,-2.980277681e-05,-1.074089218e-05,
1.044706402e-07,-2.804469233e-07,-1.339044540e-07,-5.068489748e-06,-2.194041253e-05,-5.474192462e-05,-7.591477179e-05,-5.453586284e-05,-1.616702484e-05,
1.589099078e-01
l,8.0,-3.0
2.370,3.190,4.010,
1.162880125e-11,1.139470112e+01
1.372696033e-06,-1.149170906e-06,-2.247319854e-06,2.096220534e-05,3.939895539e-05,-1.742987104e-05,-1.110133052e-04,-1.152266171e-04,-4.050614632e-05,
2.321700883e-07,-6.244292958e-07,-5.680502505e-07,-1.542249830e-05,-7.325089695e-05,-1.927962293e-04,-2.781525472e-04,-2.067271225e-04,-6.274410420e-05,
1.589271257e-01
l,8.0,-2.0
2.430,3.250,4.090,
5.473427491e-11,1.025908505e+01
3.134701046e-06,-2.334617084e-06,-6.026501426e-06,4.836281680e-05,1.271502812e-04,1.062739682e-04,3.700482785e-06,-4.345486615e-05,-1.898911059e-05,
5.156460185e-07,-1.389363243e-06,-7.063937087e-07,-2.556065747e-05,-1.106177098e-04,-2.753740057e-04,-3.807593126e-04,-2.723993802e-04,-8.033545156e-05,
1.589099101e-01
l,8.0,-1.0
2.490,3.310,4.150,
2.038371296e-10,9.535826129e+00
7.342417121e-06,-5.465090242e-06,-1.366591259e-05,1.222698900e-04,3.884711041e-04,6.114207204e-04,6.964983796e-04,5.225535308e-04,1.740112438e-04,
1.208548484e-06,-3.260604340e-06,-1.684517442e-06,-6.022511085e-05,-2.607420082e-04,-6.489116950e-04,-8.962327642e-04,-6.396916169e-04,-1.880003957e-04,
1.589270435e-01
l,8.0,0.0
2.530,3.370,4.210,
9.700102524e-11,1.108841748e+01
1.762702959e-05,-1.484936488e-05,-3.112954020e-05,2.349563853e-04,4.838615406e-04,2.172825484e-04,-4.395990803e-05,9.119546379e-05,1.061413246e-04,
2.830238530e-06,-7.645583738e-06,-3.497548766e-06,-1.371435453e-04,-5.920193861e-04,-1.473407809e-03,-2.033230379e-03,-1.451324328e-03,-4.271991611e-04,
1.588478632e-01
l,8.0,1.0
2.550,3.390,4.250,
3.340872824e-10,1.068294330e+01
4.504101162e-05,-3.481118291e-05,-8.710567439e-05,6.058380760e-04,1.515583731e-03,1.282452569e-03,4.184024407e-04,6.529512507e-05,3.097412300e-05,
7.001153564e-06,-1.892863806e-05,-7.923308152e-06,-3.261099740e-04,-1.365528366e-03,-3.295626699e-03,-4.397220303e-03,-3.027001362e-03,-8.602636485e-04,
1.589099449e-01
l,8.0,2.0
2.550,3.410,4.270,
2.616665467e-10,1.192927502e+01
1.184189023e-04,-9.629236539e-05,-2.097121465e-04,1.544048318e-03,2.963411243e-03,-5.950974118e-04,-6.023379471e-03,-5.996971584e-03,-1.992274687e-03,
1.825873488e-05,-4.938615968e-05,-2.349639024e-05,-8.866352378e-04,-3.770622859e-03,-9.229798142e-03,-1.249859465e-02,-8.746455084e-03,-2.522849450e-03,
1.587857894e-01
l,8.0,3.0
2.550,3.410,4.270,
1.118972690e-09,1.148837781e+01
3.285543062e-04,-2.783509706e-04,-5.597550700e-04,4.266324997e-03,8.155114678e-03,-2.157522342e-04,-1.205664857e-02,-1.143186824e-02,-3.509390742e-03,
5.032483862e-05,-1.361254309e-04,-6.504801521e-05,-2.445408938e-03,-1.039071628e-02,-2.541597301e-02,-3.439543924e-02,-2.407175114e-02,-6.946989758e-03,
1.588478754e-01
l,8.0,4.0
2.530,3.390,4.270,
1.084103182e-08,1.029895186e+01
9.662235971e-04,-8.769550732e-04,-1.582577917e-03,1.300268755e-02,2.893064294e-02,2.659587245e-02,2.555383040e-02,2.675640969e-02,1.180218094e-02,
1.385274318e-04,-3.747607586e-04,-1.479456741e-04,-6.366662294e-03,-2.638510676e-02,-6.317130478e-02,-8.336017061e-02,-5.686759799e-02,-1.603936505e-02,
1.586926615e-01
l,8.0,5.0
2.490,3.330,4.190,
2.215284984e-08,1.097778610e+01
3.151925048e-03,-2.833044021e-03,-5.377313564e-03,4.188293195e-02,7.734892558e-02,1.001567040e-02,-5.627176389e-02,-3.006442131e-02,6.344929359e-04,
4.744568210e-04,-1.282144021e-03,-5.911694355e-04,-2.283895994e-02,-9.669011052e-02,-2.359995032e-01,-3.185146556e-01,-2.226742838e-01,-6.436463498e-02,
1.588478801e-01
l,8.0,6.0
2.450,3.270,4.110,
1.276093053e-07,1.074632916e+01
1.118871011e-02,-1.340787377e-02,-1.254021848e-02,1.736688946e-01,2.815742551e-01,2.033889557e-01,4.445281810e-01,6.734575656e-01,3.169418571e-01,
1.621726561e-03,-4.383388726e-03,-1.772761048e-03,-7.772978547e-02,-3.349912319e-01,-8.398968641e-01,-1.166847480e+00,-8.466498580e-01,-2.555080895e-01,
1.585385936e-01
l,8.0,7.0
2.450,2.990,3.590,
1.897207828e-07,1.241383571e+01
6.444697827e-02,-1.175735697e-02,-1.057162250e-01,3.993125690e+00,2.276325929e+01,6.487291732e+01,1.132868502e+02,1.133075024e+02,4.882192601e+01,
1.860133387e-02,-5.126608247e-02,-1.265808070e-01,-2.819485751e+00,-1.832307440e+01,-6.485841011e+01,-1.274088306e+02,-1.296742066e+02,-5.374650127e+01,
1.591435735e-01
l,8.0,8.0
2.410,2.830,3.250,
4.413007651e-11,2.474826969e+01
7.882487774e-01,-2.041716738e+00,-4.452413503e+00,8.007768640e+01,-7.263672822e+02,-9.045888606e+03,-3.335054292e+04,-5.442999758e+04,-3.391821021e+04,
1.597284096e-01,-5.652492944e-01,-1.659180263e+00,-5.838527149e+01,-5.211111057e+02,-2.642629415e+03,-7.444959162e+03,-1.111259534e+04,-6.936730861e+03,
1.591444219e-01
l,9.0,-9.0
1.790,1.910,2.050,
0.000000000e+00,0.000000000e+00
7.735643237e-08,9.139892001e-07,4.864624400e-05,2.476713702e-03,5.762145841e-02,6.858881819e-01,4.080448007e+00,9.601890007e+00,0.000000000e+00,
8.628369319e-08,-2.114904043e-07,-2.002626937e-05,-1.241987749e-03,-3.587579908e-02,-5.581833494e-01,-4.852233962e+00,-2.210466814e+01,-4.105372342e+01,
1.591435673e-01
l,9.0,-8.0
2.410,2.690,2.990,
0.000000000e+00,0.000000000e+00
3.646663060e-08,-2.004732916e-07,-1.680317438e-05,-6.326754338e-04,-1.060046602e-02,-8.983796792e-02,-4.082009143e-01,-9.508472122e-01,-8.921470704e-01,
2.188750820e-08,-5.700516658e-08,-4.271575940e-07,-1.758275087e-06,1.613952252e-04,2.647270020e-03,1.639783502e-02,4.530668664e-02,4.676975770e-02,
1.591435561e-01
l,9.0,-7.0
2.350,3.170,3.990,
9.934714160e-13,9.793863187e+00
2.590999060e-08,-2.472661486e-08,-4.294020984e-08,3.637140807e-07,5.100575835e-07,-8.620568528e-07,-2.750592228e-06,-2.674652080e-06,-9.454043756e-07,
4.252350057e-09,-1.143151914e-08,-9.368342133e-09,-2.692924236e-07,-1.259709824e-06,-3.276780018e-06,-4.673256815e-06,-3.441197661e-06,-1.038706168e-06,
1.589098156e-01
l,9.0,-6.0
2.470,3.270,4.090,
2.029669328e-12,9.324540943e+00
5.235661860e-08,-4.022408749e-08,-8.883598134e-08,9.766529875e-07,2.948862476e-06,4.442765967e-06,5.194474730e-06,4.231946024e-06,1.522506132e-06,
8.951843696e-09,-2.411994191e-08,-2.213984650e-08,-5.951634937e-07,-2.814511279e-06,-7.378073766e-06,-1.060890192e-05,-7.857175467e-06,-2.377466786e-06,
1.589270274e-01
l,9.0,-5.0
2.570,3.390,4.210,
7.146861688e-12,8.313212990e+00
1.061870023e-07,-8.658788621e-08,-1.772768423e-07,2.015656381e-06,6.739894498e-06,1.222584141e-05,1.579180581e-05,1.232545213e-05,4.054298472e-06,
1.784146519e-08,-4.819657091e-08,-4.016993296e-08,-1.151186980e-06,-5.416784438e-06,-1.413732986e-05,-2.020020912e-05,-1.485005939e-05,-4.461649921e-06,
1.589270067e-01
l,9.0,-4.0
2.670,3.490,4.310,
6.000074591e-13,1.125647498e+01
2.247158051e-07,-1.868272462e-07,-4.098673530e-07,3.320117046e-06,6.637387789e-06,-1.973517767e-06,-1.733900594e-05,-1.891394115e-05,-6.898414271e-06,
3.751431145e-08,-1.015471465e-07,-7.980309122e-08,-2.373802022e-06,-1.115951923e-05,-2.916984962e-05,-4.176690025e-05,-3.077877152e-05,-9.272816205e-06,
1.589581028e-01
l,9.0,-3.0
2.730,3.550,4.390,
4.640324377e-12,9.724983524e+00
5.020440881e-07,-3.339715929e-07,-1.152220426e-06,7.540732893e-06,2.483454002e-05,3.561201344e-05,3.327938642e-05,2.066323278e-05,6.095307432e-06,
8.319794849e-08,-2.255595528e-07,-9.829256699e-08,-3.999435642e-06,-1.724730086e-05,-4.292429035e-05,-5.925352802e-05,-4.213068620e-05,-1.231654620e-05,
1.589270060e-01
l,9.0,-2.0
2.790,3.630,4.470,
1.327631706e-12,1.152828347e+01
1.130448027e-06,-7.958351964e-07,-2.243702248e-06,1.776901260e-05,5.709225507e-05,8.522923272e-05,8.363522038e-05,5.085180469e-05,1.348363697e-05,
1.845244780e-07,-5.010201916e-07,-1.945508351e-07,-8.655024852e-06,-3.701305338e-05,-9.123597859e-05,-1.244604143e-04,-8.748381959e-05,-2.537033584e-05,
1.589581052e-01
l,9.0,-1.0
2.850,3.690,4.530,
3.675833385e-12,1.114440289e+01
2.645494988e-06,-1.874229261e-06,-5.244153576e-06,3.996579106e-05,1.153493190e-04,1.187342125e-04,3.381333047e-05,-2.986638237e-05,-1.962969712e-05,
4.317326657e-07,-1.173518669e-06,-4.817420277e-07,-2.054040042e-05,-8.802615215e-05,-2.175463434e-04,-2.980594231e-04,-2.107144755e-04,-6.145555995e-05,
1.588960092e-01
l,9.0,0.0
2.890,3.730,4.590,
1.855075272e-12,1.246242186e+01
6.433640920e-06,-4.319546849e-06,-1.417099383e-05,8.531865425e-05,2.582082051e-04,3.408355300e-04,3.320906189e-04,2.439726728e-04,8.412501417e-05,
1.010543537e-06,-2.749737885e-06,-9.302836393e-07,-4.535597181e-05,-1.881116491e-04,-4.502483571e-04,-5.938446679e-04,-4.014272706e-04,-1.117265390e-04,
1.589270920e-01
l,9.0,1.0
2.910,3.770,4.630,
2.205049945e-13,1.519018845e+01
1.604624958e-05,-1.144361042e-05,-3.658348953e-05,1.215905659e-04,-1.342568218e-04,-1.915486804e-03,-4.031485661e-03,-3.549347366e-03,-1.171735005e-03,
2.496575551e-06,-6.798016724e-06,-2.741991269e-06,-1.183812172e-04,-5.030944345e-04,-1.231772080e-03,-1.663816085e-03,-1.155342023e-03,-3.297863713e-04,
1.589099449e-01
l,9.0,2.0
2.950,3.790,4.650,
1.438480921e-11,1.208987157e+01
4.175717913e-05,-2.988940300e-05,-7.816119372e-05,6.719244311e-04,2.359281851e-03,4.454861631e-03,6.043229247e-03,4.961328361e-03,1.706289342e-03,
6.513483680e-06,-1.774195707e-05,-7.778928577e-06,-3.104291270e-04,-1.299286154e-03,-3.131327758e-03,-4.169583394e-03,-2.857365289e-03,-8.065442941e-04,
1.589099135e-01
l,9.0,3.0
2.950,3.790,4.670,
3.672809378e-11,1.215065280e+01
1.136224964e-04,-7.854698140e-05,-2.181854745e-04,1.726732742e-03,5.790626458e-03,9.905347302e-03,1.232852127e-02,9.763263364e-03,3.333021996e-03,
1.698666719e-05,-4.628601469e-05,-1.873339680e-05,-7.891608169e-04,-3.254715495e-03,-7.733818318e-03,-1.011731747e-02,-6.795563862e-03,-1.878524449e-03,
1.588478754e-01
l,9.0,4.0
2.910,3.790,4.670,
1.849054841e-10,1.169163188e+01
3.207274131e-04,-2.535071065e-04,-6.246515448e-04,3.769252224e-03,7.747864997e-03,6.818664163e-04,-9.838301318e-03,-9.337324417e-03,-2.713592601e-03,
4.680013339e-05,-1.275285808e-04,-4.256039510e-05,-2.093310270e-03,-8.614976921e-03,-2.052167697e-02,-2.691128740e-02,-1.815348194e-02,-5.051313995e-03,
1.588478955e-01
l,9.0,5.0
2.890,3.770,4.650,
2.368330274e-10,1.262004169e+01
9.587276145e-04,-8.646622026e-04,-1.677571965e-03,1.122890042e-02,1.878929751e-02,-7.791420292e-03,-3.749539252e-02,-3.013912988e-02,-8.054984532e-03,
1.360643640e-04,-3.706933850e-04,-1.266114710e-04,-6.146857995e-03,-2.538423867e-02,-6.074622255e-02,-8.004123299e-02,-5.442382860e-02,-1.529201328e-02,
1.587236408e-01
l,9.0,6.0
2.850,3.710,4.570,
1.421818932e-09,1.223834373e+01
3.168233903e-03,-2.977869278e-03,-5.329942485e-03,3.873699454e-02,5.788590016e-02,-4.861202788e-02,-1.574421321e-01,-1.202328604e-01,-3.105798227e-02,
4.666333162e-04,-1.270166566e-03,-5.009766058e-04,-2.198381606e-02,-9.281506955e-02,-2.268897507e-01,-3.064676430e-01,-2.143105447e-01,-6.197978001e-02,
1.588478042e-01
l,9.0,7.0
2.790,3.630,4.470,
1.004233642e-08,1.187643392e+01
1.164637972e-02,-1.335875180e-02,-1.710701170e-02,1.412521408e-01,8.009067503e-02,-5.068033649e-01,-8.260247425e-01,-4.307049356e-01,-5.587633396e-02,
1.687333563e-03,-4.593243217e-03,-1.701149831e-03,-8.024391577e-02,-3.445443110e-01,-8.620688264e-01,-1.194351783e+00,-8.626502055e-01,-2.591413116e-01,
1.586005499e-01
l,9.0,8.0
2.750,3.350,3.990,
7.265624636e-09,1.404120302e+01
6.662885845e-02,-1.161715943e-02,-1.516324811e-01,3.318024477e+00,1.861298809e+01,4.995160777e+01,8.067810661e+01,7.418735258e+01,2.935462096e+01,
1.749419443e-02,-4.844581783e-02,-9.634945358e-02,-2.265649253e+00,-1.401967632e+01,-4.707387030e+01,-8.705810389e+01,-8.289650389e+01,-3.204472037e+01,
1.591444219e-01
l,9.0,9.0
2.750,3.190,3.630,
1.284811193e-11,2.278167106e+01
7.664284110e-01,-1.788643883e+00,-3.629544626e+00,8.078069494e+01,-2.894230219e+02,-4.870108458e+03,-1.772162795e+04,-2.760578140e+04,-1.626683605e+04,
1.561483502e-01,-5.399300900e-01,-1.521264665e+00,-5.201303085e+01,-4.493032251e+02,-2.185507139e+03,-5.879443921e+03,-8.333097813e+03,-4.917585817e+03,
1.591444218e-01
