l,0.5,-0.5
0.091,0.451,0.811,
1.281137507e-02,2.357382366e+00
1.911637955e-04,-8.234898520e-04,1.153865842e-03,3.412561800e-02,2.627172675e-01,1.850357473e+00,6.570013776e+00,1.078144953e+01,6.816875744e+00,
2.051816182e-05,-1.498702350e-04,-2.291354996e-04,-2.021712907e-02,-2.241228323e-01,-1.388318844e+00,-4.659422373e+00,-8.054406980e+00,-5.658456058e+00,
1.576749790e-01
l,0.5,0.5
0.151,0.371,0.611,
3.622928166e-01,2.759594209e+00
9.207976051e-03,-3.314134843e-03,3.104539771e-01,2.219586833e+01,4.031743047e+02,3.823319920e+03,1.962561088e+04,5.133742556e+04,5.369777189e+04,
3.126134929e-03,-2.071849683e-02,-3.136893780e-01,-1.796953780e+01,-3.615100383e+02,-3.596414804e+03,-1.879596426e+04,-4.949083052e+04,-5.191331179e+04,
1.591447657e-01
l,1.5,-1.5
0.251,0.611,0.991,
1.585603359e-04,4.407817263e+00
1.548282967e-06,-5.657278092e-06,-1.565102274e-06,2.786950230e-04,1.769446769e-03,1.049793122e-02,4.049820988e-02,7.661980955e-02,5.537760162e-02,
1.438216727e-07,-1.082919398e-06,-1.318039690e-06,-1.380478693e-04,-1.460666081e-03,-8.666433948e-03,-2.758237902e-02,-4.491666577e-02,-2.977677488e-02,
1.577981470e-01
l,1.5,-0.5
0.311,0.671,1.051,
1.307458276e-03,4.462345544e+00
3.399061825e-05,-9.120952484e-05,-2.325129215e-04,5.961602056e-03,3.763653129e-02,1.444727514e-01,4.149669181e-01,7.029704423e-01,4.877029659e-01,
3.438722680e-06,-2.608971418e-05,-3.705190581e-05,-3.468703745e-03,-3.669901007e-02,-2.163035825e-01,-6.833222900e-01,-1.096797182e+00,-7.140965860e-01,
1.582603535e-01
l,1.5,0.5
0.351,0.751,1.171,
7.364004549e-03,4.010838150e+00
6.343153073e-04,-1.447749582e-03,-5.828219383e-03,8.421392218e-02,5.657504318e-01,2.056627607e+00,5.371720884e+00,8.516736996e+00,5.717793349e+00,
5.143431763e-05,-3.951359159e-04,2.391101438e-04,-2.508752528e-02,-1.905648498e-01,-9.291605337e-01,-2.421483392e+00,-3.131461000e+00,-1.678367150e+00,
1.577981509e-01
l,1.5,1.5
0.431,0.751,1.111,
1.098748652e-01,4.251382393e+00
1.772739924e-02,4.858937259e-03,-2.422739026e-01,2.795351566e+00,3.859827840e+01,2.148927278e+02,6.751389291e+02,1.150929381e+03,8.200216360e+02,
3.028574038e-03,-2.269084259e-02,-3.135149235e-02,-2.981989224e+00,-3.345405754e+01,-2.068316184e+02,-6.989822005e+02,-1.186342393e+03,-7.989820123e+02,
1.590516034e-01
l,2.5,-2.5
0.451,0.811,1.191,
1.101035358e-06,7.974973498e+00
8.953764841e-09,-2.850686647e-08,-3.164207859e-08,1.971198984e-06,1.666861533e-05,1.023785973e-04,3.971090641e-04,7.949871491e-04,6.253421069e-04,
8.360430521e-10,-6.436743208e-09,-1.204261817e-08,-9.419764481e-07,-1.000585330e-05,-5.908090752e-05,-1.869503110e-04,-3.014697668e-04,-1.973489669e-04,
1.579825289e-01
l,2.5,-1.5
0.511,0.891,1.271,
1.162162716e-04,1.233954413e+01
1.702889989e-07,-4.332473439e-07,-1.283404675e-06,2.600028948e-05,1.437002768e-04,2.794405190e-04,-1.497652206e-04,-1.567397980e-03,-1.881851485e-03,
1.692075345e-08,-1.311680726e-07,-2.552854331e-07,-1.943798404e-05,-2.064795171e-04,-1.216038714e-03,-3.837703475e-03,-6.141948414e-03,-3.975357851e-03,
1.581067805e-01
l,2.5,-0.5
0.591,0.971,1.371,
3.805301775e-05,7.875105606e+00
3.054318995e-06,-5.483827769e-06,-2.927558044e-05,4.837021423e-04,4.405395052e-03,2.060819861e-02,5.998354664e-02,9.773731983e-02,6.644002398e-02,
2.914683799e-07,-2.276158675e-06,-4.724778533e-06,-3.385297921e-04,-3.480748303e-03,-1.965928261e-02,-5.901402642e-02,-8.891641164e-02,-5.374244569e-02,
1.580451080e-01
l,2.5,0.5
0.651,1.051,1.471,
4.475761405e-04,8.867708836e+00
5.477471859e-05,-6.529541769e-05,-7.323057272e-04,3.800232971e-03,3.482273369e-02,9.686252664e-02,7.274859124e-02,-1.499448298e-01,-2.346772955e-01,
4.999738394e-06,-3.929141694e-05,7.622861958e-06,-2.866011031e-03,-2.231422968e-02,-1.085263608e-01,-2.822318303e-01,-3.497171899e-01,-1.667504928e-01,
1.581685691e-01
l,2.5,1.5
0.691,1.131,1.591,
1.343494619e-03,5.693743109e+00
9.914692491e-04,-8.927938904e-04,-1.487596757e-02,1.864980172e-02,3.070851442e-01,9.841309270e-01,1.749498955e+00,1.971238020e+00,1.115455513e+00,
7.270733824e-05,-5.749464928e-04,5.258392092e-04,-3.295885498e-02,-2.234140500e-01,-9.849127479e-01,-2.154723536e+00,-1.919481439e+00,-4.480847325e-01,
1.579523831e-01
l,2.5,2.5
0.751,1.151,1.571,
1.751422181e-02,5.691020960e+00
2.335662954e-02,2.117782340e-02,-3.969269724e-01,-1.540283902e+00,-4.771792648e+00,-2.530258784e+01,-9.252897445e+01,-1.634556413e+02,-1.102755011e+02,
3.175196151e-03,-2.474608577e-02,7.651066173e-03,-1.829364607e+00,-1.596187601e+01,-8.603652677e+01,-2.583812430e+02,-3.738299035e+02,-2.048969328e+02,
1.589274301e-01
l,3.5,-3.5
0.671,1.031,1.411,
2.932717232e-08,2.084436219e+01
4.380302024e-11,-1.301437917e-10,-1.960975619e-10,9.202176845e-09,7.048311767e-08,3.555102317e-07,1.193680573e-06,2.201200564e-06,1.643405626e-06,
4.035258075e-12,-3.159595173e-11,-5.968756488e-11,-4.694286133e-09,-4.973061669e-08,-2.935343404e-07,-9.280974176e-07,-1.492495038e-06,-9.735575361e-07,
1.580316508e-01
l,3.5,-2.5
0.751,1.131,1.511,
2.544166595e-08,1.797100594e+01
7.617400044e-10,-2.264307145e-09,-5.123479467e-09,1.148663298e-07,6.746257273e-07,1.989365921e-06,3.245862800e-06,1.884709900e-06,-8.096887617e-07,
6.903878045e-11,-5.438098003e-10,-5.789593161e-10,-6.959369641e-08,-7.247325399e-07,-4.263719554e-06,-1.338745481e-05,-2.128709025e-05,-1.372664068e-05,
1.580442107e-01
l,3.5,-1.5
0.831,1.211,1.611,
8.612733624e-08,1.899118826e+01
1.349976042e-08,-2.917751056e-08,-1.330624763e-07,1.606817719e-06,1.032296291e-05,2.249519309e-05,-5.955280805e-06,-1.073542583e-04,-1.300644656e-04,
1.177289458e-09,-9.321725189e-09,-1.304707728e-08,-1.252090039e-06,-1.269601664e-05,-7.171004706e-05,-2.143619945e-04,-3.209577889e-04,-1.931393687e-04,
1.582294879e-01
l,3.5,-0.5
0.911,1.311,1.711,
1.619249574e-07,1.363818616e+01
2.238109005e-07,-4.423716016e-07,-2.018467069e-06,3.307577553e-05,2.916164236e-04,1.295266043e-03,3.513235538e-03,5.324232878e-03,3.380761691e-03,
1.997503588e-08,-1.588861005e-07,-2.543751520e-07,-2.218985980e-05,-2.261550644e-04,-1.279301329e-03,-3.834572872e-03,-5.751504587e-03,-3.458404781e-03,
1.582295036e-01
l,3.5,0.5
0.971,1.391,1.811,
1.031880643e-06,1.590934437e+01
3.846308118e-06,-4.994104302e-06,-5.192726238e-05,1.637771990e-04,1.455712909e-03,2.880467377e-03,-1.314567157e-03,-1.126430915e-02,-1.075013636e-02,
3.376277067e-07,-2.696462512e-06,5.554548251e-07,-2.007517300e-04,-1.562264442e-03,-7.639800722e-03,-1.997049543e-02,-2.482982640e-02,-1.182684206e-02,
1.581685691e-01
l,3.5,1.5
1.031,1.471,1.931,
7.689360162e-06,1.239063465e+01
6.725220737e-05,-5.762738507e-05,-1.034284143e-03,-2.859180588e-04,8.110148854e-03,1.105935534e-02,-2.597888476e-02,-6.939611841e-02,-4.281448575e-02,
4.849101247e-06,-3.889311748e-05,4.282465106e-05,-2.211306513e-03,-1.528939244e-02,-7.069855180e-02,-1.638736129e-01,-1.587829416e-01,-4.527151839e-02,
1.581984125e-01
l,3.5,2.5
1.051,1.531,2.011,
1.086894444e-04,9.619075114e+00
1.225454966e-03,-1.855016535e-04,-1.575223886e-02,-3.152356347e-03,1.247010929e-01,-3.539385632e-02,-1.453936765e+00,-3.093374795e+00,-2.043219083e+00,
9.551258180e-05,-7.678117830e-04,-2.885641404e-05,-6.189510739e-02,-4.922934602e-01,-2.479068157e+00,-6.661471531e+00,-8.544406140e+00,-4.187293324e+00,
1.579352629e-01
l,3.5,3.5
1.131,1.571,2.031,
1.828686051e-03,6.936669569e+00
2.698251978e-02,2.737358141e-02,-3.657530044e-01,-1.399954170e+00,-3.280552636e+00,-1.175301666e+01,-3.716927527e+01,-6.037757680e+01,-3.773794295e+01,
3.039055905e-03,-2.420862862e-02,1.614649292e-02,-1.693694104e+00,-1.437645413e+01,-7.748691782e+01,-2.285733579e+02,-3.211232050e+02,-1.704195473e+02,
1.587549189e-01
l,4.5,-4.5
0.931,1.291,1.651,
2.596209427e-13,2.256623205e+01
1.763607028e-13,-6.822201531e-13,-2.033435491e-13,2.859537946e-11,1.103673289e-10,1.338157367e-10,-5.833724136e-10,-2.700185722e-09,-3.191862253e-09,
1.620952486e-14,-1.285900670e-13,-1.117873285e-13,-1.644165278e-11,-1.776613551e-10,-1.100016362e-09,-3.668023216e-09,-6.270641459e-09,-4.379668908e-09,
1.580143830e-01
l,4.5,-3.5
1.011,1.371,1.731,
6.641239977e-13,2.299367456e+01
3.247525079e-12,-1.052949400e-11,-9.391905622e-12,7.099841302e-10,5.362567130e-09,2.564319142e-08,7.775405739e-08,1.268265246e-07,8.250322749e-08,
3.222836750e-13,-2.565696133e-12,-5.031776735e-12,-3.985495758e-10,-4.363903548e-09,-2.679687376e-08,-8.881315321e-08,-1.503679488e-07,-1.034427196e-07,
1.581242113e-01
l,4.5,-2.5
1.091,1.451,1.831,
2.251919427e-12,2.044127140e+01
5.735570005e-11,-1.416334488e-10,-4.048223952e-10,1.115150685e-08,1.039701397e-07,5.592752671e-07,1.860726653e-06,3.373231278e-06,2.503255941e-06,
5.447519498e-12,-4.353950698e-11,-8.894923001e-11,-6.712875706e-09,-7.105199669e-08,-4.180639102e-07,-1.317071633e-06,-2.098230180e-06,-1.348340722e-06,
1.581676828e-01
l,4.5,-1.5
1.171,1.551,1.951,
5.805150226e-12,2.251720588e+01
9.366561970e-10,-2.128498008e-09,-8.983510345e-09,1.112238684e-07,8.140418761e-07,2.907319627e-06,6.593394362e-06,8.950138384e-06,5.308901320e-06,
7.815721457e-11,-6.272999688e-10,-5.080848250e-10,-7.615568392e-08,-7.625648036e-07,-4.317858637e-06,-1.290841882e-05,-1.926628513e-05,-1.155289109e-05,
1.581376608e-01
l,4.5,-0.5
1.251,1.651,2.051,
4.320744655e-11,1.923691462e+01
1.519557991e-08,-3.119256249e-08,-1.376318968e-07,2.179519020e-06,2.076618872e-05,1.036612620e-04,3.158204124e-04,5.267901361e-04,3.607437764e-04,
1.312071303e-09,-1.056364440e-08,-1.163991510e-08,-1.355213807e-06,-1.365065380e-05,-7.720221064e-05,-2.308304592e-04,-3.440288421e-04,-2.052039232e-04,
1.580759762e-01
l,4.5,0.5
1.311,1.731,2.151,
4.659833938e-11,2.493603619e+01
2.565170121e-07,-3.390673036e-07,-3.304146952e-06,1.457468656e-05,1.579154455e-04,6.300340291e-04,1.459543774e-03,1.948195432e-03,1.139820679e-03,
2.199982125e-08,-1.776218737e-07,6.172180207e-08,-1.294182407e-05,-9.986684419e-05,-4.883518659e-04,-1.272960025e-03,-1.565840857e-03,-7.303214014e-04,
1.581985937e-01
l,4.5,1.5
1.391,1.831,2.271,
8.429981679e-10,2.085635022e+01
4.253415227e-06,-5.935531790e-06,-5.675147983e-05,1.369443177e-04,1.039657258e-03,-1.858051613e-04,-1.166733282e-02,-2.762738568e-02,-2.062034086e-02,
3.127491386e-07,-2.532750616e-06,2.499119849e-06,-1.552643856e-04,-1.122098854e-03,-5.438356260e-03,-1.379150504e-02,-1.609821809e-02,-7.001696257e-03,
1.581681372e-01
l,4.5,2.5
1.431,1.891,2.371,
1.134270678e-08,1.936601438e+01
7.659506082e-05,-3.591906064e-05,-8.165879328e-04,7.453527024e-03,8.159258290e-02,3.296113587e-01,7.012250575e-01,7.873724195e-01,3.692616837e-01,
5.205469445e-06,-4.225178561e-05,5.032262284e-05,-2.468038085e-03,-1.746544048e-02,-8.747826336e-02,-2.384414453e-01,-3.120227715e-01,-1.599688601e-01,
1.578427408e-01
l,4.5,3.5
1.451,1.951,2.451,
5.163960450e-06,9.996862059e+00
1.390498015e-03,2.997535964e-04,-1.620874356e-02,2.069488615e-02,5.222490735e-01,2.111684113e+00,4.182872444e+00,4.312576188e+00,1.867772016e+00,
1.019986943e-04,-8.290903562e-04,4.816874062e-04,-5.726364734e-02,-4.282966263e-01,-2.106995794e+00,-5.558448403e+00,-6.948935404e+00,-3.306829981e+00,
1.579209346e-01
l,4.5,4.5
1.511,1.991,2.471,
2.192845067e-04,7.332878006e+00
2.892413922e-02,3.776913788e-02,-2.143832226e-01,3.089757224e-01,9.369466259e+00,4.405178324e+01,1.033196607e+02,1.260456196e+02,6.341305666e+01,
3.241771681e-03,-2.613966891e-02,5.985540849e-03,-2.061299865e+00,-1.762261120e+01,-9.432401064e+01,-2.782269699e+02,-3.960552010e+02,-2.151840983e+02,
1.586628327e-01
l,5.5,-5.5
1.171,1.511,1.871,
0.000000000e+00,0.000000000e+00
7.896440828e-16,-2.755283893e-15,-3.423461115e-15,1.236825345e-13,7.320943891e-13,3.524928457e-12,1.297851583e-11,2.668272100e-11,2.188892371e-11,
7.479323998e-17,-5.986611132e-16,-8.270623293e-16,-8.442569642e-14,-9.173406801e-13,-5.653805766e-12,-1.875252531e-11,-3.174781012e-11,-2.187006600e-11,
1.579681628e-01
l,5.5,-4.5
1.251,1.611,1.971,
0.000000000e+00,0.000000000e+00
1.337856014e-14,-4.627675148e-14,-4.522972891e-14,2.275051266e-12,1.192804792e-11,2.937278620e-11,8.463669872e-12,-1.210952991e-10,-1.818277887e-10,
1.259325194e-15,-1.011405752e-14,-1.146131134e-14,-1.364722718e-12,-1.475604998e-11,-9.093722460e-11,-3.014936936e-10,-5.100813007e-10,-3.514977938e-10,
1.580454624e-01
l,5.5,-3.5
1.351,1.711,2.071,
0.000000000e+00,0.000000000e+00
2.218833976e-13,-7.418696433e-13,-1.039443967e-12,3.625085507e-11,2.368026164e-10,1.063654311e-09,3.449810067e-09,6.410411385e-09,4.857109839e-09,
2.113697453e-14,-1.702758572e-13,-1.931582522e-13,-2.296454615e-11,-2.475535589e-10,-1.518436126e-09,-5.007919243e-09,-8.412929398e-09,-5.749434308e-09,
1.580316508e-01
l,5.5,-2.5
1.431,1.791,2.171,
0.000000000e+00,0.000000000e+00
3.838544066e-12,-9.612992678e-12,-2.893528166e-11,6.868820327e-10,6.546730817e-09,3.686639432e-08,1.302726774e-07,2.514580130e-07,1.978881353e-07,
3.543471160e-13,-2.862440984e-12,-4.862498930e-12,-4.190080438e-10,-4.400003463e-09,-2.582912158e-08,-8.100377843e-08,-1.281876129e-07,-8.182083438e-08,
1.581977072e-01
l,5.5,-1.5
1.511,1.891,2.291,
0.000000000e+00,0.000000000e+00
6.168154182e-11,-1.413946730e-10,-5.646099668e-10,8.593861168e-09,7.426466498e-08,3.305329701e-07,9.007102654e-07,1.380295042e-06,8.920911997e-07,
5.034987232e-12,-4.079445889e-11,-2.732317458e-11,-4.855618128e-09,-4.831582408e-08,-2.728503270e-07,-8.123591048e-07,-1.205595056e-06,-7.186666261e-07,
1.581685651e-01
l,5.5,-0.5
1.591,1.991,2.391,
0.000000000e+00,0.000000000e+00
9.875098517e-10,-2.040334399e-09,-9.761647283e-09,1.109237588e-07,9.310039924e-07,3.728468826e-06,8.994766958e-06,1.227025716e-05,7.086012987e-06,
8.389729655e-11,-6.812840267e-10,-6.860953553e-10,-8.648690656e-08,-8.684679647e-07,-4.913278739e-06,-1.469125775e-05,-2.187133408e-05,-1.301892729e-05,
1.580759762e-01
l,5.5,0.5
1.671,2.071,2.491,
0.000000000e+00,0.000000000e+00
1.643253000e-08,-2.127521087e-08,-2.115070637e-07,8.268251606e-07,9.139795359e-06,3.380005478e-05,6.410330318e-05,6.025538686e-05,1.995415107e-05,
1.397426796e-09,-1.137120069e-08,4.355735633e-09,-8.277611005e-07,-6.370675368e-06,-3.109984321e-05,-8.059250817e-05,-9.760541105e-05,-4.409119921e-05,
1.581985774e-01
l,5.5,1.5
1.751,2.171,2.611,
0.000000000e+00,0.000000000e+00
2.688371978e-07,-3.365441889e-07,-3.549544082e-06,1.385367869e-05,1.624193991e-04,5.949018469e-04,1.073496314e-03,9.255602219e-04,2.677163806e-04,
1.971479714e-08,-1.607878193e-07,2.062407735e-07,-8.835643979e-06,-5.913357605e-05,-2.689589037e-04,-6.264541971e-04,-6.255208994e-04,-2.027264197e-04,
1.581063528e-01
l,5.5,2.5
1.811,2.251,2.691,
0.000000000e+00,0.000000000e+00
4.647360129e-06,-2.490672441e-06,-6.202232698e-05,3.455055997e-04,5.620306616e-03,2.829326030e-02,7.174074695e-02,9.320299657e-02,4.947049578e-02,
3.845176834e-07,-3.140383193e-06,4.160724514e-06,-1.556858132e-04,-8.792974786e-04,-2.871358817e-03,-3.471412233e-03,2.399624961e-03,5.173815751e-03,
1.578885330e-01
l,5.5,3.5
1.851,2.311,2.791,
0.000000000e+00,0.000000000e+00
8.129631169e-05,1.453795386e-05,-1.164592978e-03,-1.825115491e-03,1.875141973e-02,1.073643808e-01,2.365720187e-01,2.368879158e-01,8.454961642e-02,
6.369806760e-06,-5.210673752e-05,5.308685566e-05,-2.971315417e-03,-1.914588176e-02,-8.103220665e-02,-1.799770474e-01,-1.683843089e-01,-4.493187774e-02,
1.578592467e-01
l,5.5,4.5
1.851,2.371,2.891,
3.475471377e-08,1.420045604e+01
1.475760015e-03,8.919798214e-04,-1.584088858e-02,-9.745349599e-04,4.044955976e-01,1.798568948e+00,3.608691512e+00,3.577294544e+00,1.419875654e+00,
1.054654805e-04,-8.638482340e-04,6.340926513e-04,-5.776402872e-02,-4.266804002e-01,-2.095066738e+00,-5.489534961e+00,-6.763010095e+00,-3.147722593e+00,
1.579830387e-01
l,5.5,5.5
1.931,2.411,2.931,
1.488927509e-05,8.910185062e+00
2.950059064e-02,4.548937627e-02,-1.233180605e-01,9.449470700e-01,1.292168692e+01,5.725176362e+01,1.316739325e+02,1.575466832e+02,7.729326980e+01,
2.844367829e-03,-2.316806018e-02,1.631203718e-02,-1.682709254e+00,-1.426702338e+01,-7.708311193e+01,-2.229015155e+02,-3.051635923e+02,-1.579482471e+02,
1.585389848e-01
l,6.5,-6.5
1.431,1.771,2.111,
0.000000000e+00,0.000000000e+00
2.943695918e-18,-1.249725756e-17,3.330003996e-18,4.403475412e-16,8.525369423e-16,-4.494410100e-15,-3.756143187e-14,-1.099455357e-13,-1.164557229e-13,
2.899066984e-19,-2.338091318e-18,-2.587742787e-18,-3.262501919e-16,-3.672605011e-15,-2.379991572e-14,-8.371625742e-14,-1.516522398e-13,-1.122757373e-13,
1.580609757e-01
l,6.5,-5.5
1.511,1.851,2.211,
0.000000000e+00,0.000000000e+00
5.370534978e-17,-1.975286563e-16,-1.042122565e-16,1.143956228e-14,9.448011752e-14,5.876698861e-13,2.286706551e-12,4.623863889e-12,3.689222520e-12,
4.852646832e-18,-3.924046122e-17,-3.352695662e-17,-5.071130714e-15,-5.440598278e-14,-3.357499203e-13,-1.113553391e-12,-1.884307019e-12,-1.299223838e-12,
1.581227424e-01
l,6.5,-4.5
1.591,1.951,2.311,
0.000000000e+00,0.000000000e+00
8.870696006e-16,-3.158042077e-15,-3.618516850e-15,1.406397326e-13,9.232161916e-13,4.689653145e-12,1.665918373e-11,3.209139399e-11,2.455396943e-11,
8.103666026e-17,-6.568811125e-16,-6.176505865e-16,-8.630256814e-14,-9.264935918e-13,-5.702653879e-12,-1.884123859e-11,-3.168671923e-11,-2.167558159e-11,
1.581381214e-01
l,6.5,-3.5
1.691,2.051,2.411,
0.000000000e+00,0.000000000e+00
1.444131036e-14,-4.821747750e-14,-6.232202030e-14,2.270691064e-12,1.341508545e-11,4.920670639e-11,1.239810327e-10,1.811608753e-10,1.081676075e-10,
1.350224640e-15,-1.096911975e-14,-1.205705898e-14,-1.483422079e-12,-1.600671405e-11,-9.865491841e-11,-3.267323856e-10,-5.504063426e-10,-3.767276752e-10,
1.580933337e-01
l,6.5,-2.5
1.771,2.131,2.511,
0.000000000e+00,0.000000000e+00
2.463755111e-13,-6.072113017e-13,-1.701601089e-12,4.484244860e-11,4.105782897e-10,2.115827695e-09,6.621146939e-09,1.130545669e-08,7.940889533e-09,
2.248418106e-14,-1.830311269e-13,-3.084755504e-13,-2.687033900e-11,-2.822029366e-10,-1.659498626e-09,-5.205973288e-09,-8.223022173e-09,-5.229919648e-09,
1.582285509e-01
l,6.5,-1.5
1.871,2.251,2.631,
0.000000000e+00,0.000000000e+00
3.719290067e-12,-1.074111357e-11,-2.727133332e-11,5.309212210e-10,3.973080411e-09,1.711016949e-08,4.869665813e-08,8.028668024e-08,5.573102798e-08,
3.171537914e-13,-2.587532227e-12,-1.682042560e-12,-3.140330215e-10,-3.218485648e-09,-1.886432826e-08,-5.873556020e-08,-9.200989270e-08,-5.832040242e-08,
1.581685651e-01
l,6.5,-0.5
1.951,2.331,2.731,
0.000000000e+00,0.000000000e+00
6.223605659e-11,-1.259628890e-10,-6.085575660e-10,7.290954955e-09,6.497628358e-08,2.815737359e-07,7.311143413e-07,1.064226116e-06,6.533992137e-07,
5.256137377e-12,-4.295589561e-11,-4.243018489e-11,-5.463009707e-09,-5.484437606e-08,-3.104362748e-07,-9.285962481e-07,-1.382000759e-06,-8.218955255e-07,
1.580759762e-01
l,6.5,0.5
2.031,2.431,2.831,
0.000000000e+00,0.000000000e+00
9.917195953e-10,-1.801068442e-09,-8.710157642e-09,1.364372618e-07,1.402262261e-06,7.179248689e-06,2.142436052e-05,3.438833829e-05,2.261932361e-05,
8.712760913e-11,-7.131791814e-10,-1.300306802e-09,-1.054364478e-07,-1.076923812e-06,-6.106425750e-06,-1.835231916e-05,-2.750111885e-05,-1.643043116e-05,
1.582294755e-01
l,6.5,1.5
2.111,2.511,2.931,
0.000000000e+00,0.000000000e+00
1.650009018e-08,-1.808875209e-08,-2.304433595e-07,4.110683900e-07,9.016304161e-06,4.938395516e-05,1.433017304e-04,2.199861141e-04,1.392088191e-04,
1.439937178e-09,-1.180389541e-08,4.816599004e-09,-8.374662950e-07,-6.256769718e-06,-2.911470926e-05,-7.011892309e-05,-7.368677569e-05,-2.437081413e-05,
1.581062136e-01
l,6.5,2.5
2.171,2.591,3.011,
0.000000000e+00,0.000000000e+00
2.725105048e-07,-1.173428771e-07,-6.543544394e-06,-6.420263335e-05,-4.295715764e-04,-1.728944029e-03,-4.258684028e-03,-5.994434404e-03,-3.668795926e-03,
2.802078951e-08,-2.299546165e-07,-1.238269780e-07,-1.912401722e-05,-1.482070464e-04,-6.571511733e-04,-1.366332917e-03,-8.496842303e-04,3.276407826e-04,
1.580427451e-01
l,6.5,3.5
2.231,2.671,3.131,
0.000000000e+00,0.000000000e+00
4.676055141e-06,-6.260289721e-07,-8.732705692e-05,-5.727187988e-04,-2.771845878e-03,-8.820277018e-03,-1.754733071e-02,-1.992950860e-02,-9.927718164e-03,
3.924081103e-07,-3.225317697e-06,2.128361559e-06,-2.035274887e-04,-1.384718315e-03,-5.749760475e-03,-1.134846936e-02,-6.793567862e-03,2.008549968e-03,
1.580435614e-01
l,6.5,4.5
2.271,2.751,3.231,
0.000000000e+00,0.000000000e+00
8.327441174e-05,8.375166574e-06,-1.192376582e-03,-2.761910489e-03,1.021688417e-02,7.435156011e-02,1.772726898e-01,1.958848975e-01,8.375070598e-02,
6.461469621e-06,-5.317193651e-05,5.073857837e-05,-3.143715903e-03,-2.085197831e-02,-9.079067458e-02,-2.080218943e-01,-2.056538589e-01,-6.303934889e-02,
1.578596566e-01
l,6.5,5.5
2.271,2.791,3.331,
8.354791928e-10,1.528994046e+01
1.503073960e-03,1.446035002e-03,-1.338746434e-02,-6.776823951e-04,4.221832972e-01,2.076450237e+00,4.670735448e+00,5.267028917e+00,2.411487725e+00,
1.063361747e-04,-8.758644691e-04,9.118572365e-04,-5.447962934e-02,-4.012787556e-01,-2.009898824e+00,-5.341440834e+00,-6.621584552e+00,-3.084949053e+00,
1.577670078e-01
l,6.5,6.5
2.331,2.831,3.371,
9.931770034e-07,1.010177750e+01
2.906998061e-02,5.414770226e-02,8.665616182e-02,3.402240602e+00,2.993215847e+01,1.243564270e+02,2.795491027e+02,3.270446331e+02,1.559569244e+02,
2.867571852e-03,-2.350321150e-02,1.080363022e-02,-1.792405591e+00,-1.500711073e+01,-7.984875178e+01,-2.290317773e+02,-3.123915492e+02,-1.612761224e+02,
1.584771157e-01
l,7.5,-7.5
1.671,1.991,2.331,
0.000000000e+00,0.000000000e+00
1.267984999e-20,-4.834878630e-20,-2.467662933e-20,2.189334256e-18,9.567679425e-18,2.355719269e-17,2.138515965e-17,-4.802946759e-17,-1.056477004e-16,
1.304290611e-21,-1.057738902e-20,-2.060828808e-20,-1.705816745e-18,-1.937961063e-17,-1.246661401e-16,-4.359318215e-16,-7.843111026e-16,-5.759348879e-16,
1.581227424e-01
l,7.5,-6.5
1.771,2.091,2.431,
0.000000000e+00,0.000000000e+00
2.121350047e-19,-8.075162735e-19,-1.415400280e-21,4.644961962e-17,2.902123399e-16,1.325556723e-15,4.195370046e-15,7.493660884e-15,5.463959680e-15,
2.173886081e-20,-1.766789907e-19,-3.356919783e-19,-2.843256480e-17,-3.238250602e-16,-2.090826983e-15,-7.343247103e-15,-1.327300725e-14,-9.790042860e-15,
1.581844608e-01
l,7.5,-5.5
1.851,2.191,2.531,
0.000000000e+00,0.000000000e+00
3.492888837e-18,-1.305725723e-17,-7.242655964e-19,9.121765503e-16,8.279593763e-15,5.363515596e-14,2.124876157e-13,4.392835929e-13,3.608796206e-13,
3.615715222e-19,-2.944489133e-18,-5.925235919e-18,-4.810700744e-16,-5.456064777e-15,-3.502330421e-14,-1.222949055e-13,-2.194686732e-13,-1.604996424e-13,
1.581844608e-01
l,7.5,-4.5
1.951,2.291,2.651,
0.000000000e+00,0.000000000e+00
5.673420725e-17,-2.037504071e-16,-2.223214084e-16,9.139542173e-15,5.652175123e-14,2.754636729e-13,1.009854530e-12,2.078859678e-12,1.709563890e-12,
5.099795319e-18,-4.162183458e-17,-3.280152431e-17,-5.362421368e-15,-5.745132273e-14,-3.546017294e-13,-1.176445928e-12,-1.988862324e-12,-1.368807355e-12,
1.581690078e-01
l,7.5,-3.5
2.031,2.391,2.751,
0.000000000e+00,0.000000000e+00
9.114321211e-16,-3.044557757e-15,-3.752075018e-15,1.529839777e-13,9.591278468e-13,3.687501028e-12,9.056087364e-12,1.186119965e-11,5.651476896e-12,
8.452026333e-17,-6.909686651e-16,-7.999452084e-16,-9.527753175e-14,-1.028489133e-12,-6.345916502e-12,-2.106630422e-11,-3.556716317e-11,-2.437071211e-11,
1.581242113e-01
l,7.5,-2.5
2.131,2.491,2.851,
0.000000000e+00,0.000000000e+00
1.453095016e-14,-4.438480064e-14,-6.769879428e-14,2.555143554e-12,1.941507088e-11,9.410595392e-11,2.986847468e-10,5.273958386e-10,3.811404598e-10,
1.400516293e-15,-1.146733443e-14,-2.278550287e-14,-1.824748413e-12,-1.996634663e-11,-1.229680703e-10,-4.079471847e-10,-6.878672929e-10,-4.692920569e-10,
1.582594550e-01
l,7.5,-1.5
2.211,2.591,2.971,
0.000000000e+00,0.000000000e+00
2.306672106e-13,-6.497394237e-13,-1.559032330e-12,3.688590805e-11,3.169330359e-10,1.634080831e-09,5.316415412e-09,9.482084114e-09,6.900494794e-09,
1.964382006e-14,-1.611205905e-13,-1.164983379e-13,-1.992220371e-11,-2.046921841e-10,-1.202200062e-09,-3.747400779e-09,-5.864271089e-09,-3.704288642e-09,
1.581676977e-01
l,7.5,-0.5
2.291,2.671,3.071,
0.000000000e+00,0.000000000e+00
3.832978206e-12,-7.514339419e-12,-3.697004622e-11,4.896198888e-10,4.831386427e-09,2.367152569e-08,6.801593418e-08,1.066586471e-07,6.940833477e-08,
3.241907310e-13,-2.662598218e-12,-2.754788945e-12,-3.423329760e-10,-3.435806801e-09,-1.942267199e-08,-5.797253704e-08,-8.592558556e-08,-5.078319020e-08,
1.580759762e-01
l,7.5,0.5
2.391,2.791,3.191,
0.000000000e+00,0.000000000e+00
5.807881953e-11,-1.399917940e-10,-5.322272998e-10,5.985105544e-09,4.424760461e-08,1.519305874e-07,2.912460026e-07,2.790725149e-07,8.417094991e-08,
4.541018995e-12,-3.735127233e-11,-1.932427799e-11,-4.367328539e-09,-4.322472311e-08,-2.445186445e-07,-7.263003506e-07,-1.070055836e-06,-6.307847853e-07,
1.582294755e-01
l,7.5,1.5
2.471,2.871,3.291,
0.000000000e+00,0.000000000e+00
9.661912381e-10,-1.604297892e-09,-1.417731068e-08,-1.612835981e-08,-8.836764940e-08,-6.531735525e-07,-1.870267174e-06,-2.305323097e-06,-1.074220293e-06,
7.478827164e-11,-6.158686060e-10,6.664530221e-10,-3.652656064e-08,-2.569443319e-07,-1.181348432e-06,-2.620973741e-06,-2.102657719e-06,-9.884734724e-08,
1.581671305e-01
l,7.5,2.5
2.531,2.951,3.391,
0.000000000e+00,0.000000000e+00
1.569896924e-08,-2.094126813e-08,-3.626107257e-07,-4.276885095e-06,-3.832197357e-05,-1.718380000e-04,-4.009697411e-04,-4.727390815e-04,-2.242886095e-04,
1.232630217e-09,-1.016154398e-08,1.444737071e-10,-8.455757872e-07,-7.151454626e-06,-3.715972787e-05,-9.512673576e-05,-1.030899618e-04,-3.254288770e-05,
1.583675659e-01
l,7.5,3.5
2.611,3.051,3.491,
0.000000000e+00,0.000000000e+00
2.644461858e-07,-2.988576917e-07,-4.816628521e-06,-3.060825593e-05,-2.107635242e-04,-8.865837764e-04,-2.092371660e-03,-2.637505973e-03,-1.408591358e-03,
2.024661627e-08,-1.670798664e-07,1.476275552e-07,-1.031224560e-05,-7.248101139e-05,-3.237947895e-04,-6.698186718e-04,-4.107941034e-04,1.347231104e-04,
1.581661654e-01
l,7.5,4.5
2.671,3.111,3.571,
0.000000000e+00,0.000000000e+00
4.654258191e-06,-8.325368655e-07,-8.157766939e-05,-5.200934018e-04,-2.607305043e-03,-8.864260730e-03,-1.896275351e-02,-2.304955922e-02,-1.217779301e-02,
3.921687297e-07,-3.238783571e-06,1.258244382e-06,-2.262641217e-04,-1.636133026e-03,-7.294147777e-03,-1.649925504e-02,-1.526741412e-02,-3.348123301e-03,
1.580443409e-01
l,7.5,5.5
2.711,3.191,3.671,
0.000000000e+00,0.000000000e+00
8.352308942e-05,4.103416564e-06,-1.160210777e-03,-2.564937555e-03,1.062179982e-02,7.487997637e-02,1.804101493e-01,2.058925809e-01,9.323727525e-02,
6.432882376e-06,-5.317541253e-05,4.779128086e-05,-3.234859973e-03,-2.184319961e-02,-9.689084998e-02,-2.279699868e-01,-2.373287315e-01,-8.217329757e-02,
1.578597205e-01
l,7.5,6.5
2.691,3.231,3.771,
1.085703138e-11,1.705265349e+01
1.516378019e-03,1.334057772e-03,-1.259189536e-02,1.118169327e-02,4.816850978e-01,2.226915649e+00,4.865844560e+00,5.374996749e+00,2.417983558e+00,
1.055080722e-04,-8.727619394e-04,8.994512622e-04,-5.527731927e-02,-4.125302907e-01,-2.089355487e+00,-5.605664629e+00,-7.028073241e+00,-3.318553280e+00,
1.577978909e-01
l,7.5,7.5
2.751,3.251,3.811,
5.111467418e-09,1.367188984e+01
2.793014981e-02,6.871308581e-02,6.090746109e-01,1.050758146e+01,8.028457492e+01,3.201206000e+02,7.003614022e+02,7.962594245e+02,3.677267409e+02,
2.841446560e-03,-2.340244246e-02,8.301878747e-03,-1.827445276e+00,-1.539608893e+01,-8.203115724e+01,-2.356500257e+02,-3.222697400e+02,-1.668123263e+02,
1.584152328e-01
l,8.5,-8.5
1.931,2.251,2.571,
0.000000000e+00,0.000000000e+00
4.531676157e-23,-2.040411750e-22,1.017640520e-22,8.175191495e-21,4.314092021e-20,2.149635089e-19,6.472603483e-19,8.197663243e-19,1.727757993e-19,
4.936351109e-24,-4.022994859e-23,-6.066471502e-23,-6.197427948e-21,-7.267323754e-20,-4.901879620e-19,-1.806844103e-18,-3.444239219e-18,-2.687281257e-18,
1.580301104e-01
l,8.5,-7.5
2.011,2.331,2.671,
0.000000000e+00,0.000000000e+00
8.239759945e-22,-3.231339234e-21,-8.437766671e-22,1.630290556e-19,1.165250450e-18,7.244032421e-18,2.971391710e-17,6.448760866e-17,5.565514834e-17,
8.195921360e-23,-6.691392890e-22,-8.694678563e-22,-9.714922023e-20,-1.096853232e-18,-7.099197306e-18,-2.490381034e-17,-4.486257494e-17,-3.299934690e-17,
1.580918651e-01
l,8.5,-6.5
2.111,2.431,2.771,
0.000000000e+00,0.000000000e+00
1.355280988e-20,-5.216515142e-20,-8.558538624e-21,3.098810881e-18,2.492763087e-17,1.518606235e-16,5.893257711e-16,1.227926375e-15,1.037366967e-15,
1.358346823e-21,-1.110829838e-20,-1.426159714e-20,-1.599906592e-18,-1.795471725e-17,-1.154648930e-16,-4.025597733e-16,-7.206219129e-16,-5.270450504e-16,
1.580918651e-01
l,8.5,-5.5
2.191,2.531,2.871,
0.000000000e+00,0.000000000e+00
2.202246113e-19,-8.168416653e-19,-4.608284099e-19,4.222952113e-17,2.578950254e-16,1.065773166e-15,2.957537982e-15,4.622083426e-15,2.904060069e-15,
2.250069340e-20,-1.842891625e-19,-3.323159791e-19,-2.914298368e-17,-3.296340548e-16,-2.115845093e-15,-7.373978053e-15,-1.319652505e-14,-9.633089065e-15,
1.582153744e-01
l,8.5,-4.5
2.291,2.631,2.971,
0.000000000e+00,0.000000000e+00
3.539268027e-18,-1.240436146e-17,-3.401976342e-18,9.221766695e-16,7.974227363e-15,4.542116867e-14,1.603221247e-13,3.041424726e-13,2.336230821e-13,
3.718675819e-19,-3.050095358e-18,-6.730611777e-18,-5.152464031e-16,-5.870534792e-15,-3.773943676e-14,-1.320320321e-13,-2.372088853e-13,-1.735355079e-13,
1.581690078e-01
l,8.5,-3.5
2.391,2.731,3.091,
0.000000000e+00,0.000000000e+00
5.635917680e-17,-1.867295917e-16,-2.740582789e-16,1.046542351e-14,8.619005806e-14,5.014403206e-13,1.933108387e-12,4.057331481e-12,3.426049962e-12,
5.207870916e-18,-4.278353365e-17,-4.385685504e-17,-5.771305731e-15,-6.199582774e-14,-3.811667690e-13,-1.261362629e-12,-2.123710482e-12,-1.452715152e-12,
1.580933337e-01
l,8.5,-2.5
2.471,2.831,3.191,
0.000000000e+00,0.000000000e+00
8.913159356e-16,-2.682812015e-15,-3.886476646e-15,1.653326732e-13,1.189867797e-12,5.125959490e-12,1.428255425e-11,2.268804811e-11,1.505184723e-11,
8.596260265e-17,-7.070687405e-16,-1.426272247e-15,-1.137246262e-13,-1.247178220e-12,-7.704241093e-12,-2.569558135e-11,-4.361609542e-11,-2.996259819e-11,
1.582285509e-01
l,8.5,-1.5
2.571,2.931,3.311,
0.000000000e+00,0.000000000e+00
1.405245024e-14,-3.889632446e-14,-1.009167224e-13,2.008482151e-12,1.519983452e-11,6.619384141e-11,1.829786748e-10,2.817877770e-10,1.763595976e-10,
1.200772204e-15,-9.890357396e-15,-8.876440285e-15,-1.273225911e-12,-1.315328697e-11,-7.753573877e-11,-2.430385956e-10,-3.824904733e-10,-2.425049616e-10,
1.581685651e-01
l,8.5,-0.5
2.651,3.031,3.411,
0.000000000e+00,0.000000000e+00
2.216710973e-13,-5.567079758e-13,-1.699555254e-12,3.214420323e-11,2.753022109e-10,1.309508931e-09,3.871247682e-09,6.378679198e-09,4.361315303e-09,
1.975054643e-14,-1.628534973e-13,-2.063313356e-13,-2.236624987e-11,-2.328401680e-10,-1.370425913e-09,-4.299527941e-09,-6.772289101e-09,-4.287136783e-09,
1.580759762e-01
l,8.5,0.5
2.751,3.131,3.531,
0.000000000e+00,0.000000000e+00
3.505298916e-12,-8.243863925e-12,-3.106723972e-11,4.371041457e-10,3.822642179e-09,1.761855641e-08,5.030383139e-08,8.083966583e-08,5.444081862e-08,
2.755599124e-13,-2.274879849e-12,-1.341803459e-12,-2.711336594e-10,-2.689694478e-09,-1.524104831e-08,-4.545775593e-08,-6.732527235e-08,-3.988798732e-08,
1.581985774e-01
l,8.5,1.5
2.831,3.231,3.631,
0.000000000e+00,0.000000000e+00
5.551889157e-11,-1.222020257e-10,-4.831696157e-10,4.851111134e-09,3.602002204e-08,1.462926321e-07,3.986319379e-07,6.245669386e-07,4.013339939e-07,
4.526806281e-12,-3.740627461e-11,-4.680278578e-11,-5.063068106e-09,-5.142371523e-08,-2.953240463e-07,-8.944668653e-07,-1.342757156e-06,-8.002113610e-07,
1.581978275e-01
l,8.5,2.5
2.891,3.311,3.751,
0.000000000e+00,0.000000000e+00
9.182882788e-10,-1.897679324e-09,-8.595782108e-09,-7.626254878e-09,-1.089178361e-06,-9.119872935e-06,-3.046136430e-05,-4.714352024e-05,-2.828805927e-05,
6.299741363e-11,-5.211204104e-10,-1.636196623e-10,-5.289368782e-08,-4.984536964e-07,-2.962693200e-06,-9.306936240e-06,-1.418301600e-05,-8.381335712e-06,
1.582436479e-01
l,8.5,3.5
2.971,3.391,3.831,
0.000000000e+00,0.000000000e+00
1.548976947e-08,-1.850207038e-08,-1.957544319e-07,-3.115089759e-07,-6.106940700e-06,-4.999018039e-05,-1.676929046e-04,-2.608757609e-04,-1.583158831e-04,
1.218684000e-09,-1.008785090e-08,-8.509691443e-10,-8.865597073e-07,-7.557442315e-06,-4.087429726e-05,-1.184305731e-04,-1.653329153e-04,-8.887152794e-05,
1.581663745e-01
l,8.5,4.5
3.031,3.471,3.931,
0.000000000e+00,0.000000000e+00
2.617981067e-07,-1.772508483e-07,-4.627290742e-06,-3.231289838e-05,-2.329368272e-04,-1.020511179e-03,-2.458404119e-03,-3.063387124e-03,-1.564672968e-03,
1.996946885e-08,-1.654330559e-07,9.904549789e-08,-1.163645370e-05,-8.980717395e-05,-4.414107397e-04,-1.102675976e-03,-1.201329664e-03,-4.223704691e-04,
1.581060288e-01
l,8.5,5.5
3.091,3.551,4.031,
0.000000000e+00,0.000000000e+00
4.563958100e-06,-1.022426199e-06,-8.368610237e-05,-5.914828919e-04,-3.321707144e-03,-1.255426919e-02,-2.940076526e-02,-3.830357634e-02,-2.116224651e-02,
3.270065307e-07,-2.711082289e-06,3.586442769e-06,-1.434114916e-04,-8.983461793e-04,-3.661296536e-03,-6.724201612e-03,-2.622650354e-03,2.657989059e-03,
1.580445050e-01
l,8.5,6.5
3.131,3.611,4.111,
0.000000000e+00,0.000000000e+00
8.193888789e-05,3.784301130e-05,-1.125909303e-03,-5.345668029e-03,-1.308457050e-02,-1.915013426e-02,-2.474979277e-02,-3.108429983e-02,-2.016130402e-02,
6.312413779e-06,-5.236371230e-05,4.500103076e-05,-3.241736133e-03,-2.205004860e-02,-9.873624279e-02,-2.363183520e-01,-2.544654804e-01,-9.470451743e-02,
1.578597717e-01
l,8.5,7.5
3.111,3.651,4.211,
1.403465789e-14,2.068084157e+01
1.471961034e-03,1.872387255e-03,-5.884380559e-03,6.744234207e-02,8.484157499e-01,3.673858947e+00,8.039522835e+00,8.957572571e+00,4.044061384e+00,
1.032406127e-04,-8.568855011e-04,1.062138444e-03,-5.109457528e-02,-3.827666160e-01,-1.988478765e+00,-5.442706105e+00,-6.920846127e+00,-3.304177204e+00,
1.577981186e-01
l,8.5,8.5
3.171,3.691,4.271,
4.531411078e-10,1.407068349e+01
2.728636935e-02,6.142791978e-02,3.768453278e-01,5.858055680e+00,4.022487064e+01,1.460863098e+02,2.973092979e+02,3.202611113e+02,1.420240298e+02,
2.354267157e-03,-1.948115507e-02,8.281769449e-03,-1.635874762e+00,-1.421022833e+01,-7.538869461e+01,-2.087160926e+02,-2.727517226e+02,-1.347137599e+02,
1.583533525e-01
