l,0.5,-0.5
0.091,0.431,0.771,
1.279431315e-02,2.313077769e+00
1.834637951e-04,-8.399589249e-04,1.269392667e-03,3.604336465e-02,2.813316247e-01,2.086771019e+00,7.732360788e+00,1.316668691e+01,8.641982218e+00,
1.993705101e-05,-1.530665182e-04,-2.148089505e-04,-2.143677357e-02,-2.453675176e-01,-1.590274223e+00,-5.617755888e+00,-1.026312506e+01,-7.643557468e+00,
1.577058044e-01
l,0.5,0.5
0.151,0.351,0.571,
3.773594097e-01,2.711261467e+00
8.903522044e-03,-4.875251803e-03,2.952677870e-01,2.294926925e+01,4.340616270e+02,4.387045666e+03,2.433847484e+04,6.927410313e+04,7.912093197e+04,
3.139915051e-03,-2.171099232e-02,-3.067801262e-01,-1.837641627e+01,-3.874875942e+02,-4.113380521e+03,-2.321255323e+04,-6.643797836e+04,-7.605758478e+04,
1.591447650e-01
l,1.5,-1.5
0.251,0.571,0.931,
1.202966332e-04,3.993338936e+00
1.658488031e-06,-6.201812587e-06,-3.880792267e-06,3.266023939e-04,2.156808670e-03,1.473186364e-02,6.721363989e-02,1.497802942e-01,1.277703255e-01,
1.580771958e-07,-1.249103158e-06,-1.498106319e-06,-1.678735179e-04,-1.825552182e-03,-1.125688017e-02,-3.744116461e-02,-6.390642395e-02,-4.455576511e-02,
1.577945443e-01
l,1.5,-0.5
0.311,0.631,0.991,
1.201132835e-03,4.201566067e+00
3.457234925e-05,-9.445564446e-05,-2.698030862e-04,8.201447040e-03,7.123047303e-02,4.110049205e-01,1.600514222e+00,3.366245536e+00,2.826221606e+00,
3.571317387e-06,-2.845158908e-05,-3.556360847e-05,-3.877060371e-03,-4.205821983e-02,-2.576926261e-01,-8.506138494e-01,-1.429074487e+00,-9.767569805e-01,
1.583224453e-01
l,1.5,0.5
0.331,0.711,1.111,
1.830124122e-02,4.656927591e+00
6.105495268e-04,-1.491032547e-03,-6.032811186e-03,8.893549485e-02,5.408730080e-01,1.516590995e+00,2.753154134e+00,3.011771137e+00,1.323615987e+00,
4.924164396e-05,-3.975458787e-04,-4.253344088e-04,-5.065777730e-02,-5.089412840e-01,-2.872361409e+00,-8.568840248e+00,-1.284871824e+01,-7.796034002e+00,
1.577673182e-01
l,1.5,1.5
0.411,0.711,1.031,
1.450976310e-01,4.254884334e+00
1.768100075e-02,-9.195666705e-04,-2.449928574e-01,4.105088598e+00,5.405283503e+01,3.093454986e+02,1.019385501e+03,1.841274784e+03,1.397148473e+03,
3.354958025e-03,-2.624383987e-02,-4.480117065e-02,-3.942959935e+00,-4.788049380e+01,-3.232426960e+02,-1.211536677e+03,-2.308458542e+03,-1.760318912e+03,
1.590515916e-01
l,2.5,-2.5
0.431,0.771,1.131,
4.235596865e-06,8.822137759e+00
9.840383619e-09,-3.678891468e-08,-4.921351510e-08,1.071504503e-06,-3.208569123e-06,-5.864924650e-05,-2.592823620e-04,-5.509154870e-04,-4.728269518e-04,
8.808529510e-10,-7.127690931e-09,-5.304495225e-09,-9.006012808e-07,-9.694853780e-06,-6.002344174e-05,-1.998170940e-04,-3.406511963e-04,-2.376017151e-04,
1.579588067e-01
l,2.5,-1.5
0.491,0.851,1.211,
3.520064214e-05,9.660038398e+00
1.783111969e-07,-5.621028126e-07,-1.186898645e-06,3.308707064e-05,1.905712365e-04,6.475884250e-04,1.765378241e-03,3.053509001e-03,2.191475322e-03,
1.670778141e-08,-1.361720002e-07,-1.266798408e-07,-1.790143356e-05,-1.923308824e-04,-1.181453747e-03,-3.898091645e-03,-6.547195613e-03,-4.483862448e-03,
1.582878698e-01
l,2.5,-0.5
0.571,0.931,1.311,
4.076992077e-05,7.197643319e+00
3.055733032e-06,-7.504216410e-06,-3.097361843e-05,5.198314406e-04,4.143889029e-03,1.769571795e-02,5.069686962e-02,8.558703864e-02,6.147856511e-02,
2.668458747e-07,-2.191656120e-06,-1.466366704e-06,-2.676119306e-04,-2.744800157e-03,-1.608099790e-02,-5.001509367e-02,-7.808356475e-02,-4.933387099e-02,
1.580760058e-01
l,2.5,0.5
0.631,0.991,1.391,
3.136175170e-04,7.140304175e+00
5.484003850e-05,-6.430718474e-05,-6.972130838e-04,7.649277522e-03,8.581614392e-02,4.365409285e-01,1.321366163e+00,2.210460743e+00,1.542157607e+00,
5.009873251e-06,-4.136585940e-05,-6.533377915e-05,-5.891830358e-03,-5.986327699e-02,-3.385053411e-01,-1.012503946e+00,-1.501450508e+00,-8.848496559e-01,
1.582294912e-01
l,2.5,1.5
0.651,1.071,1.491,
2.584458440e-03,6.450455355e+00
9.648021078e-04,-1.094125996e-03,-1.507709687e-02,3.344542557e-02,3.657302955e-01,8.185711175e-01,2.462108346e-01,-1.411151787e+00,-1.458093006e+00,
7.905895820e-05,-6.563688873e-04,3.110179523e-04,-4.706994579e-02,-3.558892843e-01,-1.719997886e+00,-4.343845225e+00,-4.978803420e+00,-2.035992940e+00,
1.577364408e-01
l,2.5,2.5
0.711,1.091,1.471,
2.249507198e-02,5.210675320e+00
2.432407066e-02,1.257079459e-02,-3.500878159e-01,1.716550516e+00,3.106344594e+01,1.704281560e+02,4.954396907e+02,7.595337227e+02,4.806181174e+02,
3.361606091e-03,-2.745466375e-02,-2.536954353e-02,-3.519642369e+00,-3.794055842e+01,-2.297949131e+02,-7.543753723e+02,-1.224158625e+03,-7.770848523e+02,
1.589584624e-01
l,3.5,-3.5
0.671,0.991,1.331,
1.008171905e-09,9.776032515e+00
4.916872118e-11,-1.999928350e-10,-3.337727853e-11,1.288363838e-08,1.232782312e-07,9.399930028e-07,4.258010178e-06,9.616170783e-06,8.424960942e-06,
4.750265911e-12,-3.906934195e-11,-3.840821501e-11,-5.367826803e-09,-5.994433341e-08,-3.862993732e-07,-1.348987589e-06,-2.423097086e-06,-1.782298875e-06,
1.579696073e-01
l,3.5,-2.5
0.711,1.051,1.411,
6.218147831e-08,1.716463670e+01
9.258456224e-10,-2.534789418e-09,-6.339113633e-09,2.274059757e-07,2.032275009e-06,1.094525304e-05,3.784838489e-05,7.204754501e-05,5.603661179e-05,
8.915439950e-11,-7.370627605e-10,-1.222673662e-09,-1.113803266e-07,-1.206998878e-06,-7.390789431e-06,-2.434814247e-05,-4.072872014e-05,-2.764585386e-05,
1.582048460e-01
l,3.5,-1.5
0.811,1.151,1.511,
4.741733217e-08,1.155432262e+01
1.465230959e-08,-3.917190444e-08,-1.216825470e-07,3.015108983e-06,2.749806986e-05,1.530259172e-04,5.576869521e-04,1.116553964e-03,9.047146891e-04,
1.410598156e-09,-1.172794667e-08,-1.907194716e-08,-1.769704226e-06,-1.916867636e-05,-1.173866339e-04,-3.863704668e-04,-6.442029964e-04,-4.348918231e-04,
1.582258754e-01
l,3.5,-0.5
0.851,1.231,1.611,
7.378756860e-07,1.836863658e+01
2.411964033e-07,-4.532266934e-07,-2.777793941e-06,3.433217940e-05,3.053119771e-04,1.252352392e-03,3.069676774e-03,4.258709345e-03,2.522092890e-03,
2.221825950e-08,-1.856390180e-07,-2.793218962e-07,-2.689667986e-05,-2.810432409e-04,-1.651817035e-03,-5.171854382e-03,-8.100832586e-03,-5.086861679e-03,
1.582294789e-01
l,3.5,0.5
0.931,1.311,1.711,
1.785914094e-06,1.153853621e+01
3.955035936e-06,-4.984812658e-06,-4.726255095e-05,5.344978503e-04,6.132520891e-03,3.224319263e-02,9.982754075e-02,1.691684982e-01,1.188555475e-01,
3.485335274e-07,-2.924723941e-06,-4.711148274e-06,-4.250837731e-04,-4.318222848e-03,-2.448686390e-02,-7.344249679e-02,-1.091035516e-01,-6.431387070e-02,
1.581985930e-01
l,3.5,1.5
0.971,1.391,1.811,
1.657719917e-05,1.446529289e+01
6.732082693e-05,-6.793616366e-05,-1.130588532e-03,-1.227013315e-04,6.715319963e-03,-2.732539542e-02,-2.200804381e-01,-4.667858794e-01,-3.396327860e-01,
5.446510639e-06,-4.587937491e-05,3.700868080e-05,-3.136788761e-03,-2.367669408e-02,-1.173901053e-01,-3.026098718e-01,-3.456738259e-01,-1.338886313e-01,
1.581067141e-01
l,3.5,2.5
0.991,1.451,1.911,
2.027019312e-04,8.757099879e+00
1.219641999e-03,-6.541419582e-04,-2.103756038e-02,-5.707971200e-02,-3.021361358e-01,-1.990353428e+00,-6.396828189e+00,-9.560624678e+00,-5.469468186e+00,
8.475298233e-05,-7.161772050e-04,5.880778279e-04,-4.975146435e-02,-3.825355321e-01,-1.953512329e+00,-5.108273585e+00,-5.991755181e+00,-2.486423777e+00,
1.578676390e-01
l,3.5,3.5
1.051,1.471,1.891,
3.162780707e-03,6.837035684e+00
2.877745032e-02,2.936220273e-02,-4.158796091e-01,-1.126187649e+00,1.648947692e+00,1.263970983e+01,2.316339186e+01,1.612732941e+01,1.897941108e+00,
3.617319856e-03,-3.016506886e-02,1.305107782e-02,-2.425715077e+00,-2.184718910e+01,-1.239185988e+02,-3.934028801e+02,-6.038382304e+02,-3.531066118e+02,
1.588482043e-01
l,4.5,-4.5
0.871,1.191,1.531,
0.000000000e+00,0.000000000e+00
2.515764019e-13,-9.048157219e-13,-1.098653482e-12,5.287618507e-11,3.759189271e-10,2.138279414e-09,8.605925683e-09,1.846142894e-08,1.547904172e-08,
2.505647525e-14,-2.085403117e-13,-3.742802082e-13,-3.344187981e-11,-3.789330603e-10,-2.441315209e-09,-8.534209459e-09,-1.531087664e-08,-1.121079991e-08,
1.580918651e-01
l,4.5,-3.5
0.951,1.291,1.631,
3.063804716e-12,2.102470207e+01
4.044845188e-12,-1.476837650e-11,-1.221948400e-11,9.490469990e-10,7.108154836e-09,3.861552500e-08,1.437694462e-07,2.927967861e-07,2.400426618e-07,
3.942577464e-13,-3.297121644e-12,-3.177883244e-12,-4.578331141e-10,-5.116781020e-09,-3.303356723e-08,-1.155748087e-07,-2.073161166e-07,-1.520817447e-07,
1.580613368e-01
l,4.5,-2.5
1.031,1.371,1.731,
8.112910553e-12,2.229655181e+01
6.774521222e-11,-1.963907302e-10,-5.160980974e-10,1.436172128e-08,1.244729108e-07,6.570949251e-07,2.268535794e-06,4.357656494e-06,3.427867205e-06,
6.182246818e-12,-5.192022894e-11,-4.023935270e-11,-6.755386820e-09,-7.167576236e-08,-4.379230768e-07,-1.433813307e-06,-2.373797959e-06,-1.596094716e-06,
1.580821577e-01
l,4.5,-1.5
1.111,1.471,1.831,
3.250289772e-11,1.905169638e+01
1.044543008e-09,-2.885651255e-09,-8.609140248e-09,2.016798854e-07,1.794858257e-06,9.674498260e-06,3.436596950e-05,6.785101477e-05,5.458248131e-05,
9.673146269e-11,-8.154297236e-10,-1.091755882e-09,-1.186936625e-07,-1.277140012e-06,-7.827316571e-06,-2.574776193e-05,-4.282727299e-05,-2.883165385e-05,
1.582878698e-01
l,4.5,-0.5
1.171,1.551,1.931,
0.000000000e+00,0.000000000e+00
1.685608986e-08,-3.268921764e-08,-1.878400058e-07,2.338973595e-06,2.110221307e-05,8.916663458e-05,2.248688304e-04,3.196218254e-04,1.928850404e-04,
1.507080616e-09,-1.274705751e-08,-1.875358507e-08,-1.858862186e-06,-1.939682540e-05,-1.142080781e-04,-3.579844584e-04,-5.606425330e-04,-3.515802074e-04,
1.582913114e-01
l,4.5,0.5
1.251,1.631,2.031,
5.198313889e-10,2.036151577e+01
2.714467087e-07,-3.448962455e-07,-3.234986004e-06,3.505750624e-05,4.153280376e-04,2.233259419e-03,6.996227855e-03,1.192874794e-02,8.409422926e-03,
2.341234536e-08,-1.986212082e-07,-2.844381167e-07,-2.828191998e-05,-2.861394844e-04,-1.623359046e-03,-4.866606289e-03,-7.209079773e-03,-4.229293245e-03,
1.582603411e-01
l,4.5,1.5
1.311,1.711,2.131,
3.120191993e-09,2.047437976e+01
4.454595910e-06,-4.101776587e-06,-6.753894122e-05,1.651054128e-04,2.491617234e-03,9.761982667e-03,1.963538017e-02,2.086642818e-02,9.176708917e-03,
3.624025285e-07,-3.082851801e-06,2.225034341e-06,-2.209441805e-04,-1.700315103e-03,-8.623995818e-03,-2.333725158e-02,-2.926088836e-02,-1.355288010e-02,
1.580448633e-01
l,4.5,2.5
1.351,1.791,2.231,
5.009750350e-08,1.833204009e+01
7.689693302e-05,-6.557212469e-05,-8.784449326e-04,7.939627903e-03,7.769320394e-02,2.831416323e-01,5.466274297e-01,5.681247794e-01,2.547921570e-01,
5.607320360e-06,-4.781702337e-05,2.750503046e-05,-3.739065372e-03,-3.013757594e-02,-1.633119571e-01,-4.831322364e-01,-6.952309929e-01,-3.923886777e-01,
1.581135363e-01
l,4.5,3.5
1.351,1.831,2.311,
9.462285995e-06,1.028924293e+01
1.423796057e-03,3.375218449e-04,-1.817513960e-02,2.436906435e-02,6.526729421e-01,2.802149215e+00,5.898002750e+00,6.451992457e+00,2.954195971e+00,
1.025274654e-04,-8.756608640e-04,5.463458201e-04,-6.507384229e-02,-5.006772775e-01,-2.565804194e+00,-7.060262915e+00,-9.186802354e+00,-4.543364167e+00,
1.579208386e-01
l,4.5,4.5
1.431,1.851,2.311,
3.378484859e-04,7.834380904e+00
3.135868907e-02,5.127135114e-02,-2.023297658e-01,9.943914210e-01,1.823474278e+01,9.147908016e+01,2.355858223e+02,3.163124914e+02,1.749162886e+02,
3.697994396e-03,-3.125824868e-02,1.413772495e-02,-2.536971726e+00,-2.254546989e+01,-1.270980127e+02,-3.985142332e+02,-6.028826363e+02,-3.475526778e+02,
1.586929354e-01
l,5.5,-5.5
1.111,1.431,1.751,
0.000000000e+00,0.000000000e+00
1.055350007e-15,-4.621815913e-15,-1.749889970e-15,1.251665733e-13,-4.464504213e-13,-8.684258020e-12,-4.722626304e-11,-1.214614549e-10,-1.215114911e-10,
1.096897113e-16,-9.219285093e-16,-1.102167808e-15,-1.370499172e-13,-1.587557895e-12,-1.066007299e-11,-3.905026969e-11,-7.387455612e-11,-5.732601050e-11,
1.580301104e-01
l,5.5,-4.5
1.191,1.511,1.851,
0.000000000e+00,0.000000000e+00
1.824631958e-14,-6.923131544e-14,-8.359397297e-14,3.436612092e-12,2.344735431e-11,1.354748367e-10,5.647702812e-10,1.253749888e-09,1.086846591e-09,
1.713982783e-15,-1.445869681e-14,-9.794281033e-15,-1.912232515e-12,-2.116181205e-11,-1.362881650e-10,-4.738074831e-10,-8.428024035e-10,-6.135987508e-10,
1.581227424e-01
l,5.5,-3.5
1.271,1.611,1.951,
0.000000000e+00,0.000000000e+00
2.840187937e-13,-1.057900721e-12,-1.024169838e-12,6.200144025e-11,4.558073883e-10,2.404835609e-09,8.720380465e-09,1.745879126e-08,1.414001143e-08,
2.669892556e-14,-2.259642564e-13,-1.464458973e-13,-2.980124337e-11,-3.293780824e-10,-2.120288489e-09,-7.372420950e-09,-1.311709627e-08,-9.555972035e-09,
1.581850578e-01
l,5.5,-2.5
1.351,1.691,2.051,
0.000000000e+00,0.000000000e+00
4.659232201e-12,-1.357540302e-11,-3.792615962e-11,9.381767982e-10,8.322089689e-09,4.427648962e-08,1.520271751e-07,2.904114929e-07,2.278222967e-07,
4.145260135e-13,-3.518667586e-12,-1.980903434e-12,-4.428300527e-10,-4.658921815e-09,-2.837178106e-08,-9.231586306e-08,-1.514614868e-07,-1.009080583e-07,
1.581430654e-01
l,5.5,-1.5
1.431,1.791,2.151,
0.000000000e+00,0.000000000e+00
7.073103214e-11,-1.960008080e-10,-6.229940604e-10,1.278683810e-08,1.128992238e-07,5.899388565e-07,2.034867544e-06,3.955095571e-06,3.160118116e-06,
6.421959752e-12,-5.465780658e-11,-4.719126973e-11,-7.323393824e-09,-7.785802545e-08,-4.762644407e-07,-1.561029241e-06,-2.580270641e-06,-1.726241684e-06,
1.581340503e-01
l,5.5,-0.5
1.511,1.871,2.251,
0.000000000e+00,0.000000000e+00
1.127147042e-09,-2.180710551e-09,-1.252008762e-08,1.527127766e-07,1.383891513e-06,5.813619606e-06,1.442188284e-05,2.030536878e-05,1.236454468e-05,
9.938026387e-11,-8.478857766e-10,-1.180744070e-09,-1.229178593e-07,-1.280308320e-06,-7.546335272e-06,-2.367940299e-05,-3.708920775e-05,-2.324094684e-05,
1.582913114e-01
l,5.5,0.5
1.591,1.971,2.351,
0.000000000e+00,0.000000000e+00
1.730366961e-08,-3.317802183e-08,-1.818053999e-07,2.555602704e-06,2.534070590e-05,1.184998591e-04,3.211665186e-04,4.741831536e-04,2.908000749e-04,
1.533053157e-09,-1.310856736e-08,-1.947544671e-08,-1.928767013e-06,-2.008916510e-05,-1.180589478e-04,-3.693144134e-04,-5.764681000e-04,-3.596686797e-04,
1.582603411e-01
l,5.5,1.5
1.651,2.051,2.451,
0.000000000e+00,0.000000000e+00
2.818659937e-07,-3.958154239e-07,-3.471846884e-06,3.353620652e-05,3.866829952e-04,1.851636935e-03,4.928306460e-03,7.080261924e-03,4.258299907e-03,
2.357420713e-08,-2.019833758e-07,-1.799934876e-07,-2.621129583e-05,-2.606066715e-04,-1.469259804e-03,-4.381285257e-03,-6.451163131e-03,-3.767023234e-03,
1.580139831e-01
l,5.5,2.5
1.711,2.131,2.551,
0.000000000e+00,0.000000000e+00
4.769678981e-06,-4.916216767e-06,-5.585109931e-05,7.697426346e-04,8.814151054e-03,3.923873780e-02,9.055880828e-02,1.074637186e-01,5.182172315e-02,
3.620862644e-07,-3.108136842e-06,4.893465944e-06,-1.688558577e-04,-1.060662028e-03,-4.667367302e-03,-1.150113115e-02,-1.371178332e-02,-6.967125953e-03,
1.578478896e-01
l,5.5,3.5
1.751,2.191,2.631,
6.112746785e-11,2.216979620e+01
8.401332161e-05,-2.678731975e-05,-1.199370146e-03,3.342780575e-03,6.833777594e-02,3.325460399e-01,8.032980889e-01,9.969667666e-01,5.077144929e-01,
6.602022539e-06,-5.674935317e-05,6.243394837e-05,-3.514165850e-03,-2.385115583e-02,-1.085404371e-01,-2.647571355e-01,-2.855174878e-01,-1.035526872e-01,
1.578591508e-01
l,5.5,4.5
1.731,2.211,2.711,
1.581946281e-07,1.331443053e+01
1.536743948e-03,1.529254479e-03,-1.540016597e-02,7.617606561e-03,6.144644906e-01,3.101672141e+00,7.257479808e+00,8.483707507e+00,4.002529768e+00,
1.201800521e-04,-1.034100049e-03,5.360520519e-04,-7.781844749e-02,-5.924497157e-01,-2.990068851e+00,-8.235271560e+00,-1.077541003e+01,-5.345311276e+00,
1.577980036e-01
l,5.5,5.5
1.791,2.251,2.731,
3.009474983e-05,8.993432990e+00
3.341336176e-02,5.736375480e-02,-9.047633311e-02,2.307446355e+00,2.675677136e+01,1.221894876e+02,2.945147817e+02,3.691707564e+02,1.893592373e+02,
3.657313308e-03,-3.121170025e-02,1.307282482e-02,-2.579510603e+00,-2.264526619e+01,-1.265906420e+02,-3.906217966e+02,-5.796641003e+02,-3.273592614e+02,
1.586628682e-01
l,6.5,-6.5
1.331,1.651,1.971,
0.000000000e+00,0.000000000e+00
4.672840060e-18,-2.081075467e-17,1.061907957e-17,1.170600457e-15,8.444739765e-15,5.584333788e-14,2.404459401e-13,5.352919432e-13,4.701807810e-13,
4.729782036e-19,-4.005473776e-18,-3.894087808e-18,-5.817420811e-16,-6.759052428e-15,-4.581688067e-14,-1.695673220e-13,-3.244423600e-13,-2.547841887e-13,
1.580918651e-01
l,6.5,-5.5
1.411,1.731,2.071,
0.000000000e+00,0.000000000e+00
8.030295856e-17,-3.145140972e-16,-2.785280580e-16,1.809701120e-14,1.454618667e-13,9.211999972e-13,3.727299765e-12,7.820547916e-12,6.432019531e-12,
7.346048928e-18,-6.239087883e-17,-3.446853178e-17,-8.085703009e-15,-8.835621474e-14,-5.653029711e-13,-1.950284106e-12,-3.438964350e-12,-2.482178058e-12,
1.581844608e-01
l,6.5,-4.5
1.511,1.831,2.171,
0.000000000e+00,0.000000000e+00
1.243953010e-15,-4.785151784e-15,-5.252321553e-15,2.344351354e-13,1.640421143e-12,9.969293250e-12,4.279326136e-11,9.678997404e-11,8.534967576e-11,
1.137847877e-16,-9.689186330e-16,-5.112443777e-16,-1.259648776e-13,-1.388279437e-12,-8.963016732e-12,-3.119757757e-11,-5.546757882e-11,-4.033013917e-11,
1.582153744e-01
l,6.5,-3.5
1.591,1.931,2.271,
0.000000000e+00,0.000000000e+00
1.900882033e-14,-7.046945683e-14,-7.609887282e-14,3.952606945e-12,2.942112000e-11,1.588668895e-10,5.818387420e-10,1.165168777e-09,9.392459953e-10,
1.758708116e-15,-1.501170697e-14,-9.589714974e-15,-1.990848639e-12,-2.194054767e-11,-1.411652177e-10,-4.896828843e-10,-8.668129363e-10,-6.271677382e-10,
1.582468729e-01
l,6.5,-2.5
1.671,2.011,2.371,
0.000000000e+00,0.000000000e+00
3.075628131e-13,-8.795995337e-13,-2.647234531e-12,5.843925564e-11,5.375887475e-10,2.974320172e-09,1.043938475e-08,2.013623031e-08,1.585732974e-08,
2.711271030e-14,-2.319279816e-13,-1.313367523e-13,-2.935278552e-11,-3.082665035e-10,-1.875510773e-09,-6.080987159e-09,-9.903060060e-09,-6.528544443e-09,
1.581739527e-01
l,6.5,-1.5
1.771,2.111,2.471,
0.000000000e+00,0.000000000e+00
4.627223084e-12,-1.253204930e-11,-4.357155830e-11,7.588445429e-10,6.351096789e-09,2.908090034e-08,8.542652482e-08,1.447882606e-07,1.038256447e-07,
4.173211093e-13,-3.576977975e-12,-2.901166969e-12,-4.759127394e-10,-5.042054846e-09,-3.076583435e-08,-1.004021651e-07,-1.648163905e-07,-1.093591034e-07,
1.581340503e-01
l,6.5,-0.5
1.851,2.211,2.571,
0.000000000e+00,0.000000000e+00
6.973942257e-11,-1.811492901e-10,-6.165234922e-10,1.197356583e-08,1.018016782e-07,4.429425304e-07,1.151662224e-06,1.651988210e-06,9.820969350e-07,
6.412171895e-12,-5.506148236e-11,-5.915727354e-11,-7.706415605e-09,-8.233036534e-08,-5.043229203e-07,-1.657225695e-06,-2.741978744e-06,-1.830136462e-06,
1.580760058e-01
l,6.5,0.5
1.911,2.291,2.671,
0.000000000e+00,0.000000000e+00
1.110311953e-09,-2.048677784e-09,-1.175209686e-08,1.561940070e-07,1.584403838e-06,7.603398120e-06,2.106394776e-05,3.164371374e-05,1.964499425e-05,
9.854481475e-11,-8.476418364e-10,-1.372231814e-09,-1.280765808e-07,-1.337977814e-06,-7.876721434e-06,-2.467951978e-05,-3.853345053e-05,-2.399491497e-05,
1.582912694e-01
l,6.5,1.5
1.991,2.371,2.771,
0.000000000e+00,0.000000000e+00
1.779972081e-08,-2.177337487e-08,-2.423987993e-07,1.330747040e-06,1.877952505e-05,9.757118377e-05,2.703930925e-04,3.909895330e-04,2.300661775e-04,
1.507649638e-09,-1.298855001e-08,-1.045498683e-08,-1.647846195e-06,-1.627476622e-05,-9.074582210e-05,-2.650172027e-04,-3.770939200e-04,-2.099855403e-04,
1.580138566e-01
l,6.5,2.5
2.051,2.451,2.851,
0.000000000e+00,0.000000000e+00
2.912460957e-07,-1.402467052e-07,-5.411361230e-06,-1.761161112e-05,4.911315047e-05,6.512165975e-04,2.121432002e-03,2.905467860e-03,1.405771431e-03,
2.739264085e-08,-2.362676729e-07,-1.598132622e-07,-2.770653504e-05,-2.651244108e-04,-1.368852556e-03,-3.519498897e-03,-4.034321665e-03,-1.529132303e-03,
1.578478896e-01
l,6.5,3.5
2.111,2.531,2.951,
0.000000000e+00,0.000000000e+00
4.896633072e-06,-2.566542396e-06,-9.051012185e-05,-2.897319561e-04,3.631054030e-04,7.142385234e-03,2.616438163e-02,4.233761312e-02,2.631597097e-02,
4.193811175e-07,-3.622237806e-06,2.828943720e-06,-2.378818379e-04,-1.617631401e-03,-6.673409358e-03,-1.234424795e-02,-3.551575385e-03,7.769617011e-03,
1.580433829e-01
l,6.5,4.5
2.151,2.591,3.051,
0.000000000e+00,0.000000000e+00
8.792085282e-05,-3.342180898e-06,-1.420415561e-03,-3.391438977e-03,1.045936274e-02,7.339771516e-02,1.441120303e-01,9.674306586e-02,-3.718035111e-03,
6.401632842e-06,-5.536195073e-05,7.403898332e-05,-3.179238874e-03,-2.033547423e-02,-8.903590456e-02,-1.991761444e-01,-1.711276462e-01,-2.549778452e-02,
1.579521996e-01
l,6.5,5.5
2.111,2.611,3.131,
6.531548554e-09,1.407971972e+01
1.616855967e-03,1.838118438e-03,-1.570394228e-02,-2.014349327e-02,3.991034866e-01,2.305105809e+00,5.680330546e+00,6.908839178e+00,3.395309770e+00,
1.159049009e-04,-1.003097212e-03,1.111810460e-03,-6.638317764e-02,-4.975101182e-01,-2.572758346e+00,-7.110372605e+00,-9.147544568e+00,-4.407709439e+00,
1.576746827e-01
l,6.5,6.5
2.171,2.651,3.151,
2.367925499e-06,1.010975533e+01
3.446296975e-02,6.292881675e-02,2.836677094e-02,3.642241340e+00,3.538974667e+01,1.538854540e+02,3.585597435e+02,4.344013087e+02,2.147923219e+02,
3.527792628e-03,-3.032215391e-02,1.751587356e-02,-2.441077263e+00,-2.124461479e+01,-1.188480039e+02,-3.632223220e+02,-5.300124263e+02,-2.932030779e+02,
1.585080561e-01
l,7.5,-7.5
1.571,1.871,2.171,
0.000000000e+00,0.000000000e+00
2.034030018e-20,-9.075810012e-20,9.683337837e-20,6.799155604e-18,6.517090491e-17,5.203567359e-16,2.511004000e-15,6.202187726e-15,6.040448382e-15,
2.387635755e-21,-2.033158226e-20,-4.746325273e-20,-3.830206508e-18,-4.775461713e-17,-3.416736127e-16,-1.350103988e-15,-2.776179500e-15,-2.342170684e-15,
1.581227424e-01
l,7.5,-6.5
1.651,1.951,2.271,
0.000000000e+00,0.000000000e+00
3.479808992e-19,-1.362262701e-18,-2.704654287e-19,8.745636469e-17,5.169781795e-16,2.072910361e-15,5.824034122e-15,9.865929838e-15,7.279399771e-15,
3.691862599e-20,-3.151242609e-19,-5.933975041e-19,-5.364065660e-17,-6.321433827e-16,-4.270201096e-15,-1.578971716e-14,-3.015074741e-14,-2.357648718e-14,
1.582153744e-01
l,7.5,-5.5
1.751,2.051,2.371,
0.000000000e+00,0.000000000e+00
5.370807203e-18,-2.110818842e-17,-8.655746646e-18,1.390705023e-15,1.044776362e-14,5.551386549e-14,1.841284355e-13,3.087035667e-13,1.840048003e-13,
5.695209174e-19,-4.871804973e-18,-9.080255013e-18,-8.271359982e-16,-9.709370476e-15,-6.531557068e-14,-2.403182477e-13,-4.558700241e-13,-3.536116950e-13,
1.582462758e-01
l,7.5,-4.5
1.831,2.151,2.491,
0.000000000e+00,0.000000000e+00
8.178500814e-17,-3.147370576e-16,-3.450883123e-16,1.590229203e-14,1.084900136e-13,6.349779741e-13,2.720105572e-12,6.267172674e-12,5.651592645e-12,
7.386749337e-18,-6.333793184e-17,-2.730829364e-17,-8.162599672e-15,-8.981373353e-14,-5.809554758e-13,-2.028630422e-12,-3.621243490e-12,-2.645021550e-12,
1.582462758e-01
l,7.5,-3.5
1.911,2.251,2.591,
0.000000000e+00,0.000000000e+00
1.233580986e-15,-4.534542342e-15,-5.303651502e-15,2.484832806e-13,1.763222844e-12,9.251177082e-12,3.410172197e-11,6.962892946e-11,5.710892325e-11,
1.135046357e-16,-9.750079591e-16,-6.588145774e-16,-1.313737977e-13,-1.449353052e-12,-9.345592323e-12,-3.253287840e-11,-5.776136683e-11,-4.185210236e-11,
1.582468729e-01
l,7.5,-2.5
2.011,2.351,2.691,
0.000000000e+00,0.000000000e+00
1.851220999e-14,-6.454267005e-14,-1.106039015e-13,2.927184315e-12,1.508223663e-11,3.846238147e-11,5.140427507e-11,1.262320125e-11,-4.050767198e-11,
1.741046343e-15,-1.498060682e-14,-1.330349927e-14,-2.092108259e-12,-2.314024593e-11,-1.486653954e-10,-5.154177085e-10,-9.093469465e-10,-6.532030063e-10,
1.582048460e-01
l,7.5,-1.5
2.091,2.431,2.791,
0.000000000e+00,0.000000000e+00
2.950612031e-13,-7.743131351e-13,-2.800333247e-12,4.743364033e-11,4.110549852e-10,1.987468264e-09,6.099623627e-09,1.060893035e-08,7.702391545e-09,
2.666936961e-14,-2.298282125e-13,-2.278482169e-13,-3.176431192e-11,-3.380738055e-10,-2.067276912e-09,-6.758932080e-09,-1.109579623e-08,-7.340756480e-09,
1.581649540e-01
l,7.5,-0.5
2.171,2.531,2.891,
0.000000000e+00,0.000000000e+00
4.424394878e-12,-1.107892094e-11,-3.828296255e-11,7.948031939e-10,7.102201676e-09,3.265190736e-08,8.823464636e-08,1.296169398e-07,7.822445684e-08,
4.084253913e-13,-3.524742960e-12,-5.590988134e-12,-5.430948150e-10,-5.858489936e-09,-3.590221969e-08,-1.181086483e-07,-1.958096063e-07,-1.308051840e-07,
1.582913114e-01
l,7.5,0.5
2.251,2.631,3.011,
0.000000000e+00,0.000000000e+00
6.682072951e-11,-1.667928339e-10,-7.346532292e-10,7.025732988e-09,4.985125263e-08,1.460180478e-07,1.960648003e-07,4.001571687e-08,-1.237415690e-07,
5.251420496e-12,-4.539256155e-11,-1.223403422e-11,-5.380678323e-09,-5.416986295e-08,-3.176084850e-07,-9.799597906e-07,-1.496572243e-06,-9.152644219e-07,
1.582912694e-01
l,7.5,1.5
2.331,2.711,3.091,
0.000000000e+00,0.000000000e+00
1.068974020e-09,-1.888338981e-09,-1.183413490e-08,1.150490373e-07,1.307647225e-06,7.105203145e-06,2.225171940e-05,3.714528810e-05,2.524385985e-05,
9.528145795e-11,-8.244189198e-10,-1.399729666e-09,-1.257472037e-07,-1.314203486e-06,-7.720884709e-06,-2.402467282e-05,-3.701182989e-05,-2.258993785e-05,
1.582599817e-01
l,7.5,2.5
2.391,2.791,3.191,
0.000000000e+00,0.000000000e+00
1.699627994e-08,-1.861621905e-08,-2.953584955e-07,-2.452478445e-06,-1.793864003e-05,-6.148933803e-05,-9.691929385e-05,-6.194828090e-05,-1.003116975e-05,
1.452871394e-09,-1.258564025e-08,-1.281772750e-08,-1.618307986e-06,-1.636046524e-05,-9.243381847e-05,-2.619093287e-04,-3.402181310e-04,-1.576826330e-04,
1.582327178e-01
l,7.5,3.5
2.451,2.871,3.291,
0.000000000e+00,0.000000000e+00
2.841833862e-07,-3.112542320e-07,-6.029786598e-06,-4.165036243e-05,-2.746722128e-04,-1.054807663e-03,-2.157063125e-03,-2.185988829e-03,-8.589548604e-04,
2.212652582e-08,-1.918838785e-07,1.929753015e-07,-1.244855191e-05,-8.894872860e-05,-4.051633846e-04,-8.230755192e-04,-3.502848314e-04,4.215412291e-04,
1.581668543e-01
l,7.5,4.5
2.511,2.931,3.371,
0.000000000e+00,0.000000000e+00
4.965887911e-06,-1.489314665e-06,-1.039682365e-04,-7.680036825e-04,-4.698641355e-03,-1.988368240e-02,-5.279397079e-02,-7.813708427e-02,-4.881441766e-02,
4.000342844e-07,-3.472027322e-06,3.526382997e-06,-2.188221138e-04,-1.495937396e-03,-6.485221051e-03,-1.322600169e-02,-7.280803578e-03,3.956865351e-03,
1.579209330e-01
l,7.5,5.5
2.551,2.991,3.451,
0.000000000e+00,0.000000000e+00
9.002714069e-05,2.044907989e-05,-1.406735237e-03,-5.196943838e-03,-1.352783092e-03,4.932989877e-02,1.618480665e-01,2.235007260e-01,1.203746514e-01,
7.233850001e-06,-6.283386269e-05,5.260998566e-05,-4.211483245e-03,-2.951069558e-02,-1.356639611e-01,-3.334002699e-01,-3.609866370e-01,-1.269621328e-01,
1.577978661e-01
l,7.5,6.5
2.511,3.031,3.551,
1.508648062e-11,1.812522803e+01
1.693487051e-03,1.409564177e-03,-1.814594065e-02,-2.741157321e-02,3.211863600e-01,1.726411286e+00,3.742355333e+00,3.901590229e+00,1.615407644e+00,
1.099629215e-04,-9.558644701e-04,1.257050007e-03,-6.151272629e-02,-4.631589822e-01,-2.435975905e+00,-6.714460413e+00,-8.534588678e+00,-4.049348631e+00,
1.578289718e-01
l,7.5,7.5
2.551,3.051,3.571,
1.605166271e-07,1.124921107e+01
3.472172841e-02,6.780338684e-02,1.540122434e-01,5.014582987e+00,4.388398052e+01,1.831626235e+02,4.127849653e+02,4.831752790e+02,2.303129526e+02,
3.344907678e-03,-2.890971196e-02,1.818905693e-02,-2.320898479e+00,-2.002307662e+01,-1.115443042e+02,-3.360724683e+02,-4.806790601e+02,-2.598644321e+02,
1.585080255e-01
l,8.5,-8.5
1.811,2.111,2.411,
0.000000000e+00,0.000000000e+00
7.883396890e-23,-4.050120800e-22,4.245775142e-22,1.832395352e-20,1.422336747e-19,1.152641575e-18,5.328970667e-18,1.209158670e-17,1.066789376e-17,
8.489852636e-24,-7.268343977e-23,-5.702670663e-23,-1.065069355e-20,-1.292809374e-19,-9.248079655e-19,-3.628280745e-18,-7.400323160e-18,-6.210013620e-18,
1.582153744e-01
l,8.5,-7.5
1.891,2.191,2.491,
0.000000000e+00,0.000000000e+00
1.358984035e-21,-6.197062588e-21,6.328804184e-21,4.319407107e-19,4.071056916e-18,3.196726397e-17,1.505645367e-16,3.639102814e-16,3.484096603e-16,
1.550927788e-22,-1.329848273e-21,-2.646680871e-21,-2.389110231e-19,-2.959888467e-18,-2.117705363e-17,-8.351268692e-17,-1.711783963e-16,-1.440111191e-16,
1.582462758e-01
l,8.5,-6.5
1.971,2.271,2.591,
0.000000000e+00,0.000000000e+00
2.286255966e-20,-8.958060349e-20,-2.910099618e-20,5.712885469e-18,3.693099744e-17,1.649275003e-16,4.793950979e-16,7.712204642e-16,5.022398889e-16,
2.383608857e-21,-2.047526599e-20,-3.436780185e-20,-3.377516122e-18,-3.958324685e-17,-2.669679425e-16,-9.830344265e-16,-1.865407535e-15,-1.449622196e-15,
1.582771833e-01
l,8.5,-5.5
2.071,2.371,2.691,
0.000000000e+00,0.000000000e+00
3.480426017e-19,-1.348807550e-18,-9.043091506e-19,8.857188147e-17,6.919276819e-16,3.729502759e-15,1.239434736e-14,2.117769987e-14,1.341581027e-14,
3.657186241e-20,-3.146778336e-19,-5.411484882e-19,-5.216500493e-17,-6.094188285e-16,-4.087874728e-15,-1.496792631e-14,-2.821732272e-14,-2.176672752e-14,
1.582771833e-01
l,8.5,-4.5
2.151,2.471,2.791,
0.000000000e+00,0.000000000e+00
5.244380091e-18,-1.955076036e-17,-1.064383474e-17,1.421612654e-15,1.182547449e-14,6.991457706e-14,2.707080242e-13,5.725919290e-13,4.900263009e-13,
5.602401173e-19,-4.827972563e-18,-9.503865249e-18,-8.380324211e-16,-9.899815918e-15,-6.693730827e-14,-2.477298595e-13,-4.724988404e-13,-3.683176760e-13,
1.582462758e-01
l,8.5,-3.5
2.251,2.571,2.911,
0.000000000e+00,0.000000000e+00
7.842672765e-17,-2.832383802e-16,-3.681776529e-16,1.736194517e-14,1.394104232e-13,8.199001566e-13,3.306619347e-12,7.363705545e-12,6.620938151e-12,
7.212303044e-18,-6.225987751e-17,-3.751391014e-17,-8.304713268e-15,-9.139009102e-14,-5.883871213e-13,-2.047764106e-12,-3.638444263e-12,-2.641663648e-12,
1.582159533e-01
l,8.5,-2.5
2.331,2.671,3.011,
0.000000000e+00,0.000000000e+00
1.168206030e-15,-3.999387477e-15,-7.122637590e-15,1.903656396e-13,9.409258694e-13,1.919364569e-12,5.552055952e-13,-4.774108959e-12,-6.832350556e-12,
1.101775259e-16,-9.523594866e-16,-9.156307639e-16,-1.357310574e-13,-1.506065563e-12,-9.701440067e-12,-3.380864869e-11,-6.001561318e-11,-4.335309221e-11,
1.581739527e-01
l,8.5,-1.5
2.431,2.771,3.111,
0.000000000e+00,0.000000000e+00
1.740700987e-14,-5.639966595e-14,-9.339123198e-14,3.696415474e-12,3.046722167e-11,1.570229160e-10,5.185433119e-10,9.434583866e-10,6.994025579e-10,
1.681270557e-15,-1.455062155e-14,-1.834304846e-14,-2.175878355e-12,-2.423036983e-11,-1.556070609e-10,-5.406255450e-10,-9.550320233e-10,-6.847596186e-10,
1.581340503e-01
l,8.5,-0.5
2.511,2.851,3.211,
0.000000000e+00,0.000000000e+00
2.758330131e-13,-6.649728093e-13,-2.320886790e-12,5.524126638e-11,5.729693933e-10,3.309215976e-09,1.154218250e-08,2.189848289e-08,1.705863709e-08,
2.566110709e-14,-2.223419338e-13,-3.920732335e-13,-3.534992484e-11,-3.826903069e-10,-2.348994025e-09,-7.744394209e-09,-1.285837199e-08,-8.587331930e-09,
1.582913114e-01
l,8.5,0.5
2.591,2.951,3.331,
0.000000000e+00,0.000000000e+00
4.148736910e-12,-1.001888253e-11,-4.589712034e-11,4.714143095e-10,3.700147429e-09,1.398171493e-08,3.348074678e-08,4.924066876e-08,3.230902484e-08,
3.285039059e-13,-2.850023961e-12,-8.582360357e-13,-3.414815874e-10,-3.447487543e-09,-2.028407054e-08,-6.298081955e-08,-9.689805413e-08,-5.968138932e-08,
1.582294369e-01
l,8.5,1.5
2.671,3.051,3.431,
0.000000000e+00,0.000000000e+00
6.288190801e-11,-1.525177692e-10,-6.165070463e-10,6.985060435e-09,5.966119871e-08,2.963446559e-07,9.786189344e-07,1.801868841e-06,1.342768797e-06,
5.000584542e-12,-4.342767044e-11,-2.818434826e-11,-5.582959460e-09,-5.720811921e-08,-3.394032446e-07,-1.060374107e-06,-1.635580560e-06,-1.002669304e-06,
1.582907832e-01
l,8.5,2.5
2.751,3.131,3.531,
0.000000000e+00,0.000000000e+00
9.921582445e-10,-2.059151921e-09,-8.353247536e-09,-1.878312543e-08,-8.062662696e-07,-4.199609203e-06,-6.025191370e-06,3.738121070e-06,1.056801450e-05,
7.604291099e-11,-6.610237719e-10,-1.219084975e-09,-1.049819050e-07,-1.134461980e-06,-7.042866741e-06,-2.278459266e-05,-3.582393437e-05,-2.184608995e-05,
1.583254685e-01
l,8.5,3.5
2.811,3.211,3.611,
0.000000000e+00,0.000000000e+00
1.656382054e-08,-2.589701495e-08,-1.475584425e-07,1.301815373e-06,9.936341657e-06,4.313390982e-05,1.392262506e-04,2.611088645e-04,1.957096550e-04,
1.373347069e-09,-1.194681125e-08,-2.423791331e-08,-1.931288734e-06,-2.025802862e-05,-1.203523664e-04,-3.790400232e-04,-5.891498888e-04,-3.598489507e-04,
1.581660928e-01
l,8.5,4.5
2.871,3.291,3.711,
0.000000000e+00,0.000000000e+00
2.787967048e-07,-3.512612315e-07,-5.277869187e-06,-2.728689554e-05,-1.639215488e-04,-6.091680410e-04,-1.151791072e-03,-9.601821270e-04,-2.195563382e-04,
2.085027638e-08,-1.815331303e-07,1.992785330e-07,-1.169316787e-05,-8.357255799e-05,-3.898554374e-04,-8.447315041e-04,-5.336209119e-04,1.985339178e-04,
1.581669134e-01
l,8.5,5.5
2.911,3.351,3.791,
0.000000000e+00,0.000000000e+00
4.950130915e-06,-2.489762321e-06,-9.643731213e-05,-5.679343344e-04,-2.752091385e-03,-9.530437283e-03,-2.152063643e-02,-2.811150012e-02,-1.605044341e-02,
3.760960518e-07,-3.276620533e-06,3.996056997e-06,-1.952188806e-04,-1.280180943e-03,-5.411190748e-03,-1.035050826e-02,-3.771050960e-03,5.366275839e-03,
1.579828436e-01
l,8.5,6.5
2.951,3.411,3.871,
0.000000000e+00,0.000000000e+00
9.107498772e-05,-2.460016930e-06,-1.396178266e-03,-3.831835781e-03,6.590661779e-03,6.231499648e-02,1.365908467e-01,1.161004622e-01,2.353881680e-02,
6.784834966e-06,-5.914712578e-05,6.419137631e-05,-3.740594464e-03,-2.545879576e-02,-1.166878410e-01,-2.822983723e-01,-2.935943793e-01,-9.426738435e-02,
1.578906478e-01
l,8.5,7.5
2.911,3.431,3.951,
9.867343118e-13,1.821585358e+01
1.709172036e-03,1.812385752e-03,-1.322532477e-02,2.143859224e-02,6.849320455e-01,3.328582322e+00,7.663946754e+00,8.860719391e+00,4.143661627e+00,
1.222302274e-04,-1.065984163e-03,1.112496255e-03,-7.302155947e-02,-5.570438460e-01,-2.920931933e+00,-8.224796190e+00,-1.085380232e+01,-5.394217911e+00,
1.576747603e-01
l,8.5,8.5
2.931,3.451,3.991,
9.264037789e-09,1.242472617e+01
3.436566144e-02,7.140445164e-02,2.663325749e-01,6.176615297e+00,5.058429903e+01,2.039631286e+02,4.452494080e+02,5.038801078e+02,2.317139782e+02,
3.123994470e-03,-2.711953936e-02,2.369383575e-02,-2.076700661e+00,-1.782107818e+01,-9.985715936e+01,-2.985741411e+02,-4.198745659e+02,-2.220907819e+02,
1.583533709e-01
