l,0.5,-0.5
0.191,0.751,1.311,
2.031917904e-02,2.382246172e+00
1.855990035e-03,-3.492381515e-03,2.025158356e-03,8.926064251e-02,4.378668083e-01,1.778527200e+00,4.084405918e+00,4.539766571e+00,1.959175262e+00,
3.381377796e-04,-1.238538938e-03,-1.398172999e-03,-5.375999883e-02,-3.597933255e-01,-1.356036455e+00,-2.852314098e+00,-3.137365989e+00,-1.415763165e+00,
1.588480901e-01
l,0.5,0.5
0.231,0.711,1.231,
5.794069630e-02,2.531322688e+00
6.566233002e-03,-8.294453930e-03,5.139012909e-03,5.983287184e-01,3.873080044e+00,1.643103824e+01,4.113979375e+01,5.289812403e+01,2.708104444e+01,
1.525734672e-03,-5.471142013e-03,-1.321884276e-02,-4.040373597e-01,-3.204683585e+00,-1.357786438e+01,-3.148266044e+01,-3.763351575e+01,-1.822509459e+01,
1.590514530e-01
l,1.5,-1.5
0.511,1.131,1.771,
2.936477348e-04,3.781905476e+00
1.289719949e-04,-1.848415069e-04,-2.664652479e-04,4.349770842e-03,1.473866099e-02,3.463310121e-02,7.068273077e-02,8.424052612e-02,3.964255896e-02,
1.757109026e-05,-6.796265233e-05,-4.718401213e-05,-2.460745793e-03,-1.460937262e-02,-4.920370254e-02,-9.085385964e-02,-8.641264057e-02,-3.364555300e-02,
1.587857927e-01
l,1.5,-0.5
0.531,1.171,1.811,
6.964301409e-04,3.927774092e+00
3.697421052e-04,-4.916091577e-04,-9.080102482e-04,1.199971668e-02,3.914113217e-02,7.257560399e-02,1.210142406e-01,1.360494296e-01,6.340159292e-02,
5.096814308e-05,-1.977477613e-04,-1.268645553e-04,-7.028029410e-03,-4.162571317e-02,-1.400177978e-01,-2.581764853e-01,-2.447635578e-01,-9.492493905e-02,
1.587860401e-01
l,1.5,0.5
0.571,1.211,1.851,
1.456570807e-03,3.891163732e+00
1.051228959e-03,-1.252665260e-03,-2.907380644e-03,3.545322421e-02,1.310671704e-01,2.585208568e-01,4.006653432e-01,4.120532382e-01,1.831131389e-01,
1.477965812e-04,-5.749760952e-04,-4.009394439e-04,-2.088712422e-02,-1.237944839e-01,-4.157054126e-01,-7.650441188e-01,-7.224545353e-01,-2.786385374e-01,
1.588480622e-01
l,1.5,1.5
0.611,1.251,1.891,
3.171742703e-03,3.939721333e+00
2.971329028e-03,-3.075965405e-03,-9.622467466e-03,9.698380496e-02,3.806589549e-01,7.104491096e-01,9.501980586e-01,8.744912605e-01,3.717502748e-01,
4.281221037e-04,-1.668674938e-03,-9.912765471e-04,-5.836044185e-02,-3.448730939e-01,-1.156491305e+00,-2.125435932e+00,-1.997921529e+00,-7.654476260e-01,
1.589101795e-01
l,2.5,-2.5
0.891,1.571,2.251,
2.010461956e-06,6.046948274e+00
6.591366855e-06,-7.130312590e-06,-2.255565591e-05,1.829185252e-04,7.193456665e-04,1.289374251e-03,1.556284874e-03,1.256155437e-03,4.757894643e-04,
7.853444645e-07,-3.132378317e-06,-1.266872122e-06,-1.010344588e-04,-5.629000158e-04,-1.792663115e-03,-3.085164676e-03,-2.690856906e-03,-9.553642758e-04,
1.587857998e-01
l,2.5,-1.5
0.931,1.611,2.291,
4.201616231e-06,5.856164120e+00
1.842269012e-05,-1.718784651e-05,-6.624515668e-05,5.160138413e-04,2.209103247e-03,4.167476756e-03,4.951807777e-03,3.732459864e-03,1.323022437e-03,
2.267552713e-06,-9.061773593e-06,-4.671573903e-06,-3.060051842e-04,-1.714549469e-03,-5.463109379e-03,-9.424113538e-03,-8.229159101e-03,-2.915307919e-03,
1.587857927e-01
l,2.5,-0.5
0.991,1.651,2.331,
8.914209046e-06,5.864342684e+00
5.112491999e-05,-3.839913756e-05,-1.925181217e-04,1.485201757e-03,7.332413023e-03,1.600472260e-02,2.113878854e-02,1.639371271e-02,5.636935038e-03,
6.545144649e-06,-2.620491738e-05,-1.767599293e-05,-9.370354830e-04,-5.278438587e-03,-1.679644603e-02,-2.895962454e-02,-2.522878571e-02,-8.884184755e-03,
1.587860401e-01
l,2.5,0.5
1.031,1.711,2.391,
1.877479433e-05,5.747055542e+00
1.384654024e-04,-1.101225647e-04,-5.237989060e-04,3.871146078e-03,1.871937771e-02,3.979746029e-02,5.148209596e-02,3.955968100e-02,1.360470535e-02,
1.743314163e-05,-6.998288643e-05,-4.036210818e-05,-2.423668257e-03,-1.360046404e-02,-4.328065464e-02,-7.456007718e-02,-6.483252043e-02,-2.278925139e-02,
1.588170251e-01
l,2.5,1.5
1.071,1.751,2.431,
3.948505502e-05,5.709245389e+00
3.793557989e-04,-2.172017534e-04,-1.520813896e-03,1.072906750e-02,5.932061983e-02,1.390694830e-01,1.889517671e-01,1.448733460e-01,4.818834130e-02,
5.027001628e-05,-2.021290377e-04,-1.482633787e-04,-7.370063379e-03,-4.157231693e-02,-1.320296124e-01,-2.272629868e-01,-1.971052656e-01,-6.884038744e-02,
1.587860268e-01
l,2.5,2.5
1.111,1.811,2.511,
8.007813839e-05,5.959505916e+00
1.014051028e-03,-5.622960277e-04,-4.863081675e-03,1.672481911e-02,9.539914075e-02,1.935873011e-01,2.172364491e-01,1.366349167e-01,3.794616471e-02,
1.233975592e-04,-4.976843584e-04,3.766423602e-05,-1.129917230e-02,-5.382988179e-02,-1.551580002e-01,-2.400211695e-01,-1.790636211e-01,-5.226643894e-02,
1.588480966e-01
l,3.5,-3.5
1.351,2.031,2.731,
3.681919049e-09,8.601985827e+00
2.946410973e-07,-2.411764634e-07,-1.203908998e-06,6.650870496e-06,3.224586128e-05,6.651911548e-05,8.456323246e-05,6.530078381e-05,2.285193574e-05,
3.350313437e-08,-1.362448785e-07,2.012579266e-08,-3.049695401e-06,-1.452223416e-05,-4.234880818e-05,-6.674699515e-05,-5.176630965e-05,-1.615627938e-05,
1.587857957e-01
l,3.5,-2.5
1.391,2.071,2.771,
8.190004188e-09,8.409301826e+00
8.132527114e-07,-5.375236836e-07,-3.442875373e-06,1.840047631e-05,9.658990464e-05,2.052535365e-04,2.542683873e-04,1.837309459e-04,5.980121796e-05,
9.643828509e-08,-3.926885834e-07,1.729519487e-08,-9.253531562e-06,-4.462837646e-05,-1.304106887e-04,-2.072951356e-04,-1.626663427e-04,-5.119972215e-05,
1.587857560e-01
l,3.5,-1.5
1.431,2.131,2.831,
1.383533130e-08,8.989368756e+00
2.198943093e-06,-1.544309655e-06,-9.791227980e-06,4.150293382e-05,2.052552015e-04,3.595408677e-04,3.125356864e-04,1.247952210e-04,1.308336761e-05,
2.557994313e-07,-1.043549848e-06,1.505584842e-07,-2.332247037e-05,-1.108471946e-04,-3.212803075e-04,-5.031481640e-04,-3.857080516e-04,-1.181954141e-04,
1.587860109e-01
l,3.5,-0.5
1.471,2.171,2.891,
2.932838240e-08,8.871539041e+00
5.986446922e-06,-3.051087051e-06,-2.879249612e-05,9.109061249e-05,5.421763295e-04,1.109588368e-03,1.236705073e-03,7.674909149e-04,2.107843031e-04,
6.781933303e-07,-2.771701393e-06,6.116049657e-07,-5.881390769e-05,-2.703577428e-04,-7.610590364e-04,-1.143151867e-03,-8.174692838e-04,-2.256944552e-04,
1.587858219e-01
l,3.5,0.5
1.511,2.211,2.931,
6.320418450e-08,8.742317504e+00
1.618566966e-05,-4.774004018e-06,-8.098664396e-05,2.011883988e-04,1.435959071e-03,3.195460776e-03,3.788919740e-03,2.441430148e-03,6.779708757e-04,
1.950605168e-06,-7.981092863e-06,1.667364663e-07,-1.869543778e-04,-8.803840766e-04,-2.495805166e-03,-3.808664192e-03,-2.787651657e-03,-7.853837763e-04,
1.587857940e-01
l,3.5,1.5
1.571,2.271,2.991,
1.364073686e-07,8.594866779e+00
4.302872912e-05,-1.274204450e-05,-2.167178545e-04,4.304815302e-04,3.221729631e-03,6.997827795e-03,8.057148526e-03,5.033333034e-03,1.347988882e-03,
5.168911103e-06,-2.118433151e-05,-5.893858800e-07,-5.112272877e-04,-2.422482313e-03,-6.907271188e-03,-1.058590990e-02,-7.764085855e-03,-2.179533578e-03,
1.588170113e-01
l,3.5,2.5
1.611,2.331,3.051,
2.864762488e-07,8.520318825e+00
1.141577013e-04,-4.051812550e-05,-5.324999789e-04,1.614248753e-03,9.436334509e-03,1.741704522e-02,1.587815482e-02,7.073175801e-03,1.155770024e-03,
1.368602479e-05,-5.617991090e-05,4.243469213e-06,-1.320319122e-03,-6.325076949e-03,-1.843696540e-02,-2.939763983e-02,-2.295171252e-02,-7.051823912e-03,
1.587854931e-01
l,3.5,3.5
1.671,2.371,3.091,
8.508666810e-07,7.814479588e+00
3.061988973e-04,1.029474469e-05,-1.738835934e-03,2.685254639e-03,3.400754119e-02,9.952018109e-02,1.482695395e-01,1.156095463e-01,3.745885369e-02,
3.933258726e-05,-1.616145436e-04,-2.133752630e-06,-3.649142227e-03,-1.663106856e-02,-4.444282265e-02,-6.192494403e-02,-3.846201790e-02,-7.910450064e-03,
1.587824027e-01
l,4.5,-4.5
1.811,2.511,3.211,
4.555645479e-13,1.398718875e+01
1.215699008e-08,-8.955289646e-09,-5.303303079e-08,2.063190079e-07,9.467642680e-07,1.416234926e-06,8.222427496e-07,-5.699365914e-08,-1.829696983e-07,
1.384831883e-09,-5.707401705e-09,7.152168844e-10,-1.317295287e-07,-6.306121720e-07,-1.849350600e-06,-2.939307824e-06,-2.291507826e-06,-7.125307116e-07,
1.587546630e-01
l,4.5,-3.5
1.851,2.551,3.251,
1.519984206e-12,1.311584581e+01
3.335275878e-08,-1.866934879e-08,-1.496126690e-07,6.327590349e-07,3.657111287e-06,7.986248896e-06,9.783678437e-06,6.769987747e-06,2.072698803e-06,
3.977617861e-09,-1.640846800e-08,2.700874288e-10,-3.953729214e-07,-1.904726399e-06,-5.547209098e-06,-8.782279142e-06,-6.817691535e-06,-2.100515142e-06,
1.587546471e-01
l,4.5,-2.5
1.911,2.611,3.311,
5.633238295e-12,1.212946348e+01
8.962299347e-08,-5.287209749e-08,-4.105870515e-07,1.509734782e-06,8.894419365e-06,1.937221462e-05,2.370809238e-05,1.641599288e-05,5.029776772e-06,
1.051953542e-08,-4.345382091e-08,1.791520115e-09,-1.032616604e-06,-4.935569424e-06,-1.428779265e-05,-2.230897969e-05,-1.690282248e-05,-5.032083732e-06,
1.587857560e-01
l,4.5,-1.5
1.951,2.651,3.371,
6.461750677e-12,1.295844311e+01
2.423950889e-07,-1.001584641e-07,-1.187444742e-06,2.739023948e-06,1.821936518e-05,3.684735784e-05,3.811948061e-05,2.013488956e-05,4.129585535e-06,
2.780627723e-08,-1.150109140e-07,1.094877814e-08,-2.648779353e-06,-1.239222078e-05,-3.526638292e-05,-5.381181758e-05,-3.918924264e-05,-1.094166415e-05,
1.587857927e-01
l,4.5,-0.5
1.991,2.711,3.431,
1.732234973e-11,1.251237213e+01
6.478895784e-07,-2.881964703e-07,-3.130011633e-06,8.469564992e-06,5.552269416e-05,1.196786823e-04,1.397938580e-04,9.032453262e-05,2.554279771e-05,
7.347701220e-08,-3.042930389e-07,5.251836476e-08,-6.752387297e-06,-3.132073866e-05,-8.884464176e-05,-1.350199568e-04,-9.775907484e-05,-2.715977268e-05,
1.587858219e-01
l,4.5,0.5
2.051,2.771,3.491,
6.375471365e-11,1.163934480e+01
1.721571948e-06,-7.842920674e-07,-8.366772711e-06,2.102472126e-05,1.408551962e-04,3.063305814e-04,3.645710388e-04,2.427012357e-04,7.123907271e-05,
1.941006903e-07,-8.048084209e-07,1.541808065e-07,-1.771323863e-05,-8.192846346e-05,-2.322191850e-04,-3.516689255e-04,-2.524156305e-04,-6.902365938e-05,
1.587857940e-01
l,4.5,1.5
2.091,2.811,3.551,
6.865172537e-11,1.248575769e+01
4.601825822e-06,-1.185096503e-06,-2.348341741e-05,4.172769993e-05,3.288054853e-04,6.747021720e-04,6.681243136e-04,3.129512073e-04,4.816086244e-05,
5.125941773e-07,-2.127872013e-06,5.766701541e-07,-4.471065045e-05,-2.023042720e-04,-5.639456291e-04,-8.401681787e-04,-5.883294499e-04,-1.548416957e-04,
1.587857234e-01
l,4.5,2.5
2.151,2.871,3.591,
2.656434704e-10,1.160068555e+01
1.219028036e-05,-1.989624784e-06,-6.498532456e-05,1.167761068e-04,1.195600232e-03,3.211031734e-03,4.440914703e-03,3.223474388e-03,9.724125621e-04,
1.470568745e-06,-6.109201402e-06,5.314456583e-07,-1.368204679e-04,-6.251440948e-04,-1.706056778e-03,-2.454000698e-03,-1.614787508e-03,-3.769883322e-04,
1.587850908e-01
l,4.5,3.5
2.191,2.951,3.711,
5.018990895e-10,1.161589190e+01
3.094056956e-05,-1.258428767e-05,-1.771143598e-04,-2.887521972e-04,-9.336511070e-04,-2.774538846e-03,-3.979524690e-03,-2.658919294e-03,-6.735551197e-04,
3.026199476e-06,-1.259899293e-05,2.464242098e-06,-2.779516656e-04,-1.236469548e-03,-3.407637033e-03,-4.749825120e-03,-2.845323018e-03,-5.212085247e-04,
1.588945986e-01
l,4.5,4.5
2.251,2.971,3.691,
2.991044583e-09,1.032391228e+01
8.469155728e-05,-1.510036275e-06,-3.963975971e-04,1.745155844e-03,1.290501781e-02,3.250747727e-02,4.287320331e-02,2.987508168e-02,8.719826323e-03,
1.112407682e-05,-4.629600392e-05,6.697801851e-06,-1.016371687e-03,-4.774558298e-03,-1.340071841e-02,-2.091620661e-02,-1.613045883e-02,-4.935989913e-03,
1.586612395e-01
l,5.5,-5.5
2.311,2.991,3.691,
4.265265273e-17,1.723446151e+01
4.825910782e-10,-3.001520656e-10,-2.076154390e-09,9.560332571e-09,5.316637649e-08,1.154706719e-07,1.425678396e-07,1.004991774e-07,3.152021841e-08,
5.596210928e-11,-2.329069181e-10,1.870163783e-11,-5.545868452e-09,-2.669106998e-08,-7.838054129e-08,-1.253035318e-07,-9.827119132e-08,-3.059800684e-08,
1.587236478e-01
l,5.5,-4.5
2.351,3.051,3.751,
2.143364645e-17,1.880201379e+01
1.299701013e-09,-8.514733578e-10,-5.940440584e-09,2.186526545e-08,1.221582329e-07,2.399606266e-07,2.409145754e-07,1.194548061e-07,2.105794122e-08,
1.476535064e-10,-6.151543073e-10,1.292283976e-10,-1.356800226e-08,-6.369091290e-08,-1.834253637e-07,-2.839883272e-07,-2.120445002e-07,-6.216439039e-08,
1.587236623e-01
l,5.5,-3.5
2.391,3.091,3.811,
5.565195201e-17,1.841296174e+01
3.516082980e-09,-1.654589860e-09,-1.731044962e-08,3.914387162e-08,2.798059905e-07,6.494354725e-07,8.434034589e-07,6.189054251e-07,1.989248400e-07,
3.896291893e-10,-1.624909215e-09,3.056023190e-10,-3.587549733e-08,-1.648015799e-07,-4.636489364e-07,-6.912653835e-07,-4.820377587e-07,-1.255105265e-07,
1.587856720e-01
l,5.5,-2.5
2.451,3.151,3.871,
6.155708142e-16,1.643496113e+01
9.396267764e-09,-5.012959575e-09,-4.488913307e-08,1.132891819e-07,7.060433541e-07,1.448343189e-06,1.644348105e-06,1.076081607e-06,3.218969805e-07,
1.027501744e-09,-4.289271320e-09,9.749365761e-10,-9.403746670e-08,-4.341951522e-07,-1.237508135e-06,-1.884712045e-06,-1.363075001e-06,-3.772442733e-07,
1.587857560e-01
l,5.5,-1.5
2.491,3.191,3.911,
3.299255240e-16,1.784303710e+01
2.532688015e-08,-8.293051611e-09,-1.240434593e-07,2.758505299e-07,2.022120344e-06,4.393200654e-06,4.879983847e-06,2.792079741e-06,6.389373586e-07,
2.945077293e-09,-1.230190680e-08,6.751319556e-10,-2.920939625e-07,-1.375642982e-06,-3.928700439e-06,-6.054382797e-06,-4.476551750e-06,-1.272448865e-06,
1.587857927e-01
l,5.5,-0.5
2.531,3.251,3.971,
7.762453598e-16,1.760264365e+01
6.721811019e-08,-2.266390333e-08,-3.331907612e-07,6.761993804e-07,5.349407764e-06,1.258575445e-05,1.592003808e-05,1.103881022e-05,3.300352254e-06,
7.761945908e-09,-3.245247546e-08,3.230429721e-09,-7.521635957e-07,-3.516401481e-06,-9.996149178e-06,-1.524116355e-05,-1.102699522e-05,-3.022336453e-06,
1.587547969e-01
l,5.5,0.5
2.591,3.311,4.031,
6.266325730e-15,1.607966144e+01
1.779862941e-07,-6.284105906e-08,-8.730602574e-07,1.925742504e-06,1.466828964e-05,3.416462950e-05,4.284306981e-05,2.947697565e-05,8.761362143e-06,
2.045642022e-08,-8.560438813e-08,1.112945928e-08,-1.961427851e-06,-9.159588604e-06,-2.608326958e-05,-3.990445797e-05,-2.903496599e-05,-8.037473142e-06,
1.587547690e-01
l,5.5,1.5
2.631,3.351,4.091,
2.776158563e-15,1.759665226e+01
4.716351896e-07,-4.995080772e-08,-2.605194043e-06,5.935091477e-07,2.261225969e-05,5.811837037e-05,7.216782556e-05,4.599957845e-05,1.193180465e-05,
5.391101655e-08,-2.257986389e-07,3.356319087e-08,-5.008926780e-06,-2.265817439e-05,-6.211691561e-05,-8.956782887e-05,-5.857619019e-05,-1.331186210e-05,
1.587856950e-01
l,5.5,2.5
2.691,3.431,4.171,
2.022590501e-14,1.620828341e+01
1.220271997e-06,-4.293235542e-07,-6.496766021e-06,-2.083659446e-06,1.035434067e-05,-8.044756367e-06,-5.298432305e-05,-5.847211209e-05,-2.148053335e-05,
1.306470424e-07,-5.478090413e-07,6.452078694e-08,-1.277504282e-05,-5.922154876e-05,-1.688574232e-04,-2.537194103e-04,-1.762445927e-04,-4.440082891e-05,
1.588469563e-01
l,5.5,3.5
2.731,3.431,4.151,
3.761753708e-13,1.400903328e+01
3.318501058e-06,1.063708969e-06,-1.529362244e-05,7.164407163e-05,6.459231919e-04,1.917674327e-03,2.952061276e-03,2.378776794e-03,7.943732511e-04,
4.802215552e-07,-2.013035148e-06,3.416344414e-08,-4.570259581e-05,-2.122321465e-04,-5.660948923e-04,-8.413846341e-04,-6.170841007e-04,-1.781706308e-04,
1.585079334e-01
l,5.5,4.5
2.791,3.531,4.291,
2.682952945e-14,1.719906446e+01
8.337156942e-06,5.745087557e-07,-5.939068893e-05,-2.019076546e-04,-5.253011202e-04,-1.027990040e-03,-1.347997655e-03,-1.040290389e-03,-3.515670142e-04,
9.063974908e-07,-3.806638868e-06,2.453123399e-07,-8.419127854e-05,-3.576198433e-04,-8.947165844e-04,-1.045863847e-03,-3.669006765e-04,6.913299218e-05,
1.589230577e-01
l,5.5,5.5
2.851,3.611,4.371,
6.113027745e-13,1.479943556e+01
2.151475928e-05,-7.305291939e-06,-1.086191478e-04,-5.165246068e-05,-1.827127644e-04,-1.570883359e-03,-3.376892117e-03,-3.018087441e-03,-1.009078734e-03,
2.191828331e-06,-9.214452427e-06,2.573036966e-06,-2.053012552e-04,-9.568341624e-04,-2.805414215e-03,-4.379667021e-03,-3.218311686e-03,-8.872520814e-04,
1.587849652e-01
l,6.5,-6.5
2.811,3.491,4.191,
5.486060213e-23,2.394615242e+01
1.837895981e-11,-1.294963902e-11,-7.842209415e-11,3.883077156e-10,2.163655355e-09,4.768287423e-09,5.863832578e-09,3.991414041e-09,1.170399140e-09,
2.045161529e-12,-8.577797799e-12,2.035569776e-12,-1.899345949e-10,-8.934229610e-10,-2.594264805e-09,-4.072373067e-09,-3.109277886e-09,-9.414839068e-10,
1.587545494e-01
l,6.5,-5.5
2.851,3.531,4.231,
6.235667549e-23,2.438641446e+01
4.986076135e-11,-2.466536523e-11,-2.309425452e-10,7.934164063e-10,5.517025068e-09,1.425547751e-08,2.068612027e-08,1.653520152e-08,5.619762806e-09,
5.858512382e-12,-2.458493468e-11,-4.681617387e-13,-6.089475719e-10,-2.917055454e-09,-8.430130602e-09,-1.311111645e-08,-9.803018422e-09,-2.829669944e-09,
1.587856190e-01
l,6.5,-4.5
2.891,3.591,4.311,
0.000000000e+00,0.000000000e+00
1.329906046e-10,-7.587053515e-11,-6.530386181e-10,1.184876743e-09,7.447240923e-09,1.293866358e-08,1.027529539e-08,3.031452784e-09,-2.223001036e-10,
1.418294118e-11,-5.958016241e-11,1.643186186e-11,-1.278963584e-09,-5.838881195e-09,-1.653525601e-08,-2.475947962e-08,-1.729204895e-08,-4.506161914e-09,
1.587856461e-01
l,6.5,-3.5
2.951,3.651,4.351,
5.564589097e-22,2.344828942e+01
3.555034045e-10,-2.214949922e-10,-1.587855867e-09,5.277725539e-09,2.843063166e-08,5.127275824e-08,4.484596088e-08,1.729439400e-08,1.308411850e-09,
4.060148844e-11,-1.706466417e-10,1.635265068e-11,-4.090897112e-09,-1.968494438e-08,-5.801399477e-08,-9.294455523e-08,-7.270887047e-08,-2.242665977e-08,
1.587546471e-01
l,6.5,-2.5
2.991,3.691,4.411,
1.112046095e-21,2.336618484e+01
9.582126204e-10,-3.949151867e-10,-4.703354083e-09,1.148732941e-08,8.575627169e-08,2.055118943e-07,2.676512193e-07,1.921417131e-07,5.969283083e-08,
1.068653006e-10,-4.494852246e-10,1.036423727e-10,-9.806913258e-09,-4.494229232e-08,-1.264350279e-07,-1.897467489e-07,-1.338292618e-07,-3.547935999e-08,
1.587547019e-01
l,6.5,-1.5
3.051,3.751,4.471,
1.911409368e-20,2.134839122e+01
2.537186905e-09,-1.083972672e-09,-1.267251294e-08,2.306213482e-08,1.840313422e-07,4.316284101e-07,5.521009558e-07,3.934410217e-07,1.222823227e-07,
2.812775880e-10,-1.183935002e-09,2.294270256e-10,-2.637635764e-08,-1.213434092e-07,-3.422813098e-07,-5.126382482e-07,-3.584004376e-07,-9.292917339e-08,
1.587857927e-01
l,6.5,-0.5
3.091,3.811,4.531,
4.172635467e-21,2.324945137e+01
6.711769807e-09,-3.052357420e-09,-3.306171081e-08,6.124665066e-08,4.434694745e-07,9.098789535e-07,9.493588196e-07,5.096589775e-07,1.088963012e-07,
7.400673306e-10,-3.117234326e-09,6.426078695e-10,-6.956011013e-08,-3.215529292e-07,-9.149752791e-07,-1.389861009e-06,-9.953425831e-07,-2.687229759e-07,
1.587858219e-01
l,6.5,0.5
3.151,3.871,4.591,
6.837755025e-20,2.133021957e+01
1.770938951e-08,-8.004224483e-09,-8.804608716e-08,1.534293345e-07,1.167137167e-06,2.464761368e-06,2.658267226e-06,1.481964270e-06,3.314934523e-07,
1.946843399e-09,-8.205905842e-09,1.890156553e-09,-1.803231995e-07,-8.281521278e-07,-2.342190328e-06,-3.520057449e-06,-2.472462383e-06,-6.463348232e-07,
1.587857940e-01
l,6.5,1.5
3.191,3.911,4.651,
1.137815316e-19,2.142834581e+01
4.680903842e-08,-1.236419471e-08,-2.380419818e-07,2.048615484e-07,2.208181405e-06,4.596948236e-06,4.881424908e-06,2.867770440e-06,7.609643323e-07,
5.120552101e-09,-2.159741266e-08,3.817466781e-09,-4.913732930e-07,-2.274091882e-06,-6.490436741e-06,-9.909099868e-06,-7.123771204e-06,-1.916171259e-06,
1.587858280e-01
l,6.5,2.5
3.251,3.971,4.691,
1.869442843e-18,1.960123993e+01
1.241951963e-07,-3.283244543e-08,-5.688146149e-07,2.263783403e-06,1.571724816e-05,3.754547604e-05,4.716673879e-05,3.147733450e-05,8.856201066e-06,
1.464287122e-08,-6.178739838e-08,1.334174061e-08,-1.370763165e-06,-6.388265569e-06,-1.820433147e-05,-2.855427374e-05,-2.190945099e-05,-6.628882536e-06,
1.586911536e-01
l,6.5,3.5
3.291,4.031,4.771,
7.026293056e-21,2.477856486e+01
3.178454051e-07,1.082879980e-09,-2.483511130e-06,-1.004268166e-05,-2.842854494e-05,-5.332376877e-05,-6.497892197e-05,-4.809552236e-05,-1.626371804e-05,
3.542614500e-08,-1.496116079e-07,1.021751374e-08,-3.155919059e-06,-1.277106597e-05,-2.908445647e-05,-2.510129354e-05,6.108344535e-06,1.253388154e-05,
1.588775448e-01
l,6.5,4.5
3.351,4.091,4.851,
4.749939005e-18,1.987904298e+01
8.341817761e-07,-3.344518364e-07,-3.275919371e-06,1.179226819e-05,4.120176884e-05,-1.072696793e-06,-1.322471773e-04,-1.742068040e-04,-7.144173167e-05,
8.546315521e-08,-3.612231730e-07,1.305145222e-07,-8.060419749e-06,-3.868173231e-05,-1.188958144e-04,-2.023775416e-04,-1.696627191e-04,-5.597392233e-05,
1.586542964e-01
l,6.5,5.5
3.391,4.111,4.851,
7.603911832e-18,2.004531515e+01
2.198112043e-06,8.358073198e-07,-1.268274989e-05,-4.931593820e-06,1.450334610e-04,5.020667829e-04,7.804958540e-04,6.089531993e-04,1.935726196e-04,
2.895563239e-07,-1.223854008e-06,-4.861921247e-08,-2.849299745e-05,-1.285567144e-04,-3.369152056e-04,-4.666944209e-04,-2.893465061e-04,-5.842473538e-05,
1.586905954e-01
l,6.5,6.5
3.451,4.191,4.951,
1.715899355e-18,2.171364287e+01
5.553865776e-06,1.117156336e-06,-3.713677082e-05,-1.208949269e-04,-2.989711107e-04,-6.020135453e-04,-8.421284653e-04,-6.850802376e-04,-2.386243392e-04,
6.432241949e-07,-2.721362177e-06,-9.771023399e-08,-6.539834328e-05,-2.954331511e-04,-7.944145543e-04,-1.089875630e-03,-6.313727931e-04,-9.989962160e-05,
1.588469200e-01
l,7.5,-7.5
3.311,3.991,4.671,
0.000000000e+00,0.000000000e+00
6.847510840e-13,-5.132113039e-13,-2.727875562e-12,1.691214115e-11,9.742520765e-11,2.393144263e-10,3.375320179e-10,2.654409205e-10,8.956649219e-11,
8.013332418e-14,-3.380592947e-13,-1.475996880e-13,-1.150763913e-11,-6.357417890e-11,-2.010354430e-10,-3.426410895e-10,-2.920286464e-10,-9.993273806e-11,
1.587235555e-01
l,7.5,-6.5
3.351,4.031,4.731,
0.000000000e+00,0.000000000e+00
1.851029096e-12,-1.056504662e-12,-8.597730294e-12,2.484404109e-11,1.672304307e-10,4.119422036e-10,5.786354068e-10,4.554150078e-10,1.539809953e-10,
2.108008754e-13,-8.898802112e-13,4.456881309e-14,-2.158299462e-11,-1.028413463e-10,-2.981851120e-10,-4.629812595e-10,-3.428536711e-10,-9.709702070e-11,
1.587855293e-01
l,7.5,-5.5
3.411,4.091,4.791,
0.000000000e+00,0.000000000e+00
4.938712200e-12,-3.233446234e-12,-2.150302234e-11,7.756391379e-11,4.422916573e-10,9.728632926e-10,1.246004502e-09,9.236642917e-10,3.020225486e-10,
5.542331659e-13,-2.341121188e-12,1.732843643e-13,-5.718346727e-11,-2.755734339e-10,-8.148675211e-10,-1.305239125e-09,-1.016077672e-09,-3.098291542e-10,
1.587856190e-01
l,7.5,-4.5
3.451,4.151,4.851,
0.000000000e+00,0.000000000e+00
1.320427014e-11,-9.218642971e-12,-5.796152506e-11,2.322332033e-10,1.284808700e-09,2.652715566e-09,3.016943083e-09,1.930015289e-09,5.522095784e-10,
1.456948521e-12,-6.158017777e-12,1.405112366e-12,-1.388848504e-10,-6.555331287e-10,-1.913487198e-09,-3.022929472e-09,-2.320420659e-09,-7.033647246e-10,
1.587856042e-01
l,7.5,-3.5
3.511,4.191,4.891,
0.000000000e+00,0.000000000e+00
3.551929931e-11,-1.662618362e-11,-1.656231214e-10,5.174745161e-10,3.710137037e-09,9.399114764e-09,1.301864892e-08,9.762775478e-09,3.085041584e-09,
4.165723959e-12,-1.761409819e-11,6.963676197e-13,-4.280094583e-10,-2.044637681e-09,-5.918279644e-09,-9.228523202e-09,-6.895390277e-09,-1.978056491e-09,
1.587236464e-01
l,7.5,-2.5
3.551,4.251,4.971,
0.000000000e+00,0.000000000e+00
9.390833944e-11,-4.820400975e-11,-4.668016446e-10,7.314829571e-10,5.389352931e-09,1.073527123e-08,1.074017896e-08,5.389578115e-09,9.935502545e-10,
1.006350857e-11,-4.258505121e-11,1.149443186e-11,-9.232471150e-10,-4.217310184e-09,-1.193254899e-08,-1.783617867e-08,-1.235414738e-08,-3.146443183e-09,
1.587857268e-01
l,7.5,-1.5
3.591,4.291,5.011,
0.000000000e+00,0.000000000e+00
2.509976949e-10,-8.215307956e-11,-1.219882898e-09,2.262258731e-09,1.819530742e-08,4.262418108e-08,5.421980915e-08,3.858428089e-08,1.205937942e-08,
2.877363713e-11,-1.218056093e-10,6.230437377e-12,-2.960675104e-09,-1.404640540e-08,-4.063125615e-08,-6.356962663e-08,-4.771514345e-08,-1.371845587e-08,
1.587547677e-01
l,7.5,-0.5
3.651,4.351,5.071,
0.000000000e+00,0.000000000e+00
6.630277993e-10,-2.165744513e-10,-3.296102213e-09,5.471600327e-09,4.726456327e-08,1.118387400e-07,1.405438301e-07,9.673770539e-08,2.882210770e-08,
7.559806557e-11,-3.202029882e-10,3.430571019e-11,-7.530273586e-09,-3.529220809e-08,-1.009258058e-07,-1.552128616e-07,-1.133422264e-07,-3.130804213e-08,
1.587547969e-01
l,7.5,0.5
3.691,4.411,5.131,
0.000000000e+00,0.000000000e+00
1.743819977e-09,-5.867358665e-10,-8.584122866e-09,1.358993800e-08,1.127715399e-07,2.457552364e-07,2.721862087e-07,1.568146590e-07,3.685796093e-08,
1.986325911e-10,-8.417857767e-10,6.029391573e-11,-2.025610575e-08,-9.566483521e-08,-2.755643581e-07,-4.281466263e-07,-3.177958118e-07,-8.990987686e-08,
1.587857940e-01
l,7.5,1.5
3.751,4.471,5.191,
0.000000000e+00,0.000000000e+00
4.594986169e-09,-1.478790739e-09,-2.283885106e-08,4.682260427e-08,3.908883764e-07,9.378684376e-07,1.164269662e-06,7.619319339e-07,2.079435828e-07,
5.215258223e-10,-2.211350995e-09,4.888028017e-10,-4.882746734e-08,-2.245825540e-07,-6.326978296e-07,-9.558314296e-07,-6.799749529e-07,-1.815217831e-07,
1.587235274e-01
l,7.5,2.5
3.811,4.531,5.251,
0.000000000e+00,0.000000000e+00
1.193659038e-08,-2.708529244e-09,-6.919555011e-08,-4.827225271e-08,3.357142468e-07,1.222949758e-06,1.983644543e-06,1.621847325e-06,5.348932394e-07,
1.370180618e-09,-5.812795986e-09,2.779479723e-10,-1.359349800e-07,-6.195580229e-07,-1.691958669e-06,-2.365573904e-06,-1.412721449e-06,-2.427039509e-07,
1.587836159e-01
l,7.5,3.5
3.851,4.611,5.391,
0.000000000e+00,0.000000000e+00
3.037002827e-08,-2.457938601e-08,-1.251044463e-07,-9.123473265e-08,-3.108592388e-06,-1.504879545e-05,-2.877886274e-05,-2.538291103e-05,-8.646489874e-06,
2.559653411e-09,-1.087162371e-08,3.127773848e-09,-2.653034986e-07,-1.321816779e-06,-4.237366438e-06,-7.236733550e-06,-5.973800990e-06,-1.913896461e-06,
1.586522007e-01
l,7.5,4.5
3.911,4.631,5.351,
0.000000000e+00,0.000000000e+00
8.270257013e-08,1.328403542e-08,-5.508495460e-07,-7.395569580e-07,3.394147813e-06,1.473677718e-05,2.387646634e-05,1.833198615e-05,5.555491958e-06,
1.027748603e-08,-4.363734633e-08,5.418828988e-09,-8.940773644e-07,-3.719060521e-06,-8.647530423e-06,-8.735589489e-06,-9.544641100e-07,2.104189872e-06,
1.586813237e-01
l,7.5,5.5
3.971,4.711,5.471,
0.000000000e+00,0.000000000e+00
2.072291068e-07,-4.433894398e-08,-1.317707068e-06,-3.955509400e-06,-1.299321586e-05,-3.092847224e-05,-4.215516208e-05,-3.036356446e-05,-9.147895592e-06,
2.093977127e-08,-8.899434954e-08,1.554498858e-08,-2.000612597e-06,-8.910578551e-06,-2.432616161e-05,-3.317819478e-05,-1.851960825e-05,-2.538465897e-06,
1.589064781e-01
l,7.5,6.5
4.011,4.771,5.531,
6.955966813e-23,2.497986153e+01
5.424658980e-07,-1.788220203e-07,-2.510231761e-06,2.885342075e-06,1.527817833e-05,1.011718880e-06,-4.519893550e-05,-5.859064734e-05,-2.328577128e-05,
5.491867502e-08,-2.335140961e-07,7.381468515e-08,-5.210956715e-06,-2.445606907e-05,-7.278631628e-05,-1.174004752e-04,-9.112823890e-05,-2.730343163e-05,
1.587837884e-01
l,7.5,7.5
4.071,4.811,5.551,
4.029847338e-21,2.254131167e+01
1.425103051e-06,9.418757983e-08,-7.144215296e-06,1.421718386e-05,1.527168374e-04,4.202907137e-04,5.865271068e-04,4.274992881e-04,1.294987291e-04,
1.707604313e-07,-7.261841477e-07,1.708041301e-07,-1.555464060e-05,-7.005498853e-05,-1.911555218e-04,-2.836873500e-04,-1.992251551e-04,-5.243833054e-05,
1.586915124e-01
l,8.5,-8.5
3.811,4.491,5.171,
0.000000000e+00,0.000000000e+00
2.506090970e-14,-1.995341174e-14,-1.012843934e-13,5.674623095e-13,3.286024611e-12,8.103539213e-12,1.144502988e-11,8.956335289e-12,2.987376501e-12,
2.855207337e-15,-1.210439799e-14,-4.412020999e-15,-4.015311630e-13,-2.201968945e-12,-6.938876507e-12,-1.172461910e-11,-9.853392207e-12,-3.315086793e-12,
1.587544197e-01
l,8.5,-7.5
3.871,4.551,5.231,
0.000000000e+00,0.000000000e+00
6.662479948e-14,-5.726828434e-14,-2.550455837e-13,1.393424015e-12,7.508738913e-12,1.818751955e-11,2.654503980e-11,2.200234623e-11,7.775010684e-12,
7.500323798e-15,-3.181359365e-14,-1.422897185e-14,-1.101661789e-12,-6.096890289e-12,-1.942864063e-11,-3.325274352e-11,-2.834081025e-11,-9.652081928e-12,
1.587856939e-01
l,8.5,-6.5
3.911,4.591,5.291,
0.000000000e+00,0.000000000e+00
1.809213044e-13,-1.330985484e-13,-7.781253466e-13,3.123579430e-12,1.661551893e-11,3.415799076e-11,4.053659064e-11,2.853376848e-11,9.251903176e-12,
1.968836072e-14,-8.355341027e-14,2.134438528e-14,-1.882019420e-12,-8.919367901e-12,-2.634265875e-11,-4.214823625e-11,-3.276322201e-11,-1.003695738e-11,
1.587235037e-01
l,8.5,-5.5
3.971,4.651,5.331,
0.000000000e+00,0.000000000e+00
4.828609843e-13,-3.557732056e-13,-1.911578787e-12,1.167353716e-11,6.713523888e-11,1.616887904e-10,2.197598196e-10,1.644649773e-10,5.244786541e-11,
5.627686186e-14,-2.389073966e-13,-1.011552955e-13,-8.148863126e-12,-4.501541229e-11,-1.425600171e-10,-2.436058344e-10,-2.080932958e-10,-7.129007694e-11,
1.587235060e-01
l,8.5,-4.5
4.011,4.691,5.391,
0.000000000e+00,0.000000000e+00
1.295507972e-12,-6.902045629e-13,-6.110043706e-12,1.619651469e-11,1.179954274e-10,3.029819192e-10,4.362074349e-10,3.464141733e-10,1.168225695e-10,
1.478110945e-13,-6.277985125e-13,3.671414394e-14,-1.523437647e-11,-7.246079373e-11,-2.096622852e-10,-3.247571877e-10,-2.389622559e-10,-6.674051085e-11,
1.587856042e-01
l,8.5,-3.5
4.071,4.751,5.451,
0.000000000e+00,0.000000000e+00
3.427771088e-12,-2.030107137e-12,-1.542183405e-11,4.433088244e-11,2.733562948e-10,6.080685796e-10,7.739049299e-10,5.663704567e-10,1.832603404e-10,
3.880251021e-13,-1.648852462e-12,5.634314615e-14,-4.118306676e-11,-1.990780163e-10,-5.886429265e-10,-9.419014466e-10,-7.291094463e-10,-2.191571067e-10,
1.587856720e-01
l,8.5,-2.5
4.111,4.811,5.511,
0.000000000e+00,0.000000000e+00
9.093022342e-12,-5.669846757e-12,-4.084388449e-11,1.333440445e-10,7.734253661e-10,1.569948419e-09,1.705480037e-09,1.015432758e-09,2.649232232e-10,
1.018499251e-12,-4.329988781e-12,6.110860485e-13,-1.027992817e-10,-4.912279726e-10,-1.443810093e-09,-2.302952809e-09,-1.784788381e-09,-5.425735481e-10,
1.587856830e-01
l,8.5,-1.5
4.171,4.871,5.571,
0.000000000e+00,0.000000000e+00
2.400737942e-11,-1.476540809e-11,-1.115340302e-10,3.216678331e-10,2.026099142e-09,4.327771836e-09,4.878684485e-09,2.913062608e-09,7.216878043e-10,
2.673070386e-12,-1.136936070e-11,2.202226363e-12,-2.602013409e-10,-1.223810577e-09,-3.539847684e-09,-5.497370032e-09,-4.079327137e-09,-1.166522889e-09,
1.587857927e-01
l,8.5,-0.5
4.211,4.911,5.631,
0.000000000e+00,0.000000000e+00
6.378751000e-11,-2.622275565e-11,-3.164446359e-10,5.049965403e-10,4.257567832e-09,9.958697162e-09,1.248703908e-08,8.612031683e-09,2.561558451e-09,
7.014706049e-12,-2.984904068e-11,5.655864147e-12,-6.790244717e-10,-3.145948785e-09,-8.964244532e-09,-1.362126675e-08,-9.705735868e-09,-2.576494145e-09,
1.587858219e-01
l,8.5,0.5
4.271,4.971,5.691,
0.000000000e+00,0.000000000e+00
1.677530059e-10,-6.901128639e-11,-8.318221883e-10,1.463893298e-09,1.228724531e-08,2.963547342e-08,3.853004107e-08,2.762257294e-08,8.569458047e-09,
1.840598620e-11,-7.835578071e-11,1.750382504e-11,-1.748511067e-09,-8.045182711e-09,-2.279207789e-08,-3.438658292e-08,-2.424203765e-08,-6.340175114e-09,
1.587857940e-01
l,8.5,1.5
4.311,5.031,5.751,
0.000000000e+00,0.000000000e+00
4.379611118e-10,-1.735269343e-10,-2.265560599e-09,1.297751336e-09,1.806538705e-08,4.021106731e-08,4.571841186e-08,2.790516162e-08,7.161715165e-09,
4.829976606e-11,-2.057045786e-10,2.466858787e-11,-4.835742310e-09,-2.251891516e-08,-6.417650862e-08,-9.687195851e-08,-6.778644370e-08,-1.725079162e-08,
1.588166989e-01
l,8.5,2.5
4.371,5.091,5.831,
0.000000000e+00,0.000000000e+00
1.143051986e-09,-5.826185275e-10,-5.222113064e-09,8.002455989e-09,3.050950371e-08,-2.565504418e-08,-1.647387235e-07,-1.974668783e-07,-7.897165593e-08,
1.163311675e-10,-4.957220303e-10,1.250830365e-10,-1.145918728e-08,-5.439851998e-08,-1.630939418e-07,-2.652576260e-07,-2.088440927e-07,-6.395448884e-08,
1.587828783e-01
l,8.5,3.5
4.411,5.091,5.791,
0.000000000e+00,0.000000000e+00
3.065740106e-09,1.778883522e-09,-2.619924475e-08,-1.232557239e-07,-3.321241714e-07,-6.630599413e-07,-1.004450773e-06,-9.322821833e-07,-3.676111498e-07,
4.661761064e-10,-1.985964125e-09,-8.018348256e-10,-4.843464852e-08,-2.127057494e-07,-4.862120399e-07,-4.469226291e-07,4.988071336e-08,1.913351024e-07,
1.584114862e-01
l,8.5,4.5
4.471,5.231,5.991,
0.000000000e+00,0.000000000e+00
7.499378896e-09,-4.774166925e-09,-4.332496607e-08,-1.467242185e-07,-7.613707924e-07,-2.067110451e-06,-2.722928235e-06,-1.713135642e-06,-4.103365191e-07,
6.752172641e-10,-2.880396066e-09,6.951800366e-10,-6.593069646e-08,-3.024034072e-07,-8.727932485e-07,-1.269003184e-06,-8.006193796e-07,-1.602330771e-07,
1.588941715e-01
l,8.5,5.5
4.531,5.251,5.991,
0.000000000e+00,0.000000000e+00
2.056994042e-08,-4.758746663e-09,-8.505094570e-08,4.722521296e-07,2.962970810e-06,6.767012633e-06,8.096317641e-06,5.115588531e-06,1.357094295e-06,
2.283761994e-09,-9.742255420e-09,3.889362166e-09,-2.032560023e-07,-9.320125074e-07,-2.694665985e-06,-4.380751252e-06,-3.542578948e-06,-1.145553344e-06,
1.586574158e-01
l,8.5,6.5
4.571,5.291,6.031,
0.000000000e+00,0.000000000e+00
5.286513982e-08,1.280661533e-08,-3.275260058e-07,-5.223026055e-07,1.059600053e-06,5.207090554e-06,8.086463496e-06,5.787035640e-06,1.600336059e-06,
6.524746383e-09,-2.784101056e-08,2.060716189e-09,-6.223820887e-07,-2.748939695e-06,-7.107310846e-06,-9.392598537e-06,-5.092006120e-06,-6.318647779e-07,
1.587207753e-01
l,8.5,7.5
4.631,5.371,6.131,
0.000000000e+00,0.000000000e+00
1.335748010e-07,7.291734788e-10,-8.695129818e-07,-2.739248279e-06,-7.759807778e-06,-1.713602562e-05,-2.374313556e-05,-1.811923893e-05,-5.847456462e-06,
1.443689908e-08,-6.164110974e-08,6.054777255e-09,-1.429092681e-06,-6.437121715e-06,-1.755482716e-05,-2.431327426e-05,-1.417141408e-05,-2.266919434e-06,
1.588769709e-01
l,8.5,8.5
4.691,5.451,6.211,
0.000000000e+00,0.000000000e+00
3.425012096e-07,-9.496884471e-08,-1.752990445e-06,-1.309636056e-06,-2.920327321e-06,-2.151528453e-05,-4.699758092e-05,-4.282114896e-05,-1.455472389e-05,
3.473599081e-08,-1.483849476e-07,3.333268990e-08,-3.446107241e-06,-1.618254957e-05,-4.764545730e-05,-7.474411075e-05,-5.517933588e-05,-1.524418561e-05,
1.588154089e-01
