l,0.5,-0.5
0.111,0.471,0.851,
8.198315586e-03,2.196456726e+00
2.110286005e-04,-8.279431162e-04,1.182585795e-03,3.859126243e-02,3.131431615e-01,2.105157114e+00,7.395159381e+00,1.243708164e+01,8.230058174e+00,
2.338788079e-05,-1.606654784e-04,-3.853558977e-04,-2.392340523e-02,-2.604386687e-01,-1.546483998e+00,-4.949985416e+00,-8.127207865e+00,-5.401096332e+00,
1.577981170e-01
l,0.5,0.5
0.171,0.411,0.671,
2.715338668e-01,2.684242608e+00
9.341453202e-03,-9.566850486e-03,2.404357240e-01,1.703655428e+01,2.939005796e+02,2.634831972e+03,1.264149401e+04,3.066398318e+04,2.960626070e+04,
2.865686978e-03,-1.816804704e-02,-2.408537762e-01,-1.374948984e+01,-2.650921503e+02,-2.485032005e+03,-1.210016079e+04,-2.950081281e+04,-2.855465251e+04,
1.591447998e-01
l,1.5,-1.5
0.271,0.651,1.051,
1.088258116e-04,4.328398518e+00
1.619149998e-06,-5.445309514e-06,-1.342401288e-06,2.701902335e-04,1.860790490e-03,1.113975028e-02,4.171911215e-02,7.725861376e-02,5.511287812e-02,
1.554888840e-07,-1.103133161e-06,-2.268546867e-06,-1.549949269e-04,-1.615605612e-03,-9.192006854e-03,-2.792515621e-02,-4.323990834e-02,-2.710536550e-02,
1.579217003e-01
l,1.5,-0.5
0.311,0.711,1.111,
1.629392054e-03,4.840740814e+00
3.586454841e-05,-8.653557941e-05,-1.940525856e-04,6.206737724e-03,4.340643119e-02,1.816740252e-01,5.049901176e-01,7.789399364e-01,4.889275481e-01,
3.781461752e-06,-2.702168415e-05,-6.449466733e-05,-4.023804493e-03,-4.207511323e-02,-2.387581259e-01,-7.236855798e-01,-1.112647416e+00,-6.903619730e-01,
1.582912361e-01
l,1.5,0.5
0.391,0.791,1.231,
5.996096450e-03,4.011197159e+00
6.808125181e-04,-1.315445190e-03,-6.274555628e-03,6.648726261e-02,3.968416740e-01,1.140328705e+00,2.522037011e+00,3.917216074e+00,2.740972823e+00,
5.918970131e-05,-4.280182439e-04,2.020897689e-05,-2.911134461e-02,-2.234515542e-01,-1.056028921e+00,-2.689730648e+00,-3.427171165e+00,-1.790658473e+00,
1.579217538e-01
l,1.5,1.5
0.471,0.811,1.191,
7.919567056e-02,4.221238593e+00
1.749969088e-02,7.245261924e-04,-1.885780911e-01,2.907315360e+00,3.604945694e+01,1.938161545e+02,5.900036461e+02,9.666026925e+02,6.564967813e+02,
2.914659390e-03,-2.064347721e-02,-3.942589426e-02,-2.828328237e+00,-3.089554578e+01,-1.830945517e+02,-5.884536117e+02,-9.512808120e+02,-6.116164522e+02,
1.590205234e-01
l,2.5,-2.5
0.491,0.871,1.271,
5.951966308e-07,7.871311856e+00
8.983587207e-09,-2.653191326e-08,-1.681799695e-08,1.893723403e-06,1.577577331e-05,9.150331969e-05,3.282903924e-04,6.073355195e-04,4.415694242e-04,
8.609442226e-10,-6.249862155e-09,-1.436889756e-08,-9.283336063e-07,-9.679270364e-06,-5.507106141e-05,-1.672369831e-04,-2.581639316e-04,-1.611375124e-04,
1.579216818e-01
l,2.5,-1.5
0.571,0.951,1.371,
1.821901583e-06,6.579483711e+00
1.741913991e-07,-4.142148086e-07,-1.258537055e-06,2.493950475e-05,1.929321301e-04,8.941778778e-04,2.735577746e-03,4.638713373e-03,3.213478406e-03,
1.547730628e-08,-1.132427800e-07,4.032109072e-08,-7.359010579e-06,-5.740026221e-05,-2.811961213e-04,-7.437828940e-04,-9.885006639e-04,-5.435235478e-04,
1.581985739e-01
l,2.5,-0.5
0.611,1.031,1.471,
9.076719888e-05,1.049151213e+01
3.184984052e-06,-5.181969561e-06,-3.620623580e-05,1.836785943e-04,8.680157237e-04,-9.804817911e-04,-1.265527631e-02,-2.860893490e-02,-2.185693129e-02,
2.761663985e-07,-2.034317413e-06,6.292754902e-07,-1.312224743e-04,-9.834890290e-04,-4.595067517e-03,-1.142974068e-02,-1.380841582e-02,-6.658202703e-03,
1.581376308e-01
l,2.5,0.5
0.671,1.111,1.571,
1.719378140e-04,7.594716638e+00
5.734177830e-05,-5.355331751e-05,-7.129977423e-04,2.932653882e-03,3.128121861e-02,1.192502619e-01,2.683201346e-01,3.515792548e-01,2.028239800e-01,
4.908643059e-06,-3.637008640e-05,1.203523085e-05,-2.302872320e-03,-1.673301840e-02,-7.565397537e-02,-1.798508256e-01,-2.000552284e-01,-8.374577734e-02,
1.581986276e-01
l,2.5,1.5
0.731,1.191,1.671,
1.343428889e-03,6.880577873e+00
1.026791055e-03,-4.609844107e-04,-1.403046930e-02,8.751960779e-05,1.390323689e-01,1.948882560e-01,-5.190710077e-01,-1.618130026e+00,-1.222749933e+00,
8.675062486e-05,-6.458589527e-04,-1.544977227e-05,-4.458043832e-02,-3.254614821e-01,-1.454110619e+00,-3.409676719e+00,-3.723125827e+00,-1.499701807e+00,
1.580447338e-01
l,2.5,2.5
0.811,1.251,1.691,
1.086951039e-02,5.605405410e+00
2.226978913e-02,8.343840748e-03,-3.394118471e-01,-7.082438237e-01,8.979906432e-01,3.750461387e+00,-8.205704717e-01,-1.254948048e+01,-1.123270918e+01,
2.767186444e-03,-2.039932040e-02,6.096940672e-03,-1.371546487e+00,-1.124561330e+01,-5.670362601e+01,-1.567088030e+02,-2.068570353e+02,-1.028215704e+02,
1.588964163e-01
l,3.5,-3.5
0.731,1.111,1.511,
5.651197844e-10,1.288642290e+01
4.240624171e-11,-1.187842601e-10,-1.344626943e-10,8.029468886e-09,6.084490088e-08,2.934813911e-07,9.027790321e-07,1.507019935e-06,1.023950503e-06,
3.991289381e-12,-2.947279860e-11,-6.845792972e-11,-4.453204070e-09,-4.638996433e-08,-2.642581235e-07,-8.032963108e-07,-1.239564464e-06,-7.727764840e-07,
1.579850478e-01
l,3.5,-2.5
0.811,1.211,1.611,
3.020022065e-09,1.343449118e+01
7.561531956e-10,-2.070458493e-09,-3.687873426e-09,1.123957958e-07,7.552352796e-07,3.144597674e-06,8.892204758e-06,1.420331722e-05,9.300210106e-06,
7.086496679e-11,-5.261979554e-10,-1.055174888e-09,-7.547305509e-08,-7.800752354e-07,-4.426334545e-06,-1.338016683e-05,-2.048058628e-05,-1.265351471e-05,
1.581376265e-01
l,3.5,-1.5
0.871,1.291,1.711,
1.664856663e-08,1.453999938e+01
1.369174019e-08,-2.706420391e-08,-1.181499056e-07,1.541357872e-06,1.237857271e-05,5.328692038e-05,1.500515589e-04,2.421689397e-04,1.632822656e-04,
1.252142427e-09,-9.343035806e-09,-1.145786169e-10,-6.855931458e-07,-5.453299551e-06,-2.682430055e-05,-7.145722643e-05,-9.470989990e-05,-5.086526049e-05,
1.581376243e-01
l,3.5,-0.5
0.951,1.371,1.811,
1.003110083e-07,1.925356577e+01
2.387448887e-07,-2.789514035e-07,-2.985790630e-06,5.806705466e-06,2.601290267e-05,-2.073905636e-04,-1.338705810e-03,-2.835847617e-03,-2.138129519e-03,
2.204044502e-08,-1.651691483e-07,-1.801979493e-08,-1.211078329e-05,-9.340133716e-05,-4.412002265e-04,-1.119702539e-03,-1.374813327e-03,-6.577506940e-04,
1.580759306e-01
l,3.5,0.5
1.031,1.471,1.931,
4.721267473e-07,1.282165731e+01
4.004743005e-06,-3.976472265e-06,-4.842043210e-05,1.650856781e-04,1.895082835e-03,7.460597204e-03,1.722155576e-02,2.294407440e-02,1.329629957e-02,
3.330551515e-07,-2.507311869e-06,8.147365471e-07,-1.629211671e-04,-1.188204780e-03,-5.420534314e-03,-1.303363071e-02,-1.468308116e-02,-6.215569987e-03,
1.581677355e-01
l,3.5,1.5
1.091,1.571,2.051,
3.244904850e-06,1.388983747e+01
6.821816351e-05,-6.503113762e-05,-8.874560664e-04,4.186742207e-04,7.431608648e-03,-3.774334932e-03,-8.202105110e-02,-1.681924881e-01,-1.109657931e-01,
5.011375039e-06,-3.787798777e-05,3.121021253e-05,-2.131666991e-03,-1.479958631e-02,-6.684847863e-02,-1.543423369e-01,-1.589611411e-01,-5.717874143e-02,
1.581982308e-01
l,3.5,2.5
1.131,1.631,2.151,
6.506770155e-05,8.365352325e+00
1.216484001e-03,-1.331855682e-04,-1.433060687e-02,-3.022860030e-03,1.104375032e-01,4.015920784e-02,-8.234218084e-01,-1.718751460e+00,-1.050933762e+00,
8.736246738e-05,-6.621311816e-04,2.215940426e-04,-4.451905138e-02,-3.320656751e-01,-1.580973583e+00,-3.950721346e+00,-4.659346092e+00,-2.087174009e+00,
1.580999239e-01
l,3.5,3.5
1.211,1.691,2.171,
1.022385115e-03,6.844002878e+00
2.448830009e-02,2.036043753e-02,-2.789945493e-01,-7.412516683e-01,-1.268334866e-01,1.400186564e+00,-1.219850018e-01,-4.403917889e+00,-3.752128748e+00,
2.782494098e-03,-2.092583290e-02,2.102179058e-03,-1.527009687e+00,-1.252526579e+01,-6.326659464e+01,-1.749553002e+02,-2.331652940e+02,-1.184897941e+02,
1.587859186e-01
l,4.5,-4.5
0.991,1.371,1.771,
5.155615274e-14,2.212766087e+01
1.779742938e-13,-5.548563820e-13,-5.777220070e-13,3.143605222e-11,2.430318906e-10,1.275482505e-09,4.255799413e-09,7.566906417e-09,5.391958086e-09,
1.552215669e-14,-1.161280946e-13,-1.278678306e-13,-1.413568521e-11,-1.435571763e-10,-8.129321886e-10,-2.443856724e-09,-3.722474478e-09,-2.298661849e-09,
1.579585340e-01
l,4.5,-3.5
1.071,1.451,1.851,
1.404730093e-13,2.388544812e+01
3.310500962e-12,-8.158960776e-12,-1.896609654e-11,5.329547441e-10,4.089845473e-09,1.683946749e-08,3.999832040e-08,4.834913330e-08,2.146050310e-08,
3.172033966e-13,-2.380879493e-12,-5.537832141e-12,-3.613057858e-10,-3.742457608e-09,-2.118210355e-08,-6.389861447e-08,-9.746441118e-08,-5.989282717e-08,
1.580467306e-01
l,4.5,-2.5
1.151,1.551,1.971,
0.000000000e+00,0.000000000e+00
5.649366044e-11,-1.300827131e-10,-4.927705925e-10,5.012724460e-09,2.550592992e-08,2.415039674e-08,-1.476996177e-07,-4.862115250e-07,-4.505095569e-07,
4.784027890e-12,-3.606552678e-11,2.254326061e-11,-2.247117986e-09,-1.712141358e-08,-8.366812456e-08,-2.192182200e-07,-2.836728047e-07,-1.500449483e-07,
1.580450581e-01
l,4.5,-1.5
1.231,1.651,2.071,
0.000000000e+00,0.000000000e+00
9.451324168e-10,-1.912555097e-09,-8.019425737e-09,9.814199484e-08,7.504640398e-07,2.927677080e-06,7.368220722e-06,1.089820335e-05,6.911471942e-06,
8.369340526e-11,-6.329928847e-10,8.879162754e-11,-4.560479301e-08,-3.609518019e-07,-1.784193356e-06,-4.771895082e-06,-6.332520766e-06,-3.398693315e-06,
1.581676611e-01
l,4.5,-0.5
1.311,1.751,2.191,
0.000000000e+00,0.000000000e+00
1.563340035e-08,-2.749551817e-08,-1.631292510e-07,1.035406290e-06,8.150004181e-06,2.737317376e-05,5.670848843e-05,7.130418113e-05,4.039161220e-05,
1.253623256e-09,-9.514600339e-09,7.289607605e-09,-5.589022732e-07,-4.049303177e-06,-1.895015227e-05,-4.645497534e-05,-5.350655542e-05,-2.371624178e-05,
1.581068048e-01
l,4.5,0.5
1.391,1.831,2.291,
0.000000000e+00,0.000000000e+00
2.649888984e-07,-2.568214869e-07,-3.385970460e-06,3.186702450e-06,4.103444485e-05,-5.315445894e-06,-5.079413538e-04,-1.264385374e-03,-9.859543129e-04,
2.182076391e-08,-1.660473351e-07,5.786504688e-08,-1.085770038e-05,-7.893431646e-05,-3.596438113e-04,-8.631311777e-04,-9.648462821e-04,-4.004437438e-04,
1.581986276e-01
l,4.5,1.5
1.471,1.931,2.411,
8.424329886e-10,1.775341744e+01
4.403041203e-06,-3.841761997e-06,-5.176014909e-05,1.673117662e-04,1.962931154e-03,7.083043631e-03,1.396418473e-02,1.564036404e-02,7.842316788e-03,
3.250630759e-07,-2.480660644e-06,1.957447664e-06,-1.442561720e-04,-1.010353145e-03,-4.637795145e-03,-1.121731885e-02,-1.266908131e-02,-5.407575529e-03,
1.581061471e-01
l,4.5,2.5
1.531,2.011,2.511,
6.382694592e-09,1.785144712e+01
7.642155833e-05,-2.389444963e-05,-7.740063788e-04,5.924852354e-03,6.752523128e-02,2.708665257e-01,5.616194554e-01,6.033496537e-01,2.657559702e-01,
5.625401730e-06,-4.302156226e-05,3.882049146e-05,-2.398192185e-03,-1.600081558e-02,-7.158717602e-02,-1.759356302e-01,-2.091059577e-01,-9.776335873e-02,
1.579148132e-01
l,4.5,3.5
1.551,2.071,2.611,
1.300447002e-06,1.141345452e+01
1.320561045e-03,6.460585992e-04,-1.339821501e-02,8.947159218e-03,3.617102242e-01,1.436616677e+00,2.685096052e+00,2.526915618e+00,9.647503893e-01,
9.733544915e-05,-7.457063211e-04,4.390326886e-04,-4.660233940e-02,-3.357047410e-01,-1.573040625e+00,-3.923548857e+00,-4.624604154e+00,-2.069788259e+00,
1.579825992e-01
l,4.5,4.5
1.631,2.131,2.651,
1.119888030e-04,7.323450149e+00
2.482358925e-02,3.245087841e-02,-1.487093726e-01,2.526143721e-01,6.401088121e+00,2.907535933e+01,6.681248015e+01,8.001847033e+01,3.940354153e+01,
2.658570591e-03,-2.025299259e-02,2.423238545e-03,-1.495614610e+00,-1.222823316e+01,-6.181322945e+01,-1.697545555e+02,-2.240312178e+02,-1.126923259e+02,
1.586008704e-01
l,5.5,-5.5
1.251,1.631,2.011,
0.000000000e+00,0.000000000e+00
7.166719826e-16,-2.369933362e-15,-1.807552605e-15,1.070956906e-13,5.953681694e-13,1.955473741e-12,3.297057498e-12,8.831089684e-13,-2.693429941e-12,
6.876690639e-17,-5.191095726e-16,-1.103186198e-15,-7.850608613e-14,-8.379124444e-13,-4.952755930e-12,-1.569513530e-11,-2.533705399e-11,-1.656463031e-11,
1.580998867e-01
l,5.5,-4.5
1.351,1.731,2.111,
0.000000000e+00,0.000000000e+00
1.248035031e-14,-4.015813179e-14,-2.757891585e-14,2.058206153e-12,1.414155184e-11,6.815472725e-11,2.183189539e-10,3.805616520e-10,2.670040599e-10,
1.201270832e-15,-9.096484368e-15,-1.812230770e-14,-1.346571856e-12,-1.436108174e-11,-8.498822167e-11,-2.696725155e-10,-4.357279485e-10,-2.851590275e-10,
1.581428466e-01
l,5.5,-3.5
1.431,1.811,2.211,
0.000000000e+00,0.000000000e+00
2.255178059e-13,-5.617448485e-13,-1.072082259e-12,4.200699879e-11,3.931176044e-10,2.198876764e-09,7.451760074e-09,1.349118303e-08,9.886521060e-09,
2.093147212e-14,-1.589496092e-13,-3.266151269e-13,-2.325336567e-11,-2.399426618e-10,-1.359671995e-09,-4.097540181e-09,-6.230140107e-09,-3.813776453e-09,
1.581392999e-01
l,5.5,-2.5
1.511,1.911,2.331,
0.000000000e+00,0.000000000e+00
3.764209864e-12,-8.600780137e-12,-3.202914786e-11,4.191323694e-10,3.490434478e-09,1.546856884e-08,4.216057166e-08,6.376812004e-08,4.010954726e-08,
3.124345814e-13,-2.379843264e-12,1.864418860e-12,-1.417716341e-10,-1.052461811e-09,-5.054712873e-09,-1.284706259e-08,-1.577408177e-08,-7.786091700e-09,
1.580759263e-01
l,5.5,-1.5
1.611,2.011,2.431,
0.000000000e+00,0.000000000e+00
6.192534679e-11,-1.232203597e-10,-5.686180959e-10,5.523966058e-09,3.979855604e-08,1.153496402e-07,1.331349743e-07,-4.536587156e-08,-1.674323308e-07,
5.424025929e-12,-4.141102806e-11,9.671312672e-12,-2.918707276e-09,-2.273947137e-08,-1.110224559e-07,-2.920732656e-07,-3.777666405e-07,-1.961474244e-07,
1.581676405e-01
l,5.5,-0.5
1.691,2.111,2.551,
0.000000000e+00,0.000000000e+00
1.009500039e-09,-1.726859044e-09,-1.071402193e-08,6.047560782e-08,4.872911579e-07,1.593854981e-06,3.069852878e-06,3.518504972e-06,1.823212486e-06,
8.058608355e-11,-6.168131601e-10,4.631819992e-10,-3.686157146e-08,-2.676247605e-07,-1.255883380e-06,-3.095473413e-06,-3.584876907e-06,-1.592289189e-06,
1.581068048e-01
l,5.5,0.5
1.771,2.211,2.651,
0.000000000e+00,0.000000000e+00
1.644028025e-08,-2.328195494e-08,-1.753570594e-07,9.545562569e-07,9.542497485e-06,3.906269917e-05,9.363453091e-05,1.263270131e-04,7.266106572e-05,
1.394053825e-09,-1.069082766e-08,2.411723506e-09,-7.416727843e-07,-5.596481463e-06,-2.635518932e-05,-6.602031092e-05,-7.885231453e-05,-3.621488601e-05,
1.581986276e-01
l,5.5,1.5
1.851,2.311,2.771,
0.000000000e+00,0.000000000e+00
2.706223086e-07,-3.266425486e-07,-3.104751990e-06,1.431612159e-05,1.553601357e-04,5.604292562e-04,1.003908519e-03,8.599643656e-04,2.510292063e-04,
2.061880049e-08,-1.584598628e-07,1.619474630e-07,-8.483668376e-06,-5.665070775e-05,-2.474903885e-04,-5.606132752e-04,-5.694608644e-04,-2.066041347e-04,
1.580444050e-01
l,5.5,2.5
1.911,2.371,2.851,
0.000000000e+00,0.000000000e+00
4.608487870e-06,6.367351061e-07,-7.827979638e-05,-4.095620842e-04,-1.105143039e-03,-1.205187229e-03,3.405482849e-04,1.636138822e-03,8.138746210e-04,
4.140330683e-07,-3.186121878e-06,2.740903454e-06,-1.598648182e-04,-9.340150904e-04,-2.974004558e-03,-3.116779138e-03,3.713826216e-03,6.415770517e-03,
1.578467883e-01
l,5.5,3.5
1.971,2.471,2.971,
0.000000000e+00,0.000000000e+00
7.831608673e-05,-1.481675208e-06,-9.775543370e-04,8.635482596e-05,2.646506901e-02,1.246413999e-01,2.665793904e-01,2.812875750e-01,1.180267417e-01,
6.111533693e-06,-4.711626735e-05,4.384593427e-05,-2.516313107e-03,-1.613445941e-02,-6.695966550e-02,-1.459593469e-01,-1.396351820e-01,-4.383362584e-02,
1.578592716e-01
l,5.5,4.5
1.991,2.531,3.071,
1.138079773e-08,1.421100611e+01
1.349573024e-03,8.497963911e-04,-1.184768928e-02,1.483614532e-02,3.996370831e-01,1.622928445e+00,3.152589688e+00,3.097962204e+00,1.238104812e+00,
1.051179292e-04,-8.113761376e-04,3.297098735e-04,-5.357982783e-02,-3.918980969e-01,-1.844258502e+00,-4.674207703e+00,-5.648327875e+00,-2.602367997e+00,
1.579213039e-01
l,5.5,5.5
2.071,2.591,3.131,
6.147430288e-06,8.968353391e+00
2.449952066e-02,3.374832894e-02,-8.313615890e-02,7.647964390e-01,8.981958015e+00,3.718271493e+01,8.077262257e+01,9.114874634e+01,4.197596942e+01,
2.458817482e-03,-1.890060134e-02,7.571792254e-04,-1.441178822e+00,-1.174551020e+01,-5.906277495e+01,-1.599978357e+02,-2.076603791e+02,-1.026021901e+02,
1.586009075e-01
l,6.5,-6.5
1.531,1.891,2.271,
0.000000000e+00,0.000000000e+00
2.808943026e-18,-9.926001874e-18,-5.882379911e-18,4.406530725e-16,3.076823042e-15,1.841310747e-14,7.340997065e-14,1.518190405e-13,1.225163526e-13,
2.575762328e-19,-1.959062684e-18,-2.426060917e-18,-2.543092622e-16,-2.670623987e-15,-1.576504908e-14,-4.982795846e-14,-8.024773259e-14,-5.246984326e-14,
1.580138480e-01
l,6.5,-5.5
1.611,1.991,2.371,
0.000000000e+00,0.000000000e+00
4.856822069e-17,-1.677209030e-16,-6.342540652e-17,8.927528787e-15,7.029404866e-14,4.080928405e-13,1.487289105e-12,2.834179762e-12,2.140157373e-12,
4.474602088e-18,-3.411584497e-17,-4.250639182e-17,-4.443071810e-15,-4.675243550e-14,-2.768980730e-13,-8.784729289e-13,-1.418979171e-12,-9.296547605e-13,
1.580382012e-01
l,6.5,-4.5
1.711,2.091,2.471,
0.000000000e+00,0.000000000e+00
8.254508125e-16,-2.712891763e-15,-2.567758686e-15,1.173587562e-13,7.112733656e-13,2.820351506e-12,7.165014025e-12,9.511152473e-12,4.650892243e-12,
7.758882902e-17,-5.928871968e-16,-8.943203314e-16,-8.100085828e-14,-8.549220762e-13,-5.052312024e-12,-1.598937550e-11,-2.571438518e-11,-1.673731448e-11,
1.580511239e-01
l,6.5,-3.5
1.791,2.171,2.571,
0.000000000e+00,0.000000000e+00
1.462975994e-14,-3.622562678e-14,-8.608625357e-14,1.971834463e-12,1.428662738e-11,5.856046624e-11,1.479155562e-10,2.025154307e-10,1.096256102e-10,
1.344065760e-15,-1.029169931e-14,-2.163496406e-14,-1.527189251e-12,-1.575378394e-11,-8.943234792e-11,-2.700876004e-10,-4.110295857e-10,-2.513915146e-10,
1.581693371e-01
l,6.5,-2.5
1.891,2.291,2.691,
0.000000000e+00,0.000000000e+00
2.285304921e-13,-6.284629758e-13,-1.189317393e-12,3.404709330e-11,2.865193799e-10,1.477750496e-09,4.723116182e-09,8.110297504e-09,5.626050306e-09,
1.991778564e-14,-1.528587341e-13,-1.687418955e-13,-1.891616985e-11,-1.913781766e-10,-1.082432795e-09,-3.242033798e-09,-4.883947652e-09,-2.965525684e-09,
1.581068005e-01
l,6.5,-1.5
1.971,2.371,2.791,
0.000000000e+00,0.000000000e+00
3.912267212e-12,-7.419228591e-12,-3.512925484e-11,4.105077685e-10,3.924102015e-09,1.878639493e-08,5.299235661e-08,8.125934593e-08,5.148378580e-08,
3.438130488e-13,-2.643165572e-12,4.905831816e-13,-1.892239364e-10,-1.474391155e-09,-7.173922659e-09,-1.871974648e-08,-2.376840838e-08,-1.194713188e-08,
1.581676405e-01
l,6.5,-0.5
2.071,2.491,2.911,
0.000000000e+00,0.000000000e+00
6.078444692e-11,-1.317744269e-10,-5.852148133e-10,3.752576332e-09,2.118051044e-08,3.156892085e-08,-3.876611542e-08,-1.670964447e-07,-1.441053353e-07,
5.076129589e-12,-3.909923767e-11,2.603096286e-11,-2.461913502e-09,-1.859947807e-08,-9.047775959e-08,-2.345064697e-07,-2.940477793e-07,-1.467486258e-07,
1.580759306e-01
l,6.5,0.5
2.151,2.571,3.011,
0.000000000e+00,0.000000000e+00
1.017316009e-09,-1.355917345e-09,-1.155614532e-08,3.282961235e-08,3.187558330e-07,9.524917520e-07,1.349649644e-06,7.358261197e-07,-1.025553803e-07,
8.740202163e-11,-6.742172570e-10,6.291290881e-11,-4.878399790e-08,-3.732822363e-07,-1.775569763e-06,-4.505980473e-06,-5.458070640e-06,-2.530701982e-06,
1.581677355e-01
l,6.5,1.5
2.231,2.671,3.111,
0.000000000e+00,0.000000000e+00
1.647480019e-08,-1.660833303e-08,-2.026151897e-07,2.891323872e-07,6.863589673e-06,3.694186636e-05,1.031570962e-04,1.492403668e-04,8.757398654e-05,
1.501199618e-09,-1.159624665e-08,-8.752367424e-11,-8.358345350e-07,-6.286074843e-06,-2.864893381e-05,-6.829997906e-05,-7.426452685e-05,-2.824192117e-05,
1.580441157e-01
l,6.5,2.5
2.311,2.771,3.231,
0.000000000e+00,0.000000000e+00
2.657573930e-07,-2.050337778e-07,-5.063480512e-06,-3.909414740e-05,-2.235089512e-04,-7.290849520e-04,-1.376331423e-03,-1.476209619e-03,-7.222438102e-04,
2.210693606e-08,-1.710323305e-07,1.134244143e-07,-9.433625649e-06,-6.058841785e-05,-2.242314775e-04,-2.914564456e-04,2.092715967e-04,4.941299490e-04,
1.582161630e-01
l,6.5,3.5
2.371,2.851,3.331,
0.000000000e+00,0.000000000e+00
4.514476132e-06,-1.114676818e-06,-7.111383082e-05,-3.656252615e-04,-1.402689569e-03,-3.658309481e-03,-6.139815723e-03,-6.070355708e-03,-2.729640067e-03,
3.788299172e-07,-2.934370127e-06,1.423436985e-06,-1.778722962e-04,-1.202075395e-03,-4.913212279e-03,-9.800822611e-03,-7.116576291e-03,-1.990182314e-04,
1.580745316e-01
l,6.5,4.5
2.431,2.931,3.451,
0.000000000e+00,0.000000000e+00
7.752195961e-05,1.163939508e-05,-1.000440251e-03,-2.252072938e-03,6.909880374e-03,4.624151340e-02,9.413505513e-02,8.160675903e-02,2.281339716e-02,
5.555708424e-06,-4.309140980e-05,4.972036318e-05,-2.163507191e-03,-1.339689436e-02,-5.525293552e-02,-1.170655949e-01,-1.038885669e-01,-2.672895694e-02,
1.579829437e-01
l,6.5,5.5
2.451,2.991,3.551,
7.009235604e-11,1.667194651e+01
1.328430953e-03,9.569168058e-04,-1.229177248e-02,-1.287626075e-02,1.780486880e-01,7.691842010e-01,1.366624278e+00,1.156273495e+00,3.785756679e-01,
9.514761901e-05,-7.386422659e-04,7.712837179e-04,-3.988330865e-02,-2.802180568e-01,-1.358161404e+00,-3.483415139e+00,-4.153558160e+00,-1.858050284e+00,
1.580756180e-01
l,6.5,6.5
2.491,3.051,3.611,
1.122007556e-06,8.909613064e+00
2.341198921e-02,3.364213141e-02,-6.988949205e-02,3.661907573e-01,4.483411218e+00,1.679724690e+01,3.331468955e+01,3.517877833e+01,1.548216279e+01,
2.217795287e-03,-1.716124033e-02,5.501276572e-03,-1.240907269e+00,-1.013607823e+01,-5.134370794e+01,-1.381533270e+02,-1.764273261e+02,-8.531841297e+01,
1.584461821e-01
l,7.5,-7.5
1.791,2.151,2.511,
0.000000000e+00,0.000000000e+00
1.079734040e-20,-3.916928194e-20,-3.720280235e-21,1.993082609e-18,1.424184307e-17,7.925645033e-17,2.866495977e-16,5.550560367e-16,4.320181704e-16,
1.110694959e-21,-8.494423657e-21,-1.884302988e-20,-1.345618677e-18,-1.490483227e-17,-9.202278962e-17,-3.070595800e-16,-5.252814341e-16,-3.651884598e-16,
1.580918651e-01
l,7.5,-6.5
1.891,2.251,2.611,
0.000000000e+00,0.000000000e+00
1.859316031e-19,-6.637977478e-19,6.657726891e-20,3.664140543e-17,2.381258845e-16,9.981398723e-16,2.471211961e-15,2.972299308e-15,1.124902124e-15,
1.921596567e-20,-1.472538359e-19,-3.232731356e-19,-2.325615580e-17,-2.573845991e-16,-1.588215492e-15,-5.300792944e-15,-9.072386377e-15,-6.311434278e-15,
1.581064162e-01
l,7.5,-5.5
1.971,2.331,2.711,
0.000000000e+00,0.000000000e+00
3.367392923e-18,-9.764297358e-18,-9.941355635e-18,7.137877787e-16,6.229485445e-15,3.352215319e-14,1.091102961e-13,1.900133127e-13,1.340596337e-13,
3.319213201e-19,-2.548234934e-18,-5.943814644e-18,-4.014422300e-16,-4.285124606e-15,-2.523346452e-14,-7.977134557e-14,-1.282756543e-13,-8.342280661e-14,
1.580999409e-01
l,7.5,-4.5
2.071,2.451,2.831,
0.000000000e+00,0.000000000e+00
5.272606058e-17,-1.721293205e-16,-1.187444862e-16,9.645384028e-15,7.558774777e-14,4.074140940e-13,1.404396197e-12,2.601937226e-12,1.937356923e-12,
4.907849616e-18,-3.775540664e-17,-5.006606534e-17,-5.020610576e-15,-5.286220591e-14,-3.126179658e-13,-9.910859072e-13,-1.598311255e-12,-1.044658040e-12,
1.580511239e-01
l,7.5,-3.5
2.171,2.551,2.931,
0.000000000e+00,0.000000000e+00
8.706989949e-16,-2.596456586e-15,-2.838118093e-15,1.458281523e-13,1.067274653e-12,4.793425430e-12,1.341771702e-11,2.038942671e-11,1.255251528e-11,
8.459797721e-17,-6.518200484e-16,-1.482775958e-15,-1.023219532e-13,-1.092523928e-12,-6.458425626e-12,-2.050114662e-11,-3.307009927e-11,-2.153879492e-11,
1.581693371e-01
l,7.5,-2.5
2.251,2.651,3.051,
0.000000000e+00,0.000000000e+00
1.422957923e-14,-3.806782500e-14,-8.148871701e-14,1.746554140e-12,1.154850230e-11,4.260447426e-11,9.741997867e-11,1.215691084e-10,5.932434165e-11,
1.246793379e-15,-9.623165280e-15,-1.295621437e-14,-1.258229619e-12,-1.282926747e-11,-7.300290706e-11,-2.205292174e-10,-3.351670961e-10,-2.049115020e-10,
1.581068005e-01
l,7.5,-1.5
2.351,2.751,3.151,
0.000000000e+00,0.000000000e+00
2.307973962e-13,-5.352727890e-13,-1.222124344e-12,3.704465296e-11,3.396407125e-10,1.756175797e-09,5.404957612e-09,8.896475159e-09,5.949544691e-09,
2.143067481e-14,-1.656319818e-13,-3.688468920e-13,-2.518397317e-11,-2.602275264e-10,-1.477397058e-09,-4.463381704e-09,-6.785864266e-09,-4.138663717e-09,
1.581676405e-01
l,7.5,-0.5
2.431,2.851,3.271,
0.000000000e+00,0.000000000e+00
3.724336811e-12,-7.621417057e-12,-3.345164083e-11,3.248986207e-10,2.781021433e-09,1.215731772e-08,3.313706367e-08,5.111998739e-08,3.302644806e-08,
3.148559809e-13,-2.437103835e-12,1.370567834e-12,-1.590887843e-10,-1.216207246e-09,-5.942871195e-09,-1.548226100e-08,-1.946128238e-08,-9.655589875e-09,
1.580450624e-01
l,7.5,0.5
2.531,2.951,3.391,
0.000000000e+00,0.000000000e+00
5.986969254e-11,-1.070769911e-10,-6.484918551e-10,2.440660744e-09,1.755356986e-08,4.105464431e-08,4.104560696e-08,1.099692489e-08,-6.817587242e-09,
4.626771198e-12,-3.586300651e-11,2.863669631e-11,-2.156121257e-09,-1.563255044e-08,-7.377236334e-08,-1.817165308e-07,-2.078974001e-07,-8.942693108e-08,
1.581684653e-01
l,7.5,1.5
2.611,3.051,3.491,
0.000000000e+00,0.000000000e+00
9.600412687e-10,-1.441265448e-09,-1.240862309e-08,-2.200298626e-08,-1.704928512e-07,-1.027962800e-06,-2.929834686e-06,-4.129317347e-06,-2.404207931e-06,
7.921295631e-11,-6.146642251e-10,2.554388184e-10,-4.062622246e-08,-3.032532578e-07,-1.423458498e-06,-3.431708303e-06,-3.683828475e-06,-1.330269230e-06,
1.581058577e-01
l,7.5,2.5
2.691,3.151,3.611,
0.000000000e+00,0.000000000e+00
1.528010074e-08,-2.323177335e-08,-2.183704447e-07,-1.824684802e-06,-1.852652615e-05,-8.591637865e-05,-1.947536562e-04,-2.147566704e-04,-9.247136705e-05,
1.162656555e-09,-9.032866901e-09,-2.436804057e-09,-7.517960891e-07,-6.241340561e-06,-3.201517261e-05,-8.449989603e-05,-1.035208149e-04,-4.650155024e-05,
1.583965374e-01
l,7.5,3.5
2.771,3.231,3.711,
0.000000000e+00,0.000000000e+00
2.585111929e-07,-1.925397352e-07,-4.037726102e-06,-2.628919258e-05,-1.845248478e-04,-7.792012838e-04,-1.813293972e-03,-2.211327720e-03,-1.121404390e-03,
1.984968148e-08,-1.543635093e-07,7.691177754e-08,-9.951647196e-06,-7.351513624e-05,-3.403835065e-04,-7.913949761e-04,-7.900474016e-04,-2.424596718e-04,
1.581671353e-01
l,7.5,4.5
2.831,3.311,3.811,
0.000000000e+00,0.000000000e+00
4.366305802e-06,-4.402923275e-07,-7.070215753e-05,-4.709938433e-04,-2.467704388e-03,-8.615711900e-03,-1.839412916e-02,-2.164048944e-02,-1.075526192e-02,
3.387360232e-07,-2.636616391e-06,2.388500079e-06,-1.432529226e-04,-9.389020355e-04,-3.863407654e-03,-7.703205542e-03,-5.492818238e-03,-1.010295332e-04,
1.579825252e-01
l,7.5,5.5
2.891,3.391,3.911,
0.000000000e+00,0.000000000e+00
7.484249363e-05,2.514629553e-05,-9.141535395e-04,-2.722360352e-03,1.497983757e-03,2.508603355e-02,5.145972027e-02,3.740559960e-02,4.224738805e-03,
5.779915767e-06,-4.502744555e-05,3.618916401e-05,-2.555703030e-03,-1.687496108e-02,-7.221136896e-02,-1.641421052e-01,-1.688009069e-01,-6.086215178e-02,
1.578905178e-01
l,7.5,6.5
2.891,3.451,4.011,
2.607684347e-13,1.920992876e+01
1.272781985e-03,1.169521269e-03,-7.543565688e-03,2.863210934e-02,4.279619589e-01,1.714832923e+00,3.455421153e+00,3.603152847e+00,1.548661728e+00,
9.864155166e-05,-7.689628086e-04,6.135620853e-04,-4.478843735e-02,-3.240230881e-01,-1.587426496e+00,-4.184612361e+00,-5.202770681e+00,-2.447574455e+00,
1.579522707e-01
l,7.5,7.5
2.951,3.511,4.091,
3.113275966e-08,1.082965823e+01
2.185630053e-02,3.456900067e-02,8.342428647e-03,1.000833811e+00,7.765365273e+00,2.752087303e+01,5.385401332e+01,5.600853449e+01,2.407662691e+01,
1.966509873e-03,-1.529402767e-02,3.615183280e-03,-1.164153823e+00,-9.607990463e+00,-4.838721984e+01,-1.279551640e+02,-1.602192219e+02,-7.593965228e+01,
1.584461647e-01
l,8.5,-8.5
2.071,2.411,2.771,
0.000000000e+00,0.000000000e+00
4.069805985e-23,-1.528637680e-22,2.189845742e-23,6.895812509e-21,3.724845738e-20,1.426161382e-19,2.928605595e-19,1.365795230e-19,-2.381530701e-19,
4.066048734e-24,-3.124845000e-23,-5.371236563e-23,-4.562314494e-21,-5.007871031e-20,-3.095261547e-19,-1.032918069e-18,-1.765329961e-18,-1.226184630e-18,
1.580301104e-01
l,8.5,-7.5
2.151,2.511,2.871,
0.000000000e+00,0.000000000e+00
6.986944824e-22,-2.595824022e-21,6.706545955e-23,1.398750769e-19,1.175516660e-18,7.249283702e-18,2.644717473e-17,4.948734707e-17,3.660716969e-17,
7.008684768e-23,-5.395133255e-22,-9.015096006e-22,-7.775675348e-20,-8.489952124e-19,-5.217608244e-18,-1.728917439e-17,-2.929787746e-17,-2.016897927e-17,
1.580301104e-01
l,8.5,-6.5
2.251,2.611,2.971,
0.000000000e+00,0.000000000e+00
1.184229974e-20,-4.219402406e-20,-5.108111021e-21,2.272696940e-18,1.811525940e-17,1.057311223e-16,3.816881174e-16,7.268386319e-16,5.553125376e-16,
1.207919688e-21,-9.312464568e-21,-2.077848581e-20,-1.483530368e-18,-1.639028769e-17,-1.010608299e-16,-3.364158552e-16,-5.730328408e-16,-3.961965699e-16,
1.581990386e-01
l,8.5,-5.5
2.351,2.711,3.071,
0.000000000e+00,0.000000000e+00
1.982778941e-19,-6.660340944e-19,-1.086813073e-19,4.040930965e-17,3.026946796e-16,1.430322445e-15,4.014055028e-15,5.861598696e-15,3.340662342e-15,
2.076323585e-20,-1.603018688e-19,-3.969797107e-19,-2.648340598e-17,-2.934957947e-16,-1.807912696e-15,-6.019965570e-15,-1.025784479e-14,-7.092348028e-15,
1.581307656e-01
l,8.5,-4.5
2.431,2.811,3.191,
0.000000000e+00,0.000000000e+00
3.281377100e-18,-1.038136454e-17,-1.356752684e-17,4.709421690e-16,2.968447198e-15,1.153458148e-14,2.919503369e-14,4.185469646e-14,2.453849975e-14,
3.054245220e-19,-2.361759875e-18,-2.950303551e-18,-3.088389249e-16,-3.237195580e-15,-1.905200940e-14,-5.999082472e-14,-9.595163024e-14,-6.222962295e-14,
1.580511239e-01
l,8.5,-3.5
2.531,2.911,3.311,
0.000000000e+00,0.000000000e+00
5.369655850e-17,-1.558055608e-16,-2.635709296e-16,8.532562525e-15,6.860065994e-14,3.486117970e-13,1.137006045e-12,2.045087668e-12,1.502258991e-12,
4.492036013e-18,-3.478664073e-17,-2.834832173e-17,-4.125773575e-15,-4.150625790e-14,-2.352336076e-13,-7.067546435e-13,-1.070847445e-12,-6.562275682e-13,
1.581702046e-01
l,8.5,-2.5
2.631,3.011,3.411,
0.000000000e+00,0.000000000e+00
8.700896076e-16,-2.255571664e-15,-5.319294356e-15,1.201129062e-13,9.173331110e-13,3.955430697e-12,1.056547166e-11,1.569470471e-11,9.648272131e-12,
7.692895398e-17,-5.964243534e-16,-8.209517853e-16,-7.859565288e-14,-7.998077339e-13,-4.536412048e-12,-1.368201753e-11,-2.077355465e-11,-1.268891647e-11,
1.580449621e-01
l,8.5,-1.5
2.731,3.131,3.531,
0.000000000e+00,0.000000000e+00
1.328509006e-14,-3.725853011e-14,-6.875018277e-14,1.807469743e-12,1.367704791e-11,6.220851076e-11,1.782076457e-10,2.798787109e-10,1.793587342e-10,
1.128823004e-15,-8.762926009e-15,-9.567240898e-15,-1.097893831e-12,-1.111704997e-11,-6.316967974e-11,-1.902470190e-10,-2.880774260e-10,-1.755960862e-10,
1.581685080e-01
l,8.5,-0.5
2.811,3.211,3.631,
0.000000000e+00,0.000000000e+00
2.242501025e-13,-4.328678673e-13,-1.970289825e-12,2.157030603e-11,2.035817815e-10,1.008267720e-09,3.031343318e-09,4.982376539e-09,3.354321041e-09,
1.931919300e-14,-1.501234056e-13,2.071506893e-14,-1.111183106e-11,-8.754880338e-11,-4.321523025e-10,-1.147550774e-09,-1.487567686e-09,-7.633378746e-10,
1.582294579e-01
l,8.5,0.5
2.911,3.331,3.751,
0.000000000e+00,0.000000000e+00
3.449663081e-12,-7.594522642e-12,-3.045676870e-11,2.591870783e-10,1.767821927e-09,5.598990514e-09,1.129467953e-08,1.449184796e-08,8.568139548e-09,
2.824577478e-13,-2.197379437e-12,1.407900312e-12,-1.425847568e-10,-1.090307413e-09,-5.388469564e-09,-1.425411296e-08,-1.834892641e-08,-9.422625555e-09,
1.581067350e-01
l,8.5,1.5
2.991,3.431,3.871,
0.000000000e+00,0.000000000e+00
5.520848015e-11,-1.111399538e-10,-5.595188387e-10,1.325537345e-09,7.535959272e-11,-4.374390554e-08,-1.481037996e-07,-1.843905299e-07,-7.880738044e-08,
4.132642204e-12,-3.218403490e-11,1.972484298e-11,-2.117522813e-09,-1.619377805e-08,-8.071488497e-08,-2.116736149e-07,-2.637784525e-07,-1.264642989e-07,
1.582591096e-01
l,8.5,2.5
3.071,3.531,3.991,
0.000000000e+00,0.000000000e+00
8.940738150e-10,-1.909625311e-09,-5.970774598e-09,6.392900260e-08,-1.463872399e-07,-3.553171713e-06,-1.378119664e-05,-2.210023572e-05,-1.321929389e-05,
6.025985757e-11,-4.697575059e-10,1.491904612e-10,-3.652687824e-08,-3.093443712e-07,-1.720590753e-06,-5.167745088e-06,-7.646383150e-06,-4.449308542e-06,
1.580264520e-01
l,8.5,3.5
3.151,3.611,4.071,
0.000000000e+00,0.000000000e+00
1.488754009e-08,-1.755874406e-08,-1.468329507e-07,2.315110912e-07,-1.591839586e-07,-1.355579716e-05,-5.097076945e-05,-7.408687859e-05,-3.936677209e-05,
1.201524912e-09,-9.372439221e-09,-2.183455689e-09,-7.736590466e-07,-6.329501112e-06,-3.247427341e-05,-8.993474786e-05,-1.213052457e-04,-6.360783183e-05,
1.580739864e-01
l,8.5,4.5
3.231,3.691,4.171,
0.000000000e+00,0.000000000e+00
2.466128137e-07,-1.226149670e-07,-3.303705605e-06,-1.769458817e-05,-1.188348619e-04,-5.130550307e-04,-1.212991711e-03,-1.482204661e-03,-7.468371075e-04,
2.049650694e-08,-1.600027534e-07,-4.014673743e-08,-1.276451576e-05,-1.009578116e-04,-4.882957488e-04,-1.243230299e-03,-1.487341939e-03,-6.607941501e-04,
1.581977578e-01
l,8.5,5.5
3.291,3.771,4.271,
0.000000000e+00,0.000000000e+00
4.142311809e-06,4.207634399e-07,-6.221323602e-05,-4.407029413e-04,-2.392919748e-03,-8.506061868e-03,-1.836188090e-02,-2.177598639e-02,-1.089895885e-02,
3.488999913e-07,-2.725590001e-06,4.847354483e-07,-1.868358523e-04,-1.351749455e-03,-5.968042002e-03,-1.369010763e-02,-1.405028991e-02,-4.844026479e-03,
1.580753586e-01
l,8.5,6.5
3.351,3.871,4.391,
0.000000000e+00,0.000000000e+00
7.129109144e-05,6.193538913e-06,-8.504264101e-04,-1.364526391e-03,9.677454961e-03,5.148162501e-02,1.028215757e-01,9.522008733e-02,3.309958257e-02,
5.077604862e-06,-3.969821755e-05,4.076943146e-05,-2.135561469e-03,-1.383374505e-02,-5.975384602e-02,-1.360089638e-01,-1.390120299e-01,-4.981111697e-02,
1.579830665e-01
l,8.5,7.5
3.351,3.911,4.491,
2.904338849e-16,2.243400699e+01
1.194564975e-03,1.276097725e-03,-4.930663141e-03,4.222823512e-02,4.821554150e-01,1.887548279e+00,3.819968539e+00,4.027915549e+00,1.752328889e+00,
8.643902182e-05,-6.761645961e-04,5.585691266e-04,-4.096808880e-02,-3.049490997e-01,-1.510264093e+00,-3.943882502e+00,-4.832424328e+00,-2.236685562e+00,
1.580756968e-01
l,8.5,8.5
3.391,3.971,4.571,
2.057184257e-09,1.173567415e+01
2.004463039e-02,3.471933820e-02,7.378484327e-02,1.504538662e+00,1.019670369e+01,3.482856935e+01,6.648463087e+01,6.728797965e+01,2.803936499e+01,
1.718032603e-03,-1.341477930e-02,3.668795372e-03,-1.048414051e+00,-8.756332534e+00,-4.395004016e+01,-1.143738064e+02,-1.403876803e+02,-6.513197964e+01,
1.583223948e-01
