l,0.5,-0.5
0.111,0.511,0.911,
9.073587873e-03,2.267413772e+00
2.316719037e-04,-8.740957787e-04,1.353629659e-03,3.621552090e-02,2.832470412e-01,1.754822588e+00,5.588277441e+00,8.473251581e+00,5.025113001e+00,
2.633079632e-05,-1.685228311e-04,-4.011168005e-04,-2.357629319e-02,-2.501611540e-01,-1.429240418e+00,-4.375962958e+00,-6.848150470e+00,-4.324545168e+00,
1.578599902e-01
l,0.5,0.5
0.171,0.431,0.731,
2.443865891e-01,2.714073596e+00
9.718867950e-03,-6.676078102e-03,-2.554737076e-02,4.337198204e+00,5.059999609e+01,3.438469324e+02,1.434515296e+03,3.230014839e+03,2.974690553e+03,
2.783629450e-03,-1.656776077e-02,-6.106376813e-02,-3.019121944e+00,-3.959468817e+01,-2.809627721e+02,-1.111834425e+03,-2.285247534e+03,-1.910296376e+03,
1.591447658e-01
l,1.5,-1.5
0.291,0.711,1.131,
1.291821544e-04,4.601408445e+00
1.835534022e-06,-6.095561552e-06,-2.759907451e-06,1.417677438e-04,2.151961051e-04,3.597072841e-04,2.549467615e-03,4.937202881e-03,2.507864639e-03,
1.810148986e-07,-1.197432529e-06,-1.653311579e-07,-8.154452586e-05,-6.752210616e-04,-3.397120391e-03,-9.415792467e-03,-1.359486739e-02,-8.164292283e-03,
1.579216719e-01
l,1.5,-0.5
0.371,0.771,1.191,
4.766609925e-04,3.885912304e+00
3.931446918e-05,-9.807955507e-05,-1.966493650e-04,4.331825761e-03,2.227726684e-02,8.029955518e-02,2.471036958e-01,4.452960168e-01,3.199341832e-01,
4.227616708e-06,-2.815375814e-05,-1.249124255e-05,-2.077834390e-03,-1.727784212e-02,-8.600143451e-02,-2.360205501e-01,-3.339696538e-01,-1.954148542e-01,
1.582603001e-01
l,1.5,0.5
0.391,0.851,1.311,
5.976872640e-03,4.231468240e+00
7.266068133e-04,-1.430762581e-03,-5.731502933e-03,5.561806881e-02,2.535226003e-01,4.033549549e-01,3.181947596e-01,2.588526424e-01,2.113881586e-01,
6.553831729e-05,-4.413439522e-04,-1.125695182e-05,-2.793209216e-02,-2.108988557e-01,-9.659124495e-01,-2.387100869e+00,-2.971593481e+00,-1.518539636e+00,
1.579833601e-01
l,1.5,1.5
0.511,0.891,1.291,
5.597275050e-02,4.201370565e+00
1.671670936e-02,-9.894021834e-03,-1.450006094e-01,2.634274340e+00,2.762709970e+01,1.339485563e+02,3.719717074e+02,5.548045638e+02,3.413782165e+02,
2.587335161e-03,-1.715449522e-02,-3.451253059e-02,-2.265553106e+00,-2.400188657e+01,-1.364299606e+02,-4.165995643e+02,-6.400440958e+02,-3.922374719e+02,
1.590204998e-01
l,2.5,-2.5
0.511,0.931,1.371,
1.929066642e-06,1.020459710e+01
1.122522963e-08,-2.790808792e-08,-7.865661937e-08,5.628149249e-07,-1.723257563e-06,-2.853833808e-05,-1.056049462e-04,-1.770862385e-04,-1.169778175e-04,
1.045222993e-09,-7.076045811e-09,-1.752127869e-09,-4.905692952e-07,-3.868894145e-06,-1.847047012e-05,-4.809634727e-05,-6.410656743e-05,-3.534746065e-05,
1.579216378e-01
l,2.5,-1.5
0.591,1.031,1.471,
2.629603588e-06,7.874125585e+00
2.002217059e-07,-4.814220713e-07,-1.330105392e-06,1.507529607e-05,4.981716275e-05,3.257751212e-06,-1.983540722e-04,-3.232503210e-04,-1.671141598e-04,
1.841611050e-08,-1.255882129e-07,9.619602823e-09,-8.044261393e-06,-6.253575151e-05,-2.981444213e-04,-7.712127085e-04,-1.013440010e-03,-5.502978488e-04,
1.581685209e-01
l,2.5,-0.5
0.651,1.111,1.571,
2.250050742e-05,8.467461473e+00
3.574635912e-06,-6.069787908e-06,-3.072503989e-05,2.671518477e-04,1.679199578e-03,4.495626168e-03,7.230483795e-03,7.062813618e-03,3.200939690e-03,
3.223489350e-07,-2.212196514e-06,1.062310535e-07,-1.397931924e-04,-1.045627140e-03,-4.764242523e-03,-1.164746341e-02,-1.411811959e-02,-6.923869766e-03,
1.581067428e-01
l,2.5,0.5
0.731,1.211,1.691,
1.230116012e-04,7.801078518e+00
6.048316936e-05,-9.074789889e-05,-5.985834877e-04,3.143580981e-03,2.041900107e-02,4.348283452e-02,3.507542166e-02,-8.048022904e-03,-2.129404857e-02,
4.902187731e-06,-3.386324557e-05,1.749376712e-05,-1.840943155e-03,-1.285223935e-02,-5.597406646e-02,-1.274791257e-01,-1.386080571e-01,-5.921643956e-02,
1.582912702e-01
l,2.5,1.5
0.791,1.291,1.791,
6.968963389e-04,6.030658367e+00
1.040281961e-03,-8.823203687e-04,-1.186030501e-02,2.069243553e-02,2.300506149e-01,6.110212113e-01,8.339741339e-01,6.369803130e-01,2.307777838e-01,
8.503812410e-05,-5.900529398e-04,1.309552981e-04,-3.454296746e-02,-2.402825284e-01,-1.021013916e+00,-2.246786863e+00,-2.292798022e+00,-8.667799180e-01,
1.581671000e-01
l,2.5,2.5
0.871,1.331,1.811,
6.530363470e-03,5.563801812e+00
1.998887956e-02,1.340311518e-02,-2.384993685e-01,-4.256983200e-01,1.502670530e+00,7.683260380e+00,1.482423899e+01,1.452245389e+01,6.007253606e+00,
2.557652109e-03,-1.759774610e-02,-5.089440571e-03,-1.242033889e+00,-9.911326382e+00,-4.711929928e+01,-1.226486243e+02,-1.549748140e+02,-7.502997819e+01,
1.588481579e-01
l,3.5,-3.5
0.771,1.191,1.631,
4.497817548e-10,1.513664610e+01
5.515031140e-11,-1.255622001e-10,-2.660808076e-10,7.749892668e-09,5.972754470e-08,2.852986307e-07,8.751416022e-07,1.462212295e-06,9.908027294e-07,
5.099077864e-12,-3.511309111e-11,-1.022680749e-11,-2.520289656e-09,-1.997046709e-08,-9.573085834e-08,-2.501987529e-07,-3.333368956e-07,-1.830138356e-07,
1.579524229e-01
l,3.5,-2.5
0.851,1.291,1.731,
2.160334316e-09,1.592563081e+01
9.564874448e-10,-2.090432202e-09,-6.462163483e-09,8.385796207e-08,4.443789181e-07,1.104248466e-06,1.816335678e-06,2.045832072e-06,1.132290301e-06,
8.879927809e-11,-6.146317439e-10,-1.120908424e-10,-4.293786606e-08,-3.367553084e-07,-1.605488431e-06,-4.164018286e-06,-5.467943161e-06,-2.944408117e-06,
1.580758822e-01
l,3.5,-1.5
0.931,1.391,1.851,
9.423115080e-09,1.729233953e+01
1.607302913e-08,-3.181340618e-08,-1.386737327e-07,8.848512067e-07,3.565563744e-06,-1.247739670e-06,-2.970478395e-05,-6.152504610e-05,-4.217433658e-05,
1.341335954e-09,-9.334406705e-09,2.970990971e-09,-5.574088431e-07,-4.086265923e-06,-1.861049018e-05,-4.512992834e-05,-5.396317649e-05,-2.613771980e-05,
1.582294437e-01
l,3.5,-0.5
1.011,1.471,1.951,
3.908730885e-08,1.281318867e+01
2.727485082e-07,-3.251093217e-07,-2.707329261e-06,1.461901023e-05,1.347840067e-04,5.279918616e-04,1.271858749e-03,1.760001527e-03,1.036886558e-03,
2.317148026e-08,-1.618928174e-07,2.944920995e-08,-9.860485387e-06,-7.077349035e-05,-3.113050489e-04,-7.231116804e-04,-8.044857999e-04,-3.475713102e-04,
1.581676599e-01
l,3.5,0.5
1.091,1.571,2.071,
2.059807001e-07,1.445077410e+01
4.415986041e-06,-4.123086307e-06,-4.763495960e-05,1.322827563e-04,1.325791746e-03,3.809378803e-03,5.142621252e-03,2.706271520e-03,-1.380817768e-04,
3.473178732e-07,-2.436927809e-06,1.067784073e-06,-1.367639788e-04,-9.378422686e-04,-3.994116882e-03,-8.834145223e-03,-9.082691712e-03,-3.491394625e-03,
1.582602730e-01
l,3.5,1.5
1.171,1.671,2.171,
2.091378537e-06,1.125266919e+01
7.147625001e-05,-5.308847671e-05,-7.436860018e-04,1.524607429e-03,1.585982299e-02,4.099621678e-02,5.107562226e-02,3.182955719e-02,8.022445103e-03,
5.968277531e-06,-4.200794920e-05,-3.200117180e-06,-2.788767363e-03,-2.035183303e-02,-9.079614138e-02,-2.153266350e-01,-2.453874742e-01,-1.078509354e-01,
1.582288901e-01
l,3.5,2.5
1.211,1.751,2.291,
2.765012951e-05,9.522242320e+00
1.178220031e-03,-2.907101584e-04,-1.211439464e-02,3.857411551e-03,9.631090052e-02,-2.937973773e-02,-8.549263224e-01,-1.597919299e+00,-9.349101538e-01,
8.877305353e-05,-6.268226897e-04,1.689544599e-04,-3.841802791e-02,-2.762253717e-01,-1.246135129e+00,-2.960395471e+00,-3.342061142e+00,-1.441632446e+00,
1.580717031e-01
l,3.5,3.5
1.291,1.811,2.331,
5.357713843e-04,6.778728759e+00
2.069675922e-02,1.818428859e-02,-1.948844756e-01,-4.993083270e-01,-5.884447974e-03,1.889693396e+00,3.988891267e+00,4.107345910e+00,1.854898016e+00,
2.317992421e-03,-1.627995983e-02,-3.090071929e-03,-1.145298339e+00,-8.966750632e+00,-4.228666043e+01,-1.081133668e+02,-1.333733724e+02,-6.287678675e+01,
1.587239329e-01
l,4.5,-4.5
1.071,1.491,1.911,
1.841013334e-14,1.688845170e+01
2.300408941e-13,-6.792088281e-13,-6.911057181e-13,2.946121465e-11,2.011280560e-10,9.970632725e-10,3.276637556e-09,5.746347946e-09,4.009473293e-09,
2.110407055e-14,-1.472219846e-13,-3.596011618e-16,-1.016052991e-11,-8.197051016e-11,-4.075488780e-10,-1.106046623e-09,-1.542440206e-09,-8.944306188e-10,
1.581067942e-01
l,4.5,-3.5
1.151,1.571,2.011,
3.250707181e-14,2.386502548e+01
4.162587809e-12,-9.912002658e-12,-3.274053378e-11,1.810674890e-10,-3.181730506e-10,-9.001749938e-09,-3.829829307e-08,-7.025716838e-08,-4.926053565e-08,
3.642690258e-13,-2.550619232e-12,3.877439088e-13,-1.639800002e-10,-1.252662501e-09,-5.907125465e-09,-1.501060687e-08,-1.919008347e-08,-1.009564350e-08,
1.581684277e-01
l,4.5,-2.5
1.231,1.671,2.111,
1.512376018e-13,2.177823120e+01
6.942792868e-11,-1.506252293e-10,-4.900462081e-10,5.717988421e-09,3.344801928e-08,9.576921894e-08,1.843428300e-07,2.336278149e-07,1.382547028e-07,
6.267054481e-12,-4.402967106e-11,1.621556828e-12,-2.937260285e-09,-2.269335621e-08,-1.076102531e-07,-2.763080043e-07,-3.566505976e-07,-1.883235987e-07,
1.581066802e-01
l,4.5,-1.5
1.311,1.771,2.231,
3.887453567e-13,2.307702542e+01
1.133811045e-09,-2.157438320e-09,-8.927245682e-09,8.672321043e-08,5.881799686e-07,1.892603345e-06,3.849683301e-06,4.723244308e-06,2.574898133e-06,
9.354254844e-11,-6.595737646e-10,2.343061976e-10,-3.969202505e-08,-2.907962940e-07,-1.328816869e-06,-3.236759624e-06,-3.877340863e-06,-1.873900686e-06,
1.582293894e-01
l,4.5,-0.5
1.391,1.851,2.331,
0.000000000e+00,0.000000000e+00
1.874145994e-08,-2.064328773e-08,-1.945881833e-07,5.632031800e-07,4.622549415e-06,8.995259102e-06,-2.011456504e-06,-2.751678104e-05,-2.591397919e-05,
1.601841185e-09,-1.132547409e-08,3.758499391e-10,-7.315934236e-07,-5.319156930e-06,-2.360960711e-05,-5.567346596e-05,-6.313357133e-05,-2.776104105e-05,
1.581685274e-01
l,4.5,0.5
1.471,1.951,2.451,
6.478630174e-12,2.284567941e+01
2.970591879e-07,-2.377019145e-07,-3.286706911e-06,5.384970266e-06,7.929907817e-05,2.954149666e-04,6.200496695e-04,7.497568602e-04,3.978582266e-04,
2.377853545e-08,-1.686204547e-07,5.894261650e-08,-9.832242750e-06,-6.796025613e-05,-2.901397087e-04,-6.457751031e-04,-6.673402039e-04,-2.553612334e-04,
1.582294232e-01
l,4.5,1.5
1.551,2.051,2.571,
3.373428464e-11,2.266688043e+01
4.716810963e-06,-2.737333908e-06,-4.923866939e-05,1.475006946e-04,1.766316941e-03,5.939291919e-03,9.830205624e-03,7.991145405e-03,2.408817754e-03,
3.516541540e-07,-2.500375499e-06,1.726418917e-06,-1.321361739e-04,-8.829929333e-04,-3.782296942e-03,-8.537284604e-03,-9.056178356e-03,-3.655340840e-03,
1.580748406e-01
l,4.5,2.5
1.631,2.151,2.671,
3.682762546e-09,1.660909377e+01
7.595976058e-05,-2.768046572e-05,-7.130325627e-04,4.920003467e-03,5.397042658e-02,2.077815867e-01,4.166455444e-01,4.364038507e-01,1.888749372e-01,
5.988578046e-06,-4.266734712e-05,2.416036569e-05,-2.343874887e-03,-1.553360529e-02,-6.506849802e-02,-1.484526049e-01,-1.648004335e-01,-7.215851060e-02,
1.580408357e-01
l,4.5,3.5
1.671,2.231,2.791,
4.336470718e-07,1.174914452e+01
1.210586983e-03,8.492855943e-05,-1.362954581e-02,-1.656301791e-02,6.882109234e-02,1.647313902e-01,-4.604485803e-02,-3.989925265e-01,-2.878167338e-01,
8.832948294e-05,-6.306274629e-04,6.897906504e-04,-2.760262396e-02,-1.757031545e-01,-7.839839437e-01,-1.840595307e+00,-1.976641924e+00,-7.821103181e-01,
1.581061123e-01
l,4.5,4.5
1.751,2.291,2.851,
1.775876084e-05,9.238116111e+00
1.985085011e-02,2.014567114e-02,-2.377710951e-01,-1.841082051e+00,-1.070155326e+01,-4.064437438e+01,-8.844241444e+01,-1.004409895e+02,-4.627795900e+01,
1.994698901e-03,-1.419317905e-02,6.764708523e-03,-8.111746802e-01,-6.040260544e+00,-2.845590392e+01,-7.159193674e+01,-8.477040352e+01,-3.762474124e+01,
1.586008917e-01
l,5.5,-5.5
1.351,1.771,2.191,
0.000000000e+00,0.000000000e+00
9.713520788e-16,-3.030164202e-15,-5.180359637e-15,3.447342346e-14,-3.157767906e-13,-3.127940451e-12,-1.083500551e-11,-1.793538370e-11,-1.187574522e-11,
8.535378770e-17,-6.011358944e-16,2.298240685e-16,-3.758167299e-14,-2.955444569e-13,-1.467716373e-12,-3.961321173e-12,-5.470257717e-12,-3.143735479e-12,
1.580453742e-01
l,5.5,-4.5
1.431,1.851,2.291,
0.000000000e+00,0.000000000e+00
1.746168077e-14,-4.409173384e-14,-9.937607506e-14,1.649076571e-12,1.004111215e-11,3.989456295e-11,1.147032291e-10,1.902815814e-10,1.288446556e-10,
1.463608111e-15,-1.033716413e-14,4.544329499e-15,-6.215233687e-13,-4.709652162e-12,-2.252747345e-11,-5.784519960e-11,-7.447404064e-11,-3.943727762e-11,
1.580759200e-01
l,5.5,-3.5
1.531,1.951,2.391,
0.000000000e+00,0.000000000e+00
2.899252019e-13,-6.700671865e-13,-1.700000945e-12,3.138516903e-11,2.465963630e-10,1.183024073e-09,3.623742344e-09,6.054764624e-09,4.105193735e-09,
2.506400360e-14,-1.774794789e-13,2.709096117e-14,-1.160195671e-11,-8.907155535e-11,-4.235451171e-10,-1.082251590e-09,-1.381202814e-09,-7.189174583e-10,
1.581984523e-01
l,5.5,-2.5
1.611,2.051,2.491,
0.000000000e+00,0.000000000e+00
4.727608929e-12,-9.645867276e-12,-3.732516674e-11,2.935127459e-10,1.536014926e-09,2.505124721e-09,-1.355766656e-09,-9.359128207e-09,-8.689919677e-09,
4.280530883e-13,-3.038252536e-12,-2.939815813e-13,-2.113494874e-10,-1.635528679e-09,-7.723199891e-09,-1.966274047e-08,-2.492389610e-08,-1.277621903e-08,
1.581684648e-01
l,5.5,-1.5
1.711,2.151,2.611,
0.000000000e+00,0.000000000e+00
7.585034684e-11,-1.326690894e-10,-7.054446701e-10,3.346141427e-09,1.777074050e-08,8.724876976e-09,-1.193866596e-07,-3.082033990e-07,-2.395295200e-07,
6.333008805e-12,-4.506753151e-11,1.424261384e-11,-2.746338792e-09,-1.998643558e-08,-9.023486778e-08,-2.161235012e-07,-2.511559800e-07,-1.157890136e-07,
1.581985455e-01
l,5.5,-0.5
1.791,2.251,2.711,
0.000000000e+00,0.000000000e+00
1.200228028e-09,-1.699496574e-09,-1.054403248e-08,7.322687848e-08,6.338651315e-07,2.454084228e-06,5.740257843e-06,7.655265300e-06,4.355527240e-06,
1.077496863e-10,-7.683003138e-10,-1.268814663e-10,-5.364960626e-08,-4.058265486e-07,-1.864845426e-06,-4.615216655e-06,-5.608533813e-06,-2.699266041e-06,
1.581067428e-01
l,5.5,0.5
1.871,2.351,2.831,
0.000000000e+00,0.000000000e+00
1.883073963e-08,-2.043501070e-08,-1.893715555e-07,5.808381196e-07,5.986633376e-06,2.015637002e-05,3.594192118e-05,3.336749816e-05,1.213313032e-05,
1.588511312e-09,-1.135158698e-08,1.346366496e-09,-7.222153101e-07,-5.214466456e-06,-2.305041510e-05,-5.385200511e-05,-5.983546027e-05,-2.539076479e-05,
1.581676329e-01
l,5.5,1.5
1.971,2.451,2.951,
0.000000000e+00,0.000000000e+00
2.963764132e-07,-2.162351604e-07,-3.266487818e-06,7.182526812e-06,1.166741937e-04,4.754337215e-04,9.601688210e-04,9.733146679e-04,3.883624434e-04,
2.336773281e-08,-1.673227143e-07,1.116253335e-07,-8.748296729e-06,-5.655155329e-05,-2.258740416e-04,-4.588346653e-04,-4.039653273e-04,-1.133760755e-04,
1.581674445e-01
l,5.5,2.5
2.051,2.531,3.031,
3.873517614e-14,2.354747198e+01
4.660605100e-06,5.980069435e-07,-6.871420406e-05,-3.780297935e-04,-1.358168213e-03,-3.360228299e-03,-6.032669993e-03,-7.049228220e-03,-3.766262385e-03,
4.568230629e-07,-3.275126440e-06,-5.361794649e-07,-2.077724486e-04,-1.422346644e-03,-5.528529294e-03,-1.062072421e-02,-8.012477096e-03,-9.701962524e-04,
1.580370537e-01
l,5.5,3.5
2.111,2.631,3.171,
1.626609730e-13,2.424109060e+01
7.394996646e-05,1.132926585e-05,-8.190423826e-04,-3.651332621e-04,1.683174009e-02,7.744170079e-02,1.562257742e-01,1.535202097e-01,5.935822171e-02,
5.807674392e-06,-4.172140875e-05,2.559304267e-05,-2.209594749e-03,-1.409591073e-02,-5.612606940e-02,-1.172744062e-01,-1.111133649e-01,-3.709827428e-02,
1.581061123e-01
l,5.5,4.5
2.151,2.711,3.291,
4.159853431e-09,1.396138150e+01
1.161438995e-03,5.218949257e-04,-1.161396930e-02,-2.067795721e-02,4.230008921e-02,1.566678468e-01,8.670844277e-02,-1.435546152e-01,-1.406578039e-01,
8.504835903e-05,-6.118549811e-04,6.197399178e-04,-2.860948024e-02,-1.900123120e-01,-8.660837368e-01,-2.077028733e+00,-2.304411834e+00,-9.544948705e-01,
1.581063066e-01
l,5.5,5.5
2.211,2.791,3.371,
3.001929063e-07,1.157336780e+01
1.854931004e-02,1.719132718e-02,-2.264478896e-01,-1.742719078e+00,-9.196063270e+00,-3.099806543e+01,-6.069653549e+01,-6.298935362e+01,-2.682820697e+01,
1.658791757e-03,-1.190905788e-02,7.848668541e-03,-6.677705934e-01,-4.960736840e+00,-2.326244201e+01,-5.694334237e+01,-6.476303137e+01,-2.737795321e+01,
1.585079534e-01
l,6.5,-6.5
1.651,2.051,2.451,
0.000000000e+00,0.000000000e+00
4.004574906e-18,-1.271213296e-17,-3.998966616e-18,5.873223595e-16,3.587417307e-15,1.491299663e-14,4.065038434e-14,6.055545531e-14,3.626374081e-14,
3.915179920e-19,-2.776367210e-18,-5.909535760e-18,-3.963885366e-16,-4.133293406e-15,-2.353594372e-14,-7.157927298e-14,-1.107648160e-13,-6.928246112e-14,
1.580622828e-01
l,6.5,-5.5
1.731,2.131,2.551,
0.000000000e+00,0.000000000e+00
7.171008725e-17,-1.884341450e-16,-2.753678466e-16,1.036034884e-14,7.712339245e-14,3.471320062e-13,9.710462221e-13,1.485462533e-12,9.325004091e-13,
6.681775213e-18,-4.748926451e-17,-4.433157214e-18,-3.418129319e-15,-2.760443112e-14,-1.369113522e-13,-3.718859600e-13,-5.163818973e-13,-2.962953158e-13,
1.580762425e-01
l,6.5,-4.5
1.831,2.231,2.651,
0.000000000e+00,0.000000000e+00
1.186012039e-15,-2.916733147e-15,-5.499624813e-15,1.620064028e-13,1.294139799e-12,6.158960127e-12,1.798945002e-11,2.839727766e-11,1.826639233e-11,
1.138480548e-16,-8.108337640e-16,-2.898575688e-16,-6.238423380e-14,-5.083176993e-13,-2.520041522e-12,-6.862431786e-12,-9.528446991e-12,-5.427565209e-12,
1.580759200e-01
l,6.5,-3.5
1.911,2.331,2.771,
0.000000000e+00,0.000000000e+00
1.928123968e-14,-4.275014046e-14,-1.499173705e-13,9.631132742e-13,1.602906705e-12,-1.965613088e-11,-1.009488918e-10,-1.924711797e-10,-1.366522606e-10,
1.680685248e-15,-1.199741219e-14,2.693167520e-16,-8.226317449e-13,-6.361770063e-12,-3.040603108e-11,-7.861786558e-11,-1.017147902e-10,-5.344581956e-11,
1.581984523e-01
l,6.5,-2.5
2.011,2.451,2.891,
0.000000000e+00,0.000000000e+00
2.955438086e-13,-7.071924903e-13,-2.109333273e-12,1.797570958e-11,8.317005601e-11,1.658644963e-10,2.264672715e-10,2.808787555e-10,1.911874581e-10,
2.473588323e-14,-1.769452867e-13,8.811823112e-14,-1.053834421e-11,-7.884788435e-11,-3.735250723e-10,-9.437753262e-10,-1.176778065e-09,-5.946711641e-10,
1.581375385e-01
l,6.5,-1.5
2.091,2.531,2.991,
0.000000000e+00,0.000000000e+00
4.885662187e-12,-7.615455173e-12,-4.267259002e-11,2.907574851e-10,2.465555171e-09,9.830658345e-09,2.398440435e-08,3.327679814e-08,1.953960544e-08,
4.197576581e-13,-3.007542355e-12,9.137115471e-14,-2.003926771e-10,-1.494660211e-09,-6.829240638e-09,-1.662050116e-08,-1.963014629e-08,-9.108676467e-09,
1.581985455e-01
l,6.5,-0.5
2.191,2.651,3.111,
0.000000000e+00,0.000000000e+00
7.418703152e-11,-1.268216390e-10,-6.407295440e-10,4.150788915e-09,3.039352697e-08,9.252920353e-08,1.553668675e-07,1.376530030e-07,4.670460182e-08,
6.162597186e-12,-4.423417137e-11,1.156380789e-11,-2.776593075e-09,-2.037667843e-08,-9.274235850e-08,-2.243071876e-07,-2.631180839e-07,-1.219034138e-07,
1.582294502e-01
l,6.5,0.5
2.291,2.751,3.231,
0.000000000e+00,0.000000000e+00
1.157427043e-09,-1.609192028e-09,-1.191670453e-08,2.309302836e-08,1.754805462e-07,1.860690635e-07,-6.635871488e-07,-1.901174886e-06,-1.450012065e-06,
9.027053307e-11,-6.490256326e-10,3.959590297e-10,-3.602566578e-08,-2.506325880e-07,-1.102229254e-06,-2.515768887e-06,-2.660240647e-06,-1.046323831e-06,
1.581375960e-01
l,6.5,1.5
2.371,2.851,3.331,
0.000000000e+00,0.000000000e+00
1.796968974e-08,-1.731622386e-08,-2.124288234e-07,-2.135201019e-07,1.601317071e-06,1.087788515e-05,3.246853206e-05,4.760306735e-05,2.726544629e-05,
1.526148232e-09,-1.098685639e-08,2.728514920e-09,-6.598116903e-07,-4.606239937e-06,-1.940938774e-05,-4.134428176e-05,-3.805793600e-05,-1.072785850e-05,
1.581661490e-01
l,6.5,2.5
2.451,2.951,3.451,
0.000000000e+00,0.000000000e+00
2.748649024e-07,-1.929316948e-07,-4.161708800e-06,-3.107185887e-05,-1.938105476e-04,-6.713423644e-04,-1.273603889e-03,-1.277900971e-03,-5.424748070e-04,
2.233860727e-08,-1.610505086e-07,2.433601659e-08,-9.872271988e-06,-6.971024976e-05,-2.944471598e-04,-5.995019087e-04,-4.750041053e-04,-6.565180019e-05,
1.583452861e-01
l,6.5,3.5
2.531,3.031,3.551,
0.000000000e+00,0.000000000e+00
4.376408015e-06,1.972710840e-08,-6.001024445e-05,-3.451785413e-04,-1.564407502e-03,-4.939867473e-03,-9.965815518e-03,-1.145616298e-02,-5.673620722e-03,
3.763030668e-07,-2.716031303e-06,5.949530462e-07,-1.616514228e-04,-1.103312792e-03,-4.493464173e-03,-9.251703288e-03,-8.120612413e-03,-2.066942540e-03,
1.581054120e-01
l,6.5,4.5
2.591,3.131,3.671,
0.000000000e+00,0.000000000e+00
6.940479943e-05,1.017978477e-05,-7.387128858e-04,-4.628561426e-04,1.357214588e-02,6.274570094e-02,1.263151827e-01,1.249619073e-01,4.938529380e-02,
5.489941627e-06,-3.967476184e-05,1.895963018e-05,-2.224603389e-03,-1.460682548e-02,-5.977309200e-02,-1.297649326e-01,-1.308221756e-01,-4.840518162e-02,
1.581063609e-01
l,6.5,5.5
2.631,3.211,3.791,
3.028427356e-12,1.841663644e+01
1.079409965e-03,4.758897471e-04,-9.982139844e-03,-1.702038422e-02,2.949538571e-02,8.165644273e-02,-5.832166039e-02,-2.718504106e-01,-1.843916572e-01,
7.999833478e-05,-5.787481228e-04,5.052771258e-04,-2.907187172e-02,-1.998525625e-01,-9.237405644e-01,-2.249890568e+00,-2.555063062e+00,-1.089895219e+00,
1.581064383e-01
l,6.5,6.5
2.671,3.271,3.871,
7.707759113e-08,1.059098360e+01
1.639018953e-02,2.211820173e-02,-8.512942716e-02,-4.447036225e-01,-1.660567700e+00,-4.809328208e+00,-8.460031831e+00,-7.863883215e+00,-2.987218603e+00,
1.556554638e-03,-1.124133467e-02,1.753907463e-03,-7.396427839e-01,-5.684607917e+00,-2.671813165e+01,-6.614707623e+01,-7.746537522e+01,-3.426728972e+01,
1.585389583e-01
l,7.5,-7.5
1.951,2.331,2.731,
0.000000000e+00,0.000000000e+00
1.612386979e-20,-5.224518422e-20,-1.064151042e-20,2.726157939e-18,2.241353777e-17,1.274002532e-16,4.299594839e-16,7.517140216e-16,5.240177189e-16,
1.538899798e-21,-1.097715607e-20,-1.927953619e-20,-1.464362511e-18,-1.512116514e-17,-8.585499156e-17,-2.596367304e-16,-3.984644440e-16,-2.469875232e-16,
1.580028263e-01
l,7.5,-6.5
2.031,2.431,2.831,
0.000000000e+00,0.000000000e+00
2.713289928e-19,-8.523995387e-19,-5.311414190e-19,3.577590812e-17,2.191930764e-16,8.507814731e-16,1.947796847e-15,2.185623193e-15,8.122460502e-16,
2.618564748e-20,-1.871240412e-19,-4.055525766e-19,-2.694218229e-17,-2.799992711e-16,-1.590032349e-15,-4.812445227e-15,-7.393648551e-15,-4.585335775e-15,
1.581849014e-01
l,7.5,-5.5
2.131,2.531,2.931,
0.000000000e+00,0.000000000e+00
4.500254202e-18,-1.336427451e-17,-5.786812923e-18,7.784350394e-16,6.254831092e-15,3.157872428e-14,9.530713137e-14,1.518685481e-13,9.747324294e-14,
4.443709859e-19,-3.180854267e-18,-7.422799655e-18,-4.710030479e-16,-4.913125536e-15,-2.792564228e-14,-8.470824811e-14,-1.304676234e-13,-8.109854131e-14,
1.581379428e-01
l,7.5,-4.5
2.211,2.611,3.031,
0.000000000e+00,0.000000000e+00
7.753208880e-17,-1.760705255e-16,-3.269375067e-16,1.267049066e-14,1.163992764e-13,6.142092488e-13,1.918217736e-12,3.194478710e-12,2.161326335e-12,
7.530017831e-18,-5.398542039e-17,-2.074448453e-17,-4.188875470e-15,-3.424739149e-14,-1.695301750e-13,-4.597280903e-13,-6.334580198e-13,-3.575484300e-13,
1.580450518e-01
l,7.5,-3.5
2.311,2.731,3.151,
0.000000000e+00,0.000000000e+00
1.186082978e-15,-2.984482470e-15,-5.529373830e-15,1.418960465e-13,1.000566034e-12,4.271277165e-12,1.203135544e-11,1.929941525e-11,1.286000338e-11,
1.105589965e-16,-7.940265448e-16,-1.262514210e-16,-5.900315381e-14,-4.795167292e-13,-2.389710722e-12,-6.530633196e-12,-9.098929090e-12,-5.212622323e-12,
1.581684277e-01
l,7.5,-2.5
2.411,2.831,3.271,
0.000000000e+00,0.000000000e+00
1.886582931e-14,-4.189694159e-14,-1.305667309e-13,1.442936195e-12,8.546229779e-12,2.637163317e-11,5.759684857e-11,8.333767465e-11,5.433907669e-11,
1.620282850e-15,-1.165561612e-14,1.298917527e-15,-7.895399920e-13,-6.093895338e-12,-2.921586793e-11,-7.577380001e-11,-9.824884947e-11,-5.171534736e-11,
1.582293113e-01
l,7.5,-1.5
2.491,2.931,3.391,
0.000000000e+00,0.000000000e+00
2.967886895e-13,-5.588100402e-13,-2.747197086e-12,9.746409850e-12,3.150473334e-11,-1.253838217e-10,-7.989617071e-10,-1.536402631e-09,-1.060559157e-09,
2.369097086e-14,-1.706789327e-13,9.635246610e-14,-9.844919475e-12,-7.092807019e-11,-3.242906477e-10,-7.813094609e-10,-9.028400253e-10,-4.089563720e-10,
1.581375458e-01
l,7.5,-0.5
2.591,3.031,3.491,
0.000000000e+00,0.000000000e+00
4.630153899e-12,-6.964789716e-12,-4.203946990e-11,2.177889617e-10,1.820593280e-09,6.652486669e-09,1.493357936e-08,1.968112587e-08,1.123217396e-08,
3.999659195e-13,-2.884888107e-12,-5.386091438e-14,-1.962598196e-10,-1.470768610e-09,-6.751338841e-09,-1.657160406e-08,-1.977063559e-08,-9.251874976e-09,
1.581676599e-01
l,7.5,0.5
2.691,3.151,3.611,
0.000000000e+00,0.000000000e+00
6.961015792e-11,-1.149908320e-10,-5.922908771e-10,3.670095476e-09,2.778222811e-08,9.345814069e-08,1.965630375e-07,2.496401673e-07,1.403221291e-07,
5.840726931e-12,-4.218379807e-11,3.088170982e-12,-2.826907983e-09,-2.116483750e-08,-9.787445058e-08,-2.423846317e-07,-2.931470462e-07,-1.400746085e-07,
1.582294232e-01
l,7.5,1.5
2.771,3.251,3.731,
0.000000000e+00,0.000000000e+00
1.070540989e-09,-1.441172270e-09,-1.130612665e-08,-1.322666569e-08,-1.343170189e-07,-8.339492890e-07,-2.114874630e-06,-2.485112554e-06,-1.164452163e-06,
8.514775418e-11,-6.157256363e-10,1.353494499e-10,-3.912657397e-08,-2.885342616e-07,-1.322586957e-06,-3.148972436e-06,-3.490882494e-06,-1.430817576e-06,
1.581970250e-01
l,7.5,2.5
2.851,3.351,3.851,
0.000000000e+00,0.000000000e+00
1.643961944e-08,-2.099263884e-08,-1.373757885e-07,-1.605294534e-07,-6.152009634e-06,-4.200859557e-05,-1.146488471e-04,-1.444427268e-04,-7.051375426e-05,
1.240930526e-09,-8.983856599e-09,-4.093080982e-09,-7.202331470e-07,-5.821964700e-06,-2.894659971e-05,-7.620742527e-05,-9.713575553e-05,-4.790774528e-05,
1.582805660e-01
l,7.5,3.5
2.951,3.451,3.951,
0.000000000e+00,0.000000000e+00
2.554486116e-07,-1.891961597e-07,-3.053409443e-06,-1.340568302e-05,-8.081346972e-05,-3.025876504e-04,-5.849463468e-04,-5.509003219e-04,-2.005525684e-04,
2.087576449e-08,-1.512696506e-07,-2.320768036e-08,-1.052401398e-05,-7.834851697e-05,-3.534385097e-04,-8.265263229e-04,-8.948557117e-04,-3.521329605e-04,
1.582900592e-01
l,7.5,4.5
3.031,3.531,4.051,
0.000000000e+00,0.000000000e+00
4.025997896e-06,9.321125953e-08,-5.179368282e-05,-2.816908253e-04,-1.246541428e-03,-4.062960308e-03,-8.736043365e-03,-1.075325263e-02,-5.652084356e-03,
3.504628627e-07,-2.541707016e-06,1.363789317e-07,-1.606917166e-04,-1.123947913e-03,-4.697979444e-03,-1.015439726e-02,-9.861376220e-03,-3.243802725e-03,
1.580751640e-01
l,7.5,5.5
3.091,3.631,4.171,
0.000000000e+00,0.000000000e+00
6.348941679e-05,1.029484141e-05,-6.229337911e-04,1.553379659e-04,1.646185177e-02,7.482786028e-02,1.592884434e-01,1.719837885e-01,7.575588024e-02,
5.092316668e-06,-3.696755629e-05,1.269362180e-05,-2.182036109e-03,-1.466909212e-02,-6.135255803e-02,-1.376953791e-01,-1.463202345e-01,-5.858852564e-02,
1.580755642e-01
l,7.5,6.5
3.131,3.711,4.291,
1.170525939e-15,2.245054998e+01
9.765215218e-04,4.476678904e-04,-8.180546068e-03,-1.273781183e-02,2.085466546e-02,2.771889447e-02,-1.503424597e-01,-3.382161767e-01,-2.013088069e-01,
7.393876835e-05,-5.371963889e-04,3.710648483e-04,-2.914911622e-02,-2.068358073e-01,-9.660725225e-01,-2.382359656e+00,-2.758174210e+00,-1.204886695e+00,
1.581065038e-01
l,7.5,7.5
3.151,3.771,4.391,
4.716737963e-10,1.341265278e+01
1.451873966e-02,1.873223144e-02,-1.060114258e-01,-8.631077803e-01,-4.374217701e+00,-1.365825041e+01,-2.444712426e+01,-2.312104983e+01,-8.982783941e+00,
1.241370045e-03,-9.010073731e-03,3.880236443e-03,-5.715234551e-01,-4.393078568e+00,-2.052552771e+01,-4.944693670e+01,-5.569139152e+01,-2.353777102e+01,
1.584771241e-01
l,8.5,-8.5
2.231,2.611,3.011,
0.000000000e+00,0.000000000e+00
6.409990260e-23,-2.145118984e-22,-1.121665840e-22,7.965241740e-21,4.342259463e-20,1.898224279e-19,5.832119934e-19,9.748958150e-19,6.441441426e-19,
5.988499397e-24,-4.292059384e-23,-6.287587399e-23,-5.475129307e-21,-5.642926463e-20,-3.215605916e-19,-9.776705027e-19,-1.511426188e-18,-9.450966051e-19,
1.580301104e-01
l,8.5,-7.5
2.331,2.711,3.111,
0.000000000e+00,0.000000000e+00
1.072990983e-21,-3.476810818e-21,-6.083804249e-22,1.716678794e-19,1.246144325e-18,6.557480723e-18,2.149760100e-17,3.703906099e-17,2.540706359e-17,
1.014499350e-22,-7.281919739e-22,-1.218485891e-21,-9.675941656e-20,-1.001722957e-18,-5.719704585e-18,-1.743412746e-17,-2.700004532e-17,-1.689107728e-17,
1.580337043e-01
l,8.5,-6.5
2.411,2.811,3.211,
0.000000000e+00,0.000000000e+00
1.773962010e-20,-5.444631430e-20,-2.427485141e-20,2.630795384e-18,1.861621017e-17,9.285113350e-17,2.923795385e-16,4.900082669e-16,3.288214848e-16,
1.718473143e-21,-1.235213788e-20,-2.923653184e-20,-1.852882512e-18,-1.931520010e-17,-1.099513767e-16,-3.341072033e-16,-5.152135170e-16,-3.202545653e-16,
1.581849014e-01
l,8.5,-5.5
2.511,2.911,3.311,
0.000000000e+00,0.000000000e+00
2.898517898e-19,-8.183036841e-19,-3.446156089e-19,5.072746296e-17,4.117431224e-16,2.083649371e-15,6.256443058e-15,9.900742069e-15,6.313625104e-15,
2.904472777e-20,-2.090425196e-19,-5.806452019e-19,-3.337056362e-17,-3.497132915e-16,-1.990675206e-15,-6.050467607e-15,-9.323232077e-15,-5.782996867e-15,
1.581379428e-01
l,8.5,-4.5
2.611,3.011,3.431,
0.000000000e+00,0.000000000e+00
4.682762919e-18,-1.214627607e-17,-2.353891033e-17,5.570248368e-16,4.493112470e-15,2.200334037e-14,6.497196913e-14,1.023132234e-13,6.523880747e-14,
4.249058645e-19,-3.062647314e-18,1.759969542e-19,-2.127928287e-16,-1.687268619e-15,-8.276342461e-15,-2.196154076e-14,-2.930355808e-14,-1.600325910e-14,
1.581985491e-01
l,8.5,-3.5
2.711,3.111,3.531,
0.000000000e+00,0.000000000e+00
7.477094006e-17,-1.708969884e-16,-4.439225264e-16,8.124363794e-15,6.093507947e-14,2.424290994e-13,5.558562612e-13,6.640481218e-13,3.041950555e-13,
7.165605108e-18,-5.170757821e-17,-1.548835638e-17,-3.926960025e-15,-3.170224781e-14,-1.554828026e-13,-4.158743800e-13,-5.613227696e-13,-3.089945928e-13,
1.581066974e-01
l,8.5,-2.5
2.811,3.231,3.651,
0.000000000e+00,0.000000000e+00
1.126257994e-15,-2.788653317e-15,-7.004086960e-15,8.684003510e-14,3.853821271e-13,4.023747715e-13,-1.318532711e-12,-4.090748171e-12,-3.374664009e-12,
1.046003838e-16,-7.557783714e-16,-7.577435016e-17,-5.528291973e-14,-4.450192917e-13,-2.200776844e-12,-5.955481224e-12,-8.182898698e-12,-4.614184941e-12,
1.581684428e-01
l,8.5,-1.5
2.891,3.331,3.771,
0.000000000e+00,0.000000000e+00
1.767340004e-14,-3.781972960e-14,-1.192970748e-13,1.498438777e-12,1.036886833e-11,3.857629054e-11,9.433189175e-11,1.367477052e-10,8.470025738e-11,
1.525255899e-15,-1.103385985e-14,7.743740520e-16,-7.594542614e-13,-5.873197589e-12,-2.815169768e-11,-7.307233474e-11,-9.471263403e-11,-4.971783788e-11,
1.582293729e-01
l,8.5,-0.5
2.991,3.431,3.891,
0.000000000e+00,0.000000000e+00
2.750259059e-13,-4.907272479e-13,-2.356769810e-12,1.502048894e-11,1.113324857e-10,3.850411319e-10,8.448511463e-10,1.117630593e-09,6.466442602e-10,
2.219256827e-14,-1.607248455e-13,8.177949407e-14,-9.495389625e-12,-6.890499818e-11,-3.161528572e-10,-7.677609464e-10,-8.967910250e-10,-4.107290823e-10,
1.581067971e-01
l,8.5,0.5
3.091,3.531,3.991,
0.000000000e+00,0.000000000e+00
4.258360158e-12,-6.036164752e-12,-3.822481756e-11,1.981117420e-10,1.528526520e-09,4.213011950e-09,4.981708869e-09,8.507245968e-10,-2.175039770e-09,
3.732914386e-13,-2.705885833e-12,-3.884146517e-13,-1.916592056e-10,-1.449583255e-09,-6.689829471e-09,-1.665903171e-08,-2.036018138e-08,-9.833944284e-09,
1.581375960e-01
l,8.5,1.5
3.171,3.651,4.131,
0.000000000e+00,0.000000000e+00
6.353525345e-11,-1.080266286e-10,-5.363892268e-10,2.484398671e-09,7.644425340e-09,-2.798113820e-08,-1.540349556e-07,-2.461173598e-07,-1.373398671e-07,
4.695994304e-12,-3.407983352e-11,1.333488718e-11,-2.147213932e-09,-1.599848668e-08,-7.635015341e-08,-1.949512396e-07,-2.432598033e-07,-1.199301755e-07,
1.582276533e-01
l,8.5,2.5
3.271,3.751,4.231,
0.000000000e+00,0.000000000e+00
9.974751025e-10,-1.477076008e-09,-5.650881993e-09,1.463650510e-07,1.061472968e-06,3.235546936e-06,5.153396312e-06,4.292178687e-06,1.503758733e-06,
7.865472450e-11,-5.712641468e-10,1.704975291e-10,-3.744718465e-08,-2.779755348e-07,-1.333261162e-06,-3.632957088e-06,-5.068297274e-06,-2.864910726e-06,
1.578179626e-01
l,8.5,3.5
3.351,3.851,4.351,
0.000000000e+00,0.000000000e+00
1.508863967e-08,-1.668544527e-08,-1.296251878e-07,3.498848774e-07,1.128897733e-06,-6.351082031e-06,-3.184830691e-05,-5.054291760e-05,-2.844590892e-05,
1.144002645e-09,-8.316273972e-09,2.190293387e-10,-5.779756716e-07,-4.405562296e-06,-2.105403261e-05,-5.381277877e-05,-6.678636797e-05,-3.226877935e-05,
1.581667241e-01
l,8.5,4.5
3.431,3.931,4.451,
0.000000000e+00,0.000000000e+00
2.335052045e-07,-7.527711557e-08,-2.577627622e-06,-1.179986220e-05,-7.287227950e-05,-2.972820564e-04,-6.504532907e-04,-7.186484482e-04,-3.211751140e-04,
1.919924178e-08,-1.396671284e-07,-3.953051172e-08,-1.018031377e-05,-7.733987082e-05,-3.549096338e-04,-8.550039858e-04,-9.745951329e-04,-4.178220219e-04,
1.582595030e-01
l,8.5,5.5
3.511,4.031,4.551,
0.000000000e+00,0.000000000e+00
3.630068022e-06,2.552103348e-07,-4.470229405e-05,-2.301052376e-04,-9.058655239e-04,-2.582397487e-03,-4.905465102e-03,-5.418291259e-03,-2.601139237e-03,
3.214237869e-07,-2.339820662e-06,-1.742666256e-07,-1.538989447e-04,-1.088482305e-03,-4.589216340e-03,-1.012455251e-02,-1.025207701e-02,-3.671679669e-03,
1.580444672e-01
l,8.5,6.5
3.591,4.131,4.671,
0.000000000e+00,0.000000000e+00
5.693317144e-05,1.072748318e-05,-5.165199124e-04,4.736465095e-04,1.579969702e-02,6.670412481e-02,1.334369572e-01,1.347135304e-01,5.507911480e-02,
4.655612005e-06,-3.391683867e-05,6.075179274e-06,-2.115343057e-03,-1.452842114e-02,-6.185436802e-02,-1.427106740e-01,-1.581682143e-01,-6.707030783e-02,
1.580447615e-01
l,8.5,7.5
3.631,4.211,4.791,
0.000000000e+00,0.000000000e+00
8.657710860e-04,4.291823773e-04,-6.446437233e-03,-8.626237593e-03,1.735055615e-02,9.004107673e-03,-1.444707489e-01,-2.737868156e-01,-1.489490769e-01,
6.739685136e-05,-4.913158768e-04,2.509306518e-04,-2.855565150e-02,-2.081370096e-01,-9.801046507e-01,-2.440289913e+00,-2.866868825e+00,-1.274366603e+00,
1.580756843e-01
l,8.5,8.5
3.651,4.251,4.891,
1.702618434e-10,1.260980156e+01
1.227235980e-02,2.135895907e-02,1.760400787e-02,3.683560537e-01,2.672639319e+00,9.588737083e+00,1.901985467e+01,1.967938852e+01,8.253498479e+00,
1.128973274e-03,-8.223329910e-03,1.374458481e-03,-5.620462183e-01,-4.379395306e+00,-2.042007181e+01,-4.941356941e+01,-5.635364178e+01,-2.425267869e+01,
1.584152091e-01
