l,0.5,-0.5
0.211,0.771,1.331,
3.168324077e-02,2.403778922e+00
3.818243043e-03,-6.079568820e-03,2.505071793e-03,1.913566994e-01,9.667909120e-01,3.820726519e+00,8.857511476e+00,1.017020346e+01,4.566375464e+00,
7.990789615e-04,-2.734174990e-03,-3.408539202e-03,-1.179930005e-01,-7.963495206e-01,-2.998559431e+00,-6.309297338e+00,-6.939635293e+00,-3.128387505e+00,
1.589892928e-01
l,0.5,0.5
0.211,0.771,1.331,
3.168324077e-02,2.403778922e+00
3.818243043e-03,-6.079568820e-03,2.505071793e-03,1.913566994e-01,9.667909120e-01,3.820726519e+00,8.857511476e+00,1.017020346e+01,4.566375464e+00,
7.990789615e-04,-2.734174990e-03,-3.408539202e-03,-1.179930005e-01,-7.963495206e-01,-2.998559431e+00,-6.309297338e+00,-6.939635293e+00,-3.128387505e+00,
1.589892928e-01
l,1.5,-1.5
0.571,1.231,1.891,
9.835522981e-04,3.856798253e+00
7.360933232e-04,-8.543484039e-04,-1.650738427e-03,2.402827909e-02,8.873970420e-02,1.893296053e-01,3.121161391e-01,3.187184987e-01,1.361411925e-01,
1.090317323e-04,-3.988870696e-04,-3.490983434e-04,-1.462413001e-02,-8.591779403e-02,-2.821526366e-01,-5.070896473e-01,-4.680377987e-01,-1.760908744e-01,
1.588790565e-01
l,1.5,-0.5
0.571,1.231,1.891,
9.835654643e-04,3.856823746e+00
7.360929740e-04,-8.543474912e-04,-1.650725009e-03,2.402847243e-02,8.874036730e-02,1.893288577e-01,3.121087371e-01,3.187058246e-01,1.361342923e-01,
1.090317323e-04,-3.988870696e-04,-3.490942008e-04,-1.462401390e-02,-8.591662535e-02,-2.821471333e-01,-5.070766640e-01,-4.680229173e-01,-1.760842822e-01,
1.588790565e-01
l,1.5,0.5
0.571,1.231,1.891,
9.835654643e-04,3.856823746e+00
7.360929740e-04,-8.543474912e-04,-1.650725009e-03,2.402847243e-02,8.874036730e-02,1.893288577e-01,3.121087371e-01,3.187058246e-01,1.361342923e-01,
1.090317323e-04,-3.988870696e-04,-3.490942008e-04,-1.462401390e-02,-8.591662535e-02,-2.821471333e-01,-5.070766640e-01,-4.680229173e-01,-1.760842822e-01,
1.588790565e-01
l,1.5,1.5
0.571,1.231,1.891,
9.835522981e-04,3.856798253e+00
7.360933232e-04,-8.543484039e-04,-1.650738427e-03,2.402827909e-02,8.873970420e-02,1.893296053e-01,3.121161391e-01,3.187184987e-01,1.361411925e-01,
1.090317323e-04,-3.988870696e-04,-3.490983434e-04,-1.462413001e-02,-8.591779403e-02,-2.821526366e-01,-5.070896473e-01,-4.680377987e-01,-1.760908744e-01,
1.588790565e-01
l,2.5,-2.5
1.031,1.731,2.451,
1.290042925e-05,6.105308651e+00
1.058639027e-04,-6.924729046e-05,-4.226185546e-04,2.065225452e-03,9.097996677e-03,1.437373923e-02,1.108645683e-02,3.788948038e-03,2.732616990e-04,
1.353717877e-05,-5.117930541e-05,-2.477204448e-06,-1.149887786e-03,-5.528148417e-03,-1.582568451e-02,-2.470579596e-02,-1.926470740e-02,-6.084813337e-03,
1.588480314e-01
l,2.5,-1.5
1.031,1.731,2.451,
1.290042925e-05,6.105308651e+00
1.058639027e-04,-6.924729046e-05,-4.226185546e-04,2.065225452e-03,9.097996677e-03,1.437373923e-02,1.108645683e-02,3.788948038e-03,2.732616990e-04,
1.353717877e-05,-5.117930541e-05,-2.477204448e-06,-1.149887786e-03,-5.528148417e-03,-1.582568451e-02,-2.470579596e-02,-1.926470740e-02,-6.084813337e-03,
1.588480314e-01
l,2.5,-0.5
1.031,1.731,2.451,
1.290043972e-05,6.105155569e+00
1.058636990e-04,-6.924573585e-05,-4.225714645e-04,2.065738475e-03,9.100719435e-03,1.438167760e-02,1.109952229e-02,3.800341631e-03,2.773514634e-04,
1.353717877e-05,-5.117930541e-05,-2.475863171e-06,-1.149857307e-03,-5.527897602e-03,-1.582470786e-02,-2.470386334e-02,-1.926282344e-02,-6.084096364e-03,
1.588480314e-01
l,2.5,0.5
1.031,1.731,2.451,
1.290048804e-05,6.105032891e+00
1.058636990e-04,-6.924477764e-05,-4.225464071e-04,2.065993292e-03,9.102053084e-03,1.438561116e-02,1.110612423e-02,3.806220854e-03,2.795053229e-04,
1.353717877e-05,-5.117930541e-05,-2.476375037e-06,-1.149869446e-03,-5.528004107e-03,-1.582515951e-02,-2.470485310e-02,-1.926389729e-02,-6.084551386e-03,
1.588480314e-01
l,2.5,1.5
1.031,1.731,2.451,
1.290042925e-05,6.105308651e+00
1.058639027e-04,-6.924729046e-05,-4.226185546e-04,2.065225452e-03,9.097996677e-03,1.437373923e-02,1.108645683e-02,3.788948038e-03,2.732616990e-04,
1.353717877e-05,-5.117930541e-05,-2.477204448e-06,-1.149887786e-03,-5.528148417e-03,-1.582568451e-02,-2.470579596e-02,-1.926470740e-02,-6.084813337e-03,
1.588480314e-01
l,2.5,2.5
1.031,1.731,2.451,
1.290042925e-05,6.105308651e+00
1.058639027e-04,-6.924729046e-05,-4.226185546e-04,2.065225452e-03,9.097996677e-03,1.437373923e-02,1.108645683e-02,3.788948038e-03,2.732616990e-04,
1.353717877e-05,-5.117930541e-05,-2.477204448e-06,-1.149887786e-03,-5.528148417e-03,-1.582568451e-02,-2.470579596e-02,-1.926470740e-02,-6.084813337e-03,
1.588480314e-01
l,3.5,-3.5
1.551,2.271,3.011,
4.729824206e-08,8.562304493e+00
1.308733044e-05,-5.928682346e-06,-5.699298668e-05,1.937110532e-04,1.082181195e-03,2.092654012e-03,2.144089023e-03,1.171265857e-03,2.684786136e-04,
1.592850496e-06,-6.143083861e-06,1.704118151e-07,-1.338471391e-04,-6.224157570e-04,-1.732184975e-03,-2.599294046e-03,-1.901732029e-03,-5.491407636e-04,
1.588480314e-01
l,3.5,-2.5
1.551,2.271,3.011,
4.729824206e-08,8.562304493e+00
1.308733044e-05,-5.928682346e-06,-5.699298668e-05,1.937110532e-04,1.082181195e-03,2.092654012e-03,2.144089023e-03,1.171265857e-03,2.684786136e-04,
1.592850496e-06,-6.143083861e-06,1.704118151e-07,-1.338471391e-04,-6.224157570e-04,-1.732184975e-03,-2.599294046e-03,-1.901732029e-03,-5.491407636e-04,
1.588480314e-01
l,3.5,-1.5
1.551,2.271,3.011,
4.729824206e-08,8.562304493e+00
1.308733044e-05,-5.928682346e-06,-5.699298668e-05,1.937110532e-04,1.082181195e-03,2.092654012e-03,2.144089023e-03,1.171265857e-03,2.684786136e-04,
1.592850496e-06,-6.143083861e-06,1.704118151e-07,-1.338471391e-04,-6.224157570e-04,-1.732184975e-03,-2.599294046e-03,-1.901732029e-03,-5.491407636e-04,
1.588480314e-01
l,3.5,-0.5
1.551,2.271,3.011,
4.731946788e-08,8.561265379e+00
1.308729043e-05,-5.928226615e-06,-5.698095730e-05,1.938640139e-04,1.083117177e-03,2.095674987e-03,2.149399752e-03,1.176078625e-03,2.702384993e-04,
1.592850496e-06,-6.143083861e-06,1.703039029e-07,-1.338495297e-04,-6.224349431e-04,-1.732259545e-03,-2.599448055e-03,-1.901892320e-03,-5.492067329e-04,
1.588480314e-01
l,3.5,0.5
1.551,2.271,3.011,
4.731756478e-08,8.561357015e+00
1.308729043e-05,-5.928226615e-06,-5.698102129e-05,1.938624964e-04,1.083103864e-03,2.095618530e-03,2.149276031e-03,1.175944394e-03,2.701816216e-04,
1.592850496e-06,-6.143083861e-06,1.703039029e-07,-1.338495297e-04,-6.224349431e-04,-1.732259545e-03,-2.599448055e-03,-1.901892320e-03,-5.492067329e-04,
1.588480314e-01
l,3.5,1.5
1.551,2.271,3.011,
4.729824206e-08,8.562304493e+00
1.308733044e-05,-5.928682346e-06,-5.699298668e-05,1.937110532e-04,1.082181195e-03,2.092654012e-03,2.144089023e-03,1.171265857e-03,2.684786136e-04,
1.592850496e-06,-6.143083861e-06,1.704118151e-07,-1.338471391e-04,-6.224157570e-04,-1.732184975e-03,-2.599294046e-03,-1.901732029e-03,-5.491407636e-04,
1.588480314e-01
l,3.5,2.5
1.551,2.271,3.011,
4.729824206e-08,8.562304493e+00
1.308733044e-05,-5.928682346e-06,-5.699298668e-05,1.937110532e-04,1.082181195e-03,2.092654012e-03,2.144089023e-03,1.171265857e-03,2.684786136e-04,
1.592850496e-06,-6.143083861e-06,1.704118151e-07,-1.338471391e-04,-6.224157570e-04,-1.732184975e-03,-2.599294046e-03,-1.901732029e-03,-5.491407636e-04,
1.588480314e-01
l,3.5,3.5
1.551,2.271,3.011,
4.729824206e-08,8.562304493e+00
1.308733044e-05,-5.928682346e-06,-5.699298668e-05,1.937110532e-04,1.082181195e-03,2.092654012e-03,2.144089023e-03,1.171265857e-03,2.684786136e-04,
1.592850496e-06,-6.143083861e-06,1.704118151e-07,-1.338471391e-04,-6.224157570e-04,-1.732184975e-03,-2.599294046e-03,-1.901732029e-03,-5.491407636e-04,
1.588480314e-01
l,4.5,-4.5
2.091,2.831,3.571,
4.198025020e-11,1.170173080e+01
1.502294026e-06,-6.309906695e-07,-6.593273147e-06,1.933143251e-05,1.172955010e-04,2.385427184e-04,2.576777044e-04,1.490918282e-04,3.641337811e-05,
1.809342430e-07,-7.072276762e-07,8.507144217e-09,-1.577880129e-05,-7.343132739e-05,-2.047295099e-04,-3.075751513e-04,-2.242052095e-04,-6.393094100e-05,
1.588480314e-01
l,4.5,-3.5
2.091,2.831,3.571,
4.198025020e-11,1.170173080e+01
1.502294026e-06,-6.309906695e-07,-6.593273147e-06,1.933143251e-05,1.172955010e-04,2.385427184e-04,2.576777044e-04,1.490918282e-04,3.641337811e-05,
1.809342430e-07,-7.072276762e-07,8.507144217e-09,-1.577880129e-05,-7.343132739e-05,-2.047295099e-04,-3.075751513e-04,-2.242052095e-04,-6.393094100e-05,
1.588480314e-01
l,4.5,-2.5
2.091,2.831,3.571,
4.198025020e-11,1.170173080e+01
1.502294026e-06,-6.309906695e-07,-6.593273147e-06,1.933143251e-05,1.172955010e-04,2.385427184e-04,2.576777044e-04,1.490918282e-04,3.641337811e-05,
1.809342430e-07,-7.072276762e-07,8.507144217e-09,-1.577880129e-05,-7.343132739e-05,-2.047295099e-04,-3.075751513e-04,-2.242052095e-04,-6.393094100e-05,
1.588480314e-01
l,4.5,-1.5
2.091,2.831,3.571,
4.198025020e-11,1.170173080e+01
1.502294026e-06,-6.309906695e-07,-6.593273147e-06,1.933143251e-05,1.172955010e-04,2.385427184e-04,2.576777044e-04,1.490918282e-04,3.641337811e-05,
1.809342430e-07,-7.072276762e-07,8.507144217e-09,-1.577880129e-05,-7.343132739e-05,-2.047295099e-04,-3.075751513e-04,-2.242052095e-04,-6.393094100e-05,
1.588480314e-01
l,4.5,-0.5
2.091,2.831,3.571,
4.197697255e-11,1.170181938e+01
1.502286977e-06,-6.308792166e-07,-6.591179341e-06,1.934965913e-05,1.173767336e-04,2.387416545e-04,2.579503803e-04,1.492885080e-04,3.647159628e-05,
1.809342430e-07,-7.072276762e-07,8.472942648e-09,-1.577938087e-05,-7.343630266e-05,-2.047514813e-04,-3.076255754e-04,-2.242617085e-04,-6.395531978e-05,
1.588480314e-01
l,4.5,0.5
2.091,2.831,3.571,
4.197933370e-11,1.170174312e+01
1.502286977e-06,-6.308792166e-07,-6.591177529e-06,1.934970228e-05,1.173771145e-04,2.387432843e-04,2.579539961e-04,1.492924935e-04,3.647331417e-05,
1.809342430e-07,-7.072276762e-07,8.472942648e-09,-1.577938087e-05,-7.343630266e-05,-2.047514813e-04,-3.076255754e-04,-2.242617085e-04,-6.395531978e-05,
1.588480314e-01
l,4.5,1.5
2.091,2.831,3.571,
4.198025020e-11,1.170173080e+01
1.502294026e-06,-6.309906695e-07,-6.593273147e-06,1.933143251e-05,1.172955010e-04,2.385427184e-04,2.576777044e-04,1.490918282e-04,3.641337811e-05,
1.809342430e-07,-7.072276762e-07,8.507144217e-09,-1.577880129e-05,-7.343132739e-05,-2.047295099e-04,-3.075751513e-04,-2.242052095e-04,-6.393094100e-05,
1.588480314e-01
l,4.5,2.5
2.091,2.831,3.571,
4.198025020e-11,1.170173080e+01
1.502294026e-06,-6.309906695e-07,-6.593273147e-06,1.933143251e-05,1.172955010e-04,2.385427184e-04,2.576777044e-04,1.490918282e-04,3.641337811e-05,
1.809342430e-07,-7.072276762e-07,8.507144217e-09,-1.577880129e-05,-7.343132739e-05,-2.047295099e-04,-3.075751513e-04,-2.242052095e-04,-6.393094100e-05,
1.588480314e-01
l,4.5,3.5
2.091,2.831,3.571,
4.198025020e-11,1.170173080e+01
1.502294026e-06,-6.309906695e-07,-6.593273147e-06,1.933143251e-05,1.172955010e-04,2.385427184e-04,2.576777044e-04,1.490918282e-04,3.641337811e-05,
1.809342430e-07,-7.072276762e-07,8.507144217e-09,-1.577880129e-05,-7.343132739e-05,-2.047295099e-04,-3.075751513e-04,-2.242052095e-04,-6.393094100e-05,
1.588480314e-01
l,4.5,4.5
2.091,2.831,3.571,
4.198025020e-11,1.170173080e+01
1.502294026e-06,-6.309906695e-07,-6.593273147e-06,1.933143251e-05,1.172955010e-04,2.385427184e-04,2.576777044e-04,1.490918282e-04,3.641337811e-05,
1.809342430e-07,-7.072276762e-07,8.507144217e-09,-1.577880129e-05,-7.343132739e-05,-2.047295099e-04,-3.075751513e-04,-2.242052095e-04,-6.393094100e-05,
1.588480314e-01
l,5.5,-5.5
2.651,3.391,4.131,
1.252603773e-14,1.494349459e+01
1.656452042e-07,-5.967678038e-08,-7.267717667e-07,1.944476015e-06,1.297653978e-05,2.877671066e-05,3.479655091e-05,2.319589503e-05,6.693342553e-06,
2.004712000e-08,-7.912032817e-08,-3.506102507e-09,-1.834725646e-06,-8.592782208e-06,-2.405746734e-05,-3.636286915e-05,-2.665221175e-05,-7.604120178e-06,
1.588480314e-01
l,5.5,-4.5
2.651,3.391,4.131,
1.252603773e-14,1.494349459e+01
1.656452042e-07,-5.967678038e-08,-7.267717667e-07,1.944476015e-06,1.297653978e-05,2.877671066e-05,3.479655091e-05,2.319589503e-05,6.693342553e-06,
2.004712000e-08,-7.912032817e-08,-3.506102507e-09,-1.834725646e-06,-8.592782208e-06,-2.405746734e-05,-3.636286915e-05,-2.665221175e-05,-7.604120178e-06,
1.588480314e-01
l,5.5,-3.5
2.651,3.391,4.131,
1.252603773e-14,1.494349459e+01
1.656452042e-07,-5.967678038e-08,-7.267717667e-07,1.944476015e-06,1.297653978e-05,2.877671066e-05,3.479655091e-05,2.319589503e-05,6.693342553e-06,
2.004712000e-08,-7.912032817e-08,-3.506102507e-09,-1.834725646e-06,-8.592782208e-06,-2.405746734e-05,-3.636286915e-05,-2.665221175e-05,-7.604120178e-06,
1.588480314e-01
l,5.5,-2.5
2.651,3.391,4.131,
1.252603773e-14,1.494349459e+01
1.656452042e-07,-5.967678038e-08,-7.267717667e-07,1.944476015e-06,1.297653978e-05,2.877671066e-05,3.479655091e-05,2.319589503e-05,6.693342553e-06,
2.004712000e-08,-7.912032817e-08,-3.506102507e-09,-1.834725646e-06,-8.592782208e-06,-2.405746734e-05,-3.636286915e-05,-2.665221175e-05,-7.604120178e-06,
1.588480314e-01
l,5.5,-1.5
2.651,3.391,4.131,
1.252614488e-14,1.494348582e+01
1.656452042e-07,-5.967678038e-08,-7.267709720e-07,1.944494015e-06,1.297668707e-05,2.877727879e-05,3.479765831e-05,2.319695129e-05,6.693734772e-06,
2.004712000e-08,-7.912032817e-08,-3.506102507e-09,-1.834725646e-06,-8.592782208e-06,-2.405746734e-05,-3.636286915e-05,-2.665221175e-05,-7.604120178e-06,
1.588480314e-01
l,5.5,-0.5
2.651,3.391,4.131,
1.252052235e-14,1.494392667e+01
1.656439963e-07,-5.967320461e-08,-7.267758334e-07,1.944299091e-06,1.297547868e-05,2.877322982e-05,3.479016370e-05,2.318986046e-05,6.691065067e-06,
2.004712000e-08,-7.912032817e-08,-3.509741841e-09,-1.834771499e-06,-8.593055900e-06,-2.405833127e-05,-3.636438783e-05,-2.665356103e-05,-7.604587356e-06,
1.588480314e-01
l,5.5,0.5
2.651,3.391,4.131,
1.252160687e-14,1.494383783e+01
1.656439963e-07,-5.967320461e-08,-7.267750118e-07,1.944318069e-06,1.297563880e-05,2.877387462e-05,3.479149204e-05,2.319120979e-05,6.691600512e-06,
2.004712000e-08,-7.912032817e-08,-3.509741841e-09,-1.834771499e-06,-8.593055900e-06,-2.405833127e-05,-3.636438783e-05,-2.665356103e-05,-7.604587356e-06,
1.588480314e-01
l,5.5,1.5
2.651,3.391,4.131,
1.252603773e-14,1.494349459e+01
1.656452042e-07,-5.967678038e-08,-7.267717667e-07,1.944476015e-06,1.297653978e-05,2.877671066e-05,3.479655091e-05,2.319589503e-05,6.693342553e-06,
2.004712000e-08,-7.912032817e-08,-3.506102507e-09,-1.834725646e-06,-8.592782208e-06,-2.405746734e-05,-3.636286915e-05,-2.665221175e-05,-7.604120178e-06,
1.588480314e-01
l,5.5,2.5
2.651,3.391,4.131,
1.252603773e-14,1.494349459e+01
1.656452042e-07,-5.967678038e-08,-7.267717667e-07,1.944476015e-06,1.297653978e-05,2.877671066e-05,3.479655091e-05,2.319589503e-05,6.693342553e-06,
2.004712000e-08,-7.912032817e-08,-3.506102507e-09,-1.834725646e-06,-8.592782208e-06,-2.405746734e-05,-3.636286915e-05,-2.665221175e-05,-7.604120178e-06,
1.588480314e-01
l,5.5,3.5
2.651,3.391,4.131,
1.252603773e-14,1.494349459e+01
1.656452042e-07,-5.967678038e-08,-7.267717667e-07,1.944476015e-06,1.297653978e-05,2.877671066e-05,3.479655091e-05,2.319589503e-05,6.693342553e-06,
2.004712000e-08,-7.912032817e-08,-3.506102507e-09,-1.834725646e-06,-8.592782208e-06,-2.405746734e-05,-3.636286915e-05,-2.665221175e-05,-7.604120178e-06,
1.588480314e-01
l,5.5,4.5
2.651,3.391,4.131,
1.252603773e-14,1.494349459e+01
1.656452042e-07,-5.967678038e-08,-7.267717667e-07,1.944476015e-06,1.297653978e-05,2.877671066e-05,3.479655091e-05,2.319589503e-05,6.693342553e-06,
2.004712000e-08,-7.912032817e-08,-3.506102507e-09,-1.834725646e-06,-8.592782208e-06,-2.405746734e-05,-3.636286915e-05,-2.665221175e-05,-7.604120178e-06,
1.588480314e-01
l,5.5,5.5
2.651,3.391,4.131,
1.252603773e-14,1.494349459e+01
1.656452042e-07,-5.967678038e-08,-7.267717667e-07,1.944476015e-06,1.297653978e-05,2.877671066e-05,3.479655091e-05,2.319589503e-05,6.693342553e-06,
2.004712000e-08,-7.912032817e-08,-3.506102507e-09,-1.834725646e-06,-8.592782208e-06,-2.405746734e-05,-3.636286915e-05,-2.665221175e-05,-7.604120178e-06,
1.588480314e-01
l,6.5,-6.5
3.211,3.951,4.711,
9.006204716e-20,2.069003837e+01
1.775386060e-08,-5.260483174e-09,-8.296034969e-08,1.350009431e-07,1.098778920e-06,2.441567753e-06,2.871239929e-06,1.841763950e-06,5.098343216e-07,
2.013688681e-09,-8.007475397e-09,1.307441319e-09,-1.669551656e-07,-7.498550083e-07,-2.041930818e-06,-2.957015350e-06,-2.017323015e-06,-5.173515299e-07,
1.588480314e-01
l,6.5,-5.5
3.211,3.951,4.711,
9.006204716e-20,2.069003837e+01
1.775386060e-08,-5.260483174e-09,-8.296034969e-08,1.350009431e-07,1.098778920e-06,2.441567753e-06,2.871239929e-06,1.841763950e-06,5.098343216e-07,
2.013688681e-09,-8.007475397e-09,1.307441319e-09,-1.669551656e-07,-7.498550083e-07,-2.041930818e-06,-2.957015350e-06,-2.017323015e-06,-5.173515299e-07,
1.588480314e-01
l,6.5,-4.5
3.211,3.951,4.711,
9.006204716e-20,2.069003837e+01
1.775386060e-08,-5.260483174e-09,-8.296034969e-08,1.350009431e-07,1.098778920e-06,2.441567753e-06,2.871239929e-06,1.841763950e-06,5.098343216e-07,
2.013688681e-09,-8.007475397e-09,1.307441319e-09,-1.669551656e-07,-7.498550083e-07,-2.041930818e-06,-2.957015350e-06,-2.017323015e-06,-5.173515299e-07,
1.588480314e-01
l,6.5,-3.5
3.211,3.951,4.711,
9.006204716e-20,2.069003837e+01
1.775386060e-08,-5.260483174e-09,-8.296034969e-08,1.350009431e-07,1.098778920e-06,2.441567753e-06,2.871239929e-06,1.841763950e-06,5.098343216e-07,
2.013688681e-09,-8.007475397e-09,1.307441319e-09,-1.669551656e-07,-7.498550083e-07,-2.041930818e-06,-2.957015350e-06,-2.017323015e-06,-5.173515299e-07,
1.588480314e-01
l,6.5,-2.5
3.211,3.951,4.711,
9.006204716e-20,2.069003837e+01
1.775386060e-08,-5.260483174e-09,-8.296034969e-08,1.350009431e-07,1.098778920e-06,2.441567753e-06,2.871239929e-06,1.841763950e-06,5.098343216e-07,
2.013688681e-09,-8.007475397e-09,1.307441319e-09,-1.669551656e-07,-7.498550083e-07,-2.041930818e-06,-2.957015350e-06,-2.017323015e-06,-5.173515299e-07,
1.588480314e-01
l,6.5,-1.5
3.211,3.951,4.711,
9.006204716e-20,2.069003837e+01
1.775386060e-08,-5.260483174e-09,-8.296034969e-08,1.350009431e-07,1.098778920e-06,2.441567753e-06,2.871239929e-06,1.841763950e-06,5.098343216e-07,
2.013688681e-09,-8.007475397e-09,1.307441319e-09,-1.669551656e-07,-7.498550083e-07,-2.041930818e-06,-2.957015350e-06,-2.017323015e-06,-5.173515299e-07,
1.588480314e-01
l,6.5,-0.5
3.211,3.951,4.711,
8.997314028e-20,2.069086057e+01
1.775369007e-08,-5.260601345e-09,-8.297894999e-08,1.348033389e-07,1.097832129e-06,2.439072157e-06,2.867523346e-06,1.838834958e-06,5.088849106e-07,
2.013688681e-09,-8.007475397e-09,1.306827770e-09,-1.669641283e-07,-7.499058056e-07,-2.042059462e-06,-2.957165559e-06,-2.017383277e-06,-5.173452558e-07,
1.588480314e-01
l,6.5,0.5
3.211,3.951,4.711,
8.996008300e-20,2.069098498e+01
1.775369007e-08,-5.260601345e-09,-8.297900303e-08,1.348020916e-07,1.097821319e-06,2.439027065e-06,2.867426516e-06,1.838732308e-06,5.088424935e-07,
2.013688681e-09,-8.007475397e-09,1.306827770e-09,-1.669641283e-07,-7.499058056e-07,-2.042059462e-06,-2.957165559e-06,-2.017383277e-06,-5.173452558e-07,
1.588480314e-01
l,6.5,1.5
3.211,3.951,4.711,
9.006204716e-20,2.069003837e+01
1.775386060e-08,-5.260483174e-09,-8.296034969e-08,1.350009431e-07,1.098778920e-06,2.441567753e-06,2.871239929e-06,1.841763950e-06,5.098343216e-07,
2.013688681e-09,-8.007475397e-09,1.307441319e-09,-1.669551656e-07,-7.498550083e-07,-2.041930818e-06,-2.957015350e-06,-2.017323015e-06,-5.173515299e-07,
1.588480314e-01
l,6.5,2.5
3.211,3.951,4.711,
9.006204716e-20,2.069003837e+01
1.775386060e-08,-5.260483174e-09,-8.296034969e-08,1.350009431e-07,1.098778920e-06,2.441567753e-06,2.871239929e-06,1.841763950e-06,5.098343216e-07,
2.013688681e-09,-8.007475397e-09,1.307441319e-09,-1.669551656e-07,-7.498550083e-07,-2.041930818e-06,-2.957015350e-06,-2.017323015e-06,-5.173515299e-07,
1.588480314e-01
l,6.5,3.5
3.211,3.951,4.711,
9.006204716e-20,2.069003837e+01
1.775386060e-08,-5.260483174e-09,-8.296034969e-08,1.350009431e-07,1.098778920e-06,2.441567753e-06,2.871239929e-06,1.841763950e-06,5.098343216e-07,
2.013688681e-09,-8.007475397e-09,1.307441319e-09,-1.669551656e-07,-7.498550083e-07,-2.041930818e-06,-2.957015350e-06,-2.017323015e-06,-5.173515299e-07,
1.588480314e-01
l,6.5,4.5
3.211,3.951,4.711,
9.006204716e-20,2.069003837e+01
1.775386060e-08,-5.260483174e-09,-8.296034969e-08,1.350009431e-07,1.098778920e-06,2.441567753e-06,2.871239929e-06,1.841763950e-06,5.098343216e-07,
2.013688681e-09,-8.007475397e-09,1.307441319e-09,-1.669551656e-07,-7.498550083e-07,-2.041930818e-06,-2.957015350e-06,-2.017323015e-06,-5.173515299e-07,
1.588480314e-01
l,6.5,5.5
3.211,3.951,4.711,
9.006204716e-20,2.069003837e+01
1.775386060e-08,-5.260483174e-09,-8.296034969e-08,1.350009431e-07,1.098778920e-06,2.441567753e-06,2.871239929e-06,1.841763950e-06,5.098343216e-07,
2.013688681e-09,-8.007475397e-09,1.307441319e-09,-1.669551656e-07,-7.498550083e-07,-2.041930818e-06,-2.957015350e-06,-2.017323015e-06,-5.173515299e-07,
1.588480314e-01
l,6.5,6.5
3.211,3.951,4.711,
9.006204716e-20,2.069003837e+01
1.775386060e-08,-5.260483174e-09,-8.296034969e-08,1.350009431e-07,1.098778920e-06,2.441567753e-06,2.871239929e-06,1.841763950e-06,5.098343216e-07,
2.013688681e-09,-8.007475397e-09,1.307441319e-09,-1.669551656e-07,-7.498550083e-07,-2.041930818e-06,-2.957015350e-06,-2.017323015e-06,-5.173515299e-07,
1.588480314e-01
l,7.5,-7.5
3.791,4.531,5.271,
1.044128026e-24,2.498350308e+01
1.850376963e-09,-7.679709969e-10,-8.156774341e-09,1.947345056e-08,1.332234842e-07,2.959408476e-07,3.584039900e-07,2.398686513e-07,6.956097485e-08,
2.157511567e-10,-8.628045996e-10,6.435961431e-11,-1.916479302e-08,-8.870362792e-08,-2.480582761e-07,-3.729085404e-07,-2.693510071e-07,-7.502084603e-08,
1.588169943e-01
l,7.5,-6.5
3.791,4.531,5.271,
1.044128026e-24,2.498350308e+01
1.850376963e-09,-7.679709969e-10,-8.156774341e-09,1.947345056e-08,1.332234842e-07,2.959408476e-07,3.584039900e-07,2.398686513e-07,6.956097485e-08,
2.157511567e-10,-8.628045996e-10,6.435961431e-11,-1.916479302e-08,-8.870362792e-08,-2.480582761e-07,-3.729085404e-07,-2.693510071e-07,-7.502084603e-08,
1.588169943e-01
l,7.5,-5.5
3.791,4.531,5.271,
1.044128026e-24,2.498350308e+01
1.850376963e-09,-7.679709969e-10,-8.156774341e-09,1.947345056e-08,1.332234842e-07,2.959408476e-07,3.584039900e-07,2.398686513e-07,6.956097485e-08,
2.157511567e-10,-8.628045996e-10,6.435961431e-11,-1.916479302e-08,-8.870362792e-08,-2.480582761e-07,-3.729085404e-07,-2.693510071e-07,-7.502084603e-08,
1.588169943e-01
l,7.5,-4.5
3.791,4.531,5.271,
1.044128026e-24,2.498350308e+01
1.850376963e-09,-7.679709969e-10,-8.156774341e-09,1.947345056e-08,1.332234842e-07,2.959408476e-07,3.584039900e-07,2.398686513e-07,6.956097485e-08,
2.157511567e-10,-8.628045996e-10,6.435961431e-11,-1.916479302e-08,-8.870362792e-08,-2.480582761e-07,-3.729085404e-07,-2.693510071e-07,-7.502084603e-08,
1.588169943e-01
l,7.5,-3.5
3.791,4.531,5.271,
1.044128026e-24,2.498350308e+01
1.850376963e-09,-7.679709969e-10,-8.156774341e-09,1.947345056e-08,1.332234842e-07,2.959408476e-07,3.584039900e-07,2.398686513e-07,6.956097485e-08,
2.157511567e-10,-8.628045996e-10,6.435961431e-11,-1.916479302e-08,-8.870362792e-08,-2.480582761e-07,-3.729085404e-07,-2.693510071e-07,-7.502084603e-08,
1.588169943e-01
l,7.5,-2.5
3.791,4.531,5.271,
1.044128026e-24,2.498350308e+01
1.850376963e-09,-7.679709969e-10,-8.156774341e-09,1.947345056e-08,1.332234842e-07,2.959408476e-07,3.584039900e-07,2.398686513e-07,6.956097485e-08,
2.157511567e-10,-8.628045996e-10,6.435961431e-11,-1.916479302e-08,-8.870362792e-08,-2.480582761e-07,-3.729085404e-07,-2.693510071e-07,-7.502084603e-08,
1.588169943e-01
l,7.5,-1.5
3.791,4.531,5.271,
1.044275100e-24,2.498339738e+01
1.850376963e-09,-7.679709969e-10,-8.156772571e-09,1.947349269e-08,1.332238562e-07,2.959424392e-07,3.584075211e-07,2.398725434e-07,6.956265248e-08,
2.157511567e-10,-8.628045996e-10,6.435961431e-11,-1.916479302e-08,-8.870362792e-08,-2.480582761e-07,-3.729085404e-07,-2.693510071e-07,-7.502084603e-08,
1.588169943e-01
l,7.5,-0.5
3.791,4.531,5.271,
1.044318966e-24,2.498333691e+01
1.850353981e-09,-7.678149866e-10,-8.154985954e-09,1.948840533e-08,1.332981640e-07,2.961501314e-07,3.587325357e-07,2.401393764e-07,6.965217959e-08,
2.157511567e-10,-8.628045996e-10,6.427658687e-11,-1.916656199e-08,-8.871891610e-08,-2.481206901e-07,-3.730385500e-07,-2.694835489e-07,-7.507330162e-08,
1.588169943e-01
l,7.5,0.5
3.791,4.531,5.271,
1.044318966e-24,2.498333691e+01
1.850353981e-09,-7.678149866e-10,-8.154985954e-09,1.948840533e-08,1.332981640e-07,2.961501314e-07,3.587325357e-07,2.401393764e-07,6.965217959e-08,
2.157511567e-10,-8.628045996e-10,6.427658687e-11,-1.916656199e-08,-8.871891610e-08,-2.481206901e-07,-3.730385500e-07,-2.694835489e-07,-7.507330162e-08,
1.588169943e-01
l,7.5,1.5
3.791,4.531,5.271,
1.044128026e-24,2.498350308e+01
1.850376963e-09,-7.679709969e-10,-8.156774341e-09,1.947345056e-08,1.332234842e-07,2.959408476e-07,3.584039900e-07,2.398686513e-07,6.956097485e-08,
2.157511567e-10,-8.628045996e-10,6.435961431e-11,-1.916479302e-08,-8.870362792e-08,-2.480582761e-07,-3.729085404e-07,-2.693510071e-07,-7.502084603e-08,
1.588169943e-01
l,7.5,2.5
3.791,4.531,5.271,
1.044128026e-24,2.498350308e+01
1.850376963e-09,-7.679709969e-10,-8.156774341e-09,1.947345056e-08,1.332234842e-07,2.959408476e-07,3.584039900e-07,2.398686513e-07,6.956097485e-08,
2.157511567e-10,-8.628045996e-10,6.435961431e-11,-1.916479302e-08,-8.870362792e-08,-2.480582761e-07,-3.729085404e-07,-2.693510071e-07,-7.502084603e-08,
1.588169943e-01
l,7.5,3.5
3.791,4.531,5.271,
1.044128026e-24,2.498350308e+01
1.850376963e-09,-7.679709969e-10,-8.156774341e-09,1.947345056e-08,1.332234842e-07,2.959408476e-07,3.584039900e-07,2.398686513e-07,6.956097485e-08,
2.157511567e-10,-8.628045996e-10,6.435961431e-11,-1.916479302e-08,-8.870362792e-08,-2.480582761e-07,-3.729085404e-07,-2.693510071e-07,-7.502084603e-08,
1.588169943e-01
l,7.5,4.5
3.791,4.531,5.271,
1.044128026e-24,2.498350308e+01
1.850376963e-09,-7.679709969e-10,-8.156774341e-09,1.947345056e-08,1.332234842e-07,2.959408476e-07,3.584039900e-07,2.398686513e-07,6.956097485e-08,
2.157511567e-10,-8.628045996e-10,6.435961431e-11,-1.916479302e-08,-8.870362792e-08,-2.480582761e-07,-3.729085404e-07,-2.693510071e-07,-7.502084603e-08,
1.588169943e-01
l,7.5,5.5
3.791,4.531,5.271,
1.044128026e-24,2.498350308e+01
1.850376963e-09,-7.679709969e-10,-8.156774341e-09,1.947345056e-08,1.332234842e-07,2.959408476e-07,3.584039900e-07,2.398686513e-07,6.956097485e-08,
2.157511567e-10,-8.628045996e-10,6.435961431e-11,-1.916479302e-08,-8.870362792e-08,-2.480582761e-07,-3.729085404e-07,-2.693510071e-07,-7.502084603e-08,
1.588169943e-01
l,7.5,6.5
3.791,4.531,5.271,
1.044128026e-24,2.498350308e+01
1.850376963e-09,-7.679709969e-10,-8.156774341e-09,1.947345056e-08,1.332234842e-07,2.959408476e-07,3.584039900e-07,2.398686513e-07,6.956097485e-08,
2.157511567e-10,-8.628045996e-10,6.435961431e-11,-1.916479302e-08,-8.870362792e-08,-2.480582761e-07,-3.729085404e-07,-2.693510071e-07,-7.502084603e-08,
1.588169943e-01
l,7.5,7.5
3.791,4.531,5.271,
1.044128026e-24,2.498350308e+01
1.850376963e-09,-7.679709969e-10,-8.156774341e-09,1.947345056e-08,1.332234842e-07,2.959408476e-07,3.584039900e-07,2.398686513e-07,6.956097485e-08,
2.157511567e-10,-8.628045996e-10,6.435961431e-11,-1.916479302e-08,-8.870362792e-08,-2.480582761e-07,-3.729085404e-07,-2.693510071e-07,-7.502084603e-08,
1.588169943e-01
l,8.5,-8.5
4.371,5.091,5.831,
0.000000000e+00,0.000000000e+00
1.913218056e-10,-6.201614706e-11,-8.549781783e-10,1.659339005e-09,1.255541714e-08,2.808193828e-08,3.323578487e-08,2.119826708e-08,5.730925827e-09,
2.285961515e-11,-9.183377259e-11,-3.287357922e-12,-2.163558166e-09,-1.014960747e-08,-2.856581567e-08,-4.343072010e-08,-3.188347650e-08,-9.033843583e-09,
1.588169943e-01
l,8.5,-7.5
4.371,5.091,5.831,
0.000000000e+00,0.000000000e+00
1.913218056e-10,-6.201614706e-11,-8.549781783e-10,1.659339005e-09,1.255541714e-08,2.808193828e-08,3.323578487e-08,2.119826708e-08,5.730925827e-09,
2.285961515e-11,-9.183377259e-11,-3.287357922e-12,-2.163558166e-09,-1.014960747e-08,-2.856581567e-08,-4.343072010e-08,-3.188347650e-08,-9.033843583e-09,
1.588169943e-01
l,8.5,-6.5
4.371,5.091,5.831,
0.000000000e+00,0.000000000e+00
1.913218056e-10,-6.201614706e-11,-8.549781783e-10,1.659339005e-09,1.255541714e-08,2.808193828e-08,3.323578487e-08,2.119826708e-08,5.730925827e-09,
2.285961515e-11,-9.183377259e-11,-3.287357922e-12,-2.163558166e-09,-1.014960747e-08,-2.856581567e-08,-4.343072010e-08,-3.188347650e-08,-9.033843583e-09,
1.588169943e-01
l,8.5,-5.5
4.371,5.091,5.831,
0.000000000e+00,0.000000000e+00
1.913218056e-10,-6.201614706e-11,-8.549781783e-10,1.659339005e-09,1.255541714e-08,2.808193828e-08,3.323578487e-08,2.119826708e-08,5.730925827e-09,
2.285961515e-11,-9.183377259e-11,-3.287357922e-12,-2.163558166e-09,-1.014960747e-08,-2.856581567e-08,-4.343072010e-08,-3.188347650e-08,-9.033843583e-09,
1.588169943e-01
l,8.5,-4.5
4.371,5.091,5.831,
0.000000000e+00,0.000000000e+00
1.913218056e-10,-6.201614706e-11,-8.549781783e-10,1.659339005e-09,1.255541714e-08,2.808193828e-08,3.323578487e-08,2.119826708e-08,5.730925827e-09,
2.285961515e-11,-9.183377259e-11,-3.287357922e-12,-2.163558166e-09,-1.014960747e-08,-2.856581567e-08,-4.343072010e-08,-3.188347650e-08,-9.033843583e-09,
1.588169943e-01
l,8.5,-3.5
4.371,5.091,5.831,
0.000000000e+00,0.000000000e+00
1.913218056e-10,-6.201614706e-11,-8.549781783e-10,1.659339005e-09,1.255541714e-08,2.808193828e-08,3.323578487e-08,2.119826708e-08,5.730925827e-09,
2.285961515e-11,-9.183377259e-11,-3.287357922e-12,-2.163558166e-09,-1.014960747e-08,-2.856581567e-08,-4.343072010e-08,-3.188347650e-08,-9.033843583e-09,
1.588169943e-01
l,8.5,-2.5
4.371,5.091,5.831,
0.000000000e+00,0.000000000e+00
1.913218056e-10,-6.201614706e-11,-8.549781783e-10,1.659339005e-09,1.255541714e-08,2.808193828e-08,3.323578487e-08,2.119826708e-08,5.730925827e-09,
2.285961515e-11,-9.183377259e-11,-3.287357922e-12,-2.163558166e-09,-1.014960747e-08,-2.856581567e-08,-4.343072010e-08,-3.188347650e-08,-9.033843583e-09,
1.588169943e-01
l,8.5,-1.5
4.371,5.091,5.831,
0.000000000e+00,0.000000000e+00
1.913218056e-10,-6.201614706e-11,-8.549781984e-10,1.659338518e-09,1.255541272e-08,2.808191867e-08,3.323573923e-08,2.119821370e-08,5.730901114e-09,
2.285961515e-11,-9.183377259e-11,-3.287357922e-12,-2.163558166e-09,-1.014960747e-08,-2.856581567e-08,-4.343072010e-08,-3.188347650e-08,-9.033843583e-09,
1.588169943e-01
l,8.5,-0.5
4.371,5.091,5.831,
0.000000000e+00,0.000000000e+00
1.913185999e-10,-6.201821525e-11,-8.552938027e-10,1.655827756e-09,1.253733073e-08,2.802998564e-08,3.315113087e-08,2.112536553e-08,5.705202873e-09,
2.285961515e-11,-9.183377259e-11,-3.283883513e-12,-2.163410018e-09,-1.014818143e-08,-2.855960942e-08,-4.341731760e-08,-3.186933028e-08,-9.028031209e-09,
1.588169943e-01
l,8.5,0.5
4.371,5.091,5.831,
0.000000000e+00,0.000000000e+00
1.913185999e-10,-6.201821525e-11,-8.552943110e-10,1.655815691e-09,1.253722474e-08,2.802953529e-08,3.315014131e-08,2.112428805e-08,5.704744217e-09,
2.285961515e-11,-9.183377259e-11,-3.283883513e-12,-2.163410018e-09,-1.014818143e-08,-2.855960942e-08,-4.341731760e-08,-3.186933028e-08,-9.028031209e-09,
1.588169943e-01
l,8.5,1.5
4.371,5.091,5.831,
0.000000000e+00,0.000000000e+00
1.913218056e-10,-6.201614706e-11,-8.549781783e-10,1.659339005e-09,1.255541714e-08,2.808193828e-08,3.323578487e-08,2.119826708e-08,5.730925827e-09,
2.285961515e-11,-9.183377259e-11,-3.287357922e-12,-2.163558166e-09,-1.014960747e-08,-2.856581567e-08,-4.343072010e-08,-3.188347650e-08,-9.033843583e-09,
1.588169943e-01
l,8.5,2.5
4.371,5.091,5.831,
0.000000000e+00,0.000000000e+00
1.913218056e-10,-6.201614706e-11,-8.549781783e-10,1.659339005e-09,1.255541714e-08,2.808193828e-08,3.323578487e-08,2.119826708e-08,5.730925827e-09,
2.285961515e-11,-9.183377259e-11,-3.287357922e-12,-2.163558166e-09,-1.014960747e-08,-2.856581567e-08,-4.343072010e-08,-3.188347650e-08,-9.033843583e-09,
1.588169943e-01
l,8.5,3.5
4.371,5.091,5.831,
0.000000000e+00,0.000000000e+00
1.913218056e-10,-6.201614706e-11,-8.549781783e-10,1.659339005e-09,1.255541714e-08,2.808193828e-08,3.323578487e-08,2.119826708e-08,5.730925827e-09,
2.285961515e-11,-9.183377259e-11,-3.287357922e-12,-2.163558166e-09,-1.014960747e-08,-2.856581567e-08,-4.343072010e-08,-3.188347650e-08,-9.033843583e-09,
1.588169943e-01
l,8.5,4.5
4.371,5.091,5.831,
0.000000000e+00,0.000000000e+00
1.913218056e-10,-6.201614706e-11,-8.549781783e-10,1.659339005e-09,1.255541714e-08,2.808193828e-08,3.323578487e-08,2.119826708e-08,5.730925827e-09,
2.285961515e-11,-9.183377259e-11,-3.287357922e-12,-2.163558166e-09,-1.014960747e-08,-2.856581567e-08,-4.343072010e-08,-3.188347650e-08,-9.033843583e-09,
1.588169943e-01
l,8.5,5.5
4.371,5.091,5.831,
0.000000000e+00,0.000000000e+00
1.913218056e-10,-6.201614706e-11,-8.549781783e-10,1.659339005e-09,1.255541714e-08,2.808193828e-08,3.323578487e-08,2.119826708e-08,5.730925827e-09,
2.285961515e-11,-9.183377259e-11,-3.287357922e-12,-2.163558166e-09,-1.014960747e-08,-2.856581567e-08,-4.343072010e-08,-3.188347650e-08,-9.033843583e-09,
1.588169943e-01
l,8.5,6.5
4.371,5.091,5.831,
0.000000000e+00,0.000000000e+00
1.913218056e-10,-6.201614706e-11,-8.549781783e-10,1.659339005e-09,1.255541714e-08,2.808193828e-08,3.323578487e-08,2.119826708e-08,5.730925827e-09,
2.285961515e-11,-9.183377259e-11,-3.287357922e-12,-2.163558166e-09,-1.014960747e-08,-2.856581567e-08,-4.343072010e-08,-3.188347650e-08,-9.033843583e-09,
1.588169943e-01
l,8.5,7.5
4.371,5.091,5.831,
0.000000000e+00,0.000000000e+00
1.913218056e-10,-6.201614706e-11,-8.549781783e-10,1.659339005e-09,1.255541714e-08,2.808193828e-08,3.323578487e-08,2.119826708e-08,5.730925827e-09,
2.285961515e-11,-9.183377259e-11,-3.287357922e-12,-2.163558166e-09,-1.014960747e-08,-2.856581567e-08,-4.343072010e-08,-3.188347650e-08,-9.033843583e-09,
1.588169943e-01
l,8.5,8.5
4.371,5.091,5.831,
0.000000000e+00,0.000000000e+00
1.913218056e-10,-6.201614706e-11,-8.549781783e-10,1.659339005e-09,1.255541714e-08,2.808193828e-08,3.323578487e-08,2.119826708e-08,5.730925827e-09,
2.285961515e-11,-9.183377259e-11,-3.287357922e-12,-2.163558166e-09,-1.014960747e-08,-2.856581567e-08,-4.343072010e-08,-3.188347650e-08,-9.033843583e-09,
1.588169943e-01
