l,0.0,-0.0
0.151,0.991,1.871,
1.328401891e-01,1.608392079e+00
1.531721000e-02,-2.010620976e-02,9.822417477e-03,2.139376118e-01,1.558634852e+00,5.472934376e+00,9.471743935e+00,8.244879241e+00,2.874184765e+00,
3.690291988e-03,-6.815900358e-03,-8.759417362e-03,-1.435128837e-01,-6.257150201e-01,-1.496885469e+00,-1.991183139e+00,-1.383869417e+00,-3.919081743e-01,
1.588480344e-01
l,1.0,-1.0
0.371,1.331,2.311,
5.255003230e-02,4.516764662e+00
2.677490003e-03,-3.115083722e-03,-1.309840486e-03,-3.866405385e-02,-3.100990690e-01,-9.357808186e-01,-1.454575059e+00,-1.127490222e+00,-3.415216814e-01,
5.302290720e-04,-1.019595269e-03,-7.234360368e-04,-1.443760775e-02,-5.569432802e-02,-1.202367427e-01,-1.447741599e-01,-9.132342435e-02,-2.361720321e-02,
1.587859788e-01
l,1.0,0.0
0.471,1.291,2.191,
4.395195612e-02,3.802468934e+00
8.791535161e-03,-1.022168900e-02,1.345844471e-02,3.506709529e-01,2.134061061e+00,6.742248465e+00,1.090851415e+01,8.716701641e+00,2.744852520e+00,
2.023886091e-03,-3.864619355e-03,-5.059818436e-03,-8.619319437e-02,-3.810768388e-01,-9.094206596e-01,-1.190087763e+00,-8.049824244e-01,-2.206564183e-01,
1.589583037e-01
l,1.0,1.0
0.451,1.391,2.331,
4.238453471e-01,5.501710543e+00
2.400314994e-02,-2.890081598e-02,3.941088618e-02,5.431930806e-02,-1.031856962e+00,-4.041074359e+00,-7.429926391e+00,-6.652913782e+00,-2.270942709e+00,
4.706140395e-03,-9.191770323e-03,-1.156681652e-02,-2.055980666e-01,-9.158177960e-01,-2.229608940e+00,-2.991805964e+00,-2.086840123e+00,-5.913965969e-01,
1.588480152e-01
l,2.0,-2.0
0.751,1.751,2.791,
2.601168080e-04,3.926732310e+00
4.004712100e-04,-4.400065176e-04,2.184671192e-04,5.150373763e-03,2.039441853e-02,5.562493416e-02,8.018005930e-02,5.578795993e-02,1.501434190e-02,
6.848238826e-05,-1.365755721e-04,-7.895877536e-05,-1.759055328e-03,-6.396464682e-03,-1.306601562e-02,-1.479501008e-02,-8.742997907e-03,-2.120443925e-03,
1.587857543e-01
l,2.0,-1.0
0.771,1.771,2.771,
6.916668142e-04,4.927569379e+00
1.148418989e-03,-1.143792930e-03,-1.221610127e-04,7.274627637e-03,8.693704213e-03,1.393299065e-02,2.280696439e-02,1.591416494e-02,3.643085124e-03,
2.154287204e-04,-4.292456036e-04,-2.918419920e-04,-6.020670327e-03,-2.268643454e-02,-4.793509460e-02,-5.635132632e-02,-3.460621887e-02,-8.728636145e-03,
1.589101030e-01
l,2.0,0.0
0.831,1.811,2.811,
1.213971244e-03,4.166556012e+00
3.225025954e-03,-3.174291670e-03,-5.944300122e-04,2.671934059e-02,6.653880903e-02,1.705758156e-01,2.769981578e-01,2.129265149e-01,6.139007713e-02,
6.011294186e-04,-1.202059242e-03,-7.144416385e-04,-1.580094556e-02,-5.828574337e-02,-1.212128437e-01,-1.405457236e-01,-8.528027333e-02,-2.132631704e-02,
1.589100863e-01
l,2.0,1.0
0.911,1.831,2.811,
2.896024767e-03,5.025249603e+00
9.471584111e-03,-8.891067127e-03,2.428033517e-03,1.942210020e-01,9.054013002e-01,2.562395413e+00,3.924621475e+00,2.963015731e+00,8.704721807e-01,
1.820593280e-03,-3.652267795e-03,-2.449272780e-03,-5.186423481e-02,-1.982065875e-01,-4.266481544e-01,-5.120463868e-01,-3.213555142e-01,-8.299771293e-02,
1.589582845e-01
l,2.0,2.0
0.951,1.911,2.891,
6.848348232e-03,4.643245290e+00
2.641988918e-02,-2.976010631e-02,4.808054646e-03,2.640573392e-01,6.865192553e-01,1.886701223e+00,3.153659604e+00,2.469102616e+00,7.232499317e-01,
4.709447392e-03,-9.562388074e-03,-6.503143306e-03,-1.388870302e-01,-5.295573623e-01,-1.142768895e+00,-1.373253463e+00,-8.646669645e-01,-2.242851528e-01,
1.588480214e-01
l,3.0,-3.0
1.131,2.191,3.271,
5.088637158e-06,4.765526631e+00
5.473681085e-05,-5.230926513e-05,-7.949272275e-06,4.464765236e-04,1.035368872e-03,2.219537999e-03,3.236229837e-03,2.326819649e-03,6.341838424e-04,
8.594903423e-06,-1.759006951e-05,-9.520336452e-06,-2.239176642e-04,-7.985745680e-04,-1.603507130e-03,-1.775979885e-03,-1.021117411e-03,-2.405318669e-04,
1.588170028e-01
l,3.0,-2.0
1.211,2.251,3.311,
9.579310899e-06,5.080390416e+00
1.452923025e-04,-1.299130028e-04,-4.921981660e-05,1.111089412e-03,2.166547231e-03,3.821520872e-03,5.578572993e-03,4.205010442e-03,1.196679014e-03,
2.392050289e-05,-4.904495290e-05,-2.578533382e-05,-6.244641820e-04,-2.258133800e-03,-4.598941786e-03,-5.173467064e-03,-3.020609485e-03,-7.228969135e-04,
1.588790475e-01
l,3.0,-1.0
1.291,2.311,3.351,
1.828235440e-05,5.324005805e+00
3.877585987e-04,-3.316665487e-04,-1.190077097e-04,3.529257572e-03,8.402723106e-03,1.609801282e-02,2.254141931e-02,1.650855043e-02,4.668779293e-03,
6.655392117e-05,-1.367099654e-04,-8.578274973e-05,-1.872395588e-03,-6.874783902e-03,-1.419357263e-02,-1.622856588e-02,-9.641815098e-03,-2.348559486e-03,
1.589101030e-01
l,3.0,0.0
1.351,2.351,3.391,
3.856084847e-05,5.355193348e+00
1.062646043e-03,-8.417224643e-04,-5.806324826e-04,9.650140101e-03,2.468404474e-02,4.811817267e-02,6.813986124e-02,5.100962803e-02,1.482342062e-02,
1.851558500e-04,-3.810799315e-04,-2.203920274e-04,-5.006456296e-03,-1.813158481e-02,-3.695072113e-02,-4.171683240e-02,-2.446157798e-02,-5.890472361e-03,
1.589272409e-01
l,3.0,1.0
1.371,2.391,3.431,
6.007377948e-05,6.529921892e+00
2.953683957e-03,-2.218188231e-03,-2.603447185e-03,1.650119229e-02,5.328222728e-03,-5.400917342e-02,-8.739784684e-02,-5.683956446e-02,-1.432960371e-02,
5.152818208e-04,-1.063031528e-03,-5.799770609e-04,-1.373403563e-02,-4.963348051e-02,-1.011255909e-01,-1.141527999e-01,-6.688221750e-02,-1.609863091e-02,
1.589582845e-01
l,3.0,2.0
1.451,2.431,3.451,
1.547534422e-04,6.076900471e+00
8.378877304e-03,-6.411294182e-03,-5.680733591e-03,8.329895846e-02,2.273271561e-01,4.473310004e-01,6.334023562e-01,4.793524318e-01,1.415156022e-01,
1.495689682e-03,-3.094417728e-03,-1.719129223e-03,-4.060031327e-02,-1.483156796e-01,-3.057439998e-01,-3.495792952e-01,-2.076903941e-01,-5.076752515e-02,
1.589582907e-01
l,3.0,3.0
1.491,2.491,3.511,
4.204797488e-04,5.835507954e+00
2.373453043e-02,-2.145196649e-02,-1.988762609e-02,1.597745083e-01,2.319153249e-01,2.910024090e-01,5.658313035e-01,5.566205559e-01,1.886778606e-01,
4.006433723e-03,-8.350688933e-03,-4.408062347e-03,-1.066940457e-01,-3.780362625e-01,-7.596557298e-01,-8.465302094e-01,-4.918711958e-01,-1.183156292e-01,
1.589100982e-01
l,4.0,-4.0
1.571,2.651,3.751,
5.295674087e-08,6.735409913e+00
6.954793207e-06,-5.713648962e-06,-5.083130129e-06,3.911426501e-05,3.757365954e-05,-1.706977454e-05,-3.068314434e-05,-8.626402469e-06,4.821657117e-07,
1.055605955e-06,-2.201631267e-06,-1.057755166e-06,-2.678820451e-05,-9.243365920e-05,-1.799459783e-04,-1.927632922e-04,-1.068691207e-04,-2.432194648e-05,
1.588480422e-01
l,4.0,-3.0
1.651,2.731,3.811,
1.224098851e-07,6.285491813e+00
1.773231998e-05,-1.393901468e-05,-1.293872878e-05,1.173312382e-04,1.913690044e-04,1.764638120e-04,1.944507794e-04,1.538851019e-04,4.703601404e-05,
2.812657791e-06,-5.878062078e-06,-3.111748991e-06,-7.425117944e-05,-2.593892784e-04,-5.108889158e-04,-5.551025091e-04,-3.123524952e-04,-7.214791305e-05,
1.588790649e-01
l,4.0,-2.0
1.731,2.811,3.891,
3.083068585e-07,5.840154106e+00
4.551409074e-05,-3.566969409e-05,-3.772417438e-05,3.002889499e-04,5.741541652e-04,7.484622199e-04,9.562701696e-04,7.294723712e-04,2.145690359e-04,
7.185103297e-06,-1.505474404e-05,-6.703170196e-06,-1.789718225e-04,-6.155351483e-04,-1.197206647e-03,-1.284066875e-03,-7.128467663e-04,-1.627648669e-04,
1.589100968e-01
l,4.0,-1.0
1.791,2.871,3.951,
3.788802899e-07,6.745027629e+00
1.195861987e-04,-8.605571924e-05,-1.072552602e-04,7.591515831e-04,1.180511184e-03,5.469437680e-04,1.121434737e-04,1.233706490e-04,6.442034141e-05,
1.912874258e-05,-4.015541901e-05,-1.858436808e-05,-4.872077224e-04,-1.697195955e-03,-3.341367827e-03,-3.626544020e-03,-2.033817796e-03,-4.680138155e-04,
1.588962232e-01
l,4.0,0.0
1.851,2.931,4.011,
5.733189905e-07,7.287891919e+00
3.175922902e-04,-2.175604601e-04,-2.777412551e-04,2.098125929e-03,3.064521381e-03,1.201249891e-04,-2.443047615e-03,-1.869461355e-03,-4.616432545e-04,
5.093020339e-05,-1.071123968e-04,-5.042274348e-05,-1.325181630e-03,-4.692220105e-03,-9.382744902e-03,-1.032918493e-02,-5.865714200e-03,-1.363560506e-03,
1.589272409e-01
l,4.0,1.0
1.911,2.971,4.031,
1.969043330e-06,6.579743905e+00
8.669532835e-04,-5.391212550e-04,-8.627273604e-04,6.327937564e-03,1.340677292e-02,1.357165245e-02,1.103793793e-02,6.878235082e-03,1.962670313e-03,
1.474690394e-04,-3.103798336e-04,-1.806636617e-04,-4.085032591e-03,-1.444352875e-02,-2.872048274e-02,-3.155174696e-02,-1.790413500e-02,-4.163614746e-03,
1.589272441e-01
l,4.0,2.0
1.951,3.011,4.091,
4.062546405e-06,6.738519272e+00
2.392540919e-03,-1.396335643e-03,-2.629482250e-03,1.730647456e-02,3.784351845e-02,3.721742698e-02,2.746337326e-02,1.598649359e-02,4.498764166e-03,
3.926466441e-04,-8.281817014e-04,-3.822166031e-04,-1.006870803e-02,-3.504469002e-02,-6.887137347e-02,-7.454640461e-02,-4.154794423e-02,-9.486703282e-03,
1.589582907e-01
l,4.0,3.0
1.991,3.051,4.111,
6.870454126e-06,7.252186274e+00
6.746553816e-03,-3.971417805e-03,-7.641492596e-03,4.793578546e-02,9.380533541e-02,5.767892987e-02,4.918604498e-03,-6.291507083e-03,-1.217924287e-03,
1.137923925e-03,-2.404540226e-03,-1.181421934e-03,-3.017321941e-02,-1.067288127e-01,-2.131465353e-01,-2.347991226e-01,-1.333364416e-01,-3.103599925e-02,
1.589582388e-01
l,4.0,4.0
2.051,3.091,4.151,
1.358226717e-05,7.571907605e+00
1.931074075e-02,-1.218765832e-02,-2.143926959e-02,1.391605561e-01,2.405843650e-01,6.202163796e-02,-1.329969099e-01,-1.160943105e-01,-2.894475507e-02,
3.166844208e-03,-6.722050060e-03,-3.635009239e-03,-8.755364721e-02,-3.097328800e-01,-6.192321179e-01,-6.826577034e-01,-3.885949875e-01,-9.082220107e-02,
1.589272519e-01
l,5.0,-5.0
2.031,3.131,4.231,
6.494224085e-10,7.482462603e+00
8.337609074e-07,-5.956614376e-07,-7.984478247e-07,5.007193127e-06,7.767304757e-06,3.353284895e-06,3.457109017e-07,5.534083153e-07,3.575251755e-07,
1.275007834e-07,-2.697785843e-07,-1.278011651e-07,-3.273772376e-06,-1.118004349e-05,-2.154068302e-05,-2.281407742e-05,-1.246556031e-05,-2.795010090e-06,
1.588480029e-01
l,5.0,-4.0
2.111,3.211,4.331,
1.687994298e-09,7.030542899e+00
2.097375045e-06,-1.351585975e-06,-1.667886987e-06,1.681950954e-05,3.785738075e-05,4.538911244e-05,4.114987386e-05,2.442053099e-05,6.300294039e-06,
3.116036664e-07,-6.610220781e-07,-1.362025328e-07,-6.197007186e-06,-1.959482369e-05,-3.602249411e-05,-3.662267751e-05,-1.924121972e-05,-4.196634766e-06,
1.589101164e-01
l,5.0,-3.0
2.191,3.291,4.411,
3.815366342e-09,6.845967918e+00
5.306188086e-06,-3.228263554e-06,-4.575492328e-06,4.320584265e-05,1.052462284e-04,1.378002106e-04,1.310250564e-04,7.799856632e-05,1.992986931e-05,
7.938852179e-07,-1.687438324e-06,-3.425350352e-07,-1.581135050e-05,-5.006872182e-05,-9.255140070e-05,-9.499950798e-05,-5.048283944e-05,-1.113673250e-05,
1.589101142e-01
l,5.0,-2.0
2.271,3.371,4.471,
7.333935904e-09,6.919749330e+00
1.351969968e-05,-8.045958036e-06,-1.238203803e-05,1.076097324e-04,2.654295511e-04,3.455798902e-04,3.237404496e-04,1.907020742e-04,4.852738613e-05,
2.110133138e-06,-4.491610725e-06,-2.277789668e-06,-5.677517541e-05,-1.981172370e-04,-3.892660263e-04,-4.197282584e-04,-2.325582535e-04,-5.262774851e-05,
1.589272514e-01
l,5.0,-1.0
2.331,3.431,4.551,
1.279365074e-08,7.133534257e+00
3.516408105e-05,-1.841416169e-05,-3.307331675e-05,2.931369535e-04,7.704440108e-04,1.025886725e-03,9.217643239e-04,5.093762245e-04,1.231499645e-04,
5.373038719e-06,-1.145818409e-05,-2.480916206e-06,-1.083687888e-04,-3.422854311e-04,-6.292519288e-04,-6.415675535e-04,-3.372147561e-04,-7.337684324e-05,
1.589272576e-01
l,5.0,0.0
2.391,3.491,4.611,
1.544758128e-08,7.799849838e+00
9.227778355e-05,-4.459157552e-05,-9.818358029e-05,7.037287215e-04,1.785970228e-03,2.060803084e-03,1.504138476e-03,6.962116663e-04,1.512168656e-04,
1.427416937e-05,-3.048135948e-05,-6.453239172e-06,-2.865123612e-04,-9.014504224e-04,-1.642065882e-03,-1.648356077e-03,-8.460361566e-04,-1.788213389e-04,
1.589272632e-01
l,5.0,1.0
2.451,3.551,4.651,
1.864463183e-08,8.470570486e+00
2.449651947e-04,-1.172437691e-04,-3.144991103e-04,1.497638242e-03,3.363898299e-03,2.459143347e-03,3.234637337e-04,-4.410792297e-04,-1.680309329e-04,
3.957177104e-05,-8.457936472e-05,-4.107806960e-05,-1.035398226e-03,-3.525601704e-03,-6.756095049e-03,-7.110794323e-03,-3.833311498e-03,-8.433582871e-04,
1.589272441e-01
l,5.0,2.0
2.511,3.611,4.711,
4.163287390e-08,8.476776440e+00
6.591918063e-04,-3.268696809e-04,-8.272786954e-04,4.155346176e-03,9.323683249e-03,7.070207408e-03,1.429381946e-03,-7.990484139e-04,-3.444871764e-04,
1.051264838e-04,-2.250031408e-04,-1.000282181e-04,-2.701680279e-03,-9.224329596e-03,-1.777126471e-02,-1.879352065e-02,-1.017780709e-02,-2.250243810e-03,
1.589582907e-01
l,5.0,3.0
2.551,3.651,4.751,
2.314312924e-07,7.545972942e+00
1.821181970e-03,-8.431301943e-04,-2.101670198e-03,1.423554317e-02,3.941284235e-02,5.176895443e-02,4.424033019e-02,2.332597972e-02,5.488259209e-03,
2.914467487e-04,-6.244752325e-04,-2.830885826e-04,-7.631792709e-03,-2.645895371e-02,-5.171823876e-02,-5.541689133e-02,-3.037507335e-02,-6.785244592e-03,
1.589582388e-01
l,5.0,4.0
2.591,3.671,4.771,
1.657439378e-07,8.845397758e+00
5.150973797e-03,-1.948889100e-03,-6.831851883e-03,3.595196364e-02,9.466550964e-02,9.361710658e-02,4.231219226e-02,5.645848510e-03,-1.053733076e-03,
8.437211880e-04,-1.810005544e-03,-8.968977201e-04,-2.261913809e-02,-7.805247505e-02,-1.515497246e-01,-1.613842739e-01,-8.777670392e-02,-1.943011460e-02,
1.589582378e-01
l,5.0,5.0
2.631,3.711,4.811,
1.315449638e-06,7.647610381e+00
1.471003983e-02,-6.248966362e-03,-1.924671959e-02,1.159515570e-01,3.397428312e-01,4.602223295e-01,4.006172354e-01,2.145170777e-01,5.139059851e-02,
2.342822036e-03,-5.040808686e-03,-2.318731712e-03,-6.173361400e-02,-2.117070539e-01,-4.095319353e-01,-4.337899025e-01,-2.347146045e-01,-5.180168644e-02,
1.589583009e-01
l,6.0,-6.0
2.511,3.611,4.731,
1.299827165e-11,7.672334557e+00
9.696444181e-08,-5.478429370e-08,-8.522155229e-08,8.130104759e-07,2.076860408e-06,2.765810942e-06,2.546846712e-06,1.446730529e-06,3.565095691e-07,
1.456773245e-08,-3.118770886e-08,-8.700756167e-09,-3.108052002e-07,-9.876221994e-07,-1.822330566e-06,-1.865724597e-06,-9.871059613e-07,-2.162277494e-07,
1.588790031e-01
l,6.0,-5.0
2.591,3.711,4.831,
5.315634400e-12,9.285072699e+00
2.380063933e-07,-1.406603097e-07,-2.882363111e-07,1.276782862e-06,1.835751630e-06,-9.021265067e-07,-3.328060116e-06,-2.436547256e-06,-6.055713662e-07,
3.550877068e-08,-7.617523956e-08,-1.747440737e-08,-7.373351161e-07,-2.368170109e-06,-4.445102696e-06,-4.614234175e-06,-2.459273588e-06,-5.384652140e-07,
1.589100771e-01
l,6.0,-4.0
2.671,3.791,4.911,
1.043479404e-11,9.231524809e+00
5.950399213e-07,-3.177634159e-07,-7.899089714e-07,2.754541566e-06,3.610728296e-06,-3.638467358e-06,-9.423357423e-06,-6.494137761e-06,-1.554830907e-06,
9.029727942e-08,-1.940148577e-07,-4.549719295e-08,-1.880021554e-06,-6.014986490e-06,-1.118858801e-05,-1.146395327e-05,-5.996790603e-06,-1.284097048e-06,
1.589101164e-01
l,6.0,-3.0
2.751,3.871,4.991,
2.896502430e-11,8.869673903e+00
1.498103984e-06,-7.378766927e-07,-2.057965885e-06,6.720019690e-06,1.075948509e-05,-2.553108045e-06,-1.396903664e-05,-9.730234368e-06,-2.197338853e-06,
2.295856818e-07,-4.940426287e-07,-1.189718952e-07,-4.797228712e-06,-1.523777990e-05,-2.801413322e-05,-2.830785477e-05,-1.456146882e-05,-3.063433127e-06,
1.589272688e-01
l,6.0,-2.0
2.831,3.951,5.071,
9.023573943e-11,8.446570891e+00
3.802651918e-06,-1.793734439e-06,-5.134693964e-06,1.911857655e-05,4.162785475e-05,3.070864950e-05,1.116080435e-05,3.857289563e-06,1.291126016e-06,
5.835216519e-07,-1.257518166e-06,-2.872801525e-07,-1.207444275e-05,-3.804172554e-05,-6.935828655e-05,-6.956213140e-05,-3.554283234e-05,-7.446323284e-06,
1.589272514e-01
l,6.0,-1.0
2.891,4.011,5.151,
6.626825049e-11,9.426272837e+00
9.822206266e-06,-4.066796025e-06,-1.544220401e-05,3.692144580e-05,6.344651870e-05,-2.825085453e-05,-1.143733956e-04,-8.370921885e-05,-2.043168370e-05,
1.482727690e-06,-3.199896819e-06,-6.227117186e-07,-2.974668231e-05,-9.195966291e-05,-1.641448629e-04,-1.599609301e-04,-7.848433187e-05,-1.562788176e-05,
1.589272576e-01
l,6.0,0.0
2.951,4.071,5.211,
1.050390049e-10,9.685736009e+00
2.560844041e-05,-9.100185424e-06,-3.445359535e-05,1.497790767e-04,3.666858798e-04,2.756719008e-04,1.403020662e-05,-7.830512968e-05,-2.842094547e-05,
3.933050780e-06,-8.496794527e-06,-2.246286605e-06,-8.611694345e-05,-2.806524259e-04,-5.266558591e-04,-5.418634856e-04,-2.827479783e-04,-5.988731845e-05,
1.589272632e-01
l,6.0,1.0
3.011,4.151,5.291,
3.861394217e-11,1.129119693e+01
6.685918197e-05,-2.836821932e-05,-1.068179577e-04,2.095140059e-04,1.667001876e-04,-9.308723904e-04,-1.795771773e-03,-1.248621120e-03,-3.143598139e-04,
9.991716332e-06,-2.161483532e-05,-3.555296175e-06,-1.985929380e-04,-6.186975554e-04,-1.116135497e-03,-1.099005692e-03,-5.451219999e-04,-1.097949399e-04,
1.589582845e-01
l,6.0,2.0
3.071,4.191,5.331,
1.208232463e-09,8.909170130e+00
1.798370940e-04,-5.740555573e-05,-2.231711142e-04,1.375358270e-03,4.371035510e-03,6.172809765e-03,5.103343847e-03,2.384557355e-03,4.821136119e-04,
2.766869920e-05,-5.989560899e-05,-1.356546201e-05,-5.771422062e-04,-1.839609256e-03,-3.426485205e-03,-3.534051969e-03,-1.860150342e-03,-4.001179921e-04,
1.589582907e-01
l,6.0,3.0
3.131,4.251,5.371,
3.858843008e-09,8.636457955e+00
4.849263059e-04,-1.691500294e-04,-6.494224604e-04,3.228222540e-03,1.010189605e-02,1.415340720e-02,1.211098175e-02,6.055158117e-03,1.323959877e-03,
7.661760106e-05,-1.659747006e-04,-4.423633581e-05,-1.642239554e-03,-5.182791532e-03,-9.484308195e-03,-9.613920098e-03,-4.976765328e-03,-1.055976554e-03,
1.589582388e-01
l,6.0,4.0
3.171,4.291,5.411,
1.629371126e-09,1.014435659e+01
1.334849047e-03,-4.599832033e-04,-2.068413510e-03,6.151235328e-03,1.425828731e-02,6.105727513e-03,-7.237535067e-03,-8.094397140e-03,-2.301874392e-03,
2.121718491e-04,-4.599926592e-04,-1.111058506e-04,-4.493426411e-03,-1.432208111e-02,-2.642447271e-02,-2.678699587e-02,-1.371270325e-02,-2.843580151e-03,
1.589582378e-01
l,6.0,5.0
3.211,4.331,5.451,
1.128086311e-08,9.252623667e+00
3.740716027e-03,-1.263391433e-03,-5.175621667e-03,2.645746986e-02,8.431964119e-02,1.161862295e-01,9.377703346e-02,4.319248452e-02,8.693150142e-03,
5.876814871e-04,-1.275498365e-03,-2.651882982e-04,-1.214406066e-02,-3.837617121e-02,-7.089519238e-02,-7.262910628e-02,-3.796544700e-02,-8.131315305e-03,
1.589582463e-01
l,6.0,6.0
3.251,4.351,5.471,
1.380516760e-08,9.876303188e+00
1.070925966e-02,-3.245532457e-03,-1.809100501e-02,5.486437251e-02,1.686613601e-01,1.838718949e-01,1.011497429e-01,2.776528399e-02,2.945041238e-03,
1.701323441e-03,-3.698792086e-03,-9.298190999e-04,-3.661875089e-02,-1.172351377e-01,-2.183216616e-01,-2.240662054e-01,-1.164091020e-01,-2.454686736e-02,
1.589582393e-01
l,7.0,-7.0
2.991,4.111,5.251,
2.813623611e-14,1.003788665e+01
1.084926016e-08,-5.507303383e-09,-1.387814936e-08,5.688390686e-08,9.691934266e-08,-5.475415361e-09,-1.114449887e-07,-8.812231269e-08,-2.221440522e-08,
1.576228310e-09,-3.407502737e-09,-7.482898336e-10,-3.338533258e-08,-1.074947082e-07,-2.003841303e-07,-2.046328493e-07,-1.064299264e-07,-2.261873989e-08,
1.589100812e-01
l,7.0,-6.0
3.071,4.191,5.331,
5.520519736e-14,9.972432057e+00
2.673803934e-08,-1.139743981e-08,-4.110985950e-08,1.055638544e-07,1.866774008e-07,-4.464242658e-08,-2.671593587e-07,-1.980525614e-07,-4.788179324e-08,
4.003056359e-09,-8.665278815e-09,-2.065391249e-09,-8.342205492e-08,-2.583135039e-07,-4.611945102e-07,-4.501219030e-07,-2.218143920e-07,-4.444951751e-08,
1.589100524e-01
l,7.0,-5.0
3.171,4.291,5.431,
3.671525067e-13,8.865021957e+00
6.574990152e-08,-2.815521233e-08,-8.361584764e-08,4.788181401e-07,1.532804597e-06,2.385402200e-06,2.330887438e-06,1.301834131e-06,3.068187975e-07,
9.733834884e-09,-2.110411865e-08,-3.645484845e-09,-1.901971721e-07,-5.794079090e-07,-1.038081536e-06,-1.030055868e-06,-5.223993260e-07,-1.091886270e-07,
1.589272317e-01
l,7.0,-4.0
3.251,4.371,5.511,
3.447504222e-13,9.504018558e+00
1.640227936e-07,-6.104759062e-08,-1.952827851e-07,1.250187021e-06,3.780782452e-06,5.125243515e-06,4.101667345e-06,1.874736939e-06,3.740372524e-07,
2.470817635e-08,-5.363632555e-08,-1.249531740e-08,-5.221087604e-07,-1.667340814e-06,-3.112675763e-06,-3.216258446e-06,-1.698704658e-06,-3.671245505e-07,
1.589272710e-01
l,7.0,-3.0
3.311,4.451,5.591,
1.185906892e-13,1.097064691e+01
4.117985100e-07,-1.407036792e-07,-4.828020382e-07,3.080317942e-06,8.852939224e-06,1.054444966e-05,6.658528387e-06,2.101988931e-06,2.361122722e-07,
6.270550204e-08,-1.362834518e-07,-3.723738159e-08,-1.397888811e-06,-4.587896490e-06,-8.728436500e-06,-9.151019436e-06,-4.887559992e-06,-1.062105037e-06,
1.589272208e-01
l,7.0,-2.0
3.391,4.531,5.671,
3.885252661e-14,1.244202100e+01
1.041654969e-06,-3.515854243e-07,-1.385241440e-06,5.988003081e-06,1.433663355e-05,8.451802697e-06,-4.928913513e-06,-7.792393701e-06,-2.537078808e-06,
1.591043043e-07,-3.461970345e-07,-9.474440170e-08,-3.563836292e-06,-1.167414969e-05,-2.206049263e-05,-2.288519150e-05,-1.204605774e-05,-2.572223683e-06,
1.589272514e-01
l,7.0,-1.0
3.471,4.611,5.751,
6.390817500e-14,1.258368612e+01
2.657139930e-06,-9.429731660e-07,-4.084386236e-06,1.031530664e-05,1.788670657e-05,-1.394290758e-05,-4.874474074e-05,-3.876135015e-05,-1.044356007e-05,
4.036979938e-07,-8.794019836e-07,-2.169501786e-07,-8.731453613e-06,-2.778732757e-05,-5.098247540e-05,-5.119274222e-05,-2.594418963e-05,-5.323779509e-06,
1.589582981e-01
l,7.0,0.0
3.531,4.671,5.831,
1.497570701e-13,1.247456237e+01
6.894718808e-06,-2.071734008e-06,-1.035058299e-05,3.485325258e-05,9.261316203e-05,6.648307869e-05,-1.320926986e-05,-3.830356586e-05,-1.346456552e-05,
1.023911692e-06,-2.232898689e-06,-4.607288111e-07,-2.153280104e-05,-6.809906345e-05,-1.246584622e-04,-1.248348649e-04,-6.302738843e-05,-1.287647306e-05,
1.589582814e-01
l,7.0,1.0
3.591,4.731,5.891,
9.249890073e-12,9.830065608e+00
1.805143984e-05,-4.451850581e-06,-2.163077385e-05,1.422600521e-04,4.789685194e-04,7.135747138e-04,6.106684526e-04,2.888515479e-04,5.810714827e-05,
2.712355509e-06,-5.919727036e-06,-1.428174240e-06,-5.955596567e-05,-1.934232133e-04,-3.631993464e-04,-3.743094161e-04,-1.954873775e-04,-4.139620931e-05,
1.589582845e-01
l,7.0,2.0
3.671,4.791,5.951,
4.092488462e-11,9.306162083e+00
4.771802924e-05,-1.099318238e-05,-5.705615310e-05,3.860422342e-04,1.396910284e-03,2.332254102e-03,2.283081031e-03,1.230882552e-03,2.779266201e-04,
7.184333533e-06,-1.569221278e-05,-3.137601929e-06,-1.498306136e-04,-4.750299609e-04,-8.769698089e-04,-8.909559583e-04,-4.586143895e-04,-9.595149743e-05,
1.589582907e-01
l,7.0,3.0
3.731,4.851,6.011,
7.526846176e-11,9.488796764e+00
1.274707029e-04,-3.301193002e-05,-1.917960381e-04,7.035202338e-04,2.496489047e-03,3.859319457e-03,3.654890471e-03,1.995914015e-03,4.668890518e-04,
1.902768541e-05,-4.159324435e-05,-4.742993398e-06,-3.551397289e-04,-1.055095236e-03,-1.838981388e-03,-1.756622176e-03,-8.392485290e-04,-1.622504726e-04,
1.589582933e-01
l,7.0,4.0
3.751,4.891,6.051,
8.814699569e-13,1.351212393e+01
3.466017079e-04,-8.234894145e-05,-6.161499778e-04,1.088364270e-03,2.714974968e-03,-1.561022546e-04,-4.382683075e-03,-4.014011385e-03,-1.152322539e-03,
5.264414110e-05,-1.151387681e-04,-2.190167669e-05,-1.070818691e-03,-3.277123970e-03,-5.803135754e-03,-5.602885557e-03,-2.693210701e-03,-5.176900391e-04,
1.589582378e-01
l,7.0,5.0
3.811,4.951,6.091,
2.463154657e-11,1.165106596e+01
9.502592729e-04,-2.668708678e-04,-1.229039114e-03,6.638769486e-03,2.057022422e-02,2.589152394e-02,1.733893928e-02,5.928870780e-03,7.747723474e-04,
1.456537805e-04,-3.187523710e-04,-6.808058265e-05,-3.152798283e-03,-1.030178807e-02,-1.955611850e-02,-2.040786565e-02,-1.078642343e-02,-2.310694038e-03,
1.589582463e-01
l,7.0,6.0
3.851,4.971,6.111,
8.494064182e-11,1.140101195e+01
2.668685047e-03,-5.888556281e-04,-4.628185863e-03,9.863504650e-03,2.935334711e-02,2.205287108e-02,-1.009322747e-03,-8.386997703e-03,-2.881411700e-03,
4.210836235e-04,-9.220165303e-04,-2.158092247e-04,-8.943916195e-03,-2.783404873e-02,-4.985425106e-02,-4.873478243e-02,-2.373674334e-02,-4.619505419e-03,
1.589582393e-01
l,7.0,7.0
3.891,5.011,6.151,
9.534645906e-10,1.030904379e+01
7.584074046e-03,-1.796638202e-03,-1.048836138e-02,5.465078218e-02,1.901066163e-01,2.820288533e-01,2.393333449e-01,1.128672762e-01,2.282006779e-02,
1.165734951e-03,-2.555847146e-03,-4.395413938e-04,-2.394296948e-02,-7.585492268e-02,-1.409413378e-01,-1.444813927e-01,-7.496600688e-02,-1.581148369e-02,
1.589582651e-01
l,8.0,-8.0
3.491,4.611,5.751,
1.183401770e-15,9.581631163e+00
1.195354038e-09,-5.008725187e-10,-1.572939909e-09,8.292623638e-09,2.664383489e-08,4.114748733e-08,4.000369510e-08,2.233750850e-08,5.277999225e-09,
1.763466427e-10,-3.841473475e-10,-7.120394173e-11,-3.498021568e-09,-1.060055605e-08,-1.886483625e-08,-1.856964457e-08,-9.321909645e-09,-1.925842725e-09,
1.588962567e-01
l,8.0,-7.0
3.571,4.711,5.851,
2.262176043e-17,1.319647095e+01
2.900395035e-09,-1.202681069e-09,-3.806828324e-09,1.592200360e-08,3.255057525e-08,6.655527099e-09,-3.170674168e-08,-3.117386002e-08,-9.065738613e-09,
4.282656469e-10,-9.341916186e-10,-2.212008288e-10,-9.388163901e-09,-3.056191484e-08,-5.762211691e-08,-5.959101454e-08,-3.131734071e-08,-6.698033881e-09,
1.589272358e-01
l,8.0,-6.0
3.651,4.791,5.951,
2.721993835e-17,1.349754256e+01
7.138230007e-09,-2.559913425e-09,-1.285433928e-08,1.670987768e-08,1.601733829e-08,-9.015333667e-08,-1.801841537e-07,-1.284800066e-07,-3.300870400e-08,
1.039554372e-09,-2.270603796e-09,-3.195283988e-10,-1.991684555e-08,-5.897184856e-08,-1.015001608e-07,-9.483861782e-08,-4.394653957e-08,-8.156312459e-09,
1.589272069e-01
l,8.0,-5.0
3.731,4.871,6.031,
3.335343387e-16,1.204444964e+01
1.766365010e-08,-5.204094771e-09,-3.334909063e-08,3.546625177e-08,6.420770225e-08,-1.096409825e-07,-2.699287136e-07,-1.949693763e-07,-4.910145710e-08,
2.635437073e-09,-5.762219220e-09,-8.759879009e-10,-4.960345638e-08,-1.423464946e-07,-2.367117498e-07,-2.128234891e-07,-9.334505334e-08,-1.605401411e-08,
1.589272317e-01
l,8.0,-4.0
3.831,4.971,6.131,
1.735774171e-14,9.571313710e+00
4.376903107e-08,-1.306146614e-08,-5.132417948e-08,3.533527574e-07,1.219846451e-06,1.970829278e-06,1.891336012e-06,1.008885290e-06,2.263413249e-07,
6.395201182e-09,-1.400000513e-08,-2.373911697e-09,-1.314431283e-07,-4.162612876e-07,-7.701897702e-07,-7.834826494e-07,-4.044412730e-07,-8.509268946e-08,
1.589583115e-01
l,8.0,-3.0
3.911,5.051,6.211,
2.110126451e-14,9.960772829e+00
1.098132003e-07,-3.017250618e-08,-1.266488004e-07,9.203633597e-07,3.199061672e-06,5.127417712e-06,4.810243075e-06,2.495001817e-06,5.450561565e-07,
1.620653440e-08,-3.551245724e-08,-7.609396332e-09,-3.508567214e-07,-1.133539792e-06,-2.124510162e-06,-2.184963175e-06,-1.138864434e-06,-2.409730860e-07,
1.589582132e-01
l,8.0,-2.0
3.971,5.131,6.291,
1.934094753e-14,1.056198086e+01
2.774148129e-07,-7.733491800e-08,-3.723189131e-07,1.879996801e-06,6.218425604e-06,8.779976969e-06,7.127798072e-06,3.241761588e-06,6.364947228e-07,
4.106336471e-08,-9.006389261e-08,-1.929965250e-08,-8.844649848e-07,-2.825034893e-06,-5.225699784e-06,-5.292878223e-06,-2.705778203e-06,-5.596976738e-07,
1.589582919e-01
l,8.0,-1.0
4.051,5.211,6.371,
1.142207708e-15,1.311941594e+01
7.061589145e-07,-2.139244012e-07,-1.150759605e-06,2.950005157e-06,8.202246811e-06,6.040996539e-06,-5.828323883e-07,-2.718352484e-06,-9.517386248e-07,
1.040275129e-07,-2.283702231e-07,-3.811735139e-08,-2.108729995e-06,-6.480303958e-06,-1.156672428e-05,-1.126157155e-05,-5.481454499e-06,-1.072993641e-06,
1.589581970e-01
l,8.0,0.0
4.111,5.271,6.431,
2.485619211e-13,9.827432038e+00
1.825166009e-06,-4.087362551e-07,-2.357155511e-06,1.326607370e-05,4.670353340e-05,7.174806683e-05,6.343786663e-05,3.104793793e-05,6.456982685e-06,
2.753316241e-07,-6.048351838e-07,-1.542506714e-07,-6.138398173e-06,-1.976236642e-05,-3.674172503e-05,-3.745518498e-05,-1.927752575e-05,-4.008071687e-06,
1.589582033e-01
l,8.0,1.0
4.191,5.331,6.511,
3.850824856e-13,1.007798603e+01
4.754183010e-06,-8.640064490e-07,-6.501478434e-06,3.296071489e-05,1.261098183e-04,2.108762197e-04,2.033292708e-04,1.074408206e-04,2.378056711e-05,
6.973188297e-07,-1.533169191e-06,-2.540995796e-07,-1.422213003e-05,-4.401582354e-05,-7.932440841e-05,-7.828730678e-05,-3.882038636e-05,-7.774836714e-06,
1.589581811e-01
l,8.0,2.0
4.251,5.391,6.571,
4.923077623e-13,1.047701469e+01
1.248829994e-05,-1.957920172e-06,-1.775556899e-05,7.275477737e-05,2.710556138e-04,4.260000172e-04,3.894703487e-04,1.990041201e-04,4.331012814e-05,
1.845240762e-06,-4.059655311e-06,-6.472620294e-07,-3.719877013e-05,-1.140804493e-04,-2.034406612e-04,-1.983612129e-04,-9.685414590e-05,-1.906181724e-05,
1.589582026e-01
l,8.0,3.0
4.291,5.451,6.631,
1.004473641e-13,1.214679915e+01
3.312214903e-05,-5.690947224e-06,-5.506344420e-05,1.131552230e-04,3.667852685e-04,3.479832605e-04,1.131481032e-04,-1.982372990e-05,-1.497412235e-05,
4.882464742e-06,-1.074851102e-05,-1.208308810e-06,-9.287968788e-05,-2.761515968e-04,-4.783036893e-04,-4.501213348e-04,-2.092636532e-04,-3.875877970e-05,
1.589581766e-01
l,8.0,4.0
4.351,5.511,6.671,
4.530229653e-15,1.482652363e+01
8.880363021e-05,-1.971215037e-05,-1.741453655e-04,1.184107525e-04,2.239946262e-04,-7.207259105e-04,-1.632386863e-03,-1.206343203e-03,-3.144192205e-04,
1.349966898e-05,-2.973133548e-05,-4.598773984e-06,-2.588112360e-04,-7.470456859e-04,-1.249247411e-03,-1.130285986e-03,-4.960761447e-04,-8.430455955e-05,
1.589581347e-01
l,8.0,5.0
4.411,5.551,6.731,
4.121027646e-12,1.078847730e+01
2.421925019e-04,-3.971670066e-05,-3.613910539e-04,1.504469058e-03,5.910016957e-03,9.699678650e-03,9.088357847e-03,4.671407538e-03,1.010557883e-03,
3.571560756e-05,-7.870862550e-05,-1.118876263e-05,-7.138530630e-04,-2.189728712e-03,-3.920724859e-03,-3.839320757e-03,-1.878956398e-03,-3.694969798e-04,
1.589581211e-01
l,8.0,6.0
4.431,5.591,6.751,
1.861578249e-13,1.347836173e+01
6.670154980e-04,-1.054555525e-04,-1.262028222e-03,1.329498456e-03,4.386450789e-03,1.288021507e-03,-4.009502889e-03,-4.022065389e-03,-1.145412951e-03,
1.031986211e-04,-2.274856501e-04,-3.655780537e-05,-1.986654907e-03,-5.756204734e-03,-9.683923655e-03,-8.855969842e-03,-3.947206100e-03,-6.856950299e-04,
1.589581338e-01
l,8.0,7.0
4.471,5.631,6.791,
1.147473860e-11,1.133163886e+01
1.864496968e-03,-3.045846476e-04,-2.794826415e-03,1.114565632e-02,4.122930730e-02,6.129921221e-02,5.108058964e-02,2.340862076e-02,4.579172956e-03,
2.854079204e-04,-6.295002303e-04,-1.420323161e-04,-6.220124223e-03,-1.974480551e-02,-3.623514558e-02,-3.638748399e-02,-1.831518129e-02,-3.700824403e-03,
1.589891717e-01
l,8.0,8.0
4.511,5.651,6.811,
2.765242409e-13,1.443460138e+01
5.297030788e-03,-7.099943182e-04,-1.094366740e-02,6.577050918e-03,2.265288752e-02,-1.808105019e-02,-6.923776185e-02,-5.652474004e-02,-1.539281414e-02,
8.248487444e-04,-1.820621450e-03,-2.920742913e-04,-1.600191042e-02,-4.640000702e-02,-7.780285117e-02,-7.047612916e-02,-3.073876170e-02,-5.121269108e-03,
1.589581120e-01
l,9.0,-9.0
3.971,5.111,6.271,
4.932660900e-20,1.436022158e+01
1.294930968e-10,-4.603385964e-11,-2.269598965e-10,3.562131512e-10,5.074465865e-10,-1.201210710e-09,-2.811823664e-09,-2.086286757e-09,-5.461978889e-10,
1.874555890e-11,-4.110495343e-11,-6.732479799e-12,-3.712476720e-10,-1.111342433e-09,-1.933167719e-09,-1.828834044e-09,-8.616887306e-10,-1.631835801e-10,
1.589272137e-01
l,9.0,-8.0
4.051,5.211,6.371,
5.114618288e-17,9.793894578e+00
3.133147075e-10,-9.870013727e-11,-4.538248763e-10,1.737907905e-09,5.548709162e-09,7.554911283e-09,6.272003691e-09,3.089944500e-09,6.753686386e-10,
4.545106444e-11,-9.977810956e-11,-1.265107535e-11,-8.730161726e-10,-2.622422773e-09,-4.628415463e-09,-4.482242302e-09,-2.185691727e-09,-4.341309765e-10,
1.589272911e-01
l,9.0,-7.0
4.151,5.311,6.471,
7.544523402e-18,1.161519520e+01
7.616751119e-10,-2.496701169e-10,-1.039084532e-09,4.922557475e-09,1.535642840e-08,2.002236706e-08,1.487756700e-08,6.221446360e-09,1.137459600e-09,
1.101747051e-10,-2.421322880e-10,-4.144537554e-11,-2.302134870e-09,-7.297714327e-09,-1.345324878e-08,-1.356505186e-08,-6.902669578e-09,-1.424013143e-09,
1.589272358e-01
l,9.0,-6.0
4.231,5.391,6.551,
4.465307124e-19,1.402659243e+01
1.873871058e-09,-5.066060391e-10,-3.134129507e-09,7.382088636e-09,2.097472924e-08,1.476523600e-08,-3.106650496e-09,-8.249151690e-09,-2.793650294e-09,
2.790127264e-10,-6.137162028e-10,-1.238936123e-10,-5.799759419e-09,-1.779559409e-08,-3.163164079e-08,-3.068228599e-08,-1.486305368e-08,-2.888914188e-09,
1.589272069e-01
l,9.0,-5.0
4.331,5.491,6.651,
3.105321373e-17,1.155186625e+01
4.611424131e-09,-1.309598824e-09,-7.482398724e-09,1.828281625e-08,5.566496146e-08,5.765992445e-08,3.005362329e-08,8.114282726e-09,9.770533996e-10,
6.761808910e-10,-1.488878942e-09,-1.700195756e-10,-1.273179542e-08,-3.739018380e-08,-6.441312891e-08,-6.062074623e-08,-2.837885987e-08,-5.348394577e-09,
1.589582722e-01
l,9.0,-4.0
4.431,5.571,6.731,
1.647392513e-16,1.089171702e+01
1.149310958e-08,-2.652035687e-09,-1.568370527e-08,7.240706179e-08,2.568967936e-07,3.984998692e-07,3.648162835e-07,1.878719287e-07,4.125600463e-08,
1.711832562e-09,-3.772333635e-09,-6.773151543e-10,-3.505530206e-08,-1.081969896e-07,-1.951482449e-07,-1.934941963e-07,-9.669047624e-08,-1.958664821e-08,
1.589581811e-01
l,9.0,-3.0
4.511,5.651,6.811,
5.105172698e-16,1.062064332e+01
2.882518046e-08,-5.845370496e-09,-3.467321989e-08,2.252126934e-07,8.268904703e-07,1.372775622e-06,1.319690188e-06,6.954930552e-07,1.535365293e-07,
4.333099460e-09,-9.556332177e-09,-2.234144104e-09,-9.503486954e-08,-3.038875930e-07,-5.640859685e-07,-5.755867055e-07,-2.969396593e-07,-6.202032599e-08,
1.589582132e-01
l,9.0,-2.0
4.551,5.711,6.891,
3.017646307e-15,9.940380862e+00
7.305501271e-08,-8.202506628e-09,-1.063358825e-07,3.948607229e-07,1.508026568e-06,2.353508623e-06,2.113969985e-06,1.059208210e-06,2.266723761e-07,
1.096669648e-08,-2.420493540e-08,-4.974152534e-09,-2.295190180e-07,-7.048041871e-07,-1.253850134e-06,-1.220222934e-06,-5.938048682e-07,-1.160440628e-07,
1.589581393e-01
l,9.0,-1.0
4.651,5.791,6.971,
1.579090554e-15,1.087014286e+01
1.858868046e-07,-2.287259665e-08,-2.569834165e-07,1.198811005e-06,4.726414384e-06,7.957126487e-06,7.664323679e-06,4.034744210e-06,8.896044249e-07,
2.775199584e-08,-6.129850814e-08,-1.275248269e-08,-5.877931225e-07,-1.822422413e-06,-3.277951665e-06,-3.230285802e-06,-1.596547538e-06,-3.175219103e-07,
1.589581465e-01
l,9.0,0.0
4.691,5.871,7.051,
6.446016814e-15,1.046630707e+01
4.765014125e-07,-7.673213282e-08,-7.081271908e-07,2.743671412e-06,1.047394724e-05,1.628049372e-05,1.431236555e-05,6.914568648e-06,1.416285537e-06,
7.021917395e-08,-1.552141516e-07,-2.700434598e-08,-1.447784687e-06,-4.457453576e-06,-7.994051023e-06,-7.847631505e-06,-3.855743217e-06,-7.613293261e-07,
1.589580917e-01
l,9.0,1.0
4.791,5.931,7.111,
5.305307189e-15,1.110898695e+01
1.235851983e-06,-1.298873058e-07,-1.724980435e-06,7.532415265e-06,2.985281397e-05,4.985760787e-05,4.759956402e-05,2.488961272e-05,5.464055827e-06,
1.856833087e-07,-4.106610967e-07,-8.780013155e-08,-3.951450544e-06,-1.223856158e-05,-2.197168668e-05,-2.161116974e-05,-1.064912272e-05,-2.108230940e-06,
1.589580184e-01
l,9.0,2.0
4.831,6.011,7.191,
2.390970480e-14,1.067422197e+01
3.221460929e-06,-5.708976818e-07,-4.712428231e-06,1.863845918e-05,7.014422849e-05,1.083099608e-04,9.485208693e-05,4.572425616e-05,9.353048812e-06,
4.697181537e-07,-1.039573649e-06,-1.499558191e-07,-9.510382742e-06,-2.925201981e-05,-5.253345174e-05,-5.161599244e-05,-2.538348978e-05,-5.023051254e-06,
1.589579326e-01
l,9.0,3.0
4.891,6.071,7.251,
1.155957999e-14,1.166382253e+01
8.500215699e-06,-1.378869316e-06,-1.241037120e-05,4.424177389e-05,1.610396350e-04,2.337864274e-04,1.914764966e-04,8.685069917e-05,1.689345622e-05,
1.241890980e-06,-2.749966745e-06,-3.732541378e-07,-2.494080682e-05,-7.641906636e-05,-1.365667751e-04,-1.333725247e-04,-6.510377248e-05,-1.278515254e-05,
1.589578885e-01
l,9.0,4.0
4.931,6.111,7.291,
7.328106560e-16,1.392391788e+01
2.270195000e-05,-2.817857663e-06,-4.236666202e-05,5.436073229e-05,2.168328326e-04,2.127838645e-04,6.586719639e-05,-1.751724576e-05,-1.108413564e-05,
3.431959089e-06,-7.602130287e-06,-1.229703901e-06,-6.760486359e-05,-1.988366967e-04,-3.394739005e-04,-3.143152359e-04,-1.419099576e-04,-2.493804147e-05,
1.589578628e-01
l,9.0,5.0
4.991,6.171,7.351,
1.867404699e-14,1.243613068e+01
6.111698895e-05,-9.602424207e-06,-1.073049832e-04,2.296155123e-04,9.137040774e-04,1.248963247e-03,9.274022639e-04,3.792515715e-04,6.746823074e-05,
9.072782579e-06,-2.010737396e-05,-2.759475845e-06,-1.780893604e-04,-5.308280847e-04,-9.234601615e-04,-8.744464648e-04,-4.077445427e-04,-7.507229657e-05,
1.589577341e-01
l,9.0,6.0
5.031,6.211,7.391,
6.420471960e-14,1.222046805e+01
1.667712058e-04,-1.533208170e-05,-2.522705972e-04,7.796820787e-04,2.985356335e-03,4.346366787e-03,3.509090768e-03,1.555035369e-03,2.946591429e-04,
2.507100858e-05,-5.558238263e-05,-9.884766423e-06,-5.186493302e-04,-1.590448765e-03,-2.831746149e-03,-2.756619522e-03,-1.337490160e-03,-2.596531812e-04,
1.589577116e-01
l,9.0,7.0
5.071,6.251,7.431,
1.016142454e-14,1.391602956e+01
4.597720981e-04,-5.485384758e-05,-8.685369941e-04,1.150065390e-03,4.811122969e-03,5.306660940e-03,2.474994133e-03,2.947100114e-04,-7.703438775e-05,
6.927875317e-05,-1.536474123e-04,-1.963872280e-05,-1.333939726e-03,-3.913550736e-03,-6.685513246e-03,-6.187223962e-03,-2.783460441e-03,-4.858908837e-04,
1.589576259e-01
l,9.0,8.0
5.111,6.291,7.471,
1.538259868e-12,1.140226214e+01
1.285183942e-03,-1.290535684e-04,-1.944043697e-03,6.814660262e-03,2.700444190e-02,4.214374977e-02,3.676003614e-02,1.752094077e-02,3.534669764e-03,
1.914453191e-04,-4.247742945e-04,-5.926802255e-05,-3.878975961e-03,-1.193371290e-02,-2.141127545e-02,-2.100387331e-02,-1.027029253e-02,-2.011222344e-03,
1.589576225e-01
l,9.0,9.0
5.151,6.311,7.491,
1.893212325e-13,1.326817478e+01
3.643867094e-03,-2.852004251e-04,-6.612266423e-03,1.330878027e-02,5.861870298e-02,8.564324772e-02,6.707390642e-02,2.836213803e-02,5.095826795e-03,
5.531427765e-04,-1.227892299e-03,-1.733690876e-04,-1.096215849e-02,-3.285206113e-02,-5.741812657e-02,-5.464530511e-02,-2.554419872e-02,-4.694590238e-03,
1.589575150e-01
