l,0.0,-0.0
0.111,0.771,1.491,
3.183419551e-01,1.656210844e+00
1.408971008e-02,-1.952997803e-02,1.224909435e-01,1.415960197e+00,1.008083282e+01,4.104289145e+01,9.069231891e+01,1.019625673e+02,4.522724882e+01,
3.399239626e-03,-7.567675081e-03,-1.254452453e-02,-2.727914159e-01,-1.642009106e+00,-5.385178942e+00,-9.740031976e+00,-9.134174092e+00,-3.462743857e+00,
1.588790713e-01
l,1.0,-1.0
0.231,1.111,2.011,
2.017154176e-01,4.061155425e+00
2.088336041e-03,-3.249628984e-03,-1.311974483e-03,-5.900892789e-02,-4.389103739e-01,-1.419965973e+00,-2.424512475e+00,-2.048826203e+00,-6.704596454e-01,
3.262323759e-04,-7.704468987e-04,-7.553306176e-04,-1.754243916e-02,-8.221474631e-02,-2.117142228e-01,-2.982824474e-01,-2.170306661e-01,-6.380864142e-02,
1.585388273e-01
l,1.0,0.0
0.271,0.911,1.571,
1.798526376e-01,3.463388399e+00
1.021828968e-02,-1.349470678e-02,2.953850418e-02,4.422662793e-01,2.183165617e+00,6.811492820e+00,1.020541403e+01,6.299799067e+00,9.876427469e-01,
2.844251931e-03,-6.405175750e-03,-1.553531518e-02,-3.146175509e-01,-1.957078874e+00,-6.514484721e+00,-1.191239856e+01,-1.129143474e+01,-4.343293183e+00,
1.590203784e-01
l,1.0,1.0
0.291,1.051,1.811,
4.414967365e+00,5.146616057e+00
2.743498981e-02,-5.515172842e-02,6.325844044e-02,-1.152665916e-01,-4.366908610e+00,-2.554597733e+01,-6.677239714e+01,-7.722419468e+01,-3.244956168e+01,
5.197641268e-03,-1.224306669e-02,-1.587314925e-02,-3.542429508e-01,-1.799036300e+00,-4.945930085e+00,-7.388684200e+00,-5.698583711e+00,-1.779175532e+00,
1.585697568e-01
l,2.0,-2.0
0.471,1.371,2.291,
6.802349494e-03,5.688582720e+00
3.703144903e-04,-5.471747836e-04,4.364118589e-04,-3.660121666e-03,-4.777267263e-02,-1.653572771e-01,-2.858552477e-01,-2.429022307e-01,-7.980389269e-02,
5.318854262e-05,-1.287120928e-04,-8.155089875e-05,-2.217681797e-03,-9.356715119e-03,-2.282927907e-02,-3.124495048e-02,-2.249502667e-02,-6.635882195e-03,
1.583531737e-01
l,2.0,-1.0
0.531,1.331,2.131,
3.143789374e-02,7.594715659e+00
1.266845968e-03,-1.662006005e-03,-3.391362631e-04,-2.077494466e-02,-2.395313482e-01,-8.594783853e-01,-1.576086771e+00,-1.466462204e+00,-5.403692645e-01,
2.458918994e-04,-5.873875214e-04,-8.976866456e-04,-1.903719891e-02,-1.008821350e-01,-2.900866819e-01,-4.573836096e-01,-3.727901446e-01,-1.229951064e-01,
1.589101126e-01
l,2.0,0.0
0.571,1.451,2.331,
3.003075911e-02,6.536638279e+00
3.178739920e-03,-5.163876143e-03,8.294719194e-03,5.414526891e-02,1.111600441e-01,1.382694093e-01,-8.882384041e-02,-3.362031515e-01,-1.844045065e-01,
4.748697832e-04,-1.154250022e-03,-7.595238415e-04,-2.167925737e-02,-9.525814663e-02,-2.358093001e-01,-3.221600511e-01,-2.300912107e-01,-6.739048734e-02,
1.583841209e-01
l,2.0,1.0
0.591,1.291,2.011,
3.844438647e-02,5.085042388e+00
1.436571032e-02,-2.152566211e-02,1.948088603e-02,8.561304677e-01,5.574172040e+00,2.042580072e+01,3.893054838e+01,3.627089659e+01,1.316357465e+01,
3.242552887e-03,-7.742238039e-03,-7.085337021e-03,-1.592950301e-01,-6.640497886e-01,-1.453697974e+00,-1.599264184e+00,-7.458046662e-01,-7.015112139e-02,
1.589582179e-01
l,2.0,2.0
0.591,1.371,2.151,
8.527857132e-01,8.478140805e+00
4.425599054e-02,-8.994058013e-02,1.919651745e-01,1.994591023e+00,1.046055551e+01,3.248312866e+01,4.647943078e+01,2.795620904e+01,4.927976804e+00,
7.345081872e-03,-1.801495822e-02,-1.944067670e-02,-4.495473346e-01,-2.068298260e+00,-5.263836308e+00,-7.340257946e+00,-5.352286959e+00,-1.605433091e+00,
1.584150666e-01
l,3.0,-3.0
0.711,1.631,2.551,
7.885313947e-05,5.148609290e+00
6.502478209e-05,-1.004311537e-04,1.156599405e-04,1.090245412e-03,3.163445578e-03,7.630519730e-03,9.860796282e-03,5.818470569e-03,1.240795325e-03,
8.991318156e-06,-2.215509142e-05,-1.283818401e-05,-3.685403710e-04,-1.453125247e-03,-3.246764031e-03,-4.004800343e-03,-2.589510226e-03,-6.927905789e-04,
1.583531597e-01
l,3.0,-2.0
0.831,1.651,2.511,
1.155712007e-04,5.406925334e+00
1.905692043e-04,-2.749568919e-04,-1.181353721e-04,3.341099934e-03,1.872368874e-02,6.494684917e-02,1.133775273e-01,9.390976899e-02,2.986029682e-02,
3.119534306e-05,-7.667718509e-05,-3.315499404e-05,-1.184275682e-03,-4.847658831e-03,-1.136182112e-02,-1.470273032e-02,-9.847820350e-03,-2.695691180e-03,
1.588480274e-01
l,3.0,-1.0
0.851,1.751,2.651,
1.923845786e-04,4.948124357e+00
4.796680005e-04,-6.493817168e-04,6.467641294e-04,5.475793733e-03,4.056748555e-03,1.053328633e-02,3.136387550e-02,3.196732682e-02,1.084970375e-02,
6.903645842e-05,-1.711584036e-04,-1.084307801e-04,-3.266929499e-03,-1.474628901e-02,-3.786574718e-02,-5.377292719e-02,-3.976134643e-02,-1.199178224e-02,
1.584460060e-01
l,3.0,0.0
0.951,1.751,2.591,
4.595878120e-04,5.790137928e+00
1.482632942e-03,-1.852425852e-03,6.724256472e-04,1.553121940e-02,1.237035741e-02,5.968180877e-02,2.104799202e-01,2.507436449e-01,1.001297399e-01,
2.517609086e-04,-6.222998386e-04,-3.004169031e-04,-1.013019999e-02,-4.305773744e-02,-1.073396377e-01,-1.522947755e-01,-1.150868593e-01,-3.629948105e-02,
1.588480463e-01
l,3.0,1.0
0.951,1.811,2.691,
1.263930555e-03,5.570246788e+00
4.240036942e-03,-6.301964337e-03,4.290525290e-03,5.790143396e-02,1.752954237e-01,6.403883429e-01,1.220138356e+00,1.038547124e+00,3.276218828e-01,
6.148892866e-04,-1.530153799e-03,-1.139435784e-03,-3.214964795e-02,-1.485350852e-01,-3.872110177e-01,-5.567742674e-01,-4.164364484e-01,-1.268929154e-01,
1.584459709e-01
l,3.0,2.0
0.931,1.691,2.451,
4.582040421e-03,6.289821091e+00
1.770821027e-02,-2.165070086e-02,5.892780672e-02,1.019299363e+00,4.321344190e+00,1.178258321e+01,1.899906609e+01,1.578637523e+01,5.200261053e+00,
3.520826947e-03,-8.709859970e-03,-1.151869072e-02,-2.554057950e-01,-1.294943436e+00,-3.628757985e+00,-5.645613992e+00,-4.600170075e+00,-1.543077202e+00,
1.589272683e-01
l,3.0,3.0
0.931,1.731,2.551,
2.084505387e-02,7.275574754e+00
6.052174047e-02,-1.222014675e-01,-6.403490717e-02,-4.042245927e-01,-1.654659442e+00,7.396646014e+00,2.701604162e+01,2.843297522e+01,9.956016678e+00,
8.710970861e-03,-2.200001670e-02,-1.851615665e-02,-4.993333994e-01,-2.282929016e+00,-5.871402319e+00,-8.266764544e+00,-6.060450881e+00,-1.816543734e+00,
1.584150583e-01
l,4.0,-4.0
0.971,1.891,2.811,
2.502442346e-06,5.847861552e+00
1.116048043e-05,-1.750182188e-05,4.681061770e-06,1.905173434e-04,8.096610139e-04,2.436881165e-03,3.794783904e-03,2.795170861e-03,7.863982628e-04,
1.505200318e-06,-3.763388685e-06,-2.075540350e-06,-6.446503572e-05,-2.583412341e-04,-5.769374993e-04,-6.965058294e-04,-4.314132592e-04,-1.086399698e-04,
1.584460019e-01
l,4.0,-3.0
1.131,1.951,2.811,
3.069437117e-06,6.495925603e+00
2.938295074e-05,-3.895336279e-05,3.240343033e-06,5.263662573e-04,1.799300311e-03,5.269625493e-03,9.454762643e-03,8.325721257e-03,2.812304120e-03,
4.727865498e-06,-1.182097951e-05,-6.984028642e-06,-2.125515593e-04,-9.004617517e-04,-2.137610069e-03,-2.777981238e-03,-1.864837319e-03,-5.130657542e-04,
1.587859633e-01
l,4.0,-2.0
1.211,2.051,2.951,
4.355209459e-06,6.792337834e+00
7.238442049e-05,-9.342330193e-05,1.681632292e-05,1.630970134e-03,7.576556224e-03,2.418783225e-02,4.233705840e-02,3.609235383e-02,1.186486212e-02,
1.041743448e-05,-2.622264842e-05,-1.718400047e-05,-5.226602220e-04,-2.362504403e-03,-5.988952254e-03,-8.313023596e-03,-5.961862960e-03,-1.739435445e-03,
1.586007516e-01
l,4.0,-1.0
1.251,2.091,2.971,
9.176527011e-06,6.333525836e+00
1.988345030e-04,-2.385226629e-04,-2.358015261e-04,1.730188153e-03,1.706095762e-03,2.556454705e-03,1.120093881e-02,1.512429221e-02,6.367976434e-03,
3.109101881e-05,-7.833675990e-05,-2.581590038e-05,-1.082826189e-03,-3.958893747e-03,-8.188792320e-03,-9.109425444e-03,-5.072078219e-03,-1.136859076e-03,
1.588170012e-01
l,4.0,0.0
1.271,2.151,3.051,
6.959044758e-06,1.083597659e+01
5.433359183e-04,-6.330698711e-04,-4.210222627e-04,-2.226794889e-04,-3.951985345e-02,-1.454465444e-01,-2.317309401e-01,-1.814744083e-01,-5.682677342e-02,
7.953071286e-05,-2.011094207e-04,-8.262721374e-05,-3.054064312e-03,-1.190760355e-02,-2.697447264e-02,-3.412344628e-02,-2.274368714e-02,-6.355635022e-03,
1.586007705e-01
l,4.0,1.0
1.351,2.171,3.031,
4.199224287e-05,7.095388568e+00
1.638939022e-03,-2.078076915e-03,-1.632749655e-03,2.579180279e-02,9.776905558e-02,2.914658187e-01,5.335742626e-01,4.815372692e-01,1.664036498e-01,
2.627026996e-04,-6.640145689e-04,-3.347394960e-04,-1.111505647e-02,-4.543382466e-02,-1.048569064e-01,-1.319990289e-01,-8.506050831e-02,-2.233932059e-02,
1.588480032e-01
l,4.0,2.0
1.371,2.191,3.091,
9.176346105e-05,8.179244999e+00
5.101712886e-03,-6.931954645e-03,4.398533878e-04,1.157420368e-01,5.349761092e-01,1.735114213e+00,3.096411017e+00,2.679650045e+00,8.904313629e-01,
7.067024116e-04,-1.792615771e-03,-1.046455371e-03,-3.451311468e-02,-1.539278228e-01,-3.868699200e-01,-5.319098301e-01,-3.782387320e-01,-1.096791359e-01,
1.585388284e-01
l,4.0,3.0
1.311,2.091,2.891,
2.900768107e-04,9.210012640e+00
2.057999000e-02,-2.075309812e-02,6.114055832e-02,9.577189319e-01,2.917354232e+00,5.279359360e+00,6.108439357e+00,3.867230019e+00,9.641561165e-01,
3.700217966e-03,-9.373012080e-03,-1.254580357e-02,-2.903622903e-01,-1.520105478e+00,-4.366231387e+00,-6.886722586e+00,-5.625638936e+00,-1.870484953e+00,
1.588962255e-01
l,4.0,4.0
1.291,2.111,2.951,
2.158640417e-03,7.433056459e+00
7.464841753e-02,-1.381880015e-01,-1.722834286e-01,-1.917702525e+00,-1.425946101e+01,-3.379781184e+01,-3.656881609e+01,-1.858510105e+01,-3.493312213e+00,
1.007686686e-02,-2.598509307e-02,-1.812264253e-02,-5.610084175e-01,-2.594678790e+00,-6.810982527e+00,-9.782369110e+00,-7.309229121e+00,-2.234805595e+00,
1.584150770e-01
l,5.0,-5.0
1.291,2.151,3.071,
5.898612852e-08,7.646350731e+00
1.864275987e-06,-2.705000165e-06,-4.930135117e-07,3.442695085e-05,1.727912885e-04,5.743678197e-04,9.909007719e-04,8.143320860e-04,2.560343553e-04,
2.498276692e-07,-6.321559311e-07,-3.006760812e-07,-1.067664641e-05,-4.425202375e-05,-1.038565576e-04,-1.329289759e-04,-8.779440210e-05,-2.367056148e-05,
1.585388111e-01
l,5.0,-4.0
1.371,2.231,3.111,
1.011841740e-07,6.563851242e+00
4.605684808e-06,-5.185710949e-06,-1.728125329e-06,7.316372948e-05,2.227548688e-04,5.763277108e-04,1.002897308e-03,8.723048355e-04,2.893639381e-04,
7.088359350e-07,-1.796585346e-06,-1.280116085e-06,-3.668901913e-05,-1.662675721e-04,-4.252863949e-04,-6.004992987e-04,-4.398506738e-04,-1.315351608e-04,
1.588169971e-01
l,5.0,-3.0
1.511,2.351,3.231,
9.207517748e-08,7.787515567e+00
1.078491005e-05,-1.376562417e-05,-1.804886561e-05,1.143043568e-04,4.182533844e-04,1.319676925e-03,2.543894024e-03,2.332750403e-03,8.020266735e-04,
1.636908344e-06,-4.168388293e-06,-1.363717604e-06,-5.777344829e-05,-2.071406609e-04,-4.186880671e-04,-4.482098610e-04,-2.329364323e-04,-4.619637098e-05,
1.587237739e-01
l,5.0,-2.0
1.591,2.431,3.311,
1.279961919e-07,8.085377830e+00
2.727797073e-05,-3.192291747e-05,-3.955964783e-05,4.517959252e-04,2.103788944e-03,6.425007003e-03,1.130198460e-02,9.833657883e-03,3.300521183e-03,
4.186950307e-06,-1.069343972e-05,-4.588656206e-06,-1.703708645e-04,-6.809024476e-04,-1.556239915e-03,-1.955146708e-03,-1.265135998e-03,-3.360752152e-04,
1.588480274e-01
l,5.0,-1.0
1.631,2.491,3.391,
3.172468844e-07,7.596731207e+00
7.183929119e-05,-7.844328623e-05,-1.217649973e-04,8.198509754e-04,2.304638703e-03,4.889764208e-03,8.379529107e-03,7.658546163e-03,2.671730457e-03,
1.068664111e-05,-2.737010979e-05,-1.252130200e-05,-4.388164986e-04,-1.699093690e-03,-3.698522127e-03,-4.352365706e-03,-2.594391715e-03,-6.278395072e-04,
1.587237444e-01
l,5.0,0.0
1.651,2.531,3.431,
2.445746521e-07,9.695502423e+00
1.997226063e-04,-1.734255567e-04,-1.674329232e-04,1.585888994e-03,-3.617786098e-03,-2.401927212e-02,-4.162938587e-02,-3.241777602e-02,-9.821109349e-03,
3.025018011e-05,-7.758238451e-05,-3.749316644e-05,-1.318312564e-03,-5.582489435e-03,-1.366057932e-02,-1.861918935e-02,-1.323294098e-02,-3.877346040e-03,
1.588170091e-01
l,5.0,1.0
1.731,2.591,3.491,
1.150739302e-06,8.333573530e+00
5.597791751e-04,-5.801186529e-04,-1.235434427e-04,1.043549185e-02,3.421421780e-02,8.419118785e-02,1.390287907e-01,1.190465568e-01,3.958688892e-02,
8.122190487e-05,-2.087371410e-04,-1.207904018e-04,-3.987897750e-03,-1.786052360e-02,-4.543170358e-02,-6.359085006e-02,-4.604732075e-02,-1.360574303e-02,
1.586927690e-01
l,5.0,2.0
1.751,2.591,3.471,
3.563606565e-06,8.219785756e+00
1.750063035e-03,-1.728528642e-03,-1.272374886e-04,3.508342356e-02,1.100586050e-01,2.513401398e-01,4.017140051e-01,3.439077048e-01,1.158601032e-01,
2.682928626e-04,-6.893199974e-04,-5.149413482e-04,-1.468774811e-02,-6.759097070e-02,-1.751508759e-01,-2.501157800e-01,-1.849399660e-01,-5.577808800e-02,
1.588170023e-01
l,5.0,3.0
1.731,2.591,3.491,
9.361007666e-06,8.686123181e+00
5.702536087e-03,-6.498215557e-03,-9.765509111e-04,1.016103658e-01,3.090145655e-01,7.847462454e-01,1.376030092e+00,1.223660119e+00,4.155556803e-01,
7.984673874e-04,-2.054984482e-03,-1.116622527e-03,-3.890566359e-02,-1.744435926e-01,-4.451204372e-01,-6.241879110e-01,-4.532410034e-01,-1.343996120e-01,
1.586007553e-01
l,5.0,4.0
1.691,2.511,3.351,
3.095565475e-05,9.167036692e+00
2.251892909e-02,-2.448534041e-02,-3.697249592e-02,7.955526197e-02,-9.612435425e-01,-3.926570393e+00,-5.787988421e+00,-3.954091323e+00,-1.063033828e+00,
3.609279365e-03,-9.300869487e-03,-5.316212778e-03,-1.835279526e-01,-8.602483373e-01,-2.309888805e+00,-3.431962942e+00,-2.646730920e+00,-8.352676328e-01,
1.589101241e-01
l,5.0,5.0
1.711,2.511,3.371,
1.329579414e-04,9.342064710e+00
8.526217937e-02,-1.480218101e-01,-1.294952196e-02,1.485287642e+00,5.696633368e+00,2.351617856e+01,5.147990720e+01,5.062547924e+01,1.835452803e+01,
1.086109281e-02,-2.842804843e-02,-9.765720251e-03,-4.664090001e-01,-1.957900785e+00,-4.895930268e+00,-6.805728499e+00,-4.995187669e+00,-1.524864334e+00,
1.584460194e-01
l,6.0,-6.0
1.531,2.431,3.331,
1.629094501e-09,8.113256177e+00
2.944393884e-07,-3.693981064e-07,3.931928227e-08,2.287297902e-06,-5.057667971e-06,-2.166441397e-05,-2.587711566e-05,-1.363622362e-05,-2.750471003e-06,
4.116034699e-08,-1.051969318e-07,-4.513586055e-08,-1.724827275e-06,-7.216271885e-06,-1.756350943e-05,-2.382629246e-05,-1.696245380e-05,-4.993500768e-06,
1.586007599e-01
l,6.0,-5.0
1.691,2.531,3.411,
1.339920115e-09,8.759362206e+00
6.910102002e-07,-8.283568877e-07,-1.292757887e-06,7.744909938e-06,2.895251701e-05,8.596315267e-05,1.616223711e-04,1.480430191e-04,5.121074478e-05,
1.052864013e-07,-2.698305919e-07,-9.222213408e-08,-3.864130476e-06,-1.423437875e-05,-2.975844661e-05,-3.342093121e-05,-1.867018180e-05,-4.145956080e-06,
1.588480221e-01
l,6.0,-4.0
1.771,2.651,3.531,
2.043088648e-10,1.258712701e+01
1.588836994e-06,-1.649749727e-06,-1.648236822e-06,6.571591714e-06,-7.068350311e-05,-3.178999829e-04,-5.335285267e-04,-4.229685528e-04,-1.320098900e-04,
2.423896475e-07,-6.236173358e-07,-2.592914571e-07,-1.012484182e-05,-4.169072360e-05,-9.871535228e-05,-1.294503007e-04,-8.843154619e-05,-2.507382013e-05,
1.587857660e-01
l,6.0,-3.0
1.851,2.731,3.611,
4.288969441e-10,1.177772147e+01
3.903775905e-06,-3.705712710e-06,-8.496959739e-06,1.313512696e-05,-1.057462228e-04,-5.299697898e-04,-8.985972369e-04,-7.038538253e-04,-2.158596787e-04,
6.184771244e-07,-1.595092586e-06,-6.229415030e-07,-2.357405561e-05,-8.760027892e-05,-1.845764269e-04,-2.104351947e-04,-1.202224126e-04,-2.774880572e-05,
1.588480133e-01
l,6.0,-2.0
1.971,2.831,3.731,
3.517320221e-09,9.166306961e+00
9.625616258e-06,-9.053173904e-06,-9.692254424e-06,1.792203498e-04,6.671107134e-04,1.571313229e-03,2.385849817e-03,1.925345979e-03,6.163963953e-04,
1.421732663e-06,-3.679409316e-06,-1.924604140e-06,-6.820651668e-05,-3.008615641e-04,-7.511031048e-04,-1.027643651e-03,-7.240945676e-04,-2.081343718e-04,
1.588480274e-01
l,6.0,-1.0
1.991,2.891,3.791,
1.274703706e-08,8.289439396e+00
2.526476965e-05,-2.295070823e-05,-4.600168093e-05,3.406485366e-04,1.115267105e-03,2.070901332e-03,2.718659326e-03,2.057981486e-03,6.368766613e-04,
3.814737055e-06,-9.888671116e-06,-5.270028128e-06,-1.767970020e-04,-7.397329460e-04,-1.743443240e-03,-2.242683455e-03,-1.476988304e-03,-3.967736873e-04,
1.588480383e-01
l,6.0,0.0
2.051,2.951,3.851,
3.767015342e-09,1.109919108e+01
6.800854317e-05,-6.357784813e-05,-1.467096165e-04,4.234243842e-04,-2.679006139e-04,-4.436501705e-03,-8.401680355e-03,-6.745561318e-03,-2.072429200e-03,
1.022905047e-05,-2.655838228e-05,-1.214205725e-05,-4.282729683e-04,-1.653283113e-03,-3.596060412e-03,-4.234547857e-03,-2.519441755e-03,-6.082843821e-04,
1.587859962e-01
l,6.0,1.0
2.111,2.991,3.891,
6.387420959e-08,8.405154152e+00
1.927522972e-04,-1.578617162e-04,-1.382215753e-04,2.848391726e-03,6.482197799e-03,8.319185692e-03,1.049469043e-02,9.544290569e-03,3.559892995e-03,
2.890871956e-05,-7.513733418e-05,-3.825132325e-05,-1.322719354e-03,-5.647175196e-03,-1.388892952e-02,-1.896331536e-02,-1.344831662e-02,-3.920452137e-03,
1.588480032e-01
l,6.0,2.0
2.111,3.011,3.931,
2.229483097e-08,1.119570640e+01
5.733394064e-04,-5.071032883e-04,-7.793178622e-04,4.422462697e-03,-6.559028743e-03,-5.857027244e-02,-1.072224371e-01,-8.524326707e-02,-2.590149754e-02,
8.160006553e-05,-2.123216271e-04,-9.493587561e-05,-3.519042103e-03,-1.405803810e-02,-3.184081304e-02,-3.941716916e-02,-2.511408982e-02,-6.599723688e-03,
1.587237455e-01
l,6.0,3.0
2.111,3.011,3.911,
5.340986388e-08,1.156089180e+01
1.819098019e-03,-1.696624088e-03,-3.196066664e-03,7.703748515e-03,-4.920013565e-02,-2.517604693e-01,-4.237719003e-01,-3.257834168e-01,-9.718088054e-02,
2.697059923e-04,-7.016520373e-04,-2.909765405e-04,-1.079655185e-02,-4.073659752e-02,-8.786804946e-02,-1.038160963e-01,-6.294469404e-02,-1.581801123e-02,
1.588480311e-01
l,6.0,4.0
2.111,2.991,3.911,
1.575593572e-06,8.739902220e+00
6.181444973e-03,-5.904369954e-03,-5.998459986e-03,7.087848445e-02,9.276912364e-02,1.005030844e-04,2.603703402e-02,1.233853829e-01,7.063385880e-02,
8.451290543e-04,-2.200879973e-03,-8.119153588e-04,-3.518622812e-02,-1.439380917e-01,-3.432217226e-01,-4.541790023e-01,-3.134045629e-01,-8.950022251e-02,
1.586626972e-01
l,6.0,5.0
2.111,2.911,3.771,
2.664439422e-06,9.985616817e+00
2.450560965e-02,-2.200746972e-02,-2.249876256e-02,5.101777163e-01,1.736864733e+00,3.912074378e+00,6.319412203e+00,5.652384570e+00,2.011149399e+00,
3.833960981e-03,-1.000314038e-02,-5.880805082e-03,-1.904310829e-01,-8.384885558e-01,-2.131199178e+00,-3.018320173e+00,-2.229906749e+00,-6.796156365e-01,
1.588790769e-01
l,6.0,6.0
2.071,2.891,3.771,
1.111119521e-05,1.025572339e+01
9.765999019e-02,-1.521539722e-01,-1.590153983e-01,1.025360569e+00,1.153930270e+00,3.182439767e+00,1.224421741e+01,1.582118672e+01,6.599753724e+00,
1.215223276e-02,-3.218988989e-02,-1.226287460e-02,-5.131287763e-01,-1.960126086e+00,-4.375993566e+00,-5.318088799e+00,-3.361553244e+00,-8.923542837e-01,
1.584768914e-01
l,7.0,-7.0
1.811,2.711,3.611,
4.681661370e-11,8.547797686e+00
4.563388956e-08,-5.816534271e-08,-6.039302485e-08,4.973964807e-07,1.283088910e-06,3.122990527e-06,5.721035160e-06,5.120205437e-06,1.700206181e-06,
6.401272793e-09,-1.650927788e-08,-7.589131875e-09,-2.744954182e-07,-1.097725178e-06,-2.485507562e-06,-3.061588254e-06,-1.935672011e-06,-5.013342878e-07,
1.586617971e-01
l,7.0,-6.0
1.951,2.831,3.711,
2.062304384e-12,1.349281143e+01
1.022749032e-07,-1.057677675e-07,-1.320513672e-07,4.164439499e-07,-4.165742340e-06,-1.903275403e-05,-3.185906717e-05,-2.508963742e-05,-7.775506658e-06,
1.551465192e-08,-4.012902339e-08,-1.490220664e-08,-6.267276661e-07,-2.520392223e-06,-5.840944103e-06,-7.481841713e-06,-4.980171443e-06,-1.378544331e-06,
1.588480357e-01
l,7.0,-5.0
2.091,2.951,3.831,
6.213280862e-11,8.818313412e+00
2.319212058e-07,-2.034721188e-07,-6.508680706e-08,4.241042439e-06,1.054148310e-05,1.607880110e-05,2.083463813e-05,1.739546982e-05,6.019950183e-06,
3.563353190e-08,-9.246776962e-08,-6.190486593e-08,-1.906599175e-06,-8.744859678e-06,-2.265198256e-05,-3.233403409e-05,-2.388057629e-05,-7.200956031e-06,
1.588480221e-01
l,7.0,-4.0
2.171,3.051,3.931,
3.273022574e-12,1.314492319e+01
5.459883141e-07,-4.840701535e-07,-1.257263648e-06,1.925169628e-06,-1.347871472e-05,-7.305882932e-05,-1.280478744e-04,-1.023094528e-04,-3.174614505e-05,
8.614645177e-08,-2.241190843e-07,-8.041805561e-08,-3.295371971e-06,-1.230540787e-05,-2.615844691e-05,-3.014676032e-05,-1.742681889e-05,-4.080807031e-06,
1.588790593e-01
l,7.0,-3.0
2.251,3.131,4.031,
6.108684126e-11,9.971561272e+00
1.337257004e-06,-1.010871895e-06,-3.139788303e-06,1.373586279e-05,3.723960556e-05,3.558423493e-05,1.889847206e-05,9.070596230e-06,3.174153483e-06,
2.080486192e-07,-5.425735011e-07,-2.721190596e-07,-9.118724943e-06,-3.595141965e-05,-7.966457542e-05,-9.574250613e-05,-5.808296229e-05,-1.426138409e-05,
1.588480133e-01
l,7.0,-2.0
2.371,3.231,4.131,
8.591091606e-11,1.021974448e+01
3.307307907e-06,-2.386005783e-06,-3.307550253e-06,6.184897506e-05,2.174829549e-04,4.447269593e-04,6.098381680e-04,4.721878833e-04,1.498001915e-04,
5.024350098e-07,-1.313326615e-06,-6.761825168e-07,-2.397522788e-05,-1.049711014e-04,-2.623396586e-04,-3.613417597e-04,-2.566128547e-04,-7.445414190e-05,
1.589101016e-01
l,7.0,-1.0
2.431,3.311,4.211,
3.853534530e-10,9.301269762e+00
8.500133845e-06,-6.358809135e-06,-8.636826657e-06,1.248149662e-04,3.163169202e-04,4.210995201e-04,4.775130924e-04,3.924567859e-04,1.398809872e-04,
1.276880806e-06,-3.343544933e-06,-1.319315377e-06,-5.528911828e-05,-2.336117514e-04,-5.716069172e-04,-7.758363146e-04,-5.457080013e-04,-1.579162677e-04,
1.588480383e-01
l,7.0,0.0
2.451,3.351,4.271,
2.551605166e-10,1.065420158e+01
2.316485916e-05,-1.715055636e-05,-5.268685631e-05,2.514848263e-04,7.802742274e-04,1.003544270e-03,7.866620027e-04,3.847567370e-04,8.736027607e-05,
3.420560514e-06,-8.968266733e-06,-3.603772009e-06,-1.443785649e-04,-5.754825075e-04,-1.300937267e-03,-1.596971361e-03,-9.932315844e-04,-2.509134493e-04,
1.588790713e-01
l,7.0,1.0
2.491,3.411,4.331,
1.592288578e-09,9.598003590e+00
6.380432751e-05,-5.224671188e-05,-1.132073051e-04,6.819053708e-04,1.373283981e-03,2.966965533e-04,-1.215556066e-03,-1.121541349e-03,-2.957130460e-04,
9.157795524e-06,-2.404047494e-05,-9.185341831e-06,-3.852561260e-04,-1.525571494e-03,-3.417025850e-03,-4.147678711e-03,-2.556671207e-03,-6.432832059e-04,
1.588480032e-01
l,7.0,2.0
2.511,3.431,4.351,
7.281469916e-09,9.020091215e+00
1.875380985e-04,-1.479890310e-04,-3.855161559e-04,2.190564865e-03,7.379189309e-03,1.261138598e-02,1.480180953e-02,1.038646827e-02,3.082996582e-03,
2.723537181e-05,-7.152753889e-05,-2.950938390e-05,-1.163098170e-03,-4.695017193e-03,-1.085352129e-02,-1.373855241e-02,-8.894497863e-03,-2.352641360e-03,
1.588480395e-01
l,7.0,3.0
2.511,3.431,4.371,
1.698714014e-08,9.283317189e+00
5.783826928e-04,-4.382775107e-04,-1.372225245e-03,5.589233574e-03,1.885365702e-02,3.027716399e-02,3.424302294e-02,2.403863551e-02,7.237771427e-03,
8.096891439e-05,-2.127495387e-04,-7.807936839e-05,-3.259639465e-03,-1.251510779e-02,-2.758576722e-02,-3.318580754e-02,-2.032583235e-02,-5.088995160e-03,
1.587857628e-01
l,7.0,4.0
2.511,3.431,4.351,
6.663598066e-08,9.113433714e+00
1.865608036e-03,-1.550734573e-03,-3.733705934e-03,2.181395969e-02,7.059753717e-02,1.186000060e-01,1.408708745e-01,1.009722222e-01,3.049087275e-02,
2.675920564e-04,-7.030357960e-04,-2.993917831e-04,-1.154131323e-02,-4.661826865e-02,-1.078066176e-01,-1.364700559e-01,-8.844990047e-02,-2.344219977e-02,
1.588170127e-01
l,7.0,5.0
2.491,3.411,4.331,
1.377239859e-07,9.778383627e+00
6.424782798e-03,-6.078609772e-03,-1.003669131e-02,6.966441556e-02,1.056815999e-01,-5.778965712e-02,-2.146421505e-01,-1.557293128e-01,-3.655685176e-02,
8.840286566e-04,-2.323910875e-03,-9.300038515e-04,-3.789347018e-02,-1.502103596e-01,-3.375558754e-01,-4.113295364e-01,-2.559596425e-01,-6.538919611e-02,
1.586928177e-01
l,7.0,6.0
2.451,3.331,4.211,
2.867396189e-09,1.575990108e+01
2.559247985e-02,-2.305563570e-02,-5.431655969e-02,1.109311135e-01,-8.446393729e-01,-4.556107418e+00,-8.102140625e+00,-6.546496011e+00,-2.043472461e+00,
3.815731944e-03,-1.005373553e-02,-3.023777737e-03,-1.495063810e-01,-5.755506151e-01,-1.282280364e+00,-1.563948526e+00,-9.781576418e-01,-2.547131617e-01,
1.588480317e-01
l,7.0,7.0
2.431,3.311,4.211,
2.220100443e-06,1.018551834e+01
1.028271988e-01,-1.435981970e-01,-6.596075510e-02,7.734001554e-01,-3.474784409e+00,-1.492828717e+01,-2.025960682e+01,-1.216914289e+01,-2.755856632e+00,
1.208337601e-02,-3.226517802e-02,-1.153355653e-02,-5.558895448e-01,-2.378153008e+00,-5.990279632e+00,-8.323134750e+00,-6.061949672e+00,-1.828819499e+00,
1.585387858e-01
l,8.0,-8.0
2.111,2.991,3.891,
5.978409261e-13,1.013487026e+01
6.940549913e-09,-6.978579620e-09,-4.123305162e-09,7.627344900e-08,1.646907215e-08,-3.157915264e-07,-5.157031941e-07,-3.285420921e-07,-7.799719040e-08,
9.895482297e-10,-2.571825941e-09,-1.290150846e-09,-4.608388927e-08,-2.000206273e-07,-4.996580246e-07,-6.908877759e-07,-4.966711037e-07,-1.466162022e-07,
1.587237388e-01
l,8.0,-7.0
2.251,3.131,4.011,
1.791758078e-12,8.928233064e+00
1.498782964e-08,-1.346429946e-08,-5.226808802e-09,2.512176308e-07,5.184325808e-07,5.282372060e-07,5.281074133e-07,4.687368441e-07,1.809874691e-07,
2.271244963e-09,-5.920406450e-09,-3.603548590e-09,-1.183715149e-07,-5.401528899e-07,-1.396624219e-06,-1.990272631e-06,-1.468118523e-06,-4.426135756e-07,
1.588480198e-01
l,8.0,-6.0
2.411,3.251,4.131,
4.746814470e-13,1.077075816e+01
3.344781874e-08,-2.997143663e-08,-6.246872034e-08,5.323222512e-07,2.179650122e-06,5.300383740e-06,8.293893335e-06,6.936132416e-06,2.306910173e-06,
5.205318391e-09,-1.360629214e-08,-6.901173965e-09,-2.364558038e-07,-9.752453827e-07,-2.295757458e-06,-2.975727211e-06,-1.983902962e-06,-5.423616703e-07,
1.588790607e-01
l,8.0,-5.0
2.471,3.351,4.251,
1.292795418e-13,1.260245460e+01
7.731775753e-08,-4.890313982e-08,-1.169477397e-07,7.736650358e-07,4.617162237e-07,-4.698979418e-06,-1.062289841e-05,-9.111638209e-06,-2.886490026e-06,
1.191966281e-08,-3.123851114e-08,-1.279713566e-08,-5.079462114e-07,-2.084616375e-06,-4.957742700e-06,-6.555615983e-06,-4.493695401e-06,-1.272621476e-06,
1.589100964e-01
l,8.0,-4.0
2.591,3.471,4.371,
2.034318582e-12,1.004612864e+01
1.801378033e-07,-1.307902400e-07,-2.733089955e-07,3.212263195e-06,1.230150631e-05,2.562210832e-05,3.419895011e-05,2.546967492e-05,7.801307915e-06,
2.726777137e-08,-7.163823863e-08,-3.392576807e-08,-1.288031089e-06,-5.593514079e-06,-1.379599395e-05,-1.864739695e-05,-1.292993098e-05,-3.656365974e-06,
1.589101085e-01
l,8.0,-3.0
2.711,3.551,4.451,
1.351291871e-12,1.100508844e+01
4.420450921e-07,-2.484186000e-07,-5.405383058e-07,8.621253379e-06,3.353319247e-05,7.034455581e-05,9.430555278e-05,7.130457094e-05,2.241099700e-05,
6.925997135e-08,-1.822454940e-07,-1.049044347e-07,-3.421173556e-06,-1.489111084e-05,-3.690382332e-05,-5.041901333e-05,-3.542965069e-05,-1.015812754e-05,
1.589272422e-01
l,8.0,-2.0
2.751,3.651,4.551,
2.408658168e-13,1.333694030e+01
1.092976959e-06,-7.710073174e-07,-2.377507736e-06,6.262906572e-06,-9.079083429e-06,-9.809514759e-05,-1.883739140e-04,-1.530851321e-04,-4.692181768e-05,
1.667967235e-07,-4.397198738e-07,-1.450352379e-07,-6.541789375e-06,-2.474650185e-05,-5.362738924e-05,-6.349261583e-05,-3.812676726e-05,-9.395944898e-06,
1.589101016e-01
l,8.0,-1.0
2.811,3.711,4.631,
6.491352350e-12,1.077397377e+01
2.852787020e-06,-1.626914460e-06,-4.320268437e-06,3.336927859e-05,6.856026400e-05,2.355135350e-06,-1.026946701e-04,-1.004509858e-04,-3.044910423e-05,
4.233165154e-07,-1.117580527e-06,-4.429530351e-07,-1.822023624e-05,-7.362835918e-05,-1.707284395e-04,-2.181520841e-04,-1.434490496e-04,-3.884063491e-05,
1.589101126e-01
l,8.0,0.0
2.851,3.771,4.691,
7.158661819e-12,1.143201503e+01
7.629707397e-06,-4.413500086e-06,-1.244567230e-05,9.413765158e-05,2.626451419e-04,2.892084641e-04,1.690214902e-04,5.771282612e-05,1.061738010e-05,
1.132107909e-06,-2.991961382e-06,-1.192945694e-06,-4.876961438e-05,-1.988594968e-04,-4.687028688e-04,-6.111341129e-04,-4.106204968e-04,-1.133483052e-04,
1.588790713e-01
l,8.0,1.0
2.891,3.811,4.751,
4.325965565e-11,1.055056123e+01
2.118865996e-05,-1.351601911e-05,-5.639418886e-05,1.718825887e-04,5.518901923e-04,5.906635267e-04,3.070508666e-04,9.134313127e-05,1.912543666e-05,
3.028374945e-06,-8.011634874e-06,-1.970754199e-06,-1.113134131e-04,-4.066675608e-04,-8.491995447e-04,-9.515328639e-04,-5.261999982e-04,-1.158281750e-04,
1.589100774e-01
l,8.0,2.0
2.931,3.851,4.791,
3.238735454e-11,1.171615479e+01
6.055293852e-05,-3.477034474e-05,-7.441455942e-05,8.107803523e-04,1.990726851e-03,1.578033353e-03,8.074264360e-06,-6.168686266e-04,-2.410708939e-04,
8.535079043e-06,-2.259492034e-05,-9.442117008e-06,-3.835836129e-04,-1.588300544e-03,-3.746991697e-03,-4.839646445e-03,-3.207144605e-03,-8.700912184e-04,
1.588480395e-01
l,8.0,3.0
2.931,3.871,4.811,
2.692883011e-11,1.286250447e+01
1.807454973e-04,-1.217955439e-04,-3.615934607e-04,1.631584966e-03,3.102406946e-03,-1.613794997e-03,-8.288158002e-03,-7.665471300e-03,-2.383492970e-03,
2.537209294e-05,-6.719116662e-05,-1.932578646e-05,-9.819077774e-04,-3.703160835e-03,-7.980409542e-03,-9.303939559e-03,-5.462733774e-03,-1.305572257e-03,
1.588480311e-01
l,8.0,4.0
2.931,3.871,4.811,
8.611322297e-11,1.285019579e+01
5.667443038e-04,-3.865430688e-04,-1.093824817e-03,5.284886398e-03,1.012131324e-02,-4.220319310e-03,-2.476930937e-02,-2.311654765e-02,-7.202086099e-03,
7.949765087e-05,-2.105442443e-04,-7.195025855e-05,-3.186016220e-03,-1.209598923e-02,-2.618253716e-02,-3.070690699e-02,-1.819071986e-02,-4.392266272e-03,
1.587859998e-01
l,8.0,5.0
2.911,3.851,4.791,
2.005788873e-10,1.325082374e+01
1.885527046e-03,-1.170320401e-03,-2.178327171e-03,2.382055633e-02,4.673277245e-02,-3.309107684e-04,-7.805110508e-02,-8.045671398e-02,-2.633327679e-02,
2.628834644e-04,-6.961824908e-04,-3.642260408e-04,-1.253678612e-02,-5.214604104e-02,-1.231584056e-01,-1.593775051e-01,-1.060311929e-01,-2.888172405e-02,
1.588480519e-01
l,8.0,6.0
2.891,3.811,4.751,
1.201992424e-08,1.071384529e+01
6.709822919e-03,-5.251242968e-03,-1.605829486e-02,5.963101013e-02,1.545547669e-01,1.168063560e-01,1.580631313e-02,-1.264774952e-02,-1.648667829e-03,
9.162092543e-04,-2.427020541e-03,-7.493275141e-04,-3.534698806e-02,-1.301079383e-01,-2.738455994e-01,-3.100151067e-01,-1.754260726e-01,-4.014130853e-02,
1.587547385e-01
l,8.0,7.0
2.851,3.751,4.651,
9.292305871e-08,1.021503148e+01
2.645874955e-02,-2.284804188e-02,-4.830654080e-02,4.108570977e-01,1.366836535e+00,2.380059741e+00,2.859994060e+00,2.064972926e+00,6.321574573e-01,
3.757143149e-03,-9.977130518e-03,-4.195517069e-03,-1.742929199e-01,-7.370801436e-01,-1.778541768e+00,-2.341818094e+00,-1.580863724e+00,-4.370504752e-01,
1.588479968e-01
l,8.0,8.0
2.811,3.711,4.611,
1.092310022e-07,1.166464772e+01
1.097737029e-01,-1.382302553e-01,-1.102384479e-01,9.133875732e-01,-2.906069740e+00,-1.548466931e+01,-2.356712384e+01,-1.585157263e+01,-4.075387818e+00,
1.323116798e-02,-3.560259586e-02,-1.356745617e-02,-5.923412867e-01,-2.385570360e+00,-5.686517615e+00,-7.509373563e+00,-5.225339856e+00,-1.527319364e+00,
1.585388309e-01
l,9.0,-9.0
2.451,3.291,4.191,
7.386994979e-15,1.138850120e+01
1.017284035e-09,-1.051178861e-09,-1.105226456e-09,1.942939134e-08,7.670448246e-08,1.980522995e-07,3.231605114e-07,2.744775580e-07,9.159837802e-08,
1.444187762e-10,-3.779997960e-10,-1.980611661e-10,-6.975909093e-09,-3.007734137e-08,-7.353113564e-08,-9.840214355e-08,-6.786054983e-08,-1.914328504e-08,
1.587857752e-01
l,9.0,-8.0
2.591,3.431,4.311,
7.461957247e-15,1.148299896e+01
2.170267965e-09,-2.038268319e-09,-3.688263408e-09,3.527262697e-08,1.400534067e-07,3.418148310e-07,5.415583661e-07,4.570282433e-07,1.528284651e-07,
3.306360464e-10,-8.675984334e-10,-3.940524004e-10,-1.484815885e-08,-6.179454223e-08,-1.473195462e-07,-1.934801123e-07,-1.309564619e-07,-3.639913700e-08,
1.588480328e-01
l,9.0,-7.0
2.671,3.551,4.431,
3.166507421e-16,1.493583766e+01
4.772271911e-09,-3.762230914e-09,-1.210358711e-08,2.170042800e-08,-6.183729914e-08,-4.839346816e-07,-9.085050882e-07,-7.450291337e-07,-2.336838552e-07,
7.562303300e-10,-1.989120688e-09,-7.416430815e-10,-2.986580956e-08,-1.119940391e-07,-2.390870862e-07,-2.766583427e-07,-1.598751663e-07,-3.720489368e-08,
1.588790448e-01
l,9.0,-6.0
2.791,3.671,4.571,
2.765484572e-15,1.296867631e+01
1.071478017e-08,-6.583167880e-09,-1.706860710e-08,1.140746176e-07,1.442120047e-07,-3.929417406e-07,-1.072338029e-06,-9.540014335e-07,-3.047861065e-07,
1.639775752e-09,-4.324454038e-09,-1.563526460e-09,-6.887992989e-08,-2.820774594e-07,-6.707902167e-07,-8.856340405e-07,-6.048258391e-07,-1.705402718e-07,
1.589272645e-01
l,9.0,-5.0
2.911,3.791,4.691,
3.060270981e-14,1.101929769e+01
2.458233972e-08,-1.625116559e-08,-4.134351465e-08,4.253642962e-07,1.662846012e-06,3.374043587e-06,4.324301861e-06,3.116782110e-06,9.340016648e-07,
3.743989018e-09,-9.894685956e-09,-4.477143824e-09,-1.756575541e-07,-7.575067972e-07,-1.857629440e-06,-2.495621783e-06,-1.716609128e-06,-4.812892158e-07,
1.589272510e-01
l,9.0,-4.0
2.991,3.891,4.791,
1.305715683e-14,1.225804345e+01
5.835874006e-08,-3.422001350e-08,-1.077386124e-07,5.608208032e-07,8.399051634e-07,-1.507841431e-06,-4.447543283e-06,-3.849101321e-06,-1.168505421e-06,
9.007371845e-09,-2.384493318e-08,-7.748869331e-09,-3.619904746e-07,-1.421371696e-06,-3.236536598e-06,-4.080289547e-06,-2.646224319e-06,-7.098143346e-07,
1.589272631e-01
l,9.0,-3.0
3.071,3.971,4.891,
3.092666105e-15,1.402896335e+01
1.435131054e-07,-7.207909325e-08,-2.893980548e-07,1.361526763e-06,2.319232893e-06,-3.900758359e-06,-1.300972122e-05,-1.224122855e-05,-4.010218147e-06,
2.166068993e-08,-5.743410403e-08,-2.169257840e-08,-9.243540953e-07,-3.675202381e-06,-8.296789798e-06,-1.020749444e-05,-6.373404538e-06,-1.624644647e-06,
1.589272422e-01
l,9.0,-2.0
3.151,4.051,4.971,
2.803165089e-15,1.462163972e+01
3.610358021e-07,-1.842171274e-07,-8.487431908e-07,3.151742610e-06,6.849680671e-06,-5.071317017e-06,-2.559495206e-05,-2.607425265e-05,-8.932087326e-06,
5.490696841e-08,-1.457684891e-07,-5.846470494e-08,-2.365756085e-06,-9.355356292e-06,-2.089297170e-05,-2.527737669e-05,-1.537848861e-05,-3.781064353e-06,
1.589272562e-01
l,9.0,-1.0
3.211,4.131,5.051,
2.704433691e-13,1.127011400e+01
9.298188957e-07,-5.419516334e-07,-2.248796706e-06,9.807129043e-06,3.411978171e-05,4.673657057e-05,3.704363973e-05,1.802309018e-05,4.292299392e-06,
1.391459975e-07,-3.698519014e-07,-1.298976284e-07,-5.822141994e-06,-2.297351836e-05,-5.146923914e-05,-6.244846522e-05,-3.806301644e-05,-9.362517147e-06,
1.589272672e-01
l,9.0,0.0
3.271,4.191,5.111,
1.857856341e-13,1.226121752e+01
2.477168891e-06,-1.359720695e-06,-5.044295375e-06,2.641929279e-05,7.191957897e-05,5.111198894e-05,-2.048648568e-05,-4.314469715e-05,-1.556475769e-05,
3.718054656e-07,-9.891282845e-07,-4.242506307e-07,-1.638510380e-05,-6.507561051e-05,-1.461072137e-04,-1.781993537e-04,-1.098426567e-04,-2.748256642e-05,
1.589272751e-01
l,9.0,1.0
3.311,4.231,5.171,
6.936573936e-13,1.187991651e+01
6.850988939e-06,-3.106240456e-06,-1.175696833e-05,9.336270531e-05,3.331563819e-04,5.410455343e-04,5.337335686e-04,3.083044384e-04,7.845077085e-05,
9.932398788e-07,-2.644611011e-06,-1.172121336e-06,-4.546238368e-05,-1.877128318e-04,-4.417800693e-04,-5.693448871e-04,-3.748080239e-04,-1.005647898e-04,
1.589100774e-01
l,9.0,2.0
3.331,4.271,5.211,
1.317048163e-12,1.212493968e+01
1.939377034e-05,-1.092120726e-05,-4.966728061e-05,1.625249189e-04,5.487726657e-04,6.431273490e-04,3.816177497e-04,1.241167276e-04,2.105343025e-05,
2.798497608e-06,-7.455480909e-06,-2.154638554e-06,-1.074392794e-04,-3.960284393e-04,-8.324952744e-04,-9.408627612e-04,-5.253864198e-04,-1.167181531e-04,
1.589101137e-01
l,9.0,3.0
3.371,4.291,5.231,
1.057171091e-11,1.124036515e+01
5.720337140e-05,-2.974811134e-05,-1.273350087e-04,6.778537059e-04,2.846448570e-03,5.551871519e-03,6.656450587e-03,4.508247427e-03,1.283630865e-03,
8.312885468e-06,-2.215262488e-05,-1.007117067e-05,-3.689634983e-04,-1.464531127e-03,-3.319752405e-03,-4.117184377e-03,-2.596453065e-03,-6.658120040e-04,
1.588480311e-01
l,9.0,4.0
3.351,4.311,5.271,
2.720278518e-11,1.137598395e+01
1.737738057e-04,-9.374358059e-05,-2.614960688e-04,2.107886842e-03,5.953676081e-03,6.735818413e-03,4.090051207e-03,1.482741519e-03,2.993469412e-04,
2.342480459e-05,-6.245886554e-05,-1.879450834e-05,-9.709674057e-04,-3.893368659e-03,-8.989538776e-03,-1.134230550e-02,-7.314032343e-03,-1.929856953e-03,
1.588790748e-01
l,9.0,5.0
3.371,4.291,5.251,
1.114388004e-10,1.119541383e+01
5.605994957e-04,-2.964297452e-04,-1.143112943e-03,7.267160000e-03,3.019637683e-02,5.989216944e-02,7.270307428e-02,4.942690249e-02,1.405528480e-02,
7.741536175e-05,-2.063753054e-04,-9.914361876e-05,-3.564869992e-03,-1.435252095e-02,-3.269373658e-02,-4.045815704e-02,-2.541578885e-02,-6.479914766e-03,
1.588170147e-01
l,9.0,6.0
3.331,4.271,5.231,
1.306734189e-10,1.214474718e+01
1.888139988e-03,-1.169867195e-03,-4.541537147e-03,1.624875836e-02,5.058359565e-02,5.500577415e-02,2.973496600e-02,8.976793510e-03,1.632510458e-03,
2.560305668e-04,-6.825020342e-04,-2.126956629e-04,-9.964690362e-03,-3.624675793e-02,-7.493042232e-02,-8.296676627e-02,-4.549120194e-02,-9.973418751e-03,
1.588480317e-01
l,9.0,7.0
3.291,4.231,5.191,
1.672664375e-09,1.119861001e+01
6.814127788e-03,-4.271526491e-03,-1.094636193e-02,8.875666488e-02,2.731041476e-01,3.861701808e-01,3.516308112e-01,2.038224872e-01,5.476488686e-02,
8.930478753e-04,-2.381264436e-03,-9.294685181e-04,-3.994386890e-02,-1.636430528e-01,-3.828387638e-01,-4.877335274e-01,-3.177212518e-01,-8.454286511e-02,
1.587857286e-01
l,9.0,8.0
3.271,4.151,5.071,
3.043193901e-09,1.199569778e+01
2.746333927e-02,-1.847925715e-02,-5.723413664e-02,3.951691794e-01,1.507281413e+00,2.874416558e+00,3.576831516e+00,2.586867063e+00,7.884173006e-01,
3.867903263e-03,-1.033699988e-02,-3.731312326e-03,-1.661420058e-01,-6.679316369e-01,-1.556567702e+00,-1.990798584e+00,-1.304713226e+00,-3.511793294e-01,
1.588480420e-01
l,9.0,9.0
3.191,4.111,5.051,
1.301871234e-09,1.418576292e+01
1.155174971e-01,-1.291466290e-01,-1.443284848e-01,1.269011407e+00,-6.551305861e-01,-1.091661398e+01,-1.936885360e+01,-1.419897097e+01,-3.912040921e+00,
1.290635741e-02,-3.489923535e-02,-1.008857461e-02,-5.570178638e-01,-2.199443568e+00,-5.063487572e+00,-6.340615015e+00,-4.131211321e+00,-1.128059309e+00,
1.585697807e-01
