l,0.0,-0.0
0.091,0.851,1.631,
1.354009810e+00,2.384176298e+00
1.403084956e-02,-2.035951458e-02,2.747876695e-02,1.370147877e-01,4.673840197e-01,1.053505626e+00,7.041315372e-01,-1.080639540e-01,-1.894606752e-01,
3.273391207e-03,-6.901796899e-03,-1.185422318e-02,-2.307620236e-01,-1.264529530e+00,-3.740031555e+00,-6.063881717e+00,-5.079374072e+00,-1.717415993e+00,
1.587859610e-01
l,1.0,-1.0
0.311,1.191,2.131,
1.972039525e-02,3.005915778e+00
1.899261028e-03,-2.543282134e-03,4.337165279e-03,1.583573886e-02,1.974783128e-03,-3.056400735e-02,-6.316631315e-02,-4.456394861e-02,-6.414019253e-03,
3.087147864e-04,-6.855934422e-04,-6.470232013e-04,-1.389377288e-02,-6.128898641e-02,-1.501263855e-01,-2.032903323e-01,-1.432754179e-01,-4.103922123e-02,
1.584769376e-01
l,1.0,0.0
0.351,1.051,1.791,
6.734832597e-02,3.251380033e+00
9.081669152e-03,-1.039639145e-02,6.086416592e-02,8.109347736e-01,4.336713332e+00,1.342355541e+01,2.262341555e+01,1.941967801e+01,6.708477063e+00,
2.330918302e-03,-5.014407375e-03,-9.802866982e-03,-1.842275075e-01,-1.013033830e+00,-3.003998669e+00,-4.914782123e+00,-4.186277454e+00,-1.453607117e+00,
1.589892723e-01
l,1.0,1.0
0.351,1.171,2.011,
2.247930787e+00,5.563794119e+00
2.893448994e-02,-4.659987074e-02,1.421201671e-01,1.337691345e+00,6.111154666e+00,1.451216627e+01,1.423926767e+01,3.265572810e+00,-1.546034107e+00,
5.194326767e-03,-1.160469907e-02,-1.121380599e-02,-2.680423563e-01,-1.346680599e+00,-3.778362865e+00,-5.847382701e+00,-4.694972849e+00,-1.524613778e+00,
1.586006746e-01
l,2.0,-2.0
0.551,1.511,2.471,
2.527648139e-03,6.334684939e+00
2.699278994e-04,-3.577062431e-04,4.791015472e-04,1.050060007e-03,-1.121736522e-02,-4.609267442e-02,-8.257225307e-02,-7.075073177e-02,-2.308677699e-02,
4.021731264e-05,-9.182364300e-05,-7.729875780e-05,-1.792546618e-03,-7.797471697e-03,-1.880867152e-02,-2.491225828e-02,-1.711141619e-02,-4.774840059e-03,
1.584150481e-01
l,2.0,-1.0
0.611,1.491,2.391,
1.368497716e-03,4.190090900e+00
9.810029296e-04,-1.119535848e-03,1.048265562e-03,1.337669226e-02,3.289401840e-02,8.698422255e-02,1.401973706e-01,1.052357739e-01,2.944257388e-02,
1.725419035e-04,-3.917721254e-04,-3.664141584e-04,-8.387496420e-03,-3.916366385e-02,-1.013914200e-01,-1.446118769e-01,-1.067849527e-01,-3.196386180e-02,
1.588480234e-01
l,2.0,0.0
0.671,1.571,2.491,
2.921557508e-03,3.919663320e+00
3.052284010e-03,-3.949522360e-03,2.887902225e-03,2.222292913e-02,1.052007217e-03,3.613399361e-02,1.531103501e-01,1.582998184e-01,5.309982944e-02,
4.893351504e-04,-1.120327715e-03,-6.833630996e-04,-1.854505411e-02,-7.816063974e-02,-1.889287186e-01,-2.557709218e-01,-1.819748618e-01,-5.315849149e-02,
1.585697646e-01
l,2.0,1.0
0.751,1.511,2.331,
1.255318292e-02,5.241569887e+00
1.247182023e-02,-1.417636875e-02,5.935134563e-02,9.483520345e-01,4.979098650e+00,1.522052222e+01,2.560595824e+01,2.183378255e+01,7.393973666e+00,
2.529203352e-03,-5.758878939e-03,-8.840085843e-03,-1.759503284e-01,-8.831327809e-01,-2.387456255e+00,-3.531035078e+00,-2.704261232e+00,-8.432168188e-01,
1.589272336e-01
l,2.0,2.0
0.771,1.591,2.471,
4.299112060e-02,5.185981521e+00
4.296803847e-02,-7.343324892e-02,6.919168201e-02,9.545194093e-01,4.499519927e+00,1.619287671e+01,2.911222227e+01,2.442991606e+01,7.809981383e+00,
6.612768757e-03,-1.539624592e-02,-6.850888138e-03,-2.241576771e-01,-8.546374342e-01,-1.850650461e+00,-2.181265945e+00,-1.334922375e+00,-3.373754769e-01,
1.586007445e-01
l,3.0,-3.0
0.851,1.831,2.811,
1.596946885e-05,5.128088832e+00
3.719024971e-05,-5.092065053e-05,1.485612867e-05,3.601402623e-04,1.066052355e-03,3.216729750e-03,5.124721390e-03,3.720786770e-03,1.010120677e-03,
5.148773247e-06,-1.200637830e-05,-3.618517298e-06,-1.509504406e-04,-5.609833783e-04,-1.213283152e-03,-1.457532389e-03,-9.174197244e-04,-2.384836818e-04,
1.585078331e-01
l,3.0,-2.0
0.951,1.871,2.811,
2.880347342e-05,5.288963878e+00
1.175935977e-04,-1.435013923e-04,-9.171577005e-05,1.098065627e-03,4.470989881e-03,1.470680709e-02,2.519894775e-02,1.994497656e-02,5.927051354e-03,
1.838811614e-05,-4.288054850e-05,-2.661121698e-05,-7.040588163e-04,-2.839802167e-03,-6.481108922e-03,-8.182100257e-03,-5.369657526e-03,-1.442374608e-03,
1.587857526e-01
l,3.0,-1.0
1.011,1.951,2.891,
5.857193957e-05,5.458382863e+00
3.507611109e-04,-4.002490663e-04,-5.243619491e-05,2.909404163e-03,4.259331295e-03,1.052282745e-02,2.183953755e-02,1.932644365e-02,6.006906471e-03,
5.433776691e-05,-1.272602775e-04,-9.773221332e-05,-2.387932698e-03,-1.017576270e-02,-2.436472312e-02,-3.224254910e-02,-2.217517417e-02,-6.223774010e-03,
1.586618006e-01
l,3.0,0.0
1.091,1.991,2.911,
1.388280850e-04,5.291862962e+00
1.134700025e-03,-1.333700087e-03,-5.433261863e-04,1.546566615e-02,4.844869730e-02,1.197137088e-01,1.892105746e-01,1.503945840e-01,4.618518847e-02,
1.850795323e-04,-4.340404954e-04,-3.005723169e-04,-7.672369951e-03,-3.139514309e-02,-7.085762039e-02,-8.695583563e-02,-5.475279127e-02,-1.402309359e-02,
1.588169739e-01
l,3.0,1.0
1.111,2.031,2.951,
3.689308552e-04,5.745885705e+00
3.781985957e-03,-4.201401057e-03,6.451498918e-04,3.444114799e-02,1.371741689e-02,-6.246918375e-03,8.821897865e-02,1.371718360e-01,5.530894241e-02,
6.008758309e-04,-1.413371037e-03,-9.094961289e-04,-2.441420010e-02,-1.023767764e-01,-2.452265024e-01,-3.279394650e-01,-2.298763618e-01,-6.630836795e-02,
1.587237653e-01
l,3.0,2.0
1.171,1.991,2.871,
1.058672150e-03,6.314292839e+00
1.483878959e-02,-1.734214230e-02,-2.693772432e-02,1.487526298e-01,5.302248408e-01,1.721165153e+00,3.523814498e+00,3.413660337e+00,1.232941477e+00,
2.598391588e-03,-6.118176533e-03,-3.067944762e-03,-8.810295061e-02,-3.186352359e-01,-6.363905206e-01,-6.718852219e-01,-3.422973380e-01,-6.514757573e-02,
1.589100945e-01
l,3.0,3.0
1.151,2.051,2.951,
3.254460035e-03,7.917751524e+00
5.364279076e-02,-8.311080954e-02,-2.153837322e-02,1.077113162e-02,-2.895391547e+00,-8.367375439e+00,-1.047527020e+01,-6.778034746e+00,-1.880154102e+00,
7.748639430e-03,-1.854422947e-02,-8.913992686e-03,-2.753162902e-01,-1.007531989e+00,-2.095352739e+00,-2.367761621e+00,-1.388850125e+00,-3.402839702e-01,
1.586317079e-01
l,4.0,-4.0
1.191,2.151,3.131,
2.160748207e-07,8.399759355e+00
4.931480817e-06,-6.115261193e-06,-3.408511491e-06,-1.151995123e-05,-2.586853090e-04,-7.671318543e-04,-1.051835115e-03,-7.322134229e-04,-2.073603079e-04,
6.809633414e-07,-1.612672495e-06,-4.740447468e-07,-2.041529575e-05,-7.554298835e-05,-1.630334688e-04,-1.953394694e-04,-1.224385602e-04,-3.177418040e-05,
1.585698120e-01
l,4.0,-3.0
1.291,2.231,3.191,
4.496309972e-07,6.797073688e+00
1.421047000e-05,-1.571826270e-05,-7.076013438e-06,1.226716930e-04,9.321266754e-05,-8.541171672e-05,-5.892811335e-05,5.390651862e-05,3.585775645e-05,
2.108564199e-06,-5.006227075e-06,-2.223641950e-06,-7.053985283e-05,-2.583463916e-04,-5.339376797e-04,-6.030752133e-04,-3.514357063e-04,-8.458696230e-05,
1.587857525e-01
l,4.0,-2.0
1.411,2.331,3.291,
7.731589849e-07,6.845193296e+00
4.025839007e-05,-4.420952440e-05,-2.933334211e-05,5.621228926e-04,2.302221246e-03,6.457582691e-03,1.035039075e-02,8.153626512e-03,2.472662731e-03,
5.924406374e-06,-1.412246207e-05,-9.190896866e-06,-2.503387074e-04,-1.036208736e-03,-2.390388691e-03,-3.012290081e-03,-1.955887682e-03,-5.171236287e-04,
1.587547277e-01
l,4.0,-1.0
1.451,2.391,3.351,
1.899267395e-06,6.448542552e+00
1.213993964e-04,-1.257755537e-04,-1.724995063e-04,1.314794788e-03,4.768498606e-03,1.177988447e-02,1.814827244e-02,1.413301071e-02,4.253967060e-03,
1.831043098e-05,-4.374873497e-05,-2.548582807e-05,-7.029618846e-04,-2.703589759e-03,-5.789752682e-03,-6.735731715e-03,-4.004054214e-03,-9.679504187e-04,
1.588169863e-01
l,4.0,0.0
1.491,2.451,3.411,
2.475237830e-06,7.980006251e+00
3.742696135e-04,-3.745320165e-04,-5.330892838e-04,2.542031202e-03,1.618915293e-03,-7.102826565e-03,-1.293500561e-02,-9.109569576e-03,-2.523437506e-03,
5.654288117e-05,-1.354041815e-04,-6.755195539e-05,-1.979852451e-03,-7.176051923e-03,-1.449934771e-02,-1.580803135e-02,-8.713943846e-03,-1.945246896e-03,
1.587857428e-01
l,4.0,1.0
1.551,2.491,3.451,
6.986957904e-06,7.747564043e+00
1.220367034e-03,-1.052134992e-03,-4.520802469e-04,1.214109730e-02,7.464644945e-03,-3.355500462e-02,-6.449509825e-02,-4.716689227e-02,-1.322884364e-02,
1.832663011e-04,-4.396068692e-04,-2.737476550e-04,-7.820857529e-03,-3.329049483e-02,-7.952138479e-02,-1.042662980e-01,-7.061282105e-02,-1.949431873e-02,
1.588480048e-01
l,4.0,2.0
1.571,2.511,3.451,
1.435671798e-05,8.564680004e+00
4.203735851e-03,-3.900290966e-03,-2.285063657e-03,4.156667478e-02,6.697250612e-03,-2.012136556e-01,-3.672423441e-01,-2.733094768e-01,-7.780075074e-02,
6.536492273e-04,-1.569438020e-03,-1.015971151e-03,-2.721656689e-02,-1.102449340e-01,-2.496722337e-01,-3.099960356e-01,-1.990314824e-01,-5.250516370e-02,
1.587857520e-01
l,4.0,3.0
1.631,2.491,3.411,
7.804555305e-05,7.489890413e+00
1.611014083e-02,-1.387169462e-02,-9.659645891e-03,2.031199768e-01,3.670059084e-01,4.470703142e-01,8.182697197e-01,9.235446426e-01,3.715879143e-01,
2.575793042e-03,-6.200468728e-03,-3.771240132e-03,-1.071227170e-01,-4.470878653e-01,-1.065835271e+00,-1.414158922e+00,-9.794230997e-01,-2.795308889e-01,
1.589101357e-01
l,4.0,4.0
1.631,2.531,3.471,
4.056201956e-04,6.932105780e+00
6.066383049e-02,-8.593920517e-02,-7.456857630e-02,5.270389145e-01,9.053960102e-01,2.550042765e+00,6.126104295e+00,6.211485931e+00,2.196835226e+00,
8.017749220e-03,-1.955233936e-02,-6.918844496e-03,-2.751821008e-01,-1.013481309e+00,-2.141226406e+00,-2.446799116e+00,-1.437647962e+00,-3.488881790e-01,
1.586626772e-01
l,5.0,-5.0
1.511,2.491,3.471,
7.117561469e-09,6.441283200e+00
6.153941854e-07,-6.932617667e-07,-3.754754796e-07,4.811688738e-06,5.700918401e-06,8.226935516e-06,2.033683324e-05,2.118172617e-05,7.343396822e-06,
8.496443889e-08,-2.038725344e-07,-6.184464079e-08,-2.619034756e-06,-9.653653799e-06,-2.077047738e-05,-2.479113919e-05,-1.544840194e-05,-3.991403249e-06,
1.586626815e-01
l,5.0,-4.0
1.671,2.591,3.551,
6.623720191e-09,7.611081891e+00
1.688950988e-06,-1.595638887e-06,-5.452830543e-07,2.343409527e-05,6.939327664e-05,1.565083671e-04,2.415538155e-04,1.937630576e-04,6.029359682e-05,
2.501229115e-07,-6.017946404e-07,-4.526996280e-07,-1.158546212e-05,-4.964474855e-05,-1.184634147e-04,-1.547150910e-04,-1.041767952e-04,-2.852404284e-05,
1.587860084e-01
l,5.0,-3.0
1.731,2.691,3.651,
3.808691169e-09,9.693097280e+00
4.654285931e-06,-4.246004232e-06,-4.776848326e-06,2.858495319e-05,-5.086589454e-05,-3.544228900e-04,-5.937151680e-04,-4.428999043e-04,-1.277055402e-04,
7.007345758e-07,-1.691370728e-06,-8.609399855e-07,-2.538676528e-05,-9.475360776e-05,-1.996483954e-04,-2.306094701e-04,-1.373585428e-04,-3.375829046e-05,
1.587859708e-01
l,5.0,-2.0
1.811,2.771,3.751,
1.287233747e-08,8.597046056e+00
1.333155979e-05,-1.073643342e-05,-8.610634370e-06,1.961522198e-04,4.932697656e-04,6.017852818e-04,4.486018637e-04,1.901594252e-04,3.248410872e-05,
1.962447494e-06,-4.751121783e-06,-1.467925205e-06,-6.121950316e-05,-2.244378543e-04,-4.785553331e-04,-5.654024726e-04,-3.458539540e-04,-8.750434549e-05,
1.588480209e-01
l,5.0,-1.0
1.891,2.871,3.851,
5.687861936e-08,7.397541726e+00
3.836398173e-05,-3.363037979e-05,-4.698748553e-05,3.026060165e-04,4.043885504e-04,-8.625963683e-05,-3.328443476e-04,-1.105472757e-04,1.511899429e-05,
5.489912292e-06,-1.332926872e-05,-2.997509880e-06,-1.636250977e-04,-5.966404547e-04,-1.273540618e-03,-1.504686654e-03,-9.208750885e-04,-2.335434126e-04,
1.588480234e-01
l,5.0,0.0
1.951,2.931,3.911,
1.224834021e-07,7.558491660e+00
1.169932002e-04,-9.734412765e-05,-1.499199837e-04,9.498055534e-04,1.444727139e-03,4.565892752e-05,-9.136500480e-04,-4.238613238e-04,-6.146478043e-06,
1.691666410e-05,-4.114114739e-05,-1.044147484e-05,-5.143853745e-04,-1.877438826e-03,-4.002625547e-03,-4.723812767e-03,-2.884576554e-03,-7.291535598e-04,
1.588480110e-01
l,5.0,1.0
1.991,2.971,3.951,
2.834451599e-07,7.736852237e+00
3.723622067e-04,-2.869661132e-04,-5.051311395e-04,3.132136530e-03,5.454229553e-03,1.472129700e-03,-2.267170769e-03,-1.472160735e-03,-1.550520094e-04,
5.471813799e-05,-1.332243907e-04,-3.922053820e-05,-1.709139722e-03,-6.250457223e-03,-1.330809757e-02,-1.568876702e-02,-9.557269326e-03,-2.406375497e-03,
1.588480048e-01
l,5.0,2.0
2.031,3.011,3.991,
7.614824736e-07,7.851668938e+00
1.230192021e-03,-1.008756732e-03,-1.663063825e-03,9.922115003e-03,1.490006350e-02,-1.957051391e-03,-1.456168734e-02,-8.492645311e-03,-1.257891180e-03,
1.769949080e-04,-4.314767446e-04,-9.352854423e-05,-5.277247518e-03,-1.919056276e-02,-4.087173085e-02,-4.814748104e-02,-2.931867444e-02,-7.395693492e-03,
1.588480202e-01
l,5.0,3.0
2.091,3.011,3.991,
1.472480862e-06,8.530233052e+00
4.367967136e-03,-3.393963625e-03,-5.943189300e-03,5.525081851e-02,1.971509466e-01,4.236509302e-01,5.963805904e-01,4.529502782e-01,1.371736598e-01,
6.314395775e-04,-1.540534764e-03,-3.904002648e-04,-1.934789912e-02,-7.044565706e-02,-1.498871642e-01,-1.763270622e-01,-1.071759616e-01,-2.698970377e-02,
1.588480614e-01
l,5.0,4.0
2.071,2.991,3.931,
1.196292581e-05,7.458470924e+00
1.672594994e-02,-1.382780524e-02,-3.524628258e-02,1.469677742e-01,3.788653645e-01,4.282081395e-01,4.138165010e-01,3.255538261e-01,1.150645266e-01,
2.614548763e-03,-6.391175340e-03,-3.378707486e-03,-9.896012228e-02,-3.715161496e-01,-7.837822813e-01,-8.968426530e-01,-5.193209269e-01,-1.219370445e-01,
1.589101040e-01
l,5.0,5.0
2.111,3.011,3.971,
1.788668708e-05,8.798998602e+00
6.535921991e-02,-7.192857321e-02,-6.198816817e-02,8.644280273e-01,2.115536285e+00,3.867154154e+00,6.103076469e+00,5.355772922e+00,1.804632284e+00,
8.522974646e-03,-2.106989388e-02,-1.407221507e-02,-3.962042320e-01,-1.657925369e+00,-3.906721413e+00,-5.019871898e+00,-3.332475563e+00,-9.053018826e-01,
1.586928172e-01
l,6.0,-6.0
1.871,2.851,3.831,
1.131189880e-10,7.509662245e+00
7.301176908e-08,-7.690918188e-08,-6.439726980e-08,5.509131531e-07,5.094934158e-07,-8.354866762e-08,3.837802774e-07,9.044715281e-07,4.046226687e-07,
1.000012808e-08,-2.426607954e-08,-5.853245234e-09,-3.027121724e-07,-1.107981620e-06,-2.378134048e-06,-2.827562807e-06,-1.750803833e-06,-4.500411090e-07,
1.587237763e-01
l,6.0,-5.0
1.991,2.951,3.931,
6.957823292e-11,8.941851778e+00
1.959865017e-07,-1.720991639e-07,-1.093218363e-07,2.956480887e-06,7.708984968e-06,1.095970112e-05,1.060231227e-05,6.143503095e-06,1.516846499e-06,
2.797629132e-08,-6.807239322e-08,-1.776093026e-08,-8.559419215e-07,-3.127416987e-06,-6.678015316e-06,-7.896624865e-06,-4.840801695e-06,-1.229807193e-06,
1.588169970e-01
l,6.0,-4.0
2.131,3.051,4.031,
1.328796975e-10,8.717899878e+00
5.311591167e-07,-3.974625050e-07,-8.049011522e-07,5.181731932e-06,1.657982658e-05,3.356496657e-05,4.880860263e-05,3.896666356e-05,1.228156971e-05,
7.818497317e-08,-1.907344478e-07,-6.542557220e-08,-2.530063997e-06,-9.273585233e-06,-1.974207380e-05,-2.327214489e-05,-1.417559967e-05,-3.567087354e-06,
1.588480585e-01
l,6.0,-3.0
2.191,3.171,4.151,
3.294342767e-10,8.369606044e+00
1.436744014e-06,-1.131154735e-06,-1.980398923e-06,1.182606878e-05,2.000593435e-05,3.474543840e-06,-1.148021989e-05,-7.495167858e-06,-1.090929849e-06,
2.079015217e-07,-5.086727195e-07,-1.213502647e-07,-6.316658005e-06,-2.298373618e-05,-4.890506529e-05,-5.756512412e-05,-3.498600499e-05,-8.796523297e-06,
1.588480208e-01
l,6.0,-2.0
2.271,3.251,4.231,
5.696905648e-10,8.567067779e+00
4.097163128e-06,-2.814471787e-06,-5.996340250e-06,3.596411491e-05,7.632494290e-05,4.830748827e-05,8.314337616e-07,-8.233469211e-06,-1.437905941e-06,
6.092999233e-07,-1.493550681e-06,-4.971758909e-07,-1.969916726e-05,-7.203331060e-05,-1.530049258e-04,-1.798656854e-04,-1.089446323e-04,-2.720745867e-05,
1.588480209e-01
l,6.0,-1.0
2.351,3.331,4.331,
1.016786220e-09,8.811161518e+00
1.192338004e-05,-7.936116321e-06,-1.982819611e-05,9.090256498e-05,1.853523677e-04,7.028637540e-05,-8.610572266e-05,-8.486438599e-05,-2.119181933e-05,
1.699810341e-06,-4.175955254e-06,-8.183906493e-07,-4.954612492e-05,-1.746190783e-04,-3.598124536e-04,-4.081198545e-04,-2.370791678e-04,-5.683280649e-05,
1.588790484e-01
l,6.0,0.0
2.411,3.391,4.391,
1.945530558e-09,9.057904183e+00
3.597027171e-05,-2.204077511e-05,-6.736273591e-05,2.383394441e-04,4.936150032e-04,1.012446402e-04,-4.176735474e-04,-3.801496074e-04,-1.019302783e-04,
5.227814669e-06,-1.285983257e-05,-2.998429709e-06,-1.531980890e-04,-5.272215827e-04,-1.057081721e-03,-1.165920806e-03,-6.553630598e-04,-1.516194214e-04,
1.588480110e-01
l,6.0,1.0
2.451,3.451,4.451,
1.220790483e-08,8.058107062e+00
1.113651015e-04,-6.966378627e-05,-1.921310105e-04,8.987949851e-04,2.366947150e-03,2.635283837e-03,2.077819459e-03,1.260315250e-03,3.774794457e-04,
1.607857529e-05,-3.960149542e-05,-9.384517944e-06,-4.761380427e-04,-1.650653841e-03,-3.338419840e-03,-3.718568605e-03,-2.115527610e-03,-4.957935145e-04,
1.588480048e-01
l,6.0,2.0
2.491,3.491,4.491,
4.134015606e-09,1.039614224e+01
3.602730867e-04,-2.152321388e-04,-5.200117095e-04,3.150696524e-03,6.454951417e-03,1.490639802e-03,-6.539469772e-03,-6.880372187e-03,-2.155418940e-03,
5.194290453e-05,-1.280461897e-04,-3.948810340e-05,-1.692398928e-03,-6.256310869e-03,-1.341495836e-02,-1.584163152e-02,-9.593650414e-03,-2.383293266e-03,
1.588480452e-01
l,6.0,3.0
2.531,3.511,4.511,
4.167604384e-08,9.095371253e+00
1.220460981e-03,-7.249180862e-04,-1.939079891e-03,1.076952794e-02,2.685358532e-02,2.403022550e-02,9.413290465e-03,1.421998227e-03,1.292884342e-04,
1.762977776e-04,-4.348536626e-04,-1.218472906e-04,-5.520394643e-03,-1.980795312e-02,-4.138116787e-02,-4.765736993e-02,-2.811656785e-02,-6.821650662e-03,
1.588480614e-01
l,6.0,4.0
2.531,3.511,4.511,
1.129757189e-07,9.334655469e+00
4.373250995e-03,-2.548201377e-03,-7.234233005e-03,3.908825474e-02,9.750313866e-02,8.193012199e-02,2.179185039e-02,-5.333416019e-03,-2.686797071e-03,
6.288987124e-04,-1.552300472e-03,-4.101177954e-04,-1.953605096e-02,-6.992686276e-02,-1.459206218e-01,-1.677077040e-01,-9.868194734e-02,-2.390188432e-02,
1.588480298e-01
l,6.0,5.0
2.551,3.511,4.471,
3.415129504e-08,1.203216208e+01
1.659367047e-02,-1.180311519e-02,-2.821562925e-02,1.145968494e-01,1.672136611e-02,-8.536030610e-01,-1.716657419e+00,-1.366714479e+00,-4.038790507e-01,
2.481783607e-03,-6.138269048e-03,-2.882827856e-03,-9.231028145e-02,-3.420964237e-01,-7.162612597e-01,-8.164532397e-01,-4.740836270e-01,-1.128648645e-01,
1.589101257e-01
l,6.0,6.0
2.551,3.511,4.491,
1.263493564e-07,1.216139086e+01
6.633061171e-02,-6.330662514e-02,-8.351404406e-02,5.680358385e-01,-2.016261861e-01,-4.556308499e+00,-8.330404362e+00,-6.307869528e+00,-1.801519746e+00,
8.482650230e-03,-2.118050064e-02,-4.771308930e-03,-2.691169927e-01,-9.678424354e-01,-2.062564499e+00,-2.420241872e+00,-1.476784249e+00,-3.777626943e-01,
1.587237989e-01
l,7.0,-7.0
2.211,3.191,4.191,
1.257919448e-12,8.787561823e+00
8.628450843e-09,-7.435722595e-09,-1.035182020e-08,7.322007056e-08,1.067854987e-07,1.598340692e-09,-5.939410860e-08,-1.811726638e-08,4.839826383e-09,
1.166379020e-09,-2.856460753e-09,-6.664774920e-10,-3.546810538e-08,-1.285414222e-07,-2.729561545e-07,-3.198887982e-07,-1.939987864e-07,-4.872073736e-08,
1.587547317e-01
l,7.0,-6.0
2.351,3.311,4.291,
2.126134789e-12,8.718969217e+00
2.238330055e-08,-1.674811769e-08,-4.186227442e-08,7.773091487e-08,-1.406011855e-07,-9.416747772e-07,-1.345392497e-06,-8.072411844e-07,-1.792660877e-07,
3.255924713e-09,-7.991860522e-09,-2.569609641e-09,-1.051589509e-07,-3.844492262e-07,-8.179697716e-07,-9.630880302e-07,-5.854898348e-07,-1.470705642e-07,
1.588480157e-01
l,7.0,-5.0
2.451,3.431,4.411,
2.147712593e-12,9.309144284e+00
5.869762987e-08,-4.049659763e-08,-8.742288469e-08,5.164138840e-07,1.085950866e-06,6.372717219e-07,-8.513033934e-08,-1.900651404e-07,-4.058120565e-08,
8.642659695e-09,-2.126871550e-08,-6.847228292e-09,-2.797633327e-07,-1.021350218e-06,-2.168842534e-06,-2.547618755e-06,-1.541466780e-06,-3.847396316e-07,
1.588480341e-01
l,7.0,-4.0
2.551,3.531,4.531,
3.811155129e-12,9.324304169e+00
1.584963059e-07,-8.998163488e-08,-2.253174840e-07,1.643094663e-06,4.391354465e-06,4.883168941e-06,3.182415496e-06,1.358042368e-06,3.093611706e-07,
2.292890205e-08,-5.656338956e-08,-1.643835545e-08,-7.401427216e-07,-2.734304733e-06,-5.864460977e-06,-6.924544809e-06,-4.189455573e-06,-1.039767381e-06,
1.588790835e-01
l,7.0,-3.0
2.651,3.631,4.631,
4.505521508e-12,9.841167261e+00
4.358333001e-07,-2.385060909e-07,-8.358167472e-07,3.091790159e-06,7.575261094e-06,4.620534886e-06,-1.661660312e-06,-2.923894983e-06,-9.023008513e-07,
6.386860752e-08,-1.578620846e-07,-4.220509267e-08,-1.938477604e-06,-6.711475926e-06,-1.351587902e-05,-1.497563591e-05,-8.442557864e-06,-1.953494949e-06,
1.589100950e-01
l,7.0,-2.0
2.731,3.731,4.731,
6.915550993e-12,1.013473982e+01
1.224536959e-06,-6.714725351e-07,-1.995016859e-06,1.065309389e-05,2.714171433e-05,2.287699829e-05,4.524655744e-06,-3.893861226e-06,-1.748391771e-06,
1.777540482e-07,-4.401606366e-07,-1.100916900e-07,-5.544286978e-06,-2.006359035e-05,-4.226210841e-05,-4.898624047e-05,-2.900129865e-05,-7.041149252e-06,
1.588790459e-01
l,7.0,-1.0
2.811,3.811,4.831,
5.373776727e-12,1.114110284e+01
3.549260100e-06,-1.834341801e-06,-5.835832832e-06,2.932726542e-05,7.018475134e-05,3.785866018e-05,-3.535383461e-05,-5.040228418e-05,-1.705666968e-05,
4.946833844e-07,-1.227116808e-06,-2.532078188e-07,-1.504557869e-05,-5.400688546e-05,-1.130935468e-04,-1.298019344e-04,-7.586949476e-05,-1.816048112e-05,
1.589100977e-01
l,7.0,0.0
2.871,3.871,4.891,
5.378497029e-11,9.754792803e+00
1.064399021e-05,-4.751511919e-06,-1.705524839e-05,1.015933710e-04,3.113887695e-04,3.980860489e-04,2.938052892e-04,1.290123599e-04,2.673755029e-05,
1.519255262e-06,-3.772543802e-06,-1.013934500e-06,-4.813370686e-05,-1.736961009e-04,-3.636864240e-04,-4.174979130e-04,-2.436921849e-04,-5.806162667e-05,
1.588790360e-01
l,7.0,1.0
2.931,3.931,4.951,
4.616669216e-10,8.631985771e+00
3.267205102e-05,-1.491521676e-05,-5.592298860e-05,3.025459349e-04,1.012236673e-03,1.532235737e-03,1.472223472e-03,8.598990984e-04,2.235177278e-04,
4.666103180e-06,-1.159826124e-05,-2.873611779e-06,-1.433463070e-04,-5.045755934e-04,-1.032311644e-03,-1.157814175e-03,-6.586153483e-04,-1.529426090e-04,
1.588790298e-01
l,7.0,2.0
2.971,3.991,5.011,
2.693616446e-10,1.007157579e+01
1.029081031e-04,-5.567563372e-05,-1.976590495e-04,7.009015532e-04,1.897303902e-03,1.689181423e-03,5.671758894e-04,-1.181270723e-05,-3.043426275e-05,
1.432628148e-05,-3.564511620e-05,-4.492928785e-06,-3.964809510e-04,-1.337950346e-03,-2.648145658e-03,-2.864450729e-03,-1.562652942e-03,-3.486824808e-04,
1.588480452e-01
l,7.0,3.0
3.011,4.031,5.051,
2.668458721e-10,1.107118302e+01
3.374860098e-04,-1.910456001e-04,-5.577925502e-04,2.637959748e-03,6.249757415e-03,3.657579273e-03,-2.120001637e-03,-3.369566480e-03,-1.117349684e-03,
4.623544598e-05,-1.151160682e-04,-1.888749328e-05,-1.362198083e-03,-4.812201073e-03,-9.965900823e-03,-1.131184616e-02,-6.535497799e-03,-1.548767501e-03,
1.588480614e-01
l,7.0,4.0
3.031,4.031,5.051,
3.866926026e-10,1.178566746e+01
1.171648037e-03,-5.634580730e-04,-2.027850123e-03,9.017434885e-03,2.225049081e-02,1.162396121e-02,-1.303479201e-02,-1.805560415e-02,-6.153856364e-03,
1.648859966e-04,-4.105952988e-04,-1.072006971e-04,-5.177031759e-03,-1.840602033e-02,-3.807851629e-02,-4.321566643e-02,-2.494232101e-02,-5.885617350e-03,
1.588790548e-01
l,7.0,5.0
3.031,4.031,5.051,
1.004090655e-09,1.205947292e+01
4.238340072e-03,-2.121209002e-03,-7.565602056e-03,3.231296018e-02,7.652136078e-02,2.817111418e-02,-6.727221038e-02,-7.889978738e-02,-2.581397971e-02,
5.880141222e-04,-1.465092667e-03,-2.785451173e-04,-1.764952642e-02,-6.235851254e-02,-1.288708534e-01,-1.458656949e-01,-8.387740244e-02,-1.975776514e-02,
1.588480514e-01
l,7.0,6.0
3.031,4.011,5.011,
1.652132578e-08,1.075490830e+01
1.638842933e-02,-8.698228827e-03,-3.040014536e-02,1.429018082e-01,3.940901701e-01,3.672507765e-01,1.169700161e-01,-2.330325541e-02,-1.657205214e-02,
2.321661404e-03,-5.794588747e-03,-1.129105517e-03,-7.030291828e-02,-2.485237401e-01,-5.144322572e-01,-5.836924126e-01,-3.367168492e-01,-7.983458721e-02,
1.589101126e-01
l,7.0,7.0
3.031,4.011,5.011,
4.503131242e-08,1.115791582e+01
6.599184126e-02,-5.237785586e-02,-1.100701308e-01,6.047070493e-01,1.065470910e+00,-2.227951715e-01,-1.736376524e+00,-1.448398540e+00,-3.940053031e-01,
8.330937001e-03,-2.096221846e-02,-4.149113121e-03,-2.596515248e-01,-9.134842854e-01,-1.900859739e+00,-2.164829477e+00,-1.269827784e+00,-3.111774859e-01,
1.587547250e-01
l,8.0,-8.0
2.571,3.551,4.551,
1.196718829e-14,9.999327558e+00
9.829391745e-10,-7.393908778e-10,-1.463160254e-09,8.069010830e-09,1.418688736e-08,2.133726808e-09,-1.001946472e-08,-7.425116841e-09,-1.509231284e-09,
1.350386132e-10,-3.332581954e-10,-7.384357294e-11,-4.093303176e-09,-1.463142193e-08,-3.060919021e-08,-3.526280165e-08,-2.091127221e-08,-5.131056073e-09,
1.587859546e-01
l,8.0,-7.0
2.711,3.691,4.671,
1.731563723e-14,1.007250474e+01
2.478026007e-09,-1.779720755e-09,-3.678546804e-09,2.148149041e-08,4.352442213e-08,2.184397288e-08,-9.041280672e-09,-1.102785708e-08,-2.393912506e-09,
3.580347648e-10,-8.856055636e-10,-2.534907552e-10,-1.145607225e-08,-4.168532686e-08,-8.851079640e-08,-1.038833982e-07,-6.279587666e-08,-1.567384974e-08,
1.588480249e-01
l,8.0,-6.0
2.831,3.811,4.791,
2.411410405e-14,1.024288018e+01
6.415619147e-09,-4.057259377e-09,-1.016153745e-08,5.671094660e-08,1.347460758e-07,1.066408585e-07,2.463648857e-08,-7.516200174e-09,-2.902887884e-09,
9.482785778e-10,-2.350669353e-09,-7.125937925e-10,-3.065782609e-08,-1.115307977e-07,-2.362435937e-07,-2.765628146e-07,-1.662250850e-07,-4.113138249e-08,
1.588480157e-01
l,8.0,-5.0
2.931,3.931,4.931,
7.781198158e-15,1.182008792e+01
1.687529938e-08,-1.001521278e-08,-2.696272678e-08,1.408437693e-07,3.008316975e-07,8.434810869e-08,-2.802687483e-07,-3.021569843e-07,-9.487824697e-08,
2.389264488e-09,-5.936860344e-09,-1.252372999e-09,-7.365768046e-08,-2.673207526e-07,-5.672464327e-07,-6.620529523e-07,-3.951904499e-07,-9.691931306e-08,
1.589101084e-01
l,8.0,-4.0
3.031,4.031,5.031,
2.432536747e-13,9.241137267e+00
4.574872037e-08,-2.437022988e-08,-8.770454460e-08,3.651309985e-07,1.133919374e-06,1.506368995e-06,1.324387511e-06,7.742253854e-07,2.118662562e-07,
6.642358275e-09,-1.653175145e-08,-3.339431775e-09,-1.952574528e-07,-6.701015651e-07,-1.342877345e-06,-1.476778710e-06,-8.218393788e-07,-1.871798590e-07,
1.589101327e-01
l,8.0,-3.0
3.131,4.131,5.131,
2.870128592e-14,1.175815760e+01
1.261444993e-07,-6.024989057e-08,-2.045510936e-07,1.128567121e-06,3.046526364e-06,2.684973400e-06,3.865759339e-07,-7.621260472e-07,-3.442016008e-07,
1.845901755e-08,-4.601300634e-08,-1.319490087e-08,-6.020874511e-07,-2.206899843e-06,-4.696947142e-06,-5.498394185e-06,-3.281421384e-06,-8.002945731e-07,
1.589100950e-01
l,8.0,-2.0
3.211,4.211,5.231,
2.740790098e-14,1.241717625e+01
3.577528958e-07,-1.447732644e-07,-6.756864878e-07,2.600345110e-06,7.190980442e-06,5.032286039e-06,-2.159606967e-06,-4.468272132e-06,-1.640284618e-06,
5.127787163e-08,-1.280119967e-07,-2.918914052e-08,-1.571889245e-06,-5.534362129e-06,-1.134976279e-05,-1.275477380e-05,-7.250759379e-06,-1.678995122e-06,
1.589100951e-01
l,8.0,-1.0
3.291,4.291,5.311,
8.212892137e-14,1.214294909e+01
1.034871957e-06,-4.027068628e-07,-2.105458598e-06,6.632708905e-06,1.938950703e-05,1.472947726e-05,-3.337545881e-06,-9.841197592e-06,-3.705918295e-06,
1.496940496e-07,-3.741329264e-07,-8.561912085e-08,-4.515814647e-06,-1.553758560e-05,-3.112082976e-05,-3.413714982e-05,-1.885152506e-05,-4.226149728e-06,
1.589100977e-01
l,8.0,0.0
3.351,4.371,5.391,
1.162306755e-13,1.255890600e+01
3.058778930e-06,-1.318834931e-06,-6.467853632e-06,1.692242262e-05,4.507830249e-05,1.783790990e-05,-3.829011307e-05,-4.513281862e-05,-1.457829509e-05,
4.368985331e-07,-1.093169192e-06,-1.977769099e-07,-1.264676654e-05,-4.265396208e-05,-8.396902822e-05,-9.032156728e-05,-4.870154945e-05,-1.064543503e-05,
1.589100853e-01
l,8.0,1.0
3.411,4.431,5.451,
2.699421893e-13,1.261094600e+01
9.327948646e-06,-3.789585459e-06,-1.818781772e-05,6.083552715e-05,1.711335837e-04,1.194477479e-04,-4.889404846e-05,-1.011021982e-04,-3.646705276e-05,
1.340338467e-06,-3.356417773e-06,-8.569597001e-07,-4.153528466e-05,-1.442454617e-04,-2.913708443e-04,-3.226347008e-04,-1.803480988e-04,-4.097365013e-05,
1.589100790e-01
l,8.0,2.0
3.451,4.471,5.511,
3.493095298e-11,9.472153557e+00
2.940958984e-05,-1.014220579e-05,-5.258389666e-05,2.604984700e-04,9.680558898e-04,1.571168482e-03,1.537447885e-03,8.708956758e-04,2.147043618e-04,
4.111471176e-06,-1.030401541e-05,-2.450369789e-06,-1.266871753e-04,-4.402978843e-04,-8.891265954e-04,-9.799743317e-04,-5.435133549e-04,-1.221656447e-04,
1.589100945e-01
l,8.0,3.0
3.491,4.531,5.571,
8.540785444e-12,1.146553705e+01
9.417255205e-05,-4.393364210e-05,-1.721050410e-04,6.970876539e-04,2.089107113e-03,2.288131544e-03,1.211739797e-03,2.755823169e-04,1.028193741e-05,
1.261047332e-05,-3.162886502e-05,-3.848306403e-06,-3.590196664e-04,-1.228555387e-03,-2.466683276e-03,-2.697359564e-03,-1.484858720e-03,-3.330717300e-04,
1.589101357e-01
l,8.0,4.0
3.511,4.551,5.591,
6.331195449e-11,1.076859802e+01
3.164201917e-04,-1.387450645e-04,-5.669056563e-04,2.536947670e-03,8.240538457e-03,1.093260835e-02,8.452272622e-03,3.884320349e-03,8.264778918e-04,
4.274969873e-05,-1.072536821e-04,-1.626913878e-05,-1.245641990e-03,-4.286760147e-03,-8.636692894e-03,-9.485162028e-03,-5.246096450e-03,-1.180910831e-03,
1.588790548e-01
l,8.0,5.0
3.531,4.551,5.591,
4.312397707e-10,1.020760732e+01
1.108892960e-03,-4.285132677e-04,-2.012848024e-03,9.292733304e-03,3.270891623e-02,4.901699045e-02,4.427405129e-02,2.367383410e-02,5.655310650e-03,
1.523918400e-04,-3.823827573e-04,-6.977573971e-05,-4.527246869e-03,-1.561663877e-02,-3.144712257e-02,-3.453098920e-02,-1.906976572e-02,-4.275277364e-03,
1.588480514e-01
l,8.0,6.0
3.531,4.551,5.591,
1.215566760e-09,1.040702276e+01
4.047404975e-03,-1.740821972e-03,-7.408636797e-03,3.429579648e-02,1.160754111e-01,1.658924053e-01,1.432792724e-01,7.457286356e-02,1.767732347e-02,
5.436224969e-04,-1.364705118e-03,-1.699805395e-04,-1.557511898e-02,-5.338478071e-02,-1.073636490e-01,-1.175077306e-01,-6.466568020e-02,-1.449255357e-02,
1.588790435e-01
l,8.0,7.0
3.531,4.531,5.551,
5.681243629e-09,1.027606090e+01
1.569269970e-02,-7.473050751e-03,-3.071277189e-02,1.334095132e-01,4.498966506e-01,6.392695685e-01,5.635933772e-01,3.090383683e-01,7.819923234e-02,
2.146852703e-03,-5.397184628e-03,-6.057800618e-04,-6.088107174e-02,-2.069392333e-01,-4.137289428e-01,-4.502521215e-01,-2.460957841e-01,-5.492952382e-02,
1.589100924e-01
l,8.0,8.0
3.511,4.511,5.531,
8.756411734e-10,1.292349234e+01
6.420747936e-02,-4.053525121e-02,-1.296932385e-01,5.027849572e-01,1.157843720e+00,3.382545708e-01,-1.075524483e+00,-1.143580287e+00,-3.501101316e-01,
8.095203257e-03,-2.049364754e-02,-3.441419067e-03,-2.409624827e-01,-8.045322836e-01,-1.586722376e+00,-1.698898496e+00,-9.214203693e-01,-2.075064977e-01,
1.587857267e-01
l,9.0,-9.0
2.931,3.931,4.931,
4.603380314e-16,9.751504107e+00
1.084210013e-10,-8.007860660e-11,-1.807602485e-10,8.643509377e-10,1.901775627e-09,1.532544029e-09,9.138748806e-10,6.720556224e-10,2.620493124e-10,
1.478615578e-11,-3.674073843e-11,-5.925838146e-12,-4.262310973e-10,-1.468499748e-09,-2.975664145e-09,-3.312438904e-09,-1.888098598e-09,-4.462352607e-10,
1.588480031e-01
l,9.0,-8.0
3.071,4.051,5.051,
1.506217182e-16,1.118518363e+01
2.744529881e-10,-1.583568557e-10,-4.865510251e-10,2.231707091e-09,5.559060423e-09,4.279428218e-09,4.703946255e-10,-8.949858123e-10,-3.200705984e-10,
3.911038670e-11,-9.737018409e-11,-2.251000340e-11,-1.194746015e-09,-4.206138713e-09,-8.656439597e-09,-9.802680930e-09,-5.664720533e-09,-1.346604081e-09,
1.588480046e-01
l,9.0,-7.0
3.191,4.191,5.191,
1.578994742e-16,1.156329978e+01
6.950338083e-10,-4.027924956e-10,-1.218285766e-09,5.640802905e-09,1.410170186e-08,1.076174874e-08,5.986509834e-10,-3.047535757e-09,-1.118845392e-09,
9.839788111e-11,-2.454991874e-10,-4.879794480e-11,-2.969855389e-09,-1.048122750e-08,-2.167176621e-08,-2.463676355e-08,-1.427844981e-08,-3.402145673e-09,
1.589100992e-01
l,9.0,-6.0
3.311,4.311,5.311,
7.558471639e-17,1.262914099e+01
1.810513961e-09,-9.282417789e-10,-2.967400522e-09,1.588597550e-08,4.059065177e-08,2.984423408e-08,-5.714598907e-09,-1.814391956e-08,-6.782460024e-09,
2.599593592e-10,-6.497207974e-10,-1.522951356e-10,-8.253064723e-09,-3.013414725e-08,-6.414657063e-08,-7.503345712e-08,-4.474038802e-08,-1.091929005e-08,
1.589100900e-01
l,9.0,-5.0
3.411,4.411,5.431,
6.931869299e-16,1.128303395e+01
4.832222178e-09,-2.045148520e-09,-1.031162309e-08,3.214351750e-08,1.048269434e-07,1.210313586e-07,7.353935549e-08,2.561115593e-08,4.567450347e-09,
6.864405889e-10,-1.718488317e-09,-2.055587046e-10,-1.902277299e-08,-6.353313624e-08,-1.243182514e-07,-1.325240862e-07,-7.047541911e-08,-1.517324631e-08,
1.589101084e-01
l,9.0,-4.0
3.511,4.511,5.531,
1.925758084e-15,1.100203823e+01
1.313120990e-08,-4.413465176e-09,-2.322420577e-08,1.217899080e-07,4.294693410e-07,6.348449625e-07,5.472820304e-07,2.740730345e-07,6.156559989e-08,
1.904870972e-09,-4.775142276e-09,-1.207422176e-09,-6.047534120e-08,-2.165322227e-07,-4.501281547e-07,-5.122623792e-07,-2.944587788e-07,-6.871568060e-08,
1.589101327e-01
l,9.0,-3.0
3.611,4.611,5.631,
2.804766818e-16,1.307132103e+01
3.623279099e-08,-1.214082322e-08,-7.577357102e-08,2.289583089e-07,7.299611216e-07,6.657059628e-07,6.030657791e-08,-2.446358538e-07,-1.073839477e-07,
5.284852827e-09,-1.326507014e-08,-3.028588565e-09,-1.608073095e-07,-5.539319374e-07,-1.110440759e-06,-1.218203723e-06,-6.705571757e-07,-1.492483592e-07,
1.589272496e-01
l,9.0,-2.0
3.691,4.711,5.731,
1.022088354e-14,1.088299286e+01
1.020910005e-07,-3.832064216e-08,-1.991619630e-07,8.015847201e-07,2.875653815e-06,4.216000800e-06,3.663587700e-06,1.884378175e-06,4.376206946e-07,
1.465445223e-08,-3.682833396e-08,-6.507350805e-09,-4.343340869e-07,-1.501220572e-06,-3.029050542e-06,-3.340150365e-06,-1.848643392e-06,-4.144398963e-07,
1.589100951e-01
l,9.0,-1.0
3.771,4.791,5.811,
5.870100584e-14,1.020061094e+01
2.953088938e-07,-1.018212162e-07,-5.224896190e-07,2.717768010e-06,1.012882734e-05,1.646601934e-05,1.600318297e-05,8.956294081e-06,2.180608403e-06,
4.272410134e-08,-1.074732449e-07,-2.628086550e-08,-1.348147599e-06,-4.783513950e-06,-9.864130244e-06,-1.113582844e-05,-6.338219748e-06,-1.462198436e-06,
1.589100800e-01
l,9.0,0.0
3.831,4.851,5.891,
3.648435763e-14,1.122598115e+01
8.764990866e-07,-2.388034405e-07,-1.724678687e-06,6.610397012e-06,2.558468106e-05,3.954773211e-05,3.528840687e-05,1.804068705e-05,4.072024452e-06,
1.245357512e-07,-3.135629838e-07,-6.434141060e-08,-3.762245991e-06,-1.295303553e-05,-2.594217153e-05,-2.831426652e-05,-1.544173552e-05,-3.390150414e-06,
1.589100853e-01
l,9.0,1.0
3.891,4.931,5.971,
3.785481174e-14,1.189257292e+01
2.640116008e-06,-9.470313399e-07,-5.017207009e-06,1.980595123e-05,6.910756610e-05,9.426915692e-05,7.188143421e-05,3.105647410e-05,6.018387692e-06,
3.629397797e-07,-9.146554905e-07,-1.297136864e-07,-1.058462268e-05,-3.639818380e-05,-7.323863555e-05,-8.022463266e-05,-4.400586035e-05,-9.765131252e-06,
1.589100790e-01
l,9.0,2.0
3.931,4.971,6.031,
4.141708326e-14,1.254742574e+01
8.230137610e-06,-2.326408952e-06,-1.677231153e-05,5.251262286e-05,1.923580391e-04,2.514568174e-04,1.697259429e-04,5.844811253e-05,7.901817145e-06,
1.112254929e-06,-2.804882720e-06,-3.025920636e-07,-3.125412197e-05,-1.049421731e-04,-2.063050080e-04,-2.196723615e-04,-1.160546437e-04,-2.461266795e-05,
1.589100945e-01
l,9.0,3.0
3.971,5.011,6.071,
3.410498317e-13,1.177025922e+01
2.632373980e-05,-7.090368677e-06,-5.393980688e-05,1.701181820e-04,6.614069399e-04,9.707421188e-04,8.029976935e-04,3.776542449e-04,7.894791115e-05,
3.584656533e-06,-9.043721921e-06,-1.238211932e-06,-1.023663348e-04,-3.423533959e-04,-6.685628948e-04,-7.073654713e-04,-3.708706751e-04,-7.785658606e-05,
1.589100374e-01
l,9.0,4.0
4.011,5.051,6.111,
2.385084873e-13,1.282658179e+01
8.618991706e-05,-2.701766127e-05,-1.742708946e-04,5.325482147e-04,1.875200247e-03,2.293912878e-03,1.365504625e-03,3.572922431e-04,1.887683577e-05,
1.155246341e-05,-2.915839352e-05,-3.793528679e-06,-3.291944078e-04,-1.101434409e-03,-2.155811411e-03,-2.286994457e-03,-1.205647547e-03,-2.554904944e-04,
1.589100725e-01
l,9.0,5.0
4.031,5.071,6.131,
1.447594317e-12,1.236779748e+01
2.931107883e-04,-9.509368645e-05,-5.982298221e-04,1.820792171e-03,6.589292556e-03,8.663244675e-03,6.114939081e-03,2.359286408e-03,3.993983381e-04,
3.915808101e-05,-9.885879549e-05,-1.257251986e-05,-1.108704733e-03,-3.680070616e-03,-7.145691073e-03,-7.513731480e-03,-3.919011947e-03,-8.207254276e-04,
1.589100373e-01
l,9.0,6.0
4.031,5.071,6.131,
4.354443324e-12,1.246437664e+01
1.036762027e-03,-3.112251561e-04,-2.146177156e-03,6.364679082e-03,2.360305680e-02,3.159181520e-02,2.272282311e-02,8.937410107e-03,1.539434675e-03,
1.395857886e-04,-3.524380471e-04,-4.672037558e-05,-3.962694386e-03,-1.315560119e-02,-2.553097215e-02,-2.683038875e-02,-1.396888734e-02,-2.914785017e-03,
1.588790237e-01
l,9.0,7.0
4.031,5.071,6.111,
1.710692792e-11,1.242409387e+01
3.816322889e-03,-1.356011535e-03,-7.242708020e-03,2.875808692e-02,1.000598327e-01,1.351950385e-01,1.009215633e-01,4.213439625e-02,7.820116309e-03,
5.235979983e-04,-1.322302410e-03,-2.533041746e-04,-1.583992115e-02,-5.456763639e-02,-1.096911628e-01,-1.200986114e-01,-6.593336462e-02,-1.464789861e-02,
1.588789764e-01
l,9.0,8.0
4.031,5.051,6.071,
6.442979144e-12,1.412517789e+01
1.485064998e-02,-6.222002053e-03,-3.238073739e-02,8.628508486e-02,2.578138549e-01,1.823249788e-01,-7.101150066e-02,-1.487539575e-01,-5.318354895e-02,
2.068189618e-03,-5.229728731e-03,-7.454728958e-04,-5.961652392e-02,-1.995282171e-01,-3.915942801e-01,-4.180423919e-01,-2.222661811e-01,-4.775118046e-02,
1.588790200e-01
l,9.0,9.0
4.011,5.031,6.051,
2.854349217e-11,1.412247403e+01
6.092604995e-02,-3.440291606e-02,-1.121172371e-01,5.341526143e-01,1.425734335e+00,1.115504379e+00,-7.902895478e-02,-5.312669321e-01,-2.014213294e-01,
7.796246666e-03,-1.983483012e-02,-4.399525932e-03,-2.484846128e-01,-8.629241766e-01,-1.762556799e+00,-1.961096659e+00,-1.107840010e+00,-2.579360096e-01,
1.587856685e-01
