l,0.0,-0.0
0.051,0.691,1.351,
6.483545417e-01,1.722150569e+00
1.529662032e-02,-2.407833140e-02,7.269219631e-02,8.654070352e-01,6.035743135e+00,2.461602897e+01,5.616691251e+01,6.823686410e+01,3.346867850e+01,
4.129124233e-03,-9.312100991e-03,-2.421389579e-02,-4.798433656e-01,-2.989840791e+00,-9.961007850e+00,-1.821902044e+01,-1.727912029e+01,-6.645050608e+00,
1.589582727e-01
l,1.0,-1.0
0.251,1.051,1.891,
4.341831496e-02,2.718100353e+00
2.452410990e-03,-3.605464585e-03,5.983242080e-03,3.252262053e-03,-1.073831522e-01,-3.271945957e-01,-4.079560896e-01,-1.459603777e-01,3.942837910e-02,
4.207961773e-04,-1.015890499e-03,-1.011784768e-03,-2.486439608e-02,-1.275236473e-01,-3.630891293e-01,-5.691478858e-01,-4.613711354e-01,-1.509163293e-01,
1.586626817e-01
l,1.0,0.0
0.271,0.811,1.391,
2.395231728e-01,3.274638391e+00
1.168564986e-02,-1.604460044e-02,3.693601910e-02,8.021921974e-01,5.818358660e+00,2.576211059e+01,5.882219997e+01,6.617358862e+01,2.962825526e+01,
3.774026249e-03,-8.567550272e-03,-2.235161070e-02,-4.616072473e-01,-3.060429751e+00,-1.096758870e+01,-2.185765295e+01,-2.282238477e+01,-9.757508223e+00,
1.590514487e-01
l,1.0,1.0
0.311,0.951,1.671,
2.661808061e+00,4.427088931e+00
2.759489045e-02,-5.246797778e-02,2.386888228e-01,2.881234640e+00,2.101694612e+01,7.948671499e+01,1.562701639e+02,1.588108877e+02,6.629411601e+01,
5.491481676e-03,-1.318690645e-02,-2.373785237e-02,-5.351203753e-01,-3.237415129e+00,-1.064500958e+01,-1.916156540e+01,-1.782163141e+01,-6.683216901e+00,
1.586618096e-01
l,2.0,-2.0
0.411,1.291,2.191,
5.064915077e-02,6.718302396e+00
5.140682915e-04,-8.089154493e-04,-1.204943513e-04,-1.348699697e-02,-1.095025884e-01,-3.592848841e-01,-6.204997958e-01,-5.348360335e-01,-1.794722479e-01,
7.310879462e-05,-1.815375776e-04,-1.642075744e-04,-4.148542860e-03,-1.958120580e-02,-5.113560310e-02,-7.303342146e-02,-5.386239043e-02,-1.605417726e-02,
1.584769112e-01
l,2.0,-1.0
0.471,1.191,1.931,
7.186797562e-02,7.122805303e+00
1.745005022e-03,-2.253662459e-03,-3.342899420e-03,-6.038218523e-02,-5.681439336e-01,-2.096201225e+00,-4.085486325e+00,-4.097682208e+00,-1.642301585e+00,
3.826172554e-04,-9.277347326e-04,-1.484341800e-03,-3.037895759e-02,-1.626069740e-01,-4.820642321e-01,-7.978342774e-01,-6.904649934e-01,-2.438011568e-01,
1.589272632e-01
l,2.0,0.0
0.491,1.351,2.211,
1.713312597e-01,7.520134209e+00
3.565943101e-03,-6.406037916e-03,-1.360271757e-03,-4.566830272e-02,-3.253422075e-01,-9.720683410e-01,-1.849202370e+00,-1.860142901e+00,-7.175159322e-01,
5.285796983e-04,-1.316723495e-03,-7.516977363e-04,-2.308381366e-02,-1.001145968e-01,-2.509942326e-01,-3.505730632e-01,-2.565967026e-01,-7.679815699e-02,
1.584460254e-01
l,2.0,1.0
0.511,1.151,1.811,
7.454866883e-02,4.884576957e+00
1.590470970e-02,-2.295671184e-02,3.713760624e-02,7.815421591e-01,4.438607009e+00,1.779977166e+01,3.749164800e+01,3.763374548e+01,1.446591052e+01,
3.925535326e-03,-9.526443626e-03,-2.077425223e-02,-4.477448804e-01,-2.750104782e+00,-9.089141662e+00,-1.650899184e+01,-1.556177591e+01,-5.966217868e+00,
1.590203645e-01
l,2.0,2.0
0.511,1.251,1.991,
1.307786132e+01,1.056860302e+01
4.120964184e-02,-8.501947664e-02,1.679796535e-01,-5.855360272e-01,-1.042363165e+01,-4.845948730e+01,-1.187211332e+02,-1.397133982e+02,-6.152430295e+01,
7.039848624e-03,-1.761534126e-02,-2.522517550e-02,-6.140623005e-01,-3.493244667e+00,-1.094946263e+01,-1.886661007e+01,-1.691090007e+01,-6.149331145e+00,
1.584459898e-01
l,3.0,-3.0
0.671,1.511,2.411,
2.682663554e-04,5.328324516e+00
1.114963015e-04,-1.977915194e-04,7.819238687e-05,3.279398555e-03,2.216687978e-02,7.486935405e-02,1.229267360e-01,9.751909053e-02,3.030118936e-02,
1.528839550e-05,-3.859190419e-05,-1.628942153e-05,-5.492464230e-04,-1.906917121e-03,-3.629231610e-03,-3.517853309e-03,-1.547546353e-03,-2.050860216e-04,
1.584150325e-01
l,3.0,-2.0
0.711,1.491,2.271,
1.230105942e-03,9.024298630e+00
3.123203933e-04,-3.752698323e-04,8.612384748e-04,7.354612704e-03,8.800130573e-05,-5.886273544e-02,-1.624858532e-01,-1.869703603e-01,-7.926452179e-02,
6.005066868e-05,-1.500704469e-04,-1.893568380e-04,-4.185706705e-03,-2.119639177e-02,-6.004857548e-02,-9.509429482e-02,-7.895116600e-02,-2.686020051e-02,
1.588790765e-01
l,3.0,-1.0
0.811,1.651,2.531,
5.696527303e-04,5.780321397e+00
6.229602732e-04,-1.132893339e-03,2.596460513e-04,1.678012647e-02,1.149050845e-01,4.076886413e-01,6.960867937e-01,5.660678100e-01,1.781419732e-01,
8.562744095e-05,-2.178735545e-04,-4.085823744e-05,-2.638289075e-03,-8.769007718e-03,-1.620034489e-02,-1.476153769e-02,-5.522991969e-03,-3.146936385e-04,
1.584150615e-01
l,3.0,0.0
0.851,1.591,2.371,
1.211170499e-03,5.909094016e+00
1.922421972e-03,-2.818239316e-03,-2.496003459e-03,1.673294260e-02,1.250207833e-01,6.973288993e-01,1.636712118e+00,1.687088357e+00,6.461189969e-01,
3.550269767e-04,-8.946380030e-04,-1.122001739e-03,-2.646341604e-02,-1.368034281e-01,-3.848201955e-01,-5.911122975e-01,-4.681641425e-01,-1.502789903e-01,
1.589101321e-01
l,3.0,1.0
0.811,1.671,2.531,
5.713157298e-03,8.462667776e+00
4.621014930e-03,-7.960974977e-03,2.740391884e-03,1.639287704e-02,-1.595840661e-02,1.776440729e-01,4.133153378e-01,2.220373170e-01,8.021088168e-04,
6.505755484e-04,-1.658043182e-03,-8.252875765e-04,-2.882250591e-02,-1.256863223e-01,-3.217243927e-01,-4.614920929e-01,-3.486519606e-01,-1.081999409e-01,
1.583531787e-01
l,3.0,2.0
0.851,1.491,2.191,
1.268235048e-02,6.469501099e+00
1.981117949e-02,-2.434502800e-02,1.099707318e-01,1.839957794e+00,1.010210609e+01,3.496356476e+01,6.813656192e+01,6.707914150e+01,2.606123176e+01,
4.275429583e-03,-1.076798791e-02,-1.268348699e-02,-3.175222523e-01,-1.776702927e+00,-5.662227214e+00,-1.018260006e+01,-9.648063193e+00,-3.752913509e+00,
1.589582369e-01
l,3.0,3.0
0.851,1.551,2.311,
5.830983146e-02,6.636013604e+00
5.738051981e-02,-1.265129453e-01,3.855897035e-01,4.629558713e+00,3.010100110e+01,1.117403563e+02,2.059343332e+02,1.824826635e+02,6.290351298e+01,
8.799550393e-03,-2.267524187e-02,-2.600498256e-02,-6.621685598e-01,-3.372881031e+00,-9.517169392e+00,-1.470977166e+01,-1.187768739e+01,-3.926941786e+00,
1.583531957e-01
l,4.0,-4.0
0.851,1.731,2.631,
2.409200903e-05,1.026484840e+01
2.379301077e-05,-3.662684680e-05,3.690188051e-05,1.890461750e-04,-5.671264642e-04,-2.689771178e-03,-5.288806295e-03,-5.277009588e-03,-2.032591597e-03,
3.172142412e-06,-8.117030305e-06,-3.220000412e-06,-1.286886187e-04,-5.324208167e-04,-1.286567337e-03,-1.735881476e-03,-1.234905708e-03,-3.633426534e-04,
1.584150693e-01
l,4.0,-3.0
0.971,1.771,2.571,
1.368282556e-05,6.514685997e+00
5.819274884e-05,-8.509578827e-05,-1.582212409e-04,-4.815377623e-04,-3.017889130e-03,-4.304893502e-03,5.830395675e-05,3.500901940e-03,1.693658733e-03,
1.021677941e-05,-2.605308443e-05,-2.742069310e-05,-6.533924343e-04,-3.069024275e-03,-7.922090104e-03,-1.118681353e-02,-8.144925289e-03,-2.409523241e-03,
1.588790302e-01
l,4.0,-2.0
1.071,1.891,2.771,
1.717510104e-05,6.728878366e+00
1.213693977e-04,-1.952003893e-04,-7.574447545e-05,2.052625283e-03,1.078989238e-02,3.940513181e-02,7.296978198e-02,6.346744553e-02,2.102309340e-02,
1.681800697e-05,-4.335919677e-05,-8.279895715e-06,-5.433727948e-04,-1.844090958e-03,-3.508285623e-03,-3.374659490e-03,-1.439349191e-03,-1.780941570e-04,
1.585388404e-01
l,4.0,-1.0
1.091,1.911,2.731,
2.635452124e-05,8.031862372e+00
3.095685097e-04,-4.315848304e-04,-1.013388641e-03,-4.375604494e-03,-2.994831474e-02,-7.125184226e-02,-8.021915781e-02,-4.614829828e-02,-1.141868625e-02,
5.148561300e-05,-1.324772018e-04,-1.065996545e-04,-2.911965078e-03,-1.327962980e-02,-3.361699623e-02,-4.653138957e-02,-3.317823919e-02,-9.630381131e-03,
1.589101086e-01
l,4.0,0.0
1.131,1.991,2.871,
5.189945461e-05,7.893627617e+00
7.217042730e-04,-1.030711364e-03,3.327563166e-04,7.179553684e-03,3.561407659e-03,1.593049077e-02,5.862171886e-02,6.163569531e-02,2.046628820e-02,
9.855679265e-05,-2.553838283e-04,-1.611240615e-04,-5.218254063e-03,-2.403434945e-02,-6.291840735e-02,-9.079721470e-02,-6.814049536e-02,-2.086683341e-02,
1.584769719e-01
l,4.0,1.0
1.171,1.951,2.751,
1.428084281e-04,6.888213452e+00
2.130670007e-03,-2.437684661e-03,7.030232721e-03,9.842272470e-02,3.493848175e-01,8.518919098e-01,1.319300758e+00,1.086192056e+00,3.586704012e-01,
3.713667562e-04,-9.573471570e-04,-1.207565926e-03,-2.876260645e-02,-1.498542536e-01,-4.292121537e-01,-6.757039146e-01,-5.513184748e-01,-1.830593355e-01,
1.588790574e-01
l,4.0,2.0
1.151,2.011,2.871,
4.342337251e-04,6.939541978e+00
5.470602773e-03,-8.857817607e-03,9.252044384e-03,8.633534891e-02,1.753489903e-01,6.193017113e-01,1.301717961e+00,1.182163880e+00,3.884441566e-01,
7.485319786e-04,-1.942767861e-03,-1.042652200e-03,-3.646533054e-02,-1.603556582e-01,-4.057900550e-01,-5.703276002e-01,-4.218449641e-01,-1.289563395e-01,
1.583531685e-01
l,4.0,3.0
1.191,1.851,2.571,
1.092157735e-03,9.254128854e+00
2.271167003e-02,-3.575687488e-02,-4.111543430e-02,8.537684971e-01,6.717376093e+00,2.910567035e+01,6.396361046e+01,6.740396278e+01,2.730530847e+01,
4.517925870e-03,-1.166732295e-02,-9.430985180e-03,-2.463370803e-01,-1.029795697e+00,-2.276674544e+00,-2.490466520e+00,-1.096200877e+00,-5.584479533e-02,
1.589272783e-01
l,4.0,4.0
1.111,1.871,2.651,
7.078552777e-03,8.475365007e+00
7.265842706e-02,-1.571529281e-01,3.127324600e-01,3.447582926e+00,1.844627489e+01,6.990138939e+01,1.320679348e+02,1.163522306e+02,3.879551671e+01,
1.023991536e-02,-2.696574249e-02,-2.147576838e-02,-6.302268386e-01,-2.912790189e+00,-7.653662732e+00,-1.109720522e+01,-8.506256786e+00,-2.709886811e+00,
1.583222293e-01
l,5.0,-5.0
1.091,1.951,2.831,
4.433158341e-07,8.384969716e+00
4.990089110e-06,-7.598604652e-06,-6.040920697e-07,4.009393676e-05,1.004676261e-04,4.960382007e-04,1.054359164e-03,9.051465531e-04,2.743943990e-04,
6.884336740e-07,-1.780070356e-06,-1.055361576e-06,-3.365197113e-05,-1.474593896e-04,-3.706392445e-04,-5.161749469e-04,-3.752520630e-04,-1.117536322e-04,
1.584460478e-01
l,5.0,-4.0
1.231,2.031,2.851,
4.650348652e-07,7.437595385e+00
1.103427985e-05,-1.573708791e-05,-1.389960275e-05,1.904536066e-04,9.953287507e-04,3.521869664e-03,6.543871637e-03,5.755181304e-03,1.924262133e-03,
1.806279851e-06,-4.674953651e-06,-3.674298089e-06,-1.034505917e-04,-4.700681056e-04,-1.168622888e-03,-1.567100713e-03,-1.070568650e-03,-2.953289525e-04,
1.589101164e-01
l,5.0,-3.0
1.351,2.151,2.991,
5.072886444e-07,7.749490864e+00
2.269346987e-05,-3.179654949e-05,4.357635721e-06,5.915952003e-04,2.723422590e-03,8.620748177e-03,1.518147781e-02,1.308017374e-02,4.350597351e-03,
3.452958934e-06,-8.993557157e-06,-6.035173296e-06,-1.909979849e-04,-8.976985585e-04,-2.377447342e-03,-3.457590073e-03,-2.602827372e-03,-7.988838194e-04,
1.586006751e-01
l,5.0,-2.0
1.411,2.191,3.031,
6.955289352e-07,7.911713283e+00
5.373611930e-05,-6.294365154e-05,3.794308005e-06,1.644620011e-03,6.737351193e-03,1.809349897e-02,2.973271860e-02,2.532887027e-02,8.534731301e-03,
8.587750600e-06,-2.240576359e-05,-7.758500379e-06,-3.361404385e-04,-1.280216687e-03,-2.778822794e-03,-3.292758054e-03,-1.998903177e-03,-5.054994041e-04,
1.589101258e-01
l,5.0,-1.0
1.431,2.271,3.131,
6.160279512e-07,9.806881944e+00
1.224929001e-04,-1.545439648e-04,-1.409823845e-04,7.229497863e-04,-4.120443784e-03,-1.935359955e-02,-3.180629943e-02,-2.509904372e-02,-7.984195323e-03,
1.818482397e-05,-4.763751198e-05,-2.441178531e-05,-8.583269391e-04,-3.613664494e-03,-8.602086618e-03,-1.118971264e-02,-7.513698370e-03,-2.077859591e-03,
1.586316808e-01
l,5.0,0.0
1.471,2.291,3.131,
1.382873762e-06,9.370904744e+00
3.131341946e-04,-3.509263867e-04,-9.788400171e-04,-5.016437828e-03,-4.576695559e-02,-1.433024100e-01,-2.131696486e-01,-1.575535417e-01,-4.678569791e-02,
5.017072723e-05,-1.314382218e-04,-8.793666556e-05,-2.756697605e-03,-1.288024687e-02,-3.394169510e-02,-4.919453556e-02,-3.683304742e-02,-1.124978994e-02,
1.588480579e-01
l,5.0,1.0
1.531,2.351,3.211,
4.769568495e-06,8.269889755e+00
7.731657242e-04,-1.075804729e-03,-6.732458821e-04,1.268426804e-02,4.545783013e-02,1.387779598e-01,2.627618669e-01,2.418487651e-01,8.442981574e-02,
1.118474988e-04,-2.939492637e-04,-1.332012913e-04,-5.039025869e-03,-2.074710862e-02,-4.858472731e-02,-6.195404845e-02,-4.058072426e-02,-1.089299900e-02,
1.585388213e-01
l,5.0,2.0
1.511,2.311,3.151,
1.486835005e-05,8.081473918e+00
2.296725987e-03,-2.488900453e-03,3.376089667e-03,9.938345110e-02,4.332270320e-01,1.166369771e+00,1.843863840e+00,1.505139688e+00,4.881184141e-01,
3.615773622e-04,-9.486606634e-04,-4.516555837e-04,-1.724158430e-02,-7.836017476e-02,-2.079568040e-01,-3.093478549e-01,-2.410055647e-01,-7.731308231e-02,
1.588480222e-01
l,5.0,3.0
1.471,2.331,3.211,
5.353367658e-05,7.928715415e+00
6.458148826e-03,-9.249657998e-03,3.625226807e-03,7.795963564e-02,-2.309794018e-02,-1.813750414e-01,4.120809897e-02,2.869853064e-01,1.474649758e-01,
8.494918965e-04,-2.236192137e-03,-9.876139935e-04,-4.013330087e-02,-1.746318553e-01,-4.374036527e-01,-6.043747344e-01,-4.369018243e-01,-1.304854569e-01,
1.584150766e-01
l,5.0,4.0
1.491,2.191,2.951,
1.298851078e-04,9.251498259e+00
2.584036067e-02,-3.035510072e-02,6.677828593e-02,1.595217387e+00,7.283225942e+00,2.153131267e+01,3.880535778e+01,3.668016528e+01,1.384266466e+01,
4.671351968e-03,-1.228244957e-02,-1.323049941e-02,-3.377865948e-01,-1.699962443e+00,-4.787853647e+00,-7.490636961e+00,-6.138129997e+00,-2.076554844e+00,
1.589272522e-01
l,5.0,5.0
1.431,2.191,2.991,
8.278866041e-04,8.885196751e+00
8.862101287e-02,-1.791820665e-01,3.244106944e-01,4.138005560e+00,1.913154676e+01,7.010906169e+01,1.385825207e+02,1.301538455e+02,4.648884833e+01,
1.172010526e-02,-3.137852819e-02,-2.282412767e-02,-7.277628618e-01,-3.430366403e+00,-9.228793579e+00,-1.366827762e+01,-1.065667468e+01,-3.439377210e+00,
1.582913304e-01
l,6.0,-6.0
1.391,2.191,3.051,
1.490094718e-08,8.465775433e+00
9.909151686e-07,-1.521179750e-06,-2.423156675e-07,2.033499231e-05,1.105643819e-04,4.035928659e-04,7.510815616e-04,6.604549094e-04,2.216120820e-04,
1.411559538e-07,-3.685791905e-07,-1.508068904e-07,-6.075218039e-06,-2.538899127e-05,-6.179299000e-05,-8.340765289e-05,-5.878233382e-05,-1.707442371e-05,
1.585388129e-01
l,6.0,-5.0
1.471,2.271,3.091,
1.849258372e-08,7.793161773e+00
2.126502977e-06,-2.753355915e-06,-6.959644151e-06,-1.040135053e-05,-8.989306911e-05,-1.728839221e-04,-5.390828565e-05,1.056665371e-04,6.935007574e-05,
3.511070863e-07,-9.182824782e-07,-7.787801558e-07,-2.088366981e-05,-9.483467438e-05,-2.373204373e-04,-3.224813805e-04,-2.241256982e-04,-6.315926090e-05,
1.589101546e-01
l,6.0,-4.0
1.571,2.391,3.231,
9.608216744e-09,9.592819347e+00
4.298834028e-06,-5.322465709e-06,-1.549204999e-05,-9.318376061e-05,-7.553564191e-04,-2.283735737e-03,-3.344291127e-03,-2.445384040e-03,-7.189503261e-04,
6.692684166e-07,-1.759781994e-06,-1.039146609e-06,-3.470088010e-05,-1.550888154e-04,-3.909885309e-04,-5.400789822e-04,-3.847871898e-04,-1.121644974e-04,
1.587237482e-01
l,6.0,-3.0
1.651,2.471,3.311,
8.996539979e-09,1.018462209e+01
9.404710909e-06,-9.957916725e-06,-2.644239898e-05,-8.924475613e-05,-1.047425518e-03,-3.478270136e-03,-5.261322121e-03,-3.900154080e-03,-1.155772317e-03,
1.495360169e-06,-3.943106349e-06,-2.140247339e-06,-7.816782781e-05,-3.660438824e-04,-9.738157713e-04,-1.426439188e-03,-1.079436069e-03,-3.335039553e-04,
1.589100795e-01
l,6.0,-2.0
1.751,2.571,3.411,
3.459629255e-08,8.378111984e+00
2.042446067e-05,-2.276544507e-05,-1.929700136e-05,1.645508909e-04,-3.612060683e-04,-1.870190770e-03,-2.293483805e-03,-1.003336917e-03,-7.112215447e-05,
3.160939070e-06,-8.363077464e-06,-2.593754346e-06,-1.296692592e-04,-5.314258103e-04,-1.288885079e-03,-1.764975753e-03,-1.280367830e-03,-3.914213562e-04,
1.587857832e-01
l,6.0,-1.0
1.791,2.611,3.451,
1.850392952e-08,1.046382055e+01
4.904554953e-05,-5.019471791e-05,-1.548753082e-04,-6.092460097e-04,-6.205912157e-03,-2.056772616e-02,-3.164031360e-02,-2.388944052e-02,-7.189443189e-03,
7.839535160e-06,-2.076834122e-05,-1.281463262e-05,-4.253185294e-04,-1.971414561e-03,-5.175552301e-03,-7.478410046e-03,-5.578258850e-03,-1.699204854e-03,
1.589101086e-01
l,6.0,0.0
1.831,2.671,3.531,
3.423526169e-08,1.055217841e+01
1.173295968e-04,-1.369529737e-04,-2.504156240e-04,7.779166191e-04,-1.115497296e-03,-9.255642410e-03,-1.582344028e-02,-1.222728314e-02,-3.789029920e-03,
1.744493971e-05,-4.633018110e-05,-1.368956887e-05,-7.169495334e-04,-2.882284742e-03,-6.648350240e-03,-8.336559778e-03,-5.323744941e-03,-1.391510466e-03,
1.586928237e-01
l,6.0,1.0
1.891,2.691,3.531,
1.490771655e-07,9.430568799e+00
3.043102915e-04,-3.103602744e-04,-1.202345765e-04,7.744656344e-03,3.039163519e-02,7.859533736e-02,1.288889035e-01,1.109295290e-01,3.774237107e-02,
4.811042114e-05,-1.277791349e-04,-7.699379336e-05,-2.598338444e-03,-1.216612203e-02,-3.257834261e-02,-4.829074959e-02,-3.709669984e-02,-1.164604710e-02,
1.588480324e-01
l,6.0,2.0
1.851,2.711,3.591,
1.661687417e-07,1.087596747e+01
8.074361831e-04,-8.510925629e-04,-1.617755656e-04,1.008802002e-02,-4.791184729e-03,-7.272002106e-02,-1.257429560e-01,-9.361588293e-02,-2.726232442e-02,
1.128415241e-04,-3.002732798e-04,-1.582404311e-04,-5.875669151e-03,-2.669876397e-02,-6.918250937e-02,-9.874122699e-02,-7.316204544e-02,-2.222705163e-02,
1.586006920e-01
l,6.0,3.0
1.891,2.691,3.531,
1.116016069e-06,9.555216364e+00
2.366774948e-03,-2.637642575e-03,-6.092485484e-04,5.938630392e-02,2.314750852e-01,6.223429804e-01,1.053425590e+00,9.211393215e-01,3.156374888e-01,
3.653655299e-04,-9.710019228e-04,-5.603500853e-04,-1.958222054e-02,-9.168609348e-02,-2.458248839e-01,-3.645706371e-01,-2.803984354e-01,-8.816612091e-02,
1.588480495e-01
l,6.0,4.0
1.851,2.671,3.551,
3.910615159e-06,9.626428510e+00
7.178436033e-03,-1.021560839e-02,-1.171259117e-02,7.039499355e-02,1.495392458e-01,4.912892635e-01,1.241022071e+00,1.345160254e+00,5.145500524e-01,
9.530731569e-04,-2.537344502e-03,-4.078675874e-04,-3.324849899e-02,-1.167639917e-01,-2.363929548e-01,-2.517703356e-01,-1.308371380e-01,-2.676502103e-02,
1.584459910e-01
l,6.0,5.0
1.811,2.551,3.331,
1.553374295e-05,9.874191466e+00
2.804595977e-02,-3.631302159e-02,-9.755895375e-02,-1.575504164e-01,-2.035836075e+00,-5.716281811e+00,-5.853091080e+00,-1.756929200e+00,3.312937350e-01,
4.749895598e-03,-1.265880985e-02,-1.286875698e-02,-3.430207238e-01,-1.697848975e+00,-4.632821473e+00,-6.893909624e+00,-5.283739423e+00,-1.651390672e+00,
1.589101151e-01
l,6.0,6.0
1.731,2.531,3.331,
4.446371091e-05,1.112549670e+01
1.009412035e-01,-1.895164901e-01,1.297797835e-01,4.248289540e-01,-8.978779370e+00,-2.558759159e+01,-2.591075430e+01,-1.012805329e+01,-8.146645781e-01,
1.324356629e-02,-3.592339356e-02,-3.897676873e-02,-1.076055234e+00,-5.614721300e+00,-1.636977951e+01,-2.609314973e+01,-2.160598050e+01,-7.285092157e+00,
1.582913492e-01
l,7.0,-7.0
1.611,2.431,3.291,
5.363667712e-10,9.018552904e+00
1.931460929e-07,-2.869823142e-07,-1.900025276e-07,2.746861493e-06,1.088932436e-05,3.794184901e-05,7.340876988e-05,6.611825054e-05,2.231836067e-05,
2.731451446e-08,-7.197512201e-08,-2.375214628e-08,-1.137868768e-06,-4.643900550e-06,-1.095468906e-05,-1.415585090e-05,-9.450428212e-06,-2.594937506e-06,
1.586316921e-01
l,7.0,-6.0
1.731,2.531,3.351,
4.394723054e-10,9.231894342e+00
3.937826989e-07,-4.804469276e-07,-5.335135206e-07,8.466444672e-06,3.783504072e-05,1.113185960e-04,1.942254231e-04,1.700023275e-04,5.772385996e-05,
6.434898071e-08,-1.699129196e-07,-1.469787261e-07,-4.023941117e-06,-1.862446820e-05,-4.718675401e-05,-6.468825857e-05,-4.531838816e-05,-1.288939952e-05,
1.589100982e-01
l,7.0,-5.0
1.831,2.651,3.471,
1.493732560e-10,1.115632221e+01
7.848597079e-07,-8.750901243e-07,-2.568778705e-06,-9.548924242e-06,-9.330706224e-05,-2.977029510e-04,-4.418283025e-04,-3.235749803e-04,-9.510507193e-05,
1.289561294e-07,-3.418380077e-07,-2.919057233e-07,-8.032848530e-06,-3.766419697e-05,-9.870027021e-05,-1.422418525e-04,-1.059976733e-04,-3.229576446e-05,
1.587860302e-01
l,7.0,-4.0
1.951,2.751,3.571,
6.197580420e-10,9.185955293e+00
1.637613991e-06,-1.662241263e-06,-1.151715249e-07,6.148281459e-05,2.783636648e-04,7.307165004e-04,1.133298758e-03,9.208282454e-04,2.999338902e-04,
2.726776232e-07,-7.250162806e-07,-6.823538865e-07,-1.826595369e-05,-8.691715100e-05,-2.264659212e-04,-3.208810679e-04,-2.334677749e-04,-6.924654124e-05,
1.589272710e-01
l,7.0,-3.0
2.031,2.831,3.671,
8.589048330e-10,9.252446878e+00
3.563854989e-06,-3.291742973e-06,-2.621370894e-06,1.069308892e-04,4.398218630e-04,1.047511164e-03,1.557686973e-03,1.257123445e-03,4.126431758e-04,
5.753258672e-07,-1.534110347e-06,-5.820160971e-07,-2.440969046e-05,-9.550699170e-05,-2.134271758e-04,-2.610945448e-04,-1.630667469e-04,-4.220739246e-05,
1.588480052e-01
l,7.0,-2.0
2.091,2.911,3.751,
1.576500216e-09,9.111597872e+00
7.966222256e-06,-7.626128547e-06,-1.935120659e-05,5.792354877e-05,-4.050527242e-05,-6.009039623e-04,-1.035845680e-03,-7.225265461e-04,-1.841347329e-04,
1.280737772e-06,-3.422541153e-06,-1.379299189e-06,-5.733487269e-05,-2.333783403e-04,-5.381692541e-04,-6.747600392e-04,-4.287725491e-04,-1.111847067e-04,
1.589101258e-01
l,7.0,-1.0
2.131,2.971,3.831,
7.669588277e-10,1.085253626e+01
1.856378913e-05,-1.577532507e-05,-2.570055120e-05,1.978031936e-04,-1.435211919e-04,-2.148609205e-03,-4.141194265e-03,-3.348390855e-03,-1.024795950e-03,
2.847539314e-06,-7.625410047e-06,-3.375209331e-06,-1.366687952e-04,-5.882729136e-04,-1.446121710e-03,-1.959371492e-03,-1.374601737e-03,-3.988518653e-04,
1.588480343e-01
l,7.0,0.0
2.191,3.011,3.871,
4.167315907e-09,9.540447465e+00
4.538911162e-05,-3.800365789e-05,-8.209506894e-05,7.966424635e-04,3.012266079e-03,6.782190042e-03,1.046453191e-02,8.965812030e-03,3.089692055e-03,
7.050514392e-06,-1.889969182e-05,-7.540002495e-06,-3.199161466e-04,-1.356889896e-03,-3.355035432e-03,-4.619983274e-03,-3.300958090e-03,-9.735175673e-04,
1.589101321e-01
l,7.0,1.0
2.251,3.071,3.931,
5.241205781e-09,1.026448105e+01
1.112926984e-04,-1.198343760e-04,-2.335830159e-04,1.437782763e-03,4.664208936e-03,1.022358440e-02,1.726658668e-02,1.596562270e-02,5.744652327e-03,
1.652370817e-05,-4.435952811e-05,-1.126850233e-05,-6.710140559e-04,-2.697886384e-03,-6.322651125e-03,-8.141451176e-03,-5.379268553e-03,-1.464689543e-03,
1.587857641e-01
l,7.0,2.0
2.251,3.071,3.931,
1.230913091e-08,1.035458493e+01
2.992721857e-04,-2.964346369e-04,-6.719534710e-04,3.931235731e-03,1.348820214e-02,2.870104687e-02,4.581070194e-02,4.102349176e-02,1.454871693e-02,
4.554276001e-05,-1.222702604e-04,-4.087604290e-05,-1.931302165e-03,-7.797179198e-03,-1.825328965e-02,-2.350680654e-02,-1.551549716e-02,-4.209362594e-03,
1.588480222e-01
l,7.0,3.0
2.251,3.071,3.951,
3.537445478e-08,1.035110724e+01
8.288227255e-04,-8.626253253e-04,-1.905644219e-03,9.798351957e-03,3.222366526e-02,7.010559794e-02,1.187852515e-01,1.105502653e-01,3.998627571e-02,
1.187842793e-04,-3.190980089e-04,-1.147638941e-04,-5.044490086e-03,-1.967458553e-02,-4.424959552e-02,-5.437458706e-02,-3.411806361e-02,-8.798318347e-03,
1.586618267e-01
l,7.0,4.0
2.191,3.051,3.911,
1.830259497e-07,9.806962897e+00
2.458391944e-03,-2.568711325e-03,-3.415875465e-03,2.794168716e-02,1.710482572e-02,-1.051196007e-01,-1.916282328e-01,-1.233465100e-01,-2.728562870e-02,
3.649196939e-04,-9.797898425e-04,-4.303938628e-04,-1.715319382e-02,-7.174376714e-02,-1.712278694e-01,-2.239268752e-01,-1.509287793e-01,-4.199565845e-02,
1.588480233e-01
l,7.0,5.0
2.151,3.031,3.911,
1.619415771e-07,1.173129436e+01
7.613488939e-03,-9.149599750e-03,-1.862221855e-03,7.743380610e-02,-1.475221433e-01,-9.046453454e-01,-1.414342270e+00,-9.960844940e-01,-2.762578148e-01,
1.004235588e-03,-2.699366191e-03,-1.261554738e-03,-5.178029108e-02,-2.340472675e-01,-6.068690084e-01,-8.658639301e-01,-6.422677741e-01,-1.956196033e-01,
1.585078531e-01
l,7.0,6.0
2.131,2.911,3.711,
2.466368004e-06,1.018054456e+01
2.983123064e-02,-3.233142184e-02,5.395822090e-02,1.301353440e+00,4.390797254e+00,9.407983335e+00,1.376803162e+01,1.146394989e+01,3.936078814e+00,
4.767883656e-03,-1.284087074e-02,-1.228148762e-02,-3.513081784e-01,-1.803932572e+00,-5.151079014e+00,-8.068863364e+00,-6.546017695e+00,-2.168590222e+00,
1.589101340e-01
l,7.0,7.0
2.071,2.871,3.691,
7.439309698e-06,1.106582803e+01
1.126928031e-01,-2.183385143e-01,-2.482051249e-01,-1.369728401e+00,-1.380436753e+01,-3.171586281e+01,-2.683294176e+01,-5.329272726e+00,2.215664924e+00,
1.402501331e-02,-3.840751292e-02,-2.658749145e-02,-8.668322721e-01,-3.928154378e+00,-1.013760594e+01,-1.426160609e+01,-1.045954341e+01,-3.165592384e+00,
1.583531762e-01
l,8.0,-8.0
1.831,2.671,3.531,
6.957980859e-12,1.123360336e+01
3.703021889e-08,-5.083155565e-08,-5.331418257e-08,3.029446531e-07,-7.670411136e-08,-1.073115372e-06,-7.864347229e-07,1.049176765e-07,1.625541124e-07,
5.255328269e-09,-1.395659307e-08,-4.136338502e-09,-2.194507469e-07,-8.925723465e-07,-2.084613163e-06,-2.648776833e-06,-1.727728895e-06,-4.634820242e-07,
1.586618143e-01
l,8.0,-7.0
2.011,2.791,3.611,
8.321954697e-12,1.064367818e+01
7.214742226e-08,-7.793613356e-08,6.581821555e-08,3.110635131e-06,1.355722227e-05,3.540834712e-05,5.500974840e-05,4.481030045e-05,1.463450951e-05,
1.172254248e-08,-3.120514695e-08,-2.887686264e-08,-7.914507698e-07,-3.816377941e-06,-1.011635059e-05,-1.462766513e-05,-1.090739173e-05,-3.323354112e-06,
1.589101198e-01
l,8.0,-6.0
2.091,2.911,3.731,
4.020342931e-12,1.168021313e+01
1.418043070e-07,-1.528810391e-07,-5.484939085e-07,-8.843490115e-07,-8.633814727e-06,-2.728516580e-05,-3.784985301e-05,-2.536140323e-05,-6.807554001e-06,
2.344278503e-08,-6.261297612e-08,-4.957578766e-08,-1.418026857e-06,-6.465792606e-06,-1.627440195e-05,-2.222334697e-05,-1.547443854e-05,-4.369814450e-06,
1.588480500e-01
l,8.0,-5.0
2.251,3.011,3.831,
6.194411509e-12,1.121725904e+01
2.901012977e-07,-2.212717438e-07,4.405994571e-07,1.536210520e-05,6.880959772e-05,1.755564601e-04,2.672201271e-04,2.179958111e-04,7.255304188e-05,
4.945370109e-08,-1.324311290e-07,-1.421319233e-07,-3.610782931e-06,-1.772920570e-05,-4.793064855e-05,-7.104072088e-05,-5.435531492e-05,-1.697742707e-05,
1.589273092e-01
l,8.0,-4.0
2.291,3.111,3.951,
2.196875685e-12,1.283733579e+01
6.087149131e-07,-4.909672477e-07,-1.912413013e-06,-2.962249152e-06,-4.936557530e-05,-1.905780915e-04,-3.148216856e-04,-2.476974182e-04,-7.652042666e-05,
9.874293104e-08,-2.652046762e-07,-1.353757248e-07,-5.152026092e-06,-2.370428675e-05,-6.225565407e-05,-9.013987944e-05,-6.724532831e-05,-2.050527300e-05,
1.589101164e-01
l,8.0,-3.0
2.371,3.191,4.031,
8.345672154e-12,1.167249237e+01
1.330088025e-06,-9.207913315e-07,-2.377117675e-06,1.803635386e-05,3.361585857e-05,-1.418449151e-05,-8.126646987e-05,-7.468674575e-05,-2.305880216e-05,
2.194177170e-07,-5.904164055e-07,-2.940318091e-07,-1.121090570e-05,-5.129624683e-05,-1.353917958e-04,-1.985306184e-04,-1.505860106e-04,-4.679420692e-05,
1.589272341e-01
l,8.0,-2.0
2.471,3.271,4.111,
2.540183773e-11,1.096160501e+01
2.974317113e-06,-2.086467975e-06,-1.142116914e-06,9.640374537e-05,3.993569714e-04,9.143850481e-04,1.282217379e-03,9.824665700e-04,3.094812237e-04,
4.872738664e-07,-1.313525467e-06,-5.974737785e-07,-2.357448091e-05,-1.039486936e-04,-2.675221978e-04,-3.857462567e-04,-2.896718721e-04,-8.981431375e-05,
1.589101258e-01
l,8.0,-1.0
2.511,3.331,4.171,
7.291941244e-11,1.046347150e+01
6.935663805e-06,-4.907207184e-06,-8.442617194e-06,1.674109656e-04,6.641985165e-04,1.452648861e-03,2.034575734e-03,1.596301269e-03,5.175864297e-04,
1.141966693e-06,-3.082355000e-06,-1.772189512e-06,-6.128400789e-05,-2.812870494e-04,-7.405972142e-04,-1.081097299e-03,-8.152202078e-04,-2.514419383e-04,
1.589272632e-01
l,8.0,0.0
2.551,3.391,4.231,
8.429353030e-11,1.108175469e+01
1.654301013e-05,-1.378973339e-05,-2.909942487e-05,2.962891269e-04,9.782880411e-04,1.621909320e-03,1.807563748e-03,1.233319721e-03,3.667748486e-04,
2.674121309e-06,-7.227000567e-06,-4.184105311e-06,-1.441488419e-04,-6.516143702e-04,-1.673159516e-03,-2.363868915e-03,-1.717163911e-03,-5.095220661e-04,
1.588480579e-01
l,8.0,1.0
2.571,3.431,4.291,
1.584615519e-11,1.369100917e+01
4.115554839e-05,-3.313425068e-05,-5.515087602e-05,4.836768362e-04,1.412189521e-04,-3.351080883e-03,-7.188344346e-03,-6.077047279e-03,-1.920279909e-03,
6.266265820e-06,-1.695582820e-05,-7.129929567e-06,-3.035743838e-04,-1.313152929e-03,-3.257713964e-03,-4.462173027e-03,-3.164169207e-03,-9.269983744e-04,
1.589101066e-01
l,8.0,2.0
2.611,3.451,4.311,
6.701551055e-10,1.067196119e+01
1.069991995e-04,-9.669602937e-05,-2.374564254e-04,1.252996707e-03,3.056226746e-03,2.823697410e-03,2.406229552e-03,2.457852135e-03,1.129878355e-03,
1.634460813e-05,-4.424509394e-05,-1.696578821e-05,-7.316102275e-04,-2.960390988e-03,-6.853753310e-03,-8.650025385e-03,-5.541892117e-03,-1.449404000e-03,
1.588169850e-01
l,8.0,3.0
2.591,3.451,4.331,
4.323972045e-09,9.770247018e+00
2.922170970e-04,-2.649392133e-04,-7.962173233e-04,2.216714108e-03,3.529107527e-03,-3.453011030e-03,-8.423035137e-03,-4.033709584e-03,-8.170593228e-05,
4.266586583e-05,-1.155476105e-04,-2.013252668e-05,-1.556535303e-03,-5.582746668e-03,-1.148434010e-02,-1.251694798e-02,-6.550507030e-03,-1.318258704e-03,
1.588480495e-01
l,8.0,4.0
2.571,3.451,4.331,
1.383868940e-09,1.214995440e+01
8.237559232e-04,-8.295054538e-04,-2.079783308e-03,5.274054618e-03,-3.385272130e-04,-4.106521358e-02,-7.349939956e-02,-5.289257442e-02,-1.436714204e-02,
1.174422995e-04,-3.180945676e-04,-6.837075719e-05,-4.419219605e-03,-1.597157717e-02,-3.316945004e-02,-3.670267613e-02,-1.984269391e-02,-4.235094810e-03,
1.586927892e-01
l,8.0,5.0
2.571,3.411,4.291,
9.111773834e-09,1.145791293e+01
2.534348052e-03,-2.226779750e-03,-2.217652976e-03,4.752305347e-02,1.386140687e-01,2.422125637e-01,3.264816544e-01,2.688620831e-01,9.163061843e-02,
3.609656656e-04,-9.772856663e-04,-5.006087712e-04,-1.902681582e-02,-8.561610712e-02,-2.200170445e-01,-3.110711498e-01,-2.272510071e-01,-6.796027600e-02,
1.588170037e-01
l,8.0,6.0
2.491,3.371,4.251,
1.408303653e-09,1.507329774e+01
8.163803257e-03,-9.256548562e-03,-1.454446540e-02,4.133690789e-02,-2.598396261e-01,-1.295715646e+00,-2.147888982e+00,-1.641165155e+00,-4.914142094e-01,
1.107377426e-03,-2.999331163e-03,-7.697183557e-04,-4.464074676e-02,-1.706760247e-01,-3.800839691e-01,-4.620554614e-01,-2.890486933e-01,-7.558745243e-02,
1.585388486e-01
l,8.0,7.0
2.451,3.251,4.071,
1.543900590e-09,1.681106078e+01
3.217500076e-02,-3.309031971e-02,-9.295680621e-02,-2.214840202e-01,-3.870297762e+00,-1.512126542e+01,-2.600931171e+01,-2.161497371e+01,-7.102500552e+00,
4.999565344e-03,-1.357875125e-02,-1.070116450e-02,-3.208212433e-01,-1.520082042e+00,-4.060020859e+00,-5.964834032e+00,-4.537609447e+00,-1.415823887e+00,
1.588790549e-01
l,8.0,8.0
2.431,3.211,4.051,
3.634755795e-07,1.270502233e+01
1.235925034e-01,-2.125959628e-01,2.665555150e-01,5.553490759e+00,2.163675693e+01,6.149954624e+01,1.073587446e+02,9.517138592e+01,3.284527644e+01,
1.470624413e-02,-4.058087552e-02,-9.553858223e-03,-6.569736219e-01,-2.729542285e+00,-6.925750735e+00,-9.863614093e+00,-7.536917076e+00,-2.438016022e+00,
1.583531876e-01
l,9.0,-9.0
2.111,2.931,3.771,
4.876074290e-13,1.055723180e+01
6.827602039e-09,-8.947351862e-09,-5.116411936e-09,1.278447720e-07,4.262864901e-07,1.153187000e-06,2.078776831e-06,1.883082692e-06,6.522394695e-07,
1.006659136e-09,-2.691532321e-09,-1.332322118e-09,-5.212112387e-08,-2.377550624e-07,-6.183682936e-07,-8.835369170e-07,-6.534689586e-07,-1.979919303e-07,
1.587238200e-01
l,9.0,-8.0
2.271,3.051,3.871,
2.199814503e-13,1.141065643e+01
1.310240982e-08,-1.255498707e-08,1.920451455e-08,5.582124982e-07,2.085669667e-06,4.724080599e-06,6.792113171e-06,5.374010977e-06,1.745705668e-06,
2.124440316e-09,-5.694728165e-09,-5.249556954e-09,-1.469479104e-07,-7.248904163e-07,-1.983057205e-06,-2.978002462e-06,-2.314346997e-06,-7.349998909e-07,
1.589101113e-01
l,9.0,-7.0
2.371,3.171,3.991,
2.442644757e-13,1.130338853e+01
2.538826926e-08,-2.415914385e-08,-5.586140005e-08,4.705019502e-07,1.963273655e-06,4.747081495e-06,7.431678724e-06,6.274623706e-06,2.117388019e-06,
4.240942703e-09,-1.140111925e-08,-1.023140266e-08,-2.781671773e-07,-1.293809117e-06,-3.294572670e-06,-4.542342458e-06,-3.191901460e-06,-9.097064947e-07,
1.589101198e-01
l,9.0,-6.0
2.471,3.291,4.111,
2.631733365e-14,1.391890345e+01
5.030502948e-08,-4.329929413e-08,-1.853573892e-07,-4.427868952e-07,-4.839994299e-06,-1.735853947e-05,-2.795426856e-05,-2.172971722e-05,-6.669947864e-06,
8.459292849e-09,-2.280337297e-08,-1.728268078e-08,-5.174488806e-07,-2.418177634e-06,-6.320852677e-06,-9.069696916e-06,-6.695674348e-06,-2.017982652e-06,
1.589272789e-01
l,9.0,-5.0
2.591,3.391,4.211,
3.707407040e-13,1.126930374e+01
1.035247976e-07,-7.782863794e-08,-1.022466292e-07,3.476172287e-06,1.608401622e-05,3.967437365e-05,5.789301981e-05,4.521025235e-05,1.438755760e-05,
1.779337051e-08,-4.806765251e-08,-4.743473613e-08,-1.240438683e-06,-5.889345201e-06,-1.530150946e-05,-2.161836275e-05,-1.562154114e-05,-4.588734447e-06,
1.589273092e-01
l,9.0,-4.0
2.671,3.491,4.311,
4.927413682e-13,1.135671771e+01
2.185371955e-07,-1.449332939e-07,-1.597023222e-07,4.620897184e-06,1.038912916e-05,4.054226453e-06,-1.030207391e-05,-1.277334400e-05,-4.373714296e-06,
3.740565127e-08,-1.012550283e-07,-9.137445755e-08,-2.534261898e-06,-1.232620644e-05,-3.352714974e-05,-5.030523147e-05,-3.898974043e-05,-1.233340741e-05,
1.589272710e-01
l,9.0,-3.0
2.751,3.571,4.411,
4.467432902e-14,1.417699794e+01
4.794821962e-07,-3.384733778e-07,-1.662275964e-06,-2.565307844e-06,-3.663961397e-05,-1.448859648e-04,-2.453577625e-04,-1.968925749e-04,-6.173379105e-05,
7.859275077e-08,-2.131595425e-07,-9.898441933e-08,-4.019915334e-06,-1.819362558e-05,-4.704367497e-05,-6.697156315e-05,-4.893077661e-05,-1.460046813e-05,
1.589272341e-01
l,9.0,-2.0
2.811,3.631,4.471,
2.021921939e-13,1.318333375e+01
1.090514957e-06,-6.902208953e-07,-3.813601198e-06,-9.082292187e-07,-4.499912191e-05,-2.143542688e-04,-3.832030683e-04,-3.134571745e-04,-9.879167975e-05,
1.839882452e-07,-4.995734237e-07,-2.800919349e-07,-9.583892873e-06,-4.157581510e-05,-1.019577313e-04,-1.369897879e-04,-9.368306154e-05,-2.604993685e-05,
1.589272804e-01
l,9.0,-1.0
2.871,3.711,4.551,
8.284012176e-13,1.240820193e+01
2.505559905e-06,-1.863228165e-06,-5.008574909e-06,4.336260895e-05,1.466542222e-04,2.269670872e-04,2.193532137e-04,1.289709399e-04,3.416746982e-05,
4.078548742e-07,-1.109030406e-06,-5.568549319e-07,-2.125750488e-05,-9.538660456e-05,-2.439324035e-04,-3.431200544e-04,-2.475356667e-04,-7.291368176e-05,
1.589272632e-01
l,9.0,0.0
2.911,3.751,4.611,
2.536961460e-12,1.200875973e+01
6.057752216e-06,-3.723392907e-06,-9.733685112e-06,8.665753152e-05,1.727701969e-04,-5.104917195e-05,-4.077529208e-04,-3.961614428e-04,-1.252005833e-04,
9.544093302e-07,-2.597940747e-06,-1.114142836e-06,-4.663474489e-05,-2.009512307e-04,-4.958353716e-04,-6.749652245e-04,-4.733165623e-04,-1.367322957e-04,
1.589272867e-01
l,9.0,1.0
2.951,3.791,4.651,
1.019854066e-11,1.144177767e+01
1.502444957e-05,-1.053776971e-05,-3.477063035e-05,2.254696560e-04,8.610194278e-04,1.631551253e-03,2.070779641e-03,1.565716244e-03,5.040836832e-04,
2.357800905e-06,-6.422440076e-06,-2.475728046e-06,-1.080251300e-04,-4.500784874e-04,-1.090396147e-03,-1.464559092e-03,-1.011703990e-03,-2.873430127e-04,
1.589101066e-01
l,9.0,2.0
2.951,3.811,4.691,
1.718620595e-12,1.390343686e+01
3.872138041e-05,-2.254563713e-05,-4.749215564e-05,6.570427634e-04,1.665988949e-03,1.213844148e-03,-5.371285126e-04,-1.230556260e-03,-5.023569359e-04,
5.824995183e-06,-1.587752755e-05,-7.305820865e-06,-2.968287461e-04,-1.316110292e-03,-3.340557920e-03,-4.670410449e-03,-3.362784664e-03,-9.917924746e-04,
1.589100964e-01
l,9.0,3.0
2.951,3.831,4.711,
9.423203777e-14,1.747639811e+01
1.024490994e-04,-7.577996176e-05,-2.455115361e-04,5.992796927e-04,-1.345795528e-03,-1.218792750e-02,-2.392744789e-02,-2.020231247e-02,-6.462938593e-03,
1.519054588e-05,-4.142005773e-05,-1.081297338e-05,-6.167773745e-04,-2.366437460e-03,-5.256971700e-03,-6.375616596e-03,-3.915989428e-03,-9.892574462e-04,
1.588480261e-01
l,9.0,4.0
2.951,3.831,4.711,
3.585548713e-13,1.722401498e+01
2.843230905e-04,-2.213277571e-04,-6.507159576e-04,1.636239042e-03,-4.323159835e-03,-3.509837080e-02,-6.757591787e-02,-5.655932161e-02,-1.801095696e-02,
4.185142499e-05,-1.141206523e-04,-3.068211280e-05,-1.709562363e-03,-6.581827879e-03,-1.468198382e-02,-1.790684699e-02,-1.109786620e-02,-2.835342695e-03,
1.588480233e-01
l,9.0,5.0
2.931,3.811,4.711,
2.379585685e-10,1.230349452e+01
8.303577779e-04,-6.214446717e-04,-1.180953386e-03,1.064057011e-02,1.867097316e-02,-7.186809509e-03,-4.154587240e-02,-3.730371910e-02,-1.117672135e-02,
1.152217255e-04,-3.142203564e-04,-1.005432933e-04,-5.166616792e-03,-2.161932384e-02,-5.279696343e-02,-7.126671146e-02,-4.975182862e-02,-1.432494546e-02,
1.587237469e-01
l,9.0,6.0
2.891,3.771,4.651,
1.644598061e-10,1.387484303e+01
2.583706053e-03,-2.331283561e-03,-6.841510399e-03,1.679488923e-02,4.766152338e-03,-1.299974096e-01,-2.612650506e-01,-2.065685247e-01,-6.125849737e-02,
3.741779922e-04,-1.019781138e-03,-2.887915287e-04,-1.494654910e-02,-5.493023133e-02,-1.158039014e-01,-1.309365533e-01,-7.291045293e-02,-1.615850574e-02,
1.588170226e-01
l,9.0,7.0
2.871,3.711,4.611,
2.356910215e-09,1.271506298e+01
8.648554794e-03,-8.502330110e-03,-1.690580617e-02,1.328082947e-01,4.490884447e-01,8.957110380e-01,1.306470057e+00,1.098294862e+00,3.734537460e-01,
1.148914732e-03,-3.132693651e-03,-1.223248991e-03,-5.364799971e-02,-2.184454291e-01,-5.091182410e-01,-6.450545489e-01,-4.182014065e-01,-1.114173853e-01,
1.585697835e-01
l,9.0,8.0
2.771,3.591,4.431,
4.313853985e-08,1.148504912e+01
3.419898078e-02,-2.826249055e-02,-2.392262579e-02,1.011429967e+00,3.760360987e+00,7.758447093e+00,1.038124260e+01,7.921569048e+00,2.527231687e+00,
5.201591418e-03,-1.422606918e-02,-6.259924185e-03,-2.592641015e-01,-1.140501017e+00,-2.945121364e+00,-4.245815676e+00,-3.192536459e+00,-9.948709162e-01,
1.588480413e-01
l,9.0,9.0
2.711,3.551,4.391,
1.243502906e-08,1.452250697e+01
1.339022070e-01,-2.246484985e-01,-2.236123413e-01,-2.348871605e-01,-1.379867312e+01,-4.851143664e+01,-7.111104233e+01,-4.994949179e+01,-1.394380395e+01,
1.617362074e-02,-4.495507837e-02,-1.584464186e-02,-7.644314278e-01,-3.003718228e+00,-6.926838674e+00,-8.685925777e+00,-5.707944245e+00,-1.599055016e+00,
1.583531554e-01
