l,0.0,-0.0
0.111,0.811,1.571,
3.669352647e-01,1.838646022e+00
1.416189037e-02,-2.252154068e-02,8.631591848e-02,1.439290167e+00,1.054698298e+01,3.989464787e+01,7.997979014e+01,8.154835668e+01,3.307970050e+01,
3.337168911e-03,-7.191614960e-03,-1.239720555e-02,-2.344321870e-01,-1.213610159e+00,-3.348879299e+00,-5.032573648e+00,-3.901518046e+00,-1.223940155e+00,
1.588170210e-01
l,1.0,-1.0
0.311,1.171,2.091,
2.366104462e-02,3.013140016e+00
1.895815949e-03,-2.998828283e-03,2.032026987e-03,4.119778815e-02,2.930363997e-01,1.012566316e+00,1.699665806e+00,1.400247291e+00,4.562842916e-01,
3.030152794e-04,-6.905645162e-04,-5.605034373e-04,-1.317948598e-02,-5.731620286e-02,-1.376655576e-01,-1.808470226e-01,-1.226670247e-01,-3.365933059e-02,
1.584769610e-01
l,1.0,0.0
0.351,1.011,1.711,
1.014133885e-01,3.488421135e+00
9.273900650e-03,-1.098330209e-02,3.325732070e-02,4.030899534e-01,2.362076158e+00,9.496523026e+00,2.029473835e+01,2.152021055e+01,9.029854663e+00,
2.464132153e-03,-5.409241754e-03,-1.105274572e-02,-2.249822286e-01,-1.378117894e+00,-4.581596066e+00,-8.397892025e+00,-7.970442169e+00,-3.057678661e+00,
1.590203902e-01
l,1.0,1.0
0.331,1.131,1.931,
1.163004163e+00,4.616726013e+00
2.828151919e-02,-4.951716132e-02,1.204344246e-01,6.403316423e-01,1.103489536e+00,-1.640129096e+00,-1.218845772e+01,-1.801713872e+01,-8.242296156e+00,
5.259360573e-03,-1.201314838e-02,-1.338893162e-02,-2.979699189e-01,-1.449372607e+00,-3.905084536e+00,-5.821179880e+00,-4.547467083e+00,-1.455668875e+00,
1.585697897e-01
l,2.0,-2.0
0.511,1.451,2.411,
1.102452946e-03,4.323260897e+00
2.951131028e-04,-4.212566889e-04,6.960642866e-04,5.662422780e-03,1.735916034e-02,3.932650565e-02,4.767972062e-02,2.737915088e-02,5.952053951e-03,
4.190554745e-05,-9.806876980e-05,-6.299223941e-05,-1.639155682e-03,-6.623760215e-03,-1.504933339e-02,-1.885283197e-02,-1.232937891e-02,-3.307134126e-03,
1.584150172e-01
l,2.0,-1.0
0.631,1.451,2.311,
1.988842670e-03,4.352512165e+00
1.019567950e-03,-1.392184678e-03,1.443246788e-03,2.307625986e-02,9.308555127e-02,2.742486998e-01,4.457392418e-01,3.571278936e-01,1.123600519e-01,
1.830411632e-04,-4.252700509e-04,-3.174045435e-04,-8.036320021e-03,-3.507530226e-02,-8.464440836e-02,-1.121898749e-01,-7.717441475e-02,-2.172771348e-02,
1.588480469e-01
l,2.0,0.0
0.631,1.511,2.411,
3.041382903e-02,8.363591398e+00
3.140575020e-03,-4.333337803e-03,2.485790342e-03,-1.134365502e-02,-2.991655292e-01,-1.064104068e+00,-1.853322396e+00,-1.627262411e+00,-5.629275673e-01,
4.992650618e-04,-1.170043074e-03,-7.209033068e-04,-1.945332430e-02,-8.059956720e-02,-1.917128127e-01,-2.557181887e-01,-1.801510653e-01,-5.249867768e-02,
1.584769178e-01
l,2.0,1.0
0.671,1.451,2.231,
6.099675481e-02,8.014546575e+00
1.275717001e-02,-1.552992833e-02,4.216640625e-02,3.755686355e-01,5.055210247e-01,-6.681697760e-01,-3.579436669e+00,-5.001128787e+00,-2.351816600e+00,
2.640177643e-03,-6.143628809e-03,-7.098966876e-03,-1.610664668e-01,-8.266458984e-01,-2.368536104e+00,-3.786586202e+00,-3.170501011e+00,-1.086212301e+00,
1.589583054e-01
l,2.0,2.0
0.711,1.511,2.351,
5.778352570e-02,4.703139609e+00
4.405985028e-02,-7.872905609e-02,2.047470235e-01,2.571725322e+00,1.390775019e+01,4.411562823e+01,7.191672176e+01,5.705669042e+01,1.765830964e+01,
6.952921014e-03,-1.655304896e-02,-7.659978678e-03,-2.464601623e-01,-9.384194654e-01,-2.081849647e+00,-2.593616894e+00,-1.743809368e+00,-5.017094930e-01,
1.585387954e-01
l,3.0,-3.0
0.811,1.751,2.711,
4.525356895e-05,7.548291913e+00
4.367592919e-05,-5.856635546e-05,4.954750232e-05,2.091251456e-04,-1.045588869e-03,-3.878072506e-03,-6.373962360e-03,-5.471775883e-03,-1.870852928e-03,
5.979392295e-06,-1.426603937e-05,-1.097938603e-05,-2.824740709e-04,-1.242900696e-03,-3.040761661e-03,-4.069581113e-03,-2.816114079e-03,-7.903653773e-04,
1.584460068e-01
l,3.0,-2.0
0.911,1.791,2.711,
4.430052511e-05,5.162007526e+00
1.341387979e-04,-1.780883415e-04,-3.859019731e-05,2.618652315e-03,1.357823780e-02,4.286187632e-02,7.033162858e-02,5.566674475e-02,1.700355331e-02,
2.066746752e-05,-4.931178559e-05,-2.642476303e-05,-8.139198084e-04,-3.374961612e-03,-7.829018643e-03,-9.909370256e-03,-6.453587598e-03,-1.708818021e-03,
1.587857216e-01
l,3.0,-1.0
0.951,1.871,2.791,
8.852667053e-05,5.215374047e+00
3.857470001e-04,-4.963249378e-04,-1.707916933e-04,4.620792541e-03,1.838426317e-02,5.845879386e-02,9.916636196e-02,7.867693079e-02,2.355108514e-02,
5.880654127e-05,-1.409456619e-04,-9.336506996e-05,-2.519061462e-03,-1.067796782e-02,-2.557179554e-02,-3.375381601e-02,-2.310299343e-02,-6.450807977e-03,
1.586007711e-01
l,3.0,0.0
1.011,1.891,2.791,
2.029329853e-04,7.893248495e+00
1.246563043e-03,-1.319633020e-03,-1.120574937e-05,4.121810333e-03,-6.076647200e-02,-2.360694462e-01,-3.763560927e-01,-2.957576877e-01,-9.341895204e-02,
2.032023993e-04,-4.872112930e-04,-3.124554627e-04,-8.667352590e-03,-3.755217612e-02,-9.296017905e-02,-1.284447314e-01,-9.285691777e-02,-2.756770546e-02,
1.588480581e-01
l,3.0,1.0
1.091,1.951,2.851,
5.272143414e-04,6.149888131e+00
3.936054185e-03,-4.941657510e-03,3.870243554e-03,8.485838880e-02,3.482496001e-01,1.089225911e+00,1.895075507e+00,1.595486789e+00,5.152159108e-01,
6.064242512e-04,-1.460049664e-03,-1.064571924e-03,-2.941351324e-02,-1.351724579e-01,-3.483034928e-01,-4.934176121e-01,-3.619820683e-01,-1.079296956e-01,
1.586007059e-01
l,3.0,2.0
1.091,1.891,2.711,
1.856110290e-03,5.960173172e+00
1.576499082e-02,-1.962910880e-02,5.280623581e-03,5.718940009e-01,2.925256363e+00,8.890876860e+00,1.485645822e+01,1.237583639e+01,4.035998667e+00,
2.946508689e-03,-7.085381875e-03,-9.116820270e-03,-1.940933664e-01,-9.252773550e-01,-2.377986033e+00,-3.314838351e+00,-2.372597151e+00,-6.891668801e-01,
1.589100806e-01
l,3.0,3.0
1.111,1.931,2.791,
6.498183576e-03,6.713152653e+00
5.773885176e-02,-1.008988362e-01,1.498575937e-02,1.337354314e+00,7.303427811e+00,2.728582432e+01,5.113919562e+01,4.491897240e+01,1.499353112e+01,
8.475778755e-03,-2.075861406e-02,-1.172596635e-02,-3.560060885e-01,-1.462369568e+00,-3.454226263e+00,-4.484433810e+00,-3.033787749e+00,-8.444482583e-01,
1.585388245e-01
l,4.0,-4.0
1.131,2.051,2.991,
6.526130353e-07,5.793312290e+00
6.249626040e-06,-8.617410702e-06,-3.687360807e-06,5.410190112e-05,2.282739835e-04,8.336851864e-04,1.493354981e-03,1.211693259e-03,3.678192791e-04,
8.847996752e-07,-2.141538872e-06,-1.238584575e-06,-3.502433428e-05,-1.392229550e-04,-3.157441925e-04,-3.956805190e-04,-2.581294003e-04,-6.905750822e-05,
1.585078210e-01
l,4.0,-3.0
1.211,2.131,3.051,
9.440743311e-07,6.280190905e+00
1.743458051e-05,-1.999295739e-05,-4.396252703e-06,1.633229335e-04,2.831231676e-04,7.486650533e-04,1.583573470e-03,1.472314114e-03,4.869926231e-04,
2.643244175e-06,-6.415023194e-06,-3.504462985e-06,-1.073271942e-04,-4.518653049e-04,-1.093829042e-03,-1.474607765e-03,-1.037751275e-03,-2.994790944e-04,
1.587857710e-01
l,4.0,-2.0
1.291,2.211,3.151,
1.613975070e-06,6.386573925e+00
4.851536141e-05,-4.867265307e-05,1.248910303e-05,5.915713003e-04,6.392210163e-04,1.829934596e-04,6.257648479e-04,1.052287201e-03,4.584508090e-04,
7.144029287e-06,-1.741269122e-05,-1.240205229e-05,-3.345473503e-04,-1.448022152e-03,-3.512424319e-03,-4.687986133e-03,-3.244622872e-03,-9.172278993e-04,
1.586927557e-01
l,4.0,-1.0
1.351,2.271,3.211,
3.206419175e-06,6.456412441e+00
1.418651955e-04,-1.338311442e-04,-8.934324881e-05,1.619303946e-03,3.444531460e-03,6.100157946e-03,1.007389346e-02,8.939569476e-03,2.972113465e-03,
2.130057452e-05,-5.204545320e-05,-3.524331902e-05,-9.631857495e-04,-4.100562559e-03,-9.841731332e-03,-1.302648655e-02,-8.934170114e-03,-2.502801021e-03,
1.588170098e-01
l,4.0,0.0
1.411,2.331,3.271,
8.610077135e-06,6.053651790e+00
4.245717137e-04,-4.354277170e-04,-6.419729892e-04,4.059213100e-03,1.272647790e-02,3.098985219e-02,5.148270835e-02,4.290972198e-02,1.359303009e-02,
6.340386466e-05,-1.552961319e-04,-8.848339814e-05,-2.566533987e-03,-1.024336719e-02,-2.323264616e-02,-2.905509677e-02,-1.880643024e-02,-4.991557078e-03,
1.587237641e-01
l,4.0,1.0
1.451,2.371,3.291,
2.153373655e-05,6.256889770e+00
1.347003039e-03,-1.354766130e-03,-7.804986593e-04,1.469160851e-02,1.316697874e-02,-2.064282394e-02,-3.476340778e-02,-1.419978041e-02,-2.958363279e-04,
2.083994092e-04,-5.109820866e-04,-3.215510741e-04,-8.980120635e-03,-3.646687654e-02,-8.272648048e-02,-1.027916042e-01,-6.601367336e-02,-1.743550873e-02,
1.588169990e-01
l,4.0,2.0
1.491,2.391,3.311,
5.714718509e-05,6.661031896e+00
4.555351101e-03,-5.206434212e-03,-5.616417431e-03,5.581977713e-02,1.719950764e-01,4.007999130e-01,6.427434843e-01,5.293694730e-01,1.678554600e-01,
6.844444521e-04,-1.681174773e-03,-9.331107284e-04,-2.858197121e-02,-1.169139468e-01,-2.683738859e-01,-3.357018255e-01,-2.156516682e-01,-5.653034122e-02,
1.586927722e-01
l,4.0,3.0
1.491,2.351,3.231,
8.522221690e-05,8.905027061e+00
1.776554994e-02,-1.667477300e-02,4.495007813e-04,2.370547435e-01,1.374447738e-02,-1.252526748e+00,-2.309874628e+00,-1.781716756e+00,-5.374686231e-01,
2.887847634e-03,-7.106095366e-03,-5.170699615e-03,-1.454820007e-01,-6.691526047e-01,-1.732700921e+00,-2.477058479e+00,-1.838984704e+00,-5.583983783e-01,
1.589101098e-01
l,4.0,4.0
1.491,2.371,3.271,
2.096014663e-04,1.023700980e+01
6.807006150e-02,-1.026903754e-01,-6.283817207e-02,-6.200439712e-02,-4.919565654e+00,-1.580003612e+01,-2.180940831e+01,-1.498110771e+01,-4.230674320e+00,
9.119088547e-03,-2.277411367e-02,-9.043190201e-03,-3.350519920e-01,-1.223351587e+00,-2.571987999e+00,-2.940925203e+00,-1.753337407e+00,-4.419697045e-01,
1.585698200e-01
l,5.0,-5.0
1.451,2.351,3.311,
1.018602539e-08,7.602647399e+00
8.624758721e-07,-1.087141284e-06,-7.951991150e-07,1.046007138e-05,3.872625273e-05,1.130431248e-04,1.931377399e-04,1.593684293e-04,5.001049509e-05,
1.176858016e-07,-2.886449147e-07,-1.196542509e-07,-4.084934401e-06,-1.460942321e-05,-2.934385698e-05,-3.163273061e-05,-1.722411100e-05,-3.792803896e-06,
1.586007030e-01
l,5.0,-4.0
1.531,2.451,3.391,
1.799746031e-08,7.173149072e+00
2.277030035e-06,-2.240785816e-06,-1.152409403e-06,2.560769180e-05,4.857348940e-05,7.955586630e-05,1.375270585e-04,1.273822124e-04,4.338277901e-05,
3.338693936e-07,-8.212520871e-07,-5.321340883e-07,-1.508336990e-05,-6.420269630e-05,-1.543175313e-04,-2.044416219e-04,-1.403817444e-04,-3.939015667e-05,
1.587857404e-01
l,5.0,-3.0
1.631,2.551,3.491,
3.487455392e-08,6.859520487e+00
6.029903034e-06,-5.718740016e-06,-4.986162913e-06,6.545613291e-05,8.177856692e-05,-3.941486293e-05,-1.091385819e-04,-4.848381648e-05,-1.041116773e-06,
9.000146539e-07,-2.221461710e-06,-1.222890761e-06,-3.649679899e-05,-1.438373474e-04,-3.182426970e-04,-3.845967810e-04,-2.392207921e-04,-6.112148417e-05,
1.587857710e-01
l,5.0,-2.0
1.751,2.651,3.591,
3.911857766e-08,7.796360712e+00
1.638491995e-05,-1.595229834e-05,-2.485928382e-05,1.817566668e-04,6.441742689e-04,1.568443110e-03,2.497990006e-03,2.045628155e-03,6.489908543e-04,
2.425138563e-06,-6.005212411e-06,-3.010898286e-06,-9.661193093e-05,-3.847845141e-04,-8.727992071e-04,-1.089941682e-03,-7.028358316e-04,-1.857955768e-04,
1.588479898e-01
l,5.0,-1.0
1.811,2.731,3.671,
1.114129344e-07,7.282344897e+00
4.633107892e-05,-4.168929446e-05,-4.574175707e-05,5.333496186e-04,1.347911375e-03,2.328294100e-03,3.317026168e-03,2.712766689e-03,8.742367159e-04,
6.858062811e-06,-1.702393440e-05,-1.053170728e-05,-3.054879974e-04,-1.278995179e-03,-3.030256655e-03,-3.955910806e-03,-2.671514005e-03,-7.376592337e-04,
1.588170098e-01
l,5.0,0.0
1.831,2.771,3.731,
2.210858232e-07,7.552338627e+00
1.394864958e-04,-1.187799673e-04,-2.503213974e-04,1.189675354e-03,2.376094451e-03,1.482848753e-03,7.677534982e-04,9.124785473e-04,4.506160036e-04,
2.038174607e-05,-5.068465514e-05,-2.124037269e-05,-7.290883442e-04,-2.626901177e-03,-5.307452816e-03,-5.766528450e-03,-3.140521830e-03,-6.897422732e-04,
1.588480581e-01
l,5.0,1.0
1.871,2.811,3.771,
2.787291071e-07,8.722648514e+00
4.336812999e-04,-3.058800195e-04,-3.207334743e-04,5.154622472e-03,8.412911205e-03,-8.335506336e-04,-1.223398166e-02,-1.111994425e-02,-3.349802249e-03,
6.361586674e-05,-1.583912949e-04,-1.037497439e-04,-2.919818819e-03,-1.232351413e-02,-2.923806607e-02,-3.804890914e-02,-2.551605584e-02,-6.977541145e-03,
1.587859861e-01
l,5.0,2.0
1.931,2.851,3.791,
1.815465942e-06,7.443462723e+00
1.400577021e-03,-1.311069187e-03,-2.639117350e-03,1.418925492e-02,4.729409461e-02,9.946543155e-02,1.489849822e-01,1.214017049e-01,3.893023852e-02,
2.088791373e-04,-5.204996268e-04,-2.300150304e-04,-7.747487511e-03,-2.889846924e-02,-6.090716680e-02,-6.960760345e-02,-4.026533041e-02,-9.445718759e-03,
1.588480063e-01
l,5.0,3.0
1.931,2.851,3.791,
7.630804894e-06,7.117592971e+00
4.901782144e-03,-4.693274112e-03,-9.744355852e-03,4.252388480e-02,1.064207021e-01,1.514631155e-01,2.055992815e-01,1.788949149e-01,6.173489064e-02,
7.207409515e-04,-1.797681189e-03,-7.851448514e-04,-2.678041163e-02,-9.981107692e-02,-2.104538681e-01,-2.404297737e-01,-1.391486232e-01,-3.273375547e-02,
1.587857673e-01
l,5.0,4.0
1.931,2.811,3.711,
1.664892121e-05,7.971953465e+00
1.917387918e-02,-1.516167030e-02,-1.521848345e-02,2.528162042e-01,3.669446197e-01,-1.783260297e-01,-6.921708122e-01,-4.954159197e-01,-1.125169434e-01,
3.047078834e-03,-7.616064604e-03,-4.794129449e-03,-1.395113142e-01,-5.999352079e-01,-1.476494776e+00,-2.018511005e+00,-1.435324451e+00,-4.194925720e-01,
1.588790915e-01
l,5.0,5.0
1.911,2.831,3.751,
7.149107351e-05,7.985597328e+00
7.460716367e-02,-9.894605309e-02,-3.914452544e-02,6.028609813e-01,-1.620498156e+00,-7.651112390e+00,-1.004574545e+01,-5.663287080e+00,-1.169517043e+00,
9.601166548e-03,-2.431552052e-02,-1.288074856e-02,-4.211054873e-01,-1.688961910e+00,-3.867054651e+00,-4.847555019e+00,-3.174166191e+00,-8.660519950e-01,
1.586007606e-01
l,6.0,-6.0
1.771,2.671,3.631,
1.608802343e-10,8.564296750e+00
1.129302021e-07,-1.277309171e-07,-1.510722799e-07,1.202648699e-06,3.685933485e-06,9.072113339e-06,1.535215644e-05,1.305611048e-05,4.221665588e-06,
1.550399475e-08,-3.843891248e-08,-1.607488799e-08,-5.562289080e-07,-2.015357232e-06,-4.109344489e-06,-4.510499312e-06,-2.505896239e-06,-5.657245323e-07,
1.586626733e-01
l,6.0,-5.0
1.851,2.791,3.731,
6.324269304e-11,1.066222650e+01
2.848466920e-07,-2.565095012e-07,-1.261289293e-07,2.888507873e-06,-3.493093350e-07,-1.777844562e-05,-3.245599430e-05,-2.471744394e-05,-7.191520593e-06,
4.174749501e-08,-1.038123494e-07,-5.999684385e-08,-1.822250839e-06,-7.559095682e-06,-1.764836905e-05,-2.261926794e-05,-1.500453165e-05,-4.086838340e-06,
1.587859832e-01
l,6.0,-4.0
1.971,2.911,3.851,
7.852144174e-10,7.412632494e+00
7.279238048e-07,-6.410853612e-07,-7.065412056e-07,8.260298674e-06,1.838237758e-05,2.496113227e-05,3.202424372e-05,2.658944101e-05,8.845329039e-06,
1.068037859e-07,-2.664780817e-07,-1.549203445e-07,-4.730263066e-06,-1.986360239e-05,-4.725087269e-05,-6.188820024e-05,-4.191442349e-05,-1.160860756e-05,
1.588169715e-01
l,6.0,-3.0
2.071,3.011,3.951,
1.762874777e-10,1.029954743e+01
1.925850029e-06,-1.608280398e-06,-2.063522450e-06,1.827263776e-05,1.138767876e-05,-7.568146646e-05,-1.578167567e-04,-1.240173603e-04,-3.625913018e-05,
2.869826387e-07,-7.179151329e-07,-3.471518738e-07,-1.154940858e-05,-4.574300788e-05,-1.022394412e-04,-1.249768863e-04,-7.855464825e-05,-2.028526420e-05,
1.588480392e-01
l,6.0,-2.0
2.151,3.091,4.051,
1.000026926e-09,8.801618030e+00
5.300481916e-06,-4.228728448e-06,-1.005723492e-05,4.274738199e-05,8.046613495e-05,9.846338425e-06,-6.627055907e-05,-5.006822883e-05,-1.047373784e-05,
7.704796282e-07,-1.932245550e-06,-7.046980141e-07,-2.719262600e-05,-9.806757338e-05,-1.991670683e-04,-2.175864099e-04,-1.190011829e-04,-2.625698342e-05,
1.588479898e-01
l,6.0,-1.0
2.211,3.171,4.131,
1.934515569e-09,8.911589964e+00
1.493688978e-05,-1.188040920e-05,-3.070723197e-05,1.328384466e-04,3.860953028e-04,5.245528831e-04,5.148248684e-04,3.319350222e-04,9.424564196e-05,
2.174289509e-06,-5.463193741e-06,-2.536132419e-06,-8.447053206e-05,-3.182107649e-04,-6.725636721e-04,-7.684055818e-04,-4.434132287e-04,-1.035834509e-04,
1.588790719e-01
l,6.0,0.0
2.271,3.231,4.191,
6.748281241e-10,1.122202493e+01
4.377860023e-05,-3.202994852e-05,-8.354397793e-05,2.888341596e-04,1.849468625e-04,-1.622354627e-03,-3.490358397e-03,-2.830681838e-03,-8.458580718e-04,
6.447660504e-06,-1.622306916e-05,-7.212090259e-06,-2.404120519e-04,-8.761564262e-04,-1.796528873e-03,-1.991707327e-03,-1.111751111e-03,-2.514259128e-04,
1.588480581e-01
l,6.0,1.0
2.311,3.271,4.251,
3.087908197e-08,7.724617586e+00
1.342762989e-04,-8.612987194e-05,-2.847636925e-04,7.113610771e-04,1.172709467e-03,-4.798906464e-04,-1.380725876e-03,-3.933413660e-04,1.284509389e-04,
1.912000403e-05,-4.817354294e-05,-1.002637872e-05,-5.995115341e-04,-2.160440397e-03,-4.567437920e-03,-5.325015766e-03,-3.181797793e-03,-7.847495004e-04,
1.588480361e-01
l,6.0,2.0
2.351,3.311,4.291,
2.870857211e-08,9.051883304e+00
4.242483119e-04,-2.896389237e-04,-4.213415983e-04,7.130161886e-03,2.352416803e-02,3.954788350e-02,4.113310007e-02,2.431996265e-02,6.105133553e-03,
5.962279267e-05,-1.503622469e-04,-3.268548793e-05,-1.886155383e-03,-6.802239982e-03,-1.439764498e-02,-1.680692386e-02,-1.007239839e-02,-2.494883405e-03,
1.588480063e-01
l,6.0,3.0
2.411,3.331,4.311,
6.005099703e-08,9.494111777e+00
1.417350955e-03,-1.030982291e-03,-2.174422814e-03,1.826568528e-02,6.706747658e-02,1.380316742e-01,1.838539011e-01,1.345839856e-01,3.989944014e-02,
1.955582802e-04,-4.934950207e-04,-7.131148174e-05,-5.911592055e-03,-2.119658210e-02,-4.487215994e-02,-5.233348360e-02,-3.134319241e-02,-7.778572530e-03,
1.588480355e-01
l,6.0,4.0
2.411,3.331,4.291,
1.838152723e-07,9.653598890e+00
5.027654115e-03,-3.950939101e-03,-7.014940344e-03,6.903556014e-02,2.421570495e-01,4.894731588e-01,6.526711352e-01,4.810595239e-01,1.435286811e-01,
7.096225644e-04,-1.791456420e-03,-9.608350332e-04,-3.124689578e-02,-1.291128216e-01,-3.002177251e-01,-3.806009436e-01,-2.474083271e-01,-6.554756381e-02,
1.587860164e-01
l,6.0,5.0
2.371,3.291,4.231,
5.511261108e-07,1.001134036e+01
1.971117966e-02,-1.483011343e-02,-2.333317064e-02,2.209236142e-01,2.570463710e-01,-5.647294461e-01,-1.417217028e+00,-1.125882188e+00,-3.186403158e-01,
2.857740622e-03,-7.230246864e-03,-3.069301067e-03,-1.158766570e-01,-4.648342577e-01,-1.059080096e+00,-1.319541282e+00,-8.463935037e-01,-2.237254804e-01,
1.588790614e-01
l,6.0,6.0
2.351,3.291,4.231,
3.099953185e-07,1.245649739e+01
7.932416350e-02,-9.080696723e-02,-6.257140291e-02,6.726676912e-01,-1.548138340e+00,-9.462027373e+00,-1.521741274e+01,-1.088841050e+01,-3.011963897e+00,
9.944352820e-03,-2.544920019e-02,-1.260283379e-02,-4.364905439e-01,-1.760576796e+00,-4.060889069e+00,-5.119449424e+00,-3.357404286e+00,-9.139753130e-01,
1.586317065e-01
l,7.0,-7.0
2.111,3.011,3.971,
2.694688880e-12,9.290278555e+00
1.416747963e-08,-1.434923608e-08,-1.587924182e-08,1.692950476e-07,5.167205416e-07,1.160181688e-06,1.827108583e-06,1.503271562e-06,4.786619275e-07,
1.927703892e-09,-4.824794699e-09,-2.642414424e-09,-8.420987968e-08,-3.478021248e-07,-8.086101275e-07,-1.025911296e-06,-6.701155681e-07,-1.786704050e-07,
1.587237523e-01
l,7.0,-6.0
2.211,3.131,4.071,
4.654574347e-12,9.034304548e+00
3.512942826e-08,-3.221999164e-08,-6.009654676e-08,3.447614074e-07,8.688145662e-07,1.249551959e-06,1.624997540e-06,1.361740157e-06,4.599512297e-07,
5.178829074e-09,-1.299397808e-08,-5.828313220e-09,-1.966873266e-07,-7.383259127e-07,-1.564183629e-06,-1.795971895e-06,-1.045171830e-06,-2.473492763e-07,
1.588480258e-01
l,7.0,-5.0
2.311,3.251,4.191,
6.775180994e-13,1.187382574e+01
8.822568986e-08,-6.420121963e-08,-6.587050955e-08,9.873551116e-07,8.636391008e-07,-3.452458718e-06,-8.090204313e-06,-6.733882890e-06,-2.050281925e-06,
1.321209183e-08,-3.324281903e-08,-2.067024967e-08,-6.021332114e-07,-2.503745632e-06,-5.855890184e-06,-7.520150235e-06,-4.984055104e-06,-1.353548075e-06,
1.588480332e-01
l,7.0,-4.0
2.431,3.351,4.311,
1.366658336e-11,8.918483621e+00
2.293356971e-07,-1.659313635e-07,-4.793921301e-07,2.471662373e-06,9.186647943e-06,1.783031704e-05,2.312323819e-05,1.708099307e-05,5.191115794e-06,
3.368527746e-08,-8.497894063e-08,-4.098277690e-08,-1.343546963e-06,-5.123747454e-06,-1.096229572e-05,-1.269662350e-05,-7.435102334e-06,-1.763362427e-06,
1.588790336e-01
l,7.0,-3.0
2.511,3.451,4.411,
1.161917203e-11,9.788973080e+00
6.078570891e-07,-3.433863854e-07,-6.629000074e-07,7.797811561e-06,2.023226346e-05,2.178255964e-05,1.238514794e-05,3.742276285e-06,4.918323102e-07,
9.025051288e-08,-2.281525193e-07,-1.333783468e-07,-4.055599257e-06,-1.688869473e-05,-3.966547477e-05,-5.106240041e-05,-3.375464244e-05,-9.093245565e-06,
1.588790642e-01
l,7.0,-2.0
2.591,3.551,4.511,
2.293385845e-12,1.220837870e+01
1.644341978e-06,-1.115105463e-06,-3.267143511e-06,1.090987730e-05,1.004334277e-05,-5.419066624e-05,-1.250496121e-04,-1.037661380e-04,-3.133202066e-05,
2.417242050e-07,-6.122916671e-07,-2.469170895e-07,-8.946890846e-06,-3.267499186e-05,-6.733850004e-05,-7.504105333e-05,-4.204231749e-05,-9.537796218e-06,
1.589100641e-01
l,7.0,-1.0
2.651,3.611,4.591,
3.812694948e-12,1.241354383e+01
4.677766810e-06,-2.449631615e-06,-9.580625601e-06,2.211736896e-05,-1.313385404e-05,-2.652644839e-04,-5.126770320e-04,-4.043927877e-04,-1.187383943e-04,
6.805302496e-07,-1.726425017e-06,-3.571430168e-07,-2.150846526e-05,-7.727451046e-05,-1.626848663e-04,-1.886299787e-04,-1.113967348e-04,-2.701558594e-05,
1.588790384e-01
l,7.0,0.0
2.711,3.691,4.671,
8.311922759e-11,1.011233944e+01
1.346552017e-05,-7.962729982e-06,-2.446591929e-05,1.166580142e-04,2.947952104e-04,2.280942841e-04,1.696616083e-05,-5.955257925e-05,-2.167427363e-05,
1.915703166e-06,-4.867068410e-06,-7.966976918e-07,-5.907848762e-05,-2.115351107e-04,-4.457116888e-04,-5.169676158e-04,-3.057960001e-04,-7.446405880e-05,
1.588790831e-01
l,7.0,1.0
2.791,3.731,4.711,
4.026331289e-10,9.465439298e+00
4.083141175e-05,-2.078297211e-05,-8.452970824e-05,3.288468398e-04,1.153837933e-03,1.914731352e-03,2.218476664e-03,1.578481443e-03,4.784537763e-04,
5.967332498e-06,-1.517164340e-05,-4.108829058e-06,-1.974368620e-04,-7.127208060e-04,-1.501990271e-03,-1.744647550e-03,-1.032688492e-03,-2.505912612e-04,
1.588480361e-01
l,7.0,2.0
2.811,3.791,4.771,
5.496429446e-10,1.015815087e+01
1.257053955e-04,-7.902811762e-05,-2.189292339e-04,1.088439398e-03,2.658898607e-03,1.994521595e-03,1.294181177e-04,-5.016458161e-04,-1.742606857e-04,
1.766800335e-05,-4.496792294e-05,-8.216666343e-06,-5.548994316e-04,-1.990660016e-03,-4.201209705e-03,-4.882438673e-03,-2.898578702e-03,-7.088992678e-04,
1.588480063e-01
l,7.0,3.0
2.831,3.811,4.791,
1.535143367e-09,1.022519899e+01
4.095002078e-04,-2.495254367e-04,-7.145802335e-04,3.594003753e-03,9.059478411e-03,7.433287082e-03,1.476327398e-03,-1.037519874e-03,-4.307878559e-04,
5.791426115e-05,-1.474602457e-04,-3.196201683e-05,-1.861522198e-03,-6.695819348e-03,-1.413275922e-02,-1.643355558e-02,-9.762346981e-03,-2.386758175e-03,
1.588480355e-01
l,7.0,4.0
2.831,3.811,4.791,
4.404359200e-09,1.036063797e+01
1.404840965e-03,-8.223736179e-04,-2.497564092e-03,1.249989745e-02,3.243313118e-02,2.798341266e-02,7.100841861e-03,-2.804308183e-03,-1.387640388e-03,
1.997799087e-04,-5.087785829e-04,-1.182384753e-04,-6.486481712e-03,-2.334834682e-02,-4.925782673e-02,-5.724810184e-02,-3.397401877e-02,-8.292944875e-03,
1.588480665e-01
l,7.0,5.0
2.851,3.791,4.771,
3.248820479e-08,9.684442562e+00
5.119300913e-03,-2.934487889e-03,-7.952317456e-03,7.622975373e-02,3.047135013e-01,6.198537734e-01,7.679640688e-01,5.223424616e-01,1.463869538e-01,
7.253771290e-04,-1.848068313e-03,-4.572465302e-04,-2.382064649e-02,-8.569683619e-02,-1.806307765e-01,-2.095854578e-01,-1.241772235e-01,-3.029217839e-02,
1.588169788e-01
l,7.0,6.0
2.811,3.751,4.711,
2.076779629e-09,1.371969371e+01
2.018338069e-02,-1.114711030e-02,-3.198982971e-02,1.874575101e-01,2.334093085e-01,-6.803691505e-01,-1.815445398e+00,-1.586547499e+00,-4.949167647e-01,
2.924026381e-03,-7.465593187e-03,-3.276392957e-03,-1.162956895e-01,-4.475432619e-01,-9.842443424e-01,-1.186440450e+00,-7.334610743e-01,-1.866504364e-01,
1.588790850e-01
l,7.0,7.0
2.791,3.751,4.711,
2.073720934e-08,1.299262707e+01
8.235242218e-02,-7.974222424e-02,-1.000399281e-01,7.292264870e-01,-5.643308275e-01,-6.943829256e+00,-1.217538540e+01,-8.965305928e+00,-2.492102745e+00,
1.016832870e-02,-2.623329476e-02,-1.066531764e-02,-4.115661180e-01,-1.581547883e+00,-3.519044991e+00,-4.287678907e+00,-2.715463347e+00,-7.175915272e-01,
1.586626953e-01
l,8.0,-8.0
2.391,3.351,4.311,
5.448739021e-14,9.778273608e+00
1.744206002e-09,-1.529165625e-09,-1.178505954e-09,1.852805012e-08,1.844001909e-08,-3.179223083e-08,-6.810571558e-08,-4.488015148e-08,-1.033933619e-08,
2.379271615e-10,-6.002265257e-10,-2.766455970e-10,-9.953850950e-09,-4.101859906e-08,-9.627036128e-08,-1.239861886e-07,-8.252800874e-08,-2.251632091e-08,
1.587857614e-01
l,8.0,-7.0
2.571,3.471,4.431,
4.380474119e-14,1.036691772e+01
4.275829024e-09,-3.339710029e-09,-6.779514790e-09,5.531739058e-08,1.976581467e-07,4.044865442e-07,5.494838781e-07,4.135744267e-07,1.260786540e-07,
6.062628718e-10,-1.533247491e-09,-7.894542320e-10,-2.616681881e-08,-1.066885774e-07,-2.448711859e-07,-3.062825692e-07,-1.961910942e-07,-5.122538256e-08,
1.588480462e-01
l,8.0,-6.0
2.651,3.591,4.551,
6.180218494e-14,1.044805581e+01
1.057610000e-08,-7.410494285e-09,-2.192946693e-08,8.867404577e-08,2.118250461e-07,1.296469886e-07,-3.184426379e-08,-5.890002618e-08,-1.531353064e-08,
1.543384877e-09,-3.912426785e-09,-1.564594971e-09,-5.729369547e-08,-2.093545777e-07,-4.308621829e-07,-4.779013031e-07,-2.655398619e-07,-5.950743151e-08,
1.588790508e-01
l,8.0,-5.0
2.771,3.711,4.671,
8.739762779e-15,1.284676394e+01
2.666764942e-08,-1.508670476e-08,-3.421777766e-08,2.638743099e-07,3.773484881e-07,-6.019898871e-07,-1.855221313e-06,-1.654598672e-06,-5.195887382e-07,
3.926319000e-09,-9.975245716e-09,-4.616885400e-09,-1.599888146e-07,-6.352264814e-07,-1.437494658e-06,-1.788169354e-06,-1.143711271e-06,-3.000178886e-07,
1.589101075e-01
l,8.0,-4.0
2.891,3.831,4.791,
3.514626198e-13,9.790488704e+00
6.862200763e-08,-4.312739573e-08,-1.035846906e-07,9.492003072e-07,3.553768071e-06,7.010395733e-06,8.750519594e-06,6.091609374e-06,1.749009153e-06,
9.979878305e-09,-2.540849418e-08,-1.308642194e-08,-4.385995996e-07,-1.808989099e-06,-4.201612391e-06,-5.322461999e-06,-3.446308716e-06,-9.075223833e-07,
1.589100829e-01
l,8.0,-3.0
2.951,3.911,4.891,
1.429694079e-12,9.109627534e+00
1.845549065e-07,-9.196073560e-08,-4.142633032e-07,1.258664955e-06,4.019886456e-06,5.186042417e-06,4.860707779e-06,3.349795489e-06,1.076496888e-06,
2.667762895e-08,-6.803435449e-08,-1.101369427e-08,-8.271995083e-07,-2.954809668e-06,-6.204783110e-06,-7.161967428e-06,-4.194577109e-06,-1.007363629e-06,
1.589101135e-01
l,8.0,-2.0
3.031,3.991,4.971,
3.146827429e-13,1.115334180e+01
5.059038131e-07,-2.127261543e-07,-1.213272882e-06,1.948144474e-06,2.411332930e-06,-1.090563538e-05,-2.463086183e-05,-1.915597267e-05,-5.335964858e-06,
7.501879110e-08,-1.915627718e-07,-4.558885392e-08,-2.446026264e-06,-8.790238698e-06,-1.845771455e-05,-2.132711209e-05,-1.248622942e-05,-2.984231639e-06,
1.589100641e-01
l,8.0,-1.0
3.111,4.091,5.071,
7.579686012e-13,1.105903365e+01
1.403501983e-06,-7.492496410e-07,-2.672692988e-06,1.211134413e-05,3.415225528e-05,3.307316839e-05,1.217291317e-05,-6.955272935e-07,-1.116893379e-06,
2.003874124e-07,-5.124903927e-07,-7.764147100e-08,-6.203282588e-06,-2.213832281e-05,-4.652475637e-05,-5.374299512e-05,-3.151648609e-05,-7.582009613e-06,
1.589100876e-01
l,8.0,0.0
3.171,4.151,5.151,
1.663271364e-12,1.110966989e+01
4.071186140e-06,-1.949963740e-06,-7.923895358e-06,3.474269181e-05,1.050811079e-04,1.149453034e-04,5.921080357e-05,1.226233765e-05,1.346965548e-07,
5.631784914e-07,-1.442053355e-06,-1.519244809e-07,-1.681020335e-05,-5.899547244e-05,-1.222279710e-04,-1.385839044e-04,-7.934603952e-05,-1.858695831e-05,
1.589101324e-01
l,8.0,1.0
3.211,4.211,5.211,
6.084014730e-13,1.275849403e+01
1.210297978e-05,-5.893370879e-06,-2.204916331e-05,1.027200877e-04,2.720115004e-04,1.876755145e-04,-7.978037689e-05,-1.635611390e-04,-5.957309658e-05,
1.665637315e-06,-4.268696644e-06,-5.914293410e-07,-5.195107289e-05,-1.872849806e-04,-3.972447573e-04,-4.613851549e-04,-2.716936643e-04,-6.545928380e-05,
1.589101104e-01
l,8.0,2.0
3.251,4.251,5.251,
4.233044852e-11,9.983784305e+00
3.731844845e-05,-1.813720522e-05,-7.696511667e-05,2.976611351e-04,9.915713155e-04,1.343819489e-03,1.124963786e-03,5.995334189e-04,1.514651147e-04,
5.183816058e-06,-1.329272580e-05,-1.493303197e-06,-1.523732120e-04,-5.195008196e-04,-1.043576082e-03,-1.144517040e-03,-6.292936434e-04,-1.408898685e-04,
1.588790313e-01
l,8.0,3.0
3.291,4.291,5.291,
7.336385185e-12,1.236316679e+01
1.181336993e-04,-6.197129181e-05,-2.180013123e-04,9.509031048e-04,2.483602514e-03,1.724322910e-03,-5.748578686e-04,-1.286503020e-03,-4.638740699e-04,
1.613234664e-05,-4.139156336e-05,-5.288336598e-06,-4.940662775e-04,-1.752623446e-03,-3.667452114e-03,-4.204884336e-03,-2.443603334e-03,-5.817158168e-04,
1.588480355e-01
l,8.0,4.0
3.291,4.291,5.311,
1.499233959e-11,1.272725775e+01
3.949358070e-04,-1.783513096e-04,-8.423050595e-04,2.557749499e-03,7.004825081e-03,3.848117043e-03,-4.002082321e-03,-5.646793343e-03,-1.917103050e-03,
5.285829384e-05,-1.356651000e-04,-1.094386392e-05,-1.517734853e-03,-5.120743360e-03,-1.020969898e-02,-1.107771473e-02,-6.012306611e-03,-1.328002878e-03,
1.588479962e-01
l,8.0,5.0
3.311,4.311,5.311,
9.129748535e-10,1.032244988e+01
1.357504050e-03,-7.967711452e-04,-2.716492101e-03,1.048416331e-02,3.086054378e-02,3.563418864e-02,2.549019530e-02,1.287324958e-02,3.415751811e-03,
1.823329254e-04,-4.680493316e-04,-2.976546623e-05,-5.168404351e-03,-1.737738405e-02,-3.464922085e-02,-3.767798614e-02,-2.058266953e-02,-4.608037274e-03,
1.588480160e-01
l,8.0,6.0
3.291,4.271,5.271,
9.792363167e-10,1.137923461e+01
5.056454800e-03,-2.359471065e-03,-9.089020585e-03,4.942187505e-02,1.541007357e-01,1.904220177e-01,1.278958793e-01,4.821298501e-02,8.437738815e-03,
6.972501836e-04,-1.790032025e-03,-3.668520419e-04,-2.272432838e-02,-8.185200739e-02,-1.727422483e-01,-1.996407615e-01,-1.170262199e-01,-2.806400299e-02,
1.588480009e-01
l,8.0,7.0
3.271,4.231,5.211,
4.025378969e-10,1.334867069e+01
2.004718967e-02,-1.017208426e-02,-3.284245180e-02,2.510765935e-01,7.527174568e-01,8.253327696e-01,3.172333342e-01,-8.529887155e-02,-7.374770194e-02,
2.812412992e-03,-7.233956160e-03,-1.312847617e-03,-8.996232283e-02,-3.199558024e-01,-6.702015734e-01,-7.695658041e-01,-4.480451724e-01,-1.072014220e-01,
1.588790729e-01
l,8.0,8.0
3.251,4.231,5.211,
5.070163535e-09,1.252492645e+01
8.228000253e-02,-7.687202700e-02,-1.377599853e-01,7.523889210e-01,8.595650245e-01,-1.841066994e+00,-4.312146237e+00,-3.201567105e+00,-8.469338243e-01,
9.769734556e-03,-2.535578112e-02,-2.217982848e-03,-3.037020541e-01,-1.068378223e+00,-2.263108252e+00,-2.623482942e+00,-1.574775927e+00,-3.989284422e-01,
1.586927601e-01
l,9.0,-9.0
2.731,3.671,4.631,
1.048877363e-16,1.261494106e+01
2.155441936e-10,-1.467987634e-10,-2.123161083e-10,2.436127220e-09,3.705783741e-09,-2.658204783e-09,-1.049470821e-08,-9.283126447e-09,-2.843168229e-09,
3.069191920e-11,-7.791944519e-11,-4.414179202e-11,-1.362434457e-09,-5.594795313e-09,-1.301965717e-08,-1.662984388e-08,-1.094650865e-08,-2.948758217e-09,
1.587859890e-01
l,9.0,-8.0
2.871,3.811,4.771,
2.310492253e-16,1.209947642e+01
5.130794123e-10,-3.111723287e-10,-5.868666601e-10,6.041368292e-09,1.279581049e-08,5.417981281e-09,-8.766628622e-09,-1.090917184e-08,-3.657084265e-09,
7.418648359e-11,-1.888118219e-10,-9.671923556e-11,-3.216994655e-09,-1.321928599e-08,-3.081078597e-08,-3.937849871e-08,-2.586916692e-08,-6.944143989e-09,
1.588480296e-01
l,9.0,-7.0
2.991,3.951,4.911,
5.248112307e-15,9.572923826e+00
1.239413017e-09,-7.359885531e-10,-1.456968806e-09,1.618256072e-08,4.594627981e-08,6.293108001e-08,5.867316324e-08,3.612614813e-08,1.027242173e-08,
1.791292945e-10,-4.569718139e-10,-2.135006539e-10,-7.639491173e-09,-3.144391877e-08,-7.346988699e-08,-9.402160487e-08,-6.173975965e-08,-1.654747846e-08,
1.588790712e-01
l,9.0,-6.0
3.131,4.071,5.031,
1.748782142e-15,1.100864019e+01
3.086898959e-09,-1.847250900e-09,-6.225705087e-09,3.590251084e-08,1.407281957e-07,2.663482001e-07,3.138335839e-07,2.084326949e-07,5.784196780e-08,
4.548400550e-10,-1.162539057e-09,-6.020153245e-10,-1.957270869e-08,-7.783489410e-08,-1.739343322e-07,-2.113218693e-07,-1.304353440e-07,-3.265893931e-08,
1.589101001e-01
l,9.0,-5.0
3.231,4.191,5.151,
8.278732015e-17,1.408560167e+01
7.819147996e-09,-4.518600297e-09,-1.627667251e-08,5.308134182e-08,7.993683104e-08,-1.746701002e-07,-4.983024567e-07,-4.367975302e-07,-1.350896654e-07,
1.154036064e-09,-2.954978527e-09,-1.070843120e-09,-4.272595410e-08,-1.568304805e-07,-3.261751206e-07,-3.672687033e-07,-2.075417107e-07,-4.742386761e-08,
1.589101075e-01
l,9.0,-4.0
3.351,4.291,5.251,
6.305572491e-15,1.091340596e+01
2.047383951e-08,-1.009414271e-08,-3.618486561e-08,2.731278264e-07,1.127531174e-06,2.260253308e-06,2.732342774e-06,1.821624336e-06,5.037589804e-07,
3.080492679e-09,-7.899175217e-09,-4.660461725e-09,-1.407725554e-07,-5.746527463e-07,-1.316005125e-06,-1.642926362e-06,-1.044187261e-06,-2.689741099e-07,
1.589100829e-01
l,9.0,-3.0
3.431,4.371,5.351,
9.679733480e-15,1.112121076e+01
5.509350132e-08,-2.021521519e-08,-1.208488895e-07,4.844614966e-07,2.031351050e-06,3.757217467e-06,4.313450506e-06,2.849549592e-06,7.995837198e-07,
8.220731773e-09,-2.110932716e-08,-5.075224661e-09,-2.711540932e-07,-9.733412646e-07,-2.040842693e-06,-2.352684367e-06,-1.369176357e-06,-3.239900863e-07,
1.589272681e-01
l,9.0,-2.0
3.491,4.471,5.451,
7.078385656e-15,1.196998439e+01
1.497218989e-07,-6.314068038e-08,-3.031670403e-07,1.277207925e-06,4.182953659e-06,5.078294750e-06,3.143249012e-06,9.794803429e-07,1.199381867e-07,
2.192812242e-08,-5.638256429e-08,-1.039032426e-08,-6.990168787e-07,-2.497142425e-06,-5.233915033e-06,-6.026977389e-06,-3.504014401e-06,-8.299887276e-07,
1.589272187e-01
l,9.0,-1.0
3.571,4.551,5.531,
1.507225825e-14,1.199612255e+01
4.198176100e-07,-1.763473167e-07,-8.432480808e-07,3.560622083e-06,1.175774211e-05,1.456730515e-05,9.406867529e-06,3.187951960e-06,4.586509737e-07,
6.154909263e-08,-1.584210909e-07,-3.084615814e-08,-1.977819586e-06,-7.072088538e-06,-1.482917946e-05,-1.708859406e-05,-9.942611343e-06,-2.355339583e-06,
1.588962413e-01
l,9.0,0.0
3.631,4.611,5.611,
3.774271364e-14,1.194292628e+01
1.213318001e-06,-4.351641684e-07,-2.408020460e-06,1.055516820e-05,3.708332519e-05,5.076005279e-05,3.826790290e-05,1.617751803e-05,3.073540767e-06,
1.727907682e-07,-4.451913003e-07,-7.892521295e-08,-5.497426944e-06,-1.952457943e-05,-4.066566813e-05,-4.636917398e-05,-2.659879240e-05,-6.193872932e-06,
1.589272870e-01
l,9.0,1.0
3.671,4.671,5.671,
1.273977313e-14,1.348211183e+01
3.588786967e-06,-1.288999607e-06,-6.832766310e-06,3.056609091e-05,9.834333020e-05,1.094523595e-04,4.666802923e-05,-3.862361821e-06,-6.375908907e-06,
5.105020373e-07,-1.316259474e-06,-2.683581666e-07,-1.675700726e-05,-6.060501414e-05,-1.282176147e-04,-1.485753450e-04,-8.686647861e-05,-2.063035783e-05,
1.589101104e-01
l,9.0,2.0
3.711,4.711,5.731,
1.314528043e-12,1.067956466e+01
1.095641983e-05,-3.659667290e-06,-2.329566292e-05,8.720929426e-05,3.418726293e-04,5.433968780e-04,5.130877929e-04,2.836566523e-04,6.956937427e-05,
1.508248759e-06,-3.891601472e-06,-3.866527615e-07,-4.451184172e-05,-1.515492899e-04,-3.035793044e-04,-3.304138001e-04,-1.785839005e-04,-3.885662650e-05,
1.589100806e-01
l,9.0,3.0
3.751,4.751,5.771,
6.322157504e-14,1.377667742e+01
3.429695062e-05,-1.220151021e-05,-7.426352376e-05,2.194897188e-04,7.020079982e-04,6.158008881e-04,-6.179426682e-06,-2.949355093e-04,-1.225714757e-04,
4.691660112e-06,-1.211119640e-05,-1.556922315e-06,-1.416577924e-04,-4.840170353e-04,-9.727185454e-04,-1.064351363e-03,-5.807051464e-04,-1.279519747e-04,
1.589101098e-01
l,9.0,4.0
3.771,4.771,5.791,
3.446129358e-12,1.159690814e+01
1.114597981e-04,-3.923631709e-05,-2.497045144e-04,7.355208479e-04,2.787382446e-03,3.923158015e-03,3.164860787e-03,1.515436915e-03,3.375705039e-04,
1.536410904e-05,-3.967107068e-05,-4.910563901e-06,-4.536090361e-04,-1.512446727e-03,-2.961035291e-03,-3.147428333e-03,-1.653304614e-03,-3.476662665e-04,
1.588790212e-01
l,9.0,5.0
3.771,4.791,5.811,
3.782435369e-11,1.068806246e+01
3.745344002e-04,-1.523337866e-04,-7.057656511e-04,3.387876501e-03,1.225700944e-02,1.900431145e-02,1.770128377e-02,9.660298560e-03,2.331283404e-03,
5.031467132e-05,-1.299507072e-04,-1.593344293e-05,-1.537529039e-03,-5.358480210e-03,-1.098894113e-02,-1.227598614e-02,-6.880941266e-03,-1.566293914e-03,
1.588480160e-01
l,9.0,6.0
3.771,4.771,5.791,
3.416466507e-11,1.172332361e+01
1.326884027e-03,-4.688737721e-04,-2.967081729e-03,8.873148202e-03,3.341810267e-02,4.682257175e-02,3.756570541e-02,1.789120598e-02,3.970129483e-03,
1.827562025e-04,-4.719793221e-04,-6.819867944e-05,-5.472254215e-03,-1.827176368e-02,-3.578042680e-02,-3.805817393e-02,-2.003356136e-02,-4.227042867e-03,
1.588480009e-01
l,9.0,7.0
3.751,4.751,5.771,
5.318982716e-12,1.415946016e+01
4.933352116e-03,-1.894455951e-03,-1.060174546e-02,3.358228902e-02,1.035192754e-01,8.578391991e-02,-9.340678584e-03,-4.919097124e-02,-1.951255087e-02,
6.640644223e-04,-1.715552201e-03,-2.178630021e-04,-2.010545085e-02,-6.871368799e-02,-1.383176789e-01,-1.514932958e-01,-8.290747639e-02,-1.839659055e-02,
1.588480479e-01
l,9.0,8.0
3.731,4.711,5.711,
8.824662436e-11,1.314671531e+01
1.970303990e-02,-8.793779706e-03,-4.558119792e-02,1.392706862e-01,4.452207830e-01,4.291176654e-01,1.077517847e-01,-7.317801234e-02,-3.797299671e-02,
2.679809105e-03,-6.934632297e-03,-4.787211634e-04,-7.750851052e-02,-2.595320451e-01,-5.145432717e-01,-5.529507315e-01,-2.945792432e-01,-6.358092915e-02,
1.588479942e-01
l,9.0,9.0
3.711,4.691,5.691,
2.381328231e-10,1.358636129e+01
8.264832944e-02,-6.184409102e-02,-1.593750436e-01,7.798408429e-01,1.674837238e+00,3.491955094e-01,-1.753120997e+00,-1.759191688e+00,-5.249264648e-01,
9.798818898e-03,-2.556383778e-02,-2.095185298e-03,-2.993536276e-01,-1.020147276e+00,-2.087245633e+00,-2.320522853e+00,-1.317706015e+00,-3.142542881e-01,
1.586928154e-01
