l,0.0,-0.0
0.111,0.771,1.491,
3.418499527e-01,1.719500053e+00
1.430555992e-02,-1.911819849e-02,1.309730334e-01,1.539236180e+00,1.088151872e+01,4.386389517e+01,9.600575935e+01,1.070558514e+02,4.720702186e+01,
3.512507320e-03,-7.746968584e-03,-1.498928351e-02,-3.085063178e-01,-1.865524960e+00,-6.121569086e+00,-1.106534916e+01,-1.036290053e+01,-3.921356891e+00,
1.588480267e-01
l,1.0,-1.0
0.231,1.131,2.031,
3.839472502e-01,4.580161700e+00
2.003929112e-03,-2.920418320e-03,3.751982234e-03,-2.890977475e-02,-3.756059068e-01,-1.398332279e+00,-2.503782649e+00,-2.140712319e+00,-6.988428453e-01,
3.168782300e-04,-7.429584231e-04,-5.172010071e-04,-1.382032500e-02,-6.268644368e-02,-1.607773234e-01,-2.289378131e-01,-1.701074957e-01,-5.143590116e-02,
1.584769113e-01
l,1.0,0.0
0.291,0.931,1.591,
1.236626063e-01,3.239457594e+00
1.002360042e-02,-1.295111949e-02,3.053017027e-02,4.691539480e-01,2.369851359e+00,7.578717206e+00,1.246277890e+01,9.685950864e+00,2.847725749e+00,
2.815830608e-03,-6.299588483e-03,-1.615066266e-02,-3.218741299e-01,-2.017370611e+00,-6.753172410e+00,-1.239431636e+01,-1.177619082e+01,-4.537105338e+00,
1.590203588e-01
l,1.0,1.0
0.351,1.071,1.831,
4.728067378e-01,3.489564650e+00
2.758847922e-02,-4.971511190e-02,1.083401609e-01,2.894908918e-02,-2.890877575e+00,-1.385407606e+01,-3.124897657e+01,-3.194080908e+01,-1.177910222e+01,
5.299688488e-03,-1.240015814e-02,-1.766472369e-02,-3.818251611e-01,-2.010017900e+00,-5.856885231e+00,-9.484762358e+00,-8.059988633e+00,-2.800223878e+00,
1.585388575e-01
l,2.0,-2.0
0.471,1.391,2.331,
2.341742679e-03,4.521644288e+00
3.467987117e-04,-5.456201226e-04,7.098227599e-04,6.736872913e-03,2.209940794e-02,4.360409906e-02,3.559282102e-02,4.712429609e-03,-4.232314806e-03,
4.824470453e-05,-1.160558273e-04,-7.802129851e-05,-2.060540723e-03,-8.402613638e-03,-1.896096752e-02,-2.328324273e-02,-1.478513080e-02,-3.828393887e-03,
1.583531724e-01
l,2.0,-1.0
0.531,1.351,2.191,
4.822388340e-03,4.896399518e+00
1.209337963e-03,-1.519974085e-03,5.044512508e-03,7.138635660e-02,3.572344385e-01,1.020869257e+00,1.543155702e+00,1.153095196e+00,3.376165509e-01,
2.177280450e-04,-5.180960465e-04,-3.489291428e-04,-1.005398453e-02,-4.840348378e-02,-1.330003118e-01,-2.041200988e-01,-1.634536450e-01,-5.327923359e-02,
1.589101259e-01
l,2.0,0.0
0.571,1.451,2.351,
2.696255328e-02,6.625077671e+00
3.235622076e-03,-5.178459100e-03,4.488383806e-03,3.710552438e-02,6.092978194e-02,9.895660829e-02,-5.606848105e-03,-1.847421927e-01,-1.182763950e-01,
4.762282265e-04,-1.148885964e-03,-4.421025288e-04,-1.572351610e-02,-5.761802383e-02,-1.213422886e-01,-1.412738721e-01,-8.661759576e-02,-2.224877112e-02,
1.584150539e-01
l,2.0,1.0
0.611,1.331,2.051,
1.632685946e-01,8.344929016e+00
1.393913012e-02,-1.837975220e-02,-1.537268256e-02,-3.125183873e-01,-3.566611495e+00,-1.316357415e+01,-2.516610697e+01,-2.505281478e+01,-1.008980387e+01,
3.163875268e-03,-7.511461879e-03,-1.395017034e-02,-2.925535902e-01,-1.686086930e+00,-5.294042504e+00,-9.168378740e+00,-8.239775128e+00,-3.005370796e+00,
1.589583379e-01
l,2.0,2.0
0.611,1.391,2.191,
1.161689559e+00,9.680172852e+00
4.554469883e-02,-8.181768042e-02,1.342938049e-01,-1.603351937e-01,-6.572780143e+00,-2.540173720e+01,-5.216972207e+01,-5.548415630e+01,-2.303315943e+01,
7.368884636e-03,-1.796492465e-02,-2.577601848e-02,-5.848327258e-01,-3.133185331e+00,-9.205464345e+00,-1.480249238e+01,-1.233099589e+01,-4.159452777e+00,
1.584460069e-01
l,3.0,-3.0
0.731,1.651,2.591,
7.725571697e-05,5.900907638e+00
5.926264930e-05,-9.602689300e-05,-1.397665675e-05,6.796260643e-04,3.652283066e-03,1.191436891e-02,1.787412179e-02,1.213999561e-02,3.070544534e-03,
7.979882448e-06,-1.953714522e-05,-7.644961151e-06,-2.760414057e-04,-1.018967205e-03,-2.116656700e-03,-2.359527666e-03,-1.330948782e-03,-2.998701889e-04,
1.583531945e-01
l,3.0,-2.0
0.811,1.671,2.551,
1.317324121e-04,7.007147438e+00
1.765506022e-04,-2.075383231e-04,1.715571012e-04,2.349746235e-03,2.925188781e-03,4.190678762e-03,6.820162711e-03,4.272437956e-03,4.732240341e-04,
2.838924632e-05,-6.933765545e-05,-6.229514445e-05,-1.575867993e-03,-7.499606939e-03,-1.985550880e-02,-2.894570550e-02,-2.186380626e-02,-6.707172301e-03,
1.588480261e-01
l,3.0,-1.0
0.911,1.791,2.691,
1.656579266e-04,5.317457763e+00
4.446604871e-04,-6.847275331e-04,-1.493531751e-05,8.622531959e-03,4.685271607e-02,1.552513444e-01,2.581372401e-01,2.039666994e-01,6.187178505e-02,
6.461845279e-05,-1.591563146e-04,-9.113402098e-05,-2.746989581e-03,-1.119801934e-02,-2.556789690e-02,-3.178391394e-02,-2.034176013e-02,-5.298030100e-03,
1.584769113e-01
l,3.0,0.0
0.931,1.771,2.631,
4.477182640e-04,7.764137113e+00
1.438781968e-03,-1.804969061e-03,-9.030914654e-04,5.826199944e-03,-6.164234391e-02,-2.618167820e-01,-4.513344314e-01,-3.870106469e-01,-1.333840197e-01,
2.415012939e-04,-5.930668619e-04,-4.057229775e-04,-1.109984269e-02,-4.742604510e-02,-1.129254653e-01,-1.473756891e-01,-9.945296370e-02,-2.751385904e-02,
1.588480267e-01
l,3.0,1.0
0.951,1.831,2.731,
1.289902129e-03,9.734234761e+00
4.235275090e-03,-5.972217811e-03,8.260431765e-04,-4.406632518e-03,-3.191696210e-01,-1.065934012e+00,-1.664477312e+00,-1.340780726e+00,-4.405019108e-01,
6.062847448e-04,-1.498735964e-03,-5.392795913e-04,-2.209499037e-02,-8.818645196e-02,-2.057961850e-01,-2.689003361e-01,-1.860426741e-01,-5.373401686e-02,
1.584769826e-01
l,3.0,2.0
1.011,1.731,2.511,
3.549491621e-03,6.486770948e+00
1.744489931e-02,-2.313470220e-02,-4.942560325e-02,-4.038766319e-02,-2.873829381e-01,1.372487038e+00,6.704290997e+00,8.893733194e+00,3.892887923e+00,
3.377388695e-03,-8.308156088e-03,-1.177465111e-02,-2.550858178e-01,-1.294187742e+00,-3.564145432e+00,-5.358468614e+00,-4.152394455e+00,-1.306124310e+00,
1.589272682e-01
l,3.0,3.0
0.991,1.771,2.591,
1.512204604e-02,6.297247355e+00
6.080393866e-02,-1.054340808e-01,2.831579825e-01,2.814422201e+00,1.174108450e+01,3.846074598e+01,7.006240891e+01,6.182420228e+01,2.098090777e+01,
9.024370012e-03,-2.265620767e-02,-3.014296085e-02,-6.941012623e-01,-3.528784371e+00,-9.870198191e+00,-1.511403866e+01,-1.203153687e+01,-3.901834344e+00,
1.584150383e-01
l,4.0,-4.0
1.011,1.931,2.851,
1.787409808e-06,6.065522535e+00
9.536471225e-06,-1.344775248e-05,9.399943973e-06,8.691380898e-05,8.178688664e-05,3.378990114e-04,8.460691723e-04,7.864332743e-04,2.523807497e-04,
1.307250254e-06,-3.246490909e-06,-1.473450926e-06,-5.204671923e-05,-2.161522581e-04,-5.228916569e-04,-7.070845669e-04,-5.026472848e-04,-1.470574683e-04,
1.584150720e-01
l,4.0,-3.0
1.111,1.991,2.871,
2.495710236e-06,5.869106443e+00
2.571134974e-05,-3.000852425e-05,1.970462542e-05,3.839873073e-04,7.052895944e-04,1.462144068e-03,2.692486018e-03,2.429657873e-03,8.067332611e-04,
4.009570423e-06,-9.967432625e-06,-7.936728551e-06,-2.170217047e-04,-1.022731583e-03,-2.695987531e-03,-3.913544481e-03,-2.944093408e-03,-9.008087720e-04,
1.587859982e-01
l,4.0,-2.0
1.191,2.091,2.991,
2.480527191e-06,8.772271308e+00
6.479933654e-05,-8.507101519e-05,-6.613933986e-05,1.351970298e-04,-2.398569070e-03,-8.643223003e-03,-1.292630548e-02,-9.723587123e-03,-2.994342879e-03,
9.551269240e-06,-2.387737859e-05,-8.577825682e-06,-3.335917635e-04,-1.200808927e-03,-2.442308701e-03,-2.674739267e-03,-1.481502565e-03,-3.343390996e-04,
1.586316726e-01
l,4.0,-1.0
1.271,2.131,3.031,
7.363653572e-06,6.193362115e+00
1.826746011e-04,-1.874741569e-04,-1.029907404e-05,2.665555686e-03,5.720737836e-03,1.155378185e-02,2.117625919e-02,2.016695935e-02,7.175440867e-03,
2.782412205e-05,-6.968372748e-05,-4.238965596e-05,-1.324339291e-03,-5.988047920e-03,-1.534521401e-02,-2.169183422e-02,-1.588380330e-02,-4.740555166e-03,
1.588170145e-01
l,4.0,0.0
1.331,2.211,3.111,
1.611679185e-05,6.311251825e+00
4.988114233e-04,-5.748514026e-04,1.208816294e-04,5.714872793e-03,4.203629002e-03,1.562758483e-03,1.663640482e-02,2.566773075e-02,1.101608458e-02,
7.313071154e-05,-1.837903533e-04,-9.176277885e-05,-3.185217952e-03,-1.383264033e-02,-3.460049227e-02,-4.809341528e-02,-3.489949402e-02,-1.039935922e-02,
1.586316732e-01
l,4.0,1.0
1.331,2.211,3.091,
2.209406120e-05,8.628791886e+00
1.573072979e-03,-1.587667009e-03,4.953072330e-04,1.775833920e-02,-2.004568994e-02,-1.646323931e-01,-2.837017361e-01,-2.210981046e-01,-6.800544395e-02,
2.477224627e-04,-6.223051227e-04,-4.807465003e-04,-1.321716803e-02,-6.110756409e-02,-1.587457747e-01,-2.276395675e-01,-1.694789014e-01,-5.152884871e-02,
1.588480686e-01
l,4.0,2.0
1.351,2.231,3.131,
5.052134706e-05,9.556223883e+00
5.006871186e-03,-6.498560403e-03,-5.554083704e-03,1.119716406e-02,-2.101559385e-01,-7.605896730e-01,-1.114055341e+00,-8.106926282e-01,-2.424540653e-01,
7.197484457e-04,-1.812987939e-03,-5.534701977e-04,-2.483232485e-02,-8.957905533e-02,-1.845814172e-01,-2.059946739e-01,-1.176285047e-01,-2.789298972e-02,
1.585388282e-01
l,4.0,3.0
1.391,2.151,2.971,
2.741426497e-04,8.102641829e+00
1.994767040e-02,-2.142286105e-02,5.380012568e-02,1.251412318e+00,6.072864362e+00,1.751074074e+01,2.907715283e+01,2.495506687e+01,8.547949895e+00,
3.485167061e-03,-8.777500991e-03,-1.084678468e-02,-2.491028359e-01,-1.226278538e+00,-3.293067507e+00,-4.834645852e+00,-3.672087604e+00,-1.139190646e+00,
1.589100853e-01
l,4.0,4.0
1.331,2.171,3.031,
1.583157235e-03,7.533958723e+00
7.363153994e-02,-1.333329831e-01,-3.059803665e-02,6.091017515e-01,-2.111300912e-01,2.314540703e+00,1.162631717e+01,1.392313373e+01,5.276786738e+00,
9.743122869e-03,-2.495954081e-02,-1.084937296e-02,-4.204294668e-01,-1.711092936e+00,-3.997702817e+00,-5.063907725e+00,-3.324464374e+00,-9.010067766e-01,
1.584769481e-01
l,5.0,-5.0
1.291,2.191,3.111,
2.669031627e-08,9.205642908e+00
1.535961019e-06,-1.987535556e-06,2.288991936e-07,9.292956315e-06,-4.399752478e-05,-1.810019823e-04,-2.754599256e-04,-2.082393624e-04,-6.429756328e-05,
2.124562320e-07,-5.338509454e-07,-2.998146393e-07,-9.125508579e-06,-3.673453898e-05,-8.422495123e-05,-1.067867366e-04,-7.089393203e-05,-1.950787648e-05,
1.585387970e-01
l,5.0,-4.0
1.451,2.291,3.171,
4.254521976e-08,7.832631375e+00
3.791596100e-06,-4.705654279e-06,-3.805223802e-06,7.091847256e-05,3.563834811e-04,1.149336625e-03,2.031586371e-03,1.751994491e-03,5.821352701e-04,
5.884269335e-07,-1.482154176e-06,-7.814583570e-07,-2.493184041e-05,-1.015807649e-04,-2.358760265e-04,-3.021362873e-04,-2.003846063e-04,-5.457508001e-05,
1.587859948e-01
l,5.0,-3.0
1.511,2.391,3.291,
2.696262624e-08,9.971458435e+00
9.340381439e-06,-9.579334779e-06,-5.272825998e-06,4.349921366e-05,-3.768672029e-04,-1.633871886e-03,-2.641950274e-03,-2.038188422e-03,-6.246801541e-04,
1.397178747e-06,-3.535343799e-06,-1.650504312e-06,-5.875652366e-05,-2.475753572e-04,-6.038265997e-04,-8.213422777e-04,-5.845145139e-04,-1.717461784e-04,
1.587237542e-01
l,5.0,-2.0
1.591,2.471,3.371,
1.664745032e-08,1.187693118e+01
2.413661969e-05,-2.376271425e-05,-3.250617832e-05,1.213316268e-05,-1.471436970e-03,-5.887925146e-03,-9.713681629e-03,-7.691257092e-03,-2.403713721e-03,
3.671611133e-06,-9.316961712e-06,-3.601048738e-06,-1.386216737e-04,-5.333048410e-04,-1.185873812e-03,-1.466583346e-03,-9.482231960e-04,-2.567759488e-04,
1.588480261e-01
l,5.0,-1.0
1.651,2.551,3.451,
6.380836063e-08,1.020724035e+01
6.378302351e-05,-6.704401661e-05,-1.060425444e-04,1.594068415e-04,-2.337325939e-03,-9.960487044e-03,-1.601316380e-02,-1.216345199e-02,-3.640476038e-03,
9.629968306e-06,-2.450321213e-05,-1.006044729e-05,-3.649909678e-04,-1.353701097e-03,-2.845218807e-03,-3.250790621e-03,-1.891412287e-03,-4.525140444e-04,
1.587547584e-01
l,5.0,0.0
1.731,2.591,3.511,
3.587267373e-07,8.247389787e+00
1.816308068e-04,-1.634914396e-04,-1.883257101e-04,2.570016737e-03,8.061604559e-03,1.859503550e-02,3.103267069e-02,2.740034674e-02,9.361844818e-03,
2.659676153e-05,-6.780876602e-05,-2.933126356e-05,-1.100880820e-03,-4.565404774e-03,-1.095930875e-02,-1.460757973e-02,-1.011735906e-02,-2.881375137e-03,
1.588480267e-01
l,5.0,1.0
1.731,2.631,3.551,
4.363095216e-07,9.638050900e+00
5.308465916e-04,-5.316168794e-04,-8.223554872e-04,4.891873339e-03,3.912190755e-03,-1.724398450e-02,-3.825283949e-02,-3.177864613e-02,-1.001309143e-02,
7.718177780e-05,-1.970430269e-04,-1.057939474e-04,-3.387657856e-03,-1.359726736e-02,-3.055213037e-02,-3.722871464e-02,-2.316307380e-02,-5.882445442e-03,
1.587238291e-01
l,5.0,2.0
1.791,2.651,3.551,
2.350290735e-06,8.448493346e+00
1.659912989e-03,-1.682302226e-03,-1.415025088e-03,3.129194618e-02,1.206752899e-01,3.026965799e-01,4.734781194e-01,3.841980607e-01,1.225600935e-01,
2.484298656e-04,-6.344485879e-04,-3.969476875e-04,-1.225298784e-02,-5.400849486e-02,-1.339709992e-01,-1.821155276e-01,-1.275973019e-01,-3.644811629e-02,
1.588170022e-01
l,5.0,3.0
1.791,2.651,3.571,
7.341725120e-06,8.596870766e+00
5.525600165e-03,-6.347834064e-03,-6.870712602e-03,7.913589184e-02,2.856496769e-01,7.692878100e-01,1.324538013e+00,1.143817091e+00,3.785684630e-01,
7.590943898e-04,-1.941732854e-03,-6.750199114e-04,-3.039134083e-02,-1.246896891e-01,-2.949625430e-01,-3.830091777e-01,-2.571704635e-01,-7.095142361e-02,
1.586626585e-01
l,5.0,4.0
1.731,2.571,3.431,
3.048737111e-05,8.603778998e+00
2.203357033e-02,-2.358577956e-02,-4.968450249e-02,2.364663908e-01,5.165660342e-01,5.926786910e-01,9.118853674e-01,9.759320891e-01,3.837225312e-01,
3.510346089e-03,-8.989951189e-03,-3.635759711e-03,-1.425122756e-01,-5.768478678e-01,-1.348047506e+00,-1.735424015e+00,-1.151293686e+00,-3.150005048e-01,
1.588790590e-01
l,5.0,5.0
1.751,2.591,3.451,
1.557342055e-04,8.473835558e+00
8.269228786e-02,-1.337418580e-01,-9.806897280e-03,6.563836932e-01,-1.137340306e+00,-1.654103046e+00,5.417941908e+00,9.697465269e+00,4.242729783e+00,
1.084420310e-02,-2.820167843e-02,-1.438463629e-02,-5.204810294e-01,-2.278444868e+00,-5.869832082e+00,-8.431741420e+00,-6.387221725e+00,-2.001574745e+00,
1.584768793e-01
l,6.0,-6.0
1.631,2.491,3.391,
8.272624390e-10,8.423851299e+00
2.285774059e-07,-2.771241028e-07,1.095400207e-07,3.670741737e-06,9.734960378e-06,2.647530847e-05,4.932024569e-05,4.460081821e-05,1.514600491e-05,
3.258396577e-08,-8.274039998e-08,-5.384759181e-08,-1.618678078e-06,-7.247077022e-06,-1.844573511e-05,-2.590904238e-05,-1.890103409e-05,-5.629386323e-06,
1.586316871e-01
l,6.0,-5.0
1.711,2.591,3.491,
4.467213364e-10,9.986353777e+00
5.489443993e-07,-6.176131700e-07,-8.796712748e-07,3.013654750e-06,-7.552282147e-06,-4.234893746e-05,-6.497708821e-05,-4.608387653e-05,-1.317920102e-05,
8.136408819e-08,-2.072950017e-07,-7.568603381e-08,-3.035459600e-06,-1.127015108e-05,-2.366014547e-05,-2.681182171e-05,-1.535524532e-05,-3.583844484e-06,
1.588480080e-01
l,6.0,-4.0
1.851,2.691,3.591,
1.049440884e-09,8.871073886e+00
1.327005975e-06,-1.195199893e-06,-8.590983709e-07,2.877560937e-05,1.163706030e-04,2.991848135e-04,4.769475505e-04,3.973023884e-04,1.309216162e-04,
2.026485085e-07,-5.179134871e-07,-3.549981367e-07,-1.035805400e-05,-4.621904897e-05,-1.160548078e-04,-1.600284858e-04,-1.137945194e-04,-3.296880722e-05,
1.587859768e-01
l,6.0,-3.0
1.911,2.791,3.691,
1.118383036e-10,1.308790235e+01
3.266113026e-06,-2.755304064e-06,-5.321605097e-06,8.026060085e-06,-1.470764712e-04,-6.700791837e-04,-1.152746292e-03,-9.276749277e-04,-2.913030670e-04,
5.047274260e-07,-1.293752297e-06,-5.474456243e-07,-1.987539223e-05,-7.677454492e-05,-1.708072864e-04,-2.109064113e-04,-1.353786925e-04,-3.624859648e-05,
1.588480482e-01
l,6.0,-2.0
1.991,2.891,3.791,
5.097777844e-09,8.110033082e+00
8.250937753e-06,-7.787690656e-06,-1.355376438e-05,1.129380804e-04,3.703640141e-04,7.209769695e-04,9.815180609e-04,7.521071805e-04,2.328955007e-04,
1.255688771e-06,-3.227646740e-06,-1.925806966e-06,-5.939926372e-05,-2.494687479e-04,-5.887173404e-04,-7.590545937e-04,-5.019145135e-04,-1.353842305e-04,
1.588480261e-01
l,6.0,-1.0
2.051,2.951,3.871,
1.457119423e-09,1.083723373e+01
2.214428059e-05,-1.872061360e-05,-4.239164987e-05,1.966310849e-04,2.173544902e-04,-7.240891637e-04,-1.839393531e-03,-1.618770099e-03,-5.220063524e-04,
3.286888758e-06,-8.466631292e-06,-3.832075922e-06,-1.389477111e-04,-5.538099206e-04,-1.240281569e-03,-1.505121234e-03,-9.276832964e-04,-2.327538726e-04,
1.588480517e-01
l,6.0,0.0
2.111,3.011,3.931,
2.594898831e-09,1.105435733e+01
6.103064879e-05,-4.855280441e-05,-8.681553528e-05,5.016386454e-04,-3.558555099e-04,-5.385265156e-03,-1.044367380e-02,-8.526488279e-03,-2.632376733e-03,
9.053860632e-06,-2.335759346e-05,-1.247447915e-05,-4.031482412e-04,-1.620721484e-03,-3.671098894e-03,-4.546434189e-03,-2.892514498e-03,-7.563766316e-04,
1.588169896e-01
l,6.0,1.0
2.131,3.051,3.971,
3.728741362e-08,8.703300747e+00
1.769421942e-04,-1.379596617e-04,-2.680242260e-04,2.105924698e-03,5.724619752e-03,8.210297164e-03,9.212721581e-03,6.756436425e-03,2.110015045e-03,
2.626605134e-05,-6.783177262e-05,-3.401905976e-05,-1.150418095e-03,-4.745159699e-03,-1.126659556e-02,-1.481327745e-02,-1.007502679e-02,-2.812002287e-03,
1.588480686e-01
l,6.0,2.0
2.151,3.071,4.011,
5.323795078e-08,9.573190266e+00
5.374784232e-04,-3.885903192e-04,-4.207505978e-04,7.046443169e-03,1.082015179e-02,-5.465233821e-03,-2.412250825e-02,-2.006901431e-02,-5.636222003e-03,
7.613656725e-05,-1.968298232e-04,-1.039302135e-04,-3.493698279e-03,-1.457188743e-02,-3.439554180e-02,-4.452124154e-02,-2.972939866e-02,-8.144584368e-03,
1.587547461e-01
l,6.0,3.0
2.171,3.091,4.011,
4.108962942e-07,8.416040737e+00
1.706958050e-03,-1.596246111e-03,-2.550984251e-03,1.843893765e-02,3.219040926e-02,5.052748433e-03,-2.107228683e-02,-1.317472609e-02,-1.327356586e-03,
2.450083780e-04,-6.335847620e-04,-2.745799926e-04,-1.035719263e-02,-4.124051951e-02,-9.258596099e-02,-1.127830392e-01,-7.009415283e-02,-1.782099109e-02,
1.588169740e-01
l,6.0,4.0
2.151,3.071,3.991,
5.051430214e-07,9.814286915e+00
5.903307814e-03,-5.365762984e-03,-5.348590895e-03,6.003492986e-02,1.011118383e-02,-3.107273893e-01,-5.495292106e-01,-3.827508060e-01,-9.933371552e-02,
8.298356426e-04,-2.147071795e-03,-9.797974925e-04,-3.582536620e-02,-1.454791557e-01,-3.397249763e-01,-4.387504796e-01,-2.949820592e-01,-8.217102056e-02,
1.586927998e-01
l,6.0,5.0
2.131,3.011,3.891,
7.536477210e-08,1.424701707e+01
2.314906940e-02,-2.304861357e-02,-4.661459694e-02,6.310506588e-02,-1.032633390e+00,-4.732556126e+00,-8.014705936e+00,-6.321143250e+00,-1.946979784e+00,
3.473244326e-03,-9.006526235e-03,-2.410916109e-03,-1.285551584e-01,-4.893385879e-01,-1.077383642e+00,-1.296545049e+00,-8.005389124e-01,-2.061681937e-01,
1.588790445e-01
l,6.0,6.0
2.111,2.991,3.891,
1.225627882e-05,9.634188180e+00
9.307043254e-02,-1.294559311e-01,-5.090839316e-02,5.753068601e-01,-3.982721973e+00,-1.560697269e+01,-2.111065268e+01,-1.297916114e+01,-3.079223129e+00,
1.128398751e-02,-2.966612858e-02,-1.170389974e-02,-5.139727307e-01,-2.206261776e+00,-5.559903662e+00,-7.741461938e+00,-5.652359904e+00,-1.707526465e+00,
1.585078456e-01
l,7.0,-7.0
1.871,2.771,3.691,
5.532705056e-12,1.105733208e+01
3.408286986e-08,-3.930686268e-08,-3.678570582e-08,2.916502697e-07,-1.135003474e-07,-1.897765332e-06,-3.207796208e-06,-2.388103810e-06,-7.085807714e-07,
4.714357680e-09,-1.208415674e-08,-5.859577091e-09,-2.030357271e-07,-8.112063876e-07,-1.825301920e-06,-2.232272701e-06,-1.403279930e-06,-3.624892042e-07,
1.586928386e-01
l,7.0,-6.0
2.011,2.891,3.791,
2.524710122e-12,1.225055213e+01
7.839963700e-08,-7.100893367e-08,-8.342885210e-08,4.548663945e-07,-2.315064188e-06,-1.205565063e-05,-2.054219270e-05,-1.613836377e-05,-4.956252288e-06,
1.174009748e-08,-3.017690526e-08,-1.287279920e-08,-4.872989445e-07,-1.998562444e-06,-4.756461799e-06,-6.310969915e-06,-4.374950591e-06,-1.257510598e-06,
1.588480406e-01
l,7.0,-5.0
2.171,3.011,3.911,
1.804347174e-11,9.762939448e+00
1.824082005e-07,-1.549826646e-07,-1.579247060e-07,3.841198212e-06,1.547136271e-05,3.822598636e-05,5.920220866e-05,4.864186222e-05,1.593698611e-05,
2.772061062e-08,-7.147779290e-08,-4.404179138e-08,-1.380404878e-06,-6.103413306e-06,-1.524209606e-05,-2.090227766e-05,-1.476846275e-05,-4.254731019e-06,
1.588480080e-01
l,7.0,-4.0
2.231,3.131,4.031,
7.793003613e-12,1.135747708e+01
4.324301983e-07,-3.988991214e-07,-9.129606938e-07,3.240172556e-06,2.151841455e-06,-1.660968799e-05,-3.568785929e-05,-2.932551650e-05,-9.057801257e-06,
6.541760890e-08,-1.691777220e-07,-7.417484635e-08,-2.736172047e-06,-1.075537772e-05,-2.385505421e-05,-2.871281405e-05,-1.753021530e-05,-4.355462658e-06,
1.589101011e-01
l,7.0,-3.0
2.311,3.211,4.131,
5.243278869e-11,9.616404313e+00
1.086733960e-06,-8.353143840e-07,-2.378647738e-06,1.269341038e-05,4.275086357e-05,7.046482169e-05,7.950956478e-05,5.449861559e-05,1.597962938e-05,
1.623555787e-07,-4.208459022e-07,-1.688947861e-07,-6.721755042e-06,-2.694650045e-05,-6.136472748e-05,-7.609667774e-05,-4.798902688e-05,-1.232025346e-05,
1.588790732e-01
l,7.0,-2.0
2.411,3.291,4.211,
1.166871773e-10,9.393982460e+00
2.792857913e-06,-1.893118088e-06,-5.589477604e-06,3.944142266e-05,1.596240040e-04,3.392868264e-04,4.595407121e-04,3.450676226e-04,1.060440316e-04,
4.243406375e-07,-1.101895782e-06,-5.229907441e-07,-1.837287191e-05,-7.477275109e-05,-1.739799416e-04,-2.225078166e-04,-1.458031470e-04,-3.902167001e-05,
1.589101003e-01
l,7.0,-1.0
2.451,3.371,4.291,
2.038615152e-10,9.577996266e+00
7.355929938e-06,-4.889164550e-06,-1.272687638e-05,9.091691089e-05,2.829405212e-04,4.291422494e-04,4.468806760e-04,2.926554710e-04,8.424912019e-05,
1.108245365e-06,-2.882717754e-06,-1.355891015e-06,-4.819876267e-05,-1.977331363e-04,-4.669963305e-04,-6.100064032e-04,-4.107920348e-04,-1.134040913e-04,
1.588790767e-01
l,7.0,0.0
2.511,3.431,4.351,
8.704395997e-10,8.878634290e+00
2.017685074e-05,-1.418294870e-05,-4.213760769e-05,2.424436367e-04,8.769380285e-04,1.564373384e-03,1.827108467e-03,1.246924867e-03,3.601795801e-04,
3.048719840e-06,-7.940013942e-06,-3.932196883e-06,-1.339805964e-04,-5.433865717e-04,-1.256023111e-03,-1.592232886e-03,-1.032061625e-03,-2.727774927e-04,
1.588790517e-01
l,7.0,1.0
2.551,3.471,4.411,
4.621066925e-10,1.052324183e+01
5.763680019e-05,-3.526361297e-05,-8.167511227e-05,6.657280121e-04,1.288816045e-03,-1.454850684e-04,-2.289925103e-03,-2.184395737e-03,-6.683056430e-04,
8.383665762e-06,-2.186061010e-05,-9.940138364e-06,-3.599289907e-04,-1.431955085e-03,-3.229772912e-03,-3.979495542e-03,-2.508342859e-03,-6.481306287e-04,
1.588480686e-01
l,7.0,2.0
2.591,3.511,4.451,
3.626675089e-09,9.382816302e+00
1.704229071e-04,-1.195171222e-04,-3.029060112e-04,2.098308366e-03,7.180311569e-03,1.287901239e-02,1.570747508e-02,1.124526502e-02,3.372106205e-03,
2.429019336e-05,-6.338829289e-05,-2.915806321e-05,-1.062567182e-03,-4.312619697e-03,-1.000164975e-02,-1.273321208e-02,-8.323348145e-03,-2.225611663e-03,
1.588480393e-01
l,7.0,3.0
2.591,3.531,4.471,
7.266688024e-10,1.223629830e+01
5.274111754e-04,-3.652458550e-04,-5.169451020e-04,6.260759727e-03,9.004395308e-03,-1.053879501e-02,-3.502583714e-02,-3.108374265e-02,-9.661028248e-03,
7.411798075e-05,-1.935093296e-04,-9.782666717e-05,-3.424103842e-03,-1.429559783e-02,-3.386331407e-02,-4.398124042e-02,-2.942092728e-02,-8.062754367e-03,
1.587859611e-01
l,7.0,4.0
2.591,3.531,4.471,
2.279422593e-09,1.230642521e+01
1.731476048e-03,-1.306898887e-03,-1.673707553e-03,1.958824393e-02,2.190326960e-02,-5.287007908e-02,-1.359388222e-01,-1.141196940e-01,-3.454662664e-02,
2.385042741e-04,-6.228501670e-04,-2.806750745e-04,-1.073086019e-02,-4.474237172e-02,-1.061690267e-01,-1.380818219e-01,-9.257701026e-02,-2.545789213e-02,
1.588480340e-01
l,7.0,5.0
2.571,3.491,4.431,
1.174516964e-07,9.563789429e+00
6.180962082e-03,-5.274277019e-03,-1.425167218e-02,5.326152010e-02,1.270593656e-01,9.105160603e-02,2.710853865e-02,1.684251580e-02,1.057889122e-02,
8.514717604e-04,-2.223997166e-03,-6.340316086e-04,-3.143163131e-02,-1.152717437e-01,-2.417956853e-01,-2.728967972e-01,-1.542500736e-01,-3.531748734e-02,
1.587237256e-01
l,7.0,6.0
2.591,3.431,4.331,
1.287474687e-07,1.100567180e+01
2.443403006e-02,-2.085487003e-02,-3.752815662e-02,4.782485454e-01,1.928518340e+00,4.454054375e+00,6.578269928e+00,5.297643870e+00,1.724636453e+00,
3.570340113e-03,-9.347189985e-03,-4.675914753e-03,-1.695224618e-01,-7.254373528e-01,-1.762313463e+00,-2.339536997e+00,-1.594558904e+00,-4.445376706e-01,
1.588480333e-01
l,7.0,7.0
2.511,3.411,4.311,
8.144401537e-08,1.332101600e+01
9.926550835e-02,-1.367194117e-01,-1.688572561e-01,4.013456073e-01,-4.167842352e+00,-1.764852938e+01,-2.697247273e+01,-1.921709547e+01,-5.388676270e+00,
1.222430480e-02,-3.243014521e-02,-1.252569862e-02,-5.145909263e-01,-1.929637947e+00,-4.178583103e+00,-4.886309546e+00,-2.947209359e+00,-7.465581990e-01,
1.585388308e-01
l,8.0,-8.0
2.171,3.071,3.991,
3.491153381e-13,9.965519737e+00
4.877613868e-09,-4.799351227e-09,-3.946986018e-09,4.266842783e-08,-4.080710493e-08,-3.665780391e-07,-5.746493597e-07,-3.837357183e-07,-9.742572922e-08,
6.774540712e-10,-1.750292249e-09,-7.209967263e-10,-2.837884394e-08,-1.151840145e-07,-2.700197887e-07,-3.507239458e-07,-2.376702355e-07,-6.676775670e-08,
1.587237827e-01
l,8.0,-7.0
2.351,3.191,4.091,
2.470720634e-13,1.054925544e+01
1.104385028e-08,-8.840922944e-09,-1.002069079e-08,2.261684264e-07,8.725410234e-07,2.047001749e-06,3.086965809e-06,2.514380396e-06,8.225137956e-07,
1.683380077e-09,-4.359545527e-09,-2.833947009e-09,-8.556808660e-08,-3.778600293e-07,-9.431630288e-07,-1.294248009e-06,-9.154206272e-07,-2.641026328e-07,
1.588480728e-01
l,8.0,-6.0
2.471,3.331,4.231,
2.756169851e-13,1.073334837e+01
2.484673978e-08,-1.998809074e-08,-2.853537784e-08,4.613450457e-07,1.715222116e-06,3.739106275e-06,5.287970698e-06,4.100528582e-06,1.287138488e-06,
3.765827022e-09,-9.783036334e-09,-5.508528446e-09,-1.837556827e-07,-8.057270498e-07,-2.001151247e-06,-2.728689110e-06,-1.914819298e-06,-5.481415158e-07,
1.588790656e-01
l,8.0,-5.0
2.551,3.451,4.351,
7.352736412e-14,1.255304984e+01
5.798912994e-08,-4.782468211e-08,-1.305657066e-07,4.444754968e-07,4.624029901e-07,-2.012323573e-06,-4.879099173e-06,-4.209856671e-06,-1.333724123e-06,
8.865201437e-09,-2.308821074e-08,-1.022712264e-08,-3.764037906e-07,-1.482285082e-06,-3.295503315e-06,-3.978463469e-06,-2.431683125e-06,-6.038839870e-07,
1.589100822e-01
l,8.0,-4.0
2.691,3.551,4.451,
4.963380420e-13,1.096651146e+01
1.407975958e-07,-9.093691786e-08,-1.506928200e-07,2.666994958e-06,9.892032209e-06,2.042134482e-05,2.726266427e-05,2.043613206e-05,6.319758102e-06,
2.196704224e-08,-5.732360295e-08,-3.346881702e-08,-1.076068112e-06,-4.692454671e-06,-1.164369696e-05,-1.593284134e-05,-1.122984686e-05,-3.230693299e-06,
1.589101191e-01
l,8.0,-3.0
2.751,3.631,4.551,
1.892236165e-12,1.019183156e+01
3.535866142e-07,-1.808605037e-07,-5.094473334e-07,5.068108232e-06,1.624474682e-05,2.569384865e-05,2.814538494e-05,1.980886652e-05,6.213865513e-06,
5.440461631e-08,-1.422389328e-07,-7.170835697e-08,-2.437811510e-06,-9.992863050e-06,-2.349900401e-05,-3.059654728e-05,-2.054411359e-05,-5.662916335e-06,
1.589101225e-01
l,8.0,-2.0
2.811,3.731,4.651,
2.354013703e-12,1.062000111e+01
8.963295954e-07,-5.910651011e-07,-1.774845661e-06,9.592220428e-06,2.424738311e-05,1.591554115e-05,-6.363041176e-06,-1.194816420e-05,-3.933799351e-06,
1.346760020e-07,-3.527419170e-07,-1.503049731e-07,-5.764624376e-06,-2.289699830e-05,-5.129560508e-05,-6.234551620e-05,-3.834915872e-05,-9.583950249e-06,
1.589101281e-01
l,8.0,-1.0
2.871,3.791,4.731,
1.604009412e-12,1.167029792e+01
2.390099098e-06,-1.243297870e-06,-3.954388734e-06,2.676487617e-05,6.080669864e-05,1.492478750e-05,-7.267423432e-05,-8.018263284e-05,-2.606727472e-05,
3.511796424e-07,-9.210829672e-07,-3.466527796e-07,-1.453196896e-05,-5.741812502e-05,-1.290592203e-04,-1.582462845e-04,-9.880622052e-05,-2.523561515e-05,
1.589101259e-01
l,8.0,0.0
2.931,3.851,4.791,
3.888033960e-12,1.157957721e+01
6.534247859e-06,-3.065851312e-06,-7.994056365e-06,9.194730286e-05,2.553979137e-04,2.747679464e-04,1.284687754e-04,1.117304326e-05,-6.881269856e-06,
9.648342645e-07,-2.533148247e-06,-1.349423421e-06,-4.530670431e-05,-1.882385971e-04,-4.426093337e-04,-5.703060991e-04,-3.766486726e-04,-1.015920879e-04,
1.589101010e-01
l,8.0,1.0
2.971,3.911,4.851,
4.060313820e-11,1.023096559e+01
1.833624992e-05,-1.027571258e-05,-2.674244639e-05,2.466963061e-04,7.731840319e-04,1.122636270e-03,1.026805346e-03,5.801752561e-04,1.500196036e-04,
2.650383769e-06,-6.965374953e-06,-3.544090349e-06,-1.233835397e-04,-5.134322029e-04,-1.214120770e-03,-1.574548071e-03,-1.047301513e-03,-2.843243802e-04,
1.589101428e-01
l,8.0,2.0
2.991,3.931,4.891,
1.209328996e-12,1.432510912e+01
5.409200094e-05,-2.640314067e-05,-9.822510121e-05,4.626462232e-04,7.257597822e-04,-1.337844293e-03,-4.140362018e-03,-3.755173087e-03,-1.193063165e-03,
7.669650307e-06,-2.016939263e-05,-6.356902049e-06,-2.955729697e-04,-1.115987924e-03,-2.422201462e-03,-2.872972862e-03,-1.733001304e-03,-4.285337681e-04,
1.588480393e-01
l,8.0,3.0
3.011,3.951,4.911,
1.849028721e-10,1.069908214e+01
1.648801990e-04,-9.335398003e-05,-4.042177664e-04,1.429323423e-03,4.959777693e-03,6.711559096e-03,5.521137946e-03,2.940856824e-03,7.672532719e-04,
2.340137453e-05,-6.156098049e-05,-2.355977856e-05,-9.271821508e-04,-3.406868517e-03,-7.066528899e-03,-7.870107600e-03,-4.347476730e-03,-9.578368266e-04,
1.588480111e-01
l,8.0,4.0
3.031,3.971,4.931,
7.075851301e-10,1.052111025e+01
5.210026284e-04,-3.307330869e-04,-9.634542043e-04,6.792441447e-03,2.613059115e-02,5.054756894e-02,6.150993013e-02,4.206876717e-02,1.195284008e-02,
7.138920062e-05,-1.878718084e-04,-8.502691730e-05,-3.186391108e-03,-1.290943673e-02,-2.961397468e-02,-3.693962352e-02,-2.347484506e-02,-6.069776505e-03,
1.588169968e-01
l,8.0,5.0
3.011,3.951,4.911,
1.928045991e-09,1.075973356e+01
1.759571023e-03,-1.166061775e-03,-4.085581584e-03,1.565287662e-02,4.842611555e-02,5.824755640e-02,4.349289131e-02,2.310609942e-02,6.475163545e-03,
2.420849768e-04,-6.370347803e-04,-2.218385034e-04,-9.412492587e-03,-3.441257968e-02,-7.126585929e-02,-7.919447365e-02,-4.377780518e-02,-9.708834044e-03,
1.588480195e-01
l,8.0,6.0
2.991,3.931,4.871,
1.906886255e-10,1.412900164e+01
6.265627220e-03,-4.433069446e-03,-7.753603507e-03,6.934180545e-02,8.909407371e-02,-1.831711172e-01,-5.139120233e-01,-4.469663790e-01,-1.382708582e-01,
8.652347547e-04,-2.277358439e-03,-1.067128885e-03,-3.886414779e-02,-1.573262304e-01,-3.622962743e-01,-4.562756300e-01,-2.953185563e-01,-7.853492039e-02,
1.587857651e-01
l,8.0,7.0
2.951,3.851,4.771,
3.458407561e-08,1.075445327e+01
2.531236038e-02,-1.630787473e-02,-3.705366344e-02,3.269749809e-01,7.171414983e-01,3.041288967e-01,-4.287080413e-01,-4.667047467e-01,-1.254785979e-01,
3.633095209e-03,-9.584770701e-03,-4.299730950e-03,-1.615615215e-01,-6.547459059e-01,-1.527648215e+00,-1.965458003e+00,-1.306324256e+00,-3.586346245e-01,
1.588480419e-01
l,8.0,8.0
2.911,3.831,4.751,
1.121087241e-07,1.119308677e+01
1.044142991e-01,-1.271973549e-01,-1.604713281e-01,1.147154181e+00,1.118750246e+00,-2.100053875e+00,-3.708286424e+00,-1.735174150e+00,-1.554996679e-01,
1.243494105e-02,-3.320744744e-02,-1.236480075e-02,-5.493781493e-01,-2.223823844e+00,-5.283560219e+00,-6.893291122e+00,-4.685839202e+00,-1.323535064e+00,
1.585697834e-01
l,9.0,-9.0
2.511,3.371,4.291,
3.531729285e-15,1.138839148e+01
6.884672832e-10,-6.301215415e-10,-9.649432471e-10,9.518217423e-09,3.028323033e-08,6.484053661e-08,1.019798253e-07,8.769809524e-08,2.959800510e-08,
9.681913527e-11,-2.518411127e-10,-1.003979649e-10,-4.079089532e-09,-1.673481670e-08,-3.974970375e-08,-5.214525042e-08,-3.541616850e-08,-9.896855567e-09,
1.587857734e-01
l,9.0,-8.0
2.651,3.511,4.411,
3.605262937e-15,1.151821287e+01
1.508907999e-09,-1.186173810e-09,-1.676251163e-09,2.808612243e-08,1.022170962e-07,2.177268070e-07,3.045151521e-07,2.357930245e-07,7.419250715e-08,
2.279251163e-10,-5.943124931e-10,-3.505901058e-10,-1.132522499e-08,-4.962697175e-08,-1.232817125e-07,-1.682995110e-07,-1.183224354e-07,-3.395000771e-08,
1.588790471e-01
l,9.0,-7.0
2.771,3.651,4.551,
1.312649211e-14,1.049294503e+01
3.357446099e-09,-2.557271475e-09,-4.362954483e-09,6.061935934e-08,2.267813234e-07,4.781690930e-07,6.517861964e-07,4.932381168e-07,1.526212120e-07,
5.086582966e-10,-1.329868903e-09,-7.117318878e-10,-2.460858803e-08,-1.071431080e-07,-2.646793512e-07,-3.588889854e-07,-2.501433278e-07,-7.113114647e-08,
1.589100723e-01
l,9.0,-6.0
2.871,3.771,4.671,
6.776913851e-16,1.367334926e+01
7.731417284e-09,-5.703978379e-09,-1.822617321e-08,6.010653851e-08,8.521384920e-08,-2.219941993e-07,-6.206266944e-07,-5.600995845e-07,-1.814410160e-07,
1.194886586e-09,-3.130733333e-09,-1.416991284e-09,-5.149725483e-08,-2.030049107e-07,-4.518744753e-07,-5.464759389e-07,-3.339715776e-07,-8.276717177e-08,
1.589101149e-01
l,9.0,-5.0
2.991,3.871,4.791,
2.152557516e-14,1.081277673e+01
1.846001041e-08,-1.006688102e-08,-3.329487664e-08,2.706875658e-07,1.059026637e-06,2.121140126e-06,2.737932275e-06,2.016924254e-06,6.200642198e-07,
2.805350865e-09,-7.365368535e-09,-2.988403227e-09,-1.194837083e-07,-4.868363801e-07,-1.144448018e-06,-1.486059204e-06,-9.911081650e-07,-2.707575829e-07,
1.589272368e-01
l,9.0,-4.0
3.071,3.971,4.891,
1.564832814e-15,1.363405479e+01
4.487225169e-08,-2.201964993e-08,-8.460281307e-08,4.402507265e-07,7.975961666e-07,-9.669223934e-07,-3.651886187e-06,-3.504604952e-06,-1.157049268e-06,
6.937031706e-09,-1.824258256e-08,-9.110161237e-09,-3.122857285e-07,-1.253367322e-06,-2.840069008e-06,-3.515684114e-06,-2.215213284e-06,-5.694262507e-07,
1.589272737e-01
l,9.0,-3.0
3.151,4.071,4.991,
8.392456805e-14,1.063246206e+01
1.118561030e-07,-6.230204970e-08,-2.633499458e-07,1.291573140e-06,5.122992567e-06,9.039572685e-06,9.814838967e-06,6.190940818e-06,1.687878166e-06,
1.714659755e-08,-4.516131786e-08,-1.865549958e-08,-7.310327938e-07,-2.933726985e-06,-6.725829441e-06,-8.436374717e-06,-5.372621505e-06,-1.389513511e-06,
1.589272770e-01
l,9.0,-2.0
3.231,4.151,5.071,
1.032932377e-13,1.104392871e+01
2.880819068e-07,-1.412686948e-07,-6.029089277e-07,3.595612347e-06,1.413643992e-05,2.528580556e-05,2.759564536e-05,1.729159076e-05,4.651306904e-06,
4.465976326e-08,-1.177676398e-07,-5.664129104e-08,-1.987549060e-06,-8.080705039e-06,-1.883184820e-05,-2.418291641e-05,-1.587491260e-05,-4.247233199e-06,
1.589272827e-01
l,9.0,-1.0
3.291,4.211,5.151,
2.312904621e-13,1.099433452e+01
7.660196957e-07,-3.423409095e-07,-2.095748651e-06,6.806885218e-06,3.007064044e-05,5.289889526e-05,5.548666958e-05,3.370932061e-05,8.940209741e-06,
1.162684717e-07,-3.069556779e-07,-1.220321605e-07,-4.757419513e-06,-1.816095514e-05,-3.948128724e-05,-4.666991052e-05,-2.764737976e-05,-6.580502758e-06,
1.588962461e-01
l,9.0,0.0
3.371,4.291,5.231,
4.388969260e-13,1.113835822e+01
2.066755997e-06,-1.088012289e-06,-4.554505351e-06,2.449690410e-05,1.018342894e-04,1.972891735e-04,2.358235943e-04,1.596897935e-04,4.551705562e-05,
3.027091080e-07,-8.000689829e-07,-3.094009886e-07,-1.279748125e-05,-5.083064440e-05,-1.155243303e-04,-1.436104008e-04,-9.076045748e-05,-2.333691711e-05,
1.589101010e-01
l,9.0,1.0
3.391,4.331,5.291,
1.238269573e-14,1.479097583e+01
5.820511888e-06,-2.653294811e-06,-1.342709016e-05,4.165508224e-05,9.187695266e-05,-5.689084640e-05,-2.959432838e-04,-2.879851321e-04,-9.361121830e-05,
8.306705231e-07,-2.197288604e-06,-5.617478371e-07,-3.052782097e-05,-1.106600900e-04,-2.293189932e-04,-2.561807564e-04,-1.420397475e-04,-3.162024876e-05,
1.589101428e-01
l,9.0,2.0
3.451,4.371,5.331,
1.789012857e-12,1.149983558e+01
1.686530959e-05,-7.189362057e-06,-2.899404625e-05,2.271188590e-04,8.759618687e-04,1.585044557e-03,1.746063006e-03,1.098660568e-03,2.960796602e-04,
2.403077739e-06,-6.360038604e-06,-2.953939995e-06,-1.094552654e-04,-4.489559383e-04,-1.044013440e-03,-1.323359724e-03,-8.535958713e-04,-2.235453330e-04,
1.589101136e-01
l,9.0,3.0
3.451,4.391,5.351,
8.178100037e-14,1.482593033e+01
5.061861157e-05,-1.955488108e-05,-8.848975233e-05,4.818128529e-04,1.153143080e-03,1.609218701e-04,-1.884347496e-03,-2.131849951e-03,-7.343075410e-04,
7.326755748e-06,-1.939641048e-05,-8.043314944e-06,-3.068185188e-04,-1.187104775e-03,-2.627967249e-03,-3.185774942e-03,-1.964931908e-03,-4.945063553e-04,
1.588480111e-01
l,9.0,4.0
3.451,4.411,5.391,
1.085623033e-12,1.363337925e+01
1.569174929e-04,-7.590003545e-05,-2.750540029e-04,1.940218742e-03,6.321918530e-03,8.126266659e-03,5.057080373e-03,1.200918845e-03,-4.975180535e-05,
2.119437135e-05,-5.613905543e-05,-2.808235818e-06,-6.529871739e-04,-2.285744221e-03,-4.765112510e-03,-5.424320423e-03,-3.099855090e-03,-7.242198504e-04,
1.588480340e-01
l,9.0,5.0
3.451,4.411,5.391,
3.587401036e-12,1.363651030e+01
5.092284991e-04,-2.633973682e-04,-8.593431494e-04,6.372360003e-03,2.016680039e-02,2.520249142e-02,1.497783157e-02,3.061380793e-03,-3.566458020e-04,
6.816268367e-05,-1.805579974e-04,-1.492966696e-05,-2.152861197e-03,-7.565557387e-03,-1.580667404e-02,-1.805260287e-02,-1.038906820e-02,-2.450512152e-03,
1.588480195e-01
l,9.0,6.0
3.431,4.391,5.371,
6.363212355e-12,1.423108634e+01
1.745252055e-03,-9.509350041e-04,-4.132288106e-03,7.028486089e-03,-2.174733228e-03,-8.193784229e-02,-1.593883237e-01,-1.240919788e-01,-3.578562703e-02,
2.311721360e-04,-6.123238946e-04,-3.157844781e-05,-7.153625142e-03,-2.506164254e-02,-5.235966454e-02,-5.976132823e-02,-3.438786609e-02,-8.128468240e-03,
1.588480333e-01
l,9.0,7.0
3.431,4.351,5.311,
5.868625996e-10,1.169911818e+01
6.383780856e-03,-4.030877387e-03,-1.478314001e-02,6.819753981e-02,2.642704206e-01,4.749273710e-01,5.471615156e-01,3.696640830e-01,1.066575276e-01,
8.717104487e-04,-2.309019142e-03,-9.663347409e-04,-3.684727162e-02,-1.402381923e-01,-3.022371330e-01,-3.515515558e-01,-2.056673864e-01,-4.866679953e-02,
1.587857736e-01
l,9.0,8.0
3.371,4.291,5.211,
3.043170337e-09,1.161179190e+01
2.557287924e-02,-1.767456054e-02,-5.371210387e-02,3.188831068e-01,1.106268352e+00,1.778642648e+00,1.842340762e+00,1.157890271e+00,3.206965805e-01,
3.665619467e-03,-9.731652431e-03,-4.185046040e-03,-1.614434366e-01,-6.503281356e-01,-1.508781611e+00,-1.919964183e+00,-1.250702493e+00,-3.336929896e-01,
1.588480298e-01
l,9.0,9.0
3.311,4.251,5.191,
4.350934076e-11,1.654004003e+01
1.080688015e-01,-1.135929790e-01,-1.304113909e-01,1.124817772e+00,-6.281825561e-01,-1.019960128e+01,-1.865253931e+01,-1.420485401e+01,-4.079626743e+00,
1.253957921e-02,-3.366539576e-02,-1.234581326e-02,-5.606224325e-01,-2.245461651e+00,-5.209613358e+00,-6.587362162e+00,-4.324765322e+00,-1.183060917e+00,
1.585697945e-01
