l,0.0,-0.0
0.051,0.671,1.291,
5.697924808e-01,1.640462455e+00
1.563218981e-02,-2.481617616e-02,9.704301903e-02,1.398306713e+00,1.117153846e+01,4.891356157e+01,1.154703079e+02,1.404650016e+02,6.812938984e+01,
4.578705360e-03,-1.032213295e-02,-3.029344857e-02,-5.930279737e-01,-3.832984554e+00,-1.333455491e+01,-2.564711011e+01,-2.571525498e+01,-1.049347141e+01,
1.590203585e-01
l,1.0,-1.0
0.191,1.011,1.831,
1.044958148e-01,3.113150569e+00
2.702113939e-03,-3.945679186e-03,1.102457066e-02,5.298887147e-02,4.396629530e-02,-2.077679630e-01,-6.829560620e-01,-7.015595174e-01,-2.333584941e-01,
4.885376320e-04,-1.183101825e-03,-1.806773498e-03,-3.726330671e-02,-1.913636012e-01,-5.303703017e-01,-8.047234273e-01,-6.326698083e-01,-2.019006753e-01,
1.587237420e-01
l,1.0,0.0
0.251,0.771,1.331,
2.650240089e-01,3.188718534e+00
1.235140022e-02,-1.564286456e-02,7.386581789e-02,1.249640498e+00,8.423473432e+00,3.551420350e+01,7.983007623e+01,8.941402644e+01,3.999316491e+01,
4.184198870e-03,-9.498655527e-03,-2.803389987e-02,-5.830903920e-01,-4.060956810e+00,-1.535656970e+01,-3.239699168e+01,-3.582285254e+01,-1.619779909e+01,
1.590824819e-01
l,1.0,1.0
0.271,0.911,1.611,
1.266374589e+00,3.513876249e+00
2.794466913e-02,-6.064426798e-02,7.916287599e-03,-8.737845418e-01,-7.982241484e+00,-3.752412219e+01,-9.615941438e+01,-1.144939233e+02,-4.986472496e+01,
5.801065323e-03,-1.397702099e-02,-2.201534395e-02,-4.672555801e-01,-2.464799255e+00,-7.032440572e+00,-1.090793117e+01,-8.713242550e+00,-2.802026205e+00,
1.586928129e-01
l,2.0,-2.0
0.431,1.271,2.151,
5.630260489e-03,4.001739685e+00
5.765074166e-04,-1.066154374e-03,-7.830866984e-05,9.953710191e-03,8.170738568e-02,2.887869126e-01,4.738245172e-01,3.771399363e-01,1.194464051e-01,
8.450159783e-05,-2.111461825e-04,-4.300684254e-05,-2.372802686e-03,-7.270133980e-03,-1.133586395e-02,-6.553663654e-03,1.488536479e-03,2.090867693e-03,
1.585388478e-01
l,2.0,-1.0
0.451,1.171,1.891,
6.152845359e-01,9.323030763e+00
1.889614039e-03,-2.344241338e-03,5.330562225e-03,5.056461070e-03,-3.927230541e-01,-2.072484734e+00,-4.833503984e+00,-5.385630549e+00,-2.303944434e+00,
4.228804232e-04,-1.031082937e-03,-1.025487074e-03,-2.635049987e-02,-1.455152588e-01,-4.551995635e-01,-8.003996460e-01,-7.384063573e-01,-2.784650664e-01,
1.589583052e-01
l,2.0,0.0
0.471,1.311,2.171,
4.148455193e-01,8.160751135e+00
3.765035886e-03,-6.383527936e-03,7.989907890e-03,-2.968209900e-02,-6.078166693e-01,-2.536327153e+00,-5.167076555e+00,-5.046900793e+00,-1.870625827e+00,
5.543121044e-04,-1.389686139e-03,-9.475723523e-04,-2.666056084e-02,-1.174218947e-01,-2.958129491e-01,-4.165528260e-01,-3.096674501e-01,-9.487117683e-02,
1.584769405e-01
l,2.0,1.0
0.491,1.111,1.731,
1.289078372e-01,5.236929505e+00
1.636705920e-02,-2.450134747e-02,3.652457465e-02,7.800064286e-01,4.288501276e+00,1.694929467e+01,3.480031165e+01,3.340318060e+01,1.200741795e+01,
4.347645866e-03,-1.057341574e-02,-2.406519679e-02,-5.243196412e-01,-3.334502839e+00,-1.146902506e+01,-2.179514355e+01,-2.159357204e+01,-8.734826320e+00,
1.590203792e-01
l,2.0,2.0
0.551,1.211,1.931,
6.002753185e-01,5.659033318e+00
4.001801834e-02,-9.352853230e-02,2.591889679e-01,3.765741208e+00,2.864973886e+01,1.032923696e+02,1.791463897e+02,1.514993750e+02,5.125462671e+01,
7.067515008e-03,-1.776366838e-02,-2.512658922e-02,-5.936094217e-01,-3.232824623e+00,-9.705270401e+00,-1.598243053e+01,-1.367508083e+01,-4.743804083e+00,
1.585387881e-01
l,3.0,-3.0
0.591,1.471,2.371,
5.247939035e-03,9.933702537e+00
1.365853968e-04,-2.098477687e-04,1.268965325e-04,-1.771200007e-03,-2.072818564e-02,-7.117564186e-02,-1.258746743e-01,-1.115422690e-01,-3.853146587e-02,
1.848075441e-05,-4.696463789e-05,-3.959263728e-05,-1.066289418e-03,-5.063045190e-03,-1.338997939e-02,-1.938082518e-02,-1.449503691e-02,-4.384467724e-03,
1.584769143e-01
l,3.0,-2.0
0.711,1.451,2.211,
5.174462874e-04,5.334770798e+00
3.701612004e-04,-5.608294891e-04,-9.573623558e-04,-7.614681327e-04,7.565459293e-03,8.943298135e-02,2.350089514e-01,2.456184580e-01,9.282519212e-02,
7.288741642e-05,-1.830363774e-04,-9.808416904e-05,-3.204815483e-03,-1.457777050e-02,-3.805116776e-02,-5.516187417e-02,-4.133270634e-02,-1.257905219e-02,
1.589272877e-01
l,3.0,-1.0
0.731,1.591,2.471,
1.345485943e-03,7.004992926e+00
7.210128824e-04,-1.280518306e-03,-6.604779577e-04,1.095118805e-03,1.236158738e-02,9.023879516e-02,1.704601475e-01,1.214332245e-01,2.837032679e-02,
9.866681211e-05,-2.524826706e-04,-9.195790760e-05,-3.673226033e-03,-1.383897189e-02,-3.021053303e-02,-3.617547918e-02,-2.245167375e-02,-5.703382411e-03,
1.584460035e-01
l,3.0,0.0
0.791,1.531,2.291,
1.807242229e-03,5.860628170e+00
2.138970885e-03,-3.264219328e-03,-1.019958787e-03,6.454085231e-02,4.324166740e-01,1.646941871e+00,3.134779658e+00,2.843591812e+00,9.918551213e-01,
4.108948878e-04,-1.039458478e-03,-1.197753963e-03,-2.870273876e-02,-1.440290702e-01,-3.925918234e-01,-5.818058633e-01,-4.422653400e-01,-1.358267990e-01,
1.589272552e-01
l,3.0,1.0
0.791,1.631,2.491,
4.372809324e-03,5.659659787e+00
4.699293990e-03,-8.411068749e-03,1.553245233e-02,1.547814582e-01,7.115738850e-01,2.193747666e+00,3.443558559e+00,2.582342942e+00,7.490187383e-01,
6.466019580e-04,-1.659374417e-03,-1.032794687e-03,-3.177233699e-02,-1.375483409e-01,-3.389133833e-01,-4.617085393e-01,-3.304688576e-01,-9.758977351e-02,
1.584150742e-01
l,3.0,2.0
0.771,1.431,2.111,
1.902671179e-02,6.501427062e+00
2.038911916e-02,-2.962820250e-02,2.067332328e-02,7.207559968e-01,2.956467030e+00,1.078661889e+01,2.316007194e+01,2.365296859e+01,9.100946561e+00,
4.503468331e-03,-1.138895374e-02,-2.144706433e-02,-4.917771480e-01,-2.951389731e+00,-9.522535878e+00,-1.679511586e+01,-1.533111555e+01,-5.692852060e+00,
1.590203311e-01
l,3.0,3.0
0.751,1.491,2.231,
1.424581134e-01,8.226356100e+00
5.583776906e-02,-1.228077369e-01,3.594489960e-01,2.704704019e+00,1.484767302e+01,5.474533264e+01,9.295179948e+01,6.960535406e+01,1.842027016e+01,
8.817203652e-03,-2.282427862e-02,-2.784426241e-02,-7.248384995e-01,-3.971026757e+00,-1.212959724e+01,-2.040836320e+01,-1.794631227e+01,-6.435263869e+00,
1.583532004e-01
l,4.0,-4.0
0.831,1.691,2.571,
2.376011388e-05,6.474510183e+00
3.091230974e-05,-5.565520254e-05,-2.038641324e-05,2.833540444e-04,2.021735543e-03,7.924080938e-03,1.312469807e-02,9.615627573e-03,2.610856195e-03,
4.221126486e-06,-1.086504026e-05,-2.850164106e-06,-1.405037077e-04,-4.777949329e-04,-9.097255087e-04,-8.804544740e-04,-3.810989878e-04,-4.680089177e-05,
1.584769619e-01
l,4.0,-3.0
0.971,1.711,2.491,
2.215264503e-05,6.893561584e+00
7.500895299e-05,-1.124833754e-04,-2.830398955e-05,2.633952111e-03,1.837573188e-02,7.012593264e-02,1.353277124e-01,1.260341311e-01,4.544608693e-02,
1.364360119e-05,-3.494872445e-05,-3.956190040e-05,-9.229873164e-04,-4.373294623e-03,-1.124200942e-02,-1.566071027e-02,-1.114762605e-02,-3.198094969e-03,
1.589100744e-01
l,4.0,-2.0
0.991,1.851,2.711,
3.016818374e-05,8.405285660e+00
1.442044013e-04,-2.246554290e-04,4.088044927e-05,5.943885929e-04,-2.532549334e-03,-2.982895846e-03,3.181936766e-03,4.634676664e-03,1.155337735e-03,
2.025386395e-05,-5.254180618e-05,-2.067862956e-05,-8.790048644e-04,-3.846450206e-03,-9.939196850e-03,-1.441267206e-02,-1.100610171e-02,-3.459348262e-03,
1.584769185e-01
l,4.0,-1.0
1.051,1.831,2.631,
4.699349769e-05,6.863663848e+00
3.754126083e-04,-4.673548577e-04,-7.156869136e-04,-3.819906209e-03,-4.564034074e-02,-1.403411341e-01,-2.018455840e-01,-1.468154653e-01,-4.386286681e-02,
6.557908317e-05,-1.694085520e-04,-2.114037914e-04,-4.990001243e-03,-2.548244509e-02,-7.146762314e-02,-1.100448906e-01,-8.765985847e-02,-2.838476749e-02,
1.589101102e-01
l,4.0,0.0
1.131,1.951,2.811,
8.764500160e-05,6.924324215e+00
7.812323165e-04,-1.282093384e-03,1.218476642e-03,1.899504051e-02,7.569247043e-02,2.444781542e-01,4.323136878e-01,3.662878592e-01,1.190061413e-01,
1.076044619e-04,-2.806174157e-04,-1.482123462e-04,-5.187255717e-03,-2.222287466e-02,-5.405509978e-02,-7.218431612e-02,-5.030394202e-02,-1.446801002e-02,
1.584769405e-01
l,4.0,1.0
1.091,1.871,2.671,
2.187262842e-04,6.883808352e+00
2.369954018e-03,-2.926017978e-03,6.253555340e-03,1.217673131e-01,5.254159983e-01,1.452136131e+00,2.354209850e+00,1.959440532e+00,6.460783811e-01,
4.077369668e-04,-1.056586994e-03,-9.825646064e-04,-2.615030676e-02,-1.277541592e-01,-3.467474820e-01,-5.189149119e-01,-4.042383695e-01,-1.292334750e-01,
1.589101213e-01
l,4.0,2.0
1.131,1.931,2.791,
6.233794120e-04,7.227689932e+00
5.794524215e-03,-9.455145375e-03,9.640411987e-03,8.712355139e-02,2.271948106e-01,1.008315135e+00,2.232123303e+00,2.120425828e+00,7.360570464e-01,
7.815762279e-04,-2.039785068e-03,-1.102176811e-03,-3.797349226e-02,-1.678180265e-01,-4.337640563e-01,-6.279579763e-01,-4.798354844e-01,-1.511699467e-01,
1.583531454e-01
l,4.0,3.0
1.131,1.771,2.471,
1.811915497e-03,9.472774488e+00
2.339640073e-02,-3.667206927e-02,-1.117088693e-02,1.096516019e+00,8.363989664e+00,3.717404500e+01,8.425234642e+01,9.156388549e+01,3.824505943e+01,
4.753957404e-03,-1.233203130e-02,-1.572647996e-02,-3.959631960e-01,-2.173840431e+00,-6.558456755e+00,-1.085776367e+01,-9.300401873e+00,-3.243185049e+00,
1.589583235e-01
l,4.0,4.0
1.091,1.791,2.551,
1.138731458e-02,8.194132880e+00
7.107044756e-02,-1.654530908e-01,4.172883258e-01,6.287984342e+00,4.423950285e+01,1.716312398e+02,3.298560208e+02,3.045125549e+02,1.089978933e+02,
1.025373027e-02,-2.713263891e-02,-2.560195663e-02,-7.276504338e-01,-3.605531327e+00,-9.937153314e+00,-1.487836504e+01,-1.157340479e+01,-3.674925521e+00,
1.582910598e-01
l,5.0,-5.0
1.071,1.911,2.771,
1.005639461e-06,7.017270606e+00
6.859410860e-06,-1.096528166e-05,1.509597433e-05,1.581695934e-04,5.430036301e-04,1.633390797e-03,2.729516793e-03,2.176852797e-03,6.652728211e-04,
9.585152908e-07,-2.494072032e-06,-1.499171240e-06,-4.796064880e-05,-2.097514285e-04,-5.237013315e-04,-7.250006980e-04,-5.270156612e-04,-1.581465154e-04,
1.585078490e-01
l,5.0,-4.0
1.171,1.951,2.751,
9.304271241e-07,7.210917135e+00
1.557490032e-05,-2.234958701e-05,-4.688399370e-05,-6.447190099e-05,-4.065023927e-04,1.537481688e-04,2.572863196e-03,3.501467291e-03,1.447524528e-03,
2.656945322e-06,-6.906473814e-06,-5.828906513e-06,-1.563260251e-04,-7.099408274e-04,-1.777068763e-03,-2.419457252e-03,-1.686601074e-03,-4.762021117e-04,
1.589101220e-01
l,5.0,-3.0
1.291,2.091,2.931,
8.514899394e-07,8.053926792e+00
2.960311031e-05,-4.240798977e-05,3.532920810e-05,8.926897102e-04,4.219807698e-03,1.414987716e-02,2.589078795e-02,2.296551238e-02,7.837291057e-03,
4.350473154e-06,-1.140579750e-05,-6.649298335e-06,-2.375469751e-04,-1.148904193e-03,-3.162350123e-03,-4.794762028e-03,-3.770766295e-03,-1.207394110e-03,
1.586007244e-01
l,5.0,-2.0
1.331,2.131,2.931,
1.445153298e-06,7.474241741e+00
6.757427764e-05,-7.708503729e-05,1.727579173e-04,2.587804182e-03,7.777747568e-03,1.634268843e-02,2.389233657e-02,1.936860421e-02,6.350640848e-03,
1.144145441e-05,-2.999700264e-05,-3.203893966e-05,-8.476835876e-04,-4.427406523e-03,-1.276136878e-02,-2.019813911e-02,-1.655073063e-02,-5.517436658e-03,
1.589101331e-01
l,5.0,-1.0
1.371,2.211,3.071,
1.772645598e-06,8.469175985e+00
1.467604015e-04,-2.140188119e-04,-1.832081857e-04,1.489924106e-03,2.541001363e-03,6.934329855e-03,1.648903591e-02,1.643058160e-02,5.657448114e-03,
2.074201651e-05,-5.470477356e-05,-1.661364164e-05,-8.634129174e-04,-3.523002387e-03,-8.229333634e-03,-1.043290110e-02,-6.779449919e-03,-1.804899828e-03,
1.586007601e-01
l,5.0,0.0
1.411,2.211,3.031,
1.349976409e-06,1.113678838e+01
3.699612862e-04,-3.987287897e-04,-6.903866571e-05,2.699203986e-03,-2.332843008e-02,-1.130209520e-01,-2.027234617e-01,-1.729926020e-01,-5.850869624e-02,
6.061807020e-05,-1.596279139e-04,-1.623218307e-04,-4.215475168e-03,-2.095106644e-02,-5.802839570e-02,-8.866723620e-02,-7.030207073e-02,-2.273592485e-02,
1.589101006e-01
l,5.0,1.0
1.471,2.291,3.151,
8.380583326e-06,8.158255268e+00
8.450747118e-04,-1.328739418e-03,-6.016812692e-04,1.310569037e-02,5.769554422e-02,2.089646570e-01,4.030500836e-01,3.625007726e-01,1.228568061e-01,
1.156575892e-04,-3.060550097e-04,-8.663918707e-05,-4.773305922e-03,-1.958639159e-02,-4.674221880e-02,-6.116289122e-02,-4.148115799e-02,-1.159233891e-02,
1.585388212e-01
l,5.0,2.0
1.431,2.231,3.031,
1.525141890e-05,9.418093177e+00
2.493686043e-03,-3.370489334e-03,-8.483463367e-03,-3.362657754e-02,-2.741023803e-01,-7.630732824e-01,-1.015492268e+00,-6.911755686e-01,-1.969814643e-01,
4.178521229e-04,-1.101264636e-03,-1.054336993e-03,-2.725894490e-02,-1.282732893e-01,-3.340984759e-01,-4.763798723e-01,-3.504752948e-01,-1.051634690e-01,
1.588790240e-01
l,5.0,3.0
1.451,2.251,3.111,
7.033237074e-05,8.446222290e+00
6.645318121e-03,-1.021383762e-02,6.594424288e-03,8.999720342e-02,1.261232665e-01,5.934636051e-01,1.663378916e+00,1.811835919e+00,6.878627434e-01,
8.860350079e-04,-2.345138745e-03,-1.171625170e-03,-4.359707965e-02,-1.923092705e-01,-4.951032168e-01,-7.115557640e-01,-5.389461652e-01,-1.687017724e-01,
1.583532004e-01
l,5.0,4.0
1.411,2.091,2.831,
2.451941852e-04,9.051158155e+00
2.676329017e-02,-3.971955129e-02,-1.071252293e-01,-8.383636894e-02,-6.221017333e-01,2.074057420e+00,1.278878893e+01,1.876323245e+01,8.893022179e+00,
4.913434844e-03,-1.298136617e-02,-9.025980438e-03,-2.790146086e-01,-1.272014668e+00,-3.238882574e+00,-4.471151116e+00,-3.131272154e+00,-8.835829275e-01,
1.589272164e-01
l,5.0,5.0
1.371,2.091,2.871,
9.980734856e-04,9.982367596e+00
8.743788302e-02,-1.963868181e-01,1.207942967e-01,2.713472616e+00,2.055557263e+01,1.009091597e+02,2.235972966e+02,2.244545208e+02,8.459603632e+01,
1.173907939e-02,-3.159137950e-02,-3.021067304e-02,-8.766854239e-01,-4.433926071e+00,-1.251380777e+01,-1.920682876e+01,-1.529580099e+01,-4.961291561e+00,
1.582602062e-01
l,6.0,-6.0
1.291,2.111,2.971,
3.870286897e-08,8.236657377e+00
1.548695991e-06,-2.495588269e-06,-5.726799429e-07,2.870755420e-05,1.437686525e-04,5.132122893e-04,9.344903356e-04,7.960573308e-04,2.571114794e-04,
2.165230762e-07,-5.686554966e-07,-2.306775272e-07,-9.448670752e-06,-3.892898658e-05,-9.173884535e-05,-1.178844589e-04,-7.804804900e-05,-2.112507581e-05,
1.585388339e-01
l,6.0,-5.0
1.431,2.191,2.991,
3.836639084e-08,7.886805354e+00
3.196995976e-06,-4.130375519e-06,-8.914070265e-06,-3.028173077e-05,-2.946270619e-04,-7.769944822e-04,-8.651224412e-04,-4.120228624e-04,-5.552292130e-05,
5.405518959e-07,-1.420871481e-06,-1.422115231e-06,-3.693747734e-05,-1.805595268e-04,-4.883628744e-04,-7.250271592e-04,-5.567688113e-04,-1.743615571e-04,
1.589272656e-01
l,6.0,-4.0
1.511,2.311,3.131,
2.523822184e-08,9.142791135e+00
6.157396911e-06,-7.056878207e-06,9.682364929e-06,1.746524103e-04,3.634470419e-04,4.451960486e-04,4.929532956e-04,3.862870521e-04,1.270828844e-04,
9.795069111e-07,-2.589335401e-06,-2.808940552e-06,-7.213085509e-05,-3.629821990e-04,-1.010910435e-03,-1.547034711e-03,-1.227367500e-03,-3.970172377e-04,
1.586928136e-01
l,6.0,-3.0
1.591,2.391,3.191,
7.426965486e-09,1.222613220e+01
1.292851994e-05,-1.369946865e-05,-4.494734776e-06,9.496386064e-05,-8.148567405e-04,-4.014087216e-03,-7.238485630e-03,-6.175167385e-03,-2.081940421e-03,
2.196505064e-06,-5.819687276e-06,-6.468414844e-06,-1.685715184e-04,-8.783768871e-04,-2.523399847e-03,-3.976935664e-03,-3.238636416e-03,-1.071921087e-03,
1.589100744e-01
l,6.0,-2.0
1.651,2.471,3.311,
2.651364920e-08,1.020521295e+01
2.751943975e-05,-3.225610178e-05,-7.650126513e-05,-2.952675320e-04,-3.299522071e-03,-1.059231101e-02,-1.560214688e-02,-1.131071622e-02,-3.290162088e-03,
4.187322351e-06,-1.114200442e-05,-5.854466051e-06,-2.224263145e-04,-1.040316361e-03,-2.765056791e-03,-4.038409539e-03,-3.048807343e-03,-9.406060779e-04,
1.587238194e-01
l,6.0,-1.0
1.751,2.511,3.331,
5.581982299e-08,9.629265580e+00
6.317070802e-05,-6.111341512e-05,1.232153597e-04,3.474335807e-03,1.582445243e-02,4.279078067e-02,6.854159340e-02,5.781019590e-02,1.963493055e-02,
1.043332581e-05,-2.778121581e-05,-2.877749868e-05,-7.468433589e-04,-3.666992409e-03,-9.896241402e-03,-1.461429763e-02,-1.115226348e-02,-3.476942194e-03,
1.589101102e-01
l,6.0,0.0
1.791,2.571,3.411,
1.233494086e-07,9.425707307e+00
1.446959068e-04,-1.589227119e-04,2.452341263e-04,7.404688218e-03,3.391049521e-02,9.131985993e-02,1.423442418e-01,1.150596786e-01,3.718445142e-02,
2.209086501e-05,-5.897911443e-05,-2.124522393e-05,-9.532205201e-04,-3.942183389e-03,-9.648900996e-03,-1.333794825e-02,-9.765612000e-03,-3.008169399e-03,
1.586626738e-01
l,6.0,1.0
1.811,2.591,3.411,
3.032061561e-07,9.258464139e+00
3.595536982e-04,-3.662061592e-04,6.913462518e-04,1.508223781e-02,5.338774745e-02,1.197057077e-01,1.743818970e-01,1.402130001e-01,4.615431290e-02,
5.805509081e-05,-1.550093163e-04,-1.564006024e-04,-4.162496533e-03,-2.073179183e-02,-5.718754548e-02,-8.666845722e-02,-6.803943546e-02,-2.180560863e-02,
1.588480322e-01
l,6.0,2.0
1.791,2.611,3.471,
9.861462593e-07,8.886998715e+00
9.135481087e-04,-1.191736300e-03,-1.494779206e-03,1.170726315e-02,3.598704747e-02,1.010949160e-01,1.993074733e-01,1.907631740e-01,6.808467184e-02,
1.295964788e-04,-3.467335944e-04,-1.229334546e-04,-5.633445423e-03,-2.306515824e-02,-5.492327368e-02,-7.200883603e-02,-4.888644854e-02,-1.371443983e-02,
1.585697527e-01
l,6.0,3.0
1.771,2.571,3.391,
2.941732143e-06,8.898072221e+00
2.633684082e-03,-3.142808163e-03,-1.074490384e-03,8.362532995e-02,3.784561325e-01,1.055279725e+00,1.733392358e+00,1.460183356e+00,4.853857137e-01,
4.221812114e-04,-1.127356387e-03,-1.067153339e-03,-2.825384210e-02,-1.327357051e-01,-3.415102647e-01,-4.766455935e-01,-3.413002583e-01,-9.955359059e-02,
1.588480541e-01
l,6.0,4.0
1.771,2.571,3.431,
7.347895757e-06,9.539428411e+00
7.427908015e-03,-1.048106118e-02,2.676360304e-03,9.372451185e-02,3.426700589e-02,9.043068645e-02,7.515279887e-01,1.090165080e+00,4.731868541e-01,
9.938277433e-04,-2.660327331e-03,-1.275539982e-03,-4.954514848e-02,-2.181822150e-01,-5.596176286e-01,-7.993571150e-01,-6.005156759e-01,-1.867472103e-01,
1.583531341e-01
l,6.0,5.0
1.731,2.431,3.171,
2.156820402e-05,1.033444608e+01
2.902350947e-02,-3.847427823e-02,3.498400749e-02,1.609658930e+00,8.118137859e+00,2.579637712e+01,4.798687211e+01,4.575180605e+01,1.724182091e+01,
5.271707180e-03,-1.412043493e-02,-1.463674188e-02,-3.921006701e-01,-1.995233814e+00,-5.640410720e+00,-8.769746051e+00,-7.081740142e+00,-2.350461783e+00,
1.588962570e-01
l,6.0,6.0
1.671,2.411,3.191,
8.109251418e-05,1.116593698e+01
1.000204980e-01,-2.176081619e-01,3.648768105e-02,1.727402232e+00,1.107486396e+01,6.502461953e+01,1.584077978e+02,1.665929721e+02,6.432002482e+01,
1.327272630e-02,-3.619996841e-02,-3.422270113e-02,-1.002697184e+00,-5.035802250e+00,-1.414477850e+01,-2.161644282e+01,-1.715218523e+01,-5.555761329e+00,
1.582292828e-01
l,7.0,-7.0
1.551,2.331,3.171,
1.173893574e-09,9.443509522e+00
3.312214858e-07,-4.688716676e-07,6.373055870e-07,1.426067753e-05,6.523297215e-05,1.929336409e-04,3.229106732e-04,2.713692039e-04,8.949840436e-05,
4.869922633e-08,-1.289327774e-07,-4.697276619e-08,-2.000012866e-06,-7.834513486e-06,-1.804772757e-05,-2.334937246e-05,-1.607696927e-05,-4.707267165e-06,
1.586007449e-01
l,7.0,-6.0
1.651,2.431,3.231,
3.223164618e-10,1.170742907e+01
6.483068091e-07,-7.295072427e-07,-9.567427389e-07,-2.252311236e-06,-7.332745390e-05,-2.814004584e-04,-4.745640516e-04,-3.933828974e-04,-1.308010629e-04,
1.092551232e-07,-2.898963337e-07,-3.194000122e-07,-8.256557486e-06,-4.235444082e-05,-1.199688149e-04,-1.865278193e-04,-1.499594070e-04,-4.905717031e-05,
1.589272738e-01
l,7.0,-5.0
1.791,2.551,3.371,
6.970937763e-10,1.002982539e+01
1.229989948e-06,-1.275615378e-06,2.493320830e-06,5.973161801e-05,2.404666137e-04,6.092166166e-04,9.595355455e-04,8.092093251e-04,2.755834591e-04,
1.974335970e-07,-5.264059890e-07,-5.089335543e-07,-1.392856705e-05,-6.911490338e-05,-1.894700150e-04,-2.846807367e-04,-2.214253813e-04,-7.037516387e-05,
1.587857685e-01
l,7.0,-4.0
1.851,2.651,3.451,
7.940783754e-11,1.384403819e+01
2.466317028e-06,-2.688537353e-06,-8.482064598e-06,-3.479889386e-05,-3.567461479e-04,-1.227210838e-03,-1.991687681e-03,-1.605051667e-03,-5.192150802e-04,
4.189331828e-07,-1.119859164e-06,-1.011462700e-06,-2.817167373e-05,-1.374202215e-04,-3.724177250e-04,-5.542488279e-04,-4.260794794e-04,-1.337165839e-04,
1.589272766e-01
l,7.0,-3.0
1.931,2.731,3.551,
4.643301260e-10,1.136172682e+01
5.140821031e-06,-5.554894435e-06,-2.194531627e-05,-5.861427724e-05,-4.929740688e-04,-1.573455816e-03,-2.345767100e-03,-1.731774239e-03,-5.164664441e-04,
8.407446338e-07,-2.254274809e-06,-1.630315791e-06,-4.934569683e-05,-2.236663035e-04,-5.622202196e-04,-7.675345781e-04,-5.347354240e-04,-1.513546211e-04,
1.588169630e-01
l,7.0,-2.0
1.991,2.791,3.611,
4.550641241e-11,1.529068831e+01
1.122916001e-05,-1.006994198e-05,-4.158225390e-05,-1.552845608e-04,-1.618708484e-03,-5.870927328e-03,-9.931337328e-03,-8.237927091e-03,-2.714492142e-03,
1.879875348e-06,-5.049285240e-06,-4.179173375e-06,-1.184742512e-04,-5.580954659e-04,-1.471570712e-03,-2.135474515e-03,-1.599754820e-03,-4.899069941e-04,
1.589272877e-01
l,7.0,-1.0
2.051,2.871,3.691,
7.919296671e-10,1.186045229e+01
2.456191032e-05,-2.678781183e-05,-9.930103183e-05,-2.953152141e-04,-2.515514950e-03,-7.939673640e-03,-1.169713952e-02,-8.494030461e-03,-2.476737153e-03,
3.975678808e-06,-1.070245106e-05,-7.884331585e-06,-2.374903590e-04,-1.085203796e-03,-2.761692703e-03,-3.832841555e-03,-2.726852363e-03,-7.906181026e-04,
1.587859859e-01
l,7.0,0.0
2.111,2.911,3.731,
9.192566452e-09,9.387335399e+00
5.742822032e-05,-5.080414369e-05,8.472245304e-05,2.443948665e-03,8.921124618e-03,1.928674202e-02,2.664080229e-02,2.059366129e-02,6.616673826e-03,
9.376847140e-06,-2.526977973e-05,-2.491054074e-05,-6.719639126e-04,-3.326616135e-03,-9.134145627e-03,-1.378234322e-02,-1.076083892e-02,-3.431133790e-03,
1.589101006e-01
l,7.0,1.0
2.151,2.951,3.791,
8.196726702e-09,1.056288271e+01
1.375918946e-04,-1.389834135e-04,-8.083561714e-05,2.764261026e-03,8.137618398e-03,1.779785834e-02,3.076248872e-02,2.926892431e-02,1.083478595e-02,
2.091076390e-05,-5.644254959e-05,-2.191286686e-05,-1.000996583e-03,-4.496420214e-03,-1.184497636e-02,-1.743982774e-02,-1.341181073e-02,-4.255169795e-03,
1.587237928e-01
l,7.0,2.0
2.151,2.951,3.791,
1.924961155e-08,1.062862109e+01
3.552699054e-04,-3.364976187e-04,-2.523472357e-04,7.151396650e-03,2.154576751e-02,4.582467752e-02,7.651382761e-02,7.166258064e-02,2.638330279e-02,
5.493205542e-05,-1.482823613e-04,-5.924520726e-05,-2.624600328e-03,-1.173922644e-02,-3.078227090e-02,-4.516695794e-02,-3.460972381e-02,-1.094437879e-02,
1.588479990e-01
l,7.0,3.0
2.111,2.971,3.831,
3.500863151e-08,1.125457743e+01
9.183710208e-04,-1.057998552e-03,-6.141506123e-04,9.459789742e-03,-1.384427934e-02,-1.018230744e-01,-1.639794105e-01,-1.159526890e-01,-3.184915334e-02,
1.292353547e-04,-3.492574805e-04,-1.480616718e-04,-6.319603254e-03,-2.736551128e-02,-6.818071492e-02,-9.380351750e-02,-6.729483533e-02,-2.001935281e-02,
1.586007784e-01
l,7.0,4.0
2.111,2.931,3.771,
3.038111211e-07,9.940540074e+00
2.685840940e-03,-3.186682660e-03,-2.894028114e-03,5.012099314e-02,1.586102226e-01,3.591012981e-01,5.885515932e-01,5.181264597e-01,1.783276310e-01,
3.996661410e-04,-1.078972765e-03,-4.925792905e-04,-2.057045771e-02,-9.384599094e-02,-2.447301703e-01,-3.506428586e-01,-2.595768625e-01,-7.870519242e-02,
1.588479876e-01
l,7.0,5.0
2.071,2.911,3.771,
1.368631975e-06,9.710764895e+00
7.904537953e-03,-1.146458406e-02,-3.508680666e-03,1.002784798e-01,9.537024521e-02,1.330540772e-01,5.925853053e-01,8.090593931e-01,3.417837413e-01,
1.047309288e-03,-2.830775174e-03,-1.025653282e-03,-4.879789979e-02,-2.047517960e-01,-4.943858140e-01,-6.530352607e-01,-4.483605433e-01,-1.277625286e-01,
1.584150896e-01
l,7.0,6.0
2.011,2.751,3.531,
3.575532786e-06,1.055648628e+01
3.184233978e-02,-3.843423808e-02,-1.879694083e-02,1.194779176e+00,5.270158617e+00,1.457572897e+01,2.512803269e+01,2.282997766e+01,8.250056036e+00,
5.297945500e-03,-1.434503160e-02,-1.060279550e-02,-3.204384378e-01,-1.447154149e+00,-3.659156613e+00,-5.057798018e+00,-3.607821871e+00,-1.063972711e+00,
1.589101175e-01
l,7.0,7.0
1.951,2.731,3.531,
1.924154368e-05,1.069482528e+01
1.122582033e-01,-2.365686766e-01,-1.441153589e-01,-5.247627900e-01,-7.347325863e+00,-4.544052200e+00,2.699129360e+01,4.453445985e+01,1.983998641e+01,
1.406754322e-02,-3.874562589e-02,-2.900126283e-02,-9.350835382e-01,-4.374303930e+00,-1.158861422e+01,-1.671551520e+01,-1.256646244e+01,-3.887153735e+00,
1.582911034e-01
l,8.0,-8.0
1.771,2.571,3.391,
5.217503082e-11,9.727056738e+00
6.784002693e-08,-9.846272031e-08,2.359644322e-09,1.966713974e-06,9.187784148e-06,2.882577472e-05,5.074565502e-05,4.397476438e-05,1.474742241e-05,
1.034290917e-08,-2.759479684e-08,-2.433784132e-08,-6.657732979e-07,-3.088802657e-06,-7.890069165e-06,-1.093550918e-05,-7.794708676e-06,-2.265694757e-06,
1.586626832e-01
l,8.0,-7.0
1.891,2.671,3.471,
2.774625791e-12,1.409325181e+01
1.299738983e-07,-1.272148266e-07,5.201888211e-08,2.403094903e-06,-1.593530501e-06,-2.639818930e-05,-5.789005568e-05,-5.493665731e-05,-2.002265774e-05,
2.195819791e-08,-5.873353969e-08,-6.521875835e-08,-1.711640775e-06,-8.927157406e-06,-2.569130728e-05,-4.056548732e-05,-3.309610309e-05,-1.098103442e-05,
1.589100949e-01
l,8.0,-6.0
2.011,2.811,3.611,
1.431365006e-11,1.136306417e+01
2.379724009e-07,-2.384915195e-07,2.218501807e-07,6.629907086e-06,1.290018925e-05,6.824340221e-06,-5.077506066e-06,-7.718756854e-06,-2.810540552e-06,
3.958623616e-08,-1.063269919e-07,-1.072101577e-07,-2.981058140e-06,-1.550156291e-05,-4.459948367e-05,-7.038987787e-05,-5.741260452e-05,-1.905735149e-05,
1.588480449e-01
l,8.0,-5.0
2.111,2.891,3.691,
1.071993533e-12,1.493197304e+01
4.774548188e-07,-3.779276998e-07,-8.010626182e-07,2.159427808e-06,-3.344646383e-05,-1.750597622e-04,-3.375835718e-04,-3.024065204e-04,-1.054172135e-04,
8.383546878e-08,-2.256818237e-07,-2.565519761e-07,-6.513832159e-06,-3.324886996e-05,-9.372944483e-05,-1.451703051e-04,-1.160561946e-04,-3.776291516e-05,
1.589272656e-01
l,8.0,-4.0
2.251,3.011,3.811,
1.793832203e-11,1.138648531e+01
9.374252841e-07,-8.503277315e-07,1.398334880e-06,4.771733853e-05,2.065842194e-04,5.255361840e-04,8.107449084e-04,6.714926635e-04,2.262366056e-04,
1.592045431e-07,-4.299306692e-07,-3.856046727e-07,-1.103655588e-05,-5.491031251e-05,-1.518653245e-04,-2.308896961e-04,-1.816420198e-04,-5.846239990e-05,
1.589101220e-01
l,8.0,-3.0
2.311,3.091,3.891,
4.969340841e-11,1.060398703e+01
1.965847105e-06,-1.599652114e-06,2.738868807e-06,8.379482357e-05,2.970086889e-04,6.082017077e-04,8.074446340e-04,6.154995221e-04,1.984031929e-04,
3.366472499e-07,-9.109298460e-07,-8.954692053e-07,-2.507362680e-05,-1.292037329e-04,-3.686128686e-04,-5.773434507e-04,-4.669343634e-04,-1.538125768e-04,
1.589272290e-01
l,8.0,-2.0
2.391,3.151,3.971,
2.882321600e-11,1.175425885e+01
4.288478067e-06,-3.382966266e-06,4.268870663e-06,2.187330945e-04,1.005767531e-03,2.606079048e-03,4.010549634e-03,3.297938132e-03,1.104138002e-03,
7.114063235e-07,-1.928670635e-06,-1.812673885e-06,-5.000631338e-05,-2.431108964e-04,-6.519197466e-04,-9.560910081e-04,-7.225721742e-04,-2.230916456e-04,
1.589101331e-01
l,8.0,-1.0
2.411,3.211,4.031,
1.122494450e-10,1.087255690e+01
9.590732589e-06,-8.527944252e-06,-1.385626996e-05,2.683325013e-04,1.201002444e-03,2.962147660e-03,4.433494037e-03,3.556947641e-03,1.155643840e-03,
1.586951041e-06,-4.308286342e-06,-3.559862405e-06,-1.033768254e-04,-4.842963283e-04,-1.245419201e-03,-1.736184017e-03,-1.235384546e-03,-3.573703902e-04,
1.589272648e-01
l,8.0,0.0
2.431,3.251,4.091,
2.287664810e-11,1.342419432e+01
2.233007945e-05,-1.859343535e-05,-7.758495151e-05,-1.740880655e-04,-2.158306637e-03,-8.001092279e-03,-1.312277630e-02,-1.032589166e-02,-3.195138428e-03,
3.537127264e-06,-9.615564162e-06,-4.736599247e-06,-1.861634175e-04,-8.473304953e-04,-2.200456149e-03,-3.142784418e-03,-2.308861046e-03,-6.936772345e-04,
1.588480264e-01
l,8.0,1.0
2.471,3.271,4.111,
3.438000623e-10,1.123021586e+01
5.425696872e-05,-3.709166144e-05,-2.264255658e-05,1.775176254e-03,7.322446026e-03,1.658478564e-02,2.305155839e-02,1.757765812e-02,5.525547001e-03,
8.796264135e-06,-2.392302435e-05,-1.190166959e-05,-4.437120638e-04,-1.966287230e-03,-5.077777401e-03,-7.340318597e-03,-5.522540386e-03,-1.714021769e-03,
1.589101065e-01
l,8.0,2.0
2.471,3.311,4.171,
1.047160935e-10,1.351528551e+01
1.327109057e-04,-1.290976156e-04,-3.462413285e-04,9.300969535e-04,-8.173416589e-04,-1.211764830e-02,-2.402933848e-02,-2.025811648e-02,-6.541711395e-03,
1.959492942e-05,-5.336144090e-05,-1.264049060e-05,-8.120763134e-04,-3.235142244e-03,-7.438859019e-03,-9.286118788e-03,-5.863648319e-03,-1.513980133e-03,
1.587857308e-01
l,8.0,3.0
2.471,3.311,4.151,
3.643274197e-10,1.322136523e+01
3.478928120e-04,-3.346163303e-04,-7.780159992e-04,3.385309680e-03,1.994412646e-03,-2.125285582e-02,-4.806080055e-02,-4.208379124e-02,-1.384781640e-02,
5.433462030e-05,-1.479112435e-04,-7.877155005e-05,-2.802565076e-03,-1.204287467e-02,-2.935503560e-02,-3.916246627e-02,-2.675256775e-02,-7.478536060e-03,
1.588480541e-01
l,8.0,4.0
2.471,3.311,4.171,
1.394286184e-08,1.039175789e+01
9.384623845e-04,-1.034630113e-03,-1.791234270e-03,1.169426212e-02,2.677044701e-02,3.617182474e-02,5.894973140e-02,6.355720764e-02,2.582612943e-02,
1.349167904e-04,-3.674787149e-04,-1.282531819e-04,-6.042380165e-03,-2.446423054e-02,-5.695955596e-02,-7.225099015e-02,-4.679820424e-02,-1.245285134e-02,
1.586626351e-01
l,8.0,5.0
2.411,3.251,4.111,
2.978201507e-08,1.093630568e+01
2.835582942e-03,-2.837261393e-03,-6.697422156e-03,3.333599740e-02,8.824425374e-02,1.208736611e-01,1.605648741e-01,1.484192115e-01,5.536343070e-02,
4.176065576e-04,-1.136530839e-03,-3.765945914e-04,-1.825562853e-02,-7.400176126e-02,-1.747128631e-01,-2.271735047e-01,-1.518655224e-01,-4.188880328e-02,
1.588480625e-01
l,8.0,6.0
2.391,3.231,4.091,
1.215659228e-07,1.091931350e+01
8.547210135e-03,-1.108830916e-02,-8.204574247e-03,1.006874913e-01,3.621423399e-02,-2.806091645e-01,-2.827632982e-01,2.163737230e-02,7.905195520e-02,
1.155770911e-03,-3.148012459e-03,-1.273308953e-03,-5.552914578e-02,-2.325321821e-01,-5.596698944e-01,-7.372671781e-01,-5.034995277e-01,-1.426650770e-01,
1.584460109e-01
l,8.0,7.0
2.311,3.091,3.891,
5.275183595e-08,1.382397885e+01
3.362017870e-02,-3.499813818e-02,3.663142971e-02,1.202148311e+00,2.943272942e+00,2.985942497e+00,1.017350674e+00,-5.712569410e-01,-4.663390724e-01,
5.269026001e-03,-1.439042142e-02,-1.306674651e-02,-3.902959642e-01,-2.005158247e+00,-5.741313885e+00,-9.012239874e+00,-7.322131666e+00,-2.430013491e+00,
1.589101056e-01
l,8.0,8.0
2.271,3.051,3.851,
1.698019048e-06,1.184705684e+01
1.240973994e-01,-2.489529044e-01,-2.251913445e-01,-1.009509456e+00,-1.286423759e+01,-2.747990827e+01,-1.588718269e+01,6.743512117e+00,6.991743004e+00,
1.561011989e-02,-4.338194319e-02,-3.531465590e-02,-1.080611824e+00,-5.054810936e+00,-1.338104709e+01,-1.930366204e+01,-1.451213460e+01,-4.495484336e+00,
1.582911185e-01
l,9.0,-9.0
1.991,2.811,3.631,
1.965189641e-12,1.034394578e+01
1.372560021e-08,-1.979682569e-08,-2.678939393e-08,1.137787430e-07,3.178815539e-07,1.392208832e-06,3.434758868e-06,3.556665136e-06,1.311491347e-06,
2.072563377e-09,-5.569980477e-09,-3.680054689e-09,-1.191950027e-07,-5.376017274e-07,-1.346410941e-06,-1.824885979e-06,-1.265860863e-06,-3.573635245e-07,
1.586927923e-01
l,9.0,-8.0
2.131,2.911,3.711,
2.705086094e-13,1.275098089e+01
2.579784031e-08,-2.275388610e-08,3.956207781e-08,1.070291203e-06,3.414096873e-06,6.049354344e-06,6.822845955e-06,4.387626121e-06,1.178837979e-06,
4.393030244e-09,-1.183227936e-08,-1.275546043e-08,-3.360899178e-07,-1.725631247e-06,-4.899935230e-06,-7.643605135e-06,-6.166733561e-06,-2.028347914e-06,
1.589272646e-01
l,9.0,-7.0
2.291,3.051,3.851,
4.653852173e-13,1.186977177e+01
4.668115139e-08,-4.110679566e-08,7.502121175e-08,2.223571467e-06,8.656713429e-06,2.006032790e-05,2.936193540e-05,2.373958326e-05,7.910971297e-06,
7.902128344e-09,-2.136116950e-08,-2.077016725e-08,-5.783029227e-07,-2.940135660e-06,-8.290077219e-06,-1.284241585e-05,-1.028915152e-05,-3.364981694e-06,
1.589100949e-01
l,9.0,-6.0
2.371,3.151,3.951,
1.719274922e-13,1.311433028e+01
9.023550263e-08,-7.658433825e-08,-3.817217908e-07,-1.041271862e-06,-1.016953577e-05,-3.671449410e-05,-6.082486256e-05,-4.901494478e-05,-1.565958823e-05,
1.582794396e-08,-4.289039782e-08,-3.967428502e-08,-1.072827007e-06,-5.113130226e-06,-1.352744875e-05,-1.963571324e-05,-1.465710216e-05,-4.461822548e-06,
1.589583143e-01
l,9.0,-5.0
2.471,3.271,4.071,
1.445164038e-12,1.089873056e+01
1.746016949e-07,-1.319969934e-07,1.564772003e-07,6.668917962e-06,2.190123389e-05,3.896643632e-05,4.514267405e-05,3.142751402e-05,9.635187908e-06,
2.999254382e-08,-8.149724723e-08,-7.958356023e-08,-2.246517258e-06,-1.158222088e-05,-3.306733506e-05,-5.181593928e-05,-4.189338673e-05,-1.379097162e-05,
1.589272656e-01
l,9.0,-4.0
2.551,3.351,4.151,
3.160065750e-14,1.532822888e+01
3.592510893e-07,-2.402747166e-07,-3.518582180e-07,6.244352231e-06,4.828439303e-06,-4.001633396e-05,-1.039254370e-04,-1.003709453e-04,-3.559086547e-05,
6.334321628e-08,-1.724192516e-07,-1.864949403e-07,-4.902577697e-06,-2.503346747e-05,-7.070058714e-05,-1.097012106e-04,-8.775421889e-05,-2.856332103e-05,
1.589582626e-01
l,9.0,-3.0
2.631,3.431,4.231,
5.174957051e-15,1.750189473e+01
7.552529837e-07,-5.474014330e-07,-2.421504927e-06,-2.790315833e-06,-6.324021799e-05,-2.737931066e-04,-4.967787853e-04,-4.268645951e-04,-1.434157410e-04,
1.336768221e-07,-3.644751813e-07,-3.784510483e-07,-9.837525392e-06,-4.837299747e-05,-1.318736924e-04,-1.976342608e-04,-1.525749704e-04,-4.799398680e-05,
1.589272290e-01
l,9.0,-2.0
2.691,3.491,4.311,
1.340029648e-13,1.458487466e+01
1.648248031e-06,-9.527319797e-07,-1.621192771e-06,3.377786470e-05,6.710663648e-05,-3.979475261e-05,-2.464654283e-04,-2.737367147e-04,-1.022403326e-04,
2.821152995e-07,-7.704361392e-07,-6.929829162e-07,-1.937770247e-05,-9.418896636e-05,-2.560679200e-04,-3.838300718e-04,-2.968871516e-04,-9.371349413e-05,
1.589583282e-01
l,9.0,-1.0
2.791,3.551,4.371,
1.536775967e-12,1.267325636e+01
3.678745998e-06,-2.116552020e-06,3.240531900e-06,1.713178481e-04,7.255398354e-04,1.673862286e-03,2.334636059e-03,1.794496502e-03,5.750948514e-04,
6.282691263e-07,-1.717758202e-06,-1.716560088e-06,-4.574146766e-05,-2.242386948e-04,-6.095385687e-04,-9.105378720e-04,-7.013764492e-04,-2.204087898e-04,
1.588962303e-01
l,9.0,0.0
2.811,3.611,4.431,
9.822206092e-12,1.152521486e+01
8.408997019e-06,-6.287751245e-06,2.426877991e-07,3.508950568e-04,1.575032721e-03,3.818543433e-03,5.466374957e-03,4.202469838e-03,1.323215255e-03,
1.399706982e-06,-3.831296442e-06,-3.471429935e-06,-9.736246753e-05,-4.673501867e-04,-1.236429284e-03,-1.785184967e-03,-1.323588304e-03,-4.002578229e-04,
1.589272552e-01
l,9.0,1.0
2.811,3.631,4.471,
3.307523263e-12,1.332159794e+01
2.029246025e-05,-1.472827103e-05,-7.026659723e-05,-2.184087377e-05,-9.453002226e-04,-4.309130924e-03,-7.543527481e-03,-6.086698132e-03,-1.899222581e-03,
3.291778441e-06,-9.016971604e-06,-4.686471620e-06,-1.703587225e-04,-7.328818968e-04,-1.787620665e-03,-2.385490837e-03,-1.620995780e-03,-4.489523894e-04,
1.588790720e-01
l,9.0,2.0
2.851,3.671,4.511,
4.015677208e-11,1.172067845e+01
4.942757005e-05,-3.878896634e-05,-7.915677432e-05,6.992170143e-04,1.476077700e-03,8.128443630e-04,1.530960588e-04,5.267319151e-04,4.153829386e-04,
7.744747330e-06,-2.123022419e-05,-6.638664081e-06,-3.451302092e-04,-1.441022719e-03,-3.547041704e-03,-4.897294411e-03,-3.530109142e-03,-1.062180302e-03,
1.589100733e-01
l,9.0,3.0
2.851,3.671,4.531,
1.175990006e-10,1.159058429e+01
1.275463001e-04,-9.211096623e-05,-1.433809572e-04,2.346332541e-03,6.410380675e-03,8.629168807e-03,9.362576234e-03,7.782247692e-03,2.953460681e-03,
1.923257392e-05,-5.274085977e-05,-2.522228949e-05,-9.900216503e-04,-4.341413225e-03,-1.097633667e-02,-1.539020969e-02,-1.119307316e-02,-3.358361877e-03,
1.588170170e-01
l,9.0,4.0
2.811,3.671,4.531,
1.660394443e-11,1.449744921e+01
3.396706015e-04,-2.689167658e-04,-4.226852295e-04,4.627433590e-03,5.393161627e-03,-1.481976312e-02,-3.942806091e-02,-3.479858853e-02,-1.116052496e-02,
5.049317331e-05,-1.384722783e-04,-6.100602117e-05,-2.549349687e-03,-1.117797863e-02,-2.832315137e-02,-3.980597986e-02,-2.904587303e-02,-8.747871966e-03,
1.588479876e-01
l,9.0,5.0
2.811,3.651,4.531,
1.272449926e-09,1.140970769e+01
9.509709198e-04,-8.755207414e-04,-1.685433683e-03,1.475823560e-02,4.659769760e-02,8.421872413e-02,1.155782239e-01,9.591558060e-02,3.284445040e-02,
1.324187450e-04,-3.631893708e-04,-1.454371141e-04,-6.451735518e-03,-2.752245106e-02,-6.778192382e-02,-9.183873800e-02,-6.421216808e-02,-1.846976287e-02,
1.586928283e-01
l,9.0,6.0
2.751,3.611,4.471,
2.641651027e-10,1.423131794e+01
2.843077062e-03,-2.690378275e-03,-3.390403383e-03,3.237563528e-02,-5.798842075e-03,-2.577542472e-01,-5.015464190e-01,-4.015784724e-01,-1.219027251e-01,
4.101741219e-04,-1.124261805e-03,-4.712702368e-04,-2.032106373e-02,-8.752318231e-02,-2.169648359e-01,-2.967822799e-01,-2.106415715e-01,-6.189685350e-02,
1.588170061e-01
l,9.0,7.0
2.691,3.551,4.431,
1.226290885e-08,1.186051735e+01
9.119570255e-03,-1.053686797e-02,-1.656554275e-02,7.380206910e-02,-8.922784781e-02,-7.714138569e-01,-1.208427631e+00,-7.884577609e-01,-1.903917435e-01,
1.200251251e-03,-3.291413766e-03,-6.291724685e-04,-4.729367351e-02,-1.775558995e-01,-3.900323075e-01,-4.650444193e-01,-2.836997456e-01,-7.242044270e-02,
1.585078436e-01
l,9.0,8.0
2.631,3.431,4.231,
2.499641781e-10,1.756921416e+01
3.520901129e-02,-3.974374956e-02,-9.659713267e-02,-1.973834410e-01,-4.071693692e+00,-1.588541215e+01,-2.698167490e+01,-2.213884862e+01,-7.197645002e+00,
5.489714022e-03,-1.510072759e-02,-1.342163275e-02,-3.922042230e-01,-1.929445762e+00,-5.310755651e+00,-8.019253770e+00,-6.264728605e+00,-2.003413318e+00,
1.589101208e-01
l,9.0,9.0
2.551,3.371,4.191,
3.117458280e-07,1.208197090e+01
1.354825050e-01,-2.578211972e-01,-3.247962780e-01,-1.439319822e+00,-1.708274273e+01,-4.514266384e+01,-4.908597295e+01,-2.251531887e+01,-2.932844181e+00,
1.626599627e-02,-4.549487081e-02,-2.731173746e-02,-9.971072221e-01,-4.484549003e+00,-1.154187405e+01,-1.615446256e+01,-1.178480030e+01,-3.559849373e+00,
1.582912996e-01
