l,0.5,-0.5
0.131,0.831,1.551,
4.145276236e-02,2.128241293e+00
2.319005085e-03,-4.307621300e-03,3.463813443e-03,4.168758726e-02,1.475465498e-01,4.494500654e-01,6.845149015e-01,5.328378178e-01,1.956271210e-01,
3.454280276e-04,-1.083714151e-03,-7.700763742e-04,-2.838450299e-02,-1.471597951e-01,-4.342027465e-01,-7.123061228e-01,-6.107579807e-01,-2.145874855e-01,
1.585697991e-01
l,0.5,0.5
0.171,0.371,0.611,
4.923493215e-01,2.630993353e+00
1.688233018e-02,4.864893915e-02,2.174612584e+00,9.724276041e+01,1.896709210e+03,1.941460312e+04,1.073182626e+05,3.034748376e+05,3.447563327e+05,
1.604201569e-02,-2.447811489e-02,-1.558748292e+00,-7.573936679e+01,-1.537196148e+03,-1.534352404e+04,-8.026429676e+04,-2.116255003e+05,-2.223107023e+05,
1.591437123e-01
l,1.5,-1.5
0.311,1.031,1.751,
6.868249007e-03,3.858100282e+00
3.378808033e-04,-6.828422089e-04,5.544766285e-04,6.538236513e-03,2.352780072e-02,7.774128382e-02,1.133029745e-01,6.098420545e-02,6.246321814e-03,
4.577671309e-05,-1.472016804e-04,-9.012474175e-05,-3.807781036e-03,-1.958189882e-02,-5.793603488e-02,-9.507448009e-02,-8.162027982e-02,-2.877223972e-02,
1.583841030e-01
l,1.5,-0.5
0.371,0.991,1.631,
1.165667241e-02,3.732063073e+00
1.465906040e-03,-2.369463528e-03,1.357932275e-03,5.931883230e-02,2.860687532e-01,1.094506478e+00,2.359059648e+00,2.459479926e+00,9.887110297e-01,
2.689697367e-04,-8.527205870e-04,-1.174797278e-03,-3.488171675e-02,-2.150009945e-01,-7.283134708e-01,-1.359132646e+00,-1.316088069e+00,-5.196129448e-01,
1.589101198e-01
l,1.5,0.5
0.391,1.131,1.871,
4.385871663e-02,4.035931889e+00
3.920141142e-03,-7.952217422e-03,6.189492162e-03,7.385820562e-02,2.664270011e-01,9.126119916e-01,1.423281997e+00,8.823051330e-01,1.539393945e-01,
4.940703669e-04,-1.604037669e-03,-9.660839777e-04,-4.099054820e-02,-2.060668321e-01,-5.961992788e-01,-9.539190588e-01,-7.974082451e-01,-2.736057086e-01,
1.581984143e-01
l,1.5,1.5
0.411,0.731,1.071,
3.429036815e-01,4.521399562e+00
3.056927025e-02,4.082317994e-02,8.305825489e-01,2.528902036e+01,2.857867739e+02,1.763470537e+03,6.110967624e+03,1.108116158e+04,8.173246646e+03,
2.069718547e-02,-4.954406895e-02,-7.089736646e-01,-2.025785857e+01,-2.505249286e+02,-1.620139396e+03,-5.740493024e+03,-1.052749399e+04,-7.817258184e+03,
1.591437669e-01
l,2.5,-2.5
0.531,1.231,1.931,
6.165522837e-04,6.506013540e+00
4.674429874e-05,-9.521954719e-05,6.744722443e-05,1.105336701e-03,4.323517960e-03,1.676757896e-02,3.190304042e-02,2.648927947e-02,7.821813241e-03,
6.392678783e-06,-2.090039843e-05,-1.154165177e-05,-5.455316030e-04,-2.848662114e-03,-8.618839371e-03,-1.449330618e-02,-1.278001385e-02,-4.643894362e-03,
1.583840411e-01
l,2.5,-1.5
0.611,1.251,1.911,
5.294917940e-04,5.717300618e+00
1.675106032e-04,-2.729999831e-04,3.571178036e-05,5.922945027e-03,2.437086226e-02,8.918832781e-02,2.009080351e-01,2.201575317e-01,9.207139948e-02,
2.734218432e-05,-8.923793199e-05,-1.024820272e-04,-3.396501627e-03,-2.035324787e-02,-6.735558831e-02,-1.222401535e-01,-1.148273438e-01,-4.399885264e-02,
1.588790533e-01
l,2.5,-0.5
0.651,1.371,2.091,
8.464612514e-04,5.234645580e+00
4.695582029e-04,-8.885120692e-04,2.364921563e-04,1.125961401e-02,4.009135110e-02,1.634287447e-01,3.734143145e-01,3.887774231e-01,1.506935154e-01,
6.024365002e-05,-1.993127327e-04,-9.565413082e-05,-5.016300227e-03,-2.551742900e-02,-7.547235883e-02,-1.235683925e-01,-1.058361454e-01,-3.743939751e-02,
1.583841202e-01
l,2.5,0.5
0.691,1.371,2.051,
2.151070920e-03,4.968989353e+00
1.807425055e-03,-2.906406238e-03,-1.751955573e-04,5.672948202e-02,2.118969556e-01,7.141683655e-01,1.564219888e+00,1.684108596e+00,6.907462800e-01,
2.752633473e-04,-9.074347772e-04,-9.708426652e-04,-3.336473484e-02,-1.952930154e-01,-6.309144990e-01,-1.113436075e+00,-1.014408928e+00,-3.766124484e-01,
1.588480184e-01
l,2.5,1.5
0.691,1.451,2.211,
8.161781976e-03,5.022282290e+00
5.694890860e-03,-1.122496959e-02,4.806452098e-03,1.171263615e-01,4.297239879e-01,1.740653302e+00,3.662969893e+00,3.473743897e+00,1.226854292e+00,
6.427082479e-04,-2.139011975e-03,-8.278145343e-04,-5.026770847e-02,-2.447351147e-01,-6.941911117e-01,-1.083763509e+00,-8.827510830e-01,-2.961817539e-01,
1.580447209e-01
l,2.5,2.5
0.691,1.091,1.511,
6.264509983e-02,5.820162626e+00
4.233153164e-02,4.052360557e-02,3.283185603e-01,1.111046380e+01,9.584725471e+01,4.491538208e+02,1.218009593e+03,1.768097329e+03,1.057790600e+03,
2.271155280e-02,-6.286216782e-02,-3.897008244e-01,-8.919964840e+00,-8.355496424e+01,-4.188276675e+02,-1.176692464e+03,-1.732412334e+03,-1.040649528e+03,
1.591438139e-01
l,3.5,-3.5
0.771,1.451,2.131,
1.523773757e-05,9.995327200e+00
5.904457794e-06,-1.183286494e-05,8.126283003e-06,1.789249790e-04,7.277808433e-04,2.852116669e-03,6.033259749e-03,5.907395249e-03,2.174568886e-03,
8.285700500e-07,-2.749278531e-06,-2.958364299e-06,-1.023290861e-04,-5.992676343e-04,-1.943643390e-03,-3.441267363e-03,-3.153526093e-03,-1.177788271e-03,
1.584768095e-01
l,3.5,-2.5
0.871,1.511,2.151,
1.041633686e-05,7.714929322e+00
1.864091064e-05,-3.076381857e-05,4.527745887e-06,7.300445787e-04,3.161462133e-03,1.154068502e-02,2.619628056e-02,2.948201050e-02,1.278925414e-02,
3.104220924e-06,-1.031358277e-05,-1.366473778e-05,-4.285333167e-04,-2.618132976e-03,-8.857831767e-03,-1.648414850e-02,-1.590595240e-02,-6.267914484e-03,
1.588479663e-01
l,3.5,-1.5
0.931,1.611,2.291,
1.707115603e-05,8.343214796e+00
5.339760901e-05,-8.905924763e-05,-3.995859190e-06,1.723447488e-03,6.031824269e-03,1.945520398e-02,4.289256359e-02,4.688557112e-02,1.945914914e-02,
7.757897104e-06,-2.599517189e-05,-3.032163391e-05,-1.004829786e-03,-5.874816644e-03,-1.898021802e-02,-3.347589422e-02,-3.049566398e-02,-1.133053874e-02,
1.585697640e-01
l,3.5,-0.5
0.991,1.651,2.331,
3.400345569e-05,7.015240048e+00
1.775699056e-04,-2.446831992e-04,-1.838392829e-04,5.914731939e-03,2.151362128e-02,5.975874487e-02,1.243201566e-01,1.391738557e-01,6.087174770e-02,
2.713761127e-05,-9.113067116e-05,-1.083333772e-04,-3.527968820e-03,-2.060643339e-02,-6.636701565e-02,-1.167079401e-01,-1.057616987e-01,-3.906395955e-02,
1.588170085e-01
l,3.5,0.5
1.011,1.731,2.451,
9.191899030e-05,6.669158448e+00
5.585424951e-04,-8.917673538e-04,-5.910852027e-04,1.116683958e-02,1.810591470e-02,3.155581240e-02,1.012040145e-01,1.432380508e-01,6.758787075e-02,
7.217353895e-05,-2.438507319e-04,-1.111713845e-04,-6.166450448e-03,-3.115385500e-02,-9.170771966e-02,-1.492588112e-01,-1.266142991e-01,-4.447457015e-02,
1.584459861e-01
l,3.5,1.5
1.031,1.731,2.451,
3.215622650e-04,6.198278311e+00
2.144369064e-03,-2.964675976e-03,-3.539800556e-03,4.564967016e-02,1.030140849e-01,1.768917622e-01,4.075055826e-01,5.327166928e-01,2.512948608e-01,
2.887461323e-04,-9.749704137e-04,-3.763839391e-04,-2.372264575e-02,-1.192617783e-01,-3.496354240e-01,-5.662699628e-01,-4.757445550e-01,-1.652957417e-01,
1.587855531e-01
l,3.5,2.5
1.031,1.771,2.551,
1.390828789e-03,6.368610212e+00
7.651426829e-03,-1.328954395e-02,-4.174659435e-03,1.273904115e-01,2.085442068e-01,6.765252940e-01,1.995383755e+00,2.403671670e+00,1.002223310e+00,
8.170203241e-04,-2.767815019e-03,-6.769626819e-04,-6.106406836e-02,-2.890564947e-01,-8.014931610e-01,-1.218291132e+00,-9.635772452e-01,-3.153056316e-01,
1.580348625e-01
l,3.5,3.5
1.011,1.471,1.951,
8.720023614e-03,6.978254942e+00
5.284969881e-02,3.099588319e-02,1.644385230e-01,8.379517848e+00,6.642789286e+01,2.770831740e+02,6.619655934e+02,8.416855193e+02,4.393626174e+02,
2.265406284e-02,-6.792773834e-02,-2.891199869e-01,-6.848891064e+00,-5.828896357e+01,-2.622752487e+02,-6.540772997e+02,-8.463198967e+02,-4.438049221e+02,
1.591437634e-01
l,4.5,-4.5
1.051,1.691,2.351,
9.235108047e-08,1.147010139e+01
6.871354117e-07,-1.364481962e-06,8.812268619e-07,2.613037640e-05,1.279593402e-04,5.295081334e-04,1.201119039e-03,1.306575575e-03,5.472236121e-04,
9.950722375e-08,-3.345453686e-07,-3.550963885e-07,-1.266490040e-05,-7.528022535e-05,-2.492075386e-04,-4.516051334e-04,-4.242034925e-04,-1.627172588e-04,
1.585385146e-01
l,4.5,-3.5
1.151,1.771,2.411,
7.959698204e-08,1.181688745e+01
2.018743089e-06,-3.365348115e-06,2.862800311e-08,7.413111526e-05,2.898061198e-04,1.022638100e-03,2.386557498e-03,2.777208734e-03,1.240299576e-03,
3.253910767e-07,-1.097415236e-06,-1.226752801e-06,-4.308417449e-05,-2.625202020e-04,-8.904026664e-04,-1.660666909e-03,-1.605622505e-03,-6.344902948e-04,
1.588478950e-01
l,4.5,-2.5
1.231,1.871,2.531,
1.000832116e-07,1.158410771e+01
5.681417861e-06,-9.007613159e-06,-3.756985990e-06,1.814718081e-04,5.818298375e-04,1.652955119e-03,3.701038159e-03,4.315532493e-03,1.922423870e-03,
8.654269085e-07,-2.935756472e-06,-3.175712309e-06,-1.122259087e-04,-6.672588322e-04,-2.204317034e-03,-3.987580540e-03,-3.729621217e-03,-1.425214682e-03,
1.587237269e-01
l,4.5,-1.5
1.291,1.951,2.611,
1.952620293e-07,1.076114909e+01
1.702347981e-05,-2.483383617e-05,-1.587820273e-05,5.873295500e-04,2.151862596e-03,5.970242226e-03,1.226585589e-02,1.359870346e-02,5.909889933e-03,
2.636004943e-06,-8.973893331e-06,-9.957707537e-06,-3.463021242e-04,-2.055366981e-03,-6.773639504e-03,-1.222220096e-02,-1.138456884e-02,-4.329400986e-03,
1.588480104e-01
l,4.5,-0.5
1.331,2.011,2.711,
4.728353475e-07,1.023754144e+01
5.357107148e-05,-7.170709940e-05,-9.021119612e-05,1.497605416e-03,4.590203655e-03,9.494019632e-03,1.778178422e-02,2.006666202e-02,8.947903498e-03,
7.478357562e-06,-2.556431231e-05,-9.921272027e-06,-6.405391774e-04,-3.281463703e-03,-9.827384442e-03,-1.630445576e-02,-1.404642477e-02,-5.013797601e-03,
1.586928114e-01
l,4.5,0.5
1.371,2.071,2.771,
1.658512909e-06,9.289715722e+00
1.756325946e-04,-2.397032161e-04,-3.349087621e-04,3.803002794e-03,7.807096768e-03,6.599891616e-03,1.195140839e-02,2.014300688e-02,1.116711715e-02,
2.434425369e-05,-8.341029701e-05,-2.634585555e-05,-2.022881629e-03,-1.032738865e-02,-3.092680938e-02,-5.127716842e-02,-4.410519069e-02,-1.571338033e-02,
1.588169813e-01
l,4.5,1.5
1.371,2.091,2.831,
5.928662268e-06,8.969426590e+00
6.247457932e-04,-7.751575151e-04,-1.376469480e-03,1.290478655e-02,2.503220411e-02,-1.036005690e-03,-3.034400294e-02,-1.676964744e-02,9.075703186e-04,
7.900318852e-05,-2.712554025e-04,-1.044362305e-04,-6.590138269e-03,-3.231451776e-02,-9.233430795e-02,-1.451511135e-01,-1.180154913e-01,-3.973493217e-02,
1.585384133e-01
l,4.5,2.5
1.371,2.111,2.851,
3.360333065e-05,7.861491418e+00
2.361094113e-03,-3.006625596e-03,-4.720152761e-03,4.614547715e-02,1.076925858e-01,1.255834656e-01,1.874930403e-01,2.278746095e-01,1.064882947e-01,
2.949158698e-04,-1.012785700e-03,-4.029395456e-04,-2.496060202e-02,-1.222289286e-01,-3.497649686e-01,-5.493447623e-01,-4.443220215e-01,-1.481649567e-01,
1.587756485e-01
l,4.5,3.5
1.331,2.111,2.891,
1.951319798e-04,7.290788965e+00
9.398745373e-03,-1.414360817e-02,-1.422466969e-02,1.515027759e-01,1.049415325e-01,-4.232239940e-01,-5.870621427e-01,-1.178956202e-01,8.867513275e-02,
1.020644947e-03,-3.503889029e-03,-1.039433893e-03,-7.902251705e-02,-3.721603567e-01,-1.024634894e+00,-1.543720727e+00,-1.206773334e+00,-3.914179809e-01,
1.581032113e-01
l,4.5,4.5
1.331,1.831,2.371,
1.016270852e-03,8.159796366e+00
6.150123850e-02,3.959689653e-02,9.650581777e-02,7.374652722e+00,5.708298955e+01,2.242507424e+02,4.968378913e+02,5.819525388e+02,2.790505791e+02,
2.271820673e-02,-7.128020095e-02,-2.530516945e-01,-6.093931328e+00,-4.793072920e+01,-1.968031041e+02,-4.426099777e+02,-5.115146983e+02,-2.379950334e+02,
1.591437602e-01
l,5.5,-5.5
1.311,1.951,2.591,
5.540126710e-11,2.070667250e+01
7.433725813e-08,-1.513593997e-07,7.909958007e-08,2.274065364e-06,8.394242137e-06,3.341520865e-05,7.582641773e-05,7.967765892e-05,3.128999741e-05,
1.107128586e-08,-3.765810842e-08,-3.641908655e-08,-1.418593822e-06,-8.606370600e-06,-2.925765295e-05,-5.462897538e-05,-5.297603339e-05,-2.100495772e-05,
1.586623354e-01
l,5.5,-4.5
1.431,2.031,2.651,
1.120702158e-10,1.673157902e+01
2.142728022e-07,-3.564882468e-07,-2.597340241e-11,8.749596443e-06,3.621951097e-05,1.259219333e-04,2.882184379e-04,3.351089179e-04,1.511191651e-04,
3.609171615e-08,-1.230783958e-07,-1.611471696e-07,-5.241817400e-06,-3.262136876e-05,-1.130587677e-04,-2.161786968e-04,-2.147167120e-04,-8.726708633e-05,
1.588477250e-01
l,5.5,-3.5
1.511,2.151,2.791,
9.329918291e-11,1.693773857e+01
5.724464245e-07,-9.488369970e-07,-2.269187046e-07,2.100974994e-05,8.259145665e-05,2.732958151e-04,6.166407909e-04,7.125303688e-04,3.187784839e-04,
8.929894407e-08,-3.062130038e-07,-3.158814395e-07,-1.175113820e-05,-7.103406214e-05,-2.400240664e-04,-4.453475134e-04,-4.279407768e-04,-1.682483563e-04,
1.588167865e-01
l,5.5,-2.5
1.591,2.231,2.891,
1.029044092e-10,1.709510941e+01
1.670618985e-06,-2.422842043e-06,-2.044865918e-06,5.331375726e-05,1.737619353e-04,4.255900745e-04,8.652667943e-04,9.882276006e-04,4.415180456e-04,
2.530875702e-07,-8.709932004e-07,-7.812834569e-07,-3.148203849e-05,-1.860837821e-04,-6.141405932e-04,-1.109214576e-03,-1.033322861e-03,-3.932427152e-04,
1.588789913e-01
l,5.5,-1.5
1.651,2.311,2.971,
4.791728197e-10,1.487723197e+01
4.982325208e-06,-6.816205044e-06,-6.984198176e-06,1.654622814e-04,5.800266776e-04,1.388335167e-03,2.643416083e-03,2.919462619e-03,1.292702551e-03,
7.668912598e-07,-2.646372768e-06,-2.825663769e-06,-1.013355057e-04,-5.999989299e-04,-1.975166609e-03,-3.559341044e-03,-3.307443155e-03,-1.254717993e-03,
1.587859246e-01
l,5.5,-0.5
1.711,2.371,3.051,
1.877688248e-09,1.365001560e+01
1.570566019e-05,-1.928127012e-05,-2.778771151e-05,5.006198298e-04,1.782968586e-03,3.748539890e-03,6.028462671e-03,5.974376575e-03,2.478345690e-03,
2.324367707e-06,-8.041366941e-06,-8.308176599e-06,-3.005260512e-04,-1.740775011e-03,-5.592931507e-03,-9.795386378e-03,-8.811691694e-03,-3.230299871e-03,
1.588480456e-01
l,5.5,0.5
1.731,2.431,3.131,
7.848107054e-09,1.273714055e+01
5.087698082e-05,-6.373656239e-05,-1.164400150e-04,1.114764465e-03,2.482054455e-03,1.050875763e-03,-9.010858308e-04,-5.923900458e-05,5.941413675e-04,
7.033148153e-06,-2.439048290e-05,-8.456592404e-06,-6.051357167e-04,-3.082517543e-03,-9.205640638e-03,-1.520216205e-02,-1.298764479e-02,-4.593326311e-03,
1.587547252e-01
l,5.5,1.5
1.751,2.471,3.191,
6.099431505e-08,1.107588056e+01
1.750505035e-04,-2.163638018e-04,-4.043309986e-04,3.544802138e-03,8.413335456e-03,7.285666895e-03,7.142831931e-03,1.040559138e-02,5.946129707e-03,
2.281521143e-05,-7.925595861e-05,-1.634167123e-05,-1.823251034e-03,-9.015978548e-03,-2.631355151e-02,-4.226225825e-02,-3.493014541e-02,-1.192705983e-02,
1.587855737e-01
l,5.5,2.5
1.751,2.471,3.211,
3.616842193e-07,1.025359069e+01
6.601699279e-04,-6.943507040e-04,-1.773357655e-03,1.546833833e-02,4.706831506e-02,4.733812293e-02,9.650966730e-03,-1.172123427e-02,-5.041219758e-03,
8.487781809e-05,-2.949768951e-04,-1.059301147e-04,-6.998381367e-03,-3.395532047e-02,-9.595165927e-02,-1.487103682e-01,-1.186737284e-01,-3.927696536e-02,
1.585501778e-01
l,5.5,3.5
1.731,2.471,3.231,
3.157496303e-06,8.998894169e+00
2.587660914e-03,-2.709174390e-03,-6.426700197e-03,4.627582454e-02,1.246529675e-01,1.457010093e-01,1.664167471e-01,1.795627761e-01,8.411581562e-02,
3.163348979e-04,-1.099432694e-03,-3.016923217e-04,-2.562498110e-02,-1.224005726e-01,-3.425194776e-01,-5.246262255e-01,-4.100815610e-01,-1.312783012e-01,
1.586592056e-01
l,5.5,4.5
1.671,2.451,3.251,
1.874330336e-05,8.817979251e+00
1.103947032e-02,-1.301562614e-02,-2.566650320e-02,2.055782553e-01,4.317684959e-01,1.489409780e-02,-6.473366126e-01,-6.165021357e-01,-1.774736252e-01,
1.173249354e-03,-4.072507123e-03,-1.500472904e-03,-9.432757614e-02,-4.335193673e-01,-1.158524660e+00,-1.682417087e+00,-1.256311397e+00,-3.887121641e-01,
1.581972393e-01
l,5.5,5.5
1.671,2.211,2.771,
1.156420352e-04,9.045671050e+00
6.938006729e-02,3.415930405e-02,-3.541693857e-02,4.778557793e+00,3.278019541e+01,1.115002237e+02,2.189014941e+02,2.327094542e+02,1.029589994e+02,
2.348529456e-02,-7.573517557e-02,-1.746436886e-01,-4.130858628e+00,-2.857217075e+01,-1.070742065e+02,-2.264949979e+02,-2.495758414e+02,-1.115896672e+02,
1.591438048e-01
l,6.5,-6.5
1.591,2.191,2.811,
0.000000000e+00,0.000000000e+00
8.208545843e-09,-1.581612633e-08,8.552585276e-09,3.441763800e-07,1.548054827e-06,6.187695149e-06,1.465843493e-05,1.704129411e-05,7.671772896e-06,
1.306997741e-09,-4.485129465e-09,-5.102628615e-09,-1.821239921e-07,-1.131766862e-06,-3.938081361e-06,-7.556120663e-06,-7.543563910e-06,-3.083983757e-06,
1.586612930e-01
l,6.5,-5.5
1.711,2.311,2.931,
2.340276565e-14,2.262484475e+01
2.154052048e-08,-3.843695079e-08,6.023211482e-09,8.897047193e-07,3.859827846e-06,1.440065179e-05,3.405669616e-05,4.053543003e-05,1.876504388e-05,
3.460146859e-09,-1.192433155e-08,-1.245497665e-08,-4.698400716e-07,-2.910618372e-06,-1.011902701e-05,-1.938744770e-05,-1.929651240e-05,-7.868128370e-06,
1.588787125e-01
l,6.5,-4.5
1.811,2.431,3.051,
9.780587924e-15,2.346197729e+01
5.666797165e-08,-9.842294162e-08,-1.041942165e-09,2.120540354e-06,8.290950576e-06,2.858106512e-05,6.595160813e-05,7.701105123e-05,3.473355596e-05,
9.130737306e-09,-3.158880279e-08,-3.082534245e-08,-1.221002858e-06,-7.557080848e-06,-2.627727177e-05,-5.036743578e-05,-5.010887551e-05,-2.041056477e-05,
1.588477250e-01
l,6.5,-3.5
1.891,2.511,3.131,
3.869730137e-15,2.472827547e+01
1.630338033e-07,-2.393085604e-07,-1.422634211e-07,6.160593314e-06,2.242586432e-05,5.995324024e-05,1.216721256e-04,1.374247932e-04,6.163701046e-05,
2.764460011e-08,-9.587108217e-08,-1.226002646e-07,-4.071080432e-06,-2.527548461e-05,-8.748574660e-05,-1.671038808e-04,-1.654876339e-04,-6.703022541e-05,
1.588478236e-01
l,6.5,-2.5
1.971,2.611,3.251,
7.972407037e-14,2.041143669e+01
4.618387948e-07,-6.770792798e-07,-5.219623130e-07,1.670308860e-05,6.416197060e-05,1.772258609e-04,3.596735163e-04,4.035461990e-04,1.803437539e-04,
7.278038121e-08,-2.532593246e-07,-2.618430934e-07,-9.773113142e-06,-5.892040989e-05,-1.986032276e-04,-3.675255942e-04,-3.514469402e-04,-1.374199467e-04,
1.588478769e-01
l,6.5,-1.5
2.031,2.691,3.351,
1.203294590e-13,2.048059961e+01
1.378171987e-06,-1.945953561e-06,-2.010169517e-06,4.230055429e-05,1.349990772e-04,2.797492068e-04,4.858405519e-04,5.150098501e-04,2.214131481e-04,
2.052617094e-07,-7.161484576e-07,-6.165954327e-07,-2.576279898e-05,-1.517114463e-04,-4.999332563e-04,-9.008466306e-04,-8.360525475e-04,-3.168743146e-04,
1.589100488e-01
l,6.5,-0.5
2.071,2.731,3.411,
7.082123702e-13,1.896553215e+01
4.452649137e-06,-4.912171382e-06,-9.164047956e-06,1.500084035e-04,6.094978730e-04,1.405971718e-03,2.287256971e-03,2.224391808e-03,9.122218121e-04,
6.646689746e-07,-2.322485690e-06,-2.492633239e-06,-8.844040855e-05,-5.117425475e-04,-1.640800023e-03,-2.867230173e-03,-2.569086506e-03,-9.369652209e-04,
1.588480456e-01
l,6.5,0.5
2.111,2.791,3.491,
1.467084428e-11,1.609342215e+01
1.438614981e-05,-1.612436232e-05,-3.439973127e-05,3.954534222e-04,1.423385121e-03,2.725526178e-03,3.958336268e-03,3.773138087e-03,1.566106140e-03,
2.006946406e-06,-7.026135238e-06,-1.859107511e-06,-1.687651925e-04,-8.534839611e-04,-2.538650234e-03,-4.171911248e-03,-3.529475750e-03,-1.233526614e-03,
1.588480184e-01
l,6.5,1.5
2.131,2.831,3.551,
1.280150550e-10,1.467304307e+01
4.912466102e-05,-5.202318047e-05,-1.389696634e-04,1.103599395e-03,3.515946263e-03,4.231399235e-03,2.646320123e-03,1.260204537e-03,5.032500350e-04,
6.494127873e-06,-2.276658367e-05,-5.640349446e-06,-5.304656200e-04,-2.606616586e-03,-7.530981432e-03,-1.193602541e-02,-9.696007853e-03,-3.257111261e-03,
1.587851218e-01
l,6.5,2.5
2.131,2.851,3.591,
1.688139185e-09,1.289639533e+01
1.757057034e-04,-1.773892426e-04,-4.678864844e-04,3.176182378e-03,7.960890846e-03,5.630516136e-03,2.145114051e-03,4.419347167e-03,3.438145045e-03,
2.254125795e-05,-7.909161946e-05,-1.800470410e-05,-1.859137528e-03,-9.063850473e-03,-2.599890105e-02,-4.104938500e-02,-3.309986898e-02,-1.091630602e-02,
1.587661293e-01
l,6.5,3.5
2.111,2.871,3.631,
9.351066296e-09,1.254397613e+01
6.672943709e-04,-6.805026401e-04,-1.913184012e-03,1.460313544e-02,5.104565529e-02,6.865085941e-02,4.235352583e-02,7.667454214e-03,-1.985428271e-03,
7.819603838e-05,-2.745816842e-04,-8.085241786e-05,-6.305189201e-03,-2.951300446e-02,-8.093833421e-02,-1.202232980e-01,-9.100802551e-02,-2.855194798e-02,
1.586860277e-01
l,6.5,4.5
2.071,2.831,3.611,
1.661903123e-07,1.075197935e+01
2.785356017e-03,-2.291653807e-03,-8.193385541e-03,4.637032954e-02,1.437861392e-01,1.527636468e-01,7.807160186e-02,3.474942153e-02,1.604741034e-02,
3.348002005e-04,-1.174555302e-03,-2.890331844e-04,-2.671601732e-02,-1.247500032e-01,-3.407385675e-01,-5.075244188e-01,-3.827402653e-01,-1.175447826e-01,
1.586304867e-01
l,6.5,5.5
2.031,2.831,3.631,
1.661579556e-06,1.001829960e+01
1.196501963e-02,-1.406377080e-02,-2.879622327e-02,2.173768501e-01,4.924146240e-01,9.974477741e-02,-6.512986684e-01,-7.121508538e-01,-2.330704408e-01,
1.241995733e-03,-4.351682787e-03,-1.099035117e-03,-9.639801007e-02,-4.386122920e-01,-1.169101396e+00,-1.688399347e+00,-1.250083969e+00,-3.838784822e-01,
1.582903718e-01
l,6.5,6.5
2.011,2.591,3.191,
1.132202168e-05,1.008508524e+01
7.610446215e-02,2.784263352e-02,-1.248888204e-01,3.726252603e+00,2.496002771e+01,7.941337083e+01,1.448301720e+02,1.428946785e+02,5.867712778e+01,
2.223470665e-02,-7.355610528e-02,-1.250595913e-01,-3.337066971e+00,-2.182040837e+01,-7.738593335e+01,-1.540031332e+02,-1.584031340e+02,-6.577443665e+01,
1.591446438e-01
l,7.5,-7.5
1.871,2.471,3.071,
0.000000000e+00,0.000000000e+00
8.204756874e-10,-1.677684136e-09,1.061756296e-09,3.284811949e-08,1.449815161e-07,5.920188859e-07,1.401515974e-06,1.610203640e-06,7.131963486e-07,
1.336365797e-10,-4.626158975e-10,-5.478134120e-10,-1.956286376e-08,-1.242891444e-07,-4.442540405e-07,-8.781933911e-07,-9.052922420e-07,-3.825764662e-07,
1.587850819e-01
l,7.5,-6.5
1.991,2.591,3.191,
0.000000000e+00,0.000000000e+00
2.126268939e-09,-4.037166739e-09,9.138550487e-10,7.682523302e-08,2.959208347e-07,1.106695387e-06,2.616640231e-06,3.030279451e-06,1.343426059e-06,
3.522880286e-10,-1.223845600e-09,-1.232976209e-09,-4.881591863e-08,-3.088707459e-07,-1.101910148e-06,-2.174466426e-06,-2.234090749e-06,-9.409242765e-07,
1.588785401e-01
l,7.5,-5.5
2.111,2.691,3.291,
0.000000000e+00,0.000000000e+00
5.759155819e-09,-9.637013243e-09,-5.677112788e-10,2.499459041e-07,1.092614985e-06,3.897428126e-06,9.088564523e-06,1.087211850e-05,5.079099631e-06,
9.935300452e-10,-3.460975636e-09,-4.217555146e-09,-1.474071277e-07,-9.361414231e-07,-3.331038363e-06,-6.560913861e-06,-6.721536754e-06,-2.821133356e-06,
1.588475808e-01
l,7.5,-4.5
2.211,2.811,3.411,
0.000000000e+00,0.000000000e+00
1.526866988e-08,-2.547381994e-08,-3.100764680e-09,6.313783845e-07,2.537336003e-06,8.038301367e-06,1.750913247e-05,2.013575623e-05,9.125693700e-06,
2.612008331e-09,-9.126889081e-09,-1.155387697e-08,-3.953993102e-07,-2.507767717e-06,-8.914842756e-06,-1.753074036e-05,-1.792416569e-05,-7.509186854e-06,
1.589097992e-01
l,7.5,-3.5
2.291,2.911,3.531,
0.000000000e+00,0.000000000e+00
4.248139973e-08,-6.823739047e-08,-2.213788995e-08,1.659129473e-06,6.853930835e-06,2.202536196e-05,4.829864087e-05,5.574577624e-05,2.531037309e-05,
6.855839344e-09,-2.402400526e-08,-2.423907341e-08,-9.447067592e-07,-5.830906029e-06,-2.021436228e-05,-3.861314279e-05,-3.821326271e-05,-1.547585361e-05,
1.589098264e-01
l,7.5,-2.5
2.351,2.971,3.611,
0.000000000e+00,0.000000000e+00
1.285417994e-07,-1.674255346e-07,-2.009383695e-07,4.571649607e-06,1.702604831e-05,4.049001021e-05,7.337929729e-05,7.897562389e-05,3.493316054e-05,
2.068491413e-08,-7.261317290e-08,-8.185225813e-08,-2.910600536e-06,-1.759854195e-05,-5.932071496e-05,-1.098846342e-04,-1.050612845e-04,-4.101546877e-05,
1.589099511e-01
l,7.5,-1.5
2.411,3.051,3.711,
0.000000000e+00,0.000000000e+00
3.845991046e-07,-4.845359168e-07,-6.930897664e-07,1.343494883e-05,5.405091588e-05,1.343937321e-04,2.416512645e-04,2.540311766e-04,1.102964432e-04,
5.814120239e-08,-2.045351288e-07,-1.970885736e-07,-7.631922287e-06,-4.489586553e-05,-1.474091567e-04,-2.645617812e-04,-2.441604877e-04,-9.195513395e-05,
1.589100130e-01
l,7.5,-0.5
2.451,3.111,3.791,
5.683122118e-17,2.446024862e+01
1.207003038e-06,-1.385105579e-06,-2.658282983e-06,3.691391398e-05,1.410480831e-04,3.024485039e-04,4.750910918e-04,4.626482789e-04,1.922621932e-04,
1.752307824e-07,-6.174412726e-07,-5.469026626e-07,-2.217137178e-05,-1.276628998e-04,-4.096075402e-04,-7.154594707e-04,-6.399939041e-04,-2.330843795e-04,
1.589101198e-01
l,7.5,0.5
2.491,3.171,3.851,
1.462561106e-15,2.182098062e+01
3.886325885e-06,-4.424386865e-06,-7.918515578e-06,1.223211592e-04,4.750623786e-04,9.997822453e-04,1.452227284e-03,1.281292009e-03,4.862678898e-04,
5.663756592e-07,-1.998001446e-06,-2.039712327e-06,-7.527007602e-05,-4.344417021e-04,-1.393206055e-03,-2.433115991e-03,-2.176781081e-03,-7.923829468e-04,
1.588790434e-01
l,7.5,1.5
2.511,3.211,3.911,
3.466720360e-14,1.950462242e+01
1.315776990e-05,-1.451043375e-05,-3.504591240e-05,2.763271707e-04,6.922808426e-04,2.768496615e-04,-6.703097348e-04,-7.569043753e-04,-2.140630854e-04,
1.830170256e-06,-6.463562150e-06,-1.615333929e-06,-1.560685925e-04,-7.910667858e-04,-2.359779435e-03,-3.896546158e-03,-3.310684982e-03,-1.159351170e-03,
1.588473898e-01
l,7.5,2.5
2.511,3.231,3.971,
3.606482002e-13,1.829441731e+01
4.708105917e-05,-4.043342985e-05,-1.526935926e-04,1.049435231e-03,4.711244009e-03,9.381204822e-03,1.110333843e-02,7.585358174e-03,2.287587784e-03,
5.914988646e-06,-2.091251093e-05,-7.169549306e-06,-4.984085924e-04,-2.366416806e-03,-6.570650475e-03,-9.843958089e-03,-7.423248238e-03,-2.294858579e-03,
1.588814520e-01
l,7.5,3.5
2.511,3.231,3.951,
2.327435326e-11,1.522426573e+01
1.766257046e-04,-1.480564542e-04,-5.018792451e-04,3.904297970e-03,1.215959875e-02,1.042437402e-02,-3.395706027e-03,-9.633924305e-03,-3.895219114e-03,
2.532065752e-05,-8.948622622e-05,-3.363949904e-05,-2.226908889e-03,-1.116532541e-02,-3.248487490e-02,-5.252953624e-02,-4.369891034e-02,-1.491327626e-02,
1.586550404e-01
l,7.5,4.5
2.471,3.251,4.031,
1.910345208e-10,1.459926103e+01
6.789860781e-04,-5.926232552e-04,-2.146044862e-03,1.317630281e-02,5.366089940e-02,9.067104996e-02,8.687026607e-02,4.725625665e-02,1.149232493e-02,
7.622657288e-05,-2.697539601e-04,-4.392856032e-05,-5.790506345e-03,-2.621284460e-02,-6.983087492e-02,-9.968747367e-02,-7.135338131e-02,-2.095853579e-02,
1.586904334e-01
l,7.5,5.5
2.431,3.211,4.011,
7.438516543e-09,1.234964104e+01
2.897721017e-03,-2.235446052e-03,-9.180849963e-03,4.237393485e-02,1.345217953e-01,1.222644588e-01,3.390454581e-03,-5.146665884e-02,-2.052510895e-02,
3.264931911e-04,-1.154517354e-03,-7.015327860e-05,-2.377950738e-02,-1.072678942e-01,-2.860449936e-01,-4.125203123e-01,-2.982306824e-01,-8.750362788e-02,
1.585999682e-01
l,7.5,6.5
2.371,3.171,3.991,
1.330144587e-07,1.115612350e+01
1.328761969e-02,-1.074246008e-02,-4.038058452e-02,2.451565998e-01,9.106399033e-01,1.285213580e+00,9.036929210e-01,2.972185265e-01,3.029471096e-02,
1.394651530e-03,-4.920955269e-03,-1.429613596e-03,-1.095397427e-01,-4.863165472e-01,-1.255267438e+00,-1.740303551e+00,-1.216937111e+00,-3.492022637e-01,
1.582906989e-01
l,7.5,7.5
2.351,2.951,3.591,
1.025815628e-06,1.109305507e+01
8.133602142e-02,4.160977148e-02,-1.402945908e-01,3.419714496e+00,2.351189596e+01,7.434779465e+01,1.325810338e+02,1.268079218e+02,5.028038562e+01,
2.208824307e-02,-7.427206026e-02,-1.194094448e-01,-3.223423985e+00,-2.013856180e+01,-6.803018902e+01,-1.282192453e+02,-1.241312276e+02,-4.826585620e+01,
1.591446769e-01
l,8.5,-8.5
2.171,2.491,2.831,
0.000000000e+00,0.000000000e+00
1.050870987e-10,-4.960168302e-10,-3.533952635e-08,-8.110187508e-07,-9.573046909e-06,-6.239482462e-05,-2.276011907e-04,-4.352682983e-04,-3.397173018e-04,
7.671413877e-11,-2.634471521e-10,-1.403268592e-09,-7.712853037e-10,6.385891848e-07,9.035513549e-06,4.882447979e-05,1.172250918e-04,1.049198300e-04,
1.591436471e-01
l,8.5,-7.5
2.291,2.851,3.431,
0.000000000e+00,0.000000000e+00
2.161393009e-10,-4.030627856e-10,1.605205193e-10,9.765744209e-09,4.278326622e-08,1.613857679e-07,3.768102880e-07,4.397651461e-07,1.991675156e-07,
3.820287456e-11,-1.335539114e-10,-1.611074918e-10,-5.786019476e-09,-3.758906642e-08,-1.374312276e-07,-2.791395571e-07,-2.959667274e-07,-1.287878603e-07,
1.588473498e-01
l,8.5,-6.5
2.391,2.971,3.571,
0.000000000e+00,0.000000000e+00
5.596382247e-10,-9.789378702e-10,-3.661246674e-11,2.295308052e-08,8.944595926e-08,2.969676742e-07,6.792022618e-07,8.093703021e-07,3.782748216e-07,
9.349921892e-11,-3.279334797e-10,-3.555727085e-10,-1.341734501e-08,-8.482154821e-08,-3.018937695e-07,-5.942074864e-07,-6.085009630e-07,-2.556498933e-07,
1.589094825e-01
l,8.5,-5.5
2.511,3.091,3.691,
0.000000000e+00,0.000000000e+00
1.462124977e-09,-2.495923153e-09,-1.371730098e-10,6.049252204e-08,2.541875520e-07,8.758617894e-07,2.004843990e-06,2.382626979e-06,1.114932912e-06,
2.450161545e-10,-8.615854759e-10,-9.029431675e-10,-3.502930068e-08,-2.215550939e-07,-7.895845260e-07,-1.556385581e-06,-1.594246781e-06,-6.691794577e-07,
1.588957751e-01
l,8.5,-4.5
2.591,3.191,3.791,
0.000000000e+00,0.000000000e+00
4.028136935e-09,-6.517859358e-09,-1.820836393e-09,1.572043590e-07,5.933054914e-07,1.818012576e-06,4.047606959e-06,4.809296968e-06,2.242668437e-06,
6.883496192e-10,-2.425461962e-09,-2.734890988e-09,-1.009723791e-07,-6.396272661e-07,-2.276370921e-06,-4.486093290e-06,-4.595162777e-06,-1.928289065e-06,
1.589096565e-01
l,8.5,-3.5
2.671,3.271,3.891,
0.000000000e+00,0.000000000e+00
1.166339025e-08,-1.641983092e-08,-1.410149221e-08,4.629606931e-07,1.860651368e-06,5.037218725e-06,9.811492500e-06,1.083951903e-05,4.873416065e-06,
1.932547516e-09,-6.822606786e-09,-8.278613413e-09,-2.861870482e-07,-1.767871659e-06,-6.105857669e-06,-1.162367556e-05,-1.145346250e-05,-4.616356328e-06,
1.589269809e-01
l,8.5,-2.5
2.751,3.371,3.991,
0.000000000e+00,0.000000000e+00
3.319529895e-08,-4.880877405e-08,-2.809579642e-08,1.335846846e-06,5.675818246e-06,1.690368568e-05,3.455959995e-05,3.853112692e-05,1.723677436e-05,
5.421474902e-09,-1.917472142e-08,-2.232495360e-08,-7.974966654e-07,-4.929023361e-06,-1.706078594e-05,-3.254397060e-05,-3.212205686e-05,-1.296023832e-05,
1.589270163e-01
l,8.5,-1.5
2.791,3.431,4.071,
0.000000000e+00,0.000000000e+00
1.024805982e-07,-1.322274976e-07,-1.654257688e-07,3.557552319e-06,1.339139811e-05,3.100196079e-05,5.337598728e-05,5.506323292e-05,2.364095834e-05,
1.631230767e-08,-5.777383606e-08,-6.262152530e-08,-2.294185538e-06,-1.384504281e-05,-4.665929258e-05,-8.639412582e-05,-8.248927202e-05,-3.214183624e-05,
1.588961332e-01
l,8.5,-0.5
2.851,3.491,4.151,
0.000000000e+00,0.000000000e+00
3.222166924e-07,-3.785994901e-07,-6.100717577e-07,1.125418065e-05,4.656427436e-05,1.119179780e-04,1.876066595e-04,1.857584526e-04,7.734817608e-05,
4.907591961e-08,-1.740461173e-07,-1.827238919e-07,-6.726984869e-06,-3.964152063e-05,-1.301557433e-04,-2.336910517e-04,-2.155354888e-04,-8.100166992e-05,
1.589100660e-01
l,8.5,0.5
2.871,3.531,4.211,
0.000000000e+00,0.000000000e+00
1.059353963e-06,-1.034423926e-06,-2.489500218e-06,3.534297782e-05,1.574815197e-04,3.740838930e-04,5.869893322e-04,5.425773334e-04,2.142708788e-04,
1.584076381e-07,-5.623310618e-07,-6.077394589e-07,-2.162153439e-05,-1.248535176e-04,-3.996504891e-04,-6.969060852e-04,-6.215358892e-04,-2.251818549e-04,
1.588790434e-01
l,8.5,1.5
2.891,3.591,4.291,
0.000000000e+00,0.000000000e+00
3.482620968e-06,-3.678521790e-06,-9.637754603e-06,7.694336355e-05,2.602061340e-04,3.733761055e-04,3.229640903e-04,1.871286495e-04,5.700064303e-05,
4.763159779e-07,-1.692981444e-06,-5.539930736e-07,-4.246097869e-05,-2.140204285e-04,-6.346094003e-04,-1.034803196e-03,-8.626625918e-04,-2.956624196e-04,
1.589092660e-01
l,8.5,2.5
2.911,3.591,4.291,
3.165679017e-16,2.113791686e+01
1.261583020e-05,-1.018905690e-05,-3.475680989e-05,3.927254116e-04,1.613298049e-03,2.878705518e-03,3.040036648e-03,2.000044738e-03,6.464352631e-04,
1.900393104e-06,-6.754598291e-06,-2.053665316e-06,-1.642339684e-04,-8.374064546e-04,-2.479032317e-03,-4.095272945e-03,-3.494316523e-03,-1.229801881e-03,
1.587261126e-01
l,8.5,3.5
2.911,3.651,4.411,
5.827527187e-15,1.962959822e+01
4.356561840e-05,-4.229096308e-05,-1.325431296e-04,7.331548928e-04,2.955165008e-03,5.805133694e-03,7.606553784e-03,5.987637400e-03,2.033378757e-03,
4.957713811e-06,-1.765263446e-05,-1.931284911e-06,-3.836118038e-04,-1.765506067e-03,-4.833074989e-03,-7.075823882e-03,-5.150308068e-03,-1.520869082e-03,
1.588691956e-01
l,8.5,4.5
2.891,3.631,4.371,
2.461930097e-13,1.747410703e+01
1.722978050e-04,-1.414702964e-04,-5.253555062e-04,3.562054435e-03,1.194784718e-02,1.177638538e-02,-1.325090812e-03,-9.262036691e-03,-4.395795787e-03,
2.281146882e-05,-8.117387499e-05,-1.962502155e-05,-1.884181539e-03,-9.131255452e-03,-2.587319652e-02,-4.041264194e-02,-3.224702135e-02,-1.055263800e-02,
1.587214276e-01
l,8.5,5.5
2.851,3.631,4.411,
8.512161194e-12,1.562268647e+01
6.860746071e-04,-5.159474984e-04,-2.234533747e-03,1.263663099e-02,5.687159198e-02,1.072759560e-01,1.167618434e-01,7.230468054e-02,1.973802163e-02,
7.901937680e-05,-2.813278990e-04,-8.119993534e-05,-6.462600270e-03,-2.951711948e-02,-7.872466556e-02,-1.126867357e-01,-8.055387322e-02,-2.339922732e-02,
1.587222090e-01
l,8.5,6.5
2.811,3.591,4.391,
5.632285698e-10,1.321893598e+01
2.982649021e-03,-2.136550727e-03,-9.342570515e-03,4.464914247e-02,1.597646312e-01,2.044685636e-01,1.305089939e-01,4.594664183e-02,9.366457431e-03,
3.386724921e-04,-1.204926674e-03,-2.145993488e-04,-2.650765794e-02,-1.205111100e-01,-3.216657544e-01,-4.648970020e-01,-3.368114011e-01,-9.871206200e-02,
1.586620553e-01
l,8.5,7.5
2.731,3.551,4.371,
1.002816301e-08,1.223308807e+01
1.396510005e-02,-1.125150835e-02,-4.300073121e-02,2.475521474e-01,9.452112290e-01,1.374391400e+00,1.005769714e+00,3.497713589e-01,3.923228362e-02,
1.447432693e-03,-5.139358935e-03,-1.059315661e-03,-1.105295209e-01,-4.870816080e-01,-1.254291734e+00,-1.730517897e+00,-1.199378889e+00,-3.405892120e-01,
1.583526778e-01
l,8.5,8.5
2.691,3.331,3.991,
8.721478049e-08,1.207715407e+01
8.617834747e-02,3.838855587e-02,-1.623196960e-01,3.155627613e+00,2.114592559e+01,6.381152126e+01,1.075591001e+02,9.670815163e+01,3.593770816e+01,
2.165686498e-02,-7.379943466e-02,-1.123703610e-01,-3.119644601e+00,-1.903929097e+01,-6.286783476e+01,-1.153617062e+02,-1.083599686e+02,-4.079321090e+01,
1.591446504e-01
