l,0.5,-0.5
0.151,0.911,1.671,
3.305478144e-02,2.165303050e+00
2.126544015e-03,-3.944043760e-03,3.392451105e-03,3.162484430e-02,1.043535737e-01,2.917012842e-01,3.851945528e-01,2.440790512e-01,7.202221104e-02,
3.074928120e-04,-9.142831610e-04,-6.658997599e-04,-2.282080938e-02,-1.142768813e-01,-3.231644895e-01,-5.050934462e-01,-4.114399716e-01,-1.369912561e-01,
1.584150690e-01
l,0.5,0.5
0.191,0.471,0.771,
3.589975607e-01,2.669065199e+00
1.884022914e-02,2.562009856e-02,5.944278704e-01,1.823831492e+01,2.223735709e+02,1.520910111e+03,5.890563628e+03,1.199638108e+04,9.983840862e+03,
1.494242018e-02,-2.754559492e-02,-4.847331666e-01,-1.430141146e+01,-1.925195225e+02,-1.376809360e+03,-5.457545346e+03,-1.129346825e+04,-9.517566772e+03,
1.591437076e-01
l,1.5,-1.5
0.351,1.111,1.891,
3.703430793e-03,4.092499471e+00
2.563023008e-04,-4.715827782e-04,2.876751939e-04,4.460373279e-03,1.536957426e-02,5.098400554e-02,8.087791361e-02,5.329636936e-02,1.121117420e-02,
3.321957686e-05,-1.012110312e-04,-6.379877837e-05,-2.444113995e-03,-1.191900696e-02,-3.304306789e-02,-5.041005095e-02,-4.001826130e-02,-1.300840741e-02,
1.583222241e-01
l,1.5,-0.5
0.411,1.111,1.811,
6.159716458e-03,3.795514421e+00
1.190003008e-03,-1.851101656e-03,5.371144478e-04,3.146355583e-02,1.235865529e-01,4.363637477e-01,8.909377221e-01,8.678323580e-01,3.221649382e-01,
2.025673816e-04,-6.120058634e-04,-5.130619098e-04,-1.695897898e-02,-9.020785443e-02,-2.720382726e-01,-4.574039928e-01,-4.022387162e-01,-1.454001656e-01,
1.587859918e-01
l,1.5,0.5
0.451,1.231,2.011,
2.101324197e-02,3.921229131e+00
4.112374969e-03,-7.589372570e-03,4.599612262e-03,7.817773084e-02,2.955039795e-01,1.048524090e+00,1.884871646e+00,1.538435199e+00,4.693281202e-01,
5.227654828e-04,-1.606357537e-03,-1.020682165e-03,-3.928211579e-02,-1.914913969e-01,-5.312526413e-01,-8.109417781e-01,-6.442702707e-01,-2.096978169e-01,
1.582601575e-01
l,1.5,1.5
0.491,0.911,1.351,
1.273973500e-01,4.273952772e+00
3.218439966e-02,1.513350682e-02,2.112911090e-01,6.994234648e+00,5.706458616e+01,2.597310052e+02,6.848285275e+02,9.595205974e+02,5.504577336e+02,
1.650717941e-02,-4.227827290e-02,-2.434515121e-01,-5.488315386e+00,-4.975843686e+01,-2.404636151e+02,-6.477987015e+02,-9.118708664e+02,-5.229995480e+02,
1.591437642e-01
l,2.5,-2.5
0.611,1.371,2.131,
9.066458850e-05,5.869606631e+00
2.561662041e-05,-4.712111880e-05,2.218574262e-05,5.347169803e-04,2.044237372e-03,7.705140433e-03,1.525043094e-02,1.383693670e-02,4.715577127e-03,
3.327217789e-06,-1.033649280e-05,-5.253531324e-06,-2.442656428e-04,-1.204822084e-03,-3.413189442e-03,-5.330372352e-03,-4.339044869e-03,-1.451219861e-03,
1.583840190e-01
l,2.5,-1.5
0.691,1.411,2.131,
1.272390231e-04,5.235214926e+00
1.031596985e-04,-1.550717151e-04,-3.017301181e-05,2.344546025e-03,7.124118749e-03,2.224053180e-02,4.840833954e-02,5.110557291e-02,2.029034816e-02,
1.591385059e-05,-4.943660810e-05,-3.665511575e-05,-1.323767491e-03,-6.837953772e-03,-2.013080816e-02,-3.290649167e-02,-2.805834560e-02,-9.845562293e-03,
1.587547249e-01
l,2.5,-0.5
0.751,1.511,2.271,
2.920277094e-04,5.123954490e+00
3.663540119e-04,-5.780459796e-04,-1.045167476e-04,7.168610576e-03,1.918169118e-02,5.869098503e-02,1.286181438e-01,1.334581148e-01,5.131187353e-02,
4.896466438e-05,-1.535103341e-04,-9.287609509e-05,-3.810441750e-03,-1.880011888e-02,-5.307278370e-02,-8.258713013e-02,-6.684036066e-02,-2.225719028e-02,
1.584769015e-01
l,2.5,0.5
0.791,1.531,2.291,
8.533309979e-04,4.974960418e+00
1.562773949e-03,-2.065264347e-03,-1.700900642e-03,3.073801496e-02,7.714052735e-02,1.721963989e-01,3.606227138e-01,3.974752962e-01,1.637282819e-01,
2.197266334e-04,-6.893472715e-04,-4.109471677e-04,-1.695564212e-02,-8.356049744e-02,-2.350794506e-01,-3.646504875e-01,-2.932545890e-01,-9.697438573e-02,
1.587547205e-01
l,2.5,1.5
0.811,1.611,2.411,
3.170163985e-03,4.835364547e+00
6.072318181e-03,-9.915312454e-03,-1.457943582e-03,9.894347575e-02,2.283674521e-01,7.257617090e-01,1.643222489e+00,1.681975098e+00,6.258006533e-01,
7.154240536e-04,-2.256788594e-03,-9.732954421e-04,-5.084508181e-02,-2.404954936e-01,-6.532093983e-01,-9.719194931e-01,-7.501673778e-01,-2.380231010e-01,
1.582904519e-01
l,2.5,2.5
0.851,1.351,1.891,
1.902484444e-02,5.632490178e+00
4.226816818e-02,1.641931821e-02,1.305093802e-01,5.767552705e+00,4.297001830e+01,1.694100290e+02,3.795543728e+02,4.488187281e+02,2.166328744e+02,
1.637463964e-02,-4.670952274e-02,-2.035540492e-01,-4.572159961e+00,-3.605629475e+01,-1.482234031e+02,-3.328951421e+02,-3.846290897e+02,-1.792105582e+02,
1.591437482e-01
l,3.5,-3.5
0.911,1.631,2.371,
1.070967144e-06,8.383628311e+00
2.405223995e-06,-4.064635194e-06,3.583993912e-07,5.156096583e-05,1.579026294e-04,5.544689686e-04,1.225312830e-03,1.263496297e-03,4.860323139e-04,
3.290555235e-07,-1.037900318e-06,-6.480755532e-07,-2.654137533e-05,-1.337229436e-04,-3.863438422e-04,-6.172860092e-04,-5.144240020e-04,-1.764906851e-04,
1.584767239e-01
l,3.5,-2.5
0.991,1.711,2.451,
1.599148616e-06,8.408019141e+00
8.634959158e-06,-1.236394148e-05,-8.514443246e-06,1.656408566e-04,3.432224584e-04,6.768983311e-04,1.557242762e-03,1.842278737e-03,7.860280353e-04,
1.221742571e-06,-3.870404746e-06,-2.139180276e-06,-9.554855170e-05,-4.784730455e-04,-1.376251756e-03,-2.187115823e-03,-1.806869751e-03,-6.153363610e-04,
1.587856759e-01
l,3.5,-1.5
1.071,1.811,2.571,
3.121886538e-06,7.619694595e+00
2.986099025e-05,-4.154694724e-05,-3.544639827e-05,5.586893526e-04,1.252272570e-03,2.499466932e-03,5.488594436e-03,6.390331268e-03,2.722747824e-03,
3.978594143e-06,-1.267961010e-05,-5.473725606e-06,-2.943611280e-04,-1.436768394e-03,-4.043153416e-03,-6.260862766e-03,-5.023759066e-03,-1.661188414e-03,
1.586617615e-01
l,3.5,-0.5
1.131,1.871,2.631,
7.619521482e-06,7.455325397e+00
1.128086005e-04,-1.336760884e-04,-1.876602651e-04,2.144361009e-03,4.890406986e-03,5.588219454e-03,7.878885648e-03,9.227274062e-03,4.226994439e-03,
1.568573762e-05,-5.012735228e-05,-2.851925729e-05,-1.234376864e-03,-6.046522487e-03,-1.695130303e-02,-2.616664806e-02,-2.087872195e-02,-6.851319406e-03,
1.587547486e-01
l,3.5,0.5
1.171,1.951,2.731,
2.449632214e-05,6.798464313e+00
4.245871096e-04,-5.440633205e-04,-6.512939684e-04,7.331767059e-03,1.472580557e-02,1.505292847e-02,2.462888473e-02,3.161551241e-02,1.460131567e-02,
5.426939875e-05,-1.741684971e-04,-7.109045717e-05,-3.951290674e-03,-1.885410269e-02,-5.182381212e-02,-7.810121983e-02,-6.077853702e-02,-1.947785524e-02,
1.585697673e-01
l,3.5,1.5
1.191,1.971,2.771,
8.854339563e-05,6.700860747e+00
1.815040945e-03,-1.959228209e-03,-3.500575272e-03,3.244469251e-02,8.656789080e-02,1.167771633e-01,1.422737016e-01,1.310676328e-01,5.199636459e-02,
2.279622755e-04,-7.324912833e-04,-3.740812183e-04,-1.720469167e-02,-8.067166715e-02,-2.164742333e-01,-3.168194603e-01,-2.379132678e-01,-7.332071218e-02,
1.587851095e-01
l,3.5,2.5
1.211,1.991,2.791,
4.173509298e-04,6.241189797e+00
8.010282181e-03,-9.373632007e-03,-1.298278662e-02,1.406281214e-01,2.909705575e-01,2.296087749e-01,2.414348037e-01,3.319033209e-01,1.693999990e-01,
1.014963561e-03,-3.257459888e-03,-1.833150177e-03,-7.768686938e-02,-3.671495245e-01,-9.879917685e-01,-1.456960525e+00,-1.108894696e+00,-3.468538482e-01,
1.582753208e-01
l,3.5,3.5
1.231,1.811,2.431,
2.061568560e-03,6.792199827e+00
4.966456071e-02,9.920922933e-03,-6.837421338e-02,2.425406784e+00,1.525423925e+01,4.766867975e+01,8.727564103e+01,8.703849951e+01,3.612451572e+01,
1.481414943e-02,-4.485228429e-02,-7.967182206e-02,-1.977423614e+00,-1.266942285e+01,-4.375444530e+01,-8.424698516e+01,-8.379711275e+01,-3.369890413e+01,
1.591446884e-01
l,4.5,-4.5
1.211,1.931,2.651,
3.691256617e-09,1.197807093e+01
2.010110052e-07,-3.350429321e-07,-1.893177103e-08,4.629338498e-06,1.424273313e-05,4.676138155e-05,1.039876374e-04,1.115162654e-04,4.501808295e-05,
2.834413600e-08,-9.066522703e-08,-5.689991076e-08,-2.368057202e-06,-1.210321540e-05,-3.560796201e-05,-5.805259138e-05,-4.941588072e-05,-1.735530751e-05,
1.585695029e-01
l,4.5,-3.5
1.311,2.031,2.751,
3.973144745e-09,1.250091358e+01
6.785256801e-07,-9.871649592e-07,-5.965090739e-07,1.383249249e-05,3.081063813e-05,5.972768125e-05,1.247052007e-04,1.414242079e-04,5.939489155e-05,
9.829444441e-08,-3.157651029e-07,-2.033561431e-07,-8.368317146e-06,-4.284116272e-05,-1.261012512e-04,-2.055930235e-04,-1.743910978e-04,-6.095414982e-05,
1.587855411e-01
l,4.5,-2.5
1.411,2.131,2.871,
1.273981294e-08,1.023167299e+01
2.297113951e-06,-3.111327747e-06,-3.084573030e-06,4.638732194e-05,1.162814288e-04,2.317940453e-04,4.796089853e-04,5.609511927e-04,2.472824349e-04,
3.185922058e-07,-1.028298655e-06,-4.221275935e-07,-2.415571519e-05,-1.198642210e-04,-3.439876368e-04,-5.448893073e-04,-4.474585266e-04,-1.515269703e-04,
1.587236508e-01
l,4.5,-1.5
1.471,2.211,2.971,
1.883030163e-08,1.104218903e+01
8.165876352e-06,-9.569568640e-06,-1.560093058e-05,1.536248074e-04,3.666813696e-04,3.689467183e-04,3.629756706e-04,3.924790880e-04,1.877941612e-04,
1.100695906e-06,-3.565539983e-06,-1.406874282e-06,-8.175912640e-05,-3.957842283e-04,-1.106387357e-03,-1.698343942e-03,-1.344007834e-03,-4.381642979e-04,
1.587857160e-01
l,4.5,-0.5
1.531,2.291,3.071,
5.615831477e-08,1.044452267e+01
2.960739039e-05,-3.302241492e-05,-6.076060281e-05,5.260782030e-04,1.300958991e-03,1.316610999e-03,1.172828691e-03,1.164955560e-03,5.438832502e-04,
3.796214748e-06,-1.233880386e-05,-3.963277392e-06,-2.710993962e-04,-1.281789868e-03,-3.506930366e-03,-5.246712214e-03,-4.030474654e-03,-1.273817853e-03,
1.587547486e-01
l,4.5,0.5
1.571,2.351,3.131,
2.410889709e-07,9.510909169e+00
1.135308994e-04,-1.157431231e-04,-2.386595223e-04,2.101171835e-03,6.010974338e-03,7.737387019e-03,7.491759223e-03,5.867288802e-03,2.252661965e-03,
1.490538953e-05,-4.853868563e-05,-2.395689626e-05,-1.157906496e-03,-5.516346077e-03,-1.508327235e-02,-2.257095511e-02,-1.732232333e-02,-5.451120277e-03,
1.587857454e-01
l,4.5,1.5
1.611,2.391,3.191,
1.112794218e-06,8.852829860e+00
4.604074929e-04,-4.369899716e-04,-1.065248233e-03,8.129428425e-03,2.212783853e-02,1.911175585e-02,2.305532860e-03,-4.513757056e-03,-1.491194837e-03,
5.843040665e-05,-1.906088577e-04,-7.338505686e-05,-4.252067889e-03,-1.980833834e-02,-5.297367072e-02,-7.737143916e-02,-5.788317508e-02,-1.777435797e-02,
1.586303598e-01
l,4.5,2.5
1.611,2.431,3.271,
5.800500868e-06,8.282763023e+00
1.942061004e-03,-1.864764334e-03,-4.558338229e-03,2.704509582e-02,7.729113756e-02,1.014350294e-01,1.052059697e-01,8.239882157e-02,2.947608729e-02,
2.148316961e-04,-7.022310695e-04,2.383581182e-05,-1.133358831e-02,-4.564114293e-02,-1.122511725e-01,-1.496701397e-01,-1.004813255e-01,-2.779831854e-02,
1.587697130e-01
l,4.5,3.5
1.611,2.431,3.251,
3.515659481e-05,7.772194540e+00
9.104302153e-03,-9.005412247e-03,-1.970127062e-02,1.612038962e-01,4.264023106e-01,3.586597177e-01,3.245420879e-02,-9.832369084e-02,-3.483794540e-02,
1.090542919e-03,-3.556019474e-03,-1.821606530e-03,-8.266901908e-02,-3.799872177e-01,-9.963133305e-01,-1.421706983e+00,-1.040002667e+00,-3.125033400e-01,
1.584751118e-01
l,4.5,4.5
1.631,2.271,2.931,
1.827181904e-04,7.969705917e+00
5.485961959e-02,8.910961874e-03,-7.787639529e-02,2.274192132e+00,1.382228541e+01,4.050831278e+01,6.805147659e+01,6.154287100e+01,2.304635209e+01,
1.437017483e-02,-4.490104982e-02,-7.959672956e-02,-1.971824448e+00,-1.206976352e+01,-3.974143102e+01,-7.242648113e+01,-6.779957287e+01,-2.556235451e+01,
1.591446269e-01
l,5.5,-5.5
1.551,2.251,2.951,
3.252740532e-12,1.585598268e+01
1.569000041e-08,-2.675559316e-08,1.941831859e-10,3.844191640e-07,1.240484986e-06,3.981894303e-06,8.569142928e-06,9.058015474e-06,3.642416819e-06,
2.262952601e-09,-7.325353605e-09,-4.906720126e-09,-2.003545348e-07,-1.045021852e-06,-3.146158216e-06,-5.258506392e-06,-4.592857207e-06,-1.656025944e-06,
1.586614069e-01
l,5.5,-4.5
1.651,2.351,3.071,
2.728309189e-12,1.633988897e+01
5.199203912e-08,-7.709987900e-08,-5.104131186e-08,1.021751254e-06,2.198822865e-06,4.373936243e-06,9.882126789e-06,1.184869006e-05,5.199257521e-06,
7.322487401e-09,-2.380042077e-08,-1.069728587e-08,-5.853208581e-07,-2.973882406e-06,-8.759782574e-06,-1.428326006e-05,-1.210775789e-05,-4.233751352e-06,
1.587854807e-01
l,5.5,-3.5
1.751,2.451,3.171,
9.243853044e-12,1.457985145e+01
1.734406965e-07,-2.273787536e-07,-2.397250691e-07,3.989144608e-06,1.165067853e-05,2.419571813e-05,4.508692803e-05,4.982674045e-05,2.175227136e-05,
2.523299936e-08,-8.227441188e-08,-4.699804456e-08,-2.117404183e-06,-1.075647073e-05,-3.148328992e-05,-5.102263052e-05,-4.292525960e-05,-1.489271689e-05,
1.587855411e-01
l,5.5,-2.5
1.831,2.551,3.291,
1.150904756e-11,1.505319744e+01
5.854748792e-07,-7.014678362e-07,-9.908977232e-07,1.245864199e-05,3.631946782e-05,6.323043199e-05,9.643102814e-05,9.621324513e-05,3.970641341e-05,
8.139624906e-08,-2.663355607e-07,-1.369708028e-07,-6.634058082e-06,-3.291062539e-05,-9.418561918e-05,-1.484946196e-04,-1.208567782e-04,-4.047211192e-05,
1.588478901e-01
l,5.5,-1.5
1.891,2.631,3.391,
2.553810149e-11,1.482721329e+01
2.068044068e-06,-2.190670696e-06,-4.377073277e-06,3.964700653e-05,1.105638833e-04,1.402342519e-04,1.486628029e-04,1.382833018e-04,6.063890261e-05,
2.798419196e-07,-9.181741760e-07,-3.776085091e-07,-2.151539217e-05,-1.041037178e-04,-2.908013089e-04,-4.461870338e-04,-3.518301441e-04,-1.139621900e-04,
1.588169132e-01
l,5.5,-0.5
1.951,2.711,3.471,
1.197869671e-10,1.376279299e+01
7.489346899e-06,-7.437572524e-06,-1.617820719e-05,1.485063038e-04,4.633193275e-04,6.651282105e-04,6.716031088e-04,4.973904165e-04,1.803561863e-04,
1.026817298e-06,-3.376008844e-06,-1.791552234e-06,-8.337655441e-05,-4.048717168e-04,-1.129351931e-03,-1.729834220e-03,-1.360298510e-03,-4.386584284e-04,
1.588170047e-01
l,5.5,0.5
1.991,2.771,3.551,
3.780567989e-10,1.355189767e+01
2.843062975e-05,-2.538100562e-05,-6.821568571e-05,5.254205360e-04,1.700535198e-03,2.273471215e-03,1.765888415e-03,8.964577559e-04,2.453250763e-04,
3.764179841e-06,-1.240038022e-05,-5.685436229e-06,-2.922450534e-04,-1.385781658e-03,-3.775270731e-03,-5.623048254e-03,-4.278844612e-03,-1.332488134e-03,
1.587547205e-01
l,5.5,1.5
2.031,2.831,3.651,
5.124551381e-09,1.149554664e+01
1.109325021e-04,-9.939795485e-05,-2.785792800e-04,1.673482041e-03,5.419119883e-03,7.908770140e-03,8.115581658e-03,5.855353062e-03,1.994972302e-03,
1.292067293e-05,-4.266365820e-05,-1.058541422e-05,-8.974583795e-04,-4.045423520e-03,-1.057949161e-02,-1.492225788e-02,-1.062463196e-02,-3.081979643e-03,
1.588156746e-01
l,5.5,2.5
2.051,2.851,3.651,
3.418209066e-08,1.072363786e+01
4.742936871e-04,-3.483371030e-04,-1.280027498e-03,9.710832480e-03,3.888677030e-02,6.447826516e-02,5.855681498e-02,2.897041407e-02,6.195037755e-03,
6.159185655e-05,-2.033558751e-04,-1.112649830e-04,-4.796648432e-03,-2.221809758e-02,-5.858512643e-02,-8.393642807e-02,-6.127100146e-02,-1.834230452e-02,
1.586620761e-01
l,5.5,3.5
2.051,2.891,3.731,
3.039989354e-07,9.689908580e+00
2.021207009e-03,-1.810003742e-03,-5.231095102e-03,2.157025606e-02,4.984602977e-02,1.986516149e-02,-2.544840678e-02,-2.246504771e-02,-3.806768760e-03,
2.256058448e-04,-7.459789783e-04,1.062865017e-04,-1.144655594e-02,-4.585063654e-02,-1.130877990e-01,-1.515346202e-01,-1.015976260e-01,-2.785285175e-02,
1.586909610e-01
l,5.5,4.5
2.031,2.871,3.711,
1.995637246e-06,9.354017432e+00
9.885457344e-03,-7.638454256e-03,-2.688399252e-02,1.511052100e-01,4.856648988e-01,4.991441452e-01,9.155813702e-02,-1.702562962e-01,-8.762256026e-02,
1.147280749e-03,-3.785456924e-03,-2.252077010e-04,-6.305641727e-02,-2.550224871e-01,-6.200733284e-01,-8.224362416e-01,-5.525865097e-01,-1.539192901e-01,
1.585378310e-01
l,5.5,5.5
2.031,2.731,3.451,
2.082355746e-05,8.546063681e+00
5.825876072e-02,6.975705182e-03,-1.713424483e-01,1.040296166e+00,6.322914911e+00,1.589000440e+01,2.303471253e+01,1.854817856e+01,6.353959082e+00,
1.267310993e-02,-4.060011951e-02,-2.521501713e-02,-1.018442730e+00,-5.311328456e+00,-1.555977902e+01,-2.559729724e+01,-2.145779555e+01,-7.204635879e+00,
1.591135439e-01
l,6.5,-6.5
1.871,2.571,3.271,
4.509225669e-17,2.461889393e+01
1.193254051e-09,-2.066198215e-09,-1.325576669e-10,2.782279807e-08,8.944991070e-08,2.954396272e-07,6.456621826e-07,6.867717042e-07,2.769970178e-07,
1.674218509e-10,-5.475078044e-10,-2.483604221e-10,-1.378218576e-08,-7.123868798e-08,-2.145399903e-07,-3.582783886e-07,-3.122834080e-07,-1.124606121e-07,
1.586922803e-01
l,6.5,-5.5
1.991,2.671,3.371,
3.211278167e-16,2.131180953e+01
3.916353908e-09,-5.844627268e-09,-2.394212276e-09,1.083502675e-07,3.711028206e-07,1.029614745e-06,2.071182873e-06,2.207331419e-06,9.192069300e-07,
5.761536762e-10,-1.889379663e-09,-9.835616630e-10,-4.882012885e-08,-2.536946548e-07,-7.635618045e-07,-1.277044441e-06,-1.113195076e-06,-4.006880815e-07,
1.587853612e-01
l,6.5,-4.5
2.091,2.791,3.491,
2.047943234e-16,2.200732495e+01
1.251322956e-08,-1.758954172e-08,-1.351105511e-08,2.975766706e-07,8.509638382e-07,1.723769538e-06,3.002970959e-06,3.103935640e-06,1.281662540e-06,
1.854527382e-09,-6.100458736e-09,-3.994493868e-09,-1.668208637e-07,-8.662121335e-07,-2.595744894e-06,-4.316669809e-06,-3.734159400e-06,-1.332836680e-06,
1.588476720e-01
l,6.5,-3.5
2.191,2.891,3.611,
1.599114639e-15,1.965348635e+01
4.156094846e-08,-5.279339769e-08,-6.425607095e-08,8.564724721e-07,2.239209732e-06,3.617354532e-06,5.891939910e-06,6.475963107e-06,2.864550827e-06,
5.959973731e-09,-1.966203892e-08,-1.034366888e-08,-5.048845142e-07,-2.561691742e-06,-7.514437946e-06,-1.219610074e-05,-1.024433737e-05,-3.540253605e-06,
1.588478092e-01
l,6.5,-2.5
2.271,2.991,3.711,
7.035884127e-15,1.844227194e+01
1.409922987e-07,-1.716846765e-07,-2.397315255e-07,3.059998806e-06,8.733375312e-06,1.380161154e-05,1.926284496e-05,1.913159573e-05,8.125851179e-06,
2.043697812e-08,-6.757439233e-08,-3.514297257e-08,-1.715183595e-06,-8.670154750e-06,-2.531237645e-05,-4.089257715e-05,-3.418786361e-05,-1.177148315e-05,
1.588167991e-01
l,6.5,-1.5
2.331,3.071,3.831,
7.448677727e-15,1.916082083e+01
4.978961101e-07,-5.310615022e-07,-1.098254570e-06,9.530903885e-06,2.969076555e-05,4.541244519e-05,5.259821967e-05,4.373246364e-05,1.674492050e-05,
6.556259051e-08,-2.173345563e-07,-6.859655517e-08,-4.894043810e-06,-2.344320479e-05,-6.524674092e-05,-9.938456268e-05,-7.751177342e-05,-2.483527528e-05,
1.588479503e-01
l,6.5,-0.5
2.391,3.151,3.911,
4.268470105e-14,1.807916455e+01
1.797448022e-06,-1.848715294e-06,-3.975327653e-06,3.330494576e-05,9.813721726e-05,1.203729494e-04,9.071139255e-05,5.187419683e-05,1.715326518e-05,
2.398838161e-07,-7.964755666e-07,-2.923711285e-07,-1.842794345e-05,-8.871971029e-05,-2.473888245e-04,-3.783096673e-04,-2.963563202e-04,-9.521050794e-05,
1.588170047e-01
l,6.5,0.5
2.431,3.211,3.991,
3.509775462e-13,1.679411580e+01
6.786422091e-06,-6.193393297e-06,-1.641390103e-05,1.213902024e-04,4.099162351e-04,6.270215363e-04,6.405160169e-04,4.458679308e-04,1.489570653e-04,
8.775023054e-07,-2.918026218e-06,-1.028548772e-06,-6.623593571e-05,-3.119958016e-04,-8.498581390e-04,-1.263713831e-03,-9.570513814e-04,-2.961860709e-04,
1.588169766e-01
l,6.5,1.5
2.471,3.251,4.051,
4.448058419e-12,1.524192504e+01
2.695182957e-05,-1.973368013e-05,-7.631590518e-05,4.849014051e-04,1.909788446e-03,3.030842031e-03,2.599964519e-03,1.208390337e-03,2.439429328e-04,
3.428864100e-06,-1.141494338e-05,-3.619094495e-06,-2.474827264e-04,-1.135246443e-03,-2.996578352e-03,-4.290401007e-03,-3.111132235e-03,-9.219325591e-04,
1.587838445e-01
l,6.5,2.5
2.491,3.311,4.131,
9.842695539e-11,1.320256732e+01
1.061845032e-04,-9.409323574e-05,-2.488116077e-04,1.306751452e-03,3.000667237e-03,1.714093302e-03,5.964406768e-05,5.290073713e-04,5.569836591e-04,
1.252687206e-05,-4.176215527e-05,-6.902303839e-06,-8.743461429e-04,-3.987846810e-03,-1.062203015e-02,-1.540723522e-02,-1.129447553e-02,-3.349556502e-03,
1.586930104e-01
l,6.5,3.5
2.491,3.311,4.151,
7.981322454e-10,1.250176663e+01
4.709328059e-04,-2.429310628e-04,-1.461112629e-03,7.454434150e-03,3.666867804e-02,7.307428039e-02,8.165179463e-02,5.026173919e-02,1.327766759e-02,
5.593782539e-05,-1.865379158e-04,-1.386125299e-05,-3.109811223e-03,-1.227855584e-02,-2.897828150e-02,-3.651325990e-02,-2.240398006e-02,-5.507586486e-03,
1.587512362e-01
l,6.5,4.5
2.491,3.331,4.191,
1.070924293e-08,1.130733060e+01
2.094848081e-03,-1.373632054e-03,-6.200100670e-03,1.986190935e-02,6.252094401e-02,5.456541791e-02,4.592383148e-03,-1.638566417e-02,-6.183924157e-03,
2.333898117e-04,-7.786080939e-04,1.086328514e-04,-1.187110526e-02,-4.657417952e-02,-1.121926008e-01,-1.460553506e-01,-9.351528306e-02,-2.402433227e-02,
1.586608185e-01
l,6.5,5.5
2.471,3.311,4.171,
1.457770888e-07,1.030240509e+01
1.039441023e-02,-5.690310822e-03,-3.171445031e-02,1.446526602e-01,6.023034034e-01,9.230670300e-01,7.174667698e-01,2.725087746e-01,3.672856981e-02,
1.188405452e-03,-3.957118288e-03,-6.637710057e-05,-6.382619331e-02,-2.500816773e-01,-5.887283599e-01,-7.477194364e-01,-4.701353985e-01,-1.202216259e-01,
1.586000083e-01
l,6.5,6.5
2.451,3.191,3.931,
1.858537348e-06,9.463309519e+00
6.019743159e-02,8.761936454e-03,-1.656433016e-01,1.000044722e+00,6.107131052e+00,1.522525144e+01,2.147453028e+01,1.654538604e+01,5.367194901e+00,
1.241753158e-02,-4.036381789e-02,-3.046646269e-02,-1.076147158e+00,-5.513885661e+00,-1.585091743e+01,-2.550074941e+01,-2.086881108e+01,-6.826433109e+00,
1.590824950e-01
l,7.5,-7.5
2.211,2.891,3.571,
0.000000000e+00,0.000000000e+00
8.920469224e-11,-1.554371072e-10,3.453251711e-11,2.619714191e-09,9.468256361e-09,3.032953391e-08,6.215171519e-08,6.366359191e-08,2.516994030e-08,
1.310408731e-11,-4.318992378e-11,-4.524295525e-11,-1.593370064e-09,-9.307926442e-09,-3.011493734e-08,-5.319672950e-08,-4.851981600e-08,-1.802985957e-08,
1.587231900e-01
l,7.5,-6.5
2.331,3.011,3.691,
0.000000000e+00,0.000000000e+00
2.814367905e-10,-4.535846414e-10,-4.198377300e-11,8.385416510e-09,2.864036732e-08,7.850794887e-08,1.518833366e-07,1.559340152e-07,6.297917337e-08,
4.210654158e-11,-1.391628232e-10,-1.569061012e-10,-5.248108281e-09,-3.064097099e-08,-9.889796579e-08,-1.742391297e-07,-1.584107180e-07,-5.870806777e-08,
1.588164769e-01
l,7.5,-5.5
2.431,3.131,3.831,
0.000000000e+00,0.000000000e+00
8.881738123e-10,-1.345789509e-09,-9.108443115e-10,1.791078090e-08,4.023439997e-08,7.000543745e-08,1.324227999e-07,1.478490753e-07,6.267533327e-08,
1.264373860e-10,-4.191295092e-10,-1.733057200e-10,-1.044589469e-08,-5.382449119e-08,-1.618730223e-07,-2.697716162e-07,-2.336815367e-07,-8.358889385e-08,
1.588475605e-01
l,7.5,-4.5
2.531,3.231,3.931,
0.000000000e+00,0.000000000e+00
2.929374077e-09,-3.998390711e-09,-3.891344835e-09,6.598685194e-08,1.852413162e-07,3.755039713e-07,7.061859263e-07,7.940829164e-07,3.511799882e-07,
4.329725622e-10,-1.438143387e-09,-7.248021880e-10,-3.718412792e-08,-1.923734723e-07,-5.767959315e-07,-9.605976202e-07,-8.310613734e-07,-2.964655955e-07,
1.588476720e-01
l,7.5,-3.5
2.631,3.331,4.051,
0.000000000e+00,0.000000000e+00
9.789401290e-09,-1.207182127e-08,-1.714697933e-08,2.132771990e-07,6.230851663e-07,9.894233545e-07,1.293414084e-06,1.192495390e-06,4.828164425e-07,
1.386285917e-09,-4.615075243e-09,-2.061990015e-09,-1.140044175e-07,-5.734040766e-07,-1.673812018e-06,-2.697548151e-06,-2.246290294e-06,-7.710569633e-07,
1.588477288e-01
l,7.5,-2.5
2.711,3.431,4.151,
0.000000000e+00,0.000000000e+00
3.310104901e-08,-3.952871890e-08,-5.912519071e-08,6.505512214e-07,1.738610981e-06,2.268282126e-06,2.460639533e-06,2.152580050e-06,8.677500440e-07,
4.740643137e-09,-1.581023525e-08,-8.260387321e-09,-4.072588736e-07,-2.058196092e-06,-6.019184217e-06,-9.732083126e-06,-8.120145806e-06,-2.782863448e-06,
1.588478361e-01
l,7.5,-1.5
2.771,3.511,4.251,
0.000000000e+00,0.000000000e+00
1.173758974e-07,-1.277726266e-07,-2.496395458e-07,2.301026537e-06,6.786590220e-06,8.909522287e-06,8.173474779e-06,6.009503814e-06,2.294737857e-06,
1.620203325e-08,-5.412624806e-08,-2.135783297e-08,-1.290145468e-06,-6.341041763e-06,-1.806578733e-05,-2.834198474e-05,-2.286128924e-05,-7.577138154e-06,
1.588479164e-01
l,7.5,-0.5
2.831,3.591,4.351,
2.567049058e-18,2.308442560e+01
4.230226125e-07,-4.384969370e-07,-9.766523574e-07,7.632641168e-06,2.361304573e-05,3.194842168e-05,2.819563863e-05,1.822063944e-05,6.161927747e-06,
5.534284590e-08,-1.851834423e-07,-5.412799393e-08,-4.154284414e-06,-1.985781141e-05,-5.523354891e-05,-8.404285802e-05,-6.533688796e-05,-2.083220145e-05,
1.588480418e-01
l,7.5,0.5
2.871,3.651,4.431,
1.550510443e-17,2.226266848e+01
1.592772037e-06,-1.455987253e-06,-4.073630405e-06,2.739929148e-05,9.390098559e-05,1.370147181e-04,1.205698715e-04,6.854155286e-05,1.959600349e-05,
2.020352787e-07,-6.768711747e-07,-1.784247095e-07,-1.475164301e-05,-6.889174454e-05,-1.869469014e-04,-2.761153550e-04,-2.071246987e-04,-6.353606375e-05,
1.588480137e-01
l,7.5,1.5
2.911,3.711,4.511,
5.171984376e-16,1.996589366e+01
6.101514828e-06,-5.527783894e-06,-1.528158633e-05,8.566726487e-05,2.444401067e-04,2.525285955e-04,1.409582953e-04,7.193169441e-05,2.878842278e-05,
7.371600968e-07,-2.472628087e-06,-4.633379273e-07,-5.221941680e-05,-2.400910339e-04,-6.448893345e-04,-9.413366208e-04,-6.946946147e-04,-2.083294183e-04,
1.588150753e-01
l,7.5,2.5
2.931,3.751,4.571,
6.686505680e-15,1.875088036e+01
2.485026016e-05,-1.665375135e-05,-7.722930114e-05,3.999410089e-04,2.017925520e-03,4.239434652e-03,4.964886648e-03,3.139230706e-03,8.333250678e-04,
2.877400794e-06,-9.659898641e-06,-3.284563559e-06,-2.065200450e-04,-9.062779149e-04,-2.284642701e-03,-3.040479081e-03,-1.994528301e-03,-5.271132633e-04,
1.588835680e-01
l,7.5,3.5
2.951,3.771,4.591,
8.065054476e-13,1.553966024e+01
1.039936978e-04,-7.373410809e-05,-2.764653824e-04,1.492874697e-03,4.697598692e-03,4.690556343e-03,1.066439425e-03,-9.966355514e-04,-4.734970175e-04,
1.282068929e-05,-4.305271547e-05,-7.157390119e-06,-8.847284057e-04,-4.018462752e-03,-1.059948091e-02,-1.526744251e-02,-1.112306013e-02,-3.284298488e-03,
1.586591788e-01
l,7.5,4.5
2.951,3.791,4.631,
1.155930601e-11,1.447010422e+01
4.570482997e-04,-2.458373602e-04,-1.441420154e-03,6.094670097e-03,2.921673081e-02,5.402024316e-02,5.461351996e-02,2.993366017e-02,6.987843684e-03,
5.352670393e-05,-1.798363224e-04,-8.663211877e-06,-2.994810795e-03,-1.181883063e-02,-2.797918651e-02,-3.537748498e-02,-2.173960230e-02,-5.327436724e-03,
1.587838782e-01
l,7.5,5.5
2.931,3.791,4.651,
3.401974091e-10,1.278332837e+01
2.097005956e-03,-1.176115840e-03,-6.343465013e-03,1.861158401e-02,6.820032636e-02,8.058537198e-02,4.335902269e-02,9.670827735e-03,5.520549873e-04,
2.385801033e-04,-8.015772171e-04,4.835677782e-05,-1.289694457e-02,-5.106888031e-02,-1.232456405e-01,-1.610743246e-01,-1.032883600e-01,-2.634988912e-02,
1.586619312e-01
l,7.5,6.5
2.891,3.751,4.631,
7.924793148e-09,1.147321164e+01
1.065766998e-02,-3.417800580e-03,-3.563427493e-02,1.196833613e-01,6.201778057e-01,1.128921303e+00,1.090968563e+00,5.631632648e-01,1.230888744e-01,
1.215778695e-03,-4.077833362e-03,2.399765475e-05,-6.435786588e-02,-2.455580371e-01,-5.613137091e-01,-6.847038995e-01,-4.021165937e-01,-9.271179852e-02,
1.586311128e-01
l,7.5,7.5
2.871,3.651,4.431,
1.152567733e-07,1.065210407e+01
6.096284837e-02,1.003197307e-02,-1.851857670e-01,6.845032045e-01,4.549647395e+00,1.099916719e+01,1.471621964e+01,1.067525763e+01,3.253484611e+00,
1.121707126e-02,-3.694171635e-02,-1.998268667e-02,-8.914286511e-01,-4.361920707e+00,-1.205658676e+01,-1.848908598e+01,-1.425963782e+01,-4.360013347e+00,
1.590514380e-01
l,8.5,-8.5
2.551,3.211,3.871,
0.000000000e+00,0.000000000e+00
6.592594960e-12,-1.149657963e-11,2.886005667e-12,2.082950267e-10,7.491179532e-10,2.335174092e-09,4.769374278e-09,4.949014468e-09,1.993515036e-09,
1.018218233e-12,-3.378055892e-12,-3.933943976e-12,-1.314407819e-10,-7.845657987e-10,-2.596666077e-09,-4.709711306e-09,-4.421532250e-09,-1.693567966e-09,
1.587230732e-01
l,8.5,-7.5
2.671,3.331,4.011,
0.000000000e+00,0.000000000e+00
2.057891010e-11,-3.233725095e-11,-5.409033043e-12,6.262945337e-10,2.247152444e-09,6.199605950e-09,1.169688021e-08,1.175205435e-08,4.682439465e-09,
3.054100496e-12,-1.015986727e-11,-1.218785465e-11,-3.957802309e-10,-2.311219611e-09,-7.460052107e-09,-1.313558804e-08,-1.192257673e-08,-4.408417634e-09,
1.588474290e-01
l,8.5,-6.5
2.791,3.451,4.131,
0.000000000e+00,0.000000000e+00
6.441201045e-11,-9.541148700e-11,-2.686287673e-11,1.989940756e-09,7.507813571e-09,2.147416302e-08,4.181190418e-08,4.328523717e-08,1.774926331e-08,
9.772806294e-12,-3.258130340e-11,-3.872283800e-11,-1.268775009e-09,-7.421150226e-09,-2.395904708e-08,-4.224372646e-08,-3.836747629e-08,-1.417888735e-08,
1.588474319e-01
l,8.5,-5.5
2.891,3.571,4.251,
0.000000000e+00,0.000000000e+00
2.048361064e-10,-2.937886876e-10,-1.382615430e-10,6.400586513e-09,2.396021595e-08,6.313640535e-08,1.163958758e-07,1.182734663e-07,4.832766319e-08,
3.124560795e-11,-1.043824280e-10,-1.248201129e-10,-4.043660138e-09,-2.360562577e-08,-7.603587020e-08,-1.337008641e-07,-1.211060034e-07,-4.467347027e-08,
1.588475605e-01
l,8.5,-4.5
2.991,3.691,4.391,
0.000000000e+00,0.000000000e+00
6.558609766e-10,-9.383110098e-10,-8.503640741e-10,1.417160202e-08,4.113509468e-08,8.784983549e-08,1.608361829e-07,1.717797589e-07,7.288374945e-08,
9.337261226e-11,-3.126308735e-10,-1.264828535e-10,-7.792377436e-09,-3.998612829e-08,-1.198314820e-07,-1.987934801e-07,-1.709356608e-07,-6.064393673e-08,
1.588786585e-01
l,8.5,-3.5
3.071,3.771,4.491,
0.000000000e+00,0.000000000e+00
2.257211085e-09,-2.755753631e-09,-4.112456619e-09,4.793051456e-08,1.455488643e-07,2.734974428e-07,4.505517192e-07,4.770524842e-07,2.071589273e-07,
3.186453245e-10,-1.068506497e-09,-3.795688019e-10,-2.555595512e-08,-1.281320340e-07,-3.741813312e-07,-6.042233997e-07,-5.035870092e-07,-1.727452149e-07,
1.588477288e-01
l,8.5,-2.5
3.151,3.871,4.591,
0.000000000e+00,0.000000000e+00
7.686733916e-09,-9.080809848e-09,-1.430591029e-08,1.666466201e-07,5.152067602e-07,8.248002018e-07,9.968767757e-07,8.425581584e-07,3.249217237e-07,
1.087302770e-09,-3.651302441e-09,-1.674579282e-09,-9.123121034e-08,-4.584722354e-07,-1.336589289e-06,-2.151085600e-06,-1.785898549e-06,-6.103981227e-07,
1.588788341e-01
l,8.5,-1.5
3.231,3.951,4.691,
0.000000000e+00,0.000000000e+00
2.714248915e-08,-2.910804549e-08,-5.706201503e-08,5.326084468e-07,1.729484469e-06,2.901055829e-06,3.633302656e-06,3.075925566e-06,1.165736239e-06,
3.706959008e-09,-1.246565725e-08,-4.848062844e-09,-2.991683757e-07,-1.468899189e-06,-4.190427475e-06,-6.573707977e-06,-5.286318376e-06,-1.742229629e-06,
1.588479164e-01
l,8.5,-0.5
3.271,4.011,4.771,
0.000000000e+00,0.000000000e+00
9.997666695e-08,-8.768435596e-08,-2.465610967e-07,1.928732147e-06,7.070181169e-06,1.201397330e-05,1.327789688e-05,9.511144058e-06,3.204135812e-06,
1.351499912e-08,-4.549616670e-08,-1.851507170e-08,-1.080582486e-06,-5.195084349e-06,-1.443733227e-05,-2.199025335e-05,-1.707985147e-05,-5.418133865e-06,
1.588480418e-01
l,8.5,0.5
3.331,4.091,4.851,
0.000000000e+00,0.000000000e+00
3.674801974e-07,-3.381304891e-07,-8.655109226e-07,6.869739586e-06,2.383998098e-05,3.742123508e-05,3.747738874e-05,2.456286060e-05,7.754188105e-06,
4.925969291e-08,-1.659954458e-07,-6.839371882e-08,-3.965512250e-06,-1.909498763e-05,-5.317485809e-05,-8.121554392e-05,-6.332113986e-05,-2.016637682e-05,
1.588480137e-01
l,8.5,1.5
3.371,4.151,4.931,
5.788103814e-20,2.390693887e+01
1.412584993e-06,-1.170447150e-06,-3.802964454e-06,2.571790271e-05,1.076273543e-04,2.008571917e-04,2.212800116e-04,1.399784043e-04,3.898093003e-05,
1.794907319e-07,-6.054485447e-07,-2.027260056e-07,-1.354595506e-05,-6.293726435e-05,-1.691692527e-04,-2.461880303e-04,-1.809585021e-04,-5.426460100e-05,
1.588456191e-01
l,8.5,2.5
3.391,4.151,4.931,
1.528299705e-18,2.218269095e+01
5.823559150e-06,-3.132506893e-06,-1.575735352e-05,1.256341722e-04,4.982496581e-04,7.340798304e-04,4.770085929e-04,8.016385316e-05,-3.003628272e-05,
8.551293468e-07,-2.884473971e-06,-9.344348333e-07,-6.376886499e-05,-3.032371576e-04,-8.213204462e-04,-1.235751302e-03,-9.554151146e-04,-3.021216621e-04,
1.585880669e-01
l,8.5,3.5
3.411,4.231,5.071,
5.493468249e-17,2.032134955e+01
2.292252975e-05,-1.433851350e-05,-7.300325449e-05,2.495031103e-04,1.259293903e-03,2.591719754e-03,3.090528223e-03,2.043938161e-03,5.731612491e-04,
2.548268142e-06,-8.609922557e-06,9.394341470e-07,-1.326275102e-04,-5.083835896e-04,-1.188860991e-03,-1.447099343e-03,-8.162893630e-04,-1.723926883e-04,
1.588740350e-01
l,8.5,4.5
3.411,4.231,5.071,
5.026327706e-15,1.779673113e+01
9.983796917e-05,-5.119082222e-05,-2.953759073e-04,1.309851277e-03,5.238742716e-03,7.601996668e-03,5.616109285e-03,2.148926078e-03,3.545997015e-04,
1.214601944e-05,-4.103766185e-05,4.186663387e-06,-6.535570881e-04,-2.646375417e-03,-6.531535326e-03,-8.871510482e-03,-6.002526868e-03,-1.637330738e-03,
1.586909134e-01
l,8.5,5.5
3.391,4.251,5.111,
7.334452801e-14,1.687815726e+01
4.447198007e-04,-1.804045683e-04,-1.503084684e-03,4.705289830e-03,2.584455298e-02,5.074643794e-02,5.389389642e-02,3.087907399e-02,7.504404309e-03,
5.065889925e-05,-1.712304404e-04,6.669260720e-06,-2.688630687e-03,-1.025662207e-02,-2.353167123e-02,-2.842243323e-02,-1.614107762e-02,-3.492010941e-03,
1.587843576e-01
l,8.5,6.5
3.371,4.251,5.131,
5.564728181e-12,1.465524567e+01
2.071226947e-03,-9.820369454e-04,-6.614555582e-03,1.463232861e-02,6.079486942e-02,7.667070259e-02,4.495501873e-02,1.140470833e-02,6.868980868e-04,
2.257569699e-04,-7.630722733e-04,1.030876290e-04,-1.169085561e-02,-4.498339226e-02,-1.062099264e-01,-1.343824655e-01,-8.186163855e-02,-1.944746484e-02,
1.586922320e-01
l,8.5,7.5
3.331,4.211,5.111,
3.978926846e-10,1.260631298e+01
1.065642014e-02,-2.862082204e-03,-3.720181004e-02,9.842269787e-02,5.595784825e-01,1.039880950e+00,1.012560735e+00,5.228195807e-01,1.136550934e-01,
1.151121490e-03,-3.885280714e-03,7.208050242e-04,-5.471029632e-02,-1.993242034e-01,-4.409567261e-01,-5.110651284e-01,-2.743773724e-01,-5.504698833e-02,
1.586620854e-01
l,8.5,8.5
3.311,4.111,4.931,
5.693640640e-09,1.190959920e+01
6.079458818e-02,1.162087548e-02,-2.009190260e-01,3.976652923e-01,3.212980453e+00,7.683697305e+00,9.931617426e+00,6.928648331e+00,2.031626924e+00,
9.995678683e-03,-3.326125130e-02,-1.070980907e-02,-7.198324736e-01,-3.366572509e+00,-8.972484266e+00,-1.312812639e+01,-9.526636146e+00,-2.711835238e+00,
1.590204176e-01
