l,0.5,-0.5
0.191,1.031,1.891,
3.132439293e-02,2.323858569e+00
3.517180914e-03,-4.708421748e-03,3.026837035e-03,4.242821133e-02,1.288948147e-01,3.166991584e-01,3.876804615e-01,2.116404779e-01,4.334386301e-02,
6.375559472e-04,-1.503986580e-03,-1.182799116e-03,-2.860756217e-02,-1.260553066e-01,-3.111516310e-01,-4.276020229e-01,-3.071923026e-01,-9.037844201e-02,
1.587237939e-01
l,0.5,0.5
0.251,0.751,1.271,
1.267267713e-01,2.530606072e+00
1.889386959e-02,-4.496174654e-04,1.403817843e-01,3.141156946e+00,2.281579937e+01,9.309678732e+01,2.124243819e+02,2.514508413e+02,1.205454345e+02,
9.607274238e-03,-1.892363651e-02,-1.209340180e-01,-2.453806259e+00,-1.997566825e+01,-8.488650040e+01,-1.971799198e+02,-2.366479371e+02,-1.149081765e+02,
1.591437314e-01
l,1.5,-1.5
0.511,1.391,2.291,
9.658367062e-04,3.710879261e+00
4.065037938e-04,-5.413405761e-04,1.478171870e-04,5.154192084e-03,1.630437225e-02,4.762691182e-02,7.725665259e-02,5.878774804e-02,1.695734112e-02,
6.243496797e-05,-1.534007125e-04,-8.973971740e-05,-2.652917948e-03,-1.115797007e-02,-2.655892713e-02,-3.498182188e-02,-2.400465548e-02,-6.755205281e-03,
1.586927619e-01
l,1.5,-0.5
0.551,1.411,2.291,
2.183311240e-03,3.653182657e+00
1.464742003e-03,-1.718231404e-03,-1.271938119e-04,1.976684719e-02,5.833304468e-02,1.610355428e-01,2.788081035e-01,2.333932246e-01,7.428070698e-02,
2.432726737e-04,-5.973634314e-04,-3.710583829e-04,-1.060717686e-02,-4.540724489e-02,-1.098229140e-01,-1.474313840e-01,-1.031329757e-01,-2.961921582e-02,
1.588480334e-01
l,1.5,0.5
0.611,1.471,2.331,
5.599948259e-03,3.648398935e+00
4.971156828e-03,-5.860195488e-03,-3.238025462e-04,6.823249351e-02,2.000690489e-01,5.458092523e-01,9.460887906e-01,7.972986871e-01,2.557540414e-01,
8.571907689e-04,-2.107193977e-03,-1.313203090e-03,-3.798548108e-02,-1.654438795e-01,-4.076550090e-01,-5.588287200e-01,-3.996749827e-01,-1.174224560e-01,
1.588480176e-01
l,1.5,1.5
0.651,1.371,2.111,
1.599945684e-02,3.684725714e+00
2.069522999e-02,-9.811997100e-03,-8.375478409e-03,5.846221020e-01,2.508164131e+00,6.509505100e+00,1.072086208e+01,9.599398131e+00,3.501611278e+00,
5.641033061e-03,-1.337852381e-02,-2.056415803e-02,-4.077275311e-01,-2.150298367e+00,-6.172923717e+00,-9.874305827e+00,-8.213609168e+00,-2.784875436e+00,
1.591135416e-01
l,2.5,-2.5
0.891,1.791,2.691,
1.273119709e-05,4.862185800e+00
3.930668026e-05,-4.691828672e-05,-1.054778745e-05,4.665604655e-04,1.126961455e-03,2.738285544e-03,4.794497661e-03,4.112864421e-03,1.326710726e-03,
5.919447906e-06,-1.493066101e-05,-8.703979583e-06,-2.630825208e-04,-1.101087095e-03,-2.615286368e-03,-3.435874358e-03,-2.347693328e-03,-6.588061289e-04,
1.587235813e-01
l,2.5,-1.5
0.951,1.851,2.751,
2.896605474e-05,4.910381189e+00
1.294891990e-04,-1.407830898e-04,-7.800540418e-05,1.521561809e-03,3.357939024e-03,6.408777902e-03,1.063258164e-02,9.350261312e-03,3.116680762e-03,
1.982196462e-05,-5.015591420e-05,-2.945852871e-05,-8.834398545e-04,-3.690092283e-03,-8.743810351e-03,-1.145497267e-02,-7.793999466e-03,-2.178809416e-03,
1.588169589e-01
l,2.5,-0.5
1.011,1.911,2.831,
6.901386524e-05,4.986487190e+00
4.256799875e-04,-4.252909103e-04,-3.804124586e-04,4.719472049e-03,1.008207844e-02,1.610050121e-02,2.504836085e-02,2.234637161e-02,7.623991419e-03,
6.303036407e-05,-1.601171581e-04,-7.928572968e-05,-2.665758164e-03,-1.090686535e-02,-2.536135434e-02,-3.249758183e-02,-2.154964857e-02,-5.867418841e-03,
1.588480334e-01
l,2.5,0.5
1.051,1.971,2.891,
1.720363471e-04,5.050159366e+00
1.413953956e-03,-1.340207182e-03,-1.491443179e-03,1.521128610e-02,3.082876045e-02,3.772434356e-02,5.004647917e-02,4.452981100e-02,1.549866225e-02,
2.106935738e-04,-5.365790070e-04,-2.491778646e-04,-8.780236087e-03,-3.583652158e-02,-8.320922008e-02,-1.064227218e-01,-7.035029409e-02,-1.909497848e-02,
1.588790426e-01
l,2.5,1.5
1.111,2.011,2.911,
4.619388676e-04,4.983883332e+00
4.835531116e-03,-4.095204242e-03,-5.415357428e-03,5.573536014e-02,1.274252017e-01,1.717104525e-01,2.198981073e-01,1.872778415e-01,6.453001191e-02,
7.788066531e-04,-1.982497306e-03,-1.076186665e-03,-3.427520481e-02,-1.429947827e-01,-3.379625205e-01,-4.419973733e-01,-2.988763094e-01,-8.280104458e-02,
1.588779260e-01
l,2.5,2.5
1.151,1.991,2.851,
1.272693034e-03,5.190562094e+00
1.797676086e-02,-8.173672395e-03,-2.921651752e-02,2.614839683e-01,8.942704728e-01,1.472317606e+00,1.594139495e+00,1.070456592e+00,3.218079572e-01,
3.516906519e-03,-8.865280364e-03,-6.465868846e-03,-1.682803885e-01,-7.299777291e-01,-1.778624955e+00,-2.410867928e+00,-1.685942819e+00,-4.814403428e-01,
1.590824753e-01
l,3.5,-3.5
1.311,2.231,3.151,
9.050977218e-08,6.933187386e+00
3.338094075e-06,-3.648825976e-06,-2.763100216e-06,3.439302231e-05,5.973154558e-05,7.234074560e-05,1.149351041e-04,1.114372010e-04,3.970494192e-05,
4.703195319e-07,-1.211822124e-06,-5.063670974e-07,-1.951835865e-05,-7.940234567e-05,-1.847041791e-04,-2.365733797e-04,-1.569998083e-04,-4.287335005e-05,
1.587854956e-01
l,3.5,-2.5
1.371,2.291,3.231,
1.902103041e-07,6.998745470e+00
1.070573035e-05,-9.855589007e-06,-1.257825546e-05,1.133121458e-04,2.452397303e-04,2.961909546e-04,3.465396070e-04,2.858269684e-04,9.681410750e-05,
1.490601169e-06,-3.852377345e-06,-1.717573524e-06,-6.255771387e-05,-2.500644882e-04,-5.698222695e-04,-7.120742302e-04,-4.583961177e-04,-1.211122721e-04,
1.588478206e-01
l,3.5,-1.5
1.431,2.371,3.311,
4.290501782e-07,6.967872184e+00
3.371432103e-05,-3.005729415e-05,-4.262904890e-05,3.376795076e-04,6.812452281e-04,6.316719596e-04,5.929098902e-04,5.064354453e-04,1.845046903e-04,
4.719450795e-06,-1.223237285e-05,-4.563879738e-06,-1.912193082e-04,-7.625399942e-04,-1.737809043e-03,-2.172990425e-03,-1.398210820e-03,-3.690399906e-04,
1.588479585e-01
l,3.5,-0.5
1.511,2.431,3.371,
1.099260488e-06,6.767054938e+00
1.090543010e-04,-8.407133869e-05,-1.547395851e-04,1.185040699e-03,2.923817067e-03,3.350468508e-03,2.912904157e-03,1.940922133e-03,6.145851084e-04,
1.573001889e-05,-4.085436108e-05,-1.914687273e-05,-6.711160810e-04,-2.682964091e-03,-6.096127477e-03,-7.600143656e-03,-4.867323501e-03,-1.276427853e-03,
1.588480334e-01
l,3.5,0.5
1.571,2.511,3.451,
2.786681201e-06,6.707795688e+00
3.493087133e-04,-2.789325371e-04,-4.998595806e-04,3.586489275e-03,8.236572913e-03,7.983549750e-03,5.653239924e-03,3.605048652e-03,1.202464316e-03,
4.975068433e-05,-1.295468912e-04,-4.921133281e-05,-2.030068875e-03,-8.081116080e-03,-1.836362797e-02,-2.288908096e-02,-1.464796203e-02,-3.840554968e-03,
1.588480176e-01
l,3.5,1.5
1.611,2.571,3.531,
6.568714411e-06,6.911810059e+00
1.154753030e-03,-8.419585935e-04,-1.876988089e-03,1.192188179e-02,3.183957381e-02,3.612182783e-02,2.520258175e-02,1.183978594e-02,2.871221096e-03,
1.573233336e-04,-4.106041941e-04,-1.509544019e-04,-6.305356949e-03,-2.454015534e-02,-5.451574193e-02,-6.594929661e-02,-4.074646814e-02,-1.031379327e-02,
1.589260787e-01
l,3.5,2.5
1.671,2.591,3.531,
2.062891734e-05,6.592211077e+00
3.943123855e-03,-2.199981641e-03,-6.570867456e-03,3.977739089e-02,1.092739901e-01,1.273957326e-01,9.963747340e-02,5.819746276e-02,1.735703602e-02,
6.118790722e-04,-1.595531257e-03,-5.962784210e-04,-2.488118479e-02,-9.965161334e-02,-2.265759490e-01,-2.839209209e-01,-1.819778332e-01,-4.745941851e-02,
1.588412773e-01
l,3.5,3.5
1.711,2.631,3.551,
5.821230004e-05,6.639921984e+00
1.387433987e-02,-6.209830686e-03,-2.671022685e-02,1.639715106e-01,5.719031981e-01,8.388550097e-01,7.125359750e-01,3.538705456e-01,8.044231033e-02,
2.257677307e-03,-5.871709040e-03,-2.938391825e-03,-9.790962447e-02,-3.966932194e-01,-9.094614059e-01,-1.145251952e+00,-7.358784812e-01,-1.925851714e-01,
1.590203757e-01
l,4.5,-4.5
1.751,2.671,3.611,
1.679753491e-10,9.894716137e+00
2.674831023e-07,-2.393965615e-07,-3.379647854e-07,2.863928510e-06,6.602093689e-06,7.866240153e-06,8.027581421e-06,6.003209389e-06,1.962986367e-06,
3.656450717e-08,-9.569018339e-08,-4.305755160e-08,-1.569974965e-06,-6.252919854e-06,-1.421896264e-05,-1.770796068e-05,-1.134213875e-05,-2.981303023e-06,
1.588166214e-01
l,4.5,-3.5
1.831,2.751,3.691,
4.383691913e-10,9.463631533e+00
8.262164783e-07,-6.772845505e-07,-1.107989520e-06,8.754104915e-06,2.116858583e-05,2.591714681e-05,2.616426065e-05,1.917060252e-05,6.206581922e-06,
1.154972612e-07,-3.029522799e-07,-1.371566913e-07,-5.009941093e-06,-2.000409031e-05,-4.554013167e-05,-5.686418128e-05,-3.645636978e-05,-9.564485074e-06,
1.588477637e-01
l,4.5,-2.5
1.891,2.831,3.771,
8.251954517e-10,9.660645908e+00
2.573809979e-06,-1.958264421e-06,-3.827431571e-06,2.758927172e-05,6.880002864e-05,7.326905389e-05,5.159483789e-05,2.831988417e-05,8.365266267e-06,
3.645813596e-07,-9.584013074e-07,-4.108126076e-07,-1.553269039e-05,-6.184961804e-05,-1.403580889e-04,-1.746802742e-04,-1.115536088e-04,-2.917404690e-05,
1.588478206e-01
l,4.5,-1.5
1.971,2.911,3.871,
2.428728242e-09,9.238198981e+00
8.033979611e-06,-5.641094640e-06,-1.326109916e-05,8.069198471e-05,2.214141133e-04,2.654760658e-04,2.061806926e-04,1.103009092e-04,2.942886715e-05,
1.091275487e-06,-2.876186635e-06,-9.731089910e-07,-4.388371214e-05,-1.706405671e-04,-3.795065132e-04,-4.600429515e-04,-2.843447992e-04,-7.183548053e-05,
1.588479397e-01
l,4.5,-0.5
2.031,2.991,3.951,
6.112981128e-09,9.118450891e+00
2.524774027e-05,-1.741065703e-05,-4.156965234e-05,2.469756559e-04,6.665582776e-04,7.646562694e-04,5.540168281e-04,2.793173400e-04,7.255204369e-05,
3.442009221e-06,-9.089792773e-06,-3.074718892e-06,-1.394456277e-04,-5.431206247e-04,-1.209751059e-03,-1.470100875e-03,-9.105755970e-04,-2.302175638e-04,
1.588790584e-01
l,4.5,0.5
2.091,3.051,4.031,
1.622371632e-08,8.995178286e+00
8.123706357e-05,-4.742870016e-05,-1.506105286e-04,7.409319000e-04,2.244284164e-03,2.837027221e-03,2.170997579e-03,1.054014887e-03,2.490302140e-04,
1.084982571e-05,-2.870678461e-05,-1.710401197e-06,-3.358074853e-04,-1.183412944e-03,-2.483408291e-03,-2.854648605e-03,-1.657067434e-03,-3.939967615e-04,
1.588790229e-01
l,4.5,1.5
2.151,3.111,4.071,
5.204655804e-08,8.677613265e+00
2.641332103e-04,-1.457626295e-04,-4.633916339e-04,2.642356793e-03,7.587581068e-03,8.456180610e-03,5.010301304e-03,1.733000635e-03,3.212176731e-04,
3.800025996e-05,-1.006302203e-04,-3.632101346e-05,-1.562498413e-03,-6.123186638e-03,-1.365213280e-02,-1.669008893e-02,-1.040450519e-02,-2.639916330e-03,
1.588461898e-01
l,4.5,2.5
2.191,3.191,4.191,
1.251097275e-07,8.825359205e+00
8.585437899e-04,-4.447044399e-04,-1.774965464e-03,6.982712725e-03,2.491318790e-02,3.603151177e-02,2.962508896e-02,1.369954083e-02,2.774140991e-03,
1.077160629e-04,-2.859733329e-04,-3.299998917e-05,-3.425153823e-03,-1.168234875e-02,-2.365656416e-02,-2.571954585e-02,-1.383112910e-02,-3.013098096e-03,
1.589504116e-01
l,4.5,3.5
2.251,3.211,4.171,
5.837269621e-07,8.126249639e+00
2.913851058e-03,-1.190495797e-03,-5.249920149e-03,2.734950353e-02,8.862345063e-02,1.205931121e-01,9.970270533e-02,5.136369376e-02,1.249717618e-02,
4.418691611e-04,-1.171958450e-03,-4.869511060e-04,-1.879954949e-02,-7.416122768e-02,-1.658441819e-01,-2.038200539e-01,-1.272879664e-01,-3.213476301e-02,
1.588469073e-01
l,4.5,4.5
2.311,3.251,4.211,
2.170242936e-06,7.855579182e+00
1.015308965e-02,-2.938295546e-03,-2.161754505e-02,1.065880526e-01,4.309181338e-01,6.993066067e-01,6.362753177e-01,3.234695948e-01,7.198807538e-02,
1.546008651e-03,-4.096611015e-03,-1.869373684e-03,-6.596107861e-02,-2.573518913e-01,-5.673520854e-01,-6.819508912e-01,-4.140956826e-01,-1.016818579e-01,
1.589582238e-01
l,5.5,-5.5
2.231,3.151,4.091,
8.490938853e-14,1.317266834e+01
1.979437059e-08,-1.763145994e-08,-2.586894884e-08,1.986994967e-07,4.521792488e-07,5.260084654e-07,5.334372236e-07,4.034698571e-07,1.330424999e-07,
2.652234168e-09,-7.027138192e-09,-2.531809991e-09,-1.115632481e-07,-4.424378375e-07,-1.007541220e-06,-1.256132605e-06,-8.033986875e-07,-2.104974575e-07,
1.588475478e-01
l,5.5,-4.5
2.311,3.231,4.151,
2.348245222e-13,1.274195722e+01
6.091627114e-08,-4.908197627e-08,-8.355021701e-08,6.812477360e-07,1.696290916e-06,1.910893806e-06,1.505674402e-06,9.009282323e-07,2.710353767e-07,
8.808407004e-09,-2.336914136e-08,-1.118590404e-08,-3.965609195e-07,-1.607490224e-06,-3.716330887e-06,-4.728510745e-06,-3.095163512e-06,-8.299809313e-07,
1.588166040e-01
l,5.5,-3.5
2.371,3.311,4.271,
2.844974727e-13,1.333066787e+01
1.874380047e-07,-1.320626827e-07,-3.165471675e-07,1.880716270e-06,5.313152217e-06,6.484241284e-06,4.882191157e-06,2.399747033e-06,5.860215161e-07,
2.495061583e-08,-6.636410218e-08,-2.121456195e-08,-1.008157891e-06,-3.904227622e-06,-8.665713098e-06,-1.046649658e-05,-6.436867473e-06,-1.618548510e-06,
1.588787353e-01
l,5.5,-2.5
2.451,3.391,4.351,
1.188437053e-12,1.253399143e+01
5.770430107e-07,-3.709586035e-07,-9.800655393e-07,5.531824306e-06,1.611294556e-05,2.079476857e-05,1.724180555e-05,9.343785513e-06,2.412980291e-06,
7.851751498e-08,-2.091803144e-07,-7.583508310e-08,-3.282285997e-06,-1.278065307e-05,-2.846535288e-05,-3.456487592e-05,-2.133083217e-05,-5.356462898e-06,
1.588478206e-01
l,5.5,-1.5
2.511,3.471,4.431,
2.784201839e-12,1.245700961e+01
1.796896981e-06,-1.099964989e-06,-3.166426145e-06,1.750275814e-05,5.141820732e-05,6.205438606e-05,4.322952632e-05,1.863404312e-05,4.029588767e-06,
2.470524670e-07,-6.592031372e-07,-2.168961938e-07,-1.010794782e-05,-3.929031637e-05,-8.734792400e-05,-1.059775740e-04,-6.537855135e-05,-1.642629484e-05,
1.588479397e-01
l,5.5,-0.5
2.591,3.551,4.511,
1.443295311e-11,1.158939925e+01
5.621891887e-06,-3.226177999e-06,-9.928983895e-06,5.633775381e-05,1.804655248e-04,2.494238859e-04,2.054133923e-04,1.012884983e-04,2.299586978e-05,
7.773922388e-07,-2.077403554e-06,-8.799118396e-07,-3.363676422e-05,-1.311657350e-04,-2.912770682e-04,-3.526185158e-04,-2.168060081e-04,-5.419565174e-05,
1.589101077e-01
l,5.5,0.5
2.651,3.611,4.591,
4.655095786e-11,1.128111129e+01
1.794339005e-05,-8.443403267e-06,-3.542904468e-05,1.628549067e-04,5.641041565e-04,7.981658830e-04,6.496732245e-04,3.080408610e-04,6.666454747e-05,
2.443987791e-06,-6.540425035e-06,-6.128824183e-07,-7.872074696e-05,-2.776041248e-04,-5.804011785e-04,-6.649213224e-04,-3.827350408e-04,-8.961720410e-05,
1.588790229e-01
l,5.5,1.5
2.711,3.691,4.691,
1.382707062e-10,1.110089414e+01
5.682633855e-05,-2.578505393e-05,-1.207697339e-04,3.799963941e-04,1.406426033e-03,2.080737201e-03,1.811356172e-03,9.171479538e-04,2.064413894e-04,
7.283727069e-06,-1.952587379e-05,-1.757394318e-06,-2.331540546e-04,-7.994065404e-04,-1.630318832e-03,-1.791357692e-03,-9.680338635e-04,-2.089683858e-04,
1.589249501e-01
l,5.5,2.5
2.771,3.711,4.671,
9.734802311e-10,1.011228169e+01
1.908874983e-04,-5.130868980e-05,-3.752833240e-04,2.303221304e-03,9.048178418e-03,1.440189806e-02,1.264964604e-02,6.135627362e-03,1.299440013e-03,
2.989957833e-05,-8.012345269e-05,-4.292955423e-05,-1.332348611e-03,-5.236732464e-03,-1.154174596e-02,-1.397831146e-02,-8.630956178e-03,-2.165605736e-03,
1.587739403e-01
l,5.5,3.5
2.811,3.811,4.831,
1.703177235e-09,1.055651781e+01
6.086857757e-04,-2.080931680e-04,-1.409973057e-03,3.871406624e-03,1.701906307e-02,2.758294106e-02,2.465851147e-02,1.205747782e-02,2.520699088e-03,
7.588055215e-05,-2.038662362e-04,-1.075683530e-05,-2.330611520e-03,-7.727956684e-03,-1.520943216e-02,-1.587520180e-02,-7.951831067e-03,-1.554003179e-03,
1.589566824e-01
l,5.5,4.5
2.871,3.851,4.851,
8.497024151e-09,9.965729955e+00
2.033696976e-03,-6.862945501e-04,-4.374800665e-03,1.144229635e-02,3.912973337e-02,4.594173693e-02,2.885945783e-02,1.069062786e-02,2.031184662e-03,
2.797894587e-04,-7.517275933e-04,6.142036087e-07,-8.576394874e-03,-2.994459366e-02,-6.244618424e-02,-7.150769960e-02,-4.065243841e-02,-9.221158376e-03,
1.588474475e-01
l,5.5,5.5
2.911,3.891,4.871,
4.146981415e-08,9.497030864e+00
7.066261023e-03,-1.793610057e-03,-1.601856617e-02,5.817561992e-02,2.346829151e-01,3.436582715e-01,2.643351560e-01,1.073092553e-01,1.827506280e-02,
1.032130587e-03,-2.771064647e-03,-3.251792940e-04,-3.345380091e-02,-1.182449553e-01,-2.458291959e-01,-2.808547664e-01,-1.603047544e-01,-3.687512921e-02,
1.589272632e-01
l,6.5,-6.5
2.711,3.631,4.551,
2.903532524e-18,1.822887409e+01
1.434932950e-09,-1.262093043e-09,-1.926225882e-09,1.503578348e-08,3.353936562e-08,3.160834629e-08,2.136530896e-08,1.356717627e-08,4.655470356e-09,
2.000811780e-10,-5.350618078e-10,-1.910476418e-10,-8.573871309e-09,-3.452783382e-08,-7.989395251e-08,-1.016643911e-07,-6.654478199e-08,-1.786815133e-08,
1.588164225e-01
l,6.5,-5.5
2.791,3.711,4.651,
7.093354339e-18,1.791912191e+01
4.380041219e-09,-3.281982210e-09,-7.001267598e-09,4.654393479e-08,1.315394223e-07,1.673249378e-07,1.350839842e-07,7.121794714e-08,1.817103637e-08,
5.963546380e-10,-1.597603061e-09,-5.840501799e-10,-2.528007534e-08,-9.960467323e-08,-2.250143445e-07,-2.776130163e-07,-1.749702891e-07,-4.514565453e-08,
1.588475478e-01
l,6.5,-4.5
2.871,3.811,4.751,
3.086592979e-17,1.709306607e+01
1.311358044e-08,-1.001057248e-08,-1.991655746e-08,1.316568537e-07,3.670618272e-07,4.969286609e-07,4.661900321e-07,2.861586709e-07,7.969831257e-08,
1.776650584e-09,-4.767594772e-09,-1.799696731e-09,-7.688144178e-08,-3.038030451e-07,-6.890736239e-07,-8.539787022e-07,-5.398423756e-07,-1.392335844e-07,
1.588786314e-01
l,6.5,-3.5
2.951,3.891,4.831,
1.771222612e-16,1.609787569e+01
4.030411915e-08,-2.867271927e-08,-6.469479730e-08,4.079760106e-07,1.120896311e-06,1.337193255e-06,1.014459329e-06,5.311683292e-07,1.412768339e-07,
5.580586057e-09,-1.499480600e-08,-4.983116096e-09,-2.349473279e-07,-9.283908017e-07,-2.104976214e-06,-2.614828855e-06,-1.658442965e-06,-4.293100005e-07,
1.588477104e-01
l,6.5,-2.5
3.011,3.951,4.911,
2.320756594e-16,1.651650562e+01
1.259829929e-07,-6.452906454e-08,-2.337632373e-07,1.287251809e-06,4.526082412e-06,6.921347439e-06,6.270237319e-06,3.313068521e-06,7.816599783e-07,
1.753105808e-08,-4.716434779e-08,-2.053116298e-08,-7.684164052e-07,-2.990120279e-06,-6.619791013e-06,-7.981789059e-06,-4.876511575e-06,-1.209240104e-06,
1.588788456e-01
l,6.5,-1.5
3.091,4.051,5.011,
2.018933808e-15,1.525803421e+01
3.841348075e-07,-2.229358930e-07,-6.795862497e-07,3.675487399e-06,1.213141563e-05,1.790806591e-05,1.627156436e-05,8.868750884e-06,2.171297559e-06,
5.217000345e-08,-1.405665636e-07,-5.542816917e-08,-2.262037942e-06,-8.797443917e-06,-1.955098622e-05,-2.365231101e-05,-1.449124733e-05,-3.601168081e-06,
1.589099764e-01
l,6.5,-0.5
3.151,4.111,5.091,
5.600050953e-15,1.507667745e+01
1.211937956e-06,-5.570740185e-07,-2.413029272e-06,1.039380770e-05,3.673918775e-05,5.331897837e-05,4.506695602e-05,2.229638434e-05,4.996983257e-06,
1.637288860e-07,-4.416635611e-07,-3.476097646e-08,-5.327636293e-06,-1.877493928e-05,-3.933794480e-05,-4.515585291e-05,-2.595821954e-05,-6.042306082e-06,
1.588790584e-01
l,6.5,0.5
3.211,4.191,5.171,
1.980515741e-14,1.471789150e+01
3.799674005e-06,-1.720282843e-06,-7.805931525e-06,2.794464315e-05,9.482151280e-05,1.221051763e-04,8.595712487e-05,3.414311359e-05,6.216163182e-06,
5.138149690e-07,-1.387592016e-06,-1.323346491e-07,-1.698015415e-05,-5.995038614e-05,-1.257810260e-04,-1.445285735e-04,-8.304429993e-05,-1.926690646e-05,
1.588790130e-01
l,6.5,1.5
3.271,4.231,5.211,
1.693801525e-13,1.366559142e+01
1.234365027e-05,-3.179725237e-06,-2.600982971e-05,1.233391627e-04,5.181439410e-04,8.592955405e-04,7.835285328e-04,3.908884501e-04,8.387667717e-05,
1.795739165e-06,-4.852172511e-06,-8.303229603e-07,-6.074497160e-05,-2.152926700e-04,-4.462109764e-04,-5.092510587e-04,-2.919314103e-04,-6.777407329e-05,
1.588450720e-01
l,6.5,2.5
3.331,4.351,5.391,
5.316600612e-13,1.345850398e+01
3.771701085e-05,-1.764805810e-05,-8.253011007e-05,1.202053940e-04,4.567870197e-04,6.892236015e-04,7.258359426e-04,4.656682413e-04,1.258568586e-04,
4.299299326e-06,-1.164442285e-05,6.617271554e-07,-1.284444082e-04,-4.219559088e-04,-8.414510274e-04,-8.857947694e-04,-4.425676904e-04,-8.446174141e-05,
1.589108748e-01
l,6.5,3.5
3.391,4.371,5.351,
4.612720509e-12,1.249790878e+01
1.284980972e-04,-3.793446994e-05,-2.722227232e-04,1.167372935e-03,4.392531585e-03,6.072323245e-03,4.261855963e-03,1.484360045e-03,1.936180529e-04,
1.865119535e-05,-5.048899199e-05,-6.231413228e-06,-6.155527111e-04,-2.188020556e-03,-4.567144320e-03,-5.280653345e-03,-3.084428600e-03,-7.323095428e-04,
1.588454172e-01
l,6.5,4.5
3.431,4.451,5.471,
1.456623491e-11,1.239714105e+01
4.168396117e-04,-1.153432914e-04,-1.003586384e-03,2.606724501e-03,1.244120536e-02,2.084030903e-02,1.876348003e-02,9.074171688e-03,1.855858270e-03,
5.250243026e-05,-1.423340275e-04,-1.993704399e-06,-1.578646658e-03,-5.188528651e-03,-1.012119578e-02,-1.044311087e-02,-5.118206809e-03,-9.652986604e-04,
1.589262795e-01
l,6.5,5.5
3.491,4.491,5.511,
8.280453545e-11,1.180298153e+01
1.378798042e-03,-3.222445768e-04,-3.151177200e-03,5.634612278e-03,2.502691850e-02,3.698256710e-02,3.116331553e-02,1.527900013e-02,3.368151140e-03,
1.834071524e-04,-4.973807888e-04,-2.575741608e-05,-5.905367497e-03,-2.028915196e-02,-4.153033531e-02,-4.616857497e-02,-2.505857293e-02,-5.320904437e-03,
1.589096222e-01
l,6.5,6.5
3.531,4.531,5.531,
6.126917166e-10,1.106864535e+01
4.765554797e-03,-9.731798515e-04,-1.087477961e-02,3.205487270e-02,1.324390499e-01,1.886839450e-01,1.393053384e-01,5.381450807e-02,8.655750253e-03,
6.761879514e-04,-1.833098195e-03,-7.220467639e-05,-2.117130541e-02,-7.363523504e-02,-1.516503774e-01,-1.717356779e-01,-9.654793239e-02,-2.167022890e-02,
1.589100660e-01
l,7.5,-7.5
3.211,4.111,5.031,
5.081336503e-23,2.273140615e+01
1.020031004e-10,-8.326242916e-11,-1.490236505e-10,1.160069637e-09,3.241687533e-09,4.377260880e-09,4.028930589e-09,2.474395112e-09,7.117180979e-10,
1.416132136e-11,-3.816742176e-11,-1.568248501e-11,-6.292396845e-10,-2.524945180e-09,-5.811843486e-09,-7.334054069e-09,-4.747050593e-09,-1.260069350e-09,
1.588473257e-01
l,7.5,-6.5
3.291,4.211,5.151,
7.970169073e-23,2.277739854e+01
3.027403883e-10,-2.440813460e-10,-4.605264083e-10,2.986404994e-09,8.247215492e-09,1.136178476e-08,1.111277961e-08,7.128893731e-09,2.055667957e-09,
3.990830682e-11,-1.077451835e-10,-3.311587442e-11,-1.676490807e-09,-6.581835774e-09,-1.491015064e-08,-1.841882205e-08,-1.159308552e-08,-2.980432741e-09,
1.588784516e-01
l,7.5,-5.5
3.371,4.291,5.231,
3.802129245e-22,2.194519451e+01
9.213240726e-10,-6.791578407e-10,-1.475167308e-09,9.100858769e-09,2.431726482e-08,2.842357490e-08,2.186429155e-08,1.216527542e-08,3.460268723e-09,
1.251936501e-10,-3.383718301e-10,-9.706140616e-11,-5.206008516e-09,-2.051423248e-08,-4.656109689e-08,-5.787457562e-08,-3.670468686e-08,-9.500746394e-09,
1.588475478e-01
l,7.5,-4.5
3.451,4.371,5.311,
1.764807480e-21,2.120045928e+01
2.817881040e-09,-1.768548333e-09,-4.866490769e-09,3.047309399e-08,9.931447837e-08,1.445000801e-07,1.269928402e-07,6.693990836e-08,1.613304543e-08,
3.927978271e-10,-1.062780141e-09,-4.369522847e-10,-1.734452975e-08,-6.844544714e-08,-1.543199173e-07,-1.901443173e-07,-1.193066609e-07,-3.052009570e-08,
1.588785968e-01
l,7.5,-3.5
3.531,4.471,5.431,
9.435040598e-21,2.038295212e+01
8.470594004e-09,-5.556100706e-09,-1.501744748e-08,7.726555878e-08,2.421427234e-07,3.391781479e-07,2.953425371e-07,1.574804245e-07,3.836513751e-08,
1.105590668e-09,-2.995959854e-09,-8.365161587e-10,-4.532556442e-08,-1.744842443e-07,-3.868583829e-07,-4.653911030e-07,-2.829728388e-07,-6.990429392e-08,
1.589097489e-01
l,7.5,-2.5
3.591,4.551,5.511,
1.490079322e-20,2.057156191e+01
2.604591032e-08,-1.626915309e-08,-4.634012852e-08,2.335767778e-07,6.946860416e-07,8.604665428e-07,6.301542610e-07,2.886497728e-07,6.494337643e-08,
3.465539222e-09,-9.400275980e-09,-2.409447951e-09,-1.409232939e-07,-5.446413387e-07,-1.212447587e-06,-1.470845453e-06,-9.035587236e-07,-2.253593124e-07,
1.588788456e-01
l,7.5,-1.5
3.671,4.631,5.591,
2.327620443e-19,1.902527129e+01
8.076033708e-08,-4.637921708e-08,-1.503883933e-07,7.647901156e-07,2.528929183e-06,3.495560497e-06,2.774486050e-06,1.277153092e-06,2.676857229e-07,
1.086276492e-08,-2.949345617e-08,-8.204202490e-09,-4.437670613e-07,-1.710683462e-06,-3.786709870e-06,-4.560819062e-06,-2.778489834e-06,-6.875080016e-07,
1.588789084e-01
l,7.5,-0.5
3.731,4.691,5.671,
8.153104394e-19,1.866962921e+01
2.531529901e-07,-1.079651314e-07,-5.168023239e-07,2.051817823e-06,7.755335239e-06,1.198506480e-05,1.070941465e-05,5.480621339e-06,1.239684954e-06,
3.404913731e-08,-9.253260522e-08,-9.737206964e-09,-1.142323787e-06,-4.019798170e-06,-8.399467458e-06,-9.585920813e-06,-5.447871272e-06,-1.245838362e-06,
1.589101077e-01
l,7.5,0.5
3.791,4.771,5.751,
3.177793614e-18,1.827076736e+01
7.929809271e-07,-3.326482074e-07,-1.676260005e-06,5.935312482e-06,2.216713457e-05,3.186302742e-05,2.528696873e-05,1.117208476e-05,2.174876310e-06,
1.066841713e-07,-2.901886675e-07,-2.751816555e-08,-3.547489537e-06,-1.245004471e-05,-2.593947950e-05,-2.949615904e-05,-1.668906227e-05,-3.800696397e-06,
1.589100622e-01
l,7.5,1.5
3.851,4.851,5.871,
2.183688384e-17,1.746236144e+01
2.470930895e-06,-1.080499063e-06,-5.410127568e-06,1.045129588e-05,3.569134781e-05,4.272662338e-05,3.176015611e-05,1.611914736e-05,4.071277797e-06,
2.997384984e-07,-8.163755228e-07,3.128258564e-08,-9.179770103e-06,-3.094960624e-05,-6.312304084e-05,-6.916801935e-05,-3.677980530e-05,-7.665881686e-06,
1.589234962e-01
l,7.5,2.5
3.911,4.891,5.871,
7.937534006e-16,1.553623487e+01
8.220640666e-06,-1.429442720e-06,-1.976497682e-05,7.983931008e-05,4.092132932e-04,7.775830191e-04,7.881161897e-04,4.243432104e-04,9.571773304e-05,
1.167085889e-06,-3.178702157e-06,-8.760209607e-07,-4.087099497e-05,-1.407419096e-04,-2.799464486e-04,-2.981141075e-04,-1.545995275e-04,-3.179609693e-05,
1.588884282e-01
l,7.5,3.5
3.971,4.991,6.011,
1.267636244e-15,1.584032761e+01
2.527805918e-05,-9.670932755e-06,-5.658899745e-05,9.201259459e-05,3.905994305e-04,5.977045523e-04,5.603469598e-04,3.102712784e-04,7.488938766e-05,
3.104075601e-06,-8.466628343e-06,-1.712031262e-07,-9.922317571e-05,-3.351943231e-04,-6.804143531e-04,-7.389956950e-04,-3.862883732e-04,-7.807929102e-05,
1.589234114e-01
l,7.5,4.5
4.011,5.011,6.011,
1.109070467e-14,1.499362108e+01
8.493276255e-05,-1.816484418e-05,-1.824525819e-04,6.067684574e-04,2.374105967e-03,3.263652575e-03,2.288909469e-03,8.169656633e-04,1.160261247e-04,
1.208298688e-05,-3.295703826e-05,-2.585107469e-06,-3.962963109e-04,-1.393206782e-03,-2.894137751e-03,-3.331855407e-03,-1.922087870e-03,-4.449818988e-04,
1.588464235e-01
l,7.5,5.5
4.051,5.071,6.091,
8.706997638e-14,1.426668138e+01
2.801464871e-04,-2.573153111e-05,-6.986932961e-04,1.542226542e-03,8.722030432e-03,1.584886885e-02,1.519026372e-02,7.741520759e-03,1.656603804e-03,
3.784715042e-05,-1.033100692e-04,-1.547024721e-05,-1.256286582e-03,-4.221911579e-03,-8.301198056e-03,-8.737686793e-03,-4.413252175e-03,-8.575944910e-04,
1.589262450e-01
l,7.5,6.5
4.111,5.151,6.191,
3.108191125e-13,1.408278053e+01
9.135804139e-04,-2.128185729e-04,-2.246141367e-03,2.780090970e-03,1.551953322e-02,2.496637363e-02,2.185173461e-02,1.052454113e-02,2.176906307e-03,
1.121625861e-04,-3.064394942e-04,1.837421837e-05,-3.318299963e-03,-1.085576881e-02,-2.134392947e-02,-2.220993218e-02,-1.084889381e-02,-1.981619544e-03,
1.589267558e-01
l,7.5,7.5
4.151,5.171,6.191,
4.581159602e-12,1.293574870e+01
3.137487918e-03,-4.165840363e-04,-7.234407530e-03,1.489553529e-02,6.663104098e-02,9.393000654e-02,6.853648097e-02,2.658903485e-02,4.410583244e-03,
4.365464493e-04,-1.192272237e-03,-8.376042599e-07,-1.358290849e-02,-4.680206779e-02,-9.607417287e-02,-1.083984799e-01,-6.021791673e-02,-1.317733317e-02,
1.588788936e-01
l,8.5,-8.5
3.711,4.611,5.531,
0.000000000e+00,0.000000000e+00
6.973090941e-12,-6.001784138e-12,-9.729154734e-12,7.408108642e-11,2.072432981e-10,3.071418420e-10,3.235538411e-10,2.148343635e-10,6.235126505e-11,
9.407340892e-13,-2.552358708e-12,-9.617735271e-13,-4.190042454e-11,-1.676891137e-10,-3.868994449e-10,-4.884399752e-10,-3.153446079e-10,-8.328220051e-11,
1.588783292e-01
l,8.5,-7.5
3.791,4.691,5.611,
0.000000000e+00,0.000000000e+00
2.106675945e-11,-1.638331259e-11,-3.060118303e-11,2.255449909e-10,6.229069172e-10,8.618916610e-10,8.615880949e-10,5.774506601e-10,1.746550580e-10,
2.948010653e-12,-8.006013268e-12,-3.113845925e-12,-1.327446888e-10,-5.346313741e-10,-1.237248952e-09,-1.574350261e-09,-1.025747255e-09,-2.728156845e-10,
1.588473257e-01
l,8.5,-6.5
3.871,4.791,5.711,
0.000000000e+00,0.000000000e+00
6.305943268e-11,-4.896814822e-11,-9.933691133e-11,6.818580563e-10,1.909397999e-09,2.342182958e-09,1.739100959e-09,8.350417819e-10,2.020188953e-10,
8.749329942e-12,-2.378815803e-11,-7.730163665e-12,-3.757263192e-10,-1.500173129e-09,-3.448277477e-09,-4.345873885e-09,-2.803053736e-09,-7.406584782e-10,
1.588473610e-01
l,8.5,-5.5
3.951,4.871,5.811,
0.000000000e+00,0.000000000e+00
1.907490971e-10,-1.247046472e-10,-3.215847134e-10,1.938618712e-09,6.453943172e-09,1.025907654e-08,1.032570750e-08,6.201650510e-09,1.639885385e-09,
2.596912239e-11,-7.068452570e-11,-2.991603783e-11,-1.174474583e-09,-4.629045038e-09,-1.045286703e-08,-1.286699782e-08,-8.037915144e-09,-2.040562361e-09,
1.589095544e-01
l,8.5,-4.5
4.031,4.971,5.911,
0.000000000e+00,0.000000000e+00
5.718681084e-10,-4.088539411e-10,-9.183748136e-10,5.499623878e-09,1.579128988e-08,2.107869294e-08,1.883740640e-08,1.111096052e-08,3.053934683e-09,
7.702667100e-11,-2.098806865e-10,-6.582702461e-11,-3.314529762e-09,-1.306472931e-08,-2.967333546e-08,-3.686532992e-08,-2.330214212e-08,-5.992797599e-09,
1.589095593e-01
l,8.5,-3.5
4.111,5.031,5.971,
1.414500134e-25,2.491432022e+01
1.780126047e-09,-9.373140600e-10,-3.191478381e-09,1.899607482e-08,6.716077436e-08,1.047273140e-07,9.702562996e-08,5.262925308e-08,1.279752280e-08,
2.546269024e-10,-6.942350017e-10,-3.141172555e-10,-1.164231824e-08,-4.608894144e-08,-1.039629251e-07,-1.283981132e-07,-8.059748084e-08,-2.054246580e-08,
1.588476393e-01
l,8.5,-2.5
4.191,5.131,6.091,
2.080137760e-24,2.351044953e+01
5.385868196e-09,-3.046124529e-09,-1.008396403e-08,4.946156679e-08,1.750534990e-07,2.730069867e-07,2.552750906e-07,1.392136622e-07,3.361512149e-08,
7.150771373e-10,-1.952002457e-09,-6.166680094e-10,-3.019675651e-08,-1.163054222e-07,-2.572127432e-07,-3.085500300e-07,-1.865137739e-07,-4.564381329e-08,
1.589097852e-01
l,8.5,-1.5
4.251,5.211,6.171,
4.149019805e-24,2.353481003e+01
1.658644955e-08,-9.005353252e-09,-3.016042736e-08,1.480789453e-07,5.024650064e-07,7.465973644e-07,6.733816782e-07,3.622290814e-07,8.765198471e-08,
2.238363018e-09,-6.115000096e-09,-2.153641048e-09,-9.742272745e-08,-3.782654379e-07,-8.420774672e-07,-1.021147352e-06,-6.253311316e-07,-1.547733724e-07,
1.589099201e-01
l,8.5,-0.5
4.311,5.271,6.251,
1.085772430e-23,2.340212023e+01
5.210729981e-08,-2.130513434e-08,-1.079689807e-07,4.187123636e-07,1.616621223e-06,2.524959064e-06,2.268597540e-06,1.166490203e-06,2.655896979e-07,
7.004069294e-09,-1.914899303e-08,-1.116062315e-09,-2.301739678e-07,-8.072393260e-07,-1.686441562e-06,-1.926543862e-06,-1.094442444e-06,-2.498531152e-07,
1.588790584e-01
l,8.5,0.5
4.391,5.351,6.331,
9.307301063e-22,2.092652937e+01
1.623884032e-07,-6.584799818e-08,-3.323831593e-07,1.265513974e-06,4.814232851e-06,7.392902432e-06,6.566244782e-06,3.366270779e-06,7.696410696e-07,
2.191711731e-08,-5.996528827e-08,-4.391554722e-09,-7.318963283e-07,-2.579335297e-06,-5.413373577e-06,-6.226269030e-06,-3.566878718e-06,-8.205595589e-07,
1.588790130e-01
l,8.5,1.5
4.431,5.411,6.391,
6.700542517e-22,2.173525123e+01
5.188655905e-07,-1.305276591e-07,-1.204808258e-06,4.114059784e-06,1.970979616e-05,3.501306531e-05,3.353834353e-05,1.724075216e-05,3.743396008e-06,
7.242926215e-08,-1.982740385e-07,-2.969336450e-08,-2.441756106e-06,-8.459886644e-06,-1.716703561e-05,-1.882726663e-05,-1.011292934e-05,-2.154921996e-06,
1.588743584e-01
l,8.5,2.5
4.511,5.491,6.491,
7.151113372e-20,1.916652697e+01
1.603572969e-06,-7.100991157e-07,-2.920404095e-06,7.514825817e-06,8.978490786e-06,-2.296859021e-05,-4.928205322e-05,-3.387897824e-05,-8.195138534e-06,
2.143443401e-07,-5.872810834e-07,5.301413629e-08,-6.777909720e-06,-2.431424587e-05,-5.305355126e-05,-6.492396295e-05,-4.002938450e-05,-9.873703254e-06,
1.587580827e-01
l,8.5,3.5
4.551,5.531,6.531,
4.370311595e-19,1.863448546e+01
5.311987024e-06,-4.708643231e-07,-1.309101706e-05,3.689610550e-05,2.049249190e-04,3.881825023e-04,3.893578611e-04,2.076359948e-04,4.647780394e-05,
7.486509246e-07,-2.051930549e-06,-3.790057602e-07,-2.536699164e-05,-8.642287152e-05,-1.711100580e-04,-1.820997437e-04,-9.367218649e-05,-1.873620961e-05,
1.588736647e-01
l,8.5,4.5
4.611,5.631,6.671,
1.002729226e-18,1.869038084e+01
1.663516014e-05,-4.421826818e-06,-4.124491283e-05,4.527332138e-05,2.724694504e-04,4.657334438e-04,4.383894822e-04,2.267160912e-04,4.982065187e-05,
1.987081658e-06,-5.452646524e-06,2.085412276e-07,-5.979194244e-05,-1.938719268e-04,-3.771461262e-04,-3.838555178e-04,-1.803215201e-04,-3.079885756e-05,
1.589559756e-01
l,8.5,5.5
4.651,5.671,6.691,
1.503824197e-17,1.756247693e+01
5.488844181e-05,-1.285105575e-05,-1.205645371e-04,2.701923252e-04,1.032450633e-03,1.238884413e-03,7.052640597e-04,1.788829778e-04,1.164091206e-05,
7.320385045e-06,-2.009065837e-05,5.262337518e-07,-2.290373044e-04,-7.897306770e-04,-1.634431805e-03,-1.861625982e-03,-1.048236856e-03,-2.337236089e-04,
1.588463268e-01
l,8.5,6.5
4.691,5.711,6.731,
3.634224099e-16,1.618626474e+01
1.837191958e-04,-7.214050032e-06,-4.515092607e-04,1.028053734e-03,5.798532614e-03,1.044593773e-02,9.882568148e-03,4.967611294e-03,1.049613402e-03,
2.554963790e-05,-7.014193303e-05,-9.095030579e-06,-8.460976548e-04,-2.866643100e-03,-5.684573516e-03,-6.102779018e-03,-3.180220400e-03,-6.447551034e-04,
1.588778667e-01
l,8.5,7.5
4.731,5.771,6.831,
5.139288486e-16,1.662945219e+01
6.017602864e-04,-1.056232454e-05,-1.634415462e-03,4.736672835e-04,8.380491021e-03,1.595083306e-02,1.513017757e-02,7.524518797e-03,1.559175689e-03,
7.562698728e-05,-2.077747464e-04,-2.735138263e-06,-2.328864047e-03,-7.523120079e-03,-1.441440247e-02,-1.446138305e-02,-6.620938021e-03,-1.065597103e-03,
1.589267035e-01
l,8.5,8.5
4.791,5.831,6.871,
1.822824958e-14,1.501284616e+01
2.025698079e-03,-2.939219511e-04,-4.808367422e-03,5.734685305e-03,2.960053214e-02,4.090605766e-02,2.953929537e-02,1.176415272e-02,2.092305812e-03,
2.637999098e-04,-7.248475236e-04,4.773850006e-05,-7.982018767e-03,-2.692324042e-02,-5.469695015e-02,-6.035537375e-02,-3.221361045e-02,-6.645769233e-03,
1.589096659e-01
