l,0.5,-0.5
0.131,0.851,1.591,
4.010281854e-02,2.162150796e+00
2.250511898e-03,-4.173942674e-03,3.331474291e-03,3.793770137e-02,1.308744205e-01,3.900974866e-01,5.692125065e-01,4.147399330e-01,1.423925997e-01,
3.237013169e-04,-1.002153287e-03,-7.112328331e-04,-2.573178602e-02,-1.309180640e-01,-3.781382850e-01,-6.053982914e-01,-5.057934821e-01,-1.729747108e-01,
1.585388485e-01
l,0.5,0.5
0.171,0.391,0.651,
5.295520640e-01,2.734470861e+00
1.732967049e-02,4.825003795e-02,2.222021820e+00,9.583310086e+01,1.784830712e+03,1.713414198e+04,8.779827955e+04,2.285639042e+05,2.380421231e+05,
1.594968166e-02,-2.582291777e-02,-1.589557527e+00,-7.566846547e+01,-1.472905717e+03,-1.384751001e+04,-6.748849586e+04,-1.647592439e+05,-1.596842421e+05,
1.591437918e-01
l,1.5,-1.5
0.331,1.051,1.791,
5.410414494e-03,3.896772234e+00
3.068181977e-04,-6.019139721e-04,4.417233803e-04,5.730618575e-03,2.003080133e-02,6.608669422e-02,9.778344713e-02,5.367290630e-02,5.647246321e-03,
4.063290825e-05,-1.288209228e-04,-7.767702623e-05,-3.238057312e-03,-1.632567077e-02,-4.722006976e-02,-7.555196732e-02,-6.312987198e-02,-2.164563575e-02,
1.583222617e-01
l,1.5,-0.5
0.391,1.031,1.691,
9.635863288e-03,3.768017159e+00
1.348374994e-03,-2.196944547e-03,1.218119007e-03,4.896281597e-02,2.253326172e-01,8.375183142e-01,1.750795446e+00,1.763082224e+00,6.825726397e-01,
2.375546496e-04,-7.446334859e-04,-9.869379196e-04,-2.937117896e-02,-1.773214150e-01,-5.866809881e-01,-1.065583642e+00,-1.002242039e+00,-3.838384176e-01,
1.588790846e-01
l,1.5,0.5
0.391,1.151,1.911,
3.937691954e-02,4.135994768e+00
4.037921783e-03,-7.846157726e-03,5.366634310e-03,8.039307463e-02,3.088952077e-01,1.106606203e+00,1.924518885e+00,1.470626006e+00,4.047483634e-01,
4.999943405e-04,-1.599874886e-03,-9.885694647e-04,-4.026747425e-02,-1.989923616e-01,-5.636455364e-01,-8.806270533e-01,-7.174893984e-01,-2.397944525e-01,
1.581684008e-01
l,1.5,1.5
0.431,0.771,1.151,
2.685668419e-01,4.526692566e+00
3.108111024e-02,3.990811476e-02,7.181944661e-01,2.180692721e+01,2.384221232e+02,1.407171618e+03,4.633355855e+03,7.951858663e+03,5.537537412e+03,
1.961316333e-02,-4.827050253e-02,-6.157773749e-01,-1.700571131e+01,-1.963082084e+02,-1.164933846e+03,-3.740687555e+03,-6.165532566e+03,-4.092954417e+03,
1.591437662e-01
l,2.5,-2.5
0.551,1.271,1.991,
2.817688726e-04,6.038725043e+00
3.790308983e-05,-7.514227176e-05,4.746474789e-05,8.798910319e-04,3.596739698e-03,1.429704532e-02,2.850232463e-02,2.565990684e-02,8.617513720e-03,
5.040627108e-06,-1.626570708e-05,-8.457111621e-06,-4.091775156e-04,-2.095197297e-03,-6.204364046e-03,-1.017989066e-02,-8.739892826e-03,-3.088949873e-03,
1.583840321e-01
l,2.5,-1.5
0.631,1.291,1.971,
3.119339773e-04,5.452167730e+00
1.429458061e-04,-2.207342755e-04,1.541903652e-05,5.089415821e-03,2.166735405e-02,7.658509782e-02,1.668707322e-01,1.796069966e-01,7.438555159e-02,
2.292601192e-05,-7.385869854e-05,-9.330400691e-05,-2.860727987e-03,-1.682873613e-02,-5.432461713e-02,-9.586824129e-02,-8.737009521e-02,-3.242644585e-02,
1.588170188e-01
l,2.5,-0.5
0.691,1.411,2.151,
5.802456591e-04,5.090814513e+00
4.305102921e-04,-7.733891258e-04,3.190074053e-05,9.112465809e-03,2.823245639e-02,1.108971159e-01,2.603939444e-01,2.770293617e-01,1.089366247e-01,
5.422623034e-05,-1.769807220e-04,-7.102163131e-05,-4.182855641e-03,-2.079953626e-02,-6.012392823e-02,-9.591601383e-02,-7.985418628e-02,-2.745265706e-02,
1.583841342e-01
l,2.5,0.5
0.731,1.411,2.111,
1.757029602e-03,5.288741369e+00
1.735726953e-03,-2.546031484e-03,-1.394288170e-03,4.180893027e-02,1.194982256e-01,3.469846533e-01,8.038794808e-01,9.205225993e-01,3.930055149e-01,
2.632354896e-04,-8.562006286e-04,-5.471483531e-04,-2.298160022e-02,-1.202665285e-01,-3.619691645e-01,-6.059944044e-01,-5.292045451e-01,-1.906264143e-01,
1.587857613e-01
l,2.5,1.5
0.731,1.491,2.271,
6.549970886e-03,5.250793230e+00
5.904075224e-03,-1.085708192e-02,1.872622255e-03,1.105397918e-01,3.386423181e-01,1.321911211e+00,2.913728699e+00,2.875978638e+00,1.046363874e+00,
6.596227972e-04,-2.164918619e-03,-8.606507107e-04,-5.002421681e-02,-2.395226244e-01,-6.650737735e-01,-1.013683880e+00,-8.041747681e-01,-2.627173668e-01,
1.581063667e-01
l,2.5,2.5
0.731,1.171,1.631,
4.341204066e-02,5.781764330e+00
4.292162880e-02,2.924540243e-02,1.979416745e-01,8.114621429e+00,6.555412956e+01,2.838209481e+02,7.080123080e+02,9.417702819e+02,5.145801286e+02,
2.036561682e-02,-5.750273133e-02,-2.846672644e-01,-6.544671695e+00,-5.744947760e+01,-2.675202403e+02,-6.927084504e+02,-9.339150801e+02,-5.115743989e+02,
1.591437621e-01
l,3.5,-3.5
0.811,1.491,2.191,
6.070100759e-06,9.415120196e+00
4.434209131e-06,-8.206207055e-06,3.736213854e-06,1.392038483e-04,5.923765900e-04,2.268078303e-03,4.869651754e-03,4.951219262e-03,1.911736850e-03,
6.190454667e-07,-2.026025522e-06,-1.242041952e-06,-5.444930159e-05,-2.847509720e-04,-8.611429312e-04,-1.447308464e-03,-1.274338309e-03,-4.632769368e-04,
1.584767790e-01
l,3.5,-2.5
0.911,1.571,2.251,
6.035211927e-06,8.422763902e+00
1.424858965e-05,-2.274662773e-05,-3.158093185e-06,4.380678524e-04,1.518250379e-03,4.797952392e-03,1.044956889e-02,1.135506704e-02,4.703018434e-03,
2.167133059e-06,-7.118970260e-06,-7.751574956e-06,-2.636571015e-04,-1.542965610e-03,-4.986744063e-03,-8.800944977e-03,-8.018126808e-03,-2.977930117e-03,
1.588169201e-01
l,3.5,-1.5
0.971,1.671,2.371,
9.455189189e-06,7.565381148e+00
4.356000863e-05,-6.940601729e-05,-3.163115133e-05,1.025884259e-03,2.696558614e-03,7.972612269e-03,1.962555110e-02,2.333965122e-02,1.020865598e-02,
6.196843958e-06,-2.049554502e-05,-1.084114982e-05,-5.356027077e-04,-2.782461586e-03,-8.382266905e-03,-1.402246246e-02,-1.224608693e-02,-4.421854089e-03,
1.586007257e-01
l,3.5,-0.5
1.031,1.731,2.431,
2.129651835e-05,6.967840565e+00
1.484382956e-04,-2.135956391e-04,-1.965062943e-04,3.312546713e-03,7.662796123e-03,1.551735352e-02,3.707027004e-02,4.733079320e-02,2.195495440e-02,
2.162790681e-05,-7.175444763e-05,-3.302453289e-05,-1.809194957e-03,-9.360726812e-03,-2.811995759e-02,-4.689624820e-02,-4.072602943e-02,-1.462439534e-02,
1.587860096e-01
l,3.5,0.5
1.051,1.791,2.551,
5.844035282e-05,7.108356782e+00
5.124678137e-04,-7.491275940e-04,-7.848669235e-04,8.973300584e-03,1.196591441e-02,3.554074992e-03,2.548667780e-02,5.345092320e-02,2.883439264e-02,
6.159516227e-05,-2.055227304e-04,-5.406683543e-05,-4.567209125e-03,-2.197999845e-02,-6.186620441e-02,-9.555225325e-02,-7.651662669e-02,-2.538478366e-02,
1.585388186e-01
l,3.5,1.5
1.071,1.811,2.551,
2.136345983e-04,6.489392332e+00
2.005940070e-03,-2.716767968e-03,-3.323794553e-03,3.848832939e-02,7.759411559e-02,8.973952113e-02,1.806354845e-01,2.445007705e-01,1.159645191e-01,
2.621788351e-04,-8.743201988e-04,-3.218340788e-04,-2.058136579e-02,-1.013425325e-01,-2.904692496e-01,-4.583628813e-01,-3.743703062e-01,-1.263113664e-01,
1.587544313e-01
l,3.5,2.5
1.071,1.831,2.611,
9.794984592e-04,5.942963361e+00
7.901009172e-03,-1.213013942e-02,-7.874644632e-03,1.361557401e-01,2.110972334e-01,3.506375897e-01,1.066136261e+00,1.430471773e+00,6.396875347e-01,
9.071610792e-04,-3.028149003e-03,-1.268624777e-03,-7.134721498e-02,-3.406994140e-01,-9.409262137e-01,-1.426392962e+00,-1.122638808e+00,-3.647924255e-01,
1.580847152e-01
l,3.5,3.5
1.071,1.571,2.091,
5.540089370e-03,6.974641993e+00
5.270617083e-02,2.479843177e-02,1.120936367e-01,6.816522251e+00,5.147846554e+01,2.014868876e+02,4.477176142e+02,5.265211817e+02,2.533360747e+02,
2.034908580e-02,-6.151438046e-02,-2.371074772e-01,-5.617644662e+00,-4.530354919e+01,-1.915547764e+02,-4.450200451e+02,-5.330800983e+02,-2.577825713e+02,
1.591437974e-01
l,4.5,-4.5
1.091,1.751,2.431,
2.840057562e-08,1.330279420e+01
4.597293071e-07,-8.403162553e-07,2.622660312e-07,1.404502024e-05,5.153624598e-05,1.862341155e-04,4.119379265e-04,4.371686550e-04,1.761903976e-04,
6.603023306e-08,-2.190808582e-07,-2.720462208e-07,-8.645501187e-06,-5.068049049e-05,-1.640477926e-04,-2.898241163e-04,-2.647146422e-04,-9.855849168e-05,
1.585695717e-01
l,4.5,-3.5
1.191,1.851,2.511,
3.318630321e-08,1.165760103e+01
1.379297032e-06,-2.252391525e-06,-1.384691838e-07,4.702747538e-05,1.866857032e-04,6.412819336e-04,1.430643264e-03,1.595830777e-03,6.850006397e-04,
2.155708208e-07,-7.180645390e-07,-8.409353594e-07,-2.806912556e-05,-1.673666674e-04,-5.527686643e-04,-1.000274144e-03,-9.360407260e-04,-3.573819150e-04,
1.588168274e-01
l,4.5,-2.5
1.271,1.951,2.631,
3.684521959e-08,1.231077245e+01
4.137591986e-06,-6.371972268e-06,-2.743316976e-06,1.282944868e-04,4.325675008e-04,1.202156256e-03,2.495244829e-03,2.719419477e-03,1.143305065e-03,
6.136683929e-07,-2.055268722e-06,-2.104593295e-06,-7.522947473e-05,-4.378580754e-04,-1.411253943e-03,-2.482402777e-03,-2.252255487e-03,-8.336603700e-04,
1.587236049e-01
l,4.5,-1.5
1.351,2.031,2.711,
1.015745374e-07,1.054860842e+01
1.315135978e-05,-1.818221526e-05,-1.298505283e-05,4.175024026e-04,1.430775811e-03,3.439372235e-03,6.324738556e-03,6.562087570e-03,2.716569989e-03,
1.996666169e-06,-6.709509563e-06,-7.988009053e-06,-2.606144925e-04,-1.521347085e-03,-4.901928542e-03,-8.620311918e-03,-7.807895122e-03,-2.881638891e-03,
1.588170188e-01
l,4.5,-0.5
1.391,2.091,2.811,
1.991631527e-07,1.083957951e+01
4.385907960e-05,-5.408835509e-05,-9.080872974e-05,9.157854129e-04,1.913992817e-03,9.170814653e-04,1.829225770e-04,1.230315646e-03,1.013054464e-03,
6.059125501e-06,-2.044012760e-05,-8.453057748e-06,-5.042668340e-04,-2.535683152e-03,-7.418033217e-03,-1.198792620e-02,-1.002510167e-02,-3.463512652e-03,
1.586928255e-01
l,4.5,0.5
1.431,2.151,2.871,
9.468835762e-07,9.204390267e+00
1.519553043e-04,-1.850075526e-04,-3.037638860e-04,3.305674189e-03,8.344909601e-03,9.896706433e-03,1.287466856e-02,1.518448276e-02,7.388354252e-03,
2.105343860e-05,-7.117658466e-05,-3.209056991e-05,-1.786987248e-03,-8.990145207e-03,-2.627285174e-02,-4.241543035e-02,-3.540693638e-02,-1.219526703e-02,
1.587857613e-01
l,4.5,1.5
1.451,2.191,2.931,
3.701358541e-06,8.752313801e+00
5.572946975e-04,-6.856209825e-04,-1.134973308e-03,1.100048237e-02,2.160405033e-02,1.164725054e-03,-2.424652187e-02,-1.672151459e-02,-1.774406588e-03,
7.295928043e-05,-2.471477435e-04,-1.092771431e-04,-6.081369543e-03,-2.995781855e-02,-8.559065884e-02,-1.347461972e-01,-1.097199577e-01,-3.690535356e-02,
1.585382033e-01
l,4.5,2.5
1.451,2.211,2.991,
1.999553508e-05,7.947132287e+00
2.211628016e-03,-2.678021008e-03,-4.784870059e-03,3.746363606e-02,8.708180893e-02,9.050350129e-02,1.128026560e-01,1.316850793e-01,6.101486759e-02,
2.534169164e-04,-8.598219496e-04,-1.938731401e-04,-1.882651085e-02,-8.774642469e-02,-2.401000930e-01,-3.570285035e-01,-2.714331891e-01,-8.500354903e-02,
1.587637662e-01
l,4.5,3.5
1.411,2.191,2.991,
1.115617845e-04,7.575399211e+00
9.625721723e-03,-1.182594525e-02,-1.967709758e-02,1.696457200e-01,2.921304534e-01,-1.168509357e-01,-5.591691551e-01,-3.948015406e-01,-7.409535449e-02,
1.072016916e-03,-3.630337718e-03,-1.425321367e-03,-8.330193405e-02,-3.862250807e-01,-1.036014871e+00,-1.515381275e+00,-1.142991127e+00,-3.565967864e-01,
1.581957405e-01
l,4.5,4.5
1.411,1.951,2.531,
6.114652516e-04,8.026880444e+00
6.045009941e-02,3.560246130e-02,-4.497148087e-02,3.883741521e+00,2.693970138e+01,9.165059818e+01,1.797313479e+02,1.909030699e+02,8.441516949e+01,
2.052262049e-02,-6.452583778e-02,-1.403078370e-01,-3.302416159e+00,-2.228803080e+01,-8.119226816e+01,-1.664411512e+02,-1.772453240e+02,-7.643701828e+01,
1.591437679e-01
l,5.5,-5.5
1.371,2.031,2.691,
1.579095879e-11,1.970304950e+01
4.436100909e-08,-8.388195596e-08,3.636642779e-08,1.582996977e-06,7.126014152e-06,2.779281193e-05,6.229416018e-05,6.760714345e-05,2.819454579e-05,
6.521636136e-09,-2.189725393e-08,-2.498990336e-08,-8.549965182e-07,-5.084564544e-06,-1.680631308e-05,-3.041091480e-05,-2.849829841e-05,-1.090176142e-05,
1.586623001e-01
l,5.5,-4.5
1.491,2.131,2.771,
3.089252963e-11,1.678670914e+01
1.306684965e-07,-2.162355267e-07,2.591762997e-08,5.124064735e-06,2.151838334e-05,7.395181035e-05,1.635357459e-04,1.835646333e-04,8.008873632e-05,
2.121343075e-08,-7.145447895e-08,-8.933003823e-08,-2.926970311e-06,-1.784535938e-05,-6.041116477e-05,-1.124658546e-04,-1.085355069e-04,-4.279123624e-05,
1.588167806e-01
l,5.5,-3.5
1.591,2.231,2.891,
3.967117400e-11,1.626650815e+01
3.852919974e-07,-5.666684603e-07,-2.648585212e-07,1.338892850e-05,4.822427774e-05,1.296617447e-04,2.568141539e-04,2.776793663e-04,1.187314466e-04,
6.015374370e-08,-2.035205390e-07,-2.518847301e-07,-8.181344293e-06,-4.874808396e-05,-1.609030380e-04,-2.908664007e-04,-2.715814858e-04,-1.034913554e-04,
1.587857648e-01
l,5.5,-2.5
1.671,2.331,3.011,
1.103351471e-10,1.480788150e+01
1.156049052e-06,-1.632050693e-06,-1.407731790e-06,3.452317209e-05,1.178084846e-04,2.968397544e-04,5.850725323e-04,6.421669882e-04,2.782850478e-04,
1.703807518e-07,-5.788045707e-07,-5.478287210e-07,-2.083619605e-05,-1.208931117e-04,-3.896092651e-04,-6.846396887e-04,-6.189859956e-04,-2.281442007e-04,
1.588478988e-01
l,5.5,-1.5
1.731,2.411,3.091,
1.962363504e-10,1.475665590e+01
3.658464038e-06,-4.775161366e-06,-4.899726387e-06,1.171926622e-04,4.234010669e-04,9.892975867e-04,1.726411251e-03,1.743886615e-03,7.156614312e-04,
5.517563554e-07,-1.879126003e-06,-2.086949002e-06,-7.147214659e-05,-4.155404377e-04,-1.335925156e-03,-2.343550920e-03,-2.114794139e-03,-7.774465046e-04,
1.587858629e-01
l,5.5,-0.5
1.771,2.471,3.191,
3.919014941e-10,1.486073859e+01
1.219938986e-05,-1.394845573e-05,-2.940478115e-05,2.634301692e-04,6.959173628e-04,6.456462001e-04,3.463803147e-04,3.093820524e-04,1.885058410e-04,
1.669019555e-06,-5.701116144e-06,-1.672187779e-06,-1.339038675e-04,-6.659734102e-04,-1.938735817e-03,-3.109656168e-03,-2.569247554e-03,-8.769822726e-04,
1.588480596e-01
l,5.5,0.5
1.811,2.531,3.251,
3.860541471e-09,1.259311947e+01
4.181581971e-05,-4.663640909e-05,-9.705646568e-05,9.342609310e-04,2.707882461e-03,3.337931569e-03,3.092513958e-03,2.693527997e-03,1.217953406e-03,
5.778213374e-06,-1.977074451e-05,-8.664687081e-06,-4.964872757e-04,-2.485183027e-03,-7.233375958e-03,-1.161373268e-02,-9.610968381e-03,-3.279339881e-03,
1.587547364e-01
l,5.5,1.5
1.831,2.571,3.331,
1.953103003e-08,1.179669204e+01
1.515871991e-04,-1.601826029e-04,-3.959888025e-04,2.713054334e-03,7.276345979e-03,6.806477382e-03,3.937509368e-03,3.465116883e-03,1.930232229e-03,
1.868671963e-05,-6.407487785e-05,-1.161059842e-05,-1.398002439e-03,-6.620311692e-03,-1.843608568e-02,-2.800664412e-02,-2.169520306e-02,-6.909418473e-03,
1.587853633e-01
l,5.5,2.5
1.831,2.571,3.331,
1.335848732e-07,1.083211014e+01
6.015988765e-04,-4.885551291e-04,-1.731256884e-03,1.407213183e-02,5.400853483e-02,8.393187927e-02,6.988786382e-02,3.164056971e-02,6.436695605e-03,
7.936369283e-05,-2.720960941e-04,-1.454617535e-04,-6.766162691e-03,-3.241193864e-02,-8.922558096e-02,-1.342681902e-01,-1.033947443e-01,-3.279014720e-02,
1.585890831e-01
l,5.5,3.5
1.811,2.591,3.391,
1.347482585e-06,9.447621768e+00
2.419511089e-03,-2.313558522e-03,-6.421262245e-03,3.658646516e-02,9.723775531e-02,8.947457943e-02,5.591311276e-02,5.093289086e-02,2.633666489e-02,
2.747866575e-04,-9.431883070e-04,-1.448785865e-04,-2.000102387e-02,-9.132798776e-02,-2.448418408e-01,-3.558131029e-01,-2.616395976e-01,-7.852905478e-02,
1.586901022e-01
l,5.5,4.5
1.791,2.591,3.391,
1.062734963e-05,8.810248047e+00
1.065985020e-02,-1.254457913e-02,-2.340445818e-02,1.931502903e-01,4.199075973e-01,8.842700802e-02,-4.885849901e-01,-5.028336814e-01,-1.514568706e-01,
1.164192200e-03,-3.988822346e-03,-1.497693649e-03,-9.193799823e-02,-4.238051109e-01,-1.133299740e+00,-1.648153376e+00,-1.232015737e+00,-3.808565380e-01,
1.583520811e-01
l,5.5,5.5
1.771,2.351,2.971,
5.942073856e-05,9.102172556e+00
6.713891774e-02,3.511116064e-02,-8.437107057e-02,3.399629108e+00,2.307357992e+01,7.451455335e+01,1.370774019e+02,1.357768123e+02,5.583013748e+01,
2.003590595e-02,-6.480865856e-02,-1.220711786e-01,-3.025972658e+00,-1.940336537e+01,-6.710486734e+01,-1.297843915e+02,-1.295400304e+02,-5.212215042e+01,
1.591446465e-01
l,6.5,-6.5
1.671,2.291,2.931,
0.000000000e+00,0.000000000e+00
4.348522875e-09,-7.787677612e-09,2.671764884e-09,1.618863000e-07,6.569442443e-07,2.401310928e-06,5.469781951e-06,6.162023274e-06,2.675360552e-06,
6.824662336e-10,-2.312236955e-09,-2.923081556e-09,-9.598250119e-08,-5.860783914e-07,-1.990050859e-06,-3.715620618e-06,-3.599425286e-06,-1.424604730e-06,
1.586621883e-01
l,6.5,-5.5
1.791,2.411,3.051,
1.274924394e-15,2.474911261e+01
1.217020973e-08,-2.011339926e-08,-2.473814190e-09,4.219287430e-07,1.475516962e-06,4.431533764e-06,9.583699519e-06,1.079728742e-05,4.719755225e-06,
1.933481226e-09,-6.576697131e-09,-7.887714742e-09,-2.661958240e-07,-1.619324550e-06,-5.484882894e-06,-1.020994973e-05,-9.849485388e-06,-3.884642812e-06,
1.588476522e-01
l,6.5,-4.5
1.891,2.531,3.171,
1.134844053e-15,2.436184935e+01
3.415155092e-08,-5.383516623e-08,-1.370600754e-08,1.169833800e-06,4.154714786e-06,1.168109121e-05,2.364417019e-05,2.548802854e-05,1.077474321e-05,
5.462853430e-09,-1.864954309e-08,-2.338164228e-08,-7.729699723e-07,-4.702246360e-06,-1.591398598e-05,-2.959708374e-05,-2.848953963e-05,-1.119927747e-05,
1.588477119e-01
l,6.5,-3.5
1.991,2.631,3.271,
2.685300720e-14,1.963880247e+01
1.009176032e-07,-1.482905776e-07,-6.686729170e-08,3.686192694e-06,1.441927630e-05,4.189662069e-05,8.599001940e-05,9.521887463e-05,4.177938070e-05,
1.650521804e-08,-5.650601099e-08,-7.148052802e-08,-2.341578797e-06,-1.423492218e-05,-4.806151767e-05,-8.924270779e-05,-8.572858989e-05,-3.361994939e-05,
1.588478147e-01
l,6.5,-2.5
2.051,2.711,3.391,
3.205462396e-15,2.305241929e+01
3.130643051e-07,-3.974057695e-07,-5.047452698e-07,1.005306804e-05,3.706189133e-05,8.418912197e-05,1.413946682e-04,1.407003098e-04,5.788346117e-05,
4.651506140e-08,-1.597486526e-07,-1.578820059e-07,-5.837087244e-06,-3.376871293e-05,-1.084315922e-04,-1.897770137e-04,-1.706630898e-04,-6.256725224e-05,
1.588478403e-01
l,6.5,-1.5
2.131,2.811,3.491,
2.057193971e-13,1.810623278e+01
9.627315194e-07,-1.301182169e-06,-1.387322852e-06,2.827397597e-05,9.704843193e-05,2.152057032e-04,3.683701267e-04,3.725275330e-04,1.538104957e-04,
1.402597072e-07,-4.828846144e-07,-4.329781744e-07,-1.717775368e-05,-9.928057343e-05,-3.194663370e-04,-5.601924728e-04,-5.046344974e-04,-1.852587169e-04,
1.588479129e-01
l,6.5,-0.5
2.171,2.871,3.571,
2.403456206e-13,1.886569297e+01
3.208223006e-06,-3.890446549e-06,-7.171104128e-06,6.966355827e-05,1.717613419e-04,1.260160452e-04,1.147646831e-05,8.423712154e-06,2.254656087e-05,
4.527740673e-07,-1.561710357e-06,-5.147255838e-07,-3.828010912e-05,-1.950255205e-04,-5.821512306e-04,-9.615640468e-04,-8.203692664e-04,-2.890998036e-04,
1.588480286e-01
l,6.5,0.5
2.211,2.911,3.631,
6.071165711e-12,1.593830587e+01
1.120845991e-05,-1.110423096e-05,-2.900869147e-05,2.529066350e-04,8.550277636e-04,1.328077780e-03,1.501016214e-03,1.277212895e-03,5.268893836e-04,
1.565372696e-06,-5.406522954e-06,-2.303799732e-06,-1.362462142e-04,-6.808805721e-04,-1.978954833e-03,-3.171907091e-03,-2.609631356e-03,-8.821921167e-04,
1.588480296e-01
l,6.5,1.5
2.231,2.951,3.691,
2.757418245e-11,1.544159352e+01
4.038703992e-05,-3.572573378e-05,-1.159839184e-04,8.833728816e-04,3.235840618e-03,4.780241446e-03,3.790429098e-03,1.668350708e-03,3.461254551e-04,
5.408297829e-06,-1.870339408e-05,-7.369873628e-06,-4.529493937e-04,-2.199892448e-03,-6.205759594e-03,-9.586503753e-03,-7.561585076e-03,-2.451359949e-03,
1.587848523e-01
l,6.5,2.5
2.231,2.991,3.771,
3.360435286e-10,1.387872461e+01
1.485553948e-04,-1.467066716e-04,-4.007576092e-04,2.109178137e-03,4.224502050e-03,-9.446161696e-04,-7.090241132e-03,-4.913043622e-03,-7.345112220e-04,
1.743248106e-05,-6.038525727e-05,-3.604415782e-06,-1.264438063e-03,-5.878749926e-03,-1.620454792e-02,-2.436148721e-02,-1.855149848e-02,-5.757317021e-03,
1.587431270e-01
l,6.5,3.5
2.231,3.011,3.791,
4.475980017e-09,1.247521762e+01
5.952711217e-04,-5.533774146e-04,-1.714655407e-03,1.219318912e-02,4.604590143e-02,7.082353902e-02,5.815288678e-02,2.496214705e-02,4.343127191e-03,
6.915699570e-05,-2.396310520e-04,-6.865870351e-05,-5.343376670e-03,-2.454904396e-02,-6.577307019e-02,-9.506991587e-02,-6.967187751e-02,-2.106598296e-02,
1.587185657e-01
l,6.5,4.5
2.211,2.991,3.791,
9.855408539e-08,1.053405674e+01
2.547614044e-03,-2.186447881e-03,-7.062229200e-03,3.871851508e-02,1.174930897e-01,1.310228178e-01,8.696010534e-02,5.343461473e-02,2.174306996e-02,
2.938960243e-04,-1.017948929e-03,-1.985190707e-04,-2.211952867e-02,-1.011942783e-01,-2.709900902e-01,-3.938480415e-01,-2.890052923e-01,-8.625713322e-02,
1.586615801e-01
l,6.5,5.5
2.151,2.971,3.791,
7.370209266e-07,1.020524848e+01
1.176443975e-02,-1.119624272e-02,-3.167697896e-02,2.118216756e-01,6.558898591e-01,6.815144783e-01,1.787668081e-01,-1.534453881e-01,-8.561452444e-02,
1.245955442e-03,-4.308166793e-03,-1.203950052e-03,-9.422957360e-02,-4.213528245e-01,-1.094885785e+00,-1.534289731e+00,-1.092907042e+00,-3.208506058e-01,
1.584143065e-01
l,6.5,6.5
2.151,2.771,3.411,
5.529419037e-06,1.007863145e+01
7.292123884e-02,2.001932530e-02,-1.285843781e-01,2.993430780e+00,1.931649396e+01,5.844473948e+01,1.006577841e+02,9.330793785e+01,3.587950512e+01,
1.910255294e-02,-6.313088946e-02,-1.010408589e-01,-2.724404775e+00,-1.698407400e+01,-5.730547965e+01,-1.076282950e+02,-1.038796170e+02,-4.034366123e+01,
1.591446679e-01
l,7.5,-7.5
1.971,2.591,3.211,
0.000000000e+00,0.000000000e+00
3.884960131e-10,-7.588894723e-10,2.822984690e-10,1.266354622e-08,4.427570767e-08,1.590739036e-07,3.607826460e-07,3.953847723e-07,1.643748053e-07,
6.190299720e-11,-2.115727833e-10,-2.335391165e-10,-8.451714929e-09,-5.238011088e-08,-1.820116789e-07,-3.487200259e-07,-3.476070946e-07,-1.418850096e-07,
1.587231134e-01
l,7.5,-6.5
2.091,2.711,3.331,
0.000000000e+00,0.000000000e+00
1.074849987e-09,-1.913890309e-09,2.044691334e-10,3.802024599e-08,1.438717806e-07,4.765704685e-07,1.035123542e-06,1.135987280e-06,4.826233536e-07,
1.747074261e-10,-5.990771709e-10,-7.204347886e-10,-2.485675353e-08,-1.541373413e-07,-5.347475928e-07,-1.022691302e-06,-1.015656611e-06,-4.127023119e-07,
1.588475403e-01
l,7.5,-5.5
2.211,2.831,3.451,
0.000000000e+00,0.000000000e+00
2.988483017e-09,-5.107670620e-09,-7.680252948e-11,1.075484359e-07,4.197669083e-07,1.399761791e-06,3.106501238e-06,3.516656657e-06,1.545860051e-06,
4.920476513e-10,-1.692383136e-09,-1.887111319e-09,-6.822051381e-08,-4.228700493e-07,-1.466745531e-06,-2.806391596e-06,-2.786903911e-06,-1.131962463e-06,
1.588475678e-01
l,7.5,-4.5
2.311,2.931,3.571,
0.000000000e+00,0.000000000e+00
8.749021063e-09,-1.353122165e-08,-6.145210307e-09,3.240725740e-07,1.307998153e-06,4.017999160e-06,8.597895487e-06,9.842354359e-06,4.460217317e-06,
1.384402267e-09,-4.775090657e-09,-4.963171656e-09,-1.835418981e-07,-1.108180140e-06,-3.737792843e-06,-6.925248375e-06,-6.638143535e-06,-2.602107083e-06,
1.588787369e-01
l,7.5,-3.5
2.391,3.031,3.691,
0.000000000e+00,0.000000000e+00
2.588632064e-08,-3.736564891e-08,-2.815674140e-08,8.675600539e-07,3.309638282e-06,8.942499307e-06,1.735646454e-05,1.861487875e-05,7.993370023e-06,
3.890691832e-09,-1.345522537e-08,-1.298161747e-08,-4.997674651e-07,-2.949458803e-06,-9.717608841e-06,-1.750822654e-05,-1.625279992e-05,-6.158173175e-06,
1.589098142e-01
l,7.5,-2.5
2.451,3.111,3.771,
0.000000000e+00,0.000000000e+00
8.043615196e-08,-1.038104248e-07,-1.075150499e-07,2.703318306e-06,1.023428257e-05,2.494962751e-05,4.441715420e-05,4.573233439e-05,1.927003990e-05,
1.254435920e-08,-4.345440482e-08,-5.102311525e-08,-1.736379018e-06,-1.031244164e-05,-3.397735754e-05,-6.131454724e-05,-5.698699364e-05,-2.157933270e-05,
1.589099145e-01
l,7.5,-1.5
2.531,3.191,3.871,
2.882230599e-17,2.286527562e+01
2.553587137e-07,-3.122346367e-07,-4.444497920e-07,8.260237020e-06,3.299616512e-05,7.951680810e-05,1.354884338e-04,1.346697687e-04,5.554794642e-05,
3.770919167e-08,-1.308851985e-07,-1.285904620e-07,-4.804352006e-06,-2.775124826e-05,-8.901434395e-05,-1.555788831e-04,-1.395348338e-04,-5.097191337e-05,
1.588789379e-01
l,7.5,-0.5
2.571,3.251,3.951,
6.152400950e-17,2.282705161e+01
8.470981925e-07,-9.071270637e-07,-1.896711418e-06,2.371090498e-05,9.374528447e-05,2.037689364e-04,3.111860615e-04,2.885428655e-04,1.142941260e-04,
1.214619457e-07,-4.222187136e-07,-1.733318554e-07,-1.078305706e-05,-5.494009798e-05,-1.634120726e-04,-2.687642325e-04,-2.274081231e-04,-7.919295032e-05,
1.588790536e-01
l,7.5,0.5
2.611,3.311,4.031,
1.018230639e-15,2.082612939e+01
2.881909040e-06,-2.965996168e-06,-7.691391211e-06,6.328767112e-05,2.191423050e-04,3.550819226e-04,4.136868888e-04,3.470192976e-04,1.383823775e-04,
3.909935041e-07,-1.361111501e-06,-3.716054855e-07,-3.209907486e-05,-1.585246506e-04,-4.592808127e-04,-7.313550207e-04,-5.958233947e-04,-1.996585447e-04,
1.588480296e-01
l,7.5,1.5
2.631,3.351,4.091,
5.418422600e-15,2.018681536e+01
1.026656992e-05,-9.694706088e-06,-2.886519591e-05,1.924421417e-04,5.621171933e-04,4.786732667e-04,-3.425871001e-05,-2.319022651e-04,-7.956732309e-05,
1.349223018e-06,-4.701764733e-06,-1.015986567e-06,-1.075186873e-04,-5.218105942e-04,-1.486498522e-03,-2.326921126e-03,-1.858409246e-03,-6.081174230e-04,
1.588471202e-01
l,7.5,2.5
2.631,3.391,4.151,
3.801921080e-14,1.945919189e+01
3.799630940e-05,-3.142315199e-05,-1.203057998e-04,7.925211018e-04,3.677823906e-03,7.477930092e-03,8.778412763e-03,5.737457866e-03,1.607391284e-03,
4.655384139e-06,-1.623941819e-05,-5.381819377e-06,-3.726825509e-04,-1.728881163e-03,-4.673093451e-03,-6.772922807e-03,-4.915870108e-03,-1.458808999e-03,
1.588654273e-01
l,7.5,3.5
2.651,3.391,4.151,
1.138210372e-11,1.497239884e+01
1.492909942e-04,-1.161461781e-04,-4.339719800e-04,2.826342156e-03,9.016893080e-03,8.312588676e-03,-8.231529082e-04,-5.332099029e-03,-2.218250227e-03,
1.977198574e-05,-6.896910180e-05,-1.370593179e-05,-1.529380328e-03,-7.305800474e-03,-2.035896564e-02,-3.129335953e-02,-2.455009032e-02,-7.872314208e-03,
1.586566389e-01
l,7.5,4.5
2.611,3.411,4.211,
7.233098886e-11,1.464236977e+01
6.037687999e-04,-4.480983990e-04,-1.920984122e-03,1.075163938e-02,4.759061157e-02,8.725628859e-02,9.088154626e-02,5.310954194e-02,1.356943256e-02,
6.823618061e-05,-2.382389240e-04,-5.889945139e-05,-5.197167544e-03,-2.327584797e-02,-6.070432360e-02,-8.463597815e-02,-5.887541021e-02,-1.666767973e-02,
1.587525883e-01
l,7.5,5.5
2.591,3.391,4.211,
4.383318716e-09,1.205013777e+01
2.640835941e-03,-2.007992693e-03,-7.987518258e-03,3.571089097e-02,1.180732947e-01,1.336716023e-01,7.026353996e-02,2.017874246e-02,4.893154598e-03,
2.898768038e-04,-1.011713380e-03,-6.169024866e-05,-2.039046068e-02,-9.049721957e-02,-2.368035843e-01,-3.337060575e-01,-2.349625325e-01,-6.692519188e-02,
1.586309247e-01
l,7.5,6.5
2.531,3.351,4.191,
6.307881797e-08,1.113925224e+01
1.267626043e-02,-9.065899213e-03,-3.897921588e-02,2.170618649e-01,8.700013794e-01,1.356294251e+00,1.125271086e+00,4.978282376e-01,9.411038292e-02,
1.318350412e-03,-4.592118709e-03,6.551944364e-04,-7.165154967e-02,-2.772608665e-01,-6.605135145e-01,-8.415893116e-01,-5.282654928e-01,-1.366075095e-01,
1.584454501e-01
l,7.5,7.5
2.511,3.171,3.851,
4.383455550e-07,1.113947318e+01
7.721220702e-02,2.024768268e-02,-1.780394105e-01,2.370092227e+00,1.537161019e+01,4.432552071e+01,7.182314480e+01,6.236888626e+01,2.243445380e+01,
1.788686443e-02,-6.011288850e-02,-7.587105164e-02,-2.302681762e+00,-1.370154395e+01,-4.416831115e+01,-7.868121732e+01,-7.144964266e+01,-2.596979300e+01,
1.591446452e-01
l,8.5,-8.5
2.271,2.871,3.491,
0.000000000e+00,0.000000000e+00
3.550307964e-11,-6.874921791e-11,2.904727624e-11,1.413338056e-09,6.367857029e-09,2.446947144e-08,5.553160271e-08,6.239768301e-08,2.728819261e-08,
5.572267367e-12,-1.918414753e-11,-2.092858590e-11,-7.697715615e-10,-4.762314449e-09,-1.653761255e-08,-3.162833599e-08,-3.143794412e-08,-1.279527705e-08,
1.587857820e-01
l,8.5,-7.5
2.391,2.991,3.611,
0.000000000e+00,0.000000000e+00
9.720330790e-11,-1.725479586e-10,2.627639594e-11,3.843737656e-09,1.681313020e-08,6.205956110e-08,1.423009456e-07,1.642082558e-07,7.389362652e-08,
1.567484095e-11,-5.411440223e-11,-5.572428073e-11,-2.129400232e-09,-1.317601199e-08,-4.573623005e-08,-8.752435694e-08,-8.694398465e-08,-3.534119984e-08,
1.588474068e-01
l,8.5,-6.5
2.511,3.111,3.731,
0.000000000e+00,0.000000000e+00
2.688619882e-10,-4.492531712e-10,-4.309555366e-11,1.065853644e-08,4.364290923e-08,1.456849777e-07,3.273539209e-07,3.838306095e-07,1.770331324e-07,
4.402773860e-11,-1.523895320e-10,-1.637038519e-10,-6.046692184e-09,-3.740518799e-08,-1.296350028e-07,-2.477495968e-07,-2.457658098e-07,-9.982942193e-08,
1.588474356e-01
l,8.5,-5.5
2.611,3.231,3.871,
0.000000000e+00,0.000000000e+00
7.504447064e-10,-1.206838110e-09,-4.257202801e-10,2.766442682e-08,1.135820115e-07,3.631426635e-07,7.851842699e-07,8.949516022e-07,4.026630031e-07,
1.153120023e-10,-4.002375716e-10,-3.751232911e-10,-1.498504999e-08,-9.027648551e-08,-3.051114055e-07,-5.658069340e-07,-5.425247612e-07,-2.127845115e-07,
1.589267965e-01
l,8.5,-4.5
2.711,3.331,3.971,
0.000000000e+00,0.000000000e+00
2.193728976e-09,-3.262512246e-09,-1.816612376e-09,7.614389348e-08,2.853342460e-07,8.020270850e-07,1.633084788e-06,1.813574876e-06,7.993951604e-07,
3.464348991e-10,-1.204698035e-09,-1.256448999e-09,-4.699203851e-08,-2.844979284e-07,-9.625402242e-07,-1.789572632e-06,-1.719221386e-06,-6.743956724e-07,
1.589096935e-01
l,8.5,-3.5
2.791,3.431,4.071,
0.000000000e+00,0.000000000e+00
6.545318953e-09,-9.489931860e-09,-7.252963322e-09,2.206685087e-07,7.877350215e-07,1.933069896e-06,3.600749495e-06,3.866530848e-06,1.682681264e-06,
1.040052114e-09,-3.623126789e-09,-3.822882957e-09,-1.407998373e-07,-8.503697186e-07,-2.868451875e-06,-5.316407373e-06,-5.091915476e-06,-1.992749200e-06,
1.588787650e-01
l,8.5,-2.5
2.871,3.511,4.171,
0.000000000e+00,0.000000000e+00
2.038176916e-08,-2.625717785e-08,-2.833775676e-08,7.267311143e-07,3.106278027e-06,8.480446091e-06,1.576670304e-05,1.640539381e-05,6.971920611e-06,
3.121738150e-09,-1.089327534e-08,-1.219216142e-08,-4.278590583e-07,-2.528183479e-06,-8.310018031e-06,-1.493911959e-05,-1.381439241e-05,-5.205550208e-06,
1.589099145e-01
l,8.5,-1.5
2.931,3.591,4.251,
0.000000000e+00,0.000000000e+00
6.466510172e-08,-8.076714311e-08,-9.129170723e-08,2.154600028e-06,8.309070886e-06,1.945657722e-05,3.219324911e-05,3.115951143e-05,1.255266087e-05,
1.003856443e-08,-3.507476680e-08,-4.080001613e-08,-1.401317836e-06,-8.310219604e-06,-2.736714574e-05,-4.935563337e-05,-4.579780552e-05,-1.730260387e-05,
1.588789379e-01
l,8.5,-0.5
2.971,3.651,4.331,
0.000000000e+00,0.000000000e+00
2.151312941e-07,-2.379681736e-07,-3.983496768e-07,7.003565158e-06,2.910572958e-05,6.734954652e-05,1.039533516e-04,9.357078729e-05,3.557214342e-05,
3.227586469e-08,-1.129121856e-07,-1.291538231e-07,-4.404301790e-06,-2.552092351e-05,-8.184160257e-05,-1.430836039e-04,-1.282089727e-04,-4.669486107e-05,
1.588790536e-01
l,8.5,0.5
3.011,3.711,4.411,
0.000000000e+00,0.000000000e+00
7.300084235e-07,-7.820394199e-07,-1.810802423e-06,1.702171135e-05,5.711072500e-05,8.767879743e-05,9.297798986e-05,7.250975855e-05,2.816448135e-05,
1.037374608e-07,-3.633440419e-07,-1.363708563e-07,-9.175987857e-06,-4.665063926e-05,-1.386732169e-04,-2.279722445e-04,-1.927128539e-04,-6.703833309e-05,
1.588790546e-01
l,8.5,1.5
3.031,3.751,4.491,
0.000000000e+00,0.000000000e+00
2.589099950e-06,-2.328889843e-06,-7.930910884e-06,4.839880536e-05,1.821435173e-04,2.814390622e-04,2.424875209e-04,1.173089097e-04,2.484402002e-05,
3.333085112e-07,-1.168770225e-06,-2.609333300e-07,-2.656190711e-05,-1.269982541e-04,-3.568732023e-04,-5.452606180e-04,-4.208412623e-04,-1.327851987e-04,
1.588778703e-01
l,8.5,2.5
3.051,3.751,4.471,
1.875290186e-17,2.250130960e+01
9.815820704e-06,-6.203445765e-06,-2.917490152e-05,2.508018143e-04,9.887257037e-04,1.398218963e-03,7.401929096e-04,-9.552670262e-05,-1.680939112e-04,
1.518097721e-06,-5.321797077e-06,-2.229074951e-06,-1.317376681e-04,-6.628610114e-04,-1.913275830e-03,-3.083279041e-03,-2.564118770e-03,-8.760503900e-04,
1.586310556e-01
l,8.5,3.5
3.051,3.831,4.611,
3.647694418e-16,2.101616754e+01
3.517968071e-05,-3.175054059e-05,-1.068110882e-04,5.383818047e-04,2.258482691e-03,4.400207744e-03,5.405312852e-03,3.874809006e-03,1.195959963e-03,
3.956219826e-06,-1.389562180e-05,-1.885361332e-06,-2.964630998e-04,-1.340690882e-03,-3.582683492e-03,-5.099899069e-03,-3.594927871e-03,-1.023675394e-03,
1.588715792e-01
l,8.5,4.5
3.051,3.811,4.571,
1.263509789e-13,1.707941448e+01
1.453074947e-04,-1.030114434e-04,-4.234135799e-04,2.850452329e-03,1.055360068e-02,1.428399306e-02,8.586087687e-03,1.524122793e-03,-3.099943638e-04,
1.933979121e-05,-6.788984519e-05,-2.401097960e-05,-1.622419610e-03,-7.783867753e-03,-2.164353593e-02,-3.313958462e-02,-2.585569277e-02,-8.225168163e-03,
1.586906482e-01
l,8.5,5.5
3.011,3.811,4.631,
1.527977670e-12,1.626211979e+01
6.068311050e-04,-3.546898317e-04,-2.113333711e-03,8.864966442e-03,4.434938285e-02,8.663922381e-02,9.453056516e-02,5.692355013e-02,1.475491773e-02,
6.663078747e-05,-2.340717546e-04,-3.093680353e-05,-4.779651002e-03,-2.075604764e-02,-5.262001447e-02,-7.051359753e-02,-4.621411541e-02,-1.210416468e-02,
1.587223511e-01
l,8.5,6.5
2.971,3.791,4.611,
1.537752698e-10,1.359309801e+01
2.704615938e-03,-1.782310579e-03,-8.260841949e-03,3.623172660e-02,1.355185475e-01,1.888292279e-01,1.440955957e-01,6.613644106e-02,1.562588292e-02,
3.037785533e-04,-1.066511791e-03,-2.124024074e-04,-2.317502100e-02,-1.038921528e-01,-2.722443805e-01,-3.850405023e-01,-2.719467352e-01,-7.732477177e-02,
1.586621291e-01
l,8.5,7.5
2.911,3.751,4.591,
3.011812398e-09,1.256346128e+01
1.322531980e-02,-8.705283824e-03,-4.304397757e-02,1.968650688e-01,8.141377916e-01,1.222212000e+00,8.965884125e-01,2.898318210e-01,1.983856627e-02,
1.382237330e-03,-4.843827853e-03,7.980873181e-04,-7.495380071e-02,-2.883408352e-01,-6.836258054e-01,-8.635879081e-01,-5.311025199e-01,-1.327463057e-01,
1.584763563e-01
l,8.5,8.5
2.871,3.571,4.271,
9.345237756e-08,1.117014539e+01
8.052039146e-02,2.110871685e-02,-2.418139321e-01,1.428415856e+00,9.478176488e+00,2.500309038e+01,3.712679238e+01,3.012558142e+01,1.031269625e+01,
1.767157297e-02,-6.005028568e-02,-4.127030910e-02,-1.638020912e+00,-8.750332720e+00,-2.635517774e+01,-4.487082091e+01,-3.896261638e+01,-1.351472033e+01,
1.591135403e-01
