l,0.5,-0.5
0.211,1.071,1.931,
3.319622325e-02,2.335152404e+00
4.458135925e-03,-5.503139242e-03,3.836977014e-03,5.484024846e-02,1.731854692e-01,4.193365857e-01,5.204722638e-01,2.998028908e-01,6.686536736e-02,
9.062130649e-04,-1.998999517e-03,-1.722473666e-03,-3.797039730e-02,-1.685399789e-01,-4.159219704e-01,-5.717981261e-01,-4.109634319e-01,-1.208737321e-01,
1.588479865e-01
l,0.5,0.5
0.251,0.831,1.431,
1.002822025e-01,2.508244356e+00
1.726341993e-02,-4.780061830e-03,5.586390485e-02,1.279346868e+00,7.443441410e+00,2.555597005e+01,5.002515069e+01,5.095139256e+01,2.104978836e+01,
7.623743000e-03,-1.480192878e-02,-5.468891648e-02,-9.636391890e-01,-6.447753325e+00,-2.300165396e+01,-4.557457471e+01,-4.711159737e+01,-1.983638942e+01,
1.591446262e-01
l,1.5,-1.5
0.551,1.471,2.391,
1.063293635e-03,3.693713579e+00
6.455099792e-04,-7.839945247e-04,1.946938462e-04,7.836674807e-03,2.423299038e-02,6.647394470e-02,1.042726961e-01,7.794649863e-02,2.220438731e-02,
1.073466946e-04,-2.482727657e-04,-1.701244126e-04,-4.312689325e-03,-1.801745453e-02,-4.211697189e-02,-5.441213679e-02,-3.656706997e-02,-1.005648649e-02,
1.588169514e-01
l,1.5,-0.5
0.591,1.491,2.391,
2.089810792e-03,3.636645549e+00
1.801347942e-03,-1.988962348e-03,3.435432258e-05,2.298771255e-02,6.776755555e-02,1.763932441e-01,2.855188432e-01,2.257725104e-01,6.828270818e-02,
3.200963520e-04,-7.398331785e-04,-5.358956808e-04,-1.319401564e-02,-5.603481433e-02,-1.330924292e-01,-1.752043806e-01,-1.200538154e-01,-3.369558271e-02,
1.588790115e-01
l,1.5,0.5
0.631,1.511,2.391,
4.382716195e-03,3.619430750e+00
4.999679979e-03,-4.944572441e-03,-7.843090064e-04,6.948514992e-02,2.061629240e-01,5.052945523e-01,8.158522549e-01,6.645341425e-01,2.089771589e-01,
9.533524971e-04,-2.199127681e-03,-1.839970776e-03,-4.189566904e-02,-1.814623907e-01,-4.384169799e-01,-5.887529667e-01,-4.118074772e-01,-1.179965099e-01,
1.589272883e-01
l,1.5,1.5
0.671,1.471,2.271,
9.892451714e-03,3.652163555e+00
1.490322035e-02,-9.210494880e-03,-1.568958681e-03,3.540316086e-01,1.377185842e+00,3.353627664e+00,5.136258744e+00,4.208114461e+00,1.389909743e+00,
3.722574565e-03,-8.425438852e-03,-1.339961316e-02,-2.496575304e-01,-1.248988306e+00,-3.374466448e+00,-5.034386992e+00,-3.890043203e+00,-1.222103884e+00,
1.590825364e-01
l,2.5,-2.5
0.971,1.911,2.851,
1.559211313e-05,4.866523587e+00
7.774869300e-05,-8.161669439e-05,-3.227860126e-05,8.450301937e-04,1.927124004e-03,3.885202879e-03,6.169873980e-03,5.064060247e-03,1.580984604e-03,
1.222041107e-05,-2.909669942e-05,-1.912489525e-05,-5.011861878e-04,-2.048587717e-03,-4.694173255e-03,-5.926555547e-03,-3.879351916e-03,-1.040017257e-03,
1.588479278e-01
l,2.5,-1.5
1.011,1.951,2.911,
3.065474246e-05,5.042306373e+00
2.053710050e-04,-1.909369516e-04,-1.581707062e-04,2.142131981e-03,4.736175828e-03,7.726620009e-03,1.116742119e-02,9.161547866e-03,2.914103449e-03,
3.159211711e-05,-7.544540447e-05,-4.488028983e-05,-1.244032294e-03,-4.988945919e-03,-1.121790798e-02,-1.385318449e-02,-8.838052647e-03,-2.308050149e-03,
1.588790136e-01
l,2.5,-0.5
1.071,2.011,2.951,
6.275010514e-05,4.968584417e+00
5.315623712e-04,-4.813670405e-04,-3.876254361e-04,5.877756847e-03,1.363408362e-02,2.219076561e-02,3.057261238e-02,2.431562250e-02,7.623045382e-03,
8.563476389e-05,-2.048771180e-04,-1.416351896e-04,-3.603247833e-03,-1.471933578e-02,-3.366012365e-02,-4.240077684e-02,-2.762514942e-02,-7.363855997e-03,
1.589100607e-01
l,2.5,0.5
1.111,2.051,3.011,
1.296856444e-04,5.049281534e+00
1.410058001e-03,-1.153671916e-03,-1.437334853e-03,1.468823326e-02,3.369747111e-02,4.648993417e-02,5.688273055e-02,4.457740046e-02,1.422585525e-02,
2.211556477e-04,-5.304289023e-04,-3.019021693e-04,-8.639179496e-03,-3.457660619e-02,-7.760263693e-02,-9.562803065e-02,-6.074102672e-02,-1.577944137e-02,
1.589272345e-01
l,2.5,1.5
1.171,2.091,3.031,
2.821766497e-04,5.002057868e+00
3.752629040e-03,-2.787607242e-03,-3.910104031e-03,4.176503209e-02,1.075284267e-01,1.663731832e-01,2.069886672e-01,1.582499024e-01,4.973932741e-02,
6.281216847e-04,-1.506445227e-03,-9.545639594e-04,-2.571079937e-02,-1.048429949e-01,-2.393189681e-01,-3.010215683e-01,-1.952161105e-01,-5.169515515e-02,
1.589268893e-01
l,2.5,2.5
1.211,2.111,3.011,
6.143875528e-04,5.097651185e+00
1.034403034e-02,-6.445133275e-03,-1.235029201e-02,1.300711819e-01,3.587563487e-01,5.079859127e-01,5.313868304e-01,3.689028561e-01,1.136816871e-01,
1.961111186e-03,-4.684143737e-03,-3.379173979e-03,-8.366292518e-02,-3.528646400e-01,-8.311214337e-01,-1.085487117e+00,-7.332685220e-01,-2.025428554e-01,
1.590203883e-01
l,3.5,-3.5
1.431,2.391,3.351,
1.208531096e-07,6.758590943e+00
8.199094736e-06,-7.289410894e-06,-7.363515839e-06,8.554665963e-05,1.936500454e-04,2.675180358e-04,3.181608311e-04,2.394943974e-04,7.376450519e-05,
1.228855021e-06,-2.990289683e-06,-1.878495752e-06,-5.090714733e-05,-2.035260554e-04,-4.569327922e-04,-5.627283679e-04,-3.573966485e-04,-9.287598532e-05,
1.588478205e-01
l,3.5,-2.5
1.491,2.451,3.431,
2.349748005e-07,6.731240861e+00
2.081995990e-05,-1.740353018e-05,-2.306652199e-05,1.958221870e-04,4.324535620e-04,5.426397013e-04,6.194627199e-04,4.773385883e-04,1.516452301e-04,
3.016950205e-06,-7.362397437e-06,-1.755992202e-06,-9.140103220e-05,-3.339385339e-04,-7.127689612e-04,-8.426794938e-04,-5.149153182e-04,-1.299468183e-04,
1.589100021e-01
l,3.5,-1.5
1.531,2.491,3.471,
4.244386582e-07,6.929817948e+00
5.396733832e-05,-3.748250518e-05,-7.017717958e-05,5.323001670e-04,1.305460478e-03,1.525188494e-03,1.340910794e-03,8.572193797e-04,2.538814852e-04,
8.158728423e-06,-1.993730407e-05,-6.021456921e-06,-2.561102412e-04,-9.386322143e-04,-1.996768388e-03,-2.355766577e-03,-1.433423803e-03,-3.593313029e-04,
1.588790136e-01
l,3.5,-0.5
1.591,2.551,3.531,
8.943096756e-07,6.826791254e+00
1.380055037e-04,-8.951589344e-05,-1.867975296e-04,1.398092085e-03,3.709875528e-03,4.664812987e-03,4.093218964e-03,2.436758401e-03,6.738881136e-04,
2.101461780e-05,-5.145453310e-05,-1.762734947e-05,-6.780176271e-04,-2.485604380e-03,-5.277998374e-03,-6.210219801e-03,-3.762727043e-03,-9.381504130e-04,
1.589100607e-01
l,3.5,0.5
1.651,2.611,3.591,
1.981495537e-06,6.681791860e+00
3.542921913e-04,-2.236591673e-04,-4.940162100e-04,3.524574960e-03,9.442085818e-03,1.180122743e-02,1.019252713e-02,6.002364121e-03,1.657995531e-03,
5.409971391e-05,-1.327112916e-04,-4.113368535e-05,-1.716012378e-03,-6.280721217e-03,-1.333291514e-02,-1.568550926e-02,-9.491860467e-03,-2.361946202e-03,
1.589100799e-01
l,3.5,1.5
1.691,2.671,3.651,
3.739286002e-06,6.904089021e+00
9.184482042e-04,-5.674014514e-04,-1.426718786e-03,8.285406549e-03,2.088734273e-02,1.970735891e-02,8.865480066e-03,1.922763820e-03,2.330942309e-04,
1.392371664e-04,-3.421428385e-04,-1.070363588e-04,-4.408538689e-03,-1.606009678e-02,-3.395176952e-02,-3.967361754e-02,-2.381477476e-02,-5.887189858e-03,
1.589268893e-01
l,3.5,2.5
1.731,2.711,3.711,
8.624997164e-06,6.769107599e+00
2.394109964e-03,-1.253308150e-03,-3.948629173e-03,1.748545901e-02,4.647159892e-02,5.209727914e-02,4.003565627e-02,2.261780028e-02,6.322129408e-03,
3.581204647e-04,-8.812240385e-04,-1.793002881e-04,-1.073697781e-02,-3.849159569e-02,-8.051534116e-02,-9.290921371e-02,-5.449573895e-02,-1.301318277e-02,
1.589172005e-01
l,3.5,3.5
1.791,2.731,3.691,
2.145843351e-05,6.555735768e+00
6.531510036e-03,-2.678403524e-03,-1.020987469e-02,7.462791393e-02,2.398058077e-01,3.384498673e-01,2.905045563e-01,1.529520101e-01,3.752373795e-02,
1.120783503e-03,-2.752276553e-03,-1.837903195e-03,-4.704383257e-02,-1.882415564e-01,-4.194124918e-01,-5.140494763e-01,-3.228761981e-01,-8.248312819e-02,
1.589582457e-01
l,4.5,-4.5
1.931,2.891,3.871,
3.290395784e-10,9.135936346e+00
7.988343782e-07,-6.237662623e-07,-9.761956262e-07,7.444584502e-06,1.744957342e-05,2.113119132e-05,2.102882642e-05,1.474732548e-05,4.509694754e-06,
1.149870326e-07,-2.844190465e-07,-6.220037535e-08,-3.524074632e-06,-1.282289222e-05,-2.732159946e-05,-3.223003040e-05,-1.958716729e-05,-4.906777177e-06,
1.588476804e-01
l,4.5,-3.5
1.971,2.951,3.931,
4.815397062e-10,9.499214271e+00
2.014829079e-06,-1.432754317e-06,-2.897602799e-06,1.679516815e-05,3.435478074e-05,1.949704899e-05,-2.871684296e-06,-5.592092325e-06,-1.057877860e-06,
2.956613926e-07,-7.324804655e-07,-1.752755871e-07,-9.138606817e-06,-3.325747917e-05,-7.063878588e-05,-8.310578624e-05,-5.035300285e-05,-1.257910783e-05,
1.588788123e-01
l,4.5,-2.5
2.031,3.011,4.011,
9.636538802e-10,9.423613408e+00
5.080370101e-06,-3.189201731e-06,-8.117404990e-06,4.222588173e-05,1.042601972e-04,9.314539035e-05,3.702089559e-05,5.874353654e-06,5.084791739e-07,
7.232385616e-07,-1.795441337e-06,-3.722152612e-07,-2.165421060e-05,-7.696535769e-05,-1.598677184e-04,-1.827798261e-04,-1.068799136e-04,-2.572275421e-05,
1.589100021e-01
l,4.5,-1.5
2.091,3.071,4.071,
2.227388777e-09,9.177434452e+00
1.280219021e-05,-7.200016878e-06,-2.083588169e-05,1.048231397e-04,2.837575447e-04,3.092405846e-04,1.971185510e-04,8.310601333e-05,1.890295187e-05,
1.858275980e-06,-4.619993645e-06,-1.227362140e-06,-5.819083970e-05,-2.078472481e-04,-4.322279072e-04,-4.950166771e-04,-2.891599409e-04,-6.916347983e-05,
1.589100230e-01
l,4.5,-0.5
2.151,3.131,4.131,
5.318707090e-09,8.935418060e+00
3.245702828e-05,-1.701918085e-05,-5.401373218e-05,2.653227781e-04,7.364791368e-04,8.042720721e-04,4.919879140e-04,1.891438793e-04,3.939841960e-05,
4.773571095e-06,-1.188489218e-05,-3.132930578e-06,-1.495155813e-04,-5.346265267e-04,-1.111867871e-03,-1.275015650e-03,-7.454077030e-04,-1.782174829e-04,
1.589100607e-01
l,4.5,0.5
2.211,3.211,4.211,
1.206019875e-08,8.800526131e+00
8.165562758e-05,-4.830153761e-05,-1.338358276e-04,6.409274731e-04,1.665485167e-03,1.624202826e-03,8.006346783e-04,2.185701925e-04,3.445850873e-05,
1.166456630e-05,-2.909491371e-05,-5.387712382e-06,-3.487353534e-04,-1.237741656e-03,-2.571900743e-03,-2.940027064e-03,-1.711930587e-03,-4.085141031e-04,
1.589272345e-01
l,4.5,1.5
2.251,3.251,4.251,
2.685375964e-08,8.708825782e+00
2.111146023e-04,-1.048072383e-04,-3.559970218e-04,1.620120677e-03,4.283312331e-03,3.988609505e-03,1.621869485e-03,2.237272818e-04,-1.187500633e-06,
3.147910477e-05,-7.858612524e-05,-1.669145770e-05,-9.623323435e-04,-3.446104551e-03,-7.190703361e-03,-8.300211319e-03,-4.883391651e-03,-1.172370656e-03,
1.589094585e-01
l,4.5,2.5
2.311,3.311,4.311,
6.785706755e-08,8.529645558e+00
5.514653749e-04,-2.483130022e-04,-1.003915124e-03,5.470769138e-03,1.874615541e-02,2.595743868e-02,1.954619112e-02,7.971428888e-03,1.397462857e-03,
8.084083944e-05,-2.020643223e-04,-7.253755330e-05,-2.632047147e-03,-9.322442415e-03,-1.908482442e-02,-2.139014190e-02,-1.219280427e-02,-2.855993690e-03,
1.589722671e-01
l,4.5,3.5
2.351,3.371,4.391,
1.435870236e-07,8.543992243e+00
1.396010979e-03,-6.351973104e-04,-2.505713125e-03,8.632018263e-03,2.730101597e-02,3.630264440e-02,3.029251316e-02,1.562972033e-02,3.674831287e-03,
1.972741053e-04,-4.938380178e-04,-6.711453333e-05,-5.785141014e-03,-2.017115124e-02,-4.131103585e-02,-4.623625112e-02,-2.592638170e-02,-5.857455928e-03,
1.589257041e-01
l,4.5,4.5
2.411,3.391,4.371,
4.243792672e-07,8.195184903e+00
3.765031928e-03,-1.368314363e-03,-6.539792608e-03,3.113186493e-02,9.467735966e-02,1.095827687e-01,6.756088254e-02,2.377655186e-02,4.197112188e-03,
6.181894736e-04,-1.545849565e-03,-4.758025769e-04,-2.006297158e-02,-7.366608349e-02,-1.561781770e-01,-1.844704482e-01,-1.113316750e-01,-2.733759897e-02,
1.589271918e-01
l,5.5,-5.5
2.431,3.391,4.371,
1.832915165e-13,1.243967661e+01
7.526149659e-08,-4.739319336e-08,-1.093741996e-07,7.556457883e-07,2.128019413e-06,2.722071810e-06,2.243699538e-06,1.208046527e-06,3.101153843e-07,
1.110794929e-08,-2.780363080e-08,-7.820958051e-09,-3.575055037e-07,-1.299118383e-06,-2.748759841e-06,-3.218188999e-06,-1.934519533e-06,-4.784615819e-07,
1.588476266e-01
l,5.5,-4.5
2.491,3.471,4.471,
2.735441894e-13,1.264698541e+01
1.850855966e-07,-1.158427824e-07,-3.001897494e-07,1.522187592e-06,4.034489889e-06,4.231260513e-06,2.441441863e-06,8.673453434e-07,1.695114408e-07,
2.579594373e-08,-6.470025102e-08,-1.231860115e-08,-7.789700628e-07,-2.753883475e-06,-5.707231658e-06,-6.493140993e-06,-3.764754392e-06,-8.970236692e-07,
1.589097546e-01
l,5.5,-3.5
2.551,3.551,4.551,
6.288058385e-13,1.239449638e+01
4.552863118e-07,-2.967652216e-07,-7.199568626e-07,3.453019715e-06,8.480585196e-06,7.970524206e-06,4.099819252e-06,1.456658483e-06,3.368048885e-07,
6.294384657e-08,-1.581204527e-07,-2.490313978e-08,-1.882048284e-06,-6.656716072e-06,-1.385035938e-05,-1.583211348e-05,-9.214321857e-06,-2.198774816e-06,
1.589269828e-01
l,5.5,-2.5
2.611,3.611,4.611,
1.585021279e-12,1.208477832e+01
1.143028953e-06,-6.850086321e-07,-1.878524713e-06,8.702100788e-06,2.158189691e-05,1.834263801e-05,5.683440044e-06,-3.555356523e-07,-3.530414797e-07,
1.614268142e-07,-4.059797860e-07,-5.862467997e-08,-4.780907144e-06,-1.693911906e-05,-3.525665147e-05,-4.042504379e-05,-2.360977174e-05,-5.648920475e-06,
1.589098833e-01
l,5.5,-1.5
2.671,3.671,4.671,
4.043256955e-12,1.179945678e+01
2.880201009e-06,-1.528355221e-06,-4.939733187e-06,2.324339875e-05,6.648971367e-05,7.248661879e-05,4.016672722e-05,1.128102578e-05,1.323554873e-06,
4.139725589e-07,-1.042271651e-06,-2.060786804e-07,-1.263036747e-05,-4.477366834e-05,-9.277526876e-05,-1.057899662e-04,-6.133900498e-05,-1.455097122e-05,
1.589100230e-01
l,5.5,-0.5
2.731,3.731,4.751,
1.164090235e-11,1.141812749e+01
7.253729109e-06,-3.435746060e-06,-1.320542601e-05,5.380287091e-05,1.662027342e-04,1.990317002e-04,1.302122363e-04,4.837016539e-05,8.422485817e-06,
1.009359782e-06,-2.544933177e-06,-3.595309326e-07,-2.947001135e-05,-1.021329775e-04,-2.075468187e-04,-2.306465144e-04,-1.291985523e-04,-2.945458921e-05,
1.589272153e-01
l,5.5,0.5
2.791,3.791,4.811,
3.420465195e-11,1.104820717e+01
1.837789023e-05,-8.087030248e-06,-3.396277492e-05,1.377716107e-04,4.407898766e-04,5.448088288e-04,3.664397130e-04,1.382060592e-04,2.393171148e-05,
2.587476320e-06,-6.530669796e-06,-9.787566097e-07,-7.597188050e-05,-2.635647261e-04,-5.352459222e-04,-5.950191854e-04,-3.333562147e-04,-7.593641300e-05,
1.589272345e-01
l,5.5,1.5
2.831,3.851,4.891,
6.449799747e-11,1.113510408e+01
4.663737127e-05,-1.762975733e-05,-9.195388481e-05,3.091435263e-04,1.137297863e-03,1.642812332e-03,1.346359184e-03,6.236659700e-04,1.271622528e-04,
6.306254361e-06,-1.593805120e-05,-2.359185835e-06,-1.831336366e-04,-6.194091416e-04,-1.226450758e-03,-1.312425500e-03,-6.967357468e-04,-1.486638506e-04,
1.589573225e-01
l,5.5,2.5
2.891,3.891,4.891,
2.528591898e-10,1.051437535e+01
1.192736017e-04,-4.457344561e-05,-1.985611695e-04,8.167009339e-04,2.081722588e-03,1.566752843e-03,1.273867929e-04,-3.344443993e-04,-1.075821316e-04,
1.879120551e-05,-4.749094675e-05,-6.671841793e-06,-5.665510088e-04,-2.050973453e-03,-4.327600824e-03,-5.115284097e-03,-3.085784900e-03,-7.540158816e-04,
1.588199270e-01
l,5.5,3.5
2.931,3.951,4.991,
7.377704825e-10,1.027653156e+01
3.131646954e-04,-8.254607200e-05,-6.618740169e-04,2.638130517e-03,1.098190768e-02,1.737611811e-02,1.483352987e-02,6.817937960e-03,1.332729369e-03,
4.355365698e-05,-1.102477675e-04,-2.158725918e-05,-1.272687707e-03,-4.275095041e-03,-8.325680589e-03,-8.746586782e-03,-4.560727865e-03,-9.615075829e-04,
1.589551338e-01
l,5.5,4.5
2.971,4.011,5.071,
1.180528154e-09,1.055019339e+01
7.925464888e-04,-2.011869466e-04,-1.674534900e-03,3.908426080e-03,1.709545122e-02,2.715523281e-02,2.419793260e-02,1.195118017e-02,2.534813517e-03,
1.060818269e-04,-2.688389829e-04,-4.064158357e-05,-3.109287133e-03,-1.036708407e-02,-2.021207273e-02,-2.113401413e-02,-1.077891108e-02,-2.161217477e-03,
1.589884415e-01
l,5.5,5.5
3.031,4.051,5.071,
4.797400462e-09,9.976462904e+00
2.079172991e-03,-5.547420566e-04,-3.925404760e-03,1.220720245e-02,4.258510932e-02,5.636455886e-02,4.314536981e-02,1.977116803e-02,4.230688943e-03,
3.161395832e-04,-8.009548743e-04,-1.399708785e-04,-9.629600243e-03,-3.401164342e-02,-7.008826921e-02,-7.977004247e-02,-4.559839254e-02,-1.044615503e-02,
1.589099226e-01
l,6.5,-6.5
2.971,3.951,4.931,
2.925071936e-17,1.600947621e+01
6.568856126e-09,-4.847439708e-09,-9.663757812e-09,5.388211821e-08,1.317751648e-07,1.340722555e-07,8.311427960e-08,3.680106275e-08,9.087725015e-09,
9.103309201e-10,-2.302246090e-09,-4.168871311e-10,-2.819440078e-08,-1.011445084e-07,-2.137654044e-07,-2.485459630e-07,-1.477653098e-07,-3.617276938e-08,
1.589095669e-01
l,6.5,-5.5
3.031,4.011,4.991,
6.752733681e-17,1.575013264e+01
1.629079982e-08,-1.072182684e-08,-2.444273029e-08,1.296873121e-07,3.261988467e-07,3.450032980e-07,2.345124440e-07,1.176534424e-07,3.139733525e-08,
2.332561070e-09,-5.904782828e-09,-1.417847102e-09,-7.576476608e-08,-2.745694292e-07,-5.831003833e-07,-6.840261352e-07,-4.100113680e-07,-1.006160339e-07,
1.589096638e-01
l,6.5,-4.5
3.091,4.071,5.051,
1.416138999e-16,1.560921292e+01
4.066802006e-08,-2.391276438e-08,-6.447294767e-08,3.413957036e-07,9.069494464e-07,9.267324008e-07,4.872527869e-07,1.447902521e-07,2.430885219e-08,
5.975908867e-09,-1.514199146e-08,-3.828165217e-09,-1.943948297e-07,-7.054706346e-07,-1.494378313e-06,-1.752432200e-06,-1.051284088e-06,-2.583529790e-07,
1.589097546e-01
l,6.5,-3.5
3.151,4.131,5.131,
3.321328677e-16,1.539481375e+01
1.015257993e-07,-4.992192878e-08,-1.796123018e-07,8.329353354e-07,2.628760868e-06,3.338807402e-06,2.363180404e-06,9.573889427e-07,1.795146820e-07,
1.454934419e-08,-3.691060765e-08,-7.728496533e-09,-4.518039952e-07,-1.596703346e-06,-3.296678400e-06,-3.738418382e-06,-2.148481408e-06,-5.040477319e-07,
1.588959152e-01
l,6.5,-2.5
3.211,4.211,5.211,
9.554869859e-16,1.501656510e+01
2.500669893e-07,-1.284559715e-07,-4.330214311e-07,1.930391867e-06,6.022181861e-06,7.773742320e-06,5.836396344e-06,2.598771086e-06,5.375710892e-07,
3.542420859e-08,-8.997457916e-08,-2.039739141e-08,-1.123415200e-06,-3.976239370e-06,-8.231485050e-06,-9.346659676e-06,-5.367994251e-06,-1.254929862e-06,
1.589270379e-01
l,6.5,-1.5
3.271,4.271,5.291,
3.033394335e-15,1.458045761e+01
6.257072869e-07,-2.941341707e-07,-1.140144155e-06,4.322980405e-06,1.333016825e-05,1.590549948e-05,1.054894431e-05,4.104088490e-06,7.706323577e-07,
8.621240371e-08,-2.192225576e-07,-2.635461821e-08,-2.537088202e-06,-8.790232946e-06,-1.791694108e-05,-1.997929057e-05,-1.120170807e-05,-2.546223151e-06,
1.589271477e-01
l,6.5,-0.5
3.331,4.331,5.351,
1.160850135e-14,1.402128419e+01
1.574957992e-06,-6.606827464e-07,-2.944605270e-06,1.122477424e-05,3.709920455e-05,4.752944760e-05,3.368244263e-05,1.359582415e-05,2.523935094e-06,
2.206993622e-07,-5.616661994e-07,-7.570208443e-08,-6.529611942e-06,-2.262575562e-05,-4.599055575e-05,-5.117044154e-05,-2.860663029e-05,-6.477479003e-06,
1.589100607e-01
l,6.5,0.5
3.371,4.391,5.411,
1.971482284e-14,1.414972162e+01
3.964248208e-06,-1.477414711e-06,-7.422485800e-06,2.737046322e-05,9.453289996e-05,1.280148511e-04,9.789001907e-05,4.296964981e-05,8.541234503e-06,
5.650297562e-07,-1.439135972e-06,-2.925549638e-07,-1.757859377e-05,-6.134990271e-05,-1.250347174e-04,-1.396487782e-04,-7.833511768e-05,-1.773161659e-05,
1.589272345e-01
l,6.5,1.5
3.431,4.431,5.451,
9.777220636e-14,1.342806406e+01
1.015939961e-05,-2.632342908e-06,-1.954774499e-05,7.913838035e-05,2.956021975e-04,4.206833942e-04,3.228293044e-04,1.347132617e-04,2.437267819e-05,
1.521695214e-06,-3.877830760e-06,-9.208263487e-07,-4.782676124e-05,-1.677016506e-04,-3.406837823e-04,-3.814556432e-04,-2.155017584e-04,-4.924070354e-05,
1.589087739e-01
l,6.5,2.5
3.471,4.531,5.591,
1.385784167e-13,1.374288101e+01
2.529619087e-05,-7.653847533e-06,-5.505940288e-05,1.352904030e-04,6.600834350e-04,1.170933497e-03,1.128380880e-03,5.791225982e-04,1.236539498e-04,
3.178109676e-06,-8.113558456e-06,-1.915632967e-06,-9.691671208e-05,-3.149506812e-04,-5.942414932e-04,-5.863458771e-04,-2.744469389e-04,-4.912282225e-05,
1.590408604e-01
l,6.5,3.5
3.551,4.551,5.571,
1.639335399e-12,1.233558528e+01
6.511066022e-05,-1.867162817e-05,-1.142563127e-04,4.017852509e-04,1.191052740e-03,1.216320337e-03,5.980692619e-04,1.528267781e-04,2.236682821e-05,
9.962350441e-06,-2.542678708e-05,-3.493595256e-06,-3.023944533e-04,-1.076284139e-03,-2.239351040e-03,-2.599375389e-03,-1.528066472e-03,-3.613889871e-04,
1.588427401e-01
l,6.5,4.5
3.591,4.611,5.631,
6.497275983e-12,1.189666767e+01
1.704549068e-04,-3.843527925e-05,-3.420079308e-04,1.445960256e-03,5.831687134e-03,8.960199154e-03,7.411644559e-03,3.306045173e-03,6.299429411e-04,
2.550156548e-05,-6.513491258e-05,-1.690501913e-05,-8.015389019e-04,-2.789627790e-03,-5.607847588e-03,-6.186492505e-03,-3.434935676e-03,-7.724905762e-04,
1.589083132e-01
l,6.5,5.5
3.631,4.671,5.731,
1.140869669e-11,1.208149529e+01
4.349221999e-04,-7.044545299e-05,-9.707480518e-04,2.282027581e-03,1.138432981e-02,1.943909707e-02,1.785779602e-02,8.820194731e-03,1.840496545e-03,
5.893037128e-05,-1.506939990e-04,-2.843800522e-05,-1.764440363e-03,-5.838113627e-03,-1.121988975e-02,-1.151167765e-02,-5.716978785e-03,-1.106890065e-03,
1.589883903e-01
l,6.5,6.5
3.671,4.731,5.791,
2.299807302e-11,1.213476754e+01
1.116249943e-03,-2.639338303e-04,-2.352722877e-03,4.412923467e-03,1.929551542e-02,2.899083642e-02,2.462580959e-02,1.182191635e-02,2.476552481e-03,
1.507013414e-04,-3.855981231e-04,-2.546765962e-05,-4.281013855e-03,-1.432886973e-02,-2.827438596e-02,-3.010014308e-02,-1.563123826e-02,-3.179060276e-03,
1.589579721e-01
l,7.5,-7.5
3.511,4.471,5.451,
1.294132435e-21,1.991950283e+01
5.788526880e-10,-3.943858824e-10,-8.278136453e-10,5.119990677e-09,1.381005178e-08,1.764089299e-08,1.559108489e-08,9.254794601e-09,2.543557186e-09,
8.151529640e-11,-2.077309018e-10,-3.590581933e-11,-2.569797413e-09,-9.271287984e-09,-1.969995155e-08,-2.313115965e-08,-1.387634043e-08,-3.410969453e-09,
1.589094578e-01
l,7.5,-6.5
3.571,4.531,5.511,
2.246097994e-21,1.990521681e+01
1.439116049e-09,-8.452976204e-10,-2.222474311e-09,1.394483201e-08,4.238474643e-08,5.773861890e-08,4.863818966e-08,2.541733379e-08,6.194331378e-09,
2.086288127e-10,-5.320795034e-10,-1.165261234e-10,-6.695062818e-09,-2.416635602e-08,-5.103661984e-08,-5.958480627e-08,-3.554512347e-08,-8.695777460e-09,
1.589094751e-01
l,7.5,-5.5
3.631,4.611,5.591,
2.676777032e-21,2.019452422e+01
3.521849035e-09,-2.016392621e-09,-5.810266627e-09,3.034764766e-08,9.275684346e-08,1.199728408e-07,8.986950245e-08,3.971291454e-08,8.165200654e-09,
5.073799849e-10,-1.295321222e-09,-3.455251716e-10,-1.675812115e-08,-6.034414485e-08,-1.269491011e-07,-1.470077079e-07,-8.664113236e-08,-2.089635836e-08,
1.589267937e-01
l,7.5,-4.5
3.691,4.691,5.691,
5.678584495e-21,2.003570423e+01
8.602984991e-09,-5.103795782e-09,-1.457618340e-08,6.255516939e-08,1.810297077e-07,2.183636597e-07,1.578407124e-07,7.143174509e-08,1.565985578e-08,
1.172078882e-09,-2.995955110e-09,-3.829271329e-10,-3.539755793e-08,-1.241478642e-07,-2.571351850e-07,-2.914173402e-07,-1.667021228e-07,-3.885178313e-08,
1.589268101e-01
l,7.5,-3.5
3.751,4.751,5.751,
1.980423787e-20,1.952516520e+01
2.141328004e-08,-1.156033912e-08,-3.679500726e-08,1.534741839e-07,4.309119723e-07,4.595635545e-07,2.574456886e-07,8.149157330e-08,1.320724894e-08,
2.998098107e-09,-7.668945732e-09,-1.048556865e-09,-9.148921033e-08,-3.232722938e-07,-6.727629036e-07,-7.703904849e-07,-4.465052197e-07,-1.052997620e-07,
1.589097286e-01
l,7.5,-2.5
3.811,4.811,5.811,
8.310349115e-20,1.890683603e+01
5.358068833e-08,-2.509528595e-08,-9.614307438e-08,4.157496112e-07,1.324648758e-06,1.653541468e-06,1.117869220e-06,4.182145611e-07,7.049422684e-08,
7.668258288e-09,-1.962868806e-08,-3.284605479e-09,-2.363331587e-07,-8.343078622e-07,-1.725886784e-06,-1.964020717e-06,-1.130457708e-06,-2.647807243e-07,
1.588960035e-01
l,7.5,-1.5
3.871,4.871,5.891,
3.503135773e-19,1.830578244e+01
1.337436970e-07,-5.191918685e-08,-2.569259743e-07,9.374002924e-07,3.375710190e-06,4.785017530e-06,3.807979696e-06,1.711645498e-06,3.418211031e-07,
1.863685497e-08,-4.774891158e-08,-7.489886401e-09,-5.643903433e-07,-1.949069430e-06,-3.943277869e-06,-4.351732997e-06,-2.401364474e-06,-5.345895611e-07,
1.589271477e-01
l,7.5,-0.5
3.931,4.931,5.951,
2.140481589e-18,1.745295462e+01
3.343486981e-07,-1.128891195e-07,-6.380527842e-07,2.253693894e-06,8.355709753e-06,1.227217170e-05,1.030625650e-05,4.954418112e-06,1.059988932e-06,
4.766000599e-08,-1.221897979e-07,-2.734462154e-08,-1.517948501e-06,-5.294446144e-06,-1.077417121e-05,-1.199948721e-05,-6.691055470e-06,-1.500077138e-06,
1.589272153e-01
l,7.5,0.5
3.991,5.011,6.031,
9.039403519e-18,1.690090929e+01
8.346440268e-07,-3.321887111e-07,-1.596309043e-06,5.704700105e-06,2.031391145e-05,2.822255497e-05,2.187064861e-05,9.526616859e-06,1.840329774e-06,
1.157726650e-07,-2.970737455e-07,-3.983900312e-08,-3.468867547e-06,-1.196654586e-05,-2.423520140e-05,-2.677704473e-05,-1.478508085e-05,-3.291605858e-06,
1.589271987e-01
l,7.5,1.5
4.031,5.071,6.111,
1.606423809e-17,1.697731196e+01
2.089444934e-06,-7.328460349e-07,-4.093880350e-06,1.059664040e-05,3.958483494e-05,5.714906693e-05,4.861308455e-05,2.414606723e-05,5.324131616e-06,
2.812300620e-07,-7.222492998e-07,-1.130207751e-07,-8.617967976e-06,-2.943179228e-05,-5.909484927e-05,-6.434467854e-05,-3.463120466e-05,-7.407274076e-06,
1.589565481e-01
l,7.5,2.5
4.091,5.071,6.051,
4.968741018e-16,1.505900414e+01
5.526171208e-06,-5.547394800e-07,-1.014489855e-05,6.453498028e-05,2.711155166e-04,4.527995750e-04,4.076839622e-04,1.970942024e-04,4.044721881e-05,
9.768286057e-07,-2.507084325e-06,-1.095728939e-06,-3.379475854e-05,-1.236555633e-04,-2.556760701e-04,-2.955206653e-04,-1.755394393e-04,-4.269475707e-05,
1.586974757e-01
l,7.5,3.5
4.131,5.191,6.271,
1.371836654e-16,1.649348467e+01
1.350049024e-05,-3.050072668e-06,-3.126951771e-05,5.194106723e-05,2.933080694e-04,5.235718980e-04,4.974402856e-04,2.505098396e-04,5.248854097e-05,
1.658608919e-06,-4.266524232e-06,-3.066619943e-07,-4.557085956e-05,-1.435225589e-04,-2.642835432e-04,-2.511967856e-04,-1.094759866e-04,-1.722251843e-05,
1.590125803e-01
l,7.5,4.5
4.191,5.231,6.291,
1.891123107e-15,1.514848363e+01
3.432689118e-05,-8.277764541e-06,-6.755612771e-05,1.297010473e-04,4.855160951e-04,6.386164814e-04,5.070751334e-04,2.521103873e-04,5.861861764e-05,
4.695935798e-06,-1.208193665e-05,-1.306923442e-06,-1.412379242e-04,-4.826795400e-04,-9.731867666e-04,-1.071353026e-03,-5.827757724e-04,-1.251312694e-04,
1.589244244e-01
l,7.5,5.5
4.251,5.271,6.291,
2.211274691e-14,1.399414288e+01
9.012262308e-05,-1.546153632e-05,-1.716932083e-04,6.581619789e-04,2.549335421e-03,3.688075252e-03,2.868191411e-03,1.212579329e-03,2.221253061e-04,
1.399812749e-05,-3.601472100e-05,-8.944515109e-06,-4.499047962e-04,-1.589760775e-03,-3.249872871e-03,-3.686427434e-03,-2.112501838e-03,-4.874674593e-04,
1.588461878e-01
l,7.5,6.5
4.271,5.331,6.391,
4.540570235e-14,1.406522831e+01
2.331286960e-04,-2.487749956e-05,-5.260661660e-04,1.352668794e-03,6.776825466e-03,1.150309527e-02,1.034828082e-02,4.962632928e-03,1.002019851e-03,
3.229528663e-05,-8.316885069e-05,-1.128144540e-05,-9.338176265e-04,-3.081579577e-03,-5.905855619e-03,-6.077469802e-03,-3.040565670e-03,-5.964588446e-04,
1.589572031e-01
l,7.5,7.5
4.331,5.391,6.471,
9.790445173e-14,1.408168731e+01
5.956065143e-04,-6.350336393e-05,-1.391151361e-03,1.786251957e-03,1.107819410e-02,1.919766503e-02,1.759172965e-02,8.624439390e-03,1.779593778e-03,
7.837471676e-05,-2.019775964e-04,-1.689906026e-05,-2.219832808e-03,-7.198108848e-03,-1.367104071e-02,-1.375204000e-02,-6.555171250e-03,-1.179672645e-03,
1.589577308e-01
l,8.5,-8.5
4.051,5.011,5.971,
0.000000000e+00,0.000000000e+00
4.989555991e-11,-3.437699566e-11,-7.016326009e-11,5.106453943e-10,1.471257663e-09,1.940742197e-09,1.587413493e-09,8.087290855e-10,1.933186309e-10,
7.232841411e-12,-1.854749036e-11,-8.780244312e-12,-2.989584014e-10,-1.176253516e-09,-2.619548530e-09,-3.192189548e-09,-1.990292844e-09,-5.063852439e-10,
1.589094596e-01
l,8.5,-7.5
4.111,5.091,6.071,
0.000000000e+00,0.000000000e+00
1.212784040e-10,-8.123958601e-11,-1.951199657e-10,9.842035916e-10,2.782885051e-09,3.357425276e-09,2.394208458e-09,1.048392262e-09,2.217060207e-10,
1.669141251e-11,-4.284856164e-11,-6.253255598e-12,-5.167712472e-10,-1.838946466e-09,-3.865480870e-09,-4.456263485e-09,-2.608885432e-09,-6.264680125e-10,
1.589265165e-01
l,8.5,-6.5
4.191,5.171,6.151,
6.248500250e-26,2.393574407e+01
2.947593003e-10,-2.029764309e-10,-4.556193480e-10,2.193609605e-09,5.702461013e-09,6.440705787e-09,4.759792395e-09,2.465235055e-09,6.388064681e-10,
4.053510278e-11,-1.041445902e-10,-1.410450736e-11,-1.264479351e-09,-4.523880744e-09,-9.582124550e-09,-1.116288248e-08,-6.605645281e-09,-1.597604021e-09,
1.589265379e-01
l,8.5,-5.5
4.251,5.231,6.211,
1.440610587e-25,2.372848474e+01
7.323581186e-10,-4.594408580e-10,-1.176374637e-09,5.644716829e-09,1.452847003e-08,1.394667015e-08,6.507587570e-09,1.602338182e-09,2.472022478e-10,
1.036052585e-10,-2.663499555e-10,-3.499915359e-11,-3.215083222e-09,-1.154923445e-08,-2.448180893e-08,-2.868364206e-08,-1.712234332e-08,-4.180712128e-09,
1.589096392e-01
l,8.5,-4.5
4.311,5.291,6.271,
3.397808794e-25,2.352510691e+01
1.823529994e-09,-9.648369231e-10,-3.122689900e-09,1.537293672e-08,4.831935220e-08,6.199860377e-08,4.427445861e-08,1.798035306e-08,3.349542600e-09,
2.647889201e-10,-6.811312336e-10,-1.457452392e-10,-8.556699491e-09,-3.073731814e-08,-6.462743470e-08,-7.493198330e-08,-4.415292907e-08,-1.062764599e-08,
1.588956767e-01
l,8.5,-3.5
4.371,5.351,6.351,
1.168224173e-24,2.307245459e+01
4.515772201e-09,-1.945925187e-09,-8.269653579e-09,3.352601540e-08,1.199190886e-07,1.786390620e-07,1.547032743e-07,7.703855732e-08,1.701978505e-08,
6.428990728e-10,-1.655056341e-09,-4.090402740e-10,-2.107690059e-08,-7.442947192e-08,-1.535368162e-07,-1.733902952e-07,-9.840943355e-08,-2.257652618e-08,
1.589267946e-01
l,8.5,-2.5
4.431,5.431,6.431,
4.930808857e-24,2.249622139e+01
1.109688963e-08,-5.347949554e-09,-1.962189205e-08,7.701719815e-08,2.480931088e-07,3.293593349e-07,2.579475023e-07,1.210262604e-07,2.626414022e-08,
1.560385706e-09,-4.020057408e-09,-7.804381676e-10,-5.004939885e-08,-1.770125682e-07,-3.676503309e-07,-4.191358303e-07,-2.406102552e-07,-5.586470185e-08,
1.589270379e-01
l,8.5,-1.5
4.491,5.491,6.491,
3.420862736e-23,2.161842302e+01
2.775628083e-08,-1.205667999e-08,-4.969786594e-08,2.024231056e-07,6.666896724e-07,8.735239515e-07,6.423587117e-07,2.715298260e-07,5.264615914e-08,
3.986999232e-09,-1.027752804e-08,-2.127038699e-09,-1.286031933e-07,-4.563051900e-07,-9.476499028e-07,-1.083821547e-06,-6.258152884e-07,-1.463228549e-07,
1.589271079e-01
l,8.5,-0.5
4.551,5.551,6.571,
2.112195054e-22,2.084006060e+01
6.948709341e-08,-2.584482001e-08,-1.340147802e-07,4.680908936e-07,1.711140348e-06,2.438036089e-06,1.947654431e-06,8.801895563e-07,1.771623575e-07,
9.674286335e-09,-2.495613573e-08,-3.348679336e-09,-2.930490505e-07,-1.012115998e-06,-2.052211130e-06,-2.273179428e-06,-1.257640074e-06,-2.800031975e-07,
1.589272153e-01
l,8.5,0.5
4.591,5.611,6.631,
1.927971606e-22,2.133130212e+01
1.740928042e-07,-5.781953687e-08,-3.360200486e-07,1.127178872e-06,4.162388236e-06,5.890416955e-06,4.634515006e-06,2.049137064e-06,4.017090609e-07,
2.470941326e-08,-6.377531238e-08,-1.039459122e-08,-7.656094703e-07,-2.661070863e-06,-5.418558338e-06,-6.046238428e-06,-3.373853550e-06,-7.560832820e-07,
1.588961285e-01
l,8.5,1.5
4.651,5.671,6.691,
2.786498761e-21,2.004125651e+01
4.411056977e-07,-1.215361249e-07,-8.966892190e-07,3.274423446e-06,1.370846007e-05,2.189617836e-05,1.905253354e-05,9.001797469e-06,1.817896824e-06,
6.312975460e-08,-1.630240716e-07,-2.876920942e-08,-1.930281253e-06,-6.633831679e-06,-1.326801562e-05,-1.445584720e-05,-7.842318605e-06,-1.710243417e-06,
1.589249555e-01
l,8.5,2.5
4.711,5.791,6.891,
1.220305717e-20,1.950017992e+01
1.049232992e-06,-5.030030468e-07,-2.139438357e-06,1.629494998e-06,9.072442257e-06,1.974402197e-05,2.605928880e-05,1.748918609e-05,4.541912442e-06,
1.123397838e-07,-2.905896104e-07,-2.645031681e-09,-3.097253010e-06,-9.697229854e-06,-1.817302701e-05,-1.743332658e-05,-7.629133019e-06,-1.191901442e-06,
1.590073946e-01
l,8.5,3.5
4.751,5.751,6.771,
2.587302173e-19,1.803591812e+01
2.867875082e-06,-2.337359322e-07,-5.681532720e-06,2.595430266e-05,1.133481180e-04,1.876567651e-04,1.665995929e-04,7.943038855e-05,1.608985208e-05,
4.564293752e-07,-1.179472780e-06,-2.993881949e-07,-1.442763803e-05,-5.052339348e-05,-1.013884590e-04,-1.128537526e-04,-6.360289710e-05,-1.451944548e-05,
1.588369849e-01
l,8.5,4.5
4.791,5.831,6.891,
1.843084948e-19,1.873461295e+01
7.179154181e-06,-3.244210117e-07,-1.695602460e-05,3.007788186e-05,1.882332105e-04,3.537545678e-04,3.472963290e-04,1.798504241e-04,3.880526235e-05,
9.988951581e-07,-2.583842489e-06,-6.137977323e-07,-3.094414965e-05,-1.019799295e-04,-1.936733394e-04,-1.952305378e-04,-9.385223760e-05,-1.715097496e-05,
1.589544243e-01
l,8.5,5.5
4.851,5.911,6.991,
6.970981522e-19,1.834119407e+01
1.794831041e-05,-3.343077334e-06,-3.998588574e-05,4.386420693e-05,2.532712826e-04,4.196182493e-04,3.859115756e-04,1.962390874e-04,4.251717648e-05,
2.300314510e-06,-5.954992084e-06,-5.601432452e-07,-6.734013822e-05,-2.208141093e-04,-4.264801195e-04,-4.382447329e-04,-2.152784743e-04,-4.035454253e-05,
1.589862421e-01
l,8.5,6.5
4.911,5.951,7.011,
1.994572160e-17,1.670575933e+01
4.645939043e-05,-8.348947891e-06,-9.237895204e-05,2.039085677e-04,7.847874843e-04,1.007875062e-03,6.943228687e-04,2.704121128e-04,4.867304320e-05,
6.511028262e-06,-1.685816381e-05,-1.145663621e-06,-1.907315568e-04,-6.507968046e-04,-1.309951708e-03,-1.448893251e-03,-7.951078110e-04,-1.728261737e-04,
1.589078878e-01
l,8.5,7.5
4.951,5.991,7.031,
2.514366608e-16,1.563373758e+01
1.218331017e-04,-7.488050477e-06,-2.511585404e-04,7.931652799e-04,3.667450090e-03,6.045785735e-03,5.341788973e-03,2.542120620e-03,5.143274433e-04,
1.843838265e-05,-4.774706475e-05,-1.239306698e-05,-5.937046480e-04,-2.050304778e-03,-4.085812804e-03,-4.476596079e-03,-2.449120414e-03,-5.346442034e-04,
1.589091011e-01
l,8.5,8.5
4.991,6.051,7.131,
5.004797346e-16,1.571988552e+01
3.137972089e-04,-4.526782037e-06,-7.531394176e-04,1.087445344e-03,7.164457240e-03,1.298575127e-02,1.218858300e-02,6.038883838e-03,1.250749379e-03,
4.245244631e-05,-1.100148609e-04,-1.230441647e-05,-1.215820283e-03,-3.930104484e-03,-7.383725943e-03,-7.353757905e-03,-3.466771974e-03,-6.153139837e-04,
1.589571454e-01
