l,0.5,-0.5
0.111,0.771,1.431,
5.797582675e-02,2.139556235e+00
2.658013953e-03,-4.760012098e-03,5.474345159e-03,8.409597844e-02,3.942705842e-01,1.300150321e+00,2.283872961e+00,2.091755399e+00,8.295279151e-01,
4.563678000e-04,-1.469638092e-03,-2.131409974e-03,-6.049370753e-02,-3.660979074e-01,-1.211148221e+00,-2.202111297e+00,-2.074305926e+00,-7.939388343e-01,
1.588170377e-01
l,0.5,0.5
0.151,0.291,0.471,
6.043931043e-01,2.555111897e+00
1.454450004e-02,7.289511273e-02,3.498896954e+00,1.752655111e+02,4.131143400e+03,5.379275532e+04,3.927584890e+05,1.503661385e+06,2.349201507e+06,
1.655620145e-02,-1.550434069e-02,-2.383331927e+00,-1.280214655e+02,-3.062629641e+03,-3.803571907e+04,-2.565639509e+05,-8.916905338e+05,-1.251440855e+06,
1.591437802e-01
l,1.5,-1.5
0.271,0.951,1.631,
2.537609090e-02,4.196733560e+00
5.033026100e-04,-1.025920745e-03,1.036454049e-03,1.244831110e-02,4.438096341e-02,1.256431962e-01,1.362506737e-01,5.182156653e-03,-4.383803386e-02,
7.306712917e-05,-2.420539540e-04,-2.944558988e-04,-9.328239740e-03,-5.489469080e-02,-1.778446068e-01,-3.149940885e-01,-2.886449295e-01,-1.074972661e-01,
1.586626764e-01
l,1.5,-0.5
0.331,0.891,1.451,
2.324257039e-02,3.712815110e+00
1.915215980e-03,-3.157633799e-03,7.839642872e-04,8.016991694e-02,4.060076269e-01,1.746051091e+00,4.169889214e+00,4.733152202e+00,2.058305445e+00,
4.282381549e-04,-1.383431840e-03,-1.686470947e-03,-5.338998658e-02,-3.448684765e-01,-1.260048434e+00,-2.595262957e+00,-2.811523337e+00,-1.254276021e+00,
1.589582896e-01
l,1.5,0.5
0.331,1.031,1.751,
8.433250937e-02,4.036326218e+00
4.047289956e-03,-8.335951848e-03,5.759999036e-03,6.424722986e-02,1.660911250e-01,4.572961503e-01,2.629222728e-01,-5.500595039e-01,-5.021619255e-01,
5.152131056e-04,-1.725241307e-03,-7.190146903e-04,-4.171080828e-02,-2.122265803e-01,-6.276658964e-01,-1.029576008e+00,-8.834128299e-01,-3.115164894e-01,
1.584769458e-01
l,1.5,1.5
0.351,0.591,0.871,
6.604914155e-01,4.408548733e+00
2.748982050e-02,5.705839576e-02,1.724346369e+00,7.961836718e+01,1.423667565e+03,1.286529591e+04,6.149564325e+04,1.484774456e+05,1.428750606e+05,
2.227092788e-02,-4.783665630e-02,-8.021526389e-01,-2.434523329e+01,-3.432422727e+02,-2.590182762e+03,-1.091565469e+04,-2.412449679e+04,-2.177613532e+04,
1.591437689e-01
l,2.5,-2.5
0.471,1.131,1.791,
3.579448137e-03,6.739436544e+00
9.195604071e-05,-2.006616066e-04,2.044019570e-04,2.468143037e-03,9.473074722e-03,3.278749582e-02,4.946990977e-02,2.397429756e-02,-1.497231283e-03,
1.317332388e-05,-4.437383264e-05,-4.732138750e-05,-1.675386336e-03,-1.000899401e-02,-3.323948079e-02,-6.047822472e-02,-5.708991410e-02,-2.195997707e-02,
1.585697478e-01
l,2.5,-1.5
0.551,1.091,1.671,
1.850021169e-03,5.668195824e+00
3.114767023e-04,-4.537451051e-04,1.926825530e-04,1.836889469e-02,9.579473013e-02,3.881555608e-01,9.607268766e-01,1.193691288e+00,5.783533640e-01,
6.409909172e-05,-2.132960808e-04,-4.070978985e-04,-1.104813584e-02,-7.315056095e-02,-2.679676193e-01,-5.462824020e-01,-5.812342418e-01,-2.531931313e-01,
1.589582437e-01
l,2.5,-0.5
0.571,1.251,1.951,
3.375234118e-03,5.773769390e+00
6.456854753e-04,-1.355086145e-03,8.369712129e-04,1.852852118e-02,8.298401172e-02,3.642572144e-01,8.039800522e-01,8.017011964e-01,2.982052442e-01,
8.070799242e-05,-2.754893133e-04,-9.880709513e-05,-6.800635806e-03,-3.508607125e-02,-1.064147602e-01,-1.790745229e-01,-1.581692632e-01,-5.778189016e-02,
1.584769182e-01
l,2.5,0.5
0.591,1.191,1.811,
6.023627557e-03,5.151197776e+00
2.363194944e-03,-3.544691877e-03,-4.646463503e-04,1.034317526e-01,4.537463445e-01,1.676804535e+00,3.999607549e+00,4.752706344e+00,2.169668118e+00,
4.223241681e-04,-1.422829917e-03,-1.944077712e-03,-6.089820255e-02,-3.811435119e-01,-1.322064163e+00,-2.533540357e+00,-2.521596431e+00,-1.026038657e+00,
1.589101604e-01
l,2.5,1.5
0.571,1.291,2.031,
2.626862394e-02,5.548771682e+00
5.691165105e-03,-1.172087495e-02,7.367847115e-03,1.379864559e-01,5.944346894e-01,2.422770420e+00,4.839158199e+00,4.320565952e+00,1.425924863e+00,
6.453198804e-04,-2.211341405e-03,-1.018105838e-03,-5.530451063e-02,-2.746252384e-01,-7.953760148e-01,-1.272222585e+00,-1.063788576e+00,-3.663748193e-01,
1.582292281e-01
l,2.5,2.5
0.571,0.871,1.211,
2.321154217e-01,6.231057223e+00
3.832333162e-02,7.894489176e-02,1.183645640e+00,3.708369588e+01,4.405669484e+02,2.839950067e+03,1.033166588e+04,1.979283219e+04,1.549388905e+04,
2.709623014e-02,-6.907113387e-02,-1.011153203e+00,-2.873293981e+01,-3.551421922e+02,-2.294440356e+03,-8.128037162e+03,-1.490455853e+04,-1.106413835e+04,
1.591437364e-01
l,3.5,-3.5
0.671,1.311,1.951,
3.403882650e-04,1.163752023e+01
1.616978989e-05,-3.590892616e-05,3.269165606e-05,4.818658521e-04,1.999244171e-03,8.177532043e-03,1.588665079e-02,1.289986983e-02,3.386138311e-03,
2.356527296e-06,-8.046134409e-06,-7.834996520e-06,-3.016936539e-04,-1.830648029e-03,-6.226187373e-03,-1.163336361e-02,-1.130288574e-02,-4.486428869e-03,
1.585386934e-01
l,3.5,-2.5
0.771,1.331,1.911,
9.513613096e-05,8.894638450e+00
4.641920168e-05,-7.869035864e-05,1.864421944e-05,2.175752635e-03,9.216169255e-03,3.548589990e-02,8.735083092e-02,1.053074416e-01,4.837905167e-02,
8.795776907e-06,-2.993722602e-05,-3.885560300e-05,-1.310243794e-03,-8.578397376e-03,-3.142771597e-02,-6.403246197e-02,-6.811772131e-02,-2.972872689e-02,
1.589582089e-01
l,3.5,-1.5
0.831,1.471,2.111,
9.563623026e-05,7.910792916e+00
9.920779848e-05,-2.067787448e-04,1.342776344e-04,3.824405079e-03,1.773782911e-02,7.779919610e-02,1.863524750e-01,2.087422443e-01,8.847524768e-02,
1.435423811e-05,-4.956681040e-05,-4.655798835e-05,-1.858704440e-03,-1.126671432e-02,-3.832354101e-02,-7.157861898e-02,-6.949422228e-02,-2.761553285e-02,
1.585697825e-01
l,3.5,-0.5
0.891,1.471,2.071,
1.582763177e-04,7.251154408e+00
3.009598877e-04,-4.806371726e-04,-3.779828819e-05,1.383447597e-02,5.911582759e-02,2.133260255e-01,5.158099537e-01,6.313861239e-01,2.980917936e-01,
5.363617398e-05,-1.846957563e-04,-2.436487870e-04,-8.050307505e-03,-5.136305180e-02,-1.829456950e-01,-3.609325671e-01,-3.706135575e-01,-1.559279164e-01,
1.589272874e-01
l,3.5,0.5
0.891,1.551,2.251,
3.733586925e-04,7.146155243e+00
7.607907755e-04,-1.458920583e-03,-1.709475283e-06,2.107843059e-02,6.772097211e-02,2.761842823e-01,7.079313919e-01,8.250978845e-01,3.537201820e-01,
9.308194252e-05,-3.240851429e-04,-1.047235998e-04,-8.040786426e-03,-4.120030349e-02,-1.247182155e-01,-2.091358699e-01,-1.838908317e-01,-6.721130911e-02,
1.584151132e-01
l,3.5,1.5
0.891,1.511,2.171,
1.122682063e-03,6.679283216e+00
2.663762076e-03,-3.992388354e-03,-2.934206851e-03,9.021394266e-02,3.125086337e-01,9.537873310e-01,2.246747861e+00,2.714674203e+00,1.245559634e+00,
4.001221558e-04,-1.385150515e-03,-1.319816289e-03,-5.101527602e-02,-3.020350355e-01,-9.967062026e-01,-1.800891290e+00,-1.680453670e+00,-6.408560093e-01,
1.589100626e-01
l,3.5,2.5
0.851,1.571,2.331,
4.601549060e-03,6.493776075e+00
7.251314819e-03,-1.471253433e-02,4.251442088e-03,1.564027974e-01,5.591982207e-01,2.499665400e+00,5.791969888e+00,5.938281416e+00,2.244134732e+00,
7.397722602e-04,-2.581882676e-03,-5.581697516e-04,-5.820581467e-02,-2.794937941e-01,-7.943048164e-01,-1.240621633e+00,-1.012462063e+00,-3.417806569e-01,
1.580438655e-01
l,3.5,3.5
0.831,1.191,1.571,
3.687503443e-02,7.394936637e+00
4.998379946e-02,6.066465252e-02,8.657497353e-01,2.872339882e+01,3.061402487e+02,1.723727588e+03,5.386111949e+03,8.757914638e+03,5.772788492e+03,
2.861695475e-02,-8.129980097e-02,-8.281855518e-01,-2.351159728e+01,-2.709791015e+02,-1.605869971e+03,-5.155737489e+03,-8.495819416e+03,-5.637031305e+03,
1.591437624e-01
l,4.5,-4.5
0.911,1.511,2.111,
2.238751842e-06,1.251777498e+01
2.623454066e-06,-5.940892341e-06,6.780589154e-06,1.113079107e-04,5.992596006e-04,2.690897355e-03,6.116580673e-03,6.527338186e-03,2.681517765e-03,
4.188650030e-07,-1.446456787e-06,-1.504128831e-06,-5.813370996e-05,-3.696043959e-04,-1.324475698e-03,-2.625693001e-03,-2.718459293e-03,-1.152901027e-03,
1.585695078e-01
l,4.5,-3.5
0.991,1.551,2.111,
1.354112927e-06,1.512056092e+01
6.993966963e-06,-1.221804182e-05,4.559631799e-06,3.804494019e-04,1.788511187e-03,7.097181091e-03,1.751886787e-02,2.144581977e-02,1.011111527e-02,
1.363882708e-06,-4.709849410e-06,-6.943057763e-06,-2.235938112e-04,-1.498084562e-03,-5.627832263e-03,-1.179193874e-02,-1.292952063e-02,-5.825267782e-03,
1.589581189e-01
l,4.5,-2.5
1.071,1.671,2.271,
1.272730055e-06,1.203775697e+01
1.540455924e-05,-2.927459653e-05,1.117781575e-05,7.091010310e-04,3.139949102e-03,1.278489925e-02,3.192007119e-02,3.877562321e-02,1.801016185e-02,
2.538311661e-06,-8.850149745e-06,-1.058400901e-05,-3.769260094e-04,-2.396607864e-03,-8.558951451e-03,-1.690621181e-02,-1.740747000e-02,-7.353754293e-03,
1.586926956e-01
l,4.5,-1.5
1.131,1.711,2.311,
1.813068341e-06,1.146178391e+01
4.123237886e-05,-6.363790462e-05,-3.680709053e-05,1.811533359e-03,7.376202708e-03,2.532903570e-02,6.264540508e-02,7.991998219e-02,3.925233515e-02,
7.182416781e-06,-2.509680751e-05,-2.835991730e-05,-1.038649866e-03,-6.586142040e-03,-2.341921625e-02,-4.608546394e-02,-4.714198573e-02,-1.977664334e-02,
1.589582983e-01
l,4.5,-0.5
1.171,1.791,2.431,
4.288836323e-06,9.699200960e+00
1.031704014e-04,-1.759109437e-04,-5.049891867e-05,3.956586978e-03,1.418491971e-02,4.816743137e-02,1.203680258e-01,1.509718475e-01,7.174357419e-02,
1.529055858e-05,-5.375368021e-05,-5.742804532e-05,-2.133474133e-03,-1.291593606e-02,-4.377279006e-02,-8.144451616e-02,-7.857060219e-02,-3.105631570e-02,
1.586626896e-01
l,4.5,0.5
1.211,1.811,2.431,
1.141865580e-05,9.067783075e+00
3.016357077e-04,-4.467206428e-04,-3.074183521e-04,1.224058646e-02,4.552980183e-02,1.317425668e-01,2.957082309e-01,3.593266997e-01,1.700203806e-01,
4.973963951e-05,-1.748413906e-04,-2.069812858e-04,-7.267942713e-03,-4.504756969e-02,-1.560521126e-01,-2.981356632e-01,-2.953342519e-01,-1.197911217e-01,
1.589101604e-01
l,4.5,1.5
1.171,1.851,2.551,
3.724427147e-05,8.463777135e+00
8.526677266e-04,-1.415736592e-03,-1.006278072e-03,2.347111647e-02,5.585886482e-02,1.287919498e-01,3.311874799e-01,4.331812729e-01,2.041467932e-01,
1.054871533e-04,-3.727876578e-04,-1.247263953e-04,-9.394688463e-03,-4.790719202e-02,-1.442969167e-01,-2.404402278e-01,-2.093854866e-01,-7.599121005e-02,
1.584149170e-01
l,4.5,2.5
1.151,1.831,2.511,
1.575317244e-04,7.717741131e+00
2.902349923e-03,-4.318953473e-03,-4.364321512e-03,8.401909132e-02,2.430555438e-01,5.568454911e-01,1.199063883e+00,1.425053700e+00,6.412211657e-01,
3.954226489e-04,-1.393805521e-03,-1.079480816e-03,-4.814040975e-02,-2.769388797e-01,-8.922403592e-01,-1.565289908e+00,-1.412808522e+00,-5.209902163e-01,
1.588469615e-01
l,4.5,3.5
1.131,1.851,2.591,
7.746462499e-04,7.493511591e+00
8.883716539e-03,-1.707579810e-02,-9.248659456e-04,1.730204374e-01,3.551775097e-01,1.469890534e+00,4.128967530e+00,4.840020957e+00,2.008457434e+00,
9.609700341e-04,-3.393969042e-03,-1.116070855e-03,-8.226489218e-02,-4.042599297e-01,-1.169249293e+00,-1.864471384e+00,-1.555337259e+00,-5.380581986e-01,
1.579042372e-01
l,4.5,4.5
1.091,1.491,1.911,
5.257868901e-03,8.264775440e+00
5.988591909e-02,5.890002221e-02,2.965060646e-01,1.334591365e+01,1.170835192e+02,5.442760019e+02,1.462025164e+03,2.108825002e+03,1.257116019e+03,
3.025351804e-02,-9.115556627e-02,-4.538538110e-01,-1.090767251e+01,-1.020546801e+02,-5.106952105e+02,-1.435449189e+03,-2.113080896e+03,-1.267921675e+03,
1.591437702e-01
l,5.5,-5.5
1.131,1.711,2.291,
7.183159365e-09,2.064568460e+01
4.149810025e-07,-9.357371226e-07,9.969973604e-07,1.778753161e-05,8.424605546e-05,3.736300894e-04,8.723444634e-04,9.540544848e-04,3.993971466e-04,
6.906209612e-08,-2.410612074e-07,-2.646895812e-07,-1.014319462e-05,-6.618282850e-05,-2.441750056e-04,-4.999166062e-04,-5.355902016e-04,-2.354701905e-04,
1.586622447e-01
l,5.5,-4.5
1.231,1.771,2.331,
1.524736832e-09,2.280909204e+01
1.032136993e-06,-1.834757045e-06,5.599416661e-07,5.906817423e-05,2.880725689e-04,1.129909186e-03,2.708523364e-03,3.224565063e-03,1.478921422e-03,
1.954283267e-07,-6.836060069e-07,-9.252152573e-07,-3.164543889e-05,-2.113124635e-04,-7.936193665e-04,-1.660717831e-03,-1.816987511e-03,-8.170167605e-04,
1.589579684e-01
l,5.5,-3.5
1.331,1.891,2.471,
3.123014859e-09,1.748900999e+01
2.241429002e-06,-4.184053168e-06,8.431359404e-07,1.114929501e-04,5.373607343e-04,2.281107912e-03,5.892467651e-03,7.461014972e-03,3.629681836e-03,
3.879780880e-07,-1.366572299e-06,-1.467464830e-06,-5.719231993e-05,-3.707587408e-04,-1.356343540e-03,-2.753318895e-03,-2.916890587e-03,-1.269786207e-03,
1.588167274e-01
l,5.5,-2.5
1.391,1.951,2.531,
3.805538383e-09,1.676864665e+01
5.626580787e-06,-8.741020546e-06,-5.228436074e-06,2.514840382e-04,9.510664353e-04,3.117975206e-03,8.021377898e-03,1.089456243e-02,5.707625432e-03,
1.020565294e-06,-3.604514241e-06,-4.124175149e-06,-1.532763480e-04,-9.961091061e-04,-3.644354811e-03,-7.407573035e-03,-7.845650444e-03,-3.413351485e-03,
1.589271584e-01
l,5.5,-1.5
1.451,2.031,2.631,
9.142513518e-09,1.518833412e+01
1.381048969e-05,-2.181894684e-05,-1.266903210e-05,6.102980315e-04,2.391232539e-03,7.646692141e-03,1.830400296e-02,2.317706410e-02,1.137803917e-02,
2.324748113e-06,-8.245615028e-06,-9.791654520e-06,-3.519684033e-04,-2.228128633e-03,-7.920643951e-03,-1.556928156e-02,-1.590798982e-02,-6.669805256e-03,
1.587859128e-01
l,5.5,-0.5
1.491,2.091,2.691,
3.849179679e-08,1.304201337e+01
3.628213017e-05,-5.680094590e-05,-3.970398311e-05,1.434097322e-03,4.946654532e-03,1.398851350e-02,3.316612903e-02,4.275289172e-02,2.124350652e-02,
6.107513263e-06,-2.171419867e-05,-2.164162684e-05,-8.679854035e-04,-5.477451185e-03,-1.948451829e-02,-3.834094212e-02,-3.919719997e-02,-1.644554284e-02,
1.589272710e-01
l,5.5,0.5
1.491,2.131,2.771,
8.991780040e-08,1.299824521e+01
1.000888005e-04,-1.521780728e-04,-1.383240092e-04,3.617197326e-03,1.155128189e-02,2.733140721e-02,5.839455563e-02,7.174432892e-02,3.420490477e-02,
1.489845126e-05,-5.312753764e-05,-5.302195560e-05,-2.068725376e-03,-1.245509444e-02,-4.206868027e-02,-7.795077103e-02,-7.470541929e-02,-2.933519556e-02,
1.586927918e-01
l,5.5,1.5
1.511,2.151,2.791,
7.453014525e-07,1.042661747e+01
2.973581140e-04,-4.299360501e-04,-4.776832155e-04,1.025004671e-02,3.345313446e-02,7.813781331e-02,1.634388029e-01,1.990518535e-01,9.470510642e-02,
4.511030704e-05,-1.609669639e-04,-1.423195734e-04,-6.003294878e-03,-3.606141318e-02,-1.216737586e-01,-2.253522472e-01,-2.155852314e-01,-8.441866002e-02,
1.588789144e-01
l,5.5,2.5
1.491,2.171,2.851,
3.446838421e-06,9.694357869e+00
8.981340216e-04,-1.402725432e-03,-1.219945052e-03,2.793018879e-02,7.423085549e-02,1.293906810e-01,2.456645127e-01,2.994848445e-01,1.410212255e-01,
1.179141299e-04,-4.215679691e-04,-4.410451051e-04,-1.612191943e-02,-9.306480379e-02,-2.994952557e-01,-5.248769163e-01,-4.745722515e-01,-1.756488446e-01,
1.584438992e-01
l,5.5,3.5
1.451,2.131,2.831,
1.906063654e-05,8.973923092e+00
3.178487066e-03,-4.173824221e-03,-6.607200234e-03,8.519372371e-02,2.567400069e-01,5.046913856e-01,9.468161774e-01,1.087579398e+00,4.890383085e-01,
4.120481637e-04,-1.471077646e-03,-3.301594232e-04,-3.584423570e-02,-1.813799502e-01,-5.438451435e-01,-9.008293405e-01,-7.704253713e-01,-2.726374886e-01,
1.587995795e-01
l,5.5,4.5
1.411,2.131,2.891,
1.172860049e-04,8.525991306e+00
1.057154965e-02,-1.856565033e-02,-1.152201955e-02,1.796519413e-01,9.244201249e-02,-1.478910731e-01,7.453682395e-01,1.721259650e+00,9.228924497e-01,
1.072549827e-03,-3.831004233e-03,-9.697075674e-04,-8.873091981e-02,-4.230582436e-01,-1.193877903e+00,-1.846764843e+00,-1.490484775e+00,-5.012016070e-01,
1.579503761e-01
l,5.5,5.5
1.351,1.791,2.251,
6.843762177e-04,9.401443350e+00
6.905972958e-02,6.106615897e-02,1.846437302e-01,1.145062162e+01,9.586020248e+01,4.129190377e+02,1.016456949e+03,1.336712397e+03,7.245885801e+02,
3.090280910e-02,-9.715791724e-02,-3.907297563e-01,-9.575605382e+00,-8.389325142e+01,-3.899656422e+02,-1.010914110e+03,-1.363253961e+03,-7.457618783e+02,
1.591437763e-01
l,6.5,-6.5
1.371,1.931,2.491,
0.000000000e+00,0.000000000e+00
6.123347163e-08,-1.418326266e-07,1.546052083e-07,2.616073618e-06,1.142365913e-05,4.667897339e-05,9.718962558e-05,8.816761428e-05,2.666963206e-05,
1.054434634e-08,-3.717457278e-08,-3.807627946e-08,-1.567336875e-06,-1.042561451e-05,-3.942595949e-05,-8.299295654e-05,-9.161139831e-05,-4.157221013e-05,
1.587230807e-01
l,6.5,-5.5
1.491,2.011,2.551,
5.961767355e-12,2.169756233e+01
1.439706949e-07,-2.824661696e-07,2.763837054e-07,1.072832597e-05,6.820245719e-05,3.200598720e-04,8.435589788e-04,1.103288611e-03,5.657631878e-04,
2.774764488e-08,-9.808757587e-08,-2.196309469e-07,-6.975197083e-06,-5.358252307e-05,-2.205970814e-04,-4.935315107e-04,-5.684144017e-04,-2.652086440e-04,
1.589268254e-01
l,6.5,-4.5
1.571,2.111,2.671,
0.000000000e+00,0.000000000e+00
3.217496101e-07,-5.870325526e-07,1.229884919e-07,1.828768284e-05,8.849916035e-05,3.539632192e-04,8.868648409e-04,1.116011414e-03,5.450556107e-04,
5.889015769e-08,-2.092130952e-07,-2.458216569e-07,-9.247501934e-06,-6.164329882e-05,-2.321610933e-04,-4.868598007e-04,-5.337670857e-04,-2.407212874e-04,
1.588786511e-01
l,6.5,-3.5
1.651,2.191,2.751,
0.000000000e+00,0.000000000e+00
7.620736255e-07,-1.208139244e-06,1.936107112e-07,5.518768359e-05,3.114731337e-04,1.208736073e-03,2.867916823e-03,3.517770326e-03,1.708335948e-03,
1.439726141e-07,-5.130442988e-07,-6.935507081e-07,-2.392399180e-05,-1.594116238e-04,-5.983751629e-04,-1.251895962e-03,-1.367636130e-03,-6.142550114e-04,
1.589580336e-01
l,6.5,-2.5
1.731,2.291,2.851,
6.556286276e-12,1.994723195e+01
1.771595976e-06,-3.018227732e-06,-2.395089265e-07,8.486343130e-05,3.315510471e-04,1.118558943e-03,2.755523488e-03,3.546435917e-03,1.773387634e-03,
3.271513632e-07,-1.169969785e-06,-1.520541557e-06,-5.423032002e-05,-3.626027935e-04,-1.367608983e-03,-2.874347739e-03,-3.155696027e-03,-1.423756309e-03,
1.589099178e-01
l,6.5,-1.5
1.771,2.351,2.931,
6.415422228e-12,2.057158964e+01
4.541342150e-06,-7.256712790e-06,-5.031737932e-06,1.937643845e-04,7.159459702e-04,2.150165271e-03,5.120618585e-03,6.571646310e-03,3.267200093e-03,
7.980272601e-07,-2.861569026e-06,-2.761765576e-06,-1.155576616e-04,-7.454813638e-04,-2.720267981e-03,-5.509132692e-03,-5.807157573e-03,-2.515473243e-03,
1.589271916e-01
l,6.5,-0.5
1.811,2.411,3.011,
6.425237385e-11,1.762394814e+01
1.185151996e-05,-1.887704771e-05,-1.471267871e-05,4.536996089e-04,1.466632342e-03,3.764608365e-03,8.756969161e-03,1.144255047e-02,5.762497460e-03,
1.944011490e-06,-6.988447728e-06,-6.515827339e-06,-2.754934642e-04,-1.732824217e-03,-6.162207373e-03,-1.211335535e-02,-1.236787620e-02,-5.186087035e-03,
1.588480096e-01
l,6.5,0.5
1.831,2.431,3.051,
5.450461143e-10,1.543102063e+01
3.389297126e-05,-4.491445902e-05,-6.526863579e-05,1.355744653e-03,5.097903196e-03,1.238944799e-02,2.482368384e-02,3.011356781e-02,1.483614167e-02,
5.470987861e-06,-1.969109817e-05,-1.929652865e-05,-7.739666445e-04,-4.757909141e-03,-1.644485316e-02,-3.130642924e-02,-3.081507168e-02,-1.242669994e-02,
1.589272548e-01
l,6.5,1.5
1.831,2.471,3.111,
3.088831719e-09,1.423524599e+01
9.598826728e-05,-1.345517407e-04,-1.681626791e-04,3.551317508e-03,1.255334713e-02,2.821496287e-02,5.214899640e-02,5.879217330e-02,2.700768200e-02,
1.430067591e-05,-5.156018696e-05,-5.415965584e-05,-2.054072903e-03,-1.233967974e-02,-4.157363470e-02,-7.678057724e-02,-7.319254319e-02,-2.856351057e-02,
1.587545098e-01
l,6.5,2.5
1.811,2.471,3.131,
1.705365470e-08,1.335398204e+01
2.985193860e-04,-3.813814199e-04,-6.601145769e-04,9.318707333e-03,2.871152019e-02,4.849291041e-02,7.882832855e-02,9.207877161e-02,4.433939783e-02,
4.324104683e-05,-1.559818118e-04,-1.178996190e-04,-5.523960530e-03,-3.236023476e-02,-1.064822854e-01,-1.916541433e-01,-1.773566119e-01,-6.703132105e-02,
1.588459262e-01
l,6.5,3.5
1.791,2.491,3.191,
1.824947008e-07,1.169071674e+01
9.321214748e-04,-1.372656179e-03,-2.128418942e-03,2.245275270e-02,4.040164801e-02,-2.583252104e-02,-1.149324808e-01,-9.573519887e-02,-2.406637403e-02,
1.128832235e-04,-4.078169847e-04,-1.249454354e-04,-1.016999313e-02,-5.099544620e-02,-1.518721700e-01,-2.487142543e-01,-2.118052157e-01,-7.557162916e-02,
1.585665918e-01
l,6.5,4.5
1.731,2.431,3.131,
1.819666254e-06,1.032588170e+01
3.428387921e-03,-4.014999151e-03,-9.183365167e-03,7.130933547e-02,1.445290022e-01,-7.442766094e-03,-1.600574137e-01,-4.487720364e-02,4.211879309e-02,
4.554005631e-04,-1.641265787e-03,-3.823342640e-04,-4.020001617e-02,-2.034791167e-01,-6.085869368e-01,-1.007598428e+00,-8.592611271e-01,-3.023162866e-01,
1.586907661e-01
l,6.5,5.5
1.671,2.431,3.191,
2.018521221e-05,9.093102533e+00
1.183907967e-02,-2.006403551e-02,-1.669663202e-02,1.970473433e-01,3.626633670e-02,-8.278226455e-01,-9.874199279e-01,-1.192956873e-01,1.977914910e-01,
1.184087800e-03,-4.267909082e-03,-1.060521262e-03,-9.954191406e-02,-4.723177231e-01,-1.329846740e+00,-2.048464173e+00,-1.643545345e+00,-5.502490381e-01,
1.579822545e-01
l,6.5,6.5
1.631,2.091,2.571,
8.293977689e-05,1.039893441e+01
7.755368948e-02,6.818040046e-02,2.575045521e-01,1.275763936e+01,1.044529720e+02,4.388228084e+02,1.044055669e+03,1.319005971e+03,6.846626777e+02,
3.284384841e-02,-1.058495172e-01,-4.484731439e-01,-1.077075055e+01,-9.160940858e+01,-4.119566148e+02,-1.028613162e+03,-1.332314834e+03,-6.986659418e+02,
1.591437881e-01
l,7.5,-7.5
1.611,2.131,2.671,
0.000000000e+00,0.000000000e+00
9.317984606e-09,-2.065315723e-08,3.652028422e-08,7.625296747e-07,4.738085630e-06,2.058490492e-05,4.777988566e-05,5.405195666e-05,2.373341760e-05,
1.717030577e-09,-6.099921433e-09,-1.436055558e-08,-4.495276460e-07,-3.465150650e-06,-1.433709225e-05,-3.224422344e-05,-3.737573091e-05,-1.755080187e-05,
1.587538240e-01
l,7.5,-6.5
1.731,2.231,2.751,
0.000000000e+00,0.000000000e+00
2.066433957e-08,-4.008276244e-08,6.191273305e-08,1.979363117e-06,1.274202603e-05,5.615883015e-05,1.395029031e-04,1.739393295e-04,8.544996270e-05,
4.200207526e-09,-1.496738319e-08,-4.137645548e-08,-1.225336178e-06,-9.671472079e-06,-4.103372801e-05,-9.507177266e-05,-1.137584402e-04,-5.523638060e-05,
1.589266027e-01
l,7.5,-5.5
1.831,2.351,2.891,
0.000000000e+00,0.000000000e+00
4.380892094e-08,-8.428417152e-08,8.021444808e-08,3.481621679e-06,2.159567603e-05,9.613280694e-05,2.454613913e-04,3.150676903e-04,1.593187617e-04,
8.272879029e-09,-2.962592170e-08,-6.709217298e-08,-2.137160794e-06,-1.640167429e-05,-6.756953191e-05,-1.512678444e-04,-1.743035378e-04,-8.138894173e-05,
1.589095211e-01
l,7.5,-4.5
1.911,2.431,2.971,
0.000000000e+00,0.000000000e+00
1.022999001e-07,-1.686919605e-07,8.592742083e-08,7.753136491e-06,4.357364286e-05,1.757932479e-04,4.356232980e-04,5.580654847e-04,2.836957696e-04,
2.017654847e-08,-7.244195298e-08,-1.888510819e-07,-5.655615417e-06,-4.357695335e-05,-1.795064156e-04,-4.020049502e-04,-4.630297639e-04,-2.159500645e-04,
1.589578406e-01
l,7.5,-3.5
1.991,2.531,3.071,
0.000000000e+00,0.000000000e+00
2.345892938e-07,-3.977415698e-07,3.021688758e-07,1.883762190e-05,1.056558411e-04,4.072550797e-04,9.502566119e-04,1.144255440e-03,5.459063740e-04,
4.572446039e-08,-1.646704086e-07,-4.134786268e-07,-1.256708288e-05,-9.679166454e-05,-3.991360369e-04,-8.949339112e-04,-1.032366013e-03,-4.823981533e-04,
1.588958890e-01
l,7.5,-2.5
2.051,2.611,3.171,
0.000000000e+00,0.000000000e+00
5.694524248e-07,-9.559773384e-07,-3.851203193e-07,2.588955920e-05,9.490058692e-05,2.947129446e-04,7.253307070e-04,9.611376878e-04,4.956739548e-04,
1.036129184e-07,-3.742117399e-07,-4.045555593e-07,-1.617101646e-05,-1.074843254e-04,-4.050032720e-04,-8.499124837e-04,-9.309394457e-04,-4.194790748e-04,
1.589891047e-01
l,7.5,-1.5
2.091,2.671,3.251,
0.000000000e+00,0.000000000e+00
1.455655024e-06,-2.298675787e-06,-1.812237795e-06,6.238214358e-05,2.324862613e-04,6.702470330e-04,1.531101975e-03,1.926135568e-03,9.488797881e-04,
2.519235645e-07,-9.118099409e-07,-8.775026154e-07,-3.714586025e-05,-2.392523897e-04,-8.727966153e-04,-1.766030386e-03,-1.858206431e-03,-8.033208825e-04,
1.589271253e-01
l,7.5,-0.5
2.131,2.711,3.311,
5.873081579e-15,2.450741943e+01
3.933086191e-06,-5.471536674e-06,-7.905504475e-06,1.554308851e-04,5.632118629e-04,1.374153194e-03,2.902198899e-03,3.699801424e-03,1.890328835e-03,
6.584512134e-07,-2.386860861e-06,-2.089798688e-06,-9.226267032e-05,-5.784098099e-04,-2.050926270e-03,-4.019493274e-03,-4.080723242e-03,-1.699951831e-03,
1.589272384e-01
l,7.5,0.5
2.151,2.751,3.371,
1.247372468e-13,2.152389586e+01
1.082961990e-05,-1.428136606e-05,-2.319878060e-05,4.165274653e-04,1.541487779e-03,3.580616672e-03,6.978129632e-03,8.444477472e-03,4.179319972e-03,
1.719565820e-06,-6.242591955e-06,-5.313939331e-06,-2.360003572e-04,-1.444335369e-03,-4.989905101e-03,-9.488795726e-03,-9.318112240e-03,-3.749520976e-03,
1.588480259e-01
l,7.5,1.5
2.151,2.771,3.411,
8.873889847e-13,2.024209987e+01
3.156734965e-05,-3.729452893e-05,-8.264425382e-05,1.155388687e-03,4.298976585e-03,8.402288046e-03,1.305236587e-02,1.405425882e-02,6.656205732e-03,
4.832042425e-06,-1.755861127e-05,-1.374849675e-05,-6.339884570e-04,-3.780955348e-03,-1.269790203e-02,-2.337673385e-02,-2.214864592e-02,-8.591375698e-03,
1.589098770e-01
l,7.5,2.5
2.151,2.811,3.471,
2.960810539e-11,1.718719488e+01
9.152654820e-05,-1.224559924e-04,-2.063522553e-04,3.046742793e-03,1.107972380e-02,2.301900681e-02,3.689182297e-02,3.728150445e-02,1.593739656e-02,
1.261095744e-05,-4.588874642e-05,-3.871725239e-05,-1.683193997e-03,-9.798253773e-03,-3.211763185e-02,-5.730805828e-02,-5.249690726e-02,-1.967759758e-02,
1.588138544e-01
l,7.5,3.5
2.131,2.771,3.431,
5.735813520e-10,1.499833948e+01
3.055178968e-04,-2.953388004e-04,-8.596679116e-04,1.055688389e-02,3.898763792e-02,6.273464726e-02,6.783531013e-02,5.658437675e-02,2.471512286e-02,
4.733759219e-05,-1.720811027e-04,-1.447130383e-04,-6.188924737e-03,-3.633365751e-02,-1.189778118e-01,-2.137051657e-01,-1.972691257e-01,-7.430224275e-02,
1.586895471e-01
l,7.5,4.5
2.091,2.811,3.531,
8.073388646e-09,1.345777990e+01
9.508643998e-04,-1.328179403e-03,-2.438933757e-03,2.156624627e-02,4.883571829e-02,1.145857590e-02,-5.877182773e-02,-6.133450526e-02,-1.799107279e-02,
1.067770897e-04,-3.889927981e-04,-4.303307400e-05,-8.833042136e-03,-4.254403117e-02,-1.231009538e-01,-1.939465952e-01,-1.575174583e-01,-5.368108725e-02,
1.585966657e-01
l,7.5,5.5
2.031,2.731,3.451,
1.786892888e-07,1.139662090e+01
3.656021086e-03,-3.747966231e-03,-1.117283654e-02,7.485349751e-02,1.856378422e-01,4.990527714e-02,-2.023926197e-01,-1.815895694e-01,-3.267352645e-02,
4.640654071e-04,-1.686363603e-03,-3.060362273e-04,-3.984363474e-02,-1.960048469e-01,-5.707407203e-01,-9.153569525e-01,-7.514147558e-01,-2.540016761e-01,
1.586918539e-01
l,7.5,6.5
1.951,2.711,3.491,
1.972580719e-06,1.055509715e+01
1.345925033e-02,-1.962171349e-02,-2.862555934e-02,2.437232531e-01,2.526943954e-01,-8.351039265e-01,-1.875765920e+00,-1.367178787e+00,-3.358197325e-01,
1.295917781e-03,-4.705887183e-03,-1.058833944e-03,-1.077590985e-01,-4.975092881e-01,-1.362517255e+00,-2.028124319e+00,-1.562247997e+00,-5.029833280e-01,
1.580442608e-01
l,7.5,7.5
1.911,2.391,2.911,
9.684092027e-06,1.133479480e+01
8.539626747e-02,7.057433070e-02,1.057447824e-01,1.048916213e+01,8.524418959e+01,3.461784036e+02,7.915144695e+02,9.589566653e+02,4.768584765e+02,
3.215680086e-02,-1.064673711e-01,-3.513677357e-01,-8.858096717e+00,-7.131484123e+01,-3.012758532e+02,-7.015287841e+02,-8.413829973e+02,-4.065422469e+02,
1.591437711e-01
l,8.5,-8.5
1.491,1.571,1.671,
0.000000000e+00,0.000000000e+00
1.851361020e-08,9.232978310e-08,2.373026731e-06,1.657189705e-04,3.159930680e-03,2.656964327e-02,8.545525151e-02,0.000000000e+00,0.000000000e+00,
1.682577860e-08,-5.600538690e-08,-2.486201023e-06,-1.207346745e-04,-2.485140184e-03,-2.256293178e-02,-7.690066844e-02,0.000000000e+00,0.000000000e+00,
1.591437144e-01
l,8.5,-7.5
1.971,2.471,2.991,
0.000000000e+00,0.000000000e+00
2.802837962e-09,-5.867181797e-09,8.167340238e-09,2.311568463e-07,1.436538232e-06,6.481044506e-06,1.632618194e-05,2.054217839e-05,1.021671896e-05,
5.479319606e-10,-1.968530204e-09,-4.327837900e-09,-1.428122665e-07,-1.125130997e-06,-4.788992282e-06,-1.112820262e-05,-1.335384418e-05,-6.503761382e-06,
1.589573854e-01
l,8.5,-6.5
2.071,2.571,3.091,
0.000000000e+00,0.000000000e+00
6.143609177e-09,-1.147205441e-08,1.597815030e-08,5.938771558e-07,3.814651131e-06,1.678120232e-05,4.209085787e-05,5.327946859e-05,2.662063320e-05,
1.241704815e-09,-4.474447189e-09,-1.130716467e-08,-3.494241577e-07,-2.756234090e-06,-1.170502757e-05,-2.715309733e-05,-3.251975025e-05,-1.580570302e-05,
1.589263781e-01
l,8.5,-5.5
2.171,2.691,3.211,
0.000000000e+00,0.000000000e+00
1.315819986e-08,-2.546964109e-08,2.819785650e-08,1.127622033e-06,6.883363889e-06,2.973627560e-05,7.428072427e-05,9.371484123e-05,4.661257631e-05,
2.615953393e-09,-9.458139937e-09,-2.128749444e-08,-6.907736258e-07,-5.429104068e-06,-2.303570577e-05,-5.337483201e-05,-6.384845681e-05,-3.100926196e-05,
1.589576615e-01
l,8.5,-4.5
2.251,2.771,3.311,
0.000000000e+00,0.000000000e+00
3.090859835e-08,-5.304412665e-08,1.694247471e-08,2.240426781e-06,1.266841372e-05,5.207137157e-05,1.313695151e-04,1.710501654e-04,8.830042276e-05,
5.916199374e-09,-2.144602883e-08,-5.104810428e-08,-1.594072123e-06,-1.223227354e-05,-5.032718309e-05,-1.125053218e-04,-1.293231827e-04,-6.022301192e-05,
1.589576846e-01
l,8.5,-3.5
2.331,2.851,3.391,
0.000000000e+00,0.000000000e+00
7.370054078e-08,-1.176248859e-07,8.273229845e-08,6.332459025e-06,3.772258350e-05,1.490600908e-04,3.531445370e-04,4.338151989e-04,2.123082249e-04,
1.437806522e-08,-5.222246221e-08,-1.343732422e-07,-4.067909674e-06,-3.133568712e-05,-1.292086355e-04,-2.896933672e-04,-3.339540689e-04,-1.558789267e-04,
1.589889556e-01
l,8.5,-2.5
2.391,2.931,3.471,
0.000000000e+00,0.000000000e+00
1.794221021e-07,-2.916642656e-07,1.499731282e-07,1.439931918e-05,8.453989615e-05,3.352931643e-04,8.065409225e-04,1.007385603e-03,5.006625889e-04,
3.490290195e-08,-1.270077913e-07,-3.192921175e-07,-9.718813387e-06,-7.466863106e-05,-3.071918346e-04,-6.871946788e-04,-7.904984747e-04,-3.682658049e-04,
1.589269755e-01
l,8.5,-1.5
2.431,2.991,3.551,
0.000000000e+00,0.000000000e+00
4.608357926e-07,-7.149054803e-07,-4.916403191e-07,2.240807206e-05,9.148950982e-05,2.737335815e-04,6.138653365e-04,7.656036088e-04,3.804754056e-04,
8.473169104e-08,-3.088791630e-07,-3.656369296e-07,-1.380582624e-05,-9.149482930e-05,-3.429513634e-04,-7.160322234e-04,-7.793010185e-04,-3.486684259e-04,
1.589581112e-01
l,8.5,-0.5
2.471,3.031,3.611,
0.000000000e+00,0.000000000e+00
1.241950031e-06,-1.685036188e-06,-1.934782833e-06,6.097411497e-05,2.763321598e-04,8.522475981e-04,1.897080161e-03,2.372400272e-03,1.198239364e-03,
2.210808113e-07,-8.069577199e-07,-9.873152537e-07,-3.595290508e-05,-2.328022997e-04,-8.490697449e-04,-1.718827767e-03,-1.806691525e-03,-7.786801789e-04,
1.589271732e-01
l,8.5,0.5
2.491,3.071,3.671,
0.000000000e+00,0.000000000e+00
3.421557949e-06,-4.394952258e-06,-6.783433241e-06,1.487322978e-04,6.162338252e-04,1.599409996e-03,3.167658718e-03,3.761477351e-03,1.847179281e-03,
5.769068801e-07,-2.108353266e-06,-2.268994774e-06,-8.788015304e-05,-5.528889972e-04,-1.959895404e-03,-3.840446414e-03,-3.894769348e-03,-1.618312477e-03,
1.589582953e-01
l,8.5,1.5
2.491,3.111,3.731,
2.657748744e-16,2.464784823e+01
9.611108908e-06,-1.288525141e-05,-1.975509589e-05,3.597079775e-04,1.341622306e-03,3.121753796e-03,5.857881986e-03,6.728247810e-03,3.171743701e-03,
1.504271862e-06,-5.504064844e-06,-4.640440746e-06,-2.094277593e-04,-1.280255392e-03,-4.422211690e-03,-8.405509962e-03,-8.243028251e-03,-3.308857506e-03,
1.589097781e-01
l,8.5,2.5
2.491,3.111,3.731,
2.008940356e-14,2.114108441e+01
2.947904068e-05,-3.242703105e-05,-7.164212914e-05,1.255984658e-03,5.180906206e-03,1.076702301e-02,1.551440182e-02,1.465806324e-02,6.317728487e-03,
4.884134521e-06,-1.787072484e-05,-2.086083272e-05,-7.441077194e-04,-4.574431168e-03,-1.572913507e-02,-2.981023633e-02,-2.918256756e-02,-1.169465596e-02,
1.588448909e-01
l,8.5,3.5
2.471,3.151,3.831,
2.308708365e-13,1.983353768e+01
8.641103341e-05,-1.132451839e-04,-1.991374220e-04,2.507463612e-03,9.671291823e-03,2.295957534e-02,3.987454006e-02,3.993354249e-02,1.627733221e-02,
1.099934272e-05,-4.032239578e-05,-3.001549776e-05,-1.436036559e-03,-8.158618104e-03,-2.616600488e-02,-4.537712986e-02,-4.011909769e-02,-1.444741162e-02,
1.588458507e-01
l,8.5,4.5
2.451,3.111,3.771,
2.430585916e-11,1.623173829e+01
2.979616111e-04,-3.139844885e-04,-7.977923674e-04,1.059895742e-02,3.940804681e-02,6.298803723e-02,6.126701302e-02,4.141420773e-02,1.516799260e-02,
4.449190235e-05,-1.629078729e-04,-1.581711672e-04,-6.155357152e-03,-3.609536857e-02,-1.180659897e-01,-2.113918469e-01,-1.946132963e-01,-7.320494191e-02,
1.587817229e-01
l,8.5,5.5
2.391,3.111,3.831,
2.235031992e-10,1.548602057e+01
9.893112583e-04,-1.150631105e-03,-2.900130463e-03,2.289014632e-02,7.109514455e-02,7.707808305e-02,2.639443527e-02,-1.048960197e-02,-7.325305601e-03,
1.158731708e-04,-4.246999220e-04,-1.201578989e-04,-1.053798272e-02,-5.119412447e-02,-1.475334675e-01,-2.315245904e-01,-1.857012235e-01,-6.181563434e-02,
1.586297837e-01
l,8.5,6.5
2.331,3.051,3.771,
1.478013369e-08,1.257027326e+01
3.776141908e-03,-4.062489822e-03,-1.124419345e-02,7.435607830e-02,1.744257613e-01,6.617155604e-03,-2.941420893e-01,-2.858946927e-01,-8.025457062e-02,
4.687352073e-04,-1.714976809e-03,-2.390585831e-04,-3.994109421e-02,-1.956778985e-01,-5.697427131e-01,-9.126811376e-01,-7.478761098e-01,-2.524624374e-01,
1.586620070e-01
l,8.5,7.5
2.231,3.011,3.791,
1.638518630e-07,1.193710413e+01
1.461103000e-02,-2.017978342e-02,-3.413958931e-02,2.713680595e-01,3.990442851e-01,-6.580546197e-01,-1.972831240e+00,-1.696734911e+00,-5.101203934e-01,
1.407284460e-03,-5.142195448e-03,-9.319610225e-04,-1.158253969e-01,-5.312027408e-01,-1.449181188e+00,-2.143895942e+00,-1.635511335e+00,-5.216103278e-01,
1.580444178e-01
l,8.5,8.5
2.191,2.691,3.231,
1.048569475e-06,1.228499281e+01
9.262201935e-02,7.788429945e-02,1.312869340e-01,1.089741137e+01,8.701154650e+01,3.448903649e+02,7.636909105e+02,8.916255105e+02,4.261062687e+02,
3.316968472e-02,-1.115883295e-01,-3.745725980e-01,-9.337964360e+00,-7.334958454e+01,-3.011710038e+02,-6.787126876e+02,-7.855679912e+02,-3.655894014e+02,
1.591437816e-01
