l,1.0,-1.0
0.270,0.790,1.310,
5.618426380e-03,2.997033306e+00
5.371167790e-04,-1.049811421e-03,1.034171404e-03,4.441970462e-02,2.711167497e-01,1.226822993e+00,3.145850605e+00,3.967449868e+00,1.946934557e+00,
1.007594436e-04,-3.881098487e-04,-8.592242128e-04,-2.860735381e-02,-2.250127328e-01,-9.551074513e-01,-2.214400770e+00,-2.649794987e+00,-1.286723868e+00,
1.588788201e-01
l,1.0,0.0
0.330,0.770,1.250,
2.642227739e-02,3.321564940e+00
2.781715011e-03,-4.345156413e-03,1.174331823e-03,2.928462282e-01,1.876698764e+00,8.765910341e+00,2.533792358e+01,3.739653736e+01,2.167690276e+01,
6.244376934e-04,-2.390012048e-03,-5.436886762e-03,-1.836553340e-01,-1.523487492e+00,-6.871255225e+00,-1.709012033e+01,-2.204067277e+01,-1.157903447e+01,
1.590200960e-01
l,1.0,1.0
0.370,0.770,1.210,
1.288482085e-01,3.727525921e+00
1.463542972e-02,-2.108513754e-02,-1.296264217e-02,1.884794328e+00,1.169556463e+01,5.362851506e+01,1.718391236e+02,2.931633042e+02,1.968579516e+02,
3.624366390e-03,-1.403855715e-02,-3.423907994e-02,-1.182313845e+00,-1.038494337e+01,-5.014707223e+01,-1.346398930e+02,-1.884511690e+02,-1.079950177e+02,
1.590822099e-01
l,2.0,-2.0
0.610,1.210,1.830,
2.411669322e-05,4.023067375e+00
1.918396083e-05,-2.479171140e-05,-5.732194135e-05,7.123978069e-04,2.574901431e-03,5.105824506e-03,8.876435367e-03,1.060734922e-02,5.351029679e-03,
2.602668089e-06,-1.058391827e-05,-7.337553318e-06,-4.034173495e-04,-2.430326077e-03,-8.365423155e-03,-1.581688764e-02,-1.538064925e-02,-6.129007363e-03,
1.587855512e-01
l,2.0,-1.0
0.650,1.250,1.870,
8.656072549e-05,4.474505573e+00
7.813138654e-05,-8.665142405e-05,-2.820154195e-04,2.807325389e-03,1.060402092e-02,1.734187271e-02,1.984639988e-02,1.781335119e-02,8.175069251e-03,
1.085412070e-05,-4.426723669e-05,-2.875813426e-05,-1.659916186e-03,-9.966978342e-03,-3.420298239e-02,-6.442577743e-02,-6.219171838e-02,-2.455640952e-02,
1.588167581e-01
l,2.0,0.0
0.690,1.290,1.910,
2.604907992e-04,4.612332019e+00
3.177273902e-04,-2.879516825e-04,-1.301508824e-03,1.200568901e-02,5.365025238e-02,1.036667404e-01,1.270448754e-01,1.033270844e-01,4.116790365e-02,
4.526658963e-05,-1.851448443e-04,-1.186783126e-04,-6.934089853e-03,-4.157275211e-02,-1.423199906e-01,-2.671839360e-01,-2.560513829e-01,-1.001099306e-01,
1.589098383e-01
l,2.0,1.0
0.750,1.330,1.930,
7.777872683e-04,4.775049357e+00
1.302096993e-03,-9.035219104e-04,-5.793814177e-03,5.448987201e-02,2.848809392e-01,6.468682600e-01,8.958577898e-01,7.572422043e-01,2.956502744e-01,
2.047998225e-04,-8.392526323e-04,-6.665512737e-04,-3.364538470e-02,-2.075372183e-01,-7.284967054e-01,-1.409278641e+00,-1.391758530e+00,-5.592829916e-01,
1.589270381e-01
l,2.0,2.0
0.810,1.370,1.950,
2.332349312e-03,5.017256077e+00
5.454627797e-03,-2.737366050e-03,-2.735228395e-02,2.485072450e-01,1.465549214e+00,3.618000464e+00,5.225301283e+00,4.427042189e+00,1.703259850e+00,
9.285930420e-04,-3.820199267e-03,-3.347503484e-03,-1.606320260e-01,-1.016190532e+00,-3.657385942e+00,-7.278429481e+00,-7.388877332e+00,-3.047529728e+00,
1.590201241e-01
l,3.0,-3.0
0.990,1.650,2.310,
1.017141882e-07,6.603085351e+00
6.001346833e-07,-5.272158235e-07,-2.586153499e-06,1.544477131e-05,6.283991311e-05,7.642670909e-05,-4.703772550e-06,-8.616815186e-05,-5.417286565e-05,
7.312087036e-08,-3.056505004e-07,-1.639070424e-07,-1.088503313e-05,-6.175079349e-05,-2.004612189e-04,-3.526781606e-04,-3.133338493e-04,-1.128401736e-04,
1.587544911e-01
l,3.0,-2.0
1.030,1.690,2.370,
2.935809913e-07,5.237109183e+00
2.330169082e-06,-1.378426526e-06,-1.062025352e-05,6.647049924e-05,3.823178538e-04,9.239565098e-04,1.320878851e-03,1.085343183e-03,3.898624031e-04,
2.791792945e-07,-1.170049906e-06,-5.156725801e-07,-3.972287276e-05,-2.197225650e-04,-6.951466690e-04,-1.183863042e-03,-1.006724164e-03,-3.439194571e-04,
1.587855512e-01
l,3.0,-1.0
1.090,1.750,2.430,
7.852649604e-07,6.156367911e+00
8.859788977e-06,-4.843716018e-06,-4.328887973e-05,2.112917675e-04,1.198964513e-03,2.540590662e-03,2.905264138e-03,1.768956191e-03,4.420142299e-04,
1.065031362e-06,-4.474688372e-06,-1.630088275e-06,-1.476093648e-04,-8.124751185e-04,-2.564627017e-03,-4.350673044e-03,-3.670037588e-03,-1.239489025e-03,
1.587857452e-01
l,3.0,0.0
1.150,1.810,2.490,
2.036226975e-06,6.577972642e+00
3.357492824e-05,-1.629326765e-05,-1.720356275e-04,7.114608415e-04,4.160764896e-03,8.356360881e-03,8.266839655e-03,3.601596638e-03,2.900955483e-04,
4.061287670e-06,-1.710375743e-05,-5.443391936e-06,-5.552381565e-04,-3.047360850e-03,-9.606096055e-03,-1.625154743e-02,-1.361859991e-02,-4.552132654e-03,
1.588167271e-01
l,3.0,1.0
1.210,1.870,2.550,
5.545423148e-06,6.523961004e+00
1.270893990e-04,-5.243853834e-05,-6.757757471e-04,2.557605741e-03,1.617444790e-02,3.478654876e-02,3.852311449e-02,2.143081825e-02,4.432124412e-03,
1.547825510e-05,-6.533357383e-05,-1.609993971e-05,-2.065101242e-03,-1.128808363e-02,-3.553278348e-02,-5.991594882e-02,-4.978764502e-02,-1.642447951e-02,
1.588478094e-01
l,3.0,2.0
1.270,1.930,2.590,
1.626737764e-05,6.189783876e+00
4.822732008e-04,-1.561103827e-04,-2.504362198e-03,1.139499167e-02,7.705682171e-02,1.914550188e-01,2.621712007e-01,1.970149615e-01,6.349940981e-02,
6.416607738e-05,-2.712678934e-04,-1.336677017e-04,-9.575295902e-03,-5.425694052e-02,-1.757269153e-01,-3.078051626e-01,-2.679321995e-01,-9.282635320e-02,
1.588788172e-01
l,3.0,3.0
1.350,1.990,2.650,
4.445757428e-05,6.232950259e+00
1.845638035e-03,-4.669970065e-04,-1.037252613e-02,4.002266401e-02,2.974076692e-01,7.717636462e-01,1.101833641e+00,8.677681806e-01,2.949662223e-01,
2.444486282e-04,-1.036044295e-03,-2.772687927e-04,-3.359323441e-02,-1.879025509e-01,-6.056116954e-01,-1.050438201e+00,-8.960954411e-01,-3.018835695e-01,
1.589270651e-01
l,4.0,-4.0
1.390,2.090,2.790,
2.587099695e-10,7.013651219e+00
1.761211088e-08,-8.863985837e-09,-9.129649268e-08,2.837048059e-07,1.738855961e-06,3.516722040e-06,3.725396443e-06,2.097388101e-06,5.001112054e-07,
1.965616870e-09,-8.362812438e-09,1.871961078e-09,-1.878055691e-07,-8.762423778e-07,-2.519021786e-06,-3.867744209e-06,-2.815869173e-06,-7.873808500e-07,
1.587234792e-01
l,4.0,-3.0
1.450,2.150,2.850,
7.630728874e-10,6.916025020e+00
6.602176228e-08,-2.910413370e-08,-3.485593414e-07,9.746684436e-07,6.408133763e-06,1.347824377e-05,1.489224274e-05,8.792064146e-06,2.209627906e-06,
7.470675218e-09,-3.184072273e-08,6.666682574e-09,-7.215533229e-07,-3.375974699e-06,-9.714754823e-06,-1.493957008e-05,-1.085812115e-05,-3.005683661e-06,
1.587234905e-01
l,4.0,-2.0
1.510,2.210,2.910,
2.296379389e-09,6.792292624e+00
2.460475059e-07,-8.865790524e-08,-1.321558894e-06,3.271167835e-06,2.347991768e-05,5.171509393e-05,5.999783320e-05,3.738628318e-05,9.951113479e-06,
2.838656002e-08,-1.211915688e-07,1.818526744e-08,-2.835492803e-06,-1.337562848e-05,-3.860946019e-05,-5.970491911e-05,-4.366716829e-05,-1.211172068e-05,
1.587545263e-01
l,4.0,-1.0
1.570,2.270,2.970,
6.623029087e-09,6.774687523e+00
9.118347748e-07,-2.422621024e-07,-5.022544228e-06,1.018231525e-05,8.279330790e-05,1.900379578e-04,2.282119866e-04,1.468773032e-04,4.026000078e-05,
1.077734315e-07,-4.608685302e-07,5.623114971e-08,-1.093965686e-05,-5.189428637e-05,-1.502329971e-04,-2.335082694e-04,-1.713588943e-04,-4.732810866e-05,
1.587235014e-01
l,4.0,0.0
1.630,2.330,3.050,
1.698483300e-08,6.982277306e+00
3.361330073e-06,-5.541114174e-07,-1.972030440e-05,2.193117436e-05,2.470694182e-04,5.746690778e-04,6.700414783e-04,4.073303118e-04,1.028632562e-04,
3.756449029e-07,-1.609678307e-06,5.272267933e-07,-3.413965458e-05,-1.540343555e-04,-4.302787427e-04,-6.313552644e-04,-4.162070096e-04,-9.472419202e-05,
1.587854960e-01
l,4.0,1.0
1.690,2.390,3.110,
4.168476749e-08,7.226328385e+00
1.233151033e-05,-5.321823573e-07,-7.419191019e-05,4.503997178e-05,8.055150105e-04,1.977685098e-03,2.382645446e-03,1.489340391e-03,3.863112447e-04,
1.425146082e-06,-6.115930876e-06,1.622293771e-06,-1.344807471e-04,-6.156388732e-04,-1.734750580e-03,-2.583674386e-03,-1.741790874e-03,-4.087061317e-04,
1.587855412e-01
l,4.0,2.0
1.750,2.450,3.170,
9.698647933e-08,7.521962578e+00
4.505891047e-05,4.091660087e-06,-2.770848732e-04,2.518438884e-05,2.512907101e-03,6.583277905e-03,8.186521074e-03,5.233977258e-03,1.383411820e-03,
5.406942417e-06,-2.323667902e-05,3.656643573e-06,-5.420706943e-04,-2.529423536e-03,-7.203100099e-03,-1.092454148e-02,-7.593940961e-03,-1.870167167e-03,
1.588477923e-01
l,4.0,3.0
1.830,2.530,3.230,
2.574478676e-07,7.557028603e+00
1.646010060e-04,-1.039924634e-06,-9.881627448e-04,7.075831157e-04,1.197283898e-02,3.078026878e-02,3.938572736e-02,2.646790600e-02,7.475780173e-03,
2.049878431e-05,-8.821771275e-05,8.548925377e-06,-2.146181678e-03,-1.028656605e-02,-2.999360144e-02,-4.702634427e-02,-3.442851851e-02,-9.227269394e-03,
1.588478364e-01
l,4.0,4.0
1.890,2.590,3.290,
6.187527951e-07,7.756557544e+00
6.018722197e-04,8.655104203e-05,-3.784072993e-03,1.627341239e-05,3.542219417e-02,9.772872585e-02,1.276532489e-01,8.596904171e-02,2.405654806e-02,
7.769425134e-05,-3.348393743e-04,3.036870603e-05,-8.196607064e-03,-3.955622586e-02,-1.159772768e-01,-1.831867022e-01,-1.345794022e-01,-3.578332863e-02,
1.588478005e-01
l,5.0,-5.0
1.810,2.530,3.250,
1.234035207e-12,6.887834235e+00
4.934940234e-10,-7.280636731e-11,-2.733467329e-09,4.084132165e-09,4.200954962e-08,1.073884839e-07,1.447208347e-07,1.051466012e-07,3.244777101e-08,
5.589799099e-11,-2.406564571e-10,2.704113967e-11,-5.731258308e-09,-2.671051535e-08,-7.596776621e-08,-1.152525463e-07,-8.158225074e-08,-2.127882645e-08,
1.587235606e-01
l,5.0,-4.0
1.890,2.590,3.330,
3.302881938e-12,7.078791629e+00
1.826478968e-09,-1.532101687e-10,-1.055971142e-08,1.058913923e-08,1.525411062e-07,4.445411300e-07,6.877095662e-07,5.725757036e-07,1.995976492e-07,
1.943164493e-10,-8.380229520e-10,3.054309250e-10,-1.738491219e-08,-7.652846290e-08,-2.095581598e-07,-2.984727083e-07,-1.867096629e-07,-3.813745040e-08,
1.587235336e-01
l,5.0,-3.0
1.950,2.650,3.390,
8.242255017e-12,7.331063822e+00
6.719269141e-09,2.749966685e-11,-3.926373548e-08,2.320295033e-08,5.036675932e-07,1.534259510e-06,2.440501818e-06,2.077001585e-06,7.365382581e-07,
7.361555233e-10,-3.178709432e-09,8.485984122e-10,-6.965142659e-08,-3.124617010e-07,-8.647467756e-07,-1.256743188e-06,-8.177132640e-07,-1.806818068e-07,
1.587544911e-01
l,5.0,-2.0
1.990,2.710,3.450,
2.033789956e-11,7.554606894e+00
2.456994075e-08,2.573335996e-09,-1.466766737e-07,-1.968469698e-08,1.246177597e-06,3.720081400e-06,5.503619430e-06,4.368828946e-06,1.468450555e-06,
2.787464616e-09,-1.205053413e-08,2.058463659e-09,-2.780355047e-07,-1.271630198e-06,-3.562287600e-06,-5.291324888e-06,-3.581820020e-06,-8.502220183e-07,
1.587545263e-01
l,5.0,-1.0
2.050,2.790,3.530,
1.723982647e-11,9.227290775e+00
8.947171892e-08,-1.300459261e-09,-5.464454968e-07,-1.652737775e-07,3.010019473e-06,6.287277208e-06,4.405426766e-06,-1.095687665e-07,-9.937871687e-07,
9.674592164e-09,-4.188794093e-08,1.576862444e-08,-8.708086052e-07,-3.856838566e-06,-1.064379574e-05,-1.531613712e-05,-9.668286428e-06,-1.977884729e-06,
1.587235014e-01
l,5.0,0.0
2.130,2.850,3.590,
1.226354666e-10,7.952663053e+00
3.239040041e-07,3.712100598e-08,-1.961446859e-06,-8.552002289e-07,1.274051789e-05,3.605649042e-05,4.655680888e-05,3.091597744e-05,8.562338617e-06,
3.662202197e-08,-1.587352336e-07,3.309313327e-08,-3.618787450e-06,-1.653360391e-05,-4.641935286e-05,-6.898402745e-05,-4.647979249e-05,-1.087207974e-05,
1.587854960e-01
l,5.0,1.0
2.190,2.930,3.670,
3.544042657e-10,7.930316928e+00
1.168946028e-06,2.179032161e-08,-7.166309678e-06,-2.235318183e-06,4.794737706e-05,1.308659897e-04,1.665951792e-04,1.105336981e-04,3.091567962e-05,
1.269934671e-07,-5.512142470e-07,2.171461032e-07,-1.141379129e-05,-5.054326462e-05,-1.397200878e-04,-2.012160328e-04,-1.263412894e-04,-2.523244937e-05,
1.587545163e-01
l,5.0,2.0
2.250,2.990,3.730,
6.339110623e-10,8.485329352e+00
4.193538189e-06,7.150975639e-07,-2.600583237e-05,-2.338087701e-05,1.062229135e-04,3.117787218e-04,3.653399788e-04,2.053536235e-04,4.462110023e-05,
4.803187245e-07,-2.086926604e-06,4.805292948e-07,-4.733594042e-05,-2.169295023e-04,-6.122411013e-04,-9.157277351e-04,-6.197141429e-04,-1.447700203e-04,
1.587855241e-01
l,5.0,3.0
2.330,3.070,3.810,
8.977705253e-10,9.242428890e+00
1.502713985e-05,1.530671456e-06,-9.465081015e-05,-7.753262064e-05,3.966367818e-04,1.089017203e-03,1.161701457e-03,5.456983703e-04,7.801595195e-05,
1.664886399e-06,-7.243116563e-06,2.636566234e-06,-1.534754569e-04,-6.863255840e-04,-1.910534733e-03,-2.780617370e-03,-1.773107203e-03,-3.629532110e-04,
1.588167993e-01
l,5.0,4.0
2.410,3.130,3.870,
4.071406861e-09,8.666782803e+00
5.349750063e-05,1.454713596e-05,-3.399239087e-04,-4.509816963e-04,9.114436714e-04,3.542048925e-03,4.906529735e-03,3.405463172e-03,9.921241593e-04,
6.290848520e-06,-2.739425966e-05,6.603024805e-06,-6.225701205e-04,-2.876751318e-03,-8.195935729e-03,-1.241128769e-02,-8.509007827e-03,-2.012300695e-03,
1.587857506e-01
l,5.0,5.0
2.470,3.210,3.950,
4.785031527e-09,9.591326499e+00
1.910947030e-04,4.249187318e-05,-1.252515858e-03,-1.781154023e-03,1.916520125e-03,6.836326705e-03,5.205464667e-03,-3.646513463e-04,-1.383286659e-03,
2.179354213e-05,-9.501912806e-05,3.541362993e-05,-2.021902163e-03,-9.124454740e-03,-2.565197193e-02,-3.782192139e-02,-2.443997784e-02,-5.059771916e-03,
1.588478107e-01
l,6.0,-6.0
2.230,2.970,3.730,
8.469066457e-16,9.665597594e+00
1.334914037e-11,2.149648961e-12,-8.414158126e-11,-1.105373282e-10,4.884512555e-11,-3.959150381e-11,-7.167270437e-10,-1.064496167e-09,-4.848354042e-10,
1.427864548e-12,-6.203892946e-12,2.032390155e-12,-1.319860949e-10,-5.819227423e-10,-1.593821047e-09,-2.277921455e-09,-1.429745344e-09,-2.903349197e-10,
1.586925413e-01
l,6.0,-5.0
2.310,3.050,3.790,
5.437484680e-15,8.591270954e+00
4.908417076e-11,1.156763571e-12,-2.877627248e-10,-3.799486313e-12,2.492362898e-09,7.072831832e-09,9.807249316e-09,7.184990928e-09,2.221873609e-09,
5.399112997e-12,-2.348138625e-11,4.995852758e-12,-5.344718356e-10,-2.426581364e-09,-6.784152438e-09,-1.002736425e-08,-6.722517243e-09,-1.568965912e-09,
1.587235062e-01
l,6.0,-4.0
2.370,3.110,3.870,
4.713562321e-14,7.367641321e+00
1.792948012e-10,1.867767873e-11,-1.093119254e-09,-6.653224751e-10,6.924916005e-09,2.303236769e-08,3.576435555e-08,2.907518597e-08,9.845715818e-09,
1.870452430e-11,-8.145022680e-11,3.363681471e-11,-1.664721171e-09,-7.247113662e-09,-1.975868347e-08,-2.787145987e-08,-1.692302556e-08,-3.155017052e-09,
1.587234792e-01
l,6.0,-3.0
2.430,3.170,3.930,
1.578183885e-13,7.273132337e+00
6.511526873e-10,1.337632358e-10,-3.990535565e-09,-4.196096253e-09,1.682341039e-08,6.307630209e-08,1.003107879e-07,8.238894385e-08,2.807909010e-08,
7.067214559e-11,-3.080258589e-10,9.231343138e-11,-6.711831909e-09,-2.998939585e-08,-8.313178821e-08,-1.210028346e-07,-7.835558261e-08,-1.693139573e-08,
1.587235449e-01
l,6.0,-2.0
2.490,3.250,4.010,
2.039006391e-13,8.199897965e+00
2.360706963e-09,2.322397476e-10,-1.458612661e-08,-1.282842501e-08,6.198101351e-08,1.972310725e-07,2.679076711e-07,1.870836551e-07,5.457294475e-08,
2.447016956e-10,-1.067779083e-09,4.701599321e-10,-2.160318620e-08,-9.371914360e-08,-2.554168794e-07,-3.592596564e-07,-2.159000150e-07,-3.894640938e-08,
1.587545263e-01
l,6.0,-1.0
2.550,3.310,4.070,
2.917878865e-13,8.940833661e+00
8.488365566e-09,1.889862217e-09,-5.250620838e-08,-6.865344739e-08,1.385569669e-07,5.639727033e-07,8.410922060e-07,6.365251819e-07,2.004420571e-07,
9.238949183e-10,-4.034899727e-09,1.292638972e-09,-8.748767956e-08,-3.919080396e-07,-1.091536218e-06,-1.596969198e-06,-1.039004438e-06,-2.254626013e-07,
1.587235559e-01
l,6.0,0.0
2.630,3.390,4.150,
1.627417297e-13,1.057568051e+01
3.050394071e-08,4.115011078e-09,-1.933140984e-07,-2.876992905e-07,4.564484205e-09,-1.383112780e-07,-1.418820745e-06,-2.059145768e-06,-9.188097784e-07,
3.196784923e-09,-1.397636818e-08,6.103300101e-09,-2.846874166e-07,-1.242252381e-06,-3.407083434e-06,-4.839640241e-06,-2.953641014e-06,-5.499510308e-07,
1.587544711e-01
l,6.0,1.0
2.690,3.450,4.210,
8.673259652e-13,9.918763326e+00
1.086061019e-07,3.071528239e-08,-6.814819600e-07,-1.261656845e-06,-7.073402336e-07,-1.127908837e-06,-4.536953249e-06,-6.098645729e-06,-2.681728253e-06,
1.206848365e-08,-5.280494884e-08,1.291124631e-08,-1.197124202e-06,-5.444819006e-06,-1.531078181e-05,-2.277801528e-05,-1.530095443e-05,-3.536911768e-06,
1.587855412e-01
l,6.0,2.0
2.750,3.510,4.290,
2.947550889e-12,9.729597898e+00
3.841408045e-07,1.631750421e-07,-2.501451148e-06,-6.536993257e-06,-1.099074658e-05,-2.146381481e-05,-3.590881985e-05,-3.337989048e-05,-1.234271044e-05,
4.171532008e-08,-1.827077432e-07,7.011468433e-08,-3.864199305e-06,-1.724024701e-05,-4.815095870e-05,-7.045550037e-05,-4.552837059e-05,-9.691226491e-06,
1.587544992e-01
l,6.0,3.0
2.850,3.590,4.350,
9.602113091e-12,9.554127438e+00
1.363519004e-06,5.258853106e-07,-8.442509264e-06,-1.712931991e-05,-7.061324601e-06,1.648414703e-05,2.427707782e-05,1.193691862e-05,1.775922132e-06,
1.574102099e-07,-6.899427202e-07,1.110793970e-07,-1.641678788e-05,-7.636221621e-05,-2.183767929e-04,-3.335626150e-04,-2.342721617e-04,-5.853364086e-05,
1.587855682e-01
l,6.0,4.0
2.910,3.670,4.430,
1.531941897e-11,1.007780281e+01
4.821445145e-06,1.663647206e-06,-3.062506968e-05,-6.431231825e-05,-5.144215376e-05,-4.850536622e-05,-1.301433202e-04,-1.698337855e-04,-7.461614609e-05,
5.438769753e-07,-2.386119591e-06,6.560378652e-07,-5.371163503e-05,-2.455557571e-04,-6.960553782e-04,-1.045638131e-03,-7.090827408e-04,-1.653941726e-04,
1.587857506e-01
l,6.0,5.0
2.970,3.730,4.510,
2.389422533e-11,1.059048194e+01
1.681932008e-05,8.676460303e-06,-1.105810896e-04,-3.325502028e-04,-6.701489528e-04,-1.316362608e-03,-1.976652606e-03,-1.677830032e-03,-5.832694513e-04,
1.878930850e-06,-8.250862823e-06,2.804458704e-06,-1.807605726e-04,-8.222102609e-04,-2.333406610e-03,-3.492711224e-03,-2.342636097e-03,-5.348135754e-04,
1.588167736e-01
l,6.0,6.0
3.070,3.810,4.570,
6.957219737e-11,1.050608113e+01
5.908773892e-05,3.007003228e-05,-3.732726385e-04,-9.820512539e-04,-1.445495427e-03,-2.272745263e-03,-3.555631656e-03,-3.328283165e-03,-1.253292364e-03,
7.082529693e-06,-3.112203882e-05,4.900768696e-06,-7.495133408e-04,-3.539017125e-03,-1.027437095e-02,-1.601958299e-02,-1.155798015e-02,-2.997322965e-03,
1.587855299e-01
l,7.0,-7.0
2.670,3.430,4.190,
2.412228960e-17,7.842712628e+00
3.535990131e-13,9.013895346e-14,-2.159365046e-12,-3.179726654e-12,2.194427488e-12,8.395190124e-12,3.443868941e-12,-5.677967486e-12,-4.303117651e-12,
3.916470010e-14,-1.713184614e-13,2.797150955e-14,-4.018876824e-12,-1.834731040e-11,-5.147790868e-11,-7.667104547e-11,-5.210494292e-11,-1.243242554e-11,
1.587234778e-01
l,7.0,-6.0
2.730,3.490,4.270,
1.304713107e-16,7.304716975e+00
1.289530006e-12,4.192253953e-13,-8.052302583e-12,-1.412052273e-11,7.747816109e-12,6.606239296e-11,1.172907370e-10,9.870764525e-11,3.325342760e-11,
1.354133202e-13,-5.929450640e-13,2.168024032e-13,-1.257474230e-11,-5.552682997e-11,-1.532047446e-10,-2.204310148e-10,-1.394241597e-10,-2.873421704e-11,
1.587235359e-01
l,7.0,-5.0
2.850,3.570,4.330,
1.619362495e-16,8.161443780e+00
4.710795122e-12,9.597379022e-13,-2.826377464e-11,-2.794826581e-11,1.512652940e-10,6.105881018e-10,1.074321013e-09,9.591152278e-10,3.470665046e-10,
5.108071364e-13,-2.238369440e-12,6.177563131e-13,-4.979686492e-11,-2.243233519e-10,-6.269402787e-10,-9.240724171e-10,-6.117312237e-10,-1.380127910e-10,
1.586925660e-01
l,7.0,-4.0
2.890,3.650,4.410,
4.921826507e-16,8.175811082e+00
1.709942951e-11,1.549467025e-12,-1.040823136e-10,-9.345262156e-11,4.590212778e-10,1.551374373e-09,2.266677414e-09,1.705243969e-09,5.320775882e-10,
1.765406868e-12,-7.743452520e-12,3.279240097e-12,-1.596282230e-10,-6.981249321e-10,-1.919216043e-09,-2.737019974e-09,-1.690280015e-09,-3.266000560e-10,
1.587234792e-01
l,7.0,-3.0
2.930,3.690,4.470,
5.616224489e-17,1.113482164e+01
6.119749152e-11,2.476780728e-11,-3.908979118e-10,-1.070341713e-09,-2.421955668e-09,-6.499498946e-09,-1.213634973e-08,-1.167421776e-08,-4.389449412e-09,
6.657853293e-12,-2.922303472e-11,8.336748581e-12,-6.506771862e-10,-2.938321662e-09,-8.243875161e-09,-1.220956252e-08,-8.146370605e-09,-1.868481998e-09,
1.587235449e-01
l,7.0,-2.0
2.990,3.770,4.550,
7.705749229e-15,7.626340813e+00
2.205746974e-10,6.866134266e-11,-1.384434788e-09,-2.665661243e-09,2.005408987e-10,9.008340257e-09,1.739008617e-08,1.514991482e-08,5.215123316e-09,
2.299268572e-11,-1.010112664e-10,4.314938128e-11,-2.086867176e-09,-9.166100188e-09,-2.535156831e-08,-3.648737073e-08,-2.288826767e-08,-4.582841059e-09,
1.587235256e-01
l,7.0,-1.0
3.050,3.830,4.610,
1.669354005e-14,7.938099876e+00
7.853110939e-10,3.448752551e-10,-4.833932160e-09,-1.106375758e-08,-6.379655067e-09,1.789148895e-08,4.741949267e-08,4.696862679e-08,1.743995741e-08,
8.667614954e-11,-3.810328396e-10,9.921219602e-11,-8.629252801e-09,-3.932312642e-08,-1.112178566e-07,-1.668189380e-07,-1.136641496e-07,-2.705769688e-08,
1.587235559e-01
l,7.0,0.0
3.150,3.910,4.690,
4.198690440e-15,1.008650677e+01
2.806954003e-09,1.032631804e-09,-1.789013524e-08,-4.498616013e-08,-7.460680840e-08,-1.525818838e-07,-2.667506523e-07,-2.543974033e-07,-9.561153847e-08,
2.991740115e-10,-1.316291419e-09,5.006726493e-10,-2.806848034e-08,-1.253941742e-07,-3.512682943e-07,-5.161712155e-07,-3.367011524e-07,-7.333671685e-08,
1.587234705e-01
l,7.0,1.0
3.210,3.990,4.770,
3.565998180e-14,9.159121211e+00
9.983309290e-09,3.036650065e-09,-6.339839045e-08,-1.355524560e-07,-8.755848549e-08,9.928276103e-08,2.700190237e-07,2.481420315e-07,8.785819842e-08,
1.032741848e-09,-4.547500982e-09,2.018458291e-09,-9.364866221e-08,-4.103948867e-07,-1.134804507e-06,-1.629550289e-06,-1.014689509e-06,-1.989434989e-07,
1.587855412e-01
l,7.0,2.0
3.270,4.050,4.830,
1.376517932e-14,1.084626107e+01
3.505734014e-08,1.611586938e-08,-2.197262793e-07,-6.018270384e-07,-1.009584776e-06,-1.619499416e-06,-2.139152109e-06,-1.666262336e-06,-5.400341725e-07,
3.889296910e-09,-1.713597839e-08,4.797170248e-09,-3.871074741e-07,-1.772956719e-06,-5.050850404e-06,-7.638022104e-06,-5.253029887e-06,-1.266113005e-06,
1.587234985e-01
l,7.0,3.0
3.370,4.130,4.910,
5.361099018e-14,1.056330681e+01
1.236874994e-07,5.200409759e-08,-7.819505359e-07,-2.039976760e-06,-3.125568849e-06,-4.910070197e-06,-7.121159918e-06,-6.204811158e-06,-2.215500530e-06,
1.341661545e-08,-5.915795730e-08,2.065697000e-08,-1.291831439e-06,-5.840005245e-06,-1.651695106e-05,-2.464606334e-05,-1.651078048e-05,-3.784068658e-06,
1.587545433e-01
l,7.0,4.0
3.430,4.210,4.990,
4.584693608e-14,1.151418056e+01
4.342001034e-07,1.670766046e-07,-2.798313725e-06,-7.552575976e-06,-1.328934638e-05,-2.393030924e-05,-3.477826345e-05,-2.878083178e-05,-9.723126617e-06,
4.626998743e-08,-2.041696024e-07,8.102193582e-08,-4.352274858e-06,-1.947819713e-05,-5.478513813e-05,-8.074791880e-05,-5.267301838e-05,-1.139665459e-05,
1.587855324e-01
l,7.0,5.0
3.510,4.270,5.050,
1.464359255e-14,1.318521683e+01
1.503041972e-06,8.592541365e-07,-9.262956083e-06,-2.971920698e-05,-7.004487237e-05,-1.611675785e-04,-2.630042360e-04,-2.329966103e-04,-8.316730046e-05,
1.742246870e-07,-7.691937521e-07,1.175226852e-07,-1.866569739e-05,-8.783391095e-05,-2.546180661e-04,-3.960840316e-04,-2.862857693e-04,-7.511169101e-05,
1.587855425e-01
l,7.0,6.0
3.590,4.350,5.130,
1.944651860e-13,1.193937958e+01
5.234786840e-06,2.931442460e-06,-3.264915647e-05,-1.012316510e-04,-2.033104126e-04,-3.737370191e-04,-5.221622005e-04,-4.208046930e-04,-1.410781339e-04,
6.004660291e-07,-2.652884810e-06,5.759717044e-07,-6.251145205e-05,-2.920518150e-04,-8.443949059e-04,-1.304935979e-03,-9.292567527e-04,-2.371834687e-04,
1.587855299e-01
l,7.0,7.0
3.650,4.430,5.210,
7.205967140e-14,1.345730489e+01
1.816006989e-05,1.006071309e-05,-1.156308651e-04,-3.799216464e-04,-8.857277068e-04,-1.884619924e-03,-2.822572590e-03,-2.331421189e-03,-7.864464793e-04,
2.069010490e-06,-9.147187343e-06,2.429965544e-06,-2.112174993e-04,-9.837609390e-04,-2.847214480e-03,-4.393039655e-03,-3.106373672e-03,-7.809425190e-04,
1.587857325e-01
l,8.0,-8.0
3.130,3.890,4.670,
7.779100866e-19,6.666803338e+00
9.220333949e-15,3.095830822e-15,-5.642825940e-14,-9.906432489e-14,7.335901983e-14,5.713440138e-13,1.056387840e-12,9.186858523e-13,3.160101637e-13,
9.717356109e-16,-4.274508243e-15,1.374669427e-15,-9.372860314e-14,-4.196941509e-13,-1.171725944e-12,-1.716912293e-12,-1.124097039e-12,-2.492837571e-13,
1.587235632e-01
l,8.0,-7.0
3.210,3.950,4.730,
1.781936680e-19,8.923112557e+00
3.348764069e-14,1.395079824e-14,-1.998813874e-13,-3.529976687e-13,5.225415939e-13,3.511925676e-12,7.130860425e-12,6.794134103e-12,2.517697350e-12,
3.661236430e-15,-1.611513352e-14,3.787847044e-15,-3.699913042e-13,-1.689920392e-12,-4.779297149e-12,-7.167159556e-12,-4.897991655e-12,-1.177187197e-12,
1.586925377e-01
l,8.0,-6.0
3.270,4.010,4.810,
6.602097123e-19,8.688133118e+00
1.210232001e-13,5.889371682e-14,-7.499847168e-13,-1.812704271e-12,-6.530559296e-13,6.053598893e-12,1.512850615e-11,1.508091277e-11,5.623421535e-12,
1.263423520e-14,-5.565470665e-14,2.171374388e-14,-1.182945503e-12,-5.260626246e-12,-1.470130383e-11,-2.149702880e-11,-1.396424145e-11,-3.048580959e-12,
1.587234815e-01
l,8.0,-5.0
3.330,4.090,4.870,
1.271160929e-20,1.286237853e+01
4.400966082e-13,1.708622734e-13,-2.802047395e-12,-8.242116537e-12,-2.244306399e-11,-6.576207084e-11,-1.237845304e-10,-1.186187705e-10,-4.445955067e-11,
4.758483199e-14,-2.097364604e-13,6.016866832e-14,-4.699269408e-12,-2.129760490e-11,-6.007684761e-11,-8.965390872e-11,-6.055003420e-11,-1.420015470e-11,
1.586925660e-01
l,8.0,-4.0
3.410,4.170,4.950,
7.563646039e-18,8.527685946e+00
1.589733011e-12,4.589351309e-13,-9.787813089e-12,-1.730648285e-11,1.475546722e-11,1.148053259e-10,2.193216949e-10,1.953939323e-10,6.844824041e-11,
1.641277219e-13,-7.239593851e-13,3.037802378e-13,-1.511838899e-11,-6.657125331e-11,-1.846943485e-10,-2.670370066e-10,-1.690473679e-10,-3.458807267e-11,
1.587234792e-01
l,8.0,-3.0
3.470,4.230,5.010,
2.985094624e-17,8.345200940e+00
5.678525792e-12,2.288853770e-12,-3.417253542e-11,-6.964001608e-11,2.388147559e-11,3.861686727e-10,8.290897036e-10,7.911008251e-10,2.895888472e-10,
6.180648290e-13,-2.727749208e-12,7.067536909e-13,-6.216261427e-11,-2.833440805e-10,-8.026729029e-10,-1.206140340e-09,-8.244886313e-10,-1.975459392e-10,
1.587235449e-01
l,8.0,-2.0
3.510,4.290,5.090,
1.545900803e-17,9.747922328e+00
2.017186071e-11,1.032023019e-11,-1.263913688e-10,-3.783078116e-10,-6.639222489e-10,-8.468966258e-10,-6.512866056e-10,-1.937106267e-10,1.697339290e-11,
2.130426745e-12,-9.409046428e-12,3.597223687e-12,-2.025318708e-10,-9.105681278e-10,-2.572881028e-09,-3.822711531e-09,-2.548378471e-09,-5.837088906e-10,
1.587235256e-01
l,8.0,-1.0
3.610,4.370,5.150,
6.843395708e-17,9.427464279e+00
7.205484126e-11,3.300271798e-11,-4.354384156e-10,-1.097703797e-09,-1.312187226e-09,-9.658501010e-10,-4.826467883e-10,-1.669867717e-10,-3.201074672e-11,
8.018471987e-12,-3.543199786e-11,7.884988678e-12,-8.271983925e-10,-3.828606956e-09,-1.097677482e-08,-1.678329164e-08,-1.180328426e-08,-2.968330234e-09,
1.586925612e-01
l,8.0,0.0
3.670,4.450,5.230,
4.712902103e-17,1.054030872e+01
2.563204093e-10,9.943790785e-11,-1.585467632e-09,-3.947080471e-09,-4.924223187e-09,-4.023363152e-09,-1.713842121e-09,4.313270776e-10,5.673178403e-10,
2.763269407e-11,-1.221853321e-10,3.855777563e-11,-2.719066960e-09,-1.233455657e-08,-3.495471929e-08,-5.240368592e-08,-3.550426492e-08,-8.335398511e-09,
1.587234705e-01
l,8.0,1.0
3.710,4.510,5.310,
1.086009912e-16,1.068071903e+01
8.987500744e-10,4.705018804e-10,-5.697259427e-09,-1.899191490e-08,-4.550681725e-08,-9.558110169e-08,-1.384131586e-07,-1.107169058e-07,-3.626501287e-08,
9.520364392e-11,-4.212425720e-10,1.582460196e-10,-9.155064754e-09,-4.139535609e-08,-1.176016451e-07,-1.759132616e-07,-1.184722266e-07,-2.761547690e-08,
1.587545163e-01
l,8.0,2.0
3.810,4.590,5.390,
3.190845921e-17,1.235579744e+01
3.170512963e-09,1.522801702e-09,-2.025425061e-08,-6.403248179e-08,-1.413554672e-07,-2.852255722e-07,-4.169292860e-07,-3.418012588e-07,-1.148816280e-07,
3.279330629e-10,-1.451904856e-09,6.329743000e-10,-3.057519871e-08,-1.362951416e-07,-3.841438040e-07,-5.663573441e-07,-3.706773709e-07,-8.164525483e-08,
1.587855241e-01
l,8.0,3.0
3.870,4.650,5.450,
1.502593151e-15,1.028991825e+01
1.099865976e-08,7.073096155e-09,-6.643772161e-08,-2.275122647e-07,-4.804970355e-07,-7.812644254e-07,-8.764867456e-07,-5.676358899e-07,-1.560709620e-07,
1.233228863e-09,-5.462569063e-09,1.342460526e-09,-1.276129544e-07,-5.960426096e-07,-1.728567005e-06,-2.674064649e-06,-1.910367179e-06,-4.930642166e-07,
1.587235426e-01
l,8.0,4.0
3.930,4.730,5.530,
5.356234259e-16,1.182671072e+01
3.851378949e-08,2.364109481e-08,-2.367140984e-07,-8.303337051e-07,-2.030715639e-06,-4.215260413e-06,-5.985171582e-06,-4.714049679e-06,-1.529489429e-06,
4.245451341e-09,-1.881643341e-08,5.766548001e-09,-4.273259519e-07,-1.978795789e-06,-5.724922080e-06,-8.814928747e-06,-6.234085816e-06,-1.581286588e-06,
1.587235068e-01
l,8.0,5.0
4.030,4.810,5.610,
2.163016985e-15,1.153816828e+01
1.341213931e-07,7.996502213e-08,-8.359198459e-07,-2.891627638e-06,-6.529162797e-06,-1.191552884e-05,-1.513800431e-05,-1.099828166e-05,-3.363481819e-06,
1.461500664e-08,-6.481343964e-08,2.217580466e-08,-1.445756243e-06,-6.645589774e-06,-1.913213385e-05,-2.918578519e-05,-2.027995653e-05,-4.983453616e-06,
1.587545176e-01
l,8.0,6.0
4.090,4.890,5.690,
1.018668243e-15,1.280883582e+01
4.651548124e-07,2.715228477e-07,-2.936726360e-06,-1.057093900e-05,-2.708268527e-05,-5.766059200e-05,-8.214371421e-05,-6.439186082e-05,-2.075812354e-05,
5.030206817e-08,-2.232015856e-07,7.832353379e-08,-4.972439665e-06,-2.285160734e-05,-6.586064877e-05,-1.004345851e-04,-6.966100927e-05,-1.705629987e-05,
1.587855299e-01
l,8.0,7.0
4.190,4.970,5.770,
3.604402872e-15,1.260711500e+01
1.606532010e-06,9.372817178e-07,-1.013946637e-05,-3.556450372e-05,-8.446360714e-05,-1.657235944e-04,-2.242689354e-04,-1.709253949e-04,-5.425628692e-05,
1.730621025e-07,-7.683372638e-07,2.949609544e-07,-1.685989044e-05,-7.720822930e-05,-2.224354541e-04,-3.386571180e-04,-2.336969542e-04,-5.661409764e-05,
1.587855143e-01
l,8.0,8.0
4.250,5.050,5.850,
1.965508752e-15,1.372196591e+01
5.523682830e-06,3.272139713e-06,-3.547946759e-05,-1.317156571e-04,-3.459616956e-04,-7.399943743e-04,-1.049929318e-03,-8.189891681e-04,-2.629175770e-04,
5.952986146e-07,-2.644336849e-06,1.075262694e-06,-5.743624227e-05,-2.626741173e-04,-7.570984723e-04,-1.151368653e-03,-7.907231822e-04,-1.894212092e-04,
1.587855416e-01
l,9.0,-9.0
3.610,4.350,5.130,
9.814496809e-22,8.362976613e+00
2.374014975e-16,1.012316933e-16,-1.370778354e-15,-2.078587509e-15,6.867331655e-15,3.704355299e-14,7.413335324e-14,7.050896989e-14,2.609270494e-14,
2.605443982e-17,-1.151095500e-16,2.238191808e-17,-2.717329740e-15,-1.254478715e-14,-3.579428561e-14,-5.438874478e-14,-3.802409515e-14,-9.512849671e-15,
1.586925705e-01
l,9.0,-8.0
3.670,4.410,5.210,
1.354655721e-21,8.896095326e+00
8.595602998e-16,4.197240905e-16,-5.202959389e-15,-1.180888110e-14,3.684847527e-15,7.494325900e-14,1.673338179e-13,1.614506774e-13,5.920739732e-14,
8.979237924e-17,-3.969750639e-16,1.457021574e-16,-8.600835086e-15,-3.851933250e-14,-1.082713807e-13,-1.597944819e-13,-1.056029009e-13,-2.385917462e-14,
1.587235632e-01
l,9.0,-7.0
3.730,4.470,5.270,
1.575648100e-20,7.949350596e+00
3.098269068e-15,1.770303825e-15,-1.792626973e-14,-3.956540119e-14,4.263562375e-14,4.118103493e-13,9.165932584e-13,9.020472741e-13,3.363385386e-13,
3.378685501e-16,-1.494466310e-15,3.849356727e-16,-3.438287125e-14,-1.581849554e-13,-4.525312109e-13,-6.880593654e-13,-4.801146979e-13,-1.197764050e-13,
1.586925377e-01
l,9.0,-6.0
3.830,4.570,5.350,
3.259970672e-21,9.945884757e+00
1.134388028e-14,3.126232324e-15,-6.842590760e-14,-1.080744332e-13,2.131108390e-13,1.209059541e-12,2.278854480e-12,2.036257714e-12,7.152987866e-13,
1.163933539e-15,-5.151634558e-15,2.110739254e-15,-1.088827205e-13,-4.815492424e-13,-1.342610883e-12,-1.955504694e-12,-1.255454006e-12,-2.651693110e-13,
1.587234815e-01
l,9.0,-5.0
3.890,4.630,5.410,
2.839982461e-20,9.206558660e+00
4.064544857e-14,1.541872436e-14,-2.397593901e-13,-4.235734261e-13,7.496073979e-13,4.974929316e-12,1.016399432e-11,9.597878532e-12,3.497718758e-12,
4.379173772e-15,-1.939154463e-14,5.129275726e-15,-4.425968032e-13,-2.015232801e-12,-5.710923970e-12,-8.583575786e-12,-5.867404584e-12,-1.405312730e-12,
1.587235606e-01
l,9.0,-4.0
3.910,4.690,5.490,
2.851464496e-19,8.348583524e+00
1.449140965e-13,6.891971403e-14,-8.928231594e-13,-2.467613849e-12,-3.022043920e-12,4.269667369e-13,7.849242970e-12,1.040536026e-11,4.438167823e-12,
1.507716222e-14,-6.680422388e-14,2.638167461e-14,-1.436127618e-12,-6.448468006e-12,-1.823921486e-11,-2.709932200e-11,-1.804865295e-11,-4.126272816e-12,
1.587234792e-01
l,9.0,-3.0
3.950,4.750,5.550,
3.612196086e-19,8.920710882e+00
5.139375796e-13,3.061482584e-13,-3.096053135e-12,-1.052027150e-11,-2.500857255e-11,-5.140331400e-11,-7.366529811e-11,-5.897467977e-11,-1.940364456e-11,
5.669894658e-14,-2.513345981e-13,6.065093602e-14,-5.863513238e-12,-2.721154749e-11,-7.846390611e-11,-1.206952653e-10,-8.574095144e-11,-2.200370089e-11,
1.586925503e-01
l,9.0,-2.0
4.050,4.830,5.630,
3.334975441e-21,1.302554819e+01
1.835628004e-12,9.658555605e-13,-1.138648011e-11,-3.710815556e-11,-8.431675507e-11,-1.735376175e-10,-2.586628445e-10,-2.163367127e-10,-7.397427460e-11,
1.951765944e-13,-8.656768205e-13,2.965585486e-13,-1.920021286e-11,-8.740876944e-11,-2.494547672e-10,-3.762690284e-10,-2.575732481e-10,-6.193792547e-11,
1.587235256e-01
l,9.0,-1.0
4.110,4.910,5.710,
3.949643897e-19,1.043975879e+01
6.535772791e-12,2.974718587e-12,-4.142629710e-11,-1.328551573e-10,-3.122552511e-10,-6.592453981e-10,-9.674536276e-10,-7.831815901e-10,-2.587337512e-10,
6.717269456e-13,-2.981016805e-12,1.273672919e-12,-6.323823726e-11,-2.825903665e-10,-7.982694972e-10,-1.180964070e-09,-7.784278604e-10,-1.740893071e-10,
1.587545021e-01
l,9.0,0.0
4.170,4.970,5.770,
1.821951922e-18,1.016282391e+01
2.290041073e-11,1.371848161e-11,-1.377879398e-10,-4.753803604e-10,-1.150712893e-09,-2.375662818e-09,-3.368664717e-09,-2.661818629e-09,-8.687675398e-10,
2.525038598e-12,-1.121031606e-11,2.687753093e-12,-2.629595507e-10,-1.223996748e-09,-3.540448637e-09,-5.464515567e-09,-3.898983720e-09,-1.006839593e-09,
1.587235249e-01
l,9.0,1.0
4.270,5.050,5.850,
1.304533804e-17,9.522945879e+00
8.084768965e-11,4.441687619e-11,-4.882322024e-10,-1.488054930e-09,-2.435239706e-09,-2.413846193e-09,-9.342740381e-10,5.070579165e-10,4.509253610e-10,
8.685615922e-12,-3.858177794e-11,1.271801769e-11,-8.660291585e-10,-3.974550551e-09,-1.142641187e-08,-1.741950483e-08,-1.212607081e-08,-2.998609832e-09,
1.587235156e-01
l,9.0,2.0
4.330,5.130,5.930,
2.212899764e-18,1.150032821e+01
2.844244007e-10,1.440306398e-10,-1.792024450e-09,-6.109540499e-09,-1.513341876e-08,-3.206779755e-08,-4.603448558e-08,-3.645913753e-08,-1.187248725e-08,
2.987698637e-11,-1.327834086e-10,5.131543863e-11,-2.893127823e-09,-1.310750951e-08,-3.738258500e-08,-5.615981535e-08,-3.802892118e-08,-8.939364032e-09,
1.587544992e-01
l,9.0,3.0
4.390,5.190,5.990,
8.133398423e-19,1.289141912e+01
9.837886061e-10,6.618062148e-10,-5.620536081e-09,-1.939733652e-08,-4.506128723e-08,-8.985399250e-08,-1.252988347e-07,-9.806086399e-08,-3.181464408e-08,
1.122650747e-10,-4.991335059e-10,7.351558306e-11,-1.231257194e-08,-5.845497635e-08,-1.713966263e-07,-2.704114041e-07,-2.000825384e-07,-5.467284248e-08,
1.587235971e-01
l,9.0,4.0
4.490,5.270,6.070,
1.011123679e-16,1.035254457e+01
3.432025997e-09,2.217880636e-09,-2.008194312e-08,-6.747192970e-08,-1.291391966e-07,-1.650835219e-07,-1.187159906e-07,-2.934206246e-08,5.749474811e-09,
3.859740369e-10,-1.716900075e-09,3.753156316e-10,-4.091654875e-08,-1.923510683e-07,-5.607304693e-07,-8.750322414e-07,-6.343694528e-07,-1.676235797e-07,
1.587235612e-01
l,9.0,5.0
4.550,5.350,6.150,
1.496761215e-18,1.383441358e+01
1.192518972e-08,7.467415967e-09,-7.124770007e-08,-2.565426066e-07,-6.472802696e-07,-1.357151158e-06,-1.913347986e-06,-1.490483327e-06,-4.791849704e-07,
1.326774050e-09,-5.904635260e-09,1.467049315e-09,-1.391834391e-07,-6.536269019e-07,-1.909986512e-06,-2.983287952e-06,-2.160851843e-06,-5.696854845e-07,
1.587235169e-01
l,9.0,6.0
4.650,5.430,6.230,
9.050114229e-17,1.181059167e+01
4.127432973e-08,2.547675515e-08,-2.456804842e-07,-8.313292565e-07,-1.726740433e-06,-2.736914130e-06,-2.956157738e-06,-1.819911618e-06,-4.709064567e-07,
4.559974762e-09,-2.030309551e-08,5.866142968e-09,-4.693485193e-07,-2.191009907e-06,-6.385546505e-06,-9.932753995e-06,-7.135712775e-06,-1.855031726e-06,
1.587235043e-01
l,9.0,7.0
4.710,5.510,6.310,
3.209963603e-18,1.463154759e+01
1.421580009e-07,8.782507359e-08,-8.663716513e-07,-3.198981225e-06,-8.280524294e-06,-1.748009073e-05,-2.458072615e-05,-1.907068049e-05,-6.107137357e-06,
1.567260187e-08,-6.981349463e-08,2.006758695e-08,-1.616957127e-06,-7.547056311e-06,-2.197990013e-05,-3.411666576e-05,-2.441240498e-05,-6.302376390e-06,
1.587544894e-01
l,9.0,8.0
4.770,5.570,6.390,
3.552359809e-19,1.666141564e+01
4.799898079e-07,3.856219963e-07,-2.772917028e-06,-1.181457882e-05,-3.374823111e-05,-7.313886212e-05,-1.018361168e-04,-7.764083050e-05,-2.446043190e-05,
5.384746517e-08,-2.399700014e-07,6.481050772e-08,-5.678624217e-06,-2.699651975e-05,-7.990400371e-05,-1.263032297e-04,-9.297574489e-05,-2.516257656e-05,
1.587545167e-01
l,9.0,9.0
4.870,5.670,6.470,
7.853281114e-18,1.530603635e+01
1.665329023e-06,1.068788699e-06,-1.007655589e-05,-3.753927802e-05,-9.707040263e-05,-2.043560221e-04,-2.871994479e-04,-2.228573926e-04,-7.135672205e-05,
1.849785343e-07,-8.247106673e-07,2.413600472e-07,-1.914219980e-05,-8.977343738e-05,-2.629354644e-04,-4.111364093e-04,-2.971229914e-04,-7.782252295e-05,
1.587545237e-01
