l,1.0,-1.0
0.170,0.590,1.010,
1.800172022e-03,2.920654874e+00
4.184041973e-05,-1.458781637e-04,1.189611729e-04,4.079034258e-03,2.376633708e-02,1.540873313e-01,5.089542671e-01,7.494198897e-01,4.095825196e-01,
5.001743269e-06,-2.959011610e-05,-1.204935795e-05,-1.965171256e-03,-1.675317164e-02,-8.453328493e-02,-2.365253137e-01,-3.464544905e-01,-2.095978835e-01,
1.581063082e-01
l,1.0,0.0
0.250,0.550,0.890,
3.732471876e-02,3.287793963e+00
1.481965999e-03,-3.200225645e-03,-1.856580720e-03,4.478052310e-01,4.058561336e+00,2.580750351e+01,1.047043300e+02,2.216045783e+02,1.856498251e+02,
3.038062778e-04,-1.761185987e-03,-5.424975216e-03,-2.816389725e-01,-3.356123340e+00,-2.163579251e+01,-7.639945445e+01,-1.391609567e+02,-1.029620079e+02,
1.590510715e-01
l,1.0,1.0
0.390,0.570,0.830,
4.489733019e+00,5.020600653e+00
7.332602143e-02,-3.419035049e-01,1.329543891e+00,9.825249294e+01,1.229474700e+03,1.085707197e+04,5.819843798e+04,1.580970179e+05,1.670607070e+05,
1.414446644e-02,-9.110176341e-02,-1.201162522e+00,-7.170127703e+01,-1.370242337e+03,-1.286931452e+04,-6.265544178e+04,-1.530229090e+05,-1.488131326e+05,
1.590821638e-01
l,2.0,-2.0
0.370,0.830,1.310,
2.662336612e-06,3.993775103e+00
2.929035077e-07,-6.773680087e-07,-1.452058031e-06,2.153699309e-05,6.862708980e-05,9.888128987e-05,2.372089515e-04,5.103653703e-04,3.940662691e-04,
2.738262999e-08,-1.681974052e-07,-6.085114949e-08,-1.063540461e-05,-8.059611548e-05,-3.610875216e-04,-8.779375346e-04,-1.094249428e-03,-5.628100389e-04,
1.581680686e-01
l,2.0,-1.0
0.430,0.890,1.370,
3.006405452e-05,4.197646924e+00
5.579066055e-06,-9.202052194e-06,-4.029155399e-05,4.312122500e-04,2.206089799e-03,4.809477599e-03,7.033753286e-03,7.708532346e-03,4.385601905e-03,
5.656770498e-07,-3.493584300e-06,-1.853100160e-06,-2.313329929e-04,-1.755984481e-03,-7.805501610e-03,-1.880416450e-02,-2.295569101e-02,-1.145239764e-02,
1.583837957e-01
l,2.0,0.0
0.510,0.970,1.450,
3.013604873e-04,4.275049116e+00
1.010995984e-04,-1.474402919e-04,-8.221184457e-04,7.789592356e-03,4.664129335e-02,1.189794284e-01,1.920600936e-01,2.039706397e-01,1.055910084e-01,
1.028932417e-05,-6.396355799e-05,-2.404616465e-05,-4.083256778e-03,-3.069445062e-02,-1.357741801e-01,-3.241967240e-01,-3.892576240e-01,-1.902849547e-01,
1.584147093e-01
l,2.0,1.0
0.590,1.030,1.470,
4.347359143e-03,4.931249279e+00
2.151527908e-03,-2.273635737e-03,-2.285069237e-02,1.853727516e-01,1.395157684e+00,3.935089612e+00,5.932049241e+00,4.861968417e+00,1.756507708e+00,
2.723398806e-04,-1.697664410e-03,-3.073928851e-04,-1.071197850e-01,-8.512235839e-01,-4.006564796e+00,-1.027026475e+01,-1.314838634e+01,-6.804317296e+00,
1.588787337e-01
l,2.0,2.0
0.750,1.070,1.430,
8.497478568e-02,6.308601758e+00
7.226570696e-02,-6.766559022e-02,-1.032770409e+00,2.320593088e+01,2.595641613e+02,1.249532760e+03,3.405403225e+03,5.142329346e+03,3.342061786e+03,
1.092118112e-02,-7.140564795e-02,-2.437596706e-01,-1.266086508e+01,-1.407773514e+02,-8.527417480e+02,-2.774783944e+03,-4.583910013e+03,-3.073974531e+03,
1.589889343e-01
l,3.0,-3.0
0.590,1.090,1.610,
2.687794162e-09,4.454357173e+00
1.705592001e-09,-2.338169107e-09,-1.406064521e-08,1.037861150e-07,6.708158460e-07,1.942665337e-06,3.672580327e-06,4.249698704e-06,2.168068850e-06,
1.419132211e-10,-8.918856119e-10,3.302738470e-11,-4.900387070e-08,-3.388371172e-07,-1.398128174e-06,-3.043766617e-06,-3.260646384e-06,-1.407967805e-06,
1.580754897e-01
l,3.0,-2.0
0.670,1.170,1.690,
3.997675163e-08,5.631026535e+00
2.854078041e-08,-2.666281198e-08,-2.610310411e-07,1.303040011e-06,9.410396430e-06,2.328947973e-05,2.836201950e-05,1.536897477e-05,1.796527227e-06,
2.561962914e-09,-1.617656028e-08,-4.614713137e-09,-9.819411289e-07,-6.915168012e-06,-2.861443438e-05,-6.275615827e-05,-6.734221938e-05,-2.865232469e-05,
1.582289369e-01
l,3.0,-1.0
0.750,1.270,1.790,
2.970452520e-07,4.936190871e+00
4.551999950e-07,-4.085220194e-07,-4.190852912e-06,2.026180283e-05,1.663902178e-04,5.082437893e-04,8.812671016e-04,8.562793699e-04,3.599234375e-04,
4.062508914e-08,-2.578549593e-07,-4.010819173e-08,-1.518291366e-05,-1.062280010e-04,-4.391494940e-04,-9.591436093e-04,-1.017455417e-03,-4.247081360e-04,
1.582910108e-01
l,3.0,0.0
0.830,1.350,1.890,
3.087012396e-06,5.722208910e+00
7.358255971e-06,-3.008919702e-06,-7.679466742e-05,1.449051174e-04,1.852068328e-03,5.791804212e-03,9.431926640e-03,8.271155776e-03,3.110596996e-03,
6.423072014e-07,-4.095837325e-06,1.848192249e-07,-2.257291828e-04,-1.527961493e-03,-6.140153509e-03,-1.285379415e-02,-1.268808664e-02,-4.741250811e-03,
1.583837569e-01
l,3.0,1.0
0.930,1.450,1.970,
2.834515912e-05,5.714462905e+00
1.208703034e-04,-5.221263570e-05,-1.242750921e-03,3.264675319e-03,3.814598806e-02,1.261702270e-01,2.212981336e-01,2.092844579e-01,8.420010471e-02,
1.151024284e-05,-7.364810134e-05,-1.902237502e-05,-4.525708234e-03,-3.200109776e-02,-1.330817462e-01,-2.926093861e-01,-3.091822629e-01,-1.260234132e-01,
1.584765692e-01
l,3.0,2.0
1.030,1.530,2.030,
2.790912391e-04,6.201764720e+00
2.241665032e-03,-4.430214721e-04,-2.731108968e-02,3.585235490e-02,6.966730810e-01,2.498558542e+00,4.530776059e+00,4.343485961e+00,1.756001004e+00,
2.344535785e-04,-1.504783662e-03,3.183587188e-04,-8.207669407e-02,-5.812065911e-01,-2.467888499e+00,-5.506910737e+00,-5.737219547e+00,-2.216194027e+00,
1.586924396e-01
l,3.0,3.0
1.170,1.590,2.030,
2.614991748e-03,7.583988107e+00
5.808624998e-02,1.060378764e-02,-1.029195709e+00,1.049733612e+00,3.699761242e+01,1.638525698e+02,3.483306154e+02,3.764642773e+02,1.656039992e+02,
7.157890004e-03,-4.700225872e-02,1.781862879e-03,-2.918723922e+00,-2.151988685e+01,-9.467293912e+01,-2.114955594e+02,-1.985362660e+02,-5.171800513e+01,
1.588787553e-01
l,4.0,-4.0
0.830,1.370,1.910,
3.346448863e-12,4.824499344e+00
8.904307847e-12,-7.889263363e-12,-8.391194701e-11,3.188228978e-10,2.610848345e-09,7.416338243e-09,1.180109543e-08,1.043237531e-08,3.938253481e-09,
7.104980507e-13,-4.534599696e-12,5.317536684e-13,-2.433401028e-10,-1.625337028e-09,-6.486752633e-09,-1.345088116e-08,-1.328869691e-08,-5.087721172e-09,
1.581063464e-01
l,4.0,-3.0
0.930,1.470,2.010,
3.683410713e-11,6.147268164e+00
1.406351979e-10,-1.202857609e-10,-1.339743346e-09,4.337721071e-09,3.810206825e-08,1.096851122e-07,1.759189709e-07,1.584756854e-07,6.198790003e-08,
1.119597772e-11,-7.174752962e-11,1.688930950e-11,-3.732684701e-09,-2.477280234e-08,-9.887920488e-08,-2.043616556e-07,-1.994483743e-07,-7.455817954e-08,
1.581981185e-01
l,4.0,-2.0
1.050,1.550,2.110,
2.391257131e-10,9.891010037e+00
2.189161075e-09,-7.123530608e-10,-1.559064056e-08,2.161706534e-07,2.439507700e-06,1.157751362e-05,2.922180384e-05,3.766475201e-05,1.939311572e-05,
1.758867482e-10,-1.131287671e-09,1.116011202e-09,-3.842243214e-08,-2.043619995e-07,-7.325108868e-07,-1.297263873e-06,-8.580499321e-07,-7.982013791e-08,
1.581980932e-01
l,4.0,-1.0
1.150,1.650,2.210,
2.149513856e-09,7.924055688e+00
3.308680974e-08,-6.280738650e-09,-3.042783611e-07,1.356641617e-06,1.899985841e-05,8.917522200e-05,2.204294535e-04,2.798212954e-04,1.426065401e-04,
2.756938680e-09,-1.779150315e-08,1.603767825e-08,-6.332672095e-07,-3.471705123e-06,-1.271560673e-05,-2.348002745e-05,-1.715421487e-05,-2.777302674e-06,
1.581981172e-01
l,4.0,0.0
1.190,1.750,2.310,
1.838048811e-08,8.125231693e+00
4.972699799e-07,-2.436943994e-08,-5.719969396e-06,-1.017889324e-05,2.313361648e-06,-8.544425301e-06,-1.381765100e-04,-2.805623470e-04,-1.769407263e-04,
4.316742497e-08,-2.794203107e-07,1.884987579e-07,-1.095777403e-05,-6.231883626e-05,-2.320227734e-04,-4.451250008e-04,-3.580478733e-04,-8.179195413e-05,
1.583528286e-01
l,4.0,1.0
1.290,1.850,2.410,
3.133644846e-08,1.414434177e+01
7.548404938e-06,5.031714870e-07,-9.767027457e-05,-4.096402986e-04,-2.123541167e-03,-9.872110658e-03,-2.621464079e-02,-3.492413422e-02,-1.829707758e-02,
6.739785782e-07,-4.374739524e-06,2.927304176e-06,-1.730139234e-04,-9.927124756e-04,-3.729755115e-03,-7.260915586e-03,-5.955219937e-03,-1.403801326e-03,
1.583528561e-01
l,4.0,2.0
1.410,1.930,2.510,
1.636086338e-06,7.264121325e+00
1.176035003e-04,5.795814812e-05,-1.524610011e-03,-5.955147887e-03,-1.197443267e-02,-6.596111169e-03,3.581766778e-02,8.730942705e-02,6.013901969e-02,
1.050915589e-05,-6.838958733e-05,5.689756082e-05,-2.598348316e-03,-1.493436743e-02,-5.700887394e-02,-1.120321080e-01,-9.183009978e-02,-2.132761526e-02,
1.584147015e-01
l,4.0,3.0
1.510,2.030,2.570,
9.135478467e-06,8.640117008e+00
2.029265976e-03,1.205066549e-03,-2.296988184e-02,-5.543046503e-02,3.620050029e-02,3.547478122e-01,6.034232191e-01,3.898205379e-01,4.757048545e-02,
2.126192024e-04,-1.386349609e-03,-2.048134213e-04,-8.495582504e-02,-6.086869284e-01,-2.585745149e+00,-5.835289053e+00,-6.245921743e+00,-2.512223943e+00,
1.586004006e-01
l,4.0,4.0
1.650,2.130,2.610,
8.755123805e-05,8.750899783e+00
4.523925856e-02,1.232298109e-02,-7.177517068e-01,-1.029211651e+00,8.581169971e+00,4.244976825e+01,8.601818642e+01,8.598922890e+01,3.481416732e+01,
4.953971659e-03,-3.272207042e-02,9.073931007e-03,-1.851454991e+00,-1.309808337e+01,-5.596034358e+01,-1.219174490e+02,-1.137345338e+02,-3.173825262e+01,
1.588477234e-01
l,5.0,-5.0
1.110,1.650,2.210,
2.047854592e-15,1.127211691e+01
4.425946033e-14,-2.369678910e-14,-6.601830285e-13,-2.559819339e-12,-1.426897747e-11,-6.424719626e-11,-1.548466391e-10,-1.842925580e-10,-8.655694972e-11,
3.468719070e-15,-2.238487427e-14,2.438042342e-14,-6.701537862e-13,-2.971982671e-12,-8.717586365e-12,-9.755291637e-12,4.544500666e-12,9.765025645e-12,
1.581063051e-01
l,5.0,-4.0
1.230,1.730,2.310,
6.845982624e-15,1.367208506e+01
6.873129995e-13,3.062687395e-14,-2.891926967e-12,1.035084970e-10,1.139763217e-09,5.511073189e-09,1.402520558e-08,1.809314136e-08,9.292865276e-09,
5.428042570e-14,-3.513540944e-13,3.178524664e-13,-1.255096336e-11,-6.866371989e-11,-2.528872295e-10,-4.703571173e-10,-3.563228416e-10,-7.154995128e-11,
1.581680766e-01
l,5.0,-3.0
1.270,1.830,2.410,
1.303023689e-14,1.978376757e+01
1.036476027e-11,1.116317034e-12,-1.249020450e-10,-5.216208052e-10,-3.121600103e-09,-1.605578887e-08,-4.500160476e-08,-6.219321179e-08,-3.351963318e-08,
8.474858427e-13,-5.500950574e-12,4.556470274e-12,-2.038397250e-10,-1.134890790e-09,-4.211244817e-09,-7.970664299e-09,-6.239104692e-09,-1.349441054e-09,
1.581680940e-01
l,5.0,-2.0
1.450,1.950,2.530,
2.204997287e-13,1.337328293e+01
1.533815019e-10,-1.704193720e-11,-8.901584945e-10,1.897617723e-08,2.242178969e-07,1.115790513e-06,2.893901255e-06,3.785568592e-06,1.965252792e-06,
1.160577291e-11,-7.556038715e-11,8.535773943e-11,-2.460188338e-09,-1.267186552e-08,-4.513824562e-08,-7.786370889e-08,-4.626595524e-08,2.483601022e-10,
1.582907692e-01
l,5.0,-1.0
1.510,2.030,2.630,
5.036831208e-12,1.060207926e+01
2.227583007e-09,7.865597634e-10,-3.169024478e-08,-1.734350897e-07,-6.231653127e-07,-1.049718911e-06,4.994627009e-07,3.702843835e-06,3.106610202e-06,
1.804777951e-10,-1.177728642e-09,1.128288333e-09,-4.182705473e-08,-2.288769188e-07,-8.494252081e-07,-1.596882181e-06,-1.207281190e-06,-2.251244739e-07,
1.582289609e-01
l,5.0,0.0
1.610,2.130,2.730,
3.138148833e-11,1.097553336e+01
3.216372946e-08,1.767266877e-08,-4.071392756e-07,-1.888761333e-06,-3.681168409e-06,7.843776162e-06,5.847133971e-05,1.102639741e-04,6.964878536e-05,
2.805790863e-09,-1.834858997e-08,1.060675337e-08,-7.675690345e-07,-4.533782970e-06,-1.749996877e-05,-3.551061286e-05,-3.207892425e-05,-9.865664457e-06,
1.583528286e-01
l,5.0,1.0
1.710,2.250,2.850,
8.918671931e-10,8.589763577e+00
4.714659951e-07,1.881172072e-07,-6.033054490e-06,-2.988071033e-05,-1.077215662e-04,-2.665894415e-04,-3.571812257e-04,-1.909037188e-04,-1.012441446e-06,
3.816530827e-08,-2.501723244e-07,2.418703533e-07,-9.128846210e-06,-5.154472852e-05,-1.970200667e-04,-3.844948940e-04,-3.138178707e-04,-7.511768034e-05,
1.582907819e-01
l,5.0,2.0
1.830,2.350,2.950,
6.886488027e-09,8.810005536e+00
6.930965810e-06,3.841710044e-06,-8.946378061e-05,-4.995301384e-04,-1.977560802e-03,-5.223784611e-03,-7.556825794e-03,-4.734788534e-03,-5.349356067e-04,
5.911945732e-07,-3.882297321e-06,3.249065074e-06,-1.512984459e-04,-8.898934368e-04,-3.489404815e-03,-7.116275111e-03,-6.345861555e-03,-1.873776019e-03,
1.582907467e-01
l,5.0,3.0
1.910,2.450,3.050,
9.298492148e-08,8.227031699e+00
1.052036969e-04,7.081064985e-05,-1.363779536e-03,-7.781835261e-03,-3.012005356e-02,-7.848374071e-02,-1.165926253e-01,-8.196844210e-02,-1.725224442e-02,
9.156418600e-06,-6.023188572e-05,4.832274110e-05,-2.420880088e-03,-1.451575105e-02,-5.766708075e-02,-1.193350451e-01,-1.088371466e-01,-3.348364688e-02,
1.584456987e-01
l,5.0,4.0
1.950,2.530,3.130,
5.003463392e-06,5.956627343e+00
1.686239964e-03,1.830322902e-03,-2.271695910e-02,-1.659820467e-01,-8.129650081e-01,-2.750092016e+00,-5.678894926e+00,-6.310706573e+00,-2.870211549e+00,
1.615939388e-04,-1.064678369e-03,8.629196764e-04,-4.487646155e-02,-2.870775414e-01,-1.201009210e+00,-2.635032434e+00,-2.608558550e+00,-9.160561537e-01,
1.585385130e-01
l,5.0,5.0
2.130,2.650,3.170,
1.449883492e-06,1.082820862e+01
3.440503031e-02,2.857759680e-02,-4.906787466e-01,-2.317342223e+00,-7.562507433e+00,-2.397858978e+01,-5.584720650e+01,-7.160653378e+01,-3.708515638e+01,
3.737991923e-03,-2.482654732e-02,2.236327738e-03,-1.492239641e+00,-1.082458960e+01,-4.730009034e+01,-1.085206374e+02,-1.146649750e+02,-4.356613587e+01,
1.587544415e-01
l,6.0,-6.0
1.410,1.950,2.510,
1.150385681e-18,1.060984450e+01
2.110420969e-16,-1.153133617e-16,-3.442228175e-15,-1.828343870e-14,-1.113402999e-13,-4.635606034e-13,-1.051989108e-12,-1.211188208e-12,-5.608648766e-13,
1.662257985e-17,-1.081703901e-16,1.177353184e-16,-3.245924719e-15,-1.408647062e-14,-4.007131880e-14,-4.038122394e-14,3.435813083e-14,5.626278521e-14,
1.581063323e-01
l,6.0,-5.0
1.530,2.030,2.610,
0.000000000e+00,0.000000000e+00
3.234383027e-15,3.521284359e-16,1.770404751e-14,1.253765958e-12,1.309500987e-11,6.448722861e-11,1.668795790e-10,2.177858145e-10,1.127624971e-10,
2.587733738e-16,-1.687901482e-15,1.347211755e-15,-6.430082696e-14,-3.657125359e-13,-1.392512599e-12,-2.739860413e-12,-2.339752824e-12,-6.538628258e-13,
1.581680896e-01
l,6.0,-4.0
1.630,2.130,2.710,
3.716234343e-18,1.612315152e+01
4.831694127e-14,9.916540508e-15,-9.373692720e-14,8.720431714e-12,9.423765742e-11,4.572875512e-10,1.164848353e-09,1.500710211e-09,7.689869174e-10,
4.020199130e-15,-2.627939697e-14,1.783678729e-14,-1.062228939e-12,-6.263053175e-12,-2.437027521e-11,-4.969319025e-11,-4.533660522e-11,-1.438906852e-11,
1.581371723e-01
l,6.0,-3.0
1.690,2.230,2.830,
5.174965327e-19,2.325284203e+01
7.072457854e-13,1.977874956e-13,-5.585495336e-12,3.966393131e-11,6.464267797e-10,3.514957884e-09,9.467048274e-09,1.250777898e-08,6.436986634e-09,
5.475429013e-14,-3.587767420e-13,3.472893839e-13,-1.301567921e-11,-7.279683099e-11,-2.762396596e-10,-5.326109595e-10,-4.293962600e-10,-1.021639651e-10,
1.582289623e-01
l,6.0,-2.0
1.790,2.330,2.930,
2.634198425e-15,1.126483029e+01
1.017745957e-11,4.147110325e-12,-1.408792693e-10,-8.968651154e-10,-4.073959488e-09,-1.078613412e-08,-1.315843452e-08,-3.598299303e-09,3.182399410e-09,
8.480352002e-13,-5.566966412e-12,4.361695250e-12,-2.164931157e-10,-1.250046716e-09,-4.816546903e-09,-9.664543972e-09,-8.457170770e-09,-2.423756562e-09,
1.581672011e-01
l,6.0,-1.0
1.910,2.450,3.050,
3.475374418e-16,1.737595049e+01
1.460867954e-10,4.918840761e-11,-9.800005163e-10,9.565668125e-09,1.339628496e-07,6.756693524e-07,1.716575153e-06,2.166606340e-06,1.075959516e-06,
1.151335492e-11,-7.573455454e-11,6.830116347e-11,-2.890562419e-09,-1.675692930e-08,-6.516835126e-08,-1.303691912e-07,-1.131689639e-07,-3.221640431e-08,
1.582598650e-01
l,6.0,0.0
2.010,2.550,3.170,
7.889257144e-15,1.546173739e+01
2.066466109e-09,1.033924112e-09,-2.034105041e-08,-1.485590650e-08,6.645127670e-07,4.422665068e-06,1.275197931e-05,1.741853586e-05,9.138755086e-06,
1.560691633e-10,-1.028556014e-09,1.052626516e-09,-3.804503775e-08,-2.189694600e-07,-8.544133612e-07,-1.693080801e-06,-1.437610411e-06,-3.929097187e-07,
1.583528286e-01
l,6.0,1.0
2.110,2.650,3.270,
2.815588015e-12,1.023577861e+01
2.914407915e-08,2.008111300e-08,-3.506990747e-07,-2.197432733e-06,-9.333106315e-06,-2.457295723e-05,-3.362715543e-05,-1.834837818e-05,-3.836400262e-07,
2.407882560e-09,-1.589210422e-08,1.243607661e-08,-6.511799031e-07,-3.958014801e-06,-1.588390520e-05,-3.327375232e-05,-3.142012265e-05,-1.053207970e-05,
1.582598537e-01
l,6.0,2.0
2.150,2.770,3.390,
1.880167241e-14,1.964586946e+01
4.195646000e-07,2.413106167e-07,-4.737376008e-06,-2.364579897e-05,-8.747954857e-05,-2.645770666e-04,-5.399469428e-04,-6.144754796e-04,-2.886938955e-04,
3.255690152e-08,-2.152290688e-07,2.150455121e-07,-8.148870754e-06,-4.787390622e-05,-1.899173499e-04,-3.857116696e-04,-3.413572613e-04,-1.011686813e-04,
1.583528208e-01
l,6.0,3.0
2.330,2.870,3.490,
6.845088741e-11,1.158153788e+01
6.038436823e-06,4.532687458e-06,-6.470842631e-05,-2.940180231e-04,-5.016675683e-04,1.078390302e-03,6.893877541e-03,1.187477692e-02,6.977027827e-03,
5.014000951e-07,-3.318925987e-06,2.827602068e-06,-1.349273998e-04,-8.282965409e-04,-3.369116585e-03,-7.139672428e-03,-6.816933637e-03,-2.315635551e-03,
1.582910210e-01
l,6.0,4.0
2.410,2.970,3.590,
4.591977373e-09,9.317755289e+00
8.932966739e-05,7.983605302e-05,-1.031262633e-03,-6.653953099e-03,-2.840156926e-02,-8.096247048e-02,-1.366260236e-01,-1.209385422e-01,-4.279022447e-02,
7.721707967e-06,-5.117473598e-05,4.070870964e-05,-2.158505283e-03,-1.357960667e-02,-5.610562119e-02,-1.213469096e-01,-1.194193899e-01,-4.243886123e-02,
1.583528707e-01
l,6.0,5.0
2.550,3.070,3.670,
1.884777166e-08,1.026896199e+01
1.404196024e-03,1.445891295e-03,-1.655075309e-02,-1.087612154e-01,-4.503763000e-01,-1.225363111e+00,-1.934005655e+00,-1.526016947e+00,-4.300350029e-01,
1.357647645e-04,-9.007959243e-04,5.699256152e-04,-4.073155706e-02,-2.657478513e-01,-1.121615384e+00,-2.514599617e+00,-2.599383102e+00,-9.821326666e-01,
1.584765950e-01
l,6.0,6.0
2.630,3.170,3.730,
2.404303266e-09,1.482476387e+01
2.571146935e-02,2.797109593e-02,-4.541544051e-01,-4.187040297e+00,-2.490146276e+01,-9.345031984e+01,-2.030641494e+02,-2.322356305e+02,-1.080843190e+02,
2.738167175e-03,-1.826271579e-02,1.195004921e-02,-8.420299561e-01,-5.572775765e+00,-2.387375953e+01,-5.401534044e+01,-5.474996076e+01,-1.916124647e+01,
1.587234869e-01
l,7.0,-7.0
1.710,2.250,2.810,
6.584361141e-21,6.907959030e+00
9.851187564e-19,-4.395239262e-19,-1.329504798e-17,-5.245768845e-17,-2.739848305e-16,-1.115300868e-15,-2.491532468e-15,-2.857259266e-15,-1.345848746e-15,
7.852010335e-20,-5.143044326e-19,4.512446614e-19,-1.824248949e-17,-9.443362155e-17,-3.266042622e-16,-5.493108098e-16,-3.006552934e-16,3.329521253e-17,
1.581070811e-01
l,7.0,-6.0
1.790,2.350,2.910,
0.000000000e+00,0.000000000e+00
1.497344974e-17,-7.039337326e-18,-5.059821856e-16,-8.325213151e-15,-7.797302309e-14,-3.796555570e-13,-9.801692671e-13,-1.276541559e-12,-6.594839731e-13,
1.216885081e-18,-7.985444143e-18,7.865117168e-18,-2.565677078e-16,-1.181899167e-15,-3.614311775e-15,-4.689382999e-15,4.775488663e-16,3.289576340e-15,
1.581063323e-01
l,7.0,-5.0
1.930,2.430,3.010,
0.000000000e+00,0.000000000e+00
2.222021001e-16,6.259860205e-17,2.315278438e-15,1.085959931e-13,1.122534228e-12,5.533531476e-12,1.432822358e-11,1.869703523e-11,9.676297268e-12,
1.883315601e-17,-1.238019620e-16,7.352852872e-17,-5.234053479e-15,-3.173245831e-14,-1.264087292e-13,-2.671486732e-13,-2.590291742e-13,-9.133314545e-14,
1.580754853e-01
l,7.0,-4.0
2.030,2.550,3.130,
1.736890513e-20,1.505874871e+01
3.253650062e-15,-3.558104891e-16,-3.548355375e-14,5.313374250e-14,1.867096868e-12,1.104698324e-11,3.087443481e-11,4.186919833e-11,2.205467239e-11,
2.554691367e-16,-1.682610299e-15,1.619183111e-15,-5.925464630e-14,-3.116804756e-13,-1.112616870e-12,-1.969378255e-12,-1.259950830e-12,-5.369471976e-14,
1.581981011e-01
l,7.0,-3.0
2.090,2.630,3.230,
0.000000000e+00,0.000000000e+00
4.636750849e-14,2.376304143e-14,-2.549777063e-13,3.990173296e-12,5.633891035e-11,3.033320210e-10,8.163804168e-10,1.078641048e-09,5.551080258e-10,
3.943793324e-15,-2.601423011e-14,1.518770962e-14,-1.124266701e-12,-6.897811651e-12,-2.761837321e-11,-5.853967204e-11,-5.690013566e-11,-2.004952431e-11,
1.581371897e-01
l,7.0,-2.0
2.190,2.730,3.350,
6.065609131e-18,1.270987246e+01
6.545346947e-13,4.000639773e-13,-9.375420790e-12,-7.795785369e-11,-4.259541087e-10,-1.319243359e-09,-2.105680142e-09,-1.516663496e-09,-3.186852461e-10,
5.333657141e-14,-3.524126399e-13,2.644327276e-13,-1.455266813e-11,-8.800579867e-11,-3.506326440e-10,-7.294316365e-10,-6.840274087e-10,-2.272944554e-10,
1.581980932e-01
l,7.0,-1.0
2.310,2.850,3.470,
0.000000000e+00,0.000000000e+00
9.266305605e-12,5.463114458e-12,-3.461273889e-11,1.054224224e-09,1.292172545e-08,6.467777434e-08,1.645416093e-07,2.079962404e-07,1.033960593e-07,
7.205513305e-13,-4.768362907e-12,4.091901317e-12,-1.924043734e-10,-1.164981784e-09,-4.684765799e-09,-9.752945375e-09,-9.123358137e-09,-3.032149188e-09,
1.582907933e-01
l,7.0,0.0
2.410,2.950,3.570,
6.188541152e-20,2.246402750e+01
1.287186052e-10,1.022500443e-10,-8.229123625e-10,4.289788385e-09,8.613298018e-08,4.879480259e-07,1.333545449e-06,1.772290934e-06,9.143600268e-07,
1.108534395e-11,-7.344850996e-11,4.143026768e-11,-3.304025864e-09,-2.095298336e-08,-8.591169341e-08,-1.866112858e-07,-1.881079323e-07,-7.010681760e-08,
1.581671863e-01
l,7.0,1.0
2.510,3.070,3.690,
4.249670325e-16,1.484637281e+01
1.811857997e-09,1.248896530e-09,-1.267458581e-08,3.845453106e-08,8.531225284e-07,4.370910795e-06,1.072067428e-05,1.288703383e-05,6.072869116e-06,
1.494092991e-10,-9.913068849e-10,7.346225169e-10,-4.182751719e-08,-2.587756653e-07,-1.054085893e-06,-2.254259103e-06,-2.202520757e-06,-7.811561235e-07,
1.582289496e-01
l,7.0,2.0
2.550,3.170,3.810,
0.000000000e+00,0.000000000e+00
2.512910946e-08,2.214037569e-08,-2.201168268e-07,-1.056616875e-06,-3.748228441e-06,-1.298632406e-05,-3.230403380e-05,-4.325648297e-05,-2.285622705e-05,
2.011628850e-09,-1.336400710e-08,1.089482514e-08,-5.664964949e-07,-3.575114768e-06,-1.479272716e-05,-3.181192080e-05,-3.129322461e-05,-1.126728732e-05,
1.582909642e-01
l,7.0,3.0
2.730,3.290,3.910,
9.332480628e-15,1.578185250e+01
3.574602090e-07,2.792127616e-07,-3.062866115e-06,-5.562205103e-06,6.863403167e-05,4.916805970e-04,1.390341003e-03,1.830079828e-03,9.212723912e-04,
3.088259402e-08,-2.053720045e-07,1.291512936e-07,-9.068297871e-06,-5.719697071e-05,-2.351565239e-04,-5.119811183e-04,-5.147575283e-04,-1.900979597e-04,
1.582290254e-01
l,7.0,4.0
2.830,3.390,4.030,
2.441396693e-12,1.245531619e+01
5.056126156e-06,4.827978424e-06,-4.468355553e-05,-1.854088737e-04,-1.157467125e-04,1.629071395e-03,6.087270462e-03,8.697353850e-03,4.519312201e-03,
4.151432614e-07,-2.763902969e-06,2.241571850e-06,-1.184811040e-04,-7.542222090e-04,-3.142258599e-03,-6.820384201e-03,-6.784264907e-03,-2.474359360e-03,
1.583219303e-01
l,7.0,5.0
2.870,3.490,4.130,
7.793085877e-15,2.001954795e+01
7.317864947e-05,8.306639169e-05,-6.417918782e-04,-3.952156856e-03,-1.580775228e-02,-4.667805098e-02,-8.947955456e-02,-9.557748759e-02,-4.256568402e-02,
6.366954552e-06,-4.242798320e-05,3.073073697e-05,-1.902963850e-03,-1.245609462e-02,-5.274081520e-02,-1.171044018e-01,-1.203408459e-01,-4.584028256e-02,
1.583219414e-01
l,7.0,6.0
3.050,3.590,4.210,
1.376241087e-10,1.279311426e+01
1.111357007e-03,1.480552692e-03,-8.302899742e-03,-4.074158545e-02,-6.123276153e-02,1.721775503e-01,9.462563819e-01,1.569020627e+00,9.084155537e-01,
1.116193987e-04,-7.444421403e-04,2.897903494e-04,-3.726119755e-02,-2.524924768e-01,-1.083995147e+00,-2.492481869e+00,-2.699706491e+00,-1.097027811e+00,
1.584456945e-01
l,7.0,7.0
3.130,3.710,4.290,
4.943754976e-10,1.369492458e+01
1.954681054e-02,2.120443568e-02,-2.755949551e-01,-2.014841230e+00,-9.057212130e+00,-2.701008657e+01,-4.913112113e+01,-4.865583945e+01,-2.002578094e+01,
1.961482160e-03,-1.312751676e-02,1.015727636e-02,-5.900376914e-01,-3.923340031e+00,-1.697677263e+01,-3.868663264e+01,-3.995302595e+01,-1.470160486e+01,
1.586003987e-01
l,8.0,-8.0
2.070,2.570,3.110,
5.354937093e-26,1.365773782e+01
4.475686886e-21,-2.802701206e-21,-4.102495401e-20,5.922615075e-20,8.518383204e-19,2.421465260e-18,2.797511313e-18,1.013927572e-18,-1.201463999e-19,
3.666054171e-22,-2.413840008e-21,-1.982314326e-22,-1.427518973e-19,-9.767713447e-19,-3.983763174e-18,-8.517681843e-18,-8.666716925e-18,-3.364448352e-18,
1.580765637e-01
l,8.0,-7.0
2.110,2.650,3.210,
3.949563350e-23,8.404356987e+00
6.839042709e-20,-2.286845740e-20,-9.191085737e-19,-4.270214930e-18,-2.304510692e-17,-8.901703295e-17,-1.895913791e-16,-2.093778642e-16,-9.605137109e-17,
5.662742064e-21,-3.734191532e-20,2.657108994e-20,-1.454267332e-18,-8.045349204e-18,-2.940631535e-17,-5.495605331e-17,-4.121679669e-17,-6.942235552e-18,
1.580762611e-01
l,8.0,-6.0
2.190,2.750,3.330,
0.000000000e+00,0.000000000e+00
1.014511999e-18,-3.208655407e-19,-3.847235202e-17,-6.824386081e-16,-6.416788380e-15,-3.116779916e-14,-8.032012488e-14,-1.044803770e-13,-5.392922291e-14,
7.664555124e-20,-5.062854847e-19,5.239997467e-19,-1.715548783e-17,-8.534247374e-17,-2.860511221e-16,-4.440966078e-16,-1.623856833e-16,1.033905706e-16,
1.582290394e-01
l,8.0,-5.0
2.330,2.850,3.430,
0.000000000e+00,0.000000000e+00
1.477689012e-17,-2.419657215e-18,-2.250951965e-16,-4.843080086e-16,7.328908172e-15,6.692220084e-14,2.283032848e-13,3.498346562e-13,2.003210298e-13,
1.181003604e-18,-7.811509925e-18,6.883246918e-18,-2.832668269e-16,-1.483831907e-15,-5.201910984e-15,-9.008717355e-15,-5.375512740e-15,1.739283728e-16,
1.581672221e-01
l,8.0,-4.0
2.430,2.950,3.550,
6.544559275e-24,1.786030719e+01
2.116897992e-16,1.639385138e-17,-2.317968692e-15,2.830790080e-15,1.319591284e-13,8.124759317e-13,2.300471940e-12,3.129291694e-12,1.646856569e-12,
1.594193930e-17,-1.056018477e-16,1.113763503e-16,-3.674198208e-15,-1.945217598e-14,-7.095758649e-14,-1.286860926e-13,-8.796880162e-14,-9.322403155e-15,
1.582598490e-01
l,8.0,-3.0
2.490,3.030,3.650,
0.000000000e+00,0.000000000e+00
2.952983012e-15,2.161506295e-15,-9.404541749e-15,3.508303094e-13,4.597162140e-12,2.469103239e-11,6.662460682e-11,8.823327246e-11,4.548537360e-11,
2.451520348e-16,-1.625816600e-15,9.252887774e-16,-7.380672581e-14,-4.698047985e-13,-1.925964864e-12,-4.161263431e-12,-4.172260629e-12,-1.549888910e-12,
1.581672265e-01
l,8.0,-2.0
2.650,3.170,3.770,
0.000000000e+00,0.000000000e+00
4.218040102e-14,5.889536640e-15,-6.139853758e-13,-2.533214038e-12,4.644651072e-12,9.368958944e-11,3.640082133e-10,5.880704480e-10,3.463652035e-10,
3.301830959e-15,-2.192611001e-14,2.180322220e-14,-7.831643708e-13,-4.236686657e-12,-1.578467574e-11,-2.993175266e-11,-2.274094998e-11,-4.151946680e-12,
1.582289369e-01
l,8.0,-1.0
2.670,3.270,3.890,
0.000000000e+00,0.000000000e+00
5.845189784e-13,2.325405076e-13,-1.001582631e-11,-1.129096122e-10,-9.014384533e-10,-4.161532115e-09,-1.043675918e-08,-1.322258700e-08,-6.616031708e-09,
4.442562848e-14,-2.953759595e-13,3.016900321e-13,-1.087329377e-11,-6.165881086e-11,-2.399808659e-10,-4.783428510e-10,-4.076948399e-10,-1.104879968e-10,
1.582907933e-01
l,8.0,0.0
2.810,3.370,3.990,
0.000000000e+00,0.000000000e+00
8.032628382e-12,5.697964257e-12,-3.210993880e-11,8.062681185e-10,1.039543983e-08,5.231443322e-08,1.315353340e-07,1.628575000e-07,7.888901808e-08,
6.815334839e-13,-4.535753054e-12,2.812463662e-12,-1.985406367e-10,-1.236032560e-09,-5.040495421e-09,-1.090306842e-08,-1.088724194e-08,-3.989456385e-09,
1.581980784e-01
l,8.0,1.0
2.910,3.470,4.110,
2.334248816e-20,1.935536438e+01
1.097886018e-10,1.061524993e-10,-3.357590737e-10,7.974990238e-09,9.588464881e-08,4.484799933e-07,1.057534082e-06,1.240192312e-06,5.739484445e-07,
9.152539519e-12,-6.097910863e-11,3.864533772e-11,-2.760409621e-09,-1.777220775e-08,-7.400902149e-08,-1.622200512e-07,-1.652744484e-07,-6.266955225e-08,
1.582289496e-01
l,8.0,2.0
2.970,3.570,4.230,
0.000000000e+00,0.000000000e+00
1.497296953e-09,1.765622396e-09,-2.990207005e-09,1.123888353e-07,1.339238437e-06,6.356548564e-06,1.510577003e-05,1.766702403e-05,8.074926080e-06,
1.228319025e-10,-8.192195978e-10,5.361495791e-10,-3.786696165e-08,-2.487085543e-07,-1.047775211e-06,-2.305405423e-06,-2.360369389e-06,-9.032857948e-07,
1.582907467e-01
l,8.0,3.0
3.130,3.710,4.350,
1.738681215e-18,1.891553006e+01
2.138937916e-08,1.559070467e-08,-2.412098371e-07,-1.442220419e-06,-4.188613096e-06,-1.279079918e-06,2.273027418e-05,4.833037059e-05,2.993653336e-05,
1.647145407e-09,-1.099627399e-08,9.883236734e-09,-4.527294770e-07,-2.801929218e-06,-1.151781869e-05,-2.448818617e-05,-2.357379427e-05,-8.193467862e-06,
1.583528776e-01
l,8.0,4.0
3.230,3.810,4.450,
1.102269119e-14,1.323371288e+01
2.951917963e-07,2.844346949e-07,-2.874885715e-06,-1.988507510e-05,-8.534667447e-05,-2.206365216e-04,-3.041700236e-04,-1.888722087e-04,-3.098690715e-05,
2.520184432e-08,-1.683766582e-07,1.049716780e-07,-7.665715886e-06,-4.943958809e-05,-2.063874115e-04,-4.547653271e-04,-4.656799909e-04,-1.771372144e-04,
1.582598683e-01
l,8.0,5.0
3.270,3.910,4.570,
0.000000000e+00,0.000000000e+00
4.113484010e-06,4.732659491e-06,-3.626690784e-05,-2.809536127e-04,-1.466029430e-03,-5.124515562e-03,-1.061481259e-02,-1.161745916e-02,-5.152098589e-03,
3.375545190e-07,-2.257236574e-06,1.724750934e-06,-1.011959913e-04,-6.610120548e-04,-2.793812346e-03,-6.144663443e-03,-6.246478743e-03,-2.357685947e-03,
1.583528818e-01
l,8.0,6.0
3.450,4.030,4.670,
1.373973269e-13,1.474505272e+01
5.993934974e-05,6.434748784e-05,-5.296438768e-04,-3.198430458e-03,-1.058416749e-02,-1.793358944e-02,-5.255040602e-03,2.205705054e-02,1.959530945e-02,
5.161160019e-06,-3.453723776e-05,2.449230250e-05,-1.564334770e-03,-1.024665465e-02,-4.344972669e-02,-9.678765912e-02,-9.997064293e-02,-3.834345291e-02,
1.583219330e-01
l,8.0,7.0
3.530,4.130,4.770,
4.178621801e-11,1.198535677e+01
8.868540754e-04,1.103320134e-03,-7.864353120e-03,-5.396008813e-02,-2.172606489e-01,-5.592270666e-01,-8.352998871e-01,-6.396308143e-01,-1.880094846e-01,
7.894606525e-05,-5.286955779e-04,4.009959348e-04,-2.421678730e-02,-1.624631963e-01,-7.015201340e-01,-1.584906716e+00,-1.658772598e+00,-6.448520065e-01,
1.584147565e-01
l,8.0,8.0
3.630,4.230,4.850,
2.035694922e-11,1.435137292e+01
1.438179985e-02,2.028956488e-02,-1.552330080e-01,-1.248138321e+00,-5.794874358e+00,-1.732882999e+01,-3.103219601e+01,-2.992307305e+01,-1.190771197e+01,
1.383407482e-03,-9.285535188e-03,6.815296654e-03,-4.435742674e-01,-3.068198742e+00,-1.354208582e+01,-3.125047585e+01,-3.332565584e+01,-1.314137730e+01,
1.586313238e-01
l,9.0,-9.0
2.330,2.870,3.410,
0.000000000e+00,0.000000000e+00
2.034577982e-23,-1.115814712e-23,-1.852642382e-22,2.526335136e-22,3.726523683e-21,1.003476921e-20,1.177147045e-20,7.573407898e-21,3.377680104e-21,
1.695904651e-24,-1.121431906e-23,-2.132106625e-24,-6.873508486e-22,-4.750934191e-21,-1.950749247e-20,-4.223192799e-20,-4.379433529e-20,-1.742620341e-20,
1.580625386e-01
l,9.0,-8.0
2.470,2.970,3.530,
8.316750520e-29,1.521694602e+01
3.061723916e-22,-1.467488132e-22,-2.793872670e-21,1.638062907e-21,4.491641395e-20,1.220812540e-19,9.221451041e-20,-5.851966365e-20,-7.371815637e-20,
2.290779667e-23,-1.517081936e-22,1.512403399e-22,-5.476532454e-21,-3.003388318e-20,-1.130991389e-19,-2.157138144e-19,-1.696503248e-19,-3.754574051e-20,
1.582300916e-01
l,9.0,-7.0
2.570,3.070,3.630,
0.000000000e+00,0.000000000e+00
4.535537120e-21,-1.021573723e-21,9.609462568e-20,3.347067094e-18,3.321413639e-17,1.613711768e-16,4.146161926e-16,5.382628093e-16,2.775091219e-16,
3.524631195e-22,-2.336957801e-21,1.443164808e-21,-1.060293835e-19,-6.821005326e-19,-2.840123403e-18,-6.238252285e-18,-6.472269927e-18,-2.576638643e-18,
1.581988905e-01
l,9.0,-6.0
2.590,3.150,3.730,
0.000000000e+00,0.000000000e+00
6.647680937e-20,-1.053508560e-20,-2.907308517e-18,-5.484652271e-17,-5.165359126e-16,-2.501117233e-15,-6.429983292e-15,-8.349879257e-15,-4.304395902e-15,
5.418962824e-21,-3.596970313e-20,2.647734721e-20,-1.398789669e-18,-7.606493540e-18,-2.727210342e-17,-4.946830100e-17,-3.431830105e-17,-3.546357783e-18,
1.581681168e-01
l,9.0,-5.0
2.730,3.250,3.850,
0.000000000e+00,0.000000000e+00
9.519040427e-19,-1.638754608e-20,-1.590173266e-17,-4.678408681e-17,5.075092951e-16,5.088973832e-15,1.776716570e-14,2.746547802e-14,1.578874288e-14,
7.293509116e-20,-4.847341314e-19,5.362305037e-19,-1.578866104e-17,-7.712867130e-17,-2.640398673e-16,-4.356241325e-16,-2.076641082e-16,5.716092078e-17,
1.582289579e-01
l,9.0,-4.0
2.810,3.370,3.950,
0.000000000e+00,0.000000000e+00
1.351775993e-17,6.097397157e-19,-4.025562911e-16,-7.375954940e-15,-7.141502853e-14,-3.544514516e-13,-9.284198953e-13,-1.223190049e-12,-6.379001299e-13,
1.119411716e-18,-7.447086545e-18,4.647073934e-18,-3.162381353e-16,-1.887317558e-15,-7.403135407e-15,-1.530291397e-14,-1.418142554e-14,-4.535216721e-15,
1.581680766e-01
l,9.0,-3.0
2.910,3.490,4.070,
0.000000000e+00,0.000000000e+00
1.897014989e-16,1.619584900e-17,-1.456489448e-15,-7.182104249e-15,-1.071567751e-13,-7.824694427e-13,-2.559441168e-12,-3.857916139e-12,-2.189141721e-12,
1.503731821e-17,-1.001506908e-16,7.922949958e-17,-4.097478580e-15,-2.479346797e-14,-1.003095879e-13,-2.133536451e-13,-2.064496107e-13,-7.214878277e-14,
1.581981185e-01
l,9.0,-2.0
3.050,3.590,4.190,
0.000000000e+00,0.000000000e+00
2.638634897e-15,6.656514940e-16,-1.150717027e-14,2.879364130e-13,3.670668429e-12,1.918949986e-11,5.084359157e-11,6.649932199e-11,3.397769779e-11,
2.019043691e-16,-1.346132737e-15,1.135201317e-15,-5.481972198e-14,-3.301998697e-13,-1.326327017e-12,-2.767926378e-12,-2.594626378e-12,-8.605852216e-13,
1.582907692e-01
l,9.0,-1.0
3.150,3.690,4.290,
5.003441134e-22,1.457031333e+01
3.634218916e-14,1.523195988e-14,-4.834046025e-13,-3.953970485e-12,-2.249525482e-11,-7.293358198e-11,-1.231090752e-10,-9.745066210e-11,-2.614476842e-11,
3.091270785e-15,-2.062725572e-14,1.181704576e-14,-9.068808035e-13,-5.584590280e-12,-2.255178084e-11,-4.853136988e-11,-4.809268269e-11,-1.733355322e-11,
1.581680926e-01
l,9.0,0.0
3.210,3.770,4.410,
0.000000000e+00,0.000000000e+00
4.869998176e-13,4.680886998e-13,3.817355554e-13,8.888756813e-11,9.878712349e-10,4.801415520e-09,1.188010215e-08,1.456456194e-08,7.006604339e-09,
4.142877689e-14,-2.767063609e-13,1.502295857e-13,-1.286241026e-11,-8.293600066e-11,-3.444288375e-10,-7.576130796e-10,-7.783214651e-10,-2.984790123e-10,
1.581980784e-01
l,9.0,1.0
3.290,3.910,4.530,
0.000000000e+00,0.000000000e+00
6.838995949e-12,4.394117975e-12,-7.776299253e-11,-8.361070570e-10,-7.089823574e-09,-3.430843963e-08,-8.770466998e-08,-1.112050416e-07,-5.507662046e-08,
5.548128614e-13,-3.708975448e-12,2.516965292e-12,-1.641548332e-10,-1.038653812e-09,-4.288150416e-09,-9.321030823e-09,-9.362212879e-09,-3.469196202e-09,
1.582289496e-01
l,9.0,2.0
3.390,4.010,4.650,
0.000000000e+00,0.000000000e+00
9.284528008e-11,7.544276715e-11,-1.319362833e-09,-1.706215526e-08,-1.376948325e-07,-6.137749569e-07,-1.467644741e-06,-1.768238932e-06,-8.419192061e-07,
7.426296628e-12,-4.968778789e-11,3.748085953e-11,-2.155116648e-09,-1.357624891e-08,-5.618366193e-08,-1.218256765e-07,-1.216131314e-07,-4.470904588e-08,
1.582907467e-01
l,9.0,3.0
3.530,4.110,4.770,
0.000000000e+00,0.000000000e+00
1.257417948e-09,1.245681282e-09,-1.213725155e-08,-7.378316090e-08,-1.329561508e-07,6.330106670e-07,3.445412809e-06,5.758612405e-06,3.276405841e-06,
9.931725897e-11,-6.650482002e-10,5.281483434e-10,-2.912581608e-08,-1.865490574e-07,-7.805146407e-07,-1.698736868e-06,-1.703533695e-06,-6.320630614e-07,
1.583219372e-01
l,9.0,4.0
3.630,4.210,4.870,
3.904802866e-18,1.598646253e+01
1.703456043e-08,2.120793241e-08,-1.215529370e-07,-8.978926190e-07,-3.788746806e-06,-8.755653296e-06,-8.582380323e-06,-1.970055818e-08,3.499023834e-06,
1.516283151e-09,-1.015986209e-08,5.116995330e-09,-4.856502098e-07,-3.196500343e-06,-1.348164817e-05,-3.019008250e-05,-3.173940646e-05,-1.252547511e-05,
1.581981205e-01
l,9.0,5.0
3.750,4.330,4.990,
7.280030364e-21,2.229241235e+01
2.379052972e-07,2.864523256e-07,-1.336156074e-06,-3.473631959e-06,2.869790534e-05,2.416365515e-04,7.345222733e-04,1.007501261e-03,5.185795288e-04,
2.026318546e-08,-1.358736286e-07,7.928462369e-08,-6.459039284e-06,-4.277442215e-05,-1.811674234e-04,-4.035391436e-04,-4.201431562e-04,-1.638912897e-04,
1.582908076e-01
l,9.0,6.0
3.850,4.450,5.110,
3.242360925e-19,2.098477649e+01
3.358084996e-06,3.772360591e-06,-1.956982246e-05,-2.053848391e-05,6.366659957e-04,3.944145857e-03,1.026782375e-02,1.257230042e-02,5.906913166e-03,
2.705817567e-07,-1.815644420e-06,1.403989608e-06,-8.215002263e-05,-5.399305429e-04,-2.293032162e-03,-5.061428433e-03,-5.170279462e-03,-1.965158745e-03,
1.583528733e-01
l,9.0,7.0
3.950,4.550,5.210,
4.089036719e-15,1.565808862e+01
4.703112063e-05,6.325667746e-05,-2.307574202e-04,-8.089964711e-04,8.970575873e-04,1.284655549e-02,3.674374558e-02,4.606386541e-02,2.179648724e-02,
4.127787032e-06,-2.771371154e-05,1.699514161e-05,-1.327326407e-03,-8.926326616e-03,-3.829575801e-02,-8.633688218e-02,-9.099573864e-02,-3.595224725e-02,
1.583219353e-01
l,9.0,8.0
4.070,4.650,5.310,
5.520159825e-15,1.699114865e+01
6.783143035e-04,1.050097220e-03,-2.666872877e-03,-7.424942366e-03,4.648865238e-02,3.548511322e-01,9.928095303e-01,1.289575346e+00,6.413748146e-01,
6.297583480e-05,-4.230739634e-04,2.617058278e-04,-2.061976450e-02,-1.417050300e-01,-6.173126439e-01,-1.413577582e+00,-1.514907141e+00,-6.090634013e-01,
1.583528243e-01
l,9.0,9.0
4.150,4.770,5.390,
1.684908375e-12,1.456937206e+01
1.085361000e-02,1.595942260e-02,-7.996043395e-02,-5.178765970e-01,-1.835833507e+00,-4.492688698e+00,-7.054819650e+00,-6.213006041e+00,-2.305919615e+00,
1.100960986e-03,-7.408599866e-03,3.642414154e-03,-3.769776238e-01,-2.630038206e+00,-1.159979615e+01,-2.720942873e+01,-2.997349693e+01,-1.237548011e+01,
1.585385180e-01
