l,1.0,-1.0
0.150,0.510,0.870,
1.567183463e-03,2.782632151e+00
2.779472925e-05,-1.123959444e-04,1.777837084e-04,5.683506683e-03,4.652355571e-02,3.196056326e-01,1.142305378e+00,1.916562662e+00,1.234707688e+00,
3.365269203e-06,-2.320980863e-05,-5.690634020e-05,-3.579577638e-03,-4.031429134e-02,-2.495059213e-01,-8.377971687e-01,-1.449126067e+00,-1.017311812e+00,
1.577976159e-01
l,1.0,0.0
0.210,0.470,0.750,
5.744423752e-02,3.349966672e+00
1.284964033e-03,-3.092960169e-03,-3.409653400e-03,5.666468882e-01,5.360928937e+00,3.647075734e+01,1.697791004e+02,4.217844835e+02,4.152938275e+02,
2.863804547e-04,-1.927934100e-03,-6.149919616e-03,-3.694716346e-01,-4.995873876e+00,-3.753691829e+01,-1.576158422e+02,-3.454639045e+02,-3.103307124e+02,
1.590821357e-01
l,1.0,1.0
0.350,0.490,0.690,
3.432272419e+01,5.864698902e+00
1.059432030e-01,-9.249825003e-01,4.649950344e+00,1.238868917e+02,7.006827268e+02,2.838999074e+04,3.584720209e+05,1.653533474e+06,2.627184898e+06,
1.851278157e-02,-1.472525715e-01,-1.776807588e+00,-1.263880568e+02,-2.764703313e+03,-3.177485039e+04,-1.957876994e+05,-6.195527549e+05,-7.915396715e+05,
1.590510802e-01
l,2.0,-2.0
0.310,0.710,1.130,
3.978787172e-06,4.187061165e+00
1.653076964e-07,-4.692537999e-07,-7.944971959e-07,2.483853040e-05,1.494499813e-04,6.610383172e-04,2.154946152e-03,3.771751798e-03,2.577794473e-03,
1.452230725e-08,-1.039962508e-07,2.279084138e-08,-6.912796808e-06,-5.519075896e-05,-2.749405424e-04,-7.472077262e-04,-1.045904872e-03,-6.141984781e-04,
1.579828796e-01
l,2.0,-1.0
0.390,0.770,1.190,
4.004691709e-05,4.218783949e+00
3.674331083e-06,-7.403950340e-06,-3.079897210e-05,5.610606922e-04,4.308889371e-03,1.834724339e-02,5.192221632e-02,8.326741454e-02,5.511978093e-02,
3.518545568e-07,-2.535383835e-06,4.785982542e-08,-1.782924788e-04,-1.425936930e-03,-7.007911766e-03,-1.873304265e-02,-2.528541620e-02,-1.409031828e-02,
1.583528075e-01
l,2.0,0.0
0.430,0.850,1.270,
5.063945075e-04,4.444696967e+00
7.710282807e-05,-1.470985924e-04,-7.930126844e-04,7.963292791e-03,4.460493361e-02,8.361487188e-02,5.000440442e-02,-2.786656612e-02,-3.205042662e-02,
7.333906483e-06,-5.323672024e-05,6.711584631e-07,-3.777119669e-03,-3.005924588e-02,-1.471252732e-01,-3.903929143e-01,-5.199634113e-01,-2.848756532e-01,
1.582598258e-01
l,2.0,1.0
0.530,0.890,1.270,
8.536694292e-03,4.891700788e+00
2.178574912e-03,-2.434795021e-03,-2.946800265e-02,3.714455545e-01,3.697114898e+00,1.564649995e+01,3.846886642e+01,5.322594287e+01,3.175810745e+01,
2.742801697e-04,-1.993914524e-03,-2.667917543e-03,-2.538780130e-01,-2.687129732e+00,-1.571242628e+01,-4.911495219e+01,-7.696071076e+01,-4.839088977e+01,
1.589097640e-01
l,2.0,2.0
0.650,0.930,1.210,
9.690316809e-01,8.888005384e+00
1.338077933e-01,-4.503659613e-01,-2.663926390e+00,9.939755656e+01,7.449955802e+02,2.204035889e+02,-1.424670019e+04,-5.196033235e+04,-5.805903338e+04,
1.713439919e-02,-1.359883239e-01,-3.293573011e-01,-2.692192763e+01,-3.427072325e+02,-2.559185341e+03,-1.051090232e+04,-2.285238429e+04,-2.125206969e+04,
1.589268872e-01
l,3.0,-3.0
0.530,0.930,1.370,
3.700412544e-09,4.793899015e+00
8.182172162e-10,-1.566037124e-09,-7.528915505e-09,9.635682942e-08,7.171318093e-07,2.808368742e-06,7.342608998e-06,1.106648956e-05,6.955484100e-06,
6.864474716e-11,-5.022163936e-10,9.180249595e-11,-3.346899557e-08,-2.538543574e-07,-1.196349253e-06,-3.019281099e-06,-3.785495403e-06,-1.945177805e-06,
1.580136352e-01
l,3.0,-2.0
0.570,1.010,1.450,
9.108524949e-08,6.458210758e+00
1.571283015e-08,-2.181328510e-08,-1.900319309e-07,8.526814047e-07,4.364793573e-06,-4.408423058e-06,-5.833276901e-05,-1.241709317e-04,-8.751226203e-05,
1.420299072e-09,-1.044834251e-08,8.027941329e-10,-7.145190129e-07,-5.424458612e-06,-2.535274410e-05,-6.341916212e-05,-7.724048490e-05,-3.740124063e-05,
1.580754838e-01
l,3.0,-1.0
0.670,1.090,1.550,
3.891041372e-07,4.856863864e+00
2.906733130e-07,-2.377230344e-07,-3.712531727e-06,1.669135000e-05,1.937770771e-04,8.276463211e-04,2.056831642e-03,2.839673575e-03,1.652485493e-03,
2.526858567e-08,-1.870111079e-07,5.042508240e-08,-1.200359117e-05,-8.731396640e-05,-3.931316524e-04,-9.301180026e-04,-1.027222932e-03,-4.249327765e-04,
1.581371285e-01
l,3.0,0.0
0.730,1.190,1.650,
5.335919667e-06,5.765397136e+00
5.344299097e-06,-4.918284682e-06,-7.106476675e-05,2.018458280e-04,2.219907840e-03,6.922208676e-03,1.120936150e-02,9.702956506e-03,3.596286551e-03,
4.478560003e-07,-3.332069512e-06,1.830098831e-06,-1.990114373e-04,-1.413531163e-03,-6.316105041e-03,-1.464092567e-02,-1.544734546e-02,-5.887215008e-03,
1.582598258e-01
l,3.0,1.0
0.810,1.270,1.730,
5.557911342e-05,5.501653015e+00
1.061150979e-04,-7.138700349e-05,-1.495666819e-03,2.805813319e-03,4.173027424e-02,1.421623970e-01,2.456228780e-01,2.212779383e-01,8.225442854e-02,
9.174551120e-06,-6.851856080e-05,3.333889877e-05,-4.190538304e-03,-2.995267614e-02,-1.340977625e-01,-3.116358535e-01,-3.267556383e-01,-1.206380266e-01,
1.582289851e-01
l,3.0,2.0
0.930,1.310,1.750,
7.669145045e-04,5.835783094e+00
2.630298957e-03,1.037987066e-03,-4.742516979e-02,-8.895706187e-02,4.545713204e-01,2.631574938e+00,6.259538920e+00,8.248787923e+00,5.052993584e+00,
2.951181723e-04,-2.208432316e-03,6.402440904e-04,-1.487572483e-01,-1.150524620e+00,-5.485826391e+00,-1.390025856e+01,-1.598720791e+01,-6.377031638e+00,
1.587233649e-01
l,3.0,3.0
1.050,1.390,1.730,
1.335950320e-02,8.154414758e+00
1.258405000e-01,-1.897502833e-01,-2.898295980e+00,4.470038644e+01,5.565844489e+02,2.675845178e+03,6.837946296e+03,9.246221993e+03,5.233483648e+03,
1.336275368e-02,-1.050220043e-01,-8.967740372e-02,-1.372564792e+01,-1.437592083e+02,-8.682069566e+02,-2.724723986e+03,-4.224293381e+03,-2.718901213e+03,
1.588476443e-01
l,4.0,-4.0
0.710,1.150,1.610,
1.197239958e-11,8.737683316e+00
3.715016142e-12,-3.646475293e-12,-5.079681612e-11,3.732681507e-11,-3.397199925e-10,-8.108155398e-09,-3.483150783e-08,-6.179173929e-08,-4.073654130e-08,
3.143302515e-13,-2.333894387e-12,1.293602547e-13,-1.586253812e-10,-1.161043721e-09,-5.226683436e-09,-1.242944286e-08,-1.403323070e-08,-6.087712294e-09,
1.579512493e-01
l,4.0,-3.0
0.790,1.230,1.710,
4.429610400e-11,5.508211579e+00
6.736441266e-11,-2.790202485e-11,-8.825238040e-10,3.116911899e-09,5.132552750e-08,2.711918104e-07,7.763077674e-07,1.153334332e-06,6.881213998e-07,
5.559681843e-12,-4.148244361e-11,1.250719119e-11,-2.624997815e-09,-1.853569449e-08,-8.117214146e-08,-1.844877153e-07,-1.901915637e-07,-6.948354428e-08,
1.581062032e-01
l,4.0,-2.0
0.870,1.330,1.810,
4.650599038e-10,6.363644214e+00
1.167749009e-09,-3.966634111e-10,-1.592696024e-08,1.655787071e-08,4.663510279e-07,2.288900432e-06,6.145108486e-06,8.879064090e-06,5.268193832e-06,
9.794232916e-11,-7.339413442e-10,1.869552799e-10,-4.754970474e-08,-3.398812858e-07,-1.505517715e-06,-3.481247235e-06,-3.677865614e-06,-1.390002924e-06,
1.581680881e-01
l,4.0,-1.0
0.930,1.410,1.910,
4.870365244e-09,6.518532495e+00
1.999866939e-08,5.441975865e-09,-2.904836004e-07,-7.405758055e-07,-5.812415308e-07,-1.564511204e-06,-8.421535473e-06,-1.612512640e-05,-1.064646150e-05,
1.719462671e-09,-1.293471510e-08,2.555071532e-09,-8.553299730e-07,-6.166916000e-06,-2.752862907e-05,-6.459654274e-05,-6.973840434e-05,-2.715926459e-05,
1.581680328e-01
l,4.0,0.0
1.030,1.510,2.010,
4.233478541e-08,7.772158401e+00
3.451100952e-07,1.109148875e-07,-4.914139489e-06,-1.404800828e-05,-1.969298615e-05,-6.065211762e-05,-2.165986145e-04,-3.576548390e-04,-2.166790064e-04,
3.010393155e-08,-2.272419879e-07,3.072285107e-08,-1.540945407e-05,-1.124924755e-04,-5.075538279e-04,-1.209947209e-03,-1.338107457e-03,-5.404912835e-04,
1.581680534e-01
l,4.0,1.0
1.110,1.610,2.110,
4.912218355e-07,6.111386174e+00
6.187176041e-06,1.594703984e-06,-8.948036778e-05,-2.677392973e-04,-4.344951618e-04,-1.299251731e-03,-4.380430867e-03,-7.253770876e-03,-4.410658512e-03,
5.258486807e-07,-3.981816876e-06,1.319253463e-06,-2.579023958e-04,-1.862598838e-03,-8.400564558e-03,-1.988568926e-02,-2.156906396e-02,-8.395987629e-03,
1.581980870e-01
l,4.0,2.0
1.210,1.690,2.190,
5.495775575e-06,6.653286360e+00
1.190020994e-04,6.077716621e-05,-1.735102084e-03,-6.664021599e-03,-1.873860738e-02,-6.398265861e-02,-1.712220039e-01,-2.469867654e-01,-1.415681086e-01,
1.066570954e-05,-8.094975036e-05,1.591911814e-05,-5.498168723e-03,-4.068187136e-02,-1.868144842e-01,-4.541572109e-01,-5.123256618e-01,-2.112160868e-01,
1.581980558e-01
l,4.0,3.0
1.350,1.750,2.230,
1.434084680e-05,1.182757180e+01
2.735442016e-03,2.895594096e-03,-4.255041983e-02,-1.679314647e-01,2.141810877e-01,4.991595716e+00,2.214244266e+01,4.327755150e+01,3.177437709e+01,
2.937286374e-04,-2.233614328e-03,3.792779944e-04,-1.590296071e-01,-1.248399831e+00,-6.058014637e+00,-1.577272318e+01,-1.921001782e+01,-8.609795881e+00,
1.585693986e-01
l,4.0,4.0
1.450,1.830,2.230,
5.659427130e-04,9.044098218e+00
1.128014028e-01,6.630046765e-02,-2.876820362e+00,-1.927832319e+00,1.131800079e+02,7.162768318e+02,2.064437180e+03,3.005506511e+03,1.786367134e+03,
1.127980539e-02,-8.859131968e-02,-5.249741046e-02,-1.014715591e+01,-9.548195146e+01,-5.012991366e+02,-1.290730221e+03,-1.431304484e+03,-4.915112383e+02,
1.587856397e-01
l,5.0,-5.0
0.970,1.410,1.870,
4.451965996e-15,8.101325786e+00
1.528871939e-14,-1.854599425e-14,-1.736067019e-13,1.117203489e-12,1.225461785e-11,5.821121276e-11,1.630773928e-10,2.459516810e-10,1.504948297e-10,
1.211131954e-15,-9.097216694e-15,5.039938131e-15,-5.501553180e-13,-3.931346874e-12,-1.776229493e-11,-4.172590530e-11,-4.540435439e-11,-1.850258574e-11,
1.578901273e-01
l,5.0,-4.0
1.010,1.490,1.970,
4.966365337e-14,7.152472760e+00
2.735715029e-13,-1.763917080e-13,-3.771980555e-12,2.733914404e-12,6.669298315e-11,2.152420069e-10,3.605311180e-10,3.362909428e-10,1.332045473e-10,
2.123912730e-14,-1.601107195e-13,1.135482069e-13,-9.096984020e-12,-6.213493175e-11,-2.705800359e-10,-6.018215634e-10,-5.859812295e-10,-1.889044593e-10,
1.579820992e-01
l,5.0,-3.0
1.110,1.590,2.070,
2.935019518e-13,1.007305874e+01
4.655194199e-12,-2.398378195e-12,-6.374385659e-11,1.061214374e-11,9.643540501e-10,3.229139012e-09,5.311601847e-09,4.904556164e-09,2.061950984e-09,
3.717210758e-13,-2.811327095e-12,1.239348276e-12,-1.750863626e-10,-1.233182652e-09,-5.452362823e-09,-1.249188300e-08,-1.290692120e-08,-4.673613604e-09,
1.581671201e-01
l,5.0,-2.0
1.170,1.670,2.170,
4.838971812e-12,6.690787087e+00
7.786393752e-11,1.064545451e-11,-1.064533966e-09,-1.988134257e-09,8.758226210e-09,6.918916160e-08,2.154974297e-07,3.223766122e-07,1.856261926e-07,
6.483007432e-12,-4.917532248e-11,1.166096464e-11,-3.267957536e-09,-2.365536859e-08,-1.064909397e-07,-2.518427338e-07,-2.745207704e-07,-1.084540918e-07,
1.581680881e-01
l,5.0,-1.0
1.270,1.770,2.270,
1.480840668e-11,1.101791075e+01
1.287379980e-09,3.787087099e-10,-1.737558269e-08,-5.585682845e-08,-1.435704169e-07,-5.274583545e-07,-1.342044474e-06,-1.677458711e-06,-8.129780272e-07,
1.127822837e-10,-8.577729650e-10,2.433749173e-11,-6.057831312e-08,-4.497451080e-07,-2.059694131e-06,-5.020356204e-06,-5.748743963e-06,-2.446855979e-06,
1.581062484e-01
l,5.0,0.0
1.330,1.850,2.390,
3.527404270e-10,7.902280755e+00
2.112417974e-08,1.746829756e-08,-2.801910011e-07,-1.335787432e-06,-3.566126794e-06,-4.793021508e-06,1.983544437e-06,1.311740624e-05,9.990433452e-06,
1.681543819e-09,-1.282628392e-08,8.787981369e-09,-7.717156586e-07,-5.578249600e-06,-2.575564872e-05,-6.190500501e-05,-6.817744768e-05,-2.735293865e-05,
1.580754491e-01
l,5.0,1.0
1.430,1.950,2.490,
1.143065493e-09,1.069949052e+01
3.591453890e-07,3.133320012e-07,-4.541347016e-06,-2.276210006e-05,-7.300943045e-05,-1.672077119e-04,-2.192036831e-04,-1.172178711e-04,-1.253891094e-06,
2.917421698e-08,-2.230219395e-07,9.423621106e-08,-1.454491910e-05,-1.069590033e-04,-4.948966054e-04,-1.201283082e-03,-1.353948034e-03,-5.643031465e-04,
1.582289308e-01
l,5.0,2.0
1.530,2.050,2.590,
9.098851947e-09,1.090611152e+01
6.392776868e-06,5.152793470e-06,-8.569793020e-05,-4.873577664e-04,-2.105491181e-03,-7.108274659e-03,-1.505795855e-02,-1.706486245e-02,-7.889074117e-03,
5.044653489e-07,-3.864206049e-06,2.856508661e-06,-2.317697996e-04,-1.683233654e-03,-7.840624037e-03,-1.899555028e-02,-2.108083599e-02,-8.530625186e-03,
1.581062469e-01
l,5.0,3.0
1.610,2.130,2.670,
5.866732889e-07,7.289175010e+00
1.208493995e-04,1.275200921e-04,-1.515066940e-03,-9.008125448e-03,-3.935038722e-02,-1.371879764e-01,-3.082302630e-01,-3.760829467e-01,-1.877853025e-01,
1.017451870e-05,-7.805641771e-05,3.152063793e-05,-5.210561699e-03,-3.907411255e-02,-1.840343453e-01,-4.559223878e-01,-5.265509439e-01,-2.260562255e-01,
1.582907177e-01
l,5.0,4.0
1.730,2.210,2.710,
0.000000000e+00,0.000000000e+00
2.712908899e-03,3.236783051e-03,-3.951584831e-02,-3.185309994e-01,-2.294492300e+00,-1.251615518e+01,-3.989014789e+01,-6.510281980e+01,-4.197124851e+01,
2.790313339e-04,-2.143606687e-03,1.274939651e-04,-1.595172502e-01,-1.263240208e+00,-6.174300927e+00,-1.622557405e+01,-2.018762182e+01,-9.419532138e+00,
1.585384792e-01
l,5.0,5.0
1.870,2.290,2.710,
6.787134413e-06,1.221546376e+01
9.754852206e-02,9.035176297e-02,-2.719389292e+00,-1.869666310e+01,-8.478111542e+01,-3.146422880e+02,-8.175894790e+02,-1.206654828e+03,-7.424662802e+02,
1.063925490e-02,-8.379629926e-02,3.535166257e-02,-5.927402156e+00,-4.388661705e+01,-2.016792778e+02,-4.412222351e+02,-2.830848152e+02,1.088929068e+02,
1.586924946e-01
l,6.0,-6.0
1.210,1.650,2.130,
2.106141161e-18,9.247215754e+00
6.257547219e-17,-5.502698902e-17,-8.283370317e-16,8.534411012e-16,1.547383563e-14,4.484645468e-14,4.717072728e-14,-2.940253877e-15,-2.384882807e-14,
4.581414292e-18,-3.471158876e-17,2.881957186e-17,-1.912453347e-15,-1.277622021e-14,-5.500440043e-14,-1.190213294e-13,-1.095644360e-13,-3.110285027e-14,
1.580039087e-01
l,6.0,-5.0
1.250,1.730,2.230,
3.168584285e-17,9.178230871e+00
1.098740011e-15,-3.660079508e-16,-1.611182114e-14,-2.385334201e-14,3.668936654e-14,4.971481593e-14,-1.716894623e-13,-3.583690255e-13,-2.269296279e-13,
7.981862016e-17,-6.064349711e-16,5.601558964e-16,-3.226077725e-14,-2.108198286e-13,-8.955933401e-13,-1.902139227e-12,-1.667527362e-12,-4.031019255e-13,
1.580444133e-01
l,6.0,-4.0
1.350,1.830,2.330,
3.868002371e-17,1.492102113e+01
1.847741049e-14,-3.773928955e-15,-2.702980023e-13,-5.796214108e-13,-4.794855963e-13,-3.415408618e-12,-1.383094092e-11,-1.993318771e-11,-9.986705062e-12,
1.387463636e-15,-1.056818405e-14,8.774098808e-15,-5.861344056e-13,-3.940602279e-12,-1.710554855e-11,-3.771464027e-11,-3.563990334e-11,-1.051154186e-11,
1.580437808e-01
l,6.0,-3.0
1.410,1.910,2.430,
3.762317918e-15,8.140964198e+00
3.027403903e-13,1.242588250e-13,-4.035491737e-12,-1.247141740e-11,1.101141358e-11,2.759826399e-10,1.110010454e-09,1.871880812e-09,1.148781675e-09,
2.409699337e-14,-1.839702018e-13,7.078262520e-14,-1.193692469e-11,-8.613257009e-11,-3.901674847e-10,-9.238333943e-10,-1.005220889e-09,-3.967233395e-10,
1.581980121e-01
l,6.0,-2.0
1.510,2.030,2.550,
1.453988972e-15,1.525706359e+01
4.944977153e-12,6.892171565e-13,-7.041207800e-11,-2.055872723e-10,1.671406250e-10,3.681520294e-09,1.356661605e-08,2.163176864e-08,1.276656015e-08,
3.580925344e-13,-2.740817536e-12,2.637597694e-12,-1.489338606e-10,-1.005167610e-09,-4.434689457e-09,-9.905207233e-09,-9.523178767e-09,-2.933169567e-09,
1.581680881e-01
l,6.0,-1.0
1.650,2.130,2.650,
1.805329133e-12,4.790998677e+00
7.999809842e-11,2.568130504e-11,-1.068268638e-09,-3.137754205e-09,5.878710378e-09,8.534890188e-08,3.022682157e-07,4.672559991e-07,2.697666866e-07,
6.187479109e-12,-4.745013722e-11,3.432571421e-11,-2.812351380e-09,-1.992962776e-08,-9.072645309e-08,-2.143347771e-07,-2.289369547e-07,-8.678860685e-08,
1.580754286e-01
l,6.0,0.0
1.690,2.210,2.750,
6.631891264e-11,2.640241662e+00
1.281967976e-09,1.153568804e-09,-1.471527802e-08,-7.387221851e-08,-2.990006547e-07,-1.142483956e-06,-2.981415151e-06,-4.205994657e-06,-2.375105841e-06,
1.069068360e-10,-8.213071760e-10,1.849350982e-10,-5.688246821e-08,-4.259579223e-07,-1.989859684e-06,-4.923251365e-06,-5.730666721e-06,-2.501319374e-06,
1.581980779e-01
l,6.0,1.0
1.790,2.330,2.870,
1.027147210e-10,6.435586658e+00
2.146122924e-08,1.185036847e-08,-2.899878282e-07,-1.567559769e-06,-6.800426990e-06,-2.296839422e-05,-4.878248732e-05,-5.659672186e-05,-2.732931920e-05,
1.579984892e-09,-1.216218867e-08,1.062185639e-08,-7.041892438e-07,-5.013989301e-06,-2.317030241e-05,-5.517626228e-05,-5.947474838e-05,-2.302246330e-05,
1.581680624e-01
l,6.0,2.0
1.890,2.430,2.970,
8.445984753e-11,1.052208556e+01
3.641451940e-07,2.150516241e-07,-4.807585084e-06,-2.605715714e-05,-1.123253320e-04,-3.772955989e-04,-7.884967747e-04,-8.875046279e-04,-4.129939377e-04,
2.719630107e-08,-2.096669880e-07,1.745064328e-07,-1.234175213e-05,-8.866534053e-05,-4.122318219e-04,-9.920760085e-04,-1.087898724e-03,-4.325238882e-04,
1.581371271e-01
l,6.0,3.0
1.950,2.490,3.050,
3.933365430e-09,8.432249124e+00
6.204551937e-06,7.600877251e-06,-7.958017892e-05,-6.739034952e-04,-3.770292318e-03,-1.367970310e-02,-2.917192132e-02,-3.313940525e-02,-1.546890691e-02,
5.459796411e-07,-4.213998444e-06,2.194224124e-06,-2.623664868e-04,-1.928508300e-03,-9.137094297e-03,-2.306128898e-02,-2.721182867e-02,-1.196851156e-02,
1.581980417e-01
l,6.0,4.0
2.050,2.590,3.150,
1.551601568e-09,1.315640335e+01
1.190014009e-04,1.165304418e-04,-2.193314624e-03,-2.133297903e-02,-1.316022386e-01,-4.967358478e-01,-1.073648543e+00,-1.219825833e+00,-5.650984703e-01,
9.379502786e-06,-7.249215651e-05,8.143573786e-05,-3.851440977e-03,-2.726325845e-02,-1.290063501e-01,-3.152365175e-01,-3.461195914e-01,-1.356616325e-01,
1.581680622e-01
l,6.0,5.0
2.190,2.670,3.190,
2.520859065e-08,1.251967636e+01
2.588031115e-03,3.500010472e-03,-2.683341072e-02,-1.182650307e-01,5.517535427e-04,1.964907634e+00,8.165704288e+00,1.395944252e+01,8.791476815e+00,
2.567637498e-04,-1.986504002e-03,9.861426903e-05,-1.500360681e-01,-1.192407933e+00,-5.853199126e+00,-1.542343694e+01,-1.931515158e+01,-9.132895134e+00,
1.585075414e-01
l,6.0,6.0
2.310,2.750,3.210,
4.792825789e-08,1.494956133e+01
8.351354301e-02,1.014954672e-01,-2.190528606e+00,-2.011642274e+01,-1.205141095e+02,-4.966814605e+02,-1.259946131e+03,-1.736003804e+03,-9.890935970e+02,
8.322876612e-03,-6.546776711e-02,4.568735592e-02,-4.363286097e+00,-3.288224877e+01,-1.579263535e+02,-3.779629184e+02,-3.553785514e+02,-6.862477589e+01,
1.587234343e-01
l,7.0,-7.0
1.470,1.910,2.370,
5.824898077e-24,2.371219221e+01
2.462055013e-19,-2.563310484e-19,-4.021300948e-18,-2.749095050e-17,-4.002610105e-16,-2.997939610e-15,-1.076266047e-14,-1.844772010e-14,-1.217888341e-14,
1.988180675e-20,-1.515819260e-19,3.325228654e-20,-1.009599314e-17,-7.184379035e-17,-3.190220367e-16,-7.417833862e-16,-7.938363311e-16,-3.086877926e-16,
1.580918651e-01
l,7.0,-6.0
1.490,1.970,2.470,
8.227924334e-21,1.221319687e+01
4.320859821e-18,-4.558993719e-20,-6.075434174e-17,-1.313882160e-16,-6.643243340e-17,-1.818967075e-16,-2.472766734e-16,7.382724818e-16,8.685144761e-16,
3.447996575e-19,-2.634695253e-18,6.501812967e-19,-1.742811682e-16,-1.236309461e-15,-5.485941125e-15,-1.277291174e-14,-1.364315231e-14,-5.239213882e-15,
1.581264820e-01
l,7.0,-5.0
1.630,2.110,2.590,
1.940309377e-20,1.336952934e+01
7.093689837e-17,-6.212793273e-17,-9.388206079e-16,9.642710623e-17,1.181586145e-14,2.951406510e-14,8.923899634e-15,-4.477191403e-14,-3.820348336e-14,
5.121287782e-18,-3.922902864e-17,3.686663140e-17,-2.133187404e-15,-1.421961874e-14,-6.176551665e-14,-1.344726447e-13,-1.229223692e-13,-3.312848387e-14,
1.581369993e-01
l,7.0,-4.0
1.710,2.190,2.690,
2.413526483e-17,5.031687836e+00
1.181032014e-15,-2.852401384e-16,-1.654234815e-14,-3.925083701e-14,-6.399379857e-14,-2.336979257e-13,-6.457990963e-13,-9.635788626e-13,-6.403658311e-13,
8.845608436e-17,-6.788426159e-16,5.298014914e-16,-3.904140937e-14,-2.687621087e-13,-1.196627329e-12,-2.740628913e-12,-2.774761437e-12,-9.502569268e-13,
1.580746487e-01
l,7.0,-3.0
1.790,2.290,2.790,
4.197263147e-21,2.300430650e+01
1.907768919e-14,-2.384594829e-16,-2.807903199e-13,-1.542900344e-12,-1.258331492e-11,-7.471518724e-11,-2.278423135e-10,-3.333722901e-10,-1.873758729e-10,
1.527518599e-15,-1.174305963e-14,3.603513540e-15,-7.799377945e-13,-5.628653515e-12,-2.552562779e-11,-6.097028997e-11,-6.729886324e-11,-2.706203496e-11,
1.581980121e-01
l,7.0,-2.0
1.870,2.390,2.910,
6.482758152e-15,4.063466946e+00
3.049718952e-13,5.745613297e-14,-4.124375591e-12,-1.115470205e-11,1.781278026e-11,2.289801787e-10,7.139643282e-10,9.679510446e-10,4.851164351e-10,
2.255294812e-14,-1.737129736e-13,1.511278381e-13,-9.886619969e-12,-6.877234683e-11,-3.114630668e-10,-7.262776724e-10,-7.554497129e-10,-2.731230578e-10,
1.581063037e-01
l,7.0,-1.0
1.970,2.490,3.010,
1.001430313e-15,1.035084021e+01
4.856855803e-12,1.988624900e-12,-5.905474380e-11,-1.337076270e-10,8.188136791e-10,7.112603788e-09,2.248019381e-08,3.257564418e-08,1.785887395e-08,
3.884021992e-13,-2.996083102e-12,9.788191854e-13,-2.008354955e-10,-1.469483540e-09,-6.763841863e-09,-1.642372225e-08,-1.855770780e-08,-7.742987616e-09,
1.582289554e-01
l,7.0,0.0
2.110,2.590,3.130,
1.807742361e-15,1.215290801e+01
7.762637061e-11,4.284622398e-11,-1.022319197e-09,-5.623603859e-09,-2.492934250e-08,-9.088655234e-08,-2.122050424e-07,-2.611567528e-07,-1.270121678e-07,
5.718369230e-12,-4.418357805e-11,3.671854373e-11,-2.608815268e-09,-1.870039023e-08,-8.680247203e-08,-2.083072386e-07,-2.275341188e-07,-8.997904898e-08,
1.581680534e-01
l,7.0,1.0
2.130,2.670,3.230,
1.534082750e-15,1.587311091e+01
1.232694946e-09,1.070151756e-09,-2.134564934e-08,-2.008615582e-07,-1.233828859e-06,-4.606654518e-06,-9.763128035e-06,-1.087707480e-05,-4.975938618e-06,
9.811697199e-11,-7.590815510e-10,7.358379336e-10,-4.147665533e-08,-2.929848343e-07,-1.378114618e-06,-3.390017193e-06,-3.796068859e-06,-1.540474917e-06,
1.580754582e-01
l,7.0,2.0
2.230,2.770,3.330,
5.365078240e-17,2.239457987e+01
2.028687085e-08,1.935425568e-08,-3.310074268e-07,-3.125316698e-06,-1.916808479e-05,-7.198856202e-05,-1.533298099e-04,-1.703997007e-04,-7.708891178e-05,
1.684188204e-09,-1.304537342e-08,9.391190398e-09,-7.618764239e-07,-5.448729813e-06,-2.561627265e-05,-6.377458586e-05,-7.334376037e-05,-3.103948228e-05,
1.581980558e-01
l,7.0,3.0
2.350,2.850,3.430,
1.982081337e-16,2.283994497e+01
3.349809106e-07,4.915198706e-07,-4.459283994e-07,3.873895660e-05,4.861207320e-04,2.526867711e-03,6.690778528e-03,8.837212126e-03,4.608819689e-03,
2.886076027e-08,-2.238021699e-07,1.069594803e-07,-1.456821689e-05,-1.096641853e-04,-5.255142681e-04,-1.334521757e-03,-1.592740814e-03,-7.143673314e-04,
1.581980417e-01
l,7.0,4.0
2.390,2.950,3.530,
3.705503088e-15,2.218497258e+01
5.954902917e-06,8.089162360e-06,-5.459904225e-05,-3.684184824e-04,-1.601181737e-03,-5.275888762e-03,-1.151758832e-02,-1.413124480e-02,-7.239800413e-03,
4.937648147e-07,-3.833004620e-06,2.812653379e-06,-2.360183201e-04,-1.770515134e-03,-8.535500243e-03,-2.160579808e-02,-2.548214766e-02,-1.122638537e-02,
1.580754579e-01
l,7.0,5.0
2.510,3.050,3.610,
1.352941157e-09,1.050790263e+01
1.135451967e-04,1.382637643e-04,-1.394970373e-03,-1.185378357e-02,-6.609154418e-02,-2.396097102e-01,-5.114357680e-01,-5.808516287e-01,-2.704805355e-01,
9.877267299e-06,-7.673870442e-05,4.445588572e-05,-4.822684892e-03,-3.590300957e-02,-1.723118007e-01,-4.394875405e-01,-5.240187830e-01,-2.331683210e-01,
1.582289693e-01
l,7.0,6.0
2.590,3.130,3.670,
0.000000000e+00,0.000000000e+00
2.404039958e-03,3.639726006e-03,-2.041841223e-02,-1.397495688e-01,-8.036791882e-01,-4.009717958e+00,-1.192798235e+01,-1.779104641e+01,-1.028068409e+01,
2.307504066e-04,-1.794501746e-03,4.268820920e-04,-1.309177924e-01,-1.041291020e+00,-5.153371545e+00,-1.362210052e+01,-1.707017480e+01,-8.079503881e+00,
1.583528209e-01
l,7.0,7.0
2.750,3.210,3.690,
9.161874430e-10,1.616152470e+01
7.101745158e-02,1.085459096e-01,-1.460645071e+00,-1.431602265e+01,-8.706697081e+01,-3.515758645e+02,-8.583101319e+02,-1.130255858e+03,-6.138795435e+02,
7.452283453e-03,-5.870542411e-02,1.323194599e-02,-4.571509477e+00,-3.762973156e+01,-1.929422138e+02,-5.202139815e+02,-6.445086135e+02,-2.885516539e+02,
1.586623474e-01
l,8.0,-8.0
1.710,2.170,2.630,
0.000000000e+00,0.000000000e+00
9.508143267e-22,-1.193189320e-21,-1.513516191e-20,-1.288339908e-19,-1.872374901e-18,-1.288929259e-17,-4.268374509e-17,-6.786855726e-17,-4.173613211e-17,
7.316108661e-23,-5.608430347e-22,3.392335607e-22,-3.477495270e-20,-2.528889115e-19,-1.174187859e-18,-2.849634774e-18,-3.223421834e-18,-1.370666820e-18,
1.579681628e-01
l,8.0,-7.0
1.830,2.250,2.730,
3.090881376e-22,5.064907670e+00
1.652953079e-20,-1.044066843e-20,-1.458749551e-19,2.770114355e-18,4.116899801e-17,2.525265488e-16,7.902010861e-16,1.223270883e-15,7.421268153e-16,
1.263689955e-21,-9.704877332e-21,6.308179857e-21,-5.791224844e-19,-4.020898730e-18,-1.782983818e-17,-4.065785072e-17,-4.104188759e-17,-1.399324129e-17,
1.579992331e-01
l,8.0,-6.0
1.890,2.350,2.830,
2.821904354e-25,1.905859688e+01
2.758019978e-19,-1.446779939e-19,-3.664661291e-18,-4.369130869e-18,2.062306791e-17,3.685919941e-17,-1.399979350e-16,-4.022894674e-16,-2.647972529e-16,
2.179016081e-20,-1.676259657e-19,8.737810128e-20,-1.045614229e-17,-7.426446786e-17,-3.345882340e-16,-7.845851303e-16,-8.314925467e-16,-3.093089632e-16,
1.579730546e-01
l,8.0,-5.0
2.030,2.450,2.950,
3.376987404e-22,1.162421956e+01
4.518551024e-18,-1.764671482e-18,-6.221585098e-17,-1.575700383e-16,-2.939186044e-16,-1.573381940e-15,-6.903404717e-15,-1.301798197e-14,-8.496500299e-15,
3.220522652e-19,-2.482092353e-18,2.368045613e-18,-1.371433878e-16,-9.319426603e-16,-4.129269400e-15,-9.233390075e-15,-8.850655230e-15,-2.674370262e-15,
1.581369993e-01
l,8.0,-4.0
2.050,2.550,3.050,
6.445869000e-21,1.123721407e+01
7.291530925e-17,-1.458563407e-17,-9.267587204e-16,-9.399575298e-16,2.051267229e-14,1.597463843e-13,5.419773785e-13,8.575829987e-13,5.109827798e-13,
5.536256157e-18,-4.273006822e-17,3.049488364e-17,-2.563526957e-15,-1.821548403e-14,-8.313721335e-14,-1.966503822e-13,-2.098328824e-13,-7.891914472e-14,
1.580437808e-01
l,8.0,-3.0
2.190,2.670,3.150,
4.640324968e-21,1.391642976e+01
1.157899015e-15,-4.422141935e-16,-1.480497323e-14,-2.142506709e-14,7.003737295e-14,1.850450509e-13,-2.342548555e-13,-9.670540077e-13,-6.706653157e-13,
9.519964909e-17,-7.357631598e-16,1.245086015e-16,-5.128248556e-14,-3.781732161e-13,-1.739149524e-12,-4.236509373e-12,-4.816351709e-12,-2.019236737e-12,
1.581679876e-01
l,8.0,-2.0
2.250,2.750,3.270,
0.000000000e+00,0.000000000e+00
1.839006954e-14,4.233449580e-15,-2.654888842e-13,-1.897971681e-12,-1.539079046e-11,-8.193658581e-11,-2.292709665e-10,-3.146122890e-10,-1.685213248e-10,
1.398940168e-15,-1.082819282e-14,7.525479439e-15,-6.627118498e-13,-4.792902061e-12,-2.226734703e-11,-5.400193196e-11,-6.009401927e-11,-2.435298859e-11,
1.580754838e-01
l,8.0,-1.0
2.350,2.850,3.370,
5.302844611e-23,2.415511009e+01
2.898393060e-13,1.373670922e-13,-3.713559853e-12,-2.552339983e-11,-2.071387216e-10,-1.164822281e-09,-3.451899898e-09,-4.975984537e-09,-2.771953100e-09,
2.399944395e-14,-1.859802710e-13,2.517110870e-14,-1.325158569e-11,-9.958284136e-11,-4.665238613e-10,-1.164811034e-09,-1.374824507e-09,-6.102580336e-10,
1.581671653e-01
l,8.0,0.0
2.430,2.950,3.490,
1.258219252e-14,5.226264441e+00
4.577211006e-12,2.938224204e-12,-5.208647669e-11,-1.887588838e-10,-3.800199946e-11,2.162788347e-09,7.790935062e-09,1.094255405e-08,5.475435153e-09,
3.518233507e-13,-2.729994563e-12,1.806682653e-12,-1.710517988e-10,-1.259570121e-09,-5.942944452e-09,-1.469552952e-08,-1.686096659e-08,-7.173911961e-09,
1.580754491e-01
l,8.0,1.0
2.530,3.050,3.590,
2.676404222e-16,1.196951526e+01
7.287057763e-11,5.982867377e-11,-6.766472488e-10,-1.328744677e-09,1.458152003e-08,1.136615789e-07,3.489940074e-07,4.974587384e-07,2.697339191e-07,
6.025575955e-12,-4.680391356e-11,6.745157943e-12,-3.360462284e-09,-2.542792996e-08,-1.199434895e-07,-3.012561224e-07,-3.583675747e-07,-1.609136438e-07,
1.581980870e-01
l,8.0,2.0
2.650,3.150,3.710,
0.000000000e+00,0.000000000e+00
1.177387965e-09,8.868804366e-10,-2.426033253e-09,2.750235180e-07,3.496794937e-06,1.870304615e-05,5.072491282e-05,6.828015942e-05,3.615415769e-05,
8.816384127e-11,-6.856106644e-10,7.452855012e-10,-3.680146011e-08,-2.591877758e-07,-1.225101795e-06,-3.001062434e-06,-3.327310366e-06,-1.331912853e-06,
1.581371271e-01
l,8.0,3.0
2.750,3.250,3.810,
0.000000000e+00,0.000000000e+00
1.944447980e-08,1.658956002e-08,-1.076448258e-07,1.969545051e-06,2.891611253e-05,1.569549005e-04,4.246282330e-04,5.680937143e-04,2.987517077e-04,
1.505705831e-09,-1.171985141e-08,1.088760912e-08,-6.680526901e-07,-4.833893298e-06,-2.305795335e-05,-5.750828357e-05,-6.594450615e-05,-2.782930264e-05,
1.580754129e-01
l,8.0,4.0
2.810,3.330,3.910,
0.000000000e+00,0.000000000e+00
3.235450095e-07,3.718255143e-07,-3.453389284e-06,-1.661694600e-05,2.705969130e-05,5.692406033e-04,2.186024203e-03,3.503368944e-03,2.054919085e-03,
2.570746949e-08,-2.002699094e-07,1.648587436e-07,-1.201699421e-05,-8.902474948e-05,-4.277332753e-04,-1.075749985e-03,-1.254911377e-03,-5.446040342e-04,
1.580754579e-01
l,8.0,5.0
2.910,3.430,4.010,
3.041819409e-14,1.634380107e+01
5.745448107e-06,6.192952223e-06,-6.820802659e-05,-4.269963360e-04,-1.114042047e-03,4.087223299e-04,9.198523524e-03,1.863280897e-02,1.192166973e-02,
4.387974425e-07,-3.421181866e-06,3.256312699e-06,-1.993856997e-04,-1.465412103e-03,-7.033921310e-03,-1.752620286e-02,-2.009859416e-02,-8.518663722e-03,
1.581371967e-01
l,8.0,6.0
2.970,3.490,4.090,
7.538282514e-15,1.983338000e+01
1.025905003e-04,1.798028357e-04,-3.520830265e-04,5.677408726e-04,2.951988074e-02,1.862347288e-01,5.429622940e-01,7.636535095e-01,4.157186150e-01,
8.744180737e-06,-6.821950500e-05,4.574271741e-05,-4.447120571e-03,-3.435620470e-02,-1.678463961e-01,-4.293526502e-01,-5.140189064e-01,-2.310447640e-01,
1.581062618e-01
l,8.0,7.0
3.030,3.590,4.150,
9.752404749e-16,2.398632535e+01
2.190090949e-03,3.392273941e-03,-2.126020315e-02,-1.734485308e-01,-8.752087385e-01,-3.076139271e+00,-6.708859782e+00,-7.968764778e+00,-3.908276617e+00,
2.040293153e-04,-1.592984920e-03,8.973909814e-04,-1.057364848e-01,-8.232303166e-01,-4.071904147e+00,-1.069553582e+01,-1.319069163e+01,-6.100619582e+00,
1.583528469e-01
l,8.0,8.0
3.190,3.670,4.170,
1.142774288e-10,1.575787147e+01
6.009845063e-02,1.099469420e-01,-7.891216216e-01,-7.133925020e+00,-3.796688583e+01,-1.395246696e+02,-3.191775397e+02,-3.988357579e+02,-2.065187731e+02,
6.564953012e-03,-5.177222986e-02,-3.992515123e-03,-4.360753536e+00,-3.697990748e+01,-1.925544790e+02,-5.350670001e+02,-7.035385184e+02,-3.477772112e+02,
1.586004156e-01
l,9.0,-9.0
1.950,2.410,2.890,
0.000000000e+00,0.000000000e+00
3.706595097e-24,-3.472511174e-24,-7.187588282e-23,-9.122843064e-22,-1.196279761e-20,-7.763636625e-20,-2.512658516e-19,-3.957421793e-19,-2.423434555e-19,
2.669009748e-25,-2.055156900e-24,1.794200790e-24,-1.158506526e-22,-7.887421586e-22,-3.497631623e-21,-7.911155604e-21,-7.841724592e-21,-2.591203653e-21,
1.580301104e-01
l,9.0,-8.0
2.050,2.510,2.990,
1.742305839e-29,1.914631674e+01
6.311667899e-23,-5.484927903e-23,-1.139358285e-21,-1.204779633e-20,-1.590265735e-19,-1.066333448e-18,-3.552087427e-18,-5.736777205e-18,-3.588585130e-18,
4.594903528e-24,-3.543426599e-23,2.999814572e-23,-2.018866619e-21,-1.382970829e-20,-6.156758975e-20,-1.404360637e-19,-1.414573592e-19,-4.830936149e-20,
1.580609757e-01
l,9.0,-7.0
2.130,2.610,3.090,
1.095032612e-27,1.676212311e+01
1.051987038e-21,-7.578054449e-22,-1.387340242e-20,-2.666404718e-21,1.453547625e-19,4.940702822e-19,1.188099940e-18,1.924456013e-18,1.233300304e-18,
7.898542368e-23,-6.099624708e-22,4.594864422e-22,-3.580730556e-20,-2.489855287e-19,-1.116937071e-18,-2.588587127e-18,-2.681841024e-18,-9.626755165e-19,
1.580301104e-01
l,9.0,-6.0
2.270,2.730,3.190,
0.000000000e+00,0.000000000e+00
1.692990075e-20,-1.766565058e-20,-2.553264177e-19,-2.081342729e-18,-2.848897066e-17,-1.939204043e-16,-6.402166847e-16,-1.016019081e-15,-6.235927518e-16,
1.357940309e-21,-1.050042797e-20,2.362417097e-21,-7.390733449e-19,-5.592683626e-18,-2.644925408e-17,-6.629418421e-17,-7.881685929e-17,-3.564032089e-17,
1.581882019e-01
l,9.0,-5.0
2.330,2.810,3.310,
0.000000000e+00,0.000000000e+00
2.770157044e-19,-9.043122629e-20,-3.922909159e-18,-1.133013965e-17,-3.102522888e-17,-1.718560432e-16,-5.615636091e-16,-7.782691850e-16,-3.737367346e-16,
1.995069634e-20,-1.544977656e-19,1.422621046e-19,-8.612131888e-18,-5.801785762e-17,-2.552896481e-16,-5.705316935e-16,-5.471695361e-16,-1.649038282e-16,
1.581369993e-01
l,9.0,-4.0
2.450,2.910,3.410,
1.086865453e-26,2.039978272e+01
4.404919982e-18,-4.347239100e-19,-5.927694297e-17,-2.058091888e-16,-6.338375713e-16,-2.991623380e-15,-1.001529587e-14,-1.561936104e-14,-8.764592331e-15,
3.417398603e-19,-2.649453874e-18,1.598104204e-18,-1.647606881e-16,-1.178761890e-15,-5.381191877e-15,-1.282546534e-14,-1.390616703e-14,-5.373394155e-15,
1.580437808e-01
l,9.0,-3.0
2.530,3.030,3.530,
1.197785108e-20,7.778592871e+00
6.950250101e-17,-2.349049832e-17,-1.018664832e-15,-4.636175858e-15,-3.449875489e-14,-2.159150070e-13,-7.015690068e-13,-1.082237260e-12,-6.333098610e-13,
5.013637640e-18,-3.891990284e-17,3.642947878e-17,-2.172910665e-15,-1.473873781e-14,-6.567321670e-14,-1.497410127e-13,-1.487948350e-13,-4.852877421e-14,
1.581370833e-01
l,9.0,-2.0
2.610,3.110,3.630,
1.188016006e-21,1.303066263e+01
1.088226003e-15,3.401216234e-16,-1.254423693e-14,-3.015954186e-14,2.114061443e-13,2.207570157e-12,8.087592101e-12,1.316204566e-11,7.936150455e-12,
8.572314934e-17,-6.661212755e-16,3.372212385e-16,-4.331072222e-14,-3.193738005e-13,-1.496039892e-12,-3.693198476e-12,-4.238509849e-12,-1.797930501e-12,
1.580446157e-01
l,9.0,-1.0
2.690,3.210,3.750,
9.530522385e-18,5.868271490e+00
1.702235019e-14,8.402186889e-15,-2.293363563e-13,-1.926588894e-12,-1.547451489e-11,-7.906998652e-11,-2.175925817e-10,-2.968441691e-10,-1.576950259e-10,
1.255040006e-15,-9.763491790e-15,7.459421906e-15,-5.982639580e-13,-4.371518012e-12,-2.061455401e-11,-5.057097415e-11,-5.711334396e-11,-2.372313449e-11,
1.581371285e-01
l,9.0,0.0
2.770,3.310,3.850,
4.528174946e-23,2.074643566e+01
2.667124063e-13,1.889754106e-13,-2.736884533e-12,-1.197948907e-11,-3.586448266e-11,-6.752675387e-11,-2.274522956e-11,9.058710541e-11,7.488500011e-11,
2.142401547e-14,-1.668149503e-13,6.858249809e-14,-1.126789484e-11,-8.494214027e-11,-4.046189447e-10,-1.021257051e-09,-1.212985544e-09,-5.413516174e-10,
1.580445810e-01
l,9.0,1.0
2.910,3.430,3.970,
3.377533345e-22,2.016730451e+01
4.259429181e-12,2.070503272e-12,-5.318709600e-11,-3.508780910e-10,-2.112018524e-09,-9.136098909e-09,-2.248892454e-08,-2.789801710e-08,-1.356139918e-08,
3.130868525e-13,-2.440262876e-12,1.881143244e-12,-1.494867385e-10,-1.091453123e-09,-5.148203204e-09,-1.263955375e-08,-1.429039676e-08,-5.944575418e-09,
1.581371582e-01
l,9.0,2.0
2.990,3.530,4.070,
9.497302625e-15,6.966351360e+00
6.809448838e-11,4.319125630e-11,-7.086791044e-10,-3.255829799e-09,-1.059649922e-08,-2.671169868e-08,-4.650046088e-08,-5.277523455e-08,-2.909567257e-08,
5.336808579e-12,-4.162920524e-11,2.099421572e-11,-2.749929992e-09,-2.061717113e-08,-9.827054631e-08,-2.473997829e-07,-2.920529348e-07,-1.291975793e-07,
1.580445590e-01
l,9.0,3.0
3.070,3.610,4.170,
3.225657498e-21,2.201241656e+01
1.084363044e-09,1.051250120e-09,-1.410310534e-08,-1.213897589e-07,-7.096820400e-07,-2.698208983e-06,-5.936282758e-06,-6.759602308e-06,-3.072159780e-06,
9.103912859e-11,-7.106774082e-10,4.316123542e-10,-4.315465374e-08,-3.126615350e-07,-1.486678406e-06,-3.781619243e-06,-4.497042660e-06,-1.993999291e-06,
1.581671497e-01
l,9.0,4.0
3.210,3.710,4.290,
0.000000000e+00,0.000000000e+00
1.795542914e-08,1.786044116e-08,-3.445259102e-08,3.294250009e-06,4.264575610e-05,2.294145415e-04,6.240150516e-04,8.415388740e-04,4.461912545e-04,
1.326577121e-09,-1.036453802e-08,1.000117227e-08,-6.039066175e-07,-4.428233814e-06,-2.124719257e-05,-5.280881411e-05,-6.039279572e-05,-2.554445989e-05,
1.581680622e-01
l,9.0,5.0
3.270,3.790,4.390,
0.000000000e+00,0.000000000e+00
2.987102050e-07,3.956121805e-07,-2.540009537e-06,-1.449440601e-05,-3.568573039e-06,3.163968035e-04,1.399188800e-03,2.386791761e-03,1.454806987e-03,
2.258436753e-08,-1.765714338e-07,1.477966262e-07,-1.098657823e-05,-8.299466910e-05,-4.012242946e-04,-1.004315526e-03,-1.166750685e-03,-5.062718848e-04,
1.581681009e-01
l,9.0,6.0
3.370,3.890,4.470,
6.304143450e-19,2.316596943e+01
5.305991181e-06,7.043175162e-06,-3.606455159e-05,-1.051255179e-04,9.537524724e-04,8.792180081e-03,2.929560909e-02,4.420782613e-02,2.510750854e-02,
4.489340226e-07,-3.511734707e-06,2.179803382e-06,-2.228817019e-04,-1.678933050e-03,-8.126171064e-03,-2.086221786e-02,-2.514192525e-02,-1.137741239e-02,
1.580136937e-01
l,9.0,7.0
3.470,3.990,4.570,
5.081777637e-14,1.596742492e+01
9.989689715e-05,1.123154624e-04,-1.135144586e-03,-7.703264337e-03,-2.684159284e-02,-4.260131750e-02,9.007398367e-03,1.075224177e-01,8.867089879e-02,
7.643348984e-06,-5.982724505e-05,5.731537159e-05,-3.557888818e-03,-2.653992968e-02,-1.286859407e-01,-3.235974382e-01,-3.752703601e-01,-1.613182648e-01,
1.581672047e-01
l,9.0,8.0
3.490,4.050,4.630,
4.196566326e-15,2.009421288e+01
1.965701114e-03,3.454530100e-03,-1.222841475e-02,-1.202908663e-01,-7.980827226e-01,-3.567374185e+00,-9.064545906e+00,-1.173513322e+01,-6.004994370e+00,
1.779924712e-04,-1.394048434e-03,7.711092421e-04,-9.518045059e-02,-7.494392128e-01,-3.713195516e+00,-9.702390054e+00,-1.191295460e+01,-5.500240797e+00,
1.583528382e-01
l,9.0,9.0
3.630,4.150,4.670,
3.294974012e-13,1.858434083e+01
5.262709036e-02,8.173274997e-02,-7.825204632e-01,-7.340682938e+00,-4.178324768e+01,-1.549587579e+02,-3.417690225e+02,-4.021053885e+02,-1.937576014e+02,
4.876659773e-03,-3.845225860e-02,2.631437087e-02,-2.694520657e+00,-2.205724005e+01,-1.140915781e+02,-3.069059414e+02,-3.813415451e+02,-1.750935499e+02,
1.585384741e-01
