l,1.0,-1.0
0.230,0.730,1.250,
3.586834719e-03,2.994268804e+00
2.359729988e-04,-5.192407410e-04,2.451917842e-04,1.790808731e-02,1.041318203e-01,5.070179510e-01,1.403634396e+00,1.869491309e+00,9.562407401e-01,
3.646184460e-05,-1.563236998e-04,-2.405829311e-04,-1.023563682e-02,-7.932514926e-02,-3.367518431e-01,-7.799797095e-01,-9.320510367e-01,-4.528464973e-01,
1.587234939e-01
l,1.0,0.0
0.310,0.710,1.150,
2.760015591e-02,3.312773663e+00
2.364390995e-03,-3.826259097e-03,-3.237978564e-04,3.059341763e-01,2.038045022e+00,9.974128504e+00,3.138794825e+01,5.117340236e+01,3.287556966e+01,
5.286270759e-04,-2.236897682e-03,-5.161527834e-03,-1.889393157e-01,-1.655725828e+00,-7.996539263e+00,-2.148492893e+01,-3.008143316e+01,-1.722884868e+01,
1.590512185e-01
l,1.0,1.0
0.370,0.730,1.110,
3.120599754e-01,4.030717080e+00
2.490944974e-02,-4.784332949e-02,7.145315825e-02,7.020398483e+00,5.852354541e+01,3.261504838e+02,1.124514330e+03,2.017841028e+03,1.433480743e+03,
6.085795868e-03,-2.653865367e-02,-1.314229030e-01,-4.940514302e+00,-5.580066336e+01,-3.309447018e+02,-1.060623427e+03,-1.743190659e+03,-1.157179825e+03,
1.591132373e-01
l,2.0,-2.0
0.530,1.110,1.690,
1.150709777e-05,4.285053330e+00
4.510543931e-06,-7.331853066e-06,-1.409015841e-05,1.766981516e-04,4.861473486e-04,5.160313408e-04,6.570700032e-04,1.082212070e-03,6.986396502e-04,
5.570437234e-07,-2.503734798e-06,-1.060686454e-06,-9.683436000e-05,-5.998221504e-04,-2.180052294e-03,-4.369388328e-03,-4.520190823e-03,-1.929826432e-03,
1.586004634e-01
l,2.0,-1.0
0.590,1.170,1.750,
5.646937051e-05,4.445745132e+00
3.215636025e-05,-4.724114509e-05,-1.206705762e-04,1.285884766e-03,4.103314457e-03,4.515443693e-03,2.703885813e-03,2.639280811e-03,1.928871844e-03,
4.012341104e-06,-1.811585252e-05,-5.706493010e-06,-6.753592538e-04,-4.153959976e-03,-1.504539909e-02,-2.999853163e-02,-3.073673161e-02,-1.298607946e-02,
1.587234394e-01
l,2.0,0.0
0.650,1.230,1.810,
2.660068298e-04,4.599590774e+00
2.287996031e-04,-2.967961585e-04,-1.042603135e-03,9.046118980e-03,3.287997920e-02,3.756776248e-02,7.972509836e-03,-1.108981063e-02,-4.058043522e-03,
2.885768404e-05,-1.308526466e-04,-1.901710517e-05,-4.575862836e-03,-2.781406311e-02,-1.001944237e-01,-1.980938180e-01,-1.999179098e-01,-8.309151944e-02,
1.587857781e-01
l,2.0,1.0
0.730,1.270,1.830,
1.191596812e-03,4.647075888e+00
1.704655006e-03,-1.386510496e-03,-8.829636339e-03,9.856538249e-02,6.139786780e-01,1.775563002e+00,3.164274363e+00,3.273582069e+00,1.467664384e+00,
2.489073789e-04,-1.131108303e-03,-4.507199213e-04,-4.419779881e-02,-2.787701495e-01,-1.028158386e+00,-2.092479870e+00,-2.161631484e+00,-9.104652917e-01,
1.588959604e-01
l,2.0,2.0
0.810,1.330,1.850,
6.198833777e-03,5.256695177e+00
1.333004981e-02,-1.019726825e-02,-7.698297895e-02,9.805497476e-01,6.435061123e+00,1.866164396e+01,3.193470522e+01,3.135970099e+01,1.349655002e+01,
2.159118482e-03,-9.895624193e-03,-1.344022714e-02,-6.404558742e-01,-4.866961377e+00,-2.038737236e+01,-4.637281974e+01,-5.361763392e+01,-2.508152835e+01,
1.590200860e-01
l,3.0,-3.0
0.870,1.490,2.110,
2.652112428e-08,5.281650887e+00
7.782963962e-08,-8.260776787e-08,-3.906669247e-07,2.232314966e-06,9.149880718e-06,1.146042064e-05,2.159948171e-06,-6.413487032e-06,-3.882699680e-06,
8.708710631e-09,-4.016853211e-08,-1.295153825e-08,-1.470883889e-06,-8.495346935e-06,-2.881117345e-05,-5.302870468e-05,-4.916375546e-05,-1.854254190e-05,
1.586004097e-01
l,3.0,-2.0
0.930,1.550,2.190,
1.304387898e-07,6.602601838e+00
5.222547088e-07,-3.995703616e-07,-3.037900021e-06,1.108412766e-05,5.017594378e-05,3.548872789e-05,-1.108835360e-04,-2.271127321e-04,-1.256082293e-04,
5.677017685e-08,-2.628327450e-07,-4.452059444e-08,-8.982130610e-06,-5.019044210e-05,-1.651166453e-04,-2.917666402e-04,-2.551486887e-04,-8.950413925e-05,
1.586623864e-01
l,3.0,-1.0
0.990,1.630,2.270,
5.320025514e-07,6.747287479e+00
3.402791890e-06,-2.432986545e-06,-1.868452022e-05,9.700522078e-05,5.546263875e-04,1.156741274e-03,1.207133255e-03,5.549996509e-04,4.364841400e-05,
3.695049416e-07,-1.716669959e-06,-1.334995894e-07,-5.684577915e-05,-3.162348341e-04,-1.041196870e-03,-1.838245955e-03,-1.598730471e-03,-5.557990078e-04,
1.586924993e-01
l,3.0,0.0
1.090,1.710,2.350,
2.309026021e-06,5.506570042e+00
2.204853081e-05,-1.435751356e-05,-1.314398587e-04,5.287174694e-04,3.362621364e-03,7.838120375e-03,1.056649212e-02,8.456670338e-03,3.120385461e-03,
2.402066367e-06,-1.119576454e-05,1.620988161e-07,-3.578908840e-04,-1.973011915e-03,-6.463177309e-03,-1.130620302e-02,-9.649199283e-03,-3.260893484e-03,
1.587235343e-01
l,3.0,1.0
1.150,1.770,2.410,
8.405103979e-06,6.748293121e+00
1.442611974e-04,-3.740118347e-05,-9.281484368e-04,2.562705173e-03,2.062301196e-02,4.884821539e-02,5.658290339e-02,3.016821149e-02,4.487740263e-03,
1.712912148e-05,-8.002174060e-05,-1.925240129e-05,-2.836469328e-03,-1.597833885e-02,-5.269606702e-02,-9.334868680e-02,-8.053930390e-02,-2.716118170e-02,
1.587854979e-01
l,3.0,2.0
1.230,1.850,2.490,
4.308886301e-05,5.609482990e+00
9.461966110e-04,-1.737060407e-04,-6.556570536e-03,1.582312221e-02,1.541641731e-01,4.392697796e-01,6.804236637e-01,5.833315224e-01,2.167609161e-01,
1.111797587e-04,-5.210118545e-04,4.241503284e-05,-1.629578334e-02,-8.954093912e-02,-2.923656282e-01,-5.070208335e-01,-4.176431645e-01,-1.308685973e-01,
1.588477542e-01
l,3.0,3.0
1.330,1.930,2.530,
1.732559393e-04,5.989407694e+00
6.448661909e-03,-8.181396045e-04,-4.654704272e-02,1.351367005e-01,1.312115792e+00,3.850482017e+00,6.060099572e+00,5.206363742e+00,1.924910950e+00,
8.713176007e-04,-4.097068995e-03,-6.987650493e-04,-1.466888847e-01,-8.611201826e-01,-2.975715641e+00,-5.559309790e+00,-5.036350774e+00,-1.769157048e+00,
1.589269767e-01
l,4.0,-4.0
1.250,1.870,2.530,
4.699037777e-11,6.762252702e+00
1.245561987e-09,-6.141446551e-10,-5.886646287e-09,5.160490657e-08,3.865440354e-07,1.288415788e-06,2.450173859e-06,2.494506542e-06,1.041645043e-06,
1.307304336e-10,-6.132736140e-10,-1.129849320e-10,-2.115319200e-08,-1.164727967e-07,-3.773076162e-07,-6.531459159e-07,-5.533369029e-07,-1.853556056e-07,
1.585695167e-01
l,4.0,-3.0
1.290,1.950,2.610,
6.140430317e-11,1.164096831e+01
8.000346163e-09,-3.716844794e-09,-5.373542229e-08,2.209450584e-08,2.875123976e-08,-1.771808492e-06,-6.227966109e-06,-8.243187292e-06,-3.937392076e-06,
8.468703179e-10,-3.983039722e-09,-6.318680227e-10,-1.352571926e-07,-7.353968111e-07,-2.352620184e-06,-4.007560407e-06,-3.306152727e-06,-1.063433462e-06,
1.586004641e-01
l,4.0,-2.0
1.410,2.030,2.710,
9.110915681e-10,6.796469645e+00
5.079671084e-08,-1.889534664e-08,-2.842212233e-07,1.353731078e-06,1.131847962e-05,3.716250904e-05,6.902433265e-05,6.910301763e-05,2.857259137e-05,
4.988505379e-09,-2.353269785e-08,3.561198080e-09,-7.027887335e-07,-3.673356014e-06,-1.148505027e-05,-1.882398264e-05,-1.459306842e-05,-4.315012904e-06,
1.586623864e-01
l,4.0,-1.0
1.430,2.110,2.790,
5.825031592e-09,5.806070844e+00
3.193331111e-07,-8.625282166e-08,-2.149624927e-06,1.675319838e-06,2.269122348e-05,5.008273015e-05,5.438975167e-05,3.248269249e-05,9.311290495e-06,
3.224340072e-08,-1.524456872e-07,1.572473623e-08,-4.649662126e-06,-2.437078056e-05,-7.605462777e-05,-1.244524381e-04,-9.574763874e-05,-2.768552063e-05,
1.586623809e-01
l,4.0,0.0
1.510,2.190,2.870,
1.173860488e-08,7.739955019e+00
1.989368002e-06,-2.399215398e-07,-1.239555056e-05,2.289792490e-05,2.458925163e-04,6.834651608e-04,9.784097177e-04,7.295352945e-04,2.225423680e-04,
2.082353385e-07,-9.866103632e-07,2.303085794e-08,-3.128554559e-05,-1.665233594e-04,-5.258928998e-04,-8.765493743e-04,-6.916607285e-04,-2.063153704e-04,
1.586624757e-01
l,4.0,1.0
1.610,2.270,2.950,
1.893673119e-08,9.660329368e+00
1.230978978e-05,4.091785821e-07,-8.458788283e-05,-2.312148043e-05,4.597105651e-04,4.656054555e-04,-1.408200723e-03,-3.163944510e-03,-1.807575785e-03,
1.344304525e-06,-6.381977738e-06,-7.234085262e-07,-2.145944769e-04,-1.157936924e-03,-3.678423423e-03,-6.197621915e-03,-4.962332060e-03,-1.501090953e-03,
1.587235268e-01
l,4.0,2.0
1.710,2.350,3.030,
3.235232609e-07,6.771144553e+00
7.588972221e-05,1.613762047e-05,-4.927844579e-04,3.144462425e-04,8.278104356e-03,2.868077780e-02,5.120201520e-02,4.857836785e-02,1.917079271e-02,
8.668823204e-06,-4.123279623e-05,-6.833213128e-06,-1.422248405e-03,-7.773883242e-03,-2.497354186e-02,-4.276339347e-02,-3.490915126e-02,-1.077757882e-02,
1.587234605e-01
l,4.0,3.0
1.810,2.450,3.110,
1.065142794e-06,7.236001466e+00
4.717796110e-04,5.881895663e-05,-3.121599052e-03,2.795537467e-03,5.437959967e-02,1.767864508e-01,2.971085452e-01,2.667662119e-01,1.005261158e-01,
5.589973832e-05,-2.663857501e-04,-5.728683954e-05,-9.489199401e-03,-5.290313315e-02,-1.731453977e-01,-3.034792974e-01,-2.550631861e-01,-8.162312141e-02,
1.588167110e-01
l,4.0,4.0
1.890,2.530,3.190,
3.574820568e-06,7.607949924e+00
2.978810109e-03,8.849435371e-04,-2.217340186e-02,-1.477246831e-02,1.803490012e-01,6.088209443e-01,9.275648207e-01,7.352753063e-01,2.472986965e-01,
3.602629593e-04,-1.720804933e-03,-1.058919596e-06,-5.674543867e-02,-3.131873263e-01,-1.025105122e+00,-1.786393248e+00,-1.464552308e+00,-4.450280982e-01,
1.588478174e-01
l,5.0,-5.0
1.590,2.270,2.950,
1.093906393e-14,1.192143227e+01
1.877053027e-11,-4.481243150e-12,-9.172373437e-11,5.598365137e-10,4.189071749e-09,1.176175989e-08,1.712765468e-08,1.249459138e-08,3.509074348e-09,
1.909116886e-12,-9.063351167e-12,-1.180343586e-12,-3.069700416e-10,-1.656359530e-09,-5.276064315e-09,-8.923872559e-09,-7.276950678e-09,-2.300646193e-09,
1.586005324e-01
l,5.0,-4.0
1.690,2.330,3.030,
3.236903655e-13,7.830469898e+00
1.189919968e-10,5.287808229e-12,-7.739684342e-10,1.089375428e-09,1.844222055e-08,6.952663050e-08,1.357358665e-07,1.368303180e-07,5.571101746e-08,
1.231086251e-11,-5.855483366e-11,2.161516950e-11,-1.406601275e-09,-6.453110636e-09,-1.870013679e-08,-2.828982465e-08,-1.845286363e-08,-3.682800722e-09,
1.586004873e-01
l,5.0,-3.0
1.730,2.410,3.110,
9.793704308e-14,1.275179328e+01
7.435960181e-10,9.864018397e-11,-5.874724336e-09,-1.771866109e-08,-7.934678169e-08,-3.313157639e-07,-7.413486373e-07,-8.074526118e-07,-3.416817215e-07,
7.931527543e-11,-3.779249688e-10,1.167202951e-10,-9.398590206e-09,-4.396672919e-08,-1.293700185e-07,-2.008965904e-07,-1.376525394e-07,-3.068586449e-08,
1.585694935e-01
l,5.0,-2.0
1.810,2.510,3.210,
9.008034930e-12,7.282891470e+00
4.606822923e-09,-4.818650314e-11,-3.298930706e-08,-2.667381641e-08,1.378296777e-07,3.670530506e-07,3.577500692e-07,1.213172257e-07,-7.755396426e-09,
4.645270806e-10,-2.218052535e-09,1.055370848e-09,-5.098086770e-08,-2.301158765e-07,-6.631791233e-07,-9.872082946e-07,-6.145529471e-07,-1.056517425e-07,
1.586623864e-01
l,5.0,-1.0
1.890,2.590,3.290,
1.351944987e-11,8.958692009e+00
2.822453915e-08,3.664966311e-09,-2.048049519e-07,-2.829090616e-07,3.523259211e-07,1.188182331e-06,8.606594276e-07,-1.599318262e-07,-3.055205161e-07,
2.988494762e-09,-1.429228722e-08,5.124853137e-09,-3.504599752e-07,-1.635229883e-06,-4.823501580e-06,-7.490152883e-06,-5.089603458e-06,-1.101450946e-06,
1.586313801e-01
l,5.0,0.0
1.970,2.670,3.390,
1.001810253e-10,8.116328000e+00
1.712259063e-07,4.658850100e-08,-1.317301731e-06,-3.150870536e-06,-4.724212680e-06,-1.055651650e-05,-2.176018185e-05,-2.343295379e-05,-9.696521737e-06,
1.746612834e-08,-8.368726024e-08,4.339622754e-08,-1.898114730e-06,-8.573123401e-06,-2.486978766e-05,-3.732026383e-05,-2.335265733e-05,-3.998956058e-06,
1.586624757e-01
l,5.0,1.0
2.070,2.770,3.490,
2.456009245e-10,8.846022394e+00
1.036219032e-06,2.066224598e-07,-8.061153973e-06,-1.843284632e-05,-2.582063759e-05,-5.905454662e-05,-1.276288041e-04,-1.402148270e-04,-5.843256581e-05,
1.019906626e-07,-4.895405032e-07,3.208937313e-07,-1.034274461e-05,-4.520878682e-05,-1.287874671e-04,-1.855923938e-04,-1.037409916e-04,-1.059529235e-05,
1.586925322e-01
l,5.0,2.0
2.150,2.850,3.570,
7.102904251e-10,9.337580308e+00
6.193451100e-06,2.432144156e-06,-4.860559347e-05,-1.432836297e-04,-3.029403845e-04,-7.007182939e-04,-1.239449380e-03,-1.199464278e-03,-4.668411148e-04,
6.548687279e-07,-3.147483738e-06,1.559650322e-06,-7.338544628e-05,-3.400635315e-04,-1.010320838e-03,-1.571252368e-03,-1.049507841e-03,-2.132663572e-04,
1.586615317e-01
l,5.0,3.0
2.250,2.950,3.670,
2.804811101e-09,9.358806731e+00
3.715695857e-05,1.308117198e-05,-3.000756264e-04,-8.998130904e-04,-1.996644508e-03,-4.744385631e-03,-8.384633557e-03,-8.071097525e-03,-3.127501198e-03,
3.819260394e-06,-1.838569762e-05,1.135199395e-05,-4.040594822e-04,-1.826044398e-03,-5.357092652e-03,-8.084597230e-03,-4.983996888e-03,-7.761147927e-04,
1.587235088e-01
l,5.0,4.0
2.350,3.050,3.750,
1.029317056e-08,9.457159220e+00
2.231174003e-04,7.583460654e-05,-1.776230931e-03,-4.761067766e-03,-8.063303700e-03,-1.676890246e-02,-3.127555680e-02,-3.219301361e-02,-1.307107036e-02,
2.451120698e-05,-1.181423219e-04,5.405519835e-05,-2.843700928e-03,-1.341580911e-02,-4.036876522e-02,-6.388895028e-02,-4.359598903e-02,-9.080253493e-03,
1.587855492e-01
l,5.0,5.0
2.450,3.130,3.830,
3.070170339e-08,9.780167808e+00
1.336749992e-03,7.586284377e-04,-1.150016353e-02,-4.697546939e-02,-1.495011451e-01,-3.976033625e-01,-6.778965815e-01,-6.180872089e-01,-2.286454553e-01,
1.572034220e-04,-7.587590270e-04,3.041961223e-04,-1.909692590e-02,-9.346825452e-02,-2.901054137e-01,-4.801879862e-01,-3.531577932e-01,-8.599779941e-02,
1.587855292e-01
l,6.0,-6.0
1.950,2.650,3.370,
6.181812895e-16,6.298339477e+00
2.740138032e-13,5.078543612e-14,-2.045635406e-12,-3.794627295e-12,-2.188132353e-12,-3.975854637e-12,-1.609171869e-11,-2.273012649e-11,-1.071639521e-11,
2.730926350e-14,-1.308018737e-13,5.883250691e-14,-3.038249356e-12,-1.363882289e-11,-3.907345925e-11,-5.785198687e-11,-3.586012134e-11,-6.154787001e-12,
1.586004252e-01
l,6.0,-5.0
2.050,2.750,3.450,
1.505254187e-15,7.212326841e+00
1.720514031e-12,2.560596419e-14,-1.214001140e-11,-1.171268065e-11,4.126883773e-11,1.140127362e-10,1.046277509e-10,2.441163547e-11,-9.543657398e-12,
1.755231699e-13,-8.419026832e-13,3.137459794e-13,-2.050389139e-11,-9.458951909e-11,-2.765888905e-10,-4.235008956e-10,-2.817065254e-10,-5.865856298e-11,
1.586005324e-01
l,6.0,-4.0
2.150,2.830,3.550,
6.296102376e-15,7.407811857e+00
1.066485962e-11,1.067687898e-12,-7.475623443e-11,-4.269357971e-11,7.325717211e-10,2.986659803e-09,5.635950283e-09,5.344308941e-09,2.028220224e-09,
1.024034248e-12,-4.920175265e-12,3.083231334e-12,-1.054395285e-10,-4.626878976e-10,-1.320784171e-09,-1.915322900e-09,-1.107416888e-09,-1.429401210e-10,
1.585695167e-01
l,6.0,-3.0
2.210,2.910,3.630,
1.750101784e-14,8.030919611e+00
6.549286807e-11,1.366584855e-11,-4.904691655e-10,-1.103113145e-09,-1.521666200e-09,-3.464856771e-09,-7.532734053e-09,-8.349266700e-09,-3.506185710e-09,
6.576535183e-12,-3.163909271e-11,1.478342206e-11,-7.380694082e-10,-3.344972950e-09,-9.710390065e-09,-1.465044637e-08,-9.365230280e-09,-1.735582049e-09,
1.586313863e-01
l,6.0,-2.0
2.290,2.990,3.730,
2.137502224e-13,6.863323129e+00
3.976252105e-10,1.310237353e-10,-2.985245625e-09,-6.658991342e-09,7.089589973e-10,3.618413753e-08,8.796804546e-08,9.327024312e-08,3.779768832e-08,
3.831512499e-11,-1.846134446e-10,1.198851708e-10,-3.945984284e-09,-1.738782985e-08,-5.011329866e-08,-7.368867995e-08,-4.379838023e-08,-6.339275419e-09,
1.586004090e-01
l,6.0,-1.0
2.370,3.090,3.810,
3.030944842e-13,8.215643221e+00
2.410601940e-09,6.265585419e-10,-1.772843875e-08,-3.961369206e-08,-3.582690985e-08,-2.556939655e-08,-5.390474463e-08,-7.567151940e-08,-3.588208219e-08,
2.458054627e-10,-1.185746112e-09,5.066814696e-10,-2.861845506e-08,-1.327080262e-07,-3.927400290e-07,-6.093273012e-07,-4.113741696e-07,-8.774620589e-08,
1.586623809e-01
l,6.0,0.0
2.450,3.170,3.910,
5.964284861e-14,1.168474009e+01
1.438639963e-08,5.880967107e-09,-1.128913540e-07,-3.972726932e-07,-1.131066550e-06,-2.902808286e-06,-4.896428901e-06,-4.420925230e-06,-1.617549732e-06,
1.430528123e-09,-6.910357284e-09,3.814504773e-09,-1.575484732e-07,-7.177584744e-07,-2.116254982e-06,-3.239431204e-06,-2.110551750e-06,-4.112530754e-07,
1.586616055e-01
l,6.0,1.0
2.550,3.270,4.010,
2.430315727e-12,9.202485732e+00
8.588074962e-08,3.082324947e-08,-6.700416033e-07,-2.074541212e-06,-4.280853577e-06,-7.719076115e-06,-1.001772416e-05,-7.327066080e-06,-2.212003740e-06,
8.319963891e-09,-4.024376208e-08,2.653041450e-08,-8.686485305e-07,-3.869187045e-06,-1.129476446e-05,-1.688728587e-05,-1.033374110e-05,-1.640398620e-06,
1.586624138e-01
l,6.0,2.0
2.650,3.370,4.090,
2.768314847e-11,8.198462697e+00
5.090839750e-07,1.754137725e-07,-3.792140176e-06,-9.889775193e-06,-1.143734684e-05,-2.337594136e-06,1.507781254e-05,2.271141163e-05,1.069373736e-05,
5.327652008e-08,-2.579590368e-07,1.104885999e-07,-6.296663952e-06,-2.961585150e-05,-8.898319936e-05,-1.410656565e-04,-9.835781465e-05,-2.228557498e-05,
1.586624019e-01
l,6.0,3.0
2.750,3.470,4.190,
5.559312895e-11,8.965104206e+00
3.000328888e-06,9.822244635e-07,-2.270183958e-05,-6.135277550e-05,-9.142140114e-05,-1.153360504e-04,-1.295380363e-04,-9.443396595e-05,-2.929284080e-05,
3.095742700e-07,-1.500731545e-06,7.435443393e-07,-3.560923501e-05,-1.659214872e-04,-4.973116130e-04,-7.822810642e-04,-5.338444707e-04,-1.144775341e-04,
1.586925142e-01
l,6.0,4.0
2.830,3.550,4.290,
2.759505946e-12,1.321062599e+01
1.741631968e-05,9.429683339e-06,-1.412238050e-04,-5.988263050e-04,-1.966900064e-03,-5.173901881e-03,-8.637888554e-03,-7.744467391e-03,-2.829188448e-03,
1.797483744e-06,-8.723730192e-06,4.908631078e-06,-2.029617534e-04,-9.520474244e-04,-2.891554273e-03,-4.598418726e-03,-3.181555579e-03,-7.054154303e-04,
1.586925834e-01
l,6.0,5.0
2.930,3.650,4.370,
3.371990655e-11,1.210686707e+01
1.019108968e-04,5.864039068e-05,-7.844808733e-04,-2.985085091e-03,-8.245365790e-03,-1.949081923e-02,-3.118034091e-02,-2.744382780e-02,-9.920172179e-03,
1.149781340e-05,-5.585223209e-05,1.752618643e-05,-1.471039303e-03,-7.244085409e-03,-2.255497148e-02,-3.769839671e-02,-2.873698265e-02,-7.698144316e-03,
1.587235036e-01
l,6.0,6.0
3.030,3.750,4.470,
1.614956167e-10,1.191098254e+01
5.971645005e-04,3.563753448e-04,-4.819711801e-03,-1.936516734e-02,-5.476298803e-02,-1.257543121e-01,-1.929877154e-01,-1.641098234e-01,-5.778473533e-02,
6.672680280e-05,-3.245026264e-04,1.385460691e-04,-8.179153018e-03,-3.992075150e-02,-1.242822407e-01,-2.059783244e-01,-1.528418151e-01,-3.852811036e-02,
1.587855129e-01
l,7.0,-7.0
2.410,3.070,3.790,
5.529752941e-19,8.176725272e+00
3.915884984e-15,6.230250861e-16,-2.594795280e-14,4.376007861e-15,4.499679317e-13,1.843705659e-12,3.597070835e-12,3.488055452e-12,1.340720810e-12,
3.844318338e-16,-1.853936304e-15,9.331345408e-16,-4.287723825e-14,-1.950422939e-13,-5.701036910e-13,-8.635014393e-13,-5.559077949e-13,-1.059119459e-13,
1.585385972e-01
l,7.0,-6.0
2.450,3.150,3.870,
3.541096288e-18,7.816255491e+00
2.438777939e-14,5.304422749e-15,-1.811121267e-13,-4.288308486e-13,-6.886569577e-13,-1.618269854e-12,-3.309056401e-12,-3.544037307e-12,-1.462587882e-12,
2.465448359e-15,-1.190316043e-14,4.732450812e-15,-2.881756362e-13,-1.320107056e-12,-3.857098693e-12,-5.907840019e-12,-3.916768419e-12,-8.037344307e-13,
1.586004252e-01
l,7.0,-5.0
2.550,3.230,3.970,
2.311369226e-17,7.531552396e+00
1.501271980e-13,4.536617968e-14,-1.073841797e-12,-1.576799935e-12,7.439691142e-12,4.115366011e-11,8.772377827e-11,8.889676295e-11,3.509411155e-11,
1.433990058e-14,-6.932623413e-14,4.324259380e-14,-1.509691268e-12,-6.688364161e-12,-1.935213694e-11,-2.867524142e-11,-1.742102031e-11,-2.755951995e-12,
1.585695618e-01
l,7.0,-4.0
2.610,3.330,4.050,
5.154632079e-17,8.288914369e+00
9.227736847e-13,1.798916005e-13,-6.635804867e-12,-1.318873477e-11,-6.251371295e-12,4.212460987e-12,-9.979278933e-12,-2.994128700e-11,-1.727277695e-11,
9.187873106e-14,-4.446447795e-13,1.959773697e-13,-1.071423986e-11,-4.954453171e-11,-1.465336289e-10,-2.267295673e-10,-1.525624676e-10,-3.246684021e-11,
1.586314095e-01
l,7.0,-3.0
2.710,3.410,4.150,
4.470075824e-16,7.709887700e+00
5.590504188e-12,1.669965413e-12,-4.179865180e-11,-1.057099355e-10,-9.217314068e-11,1.469242478e-10,5.582581928e-10,6.553331560e-10,2.756451596e-10,
5.338005817e-13,-2.586490287e-12,1.640185997e-12,-5.642180835e-11,-2.508956471e-10,-7.299887519e-10,-1.089766252e-09,-6.704109156e-10,-1.099397852e-10,
1.586004641e-01
l,7.0,-2.0
2.770,3.490,4.230,
4.050501397e-16,9.279524469e+00
3.351396938e-11,1.515096375e-11,-2.482420279e-10,-8.141932241e-10,-1.899424264e-09,-4.155254946e-09,-6.710573926e-09,-6.123850843e-09,-2.292756776e-09,
3.417246582e-12,-1.657358266e-11,6.439712644e-12,-4.136165208e-10,-1.951010578e-09,-5.869259757e-09,-9.330696859e-09,-6.618631565e-09,-1.587423693e-09,
1.586623864e-01
l,7.0,-1.0
2.850,3.570,4.330,
1.504716830e-14,7.303119407e+00
1.989963055e-10,1.161745175e-10,-1.493782747e-09,-5.623843390e-09,-1.313640567e-08,-2.135253608e-08,-2.098580431e-08,-1.025663246e-08,-1.591805252e-09,
1.982942002e-11,-9.628058335e-11,5.157170316e-11,-2.262077249e-09,-1.058776195e-08,-3.207005988e-08,-5.094102764e-08,-3.573363720e-08,-8.381206083e-09,
1.586004578e-01
l,7.0,0.0
2.930,3.670,4.430,
2.217352271e-14,8.334352732e+00
1.186254983e-09,6.329525776e-10,-9.067171189e-09,-3.411328523e-08,-8.301625115e-08,-1.494746766e-07,-1.752736448e-07,-1.138732614e-07,-3.041012941e-08,
1.150711566e-10,-5.593211312e-10,3.436692032e-10,-1.264715105e-08,-5.822725562e-08,-1.750261609e-07,-2.733392488e-07,-1.846228190e-07,-3.973428892e-08,
1.586314748e-01
l,7.0,1.0
3.070,3.770,4.510,
8.543802341e-14,8.555693979e+00
7.017331161e-09,3.646032388e-09,-5.001935785e-08,-1.509754342e-07,-1.750557892e-07,1.822321810e-07,9.508138562e-07,1.230598454e-06,5.491705754e-07,
7.356283520e-10,-3.578580813e-09,1.257128266e-09,-9.188752558e-08,-4.417843720e-07,-1.350988514e-06,-2.201080813e-06,-1.625514802e-06,-4.191330614e-07,
1.586624138e-01
l,7.0,2.0
3.110,3.850,4.610,
3.838279495e-15,1.259831501e+01
4.065665138e-08,2.855028163e-08,-3.013962392e-07,-1.388755912e-06,-4.646731876e-06,-1.171318553e-05,-1.846745541e-05,-1.570452348e-05,-5.478667592e-06,
4.264209401e-09,-2.076443294e-08,7.952743708e-09,-5.340522237e-07,-2.606110137e-06,-8.102817110e-06,-1.341302301e-05,-1.014911229e-05,-2.741348185e-06,
1.586624019e-01
l,7.0,3.0
3.210,3.950,4.710,
1.238683157e-13,1.080107526e+01
2.371680949e-07,1.651958509e-07,-1.779967157e-06,-8.110755782e-06,-2.560230479e-05,-5.975192134e-05,-8.822932280e-05,-7.131054811e-05,-2.390267627e-05,
2.470653431e-08,-1.204214778e-07,5.294360071e-08,-3.023399699e-06,-1.466740891e-05,-4.553079462e-05,-7.497915362e-05,-5.600604899e-05,-1.474920595e-05,
1.586615256e-01
l,7.0,4.0
3.310,4.050,4.810,
6.111637209e-13,1.064398600e+01
1.374683052e-06,9.711001595e-07,-1.022500663e-05,-4.552309267e-05,-1.367323075e-04,-3.040628538e-04,-4.330594778e-04,-3.404574771e-04,-1.114834897e-04,
1.431122408e-07,-6.981714710e-07,3.126997881e-07,-1.755946070e-05,-8.543815499e-05,-2.663489355e-04,-4.406433893e-04,-3.311078759e-04,-8.801792139e-05,
1.586925834e-01
l,7.0,5.0
3.410,4.150,4.910,
4.332175689e-13,1.206952056e+01
7.917597941e-06,5.785858810e-06,-5.995497659e-05,-2.797864850e-04,-8.776692393e-04,-2.005421608e-03,-2.905824803e-03,-2.313756624e-03,-7.654831662e-04,
8.284555947e-07,-4.045122931e-06,1.931366576e-06,-1.008648873e-04,-4.920744270e-04,-1.540380195e-03,-2.555131593e-03,-1.920241060e-03,-5.087703487e-04,
1.586925634e-01
l,7.0,6.0
3.530,4.270,5.010,
8.301480482e-13,1.266958465e+01
4.610295946e-05,2.598430092e-05,-3.601702975e-04,-1.501677187e-03,-4.503559282e-03,-1.056065260e-02,-1.602787181e-02,-1.332368556e-02,-4.570753531e-03,
4.794762460e-06,-2.343113143e-05,1.205057106e-05,-5.700659562e-04,-2.736547904e-03,-8.475080263e-03,-1.386646798e-02,-1.010711342e-02,-2.500489284e-03,
1.587235417e-01
l,7.0,7.0
3.630,4.370,5.110,
1.743676569e-12,1.314790996e+01
2.639816084e-04,1.624455765e-04,-2.118299389e-03,-9.355627338e-03,-2.887321895e-02,-6.732723320e-02,-1.006428522e-01,-8.251793269e-02,-2.799690093e-02,
2.773435593e-05,-1.356450551e-04,7.739161253e-05,-3.233466703e-03,-1.554784423e-02,-4.844735872e-02,-7.958018013e-02,-5.789186394e-02,-1.414647339e-02,
1.587234944e-01
l,8.0,-8.0
2.810,3.470,4.210,
1.585180877e-21,8.508621593e+00
5.482313879e-17,1.926622414e-17,-3.700126760e-16,-2.476848073e-16,5.542472753e-15,2.637796627e-14,5.487644757e-14,5.503670318e-14,2.156973986e-14,
5.347262133e-18,-2.592811700e-17,1.369698338e-17,-5.979716018e-16,-2.719198485e-15,-7.998987619e-15,-1.223031573e-14,-8.002629246e-15,-1.592921481e-15,
1.585385478e-01
l,8.0,-7.0
2.850,3.570,4.290,
2.922448888e-21,9.384213892e+00
3.418444981e-16,7.172905091e-17,-2.436420452e-15,-5.305004046e-15,-6.888769228e-15,-1.884185368e-14,-4.925565886e-14,-6.040228337e-14,-2.692045427e-14,
3.422250244e-17,-1.660916560e-16,6.338927543e-17,-4.151558171e-15,-1.951942919e-14,-5.840360653e-14,-9.203419017e-14,-6.434807962e-14,-1.498507852e-14,
1.586004779e-01
l,8.0,-6.0
2.970,3.650,4.390,
4.395859200e-20,8.370388909e+00
2.100842032e-15,5.659757062e-16,-1.518746638e-14,-3.002328274e-14,4.087010629e-14,3.478010324e-13,7.892864272e-13,8.113709256e-13,3.195291443e-13,
1.985979252e-16,-9.649074158e-16,5.962840751e-16,-2.126896140e-14,-9.446282738e-14,-2.743143474e-13,-4.089434809e-13,-2.516718226e-13,-4.149878598e-14,
1.586004797e-01
l,8.0,-5.0
3.010,3.730,4.470,
2.348974933e-20,1.030869906e+01
1.278228960e-14,4.972331791e-15,-9.510337509e-14,-3.119351146e-13,-8.140123506e-13,-2.112401328e-12,-3.857699767e-12,-3.800841836e-12,-1.496895403e-12,
1.269312381e-15,-6.172252882e-15,2.915642130e-15,-1.483461195e-13,-6.914191098e-13,-2.073831553e-12,-3.268518546e-12,-2.270264533e-12,-5.201368373e-13,
1.585695618e-01
l,8.0,-4.0
3.130,3.810,4.570,
7.052718188e-19,8.692639830e+00
7.713859933e-14,3.717186736e-14,-5.690346446e-13,-1.776325819e-12,-2.170264466e-12,2.412695691e-12,1.241571875e-11,1.575233673e-11,6.855003981e-12,
7.360657132e-15,-3.582851187e-14,2.183868108e-14,-8.088861816e-13,-3.694397547e-12,-1.102776603e-11,-1.707408492e-11,-1.138186023e-11,-2.384962674e-12,
1.586004873e-01
l,8.0,-3.0
3.210,3.910,4.650,
3.952631688e-19,1.046436203e+01
4.664169983e-13,1.937029749e-13,-3.307011570e-12,-8.850365525e-12,-5.950855612e-12,2.526341917e-11,7.701300814e-11,8.614401581e-11,3.541313169e-11,
4.703902211e-14,-2.291428040e-13,9.015210391e-14,-5.736901166e-12,-2.703874220e-11,-8.150457749e-11,-1.300232856e-10,-9.272354460e-11,-2.244944403e-11,
1.586623872e-01
l,8.0,-2.0
3.230,3.990,4.750,
3.832138469e-17,7.957406649e+00
2.768761999e-12,1.526773779e-12,-2.096361700e-11,-8.660487963e-11,-2.644617220e-10,-6.349576137e-10,-9.832961892e-10,-8.309749565e-10,-2.881053317e-10,
2.723862122e-13,-1.328117524e-12,7.088080149e-13,-3.150035746e-11,-1.478965148e-10,-4.496750872e-10,-7.175566782e-10,-5.075607859e-10,-1.211571286e-10,
1.586004634e-01
l,8.0,-1.0
3.350,4.090,4.850,
7.638721498e-19,1.252252916e+01
1.650754013e-11,8.130770164e-12,-1.289663652e-10,-5.585120860e-10,-1.903669629e-09,-4.988305088e-09,-8.078563709e-09,-6.985595247e-09,-2.465212748e-09,
1.577515416e-12,-7.698594732e-12,4.739896154e-12,-1.750638489e-10,-8.057426405e-10,-2.426165722e-09,-3.798310498e-09,-2.578540986e-09,-5.620029377e-10,
1.586313801e-01
l,8.0,0.0
3.450,4.190,4.950,
3.079202961e-16,8.832375738e+00
9.766958770e-11,4.391468609e-11,-7.553384397e-10,-2.942654476e-09,-8.252308846e-09,-1.787471409e-08,-2.496849812e-08,-1.922589222e-08,-6.168717448e-09,
9.132252450e-12,-4.460528069e-11,3.009801438e-11,-9.838979104e-10,-4.460494459e-09,-1.332801588e-08,-2.052887936e-08,-1.342946123e-08,-2.666100378e-09,
1.586624757e-01
l,8.0,1.0
3.550,4.290,5.030,
4.470664385e-15,7.897690859e+00
5.736837116e-10,2.534366322e-10,-4.148821197e-09,-1.363420783e-08,-2.701265398e-08,-3.720907111e-08,-2.975284177e-08,-8.949516875e-09,1.128661035e-09,
5.826060508e-11,-2.847534239e-10,1.183469874e-10,-7.151979205e-09,-3.410556460e-08,-1.041753769e-07,-1.687197126e-07,-1.228236709e-07,-3.077782177e-08,
1.586624138e-01
l,8.0,2.0
3.610,4.370,5.130,
2.840280030e-15,9.464176701e+00
3.306378060e-09,2.107524475e-09,-2.379982787e-08,-9.729621507e-08,-2.624715836e-07,-5.300812511e-07,-7.012536292e-07,-5.214575046e-07,-1.635714220e-07,
3.369594717e-10,-1.648222544e-09,7.198137507e-10,-4.157896277e-08,-2.009989866e-07,-6.229929819e-07,-1.025273326e-06,-7.669374727e-07,-2.030876827e-07,
1.586615317e-01
l,8.0,3.0
3.710,4.470,5.230,
1.073419808e-15,1.132305710e+01
1.915953973e-08,1.212547972e-08,-1.402998526e-07,-6.120938427e-07,-1.894912206e-06,-4.447731581e-06,-6.662903880e-06,-5.451669882e-06,-1.838333215e-06,
1.948128898e-09,-9.536448496e-09,4.291605772e-09,-2.404239403e-07,-1.167684048e-06,-3.639775673e-06,-6.016871643e-06,-4.521180549e-06,-1.204364530e-06,
1.586615256e-01
l,8.0,4.0
3.810,4.570,5.330,
8.853679609e-17,1.423716208e+01
1.103195970e-07,7.165692524e-08,-8.214179080e-07,-3.798488295e-06,-1.262205589e-05,-3.119335099e-05,-4.824698586e-05,-4.027285777e-05,-1.375832284e-05,
1.126118079e-08,-5.516594484e-08,2.496920868e-08,-1.389564468e-06,-6.736625059e-06,-2.095752707e-05,-3.457595728e-05,-2.588554547e-05,-6.844609524e-06,
1.586925834e-01
l,8.0,5.0
3.930,4.670,5.430,
4.397653996e-15,1.241889211e+01
6.308019920e-07,4.263911351e-07,-4.616948621e-06,-2.101987812e-05,-6.657132211e-05,-1.559059620e-04,-2.308627606e-04,-1.869687289e-04,-6.274493945e-05,
6.505972695e-08,-3.189375124e-07,1.390459680e-07,-8.149917917e-06,-3.992816350e-05,-1.253031909e-04,-2.090025815e-04,-1.591213666e-04,-4.324636377e-05,
1.586925634e-01
l,8.0,6.0
4.030,4.770,5.530,
1.624996575e-14,1.248323135e+01
3.584324077e-06,2.587283193e-06,-2.598143716e-05,-1.195898496e-04,-3.688690726e-04,-8.294507004e-04,-1.185664805e-03,-9.338382617e-04,-3.062970466e-04,
3.757442504e-07,-1.843235388e-06,7.843459478e-07,-4.751826482e-05,-2.344468122e-04,-7.395414383e-04,-1.242842919e-03,-9.568581355e-04,-2.644907337e-04,
1.586925471e-01
l,8.0,7.0
4.130,4.870,5.630,
8.872362312e-15,1.388888872e+01
2.023681009e-05,1.576979863e-05,-1.446203645e-04,-6.884206802e-04,-2.173840164e-03,-4.968178381e-03,-7.190377771e-03,-5.719998024e-03,-1.891495651e-03,
2.169362898e-06,-1.064892644e-05,4.194740451e-06,-2.807657138e-04,-1.406102627e-03,-4.484031907e-03,-7.641811839e-03,-6.007799484e-03,-1.714291335e-03,
1.586925543e-01
l,8.0,8.0
4.230,4.970,5.730,
2.472774828e-15,1.571770357e+01
1.137357976e-04,9.728232589e-05,-8.020540876e-04,-3.994448459e-03,-1.303469394e-02,-3.059807404e-02,-4.530472133e-02,-3.675330913e-02,-1.236262126e-02,
1.252100214e-05,-6.150238715e-05,2.323275241e-05,-1.645644639e-03,-8.344875910e-03,-2.686767975e-02,-4.637637842e-02,-3.712088354e-02,-1.086562390e-02,
1.586925600e-01
l,9.0,-9.0
3.210,3.910,4.630,
1.177116618e-22,6.247246486e+00
7.680619108e-19,8.175768268e-20,-5.585352415e-18,-1.206548247e-17,-1.683117433e-17,-3.939448887e-17,-8.389153166e-17,-9.270297539e-17,-3.964138473e-17,
7.365201815e-20,-3.587151862e-19,1.923031844e-19,-8.308650065e-18,-3.773269757e-17,-1.108326743e-16,-1.687162106e-16,-1.090314559e-16,-2.079332161e-17,
1.585695444e-01
l,9.0,-8.0
3.250,3.970,4.710,
7.825723322e-26,1.360270128e+01
4.709176864e-18,1.896000936e-18,-3.529865010e-17,-1.318021878e-16,-4.578188078e-16,-1.445581278e-15,-2.848385912e-15,-2.893804102e-15,-1.158149610e-15,
4.703001767e-19,-2.292277808e-18,9.771212740e-19,-5.668422221e-17,-2.676301234e-16,-8.097231857e-16,-1.293409081e-15,-9.227918818e-16,-2.238908886e-16,
1.585385478e-01
l,9.0,-7.0
3.370,4.050,4.810,
1.274424264e-22,8.765400191e+00
2.882917002e-17,1.317143769e-17,-2.034389251e-16,-4.819750011e-16,6.172146242e-16,6.391409143e-15,1.542449023e-14,1.634398865e-14,6.543515473e-15,
2.724738246e-18,-1.329260255e-17,7.976027501e-18,-3.021057951e-16,-1.377795852e-15,-4.106835649e-15,-6.350693106e-15,-4.231507749e-15,-8.875953930e-16,
1.586005324e-01
l,9.0,-6.0
3.450,4.150,4.890,
1.546689164e-23,1.166986151e+01
1.766876979e-16,6.264061498e-17,-1.234112630e-15,-2.660935459e-15,3.172409670e-15,3.002139657e-14,6.868213902e-14,7.054026757e-14,2.777727840e-14,
1.738757790e-17,-8.488422743e-17,4.191939774e-17,-2.024342561e-15,-9.377864811e-15,-2.809927791e-14,-4.426482170e-14,-3.062691770e-14,-6.927541594e-15,
1.585695091e-01
l,9.0,-5.0
3.590,4.250,4.990,
5.102092055e-22,1.024604455e+01
1.074075047e-15,2.729391598e-16,-7.124977258e-15,-2.940033268e-15,1.270808077e-13,6.090885882e-13,1.296641158e-12,1.327986822e-12,5.290827479e-13,
1.006401552e-16,-4.917265196e-16,3.164722367e-16,-1.084705193e-14,-4.841712662e-14,-1.420763902e-13,-2.146251509e-13,-1.350045864e-13,-2.368094727e-14,
1.586004779e-01
l,9.0,-4.0
3.610,4.310,5.070,
2.081307445e-22,1.200760851e+01
6.364730927e-15,3.760108851e-15,-4.332505097e-14,-1.338893558e-13,-1.038428967e-13,4.686441843e-13,1.505593661e-12,1.728401807e-12,7.200526313e-13,
6.418423768e-16,-3.138063306e-15,1.353012155e-15,-7.882703816e-14,-3.793790386e-13,-1.170890024e-12,-1.917506597e-12,-1.426257424e-12,-3.749616962e-13,
1.585695167e-01
l,9.0,-3.0
3.710,4.430,5.170,
8.328633019e-19,6.985170297e+00
3.864411978e-14,1.194380871e-14,-2.825569113e-13,-8.307940392e-13,-1.377024417e-12,-1.232444143e-12,2.527893013e-13,1.517572048e-12,8.701049626e-13,
3.712371542e-15,-1.816450220e-14,1.036422684e-14,-4.207579593e-13,-1.935205241e-12,-5.796072736e-12,-9.055108120e-12,-6.124511041e-12,-1.310463882e-12,
1.586004641e-01
l,9.0,-2.0
3.750,4.510,5.270,
1.909593479e-18,7.561565599e+00
2.279976880e-13,1.047117672e-13,-1.668455656e-12,-5.537176267e-12,-9.457564621e-12,-5.914654922e-12,9.231288499e-12,1.826640037e-11,8.789332774e-12,
2.146406047e-14,-1.051016651e-13,6.584036715e-14,-2.399595754e-12,-1.108387735e-11,-3.353141631e-11,-5.269856714e-11,-3.600561171e-11,-7.968958459e-12,
1.586313856e-01
l,9.0,-1.0
3.870,4.590,5.350,
1.192221807e-17,7.376531040e+00
1.335071051e-12,8.339247066e-13,-9.301422949e-12,-3.672241132e-11,-9.131725190e-11,-1.562948662e-10,-1.592986617e-10,-8.135574435e-11,-1.427004173e-11,
1.368281255e-13,-6.703855989e-13,2.346138148e-13,-1.757516436e-11,-8.560572850e-11,-2.656054733e-10,-4.396667554e-10,-3.340156022e-10,-9.110523025e-11,
1.586623809e-01
l,9.0,0.0
3.990,4.690,5.450,
1.724242809e-18,9.883647219e+00
7.858066628e-12,4.623351293e-12,-5.503706150e-11,-2.022802000e-10,-4.034124142e-10,-3.923778062e-10,8.565734058e-11,5.009913902e-10,2.872446762e-10,
7.901408940e-13,-3.873983260e-12,1.780898880e-12,-9.680326269e-11,-4.667451463e-10,-1.447779051e-09,-2.382439239e-09,-1.779403243e-09,-4.696364428e-10,
1.586005526e-01
l,9.0,1.0
4.010,4.770,5.550,
1.661227554e-16,7.746081778e+00
4.523355995e-11,3.479668880e-11,-3.096562912e-10,-1.390190961e-09,-3.929252023e-09,-7.819618488e-09,-9.886147455e-09,-6.996183768e-09,-2.099933563e-09,
4.563053366e-12,-2.238728862e-11,1.051142775e-11,-5.679762778e-10,-2.797348218e-09,-8.835201173e-09,-1.478867465e-08,-1.135269792e-08,-3.152437371e-09,
1.586004907e-01
l,9.0,2.0
4.110,4.870,5.650,
5.757733521e-18,1.118881929e+01
2.627842943e-10,1.985586902e-10,-1.886251566e-09,-9.461796526e-09,-3.250577662e-08,-7.940763633e-08,-1.201725320e-07,-9.861592205e-08,-3.331439708e-08,
2.634307960e-11,-1.293286348e-10,6.570752848e-11,-3.227646434e-09,-1.584091851e-08,-4.998350581e-08,-8.332273963e-08,-6.336969822e-08,-1.730280889e-08,
1.586004244e-01
l,9.0,3.0
4.210,4.970,5.750,
1.665294175e-20,1.623512077e+01
1.517479031e-09,1.156832816e-09,-1.090174321e-08,-5.638375014e-08,-2.049758912e-07,-5.309616833e-07,-8.411060963e-07,-7.124894631e-07,-2.459204613e-07,
1.520343204e-10,-7.468648079e-10,3.914813720e-10,-1.851242311e-08,-9.061946746e-08,-2.861091722e-07,-4.779129099e-07,-3.643620378e-07,-9.983635619e-08,
1.586004183e-01
l,9.0,4.0
4.330,5.090,5.850,
9.521169563e-17,1.132556554e+01
8.827070630e-09,5.140128194e-09,-6.452230691e-08,-2.735431085e-07,-7.946530332e-07,-1.712649400e-06,-2.366355421e-06,-1.809625443e-06,-5.781663036e-07,
8.773449422e-10,-4.312543386e-09,2.251757797e-09,-1.058934686e-07,-5.112747291e-07,-1.596036912e-06,-2.631178520e-06,-1.957243511e-06,-5.106233657e-07,
1.586314642e-01
l,9.0,5.0
4.430,5.190,5.950,
2.191288240e-17,1.328043366e+01
5.030231165e-08,3.095950568e-08,-3.672294386e-07,-1.632906360e-06,-5.128144482e-06,-1.205216240e-05,-1.799454543e-05,-1.466977499e-05,-4.931697330e-06,
5.060426683e-09,-2.488880232e-08,1.265559449e-08,-6.162162219e-07,-2.987450961e-06,-9.353712633e-06,-1.551992435e-05,-1.167478152e-05,-3.104778954e-06,
1.586314441e-01
l,9.0,6.0
4.490,5.270,6.050,
2.049732937e-15,1.123237632e+01
2.796869012e-07,2.382585837e-07,-1.846428071e-06,-8.850577158e-06,-2.614723790e-05,-5.303446063e-05,-6.702900945e-05,-4.670056567e-05,-1.364091754e-05,
2.919090129e-08,-1.436513154e-07,5.584398260e-08,-3.836604960e-06,-1.932081861e-05,-6.185714841e-05,-1.055446585e-04,-8.348288279e-05,-2.422753828e-05,
1.586925471e-01
l,9.0,7.0
4.610,5.370,6.150,
3.861732117e-18,1.627543609e+01
1.570193945e-06,1.436681613e-06,-9.978204441e-06,-4.946183133e-05,-1.539382930e-04,-3.375853537e-04,-4.649641681e-04,-3.520156647e-04,-1.111909720e-04,
1.682763333e-07,-8.285568828e-07,2.807538970e-07,-2.270169481e-05,-1.155595895e-04,-3.722926114e-04,-6.422596119e-04,-5.170933800e-04,-1.539653153e-04,
1.586925543e-01
l,9.0,8.0
4.710,5.470,6.250,
1.742313750e-16,1.470327659e+01
8.747514585e-06,8.658238093e-06,-5.258817283e-05,-2.639878230e-04,-8.092261580e-04,-1.739851860e-03,-2.360376040e-03,-1.770406387e-03,-5.562283597e-04,
9.696147338e-07,-4.776703314e-06,1.383997755e-06,-1.344819844e-04,-6.951780164e-04,-2.260837677e-03,-3.951248257e-03,-3.241805769e-03,-9.900886417e-04,
1.586615714e-01
l,9.0,9.0
4.810,5.570,6.350,
1.191649896e-15,1.435603979e+01
4.842664930e-05,5.251590307e-05,-2.637034479e-04,-1.309057118e-03,-3.861350916e-03,-8.167319147e-03,-1.114372103e-02,-8.492686121e-03,-2.717230056e-03,
5.586638684e-06,-2.753618449e-05,5.978327419e-06,-8.031237878e-04,-4.212494398e-03,-1.381738519e-02,-2.448584603e-02,-2.051379968e-02,-6.441981730e-03,
1.586615615e-01
