l,0.0,-0.0
0.091,1.071,2.071,
4.792322534e-01,1.819228721e+00
2.502750978e-02,-2.613221453e-02,2.919377841e-02,2.172313453e-01,9.910681559e-01,2.769000106e+00,4.279151372e+00,3.554215681e+00,1.193729805e+00,
7.090203022e-03,-1.007345385e-02,-1.243456348e-02,-1.604145341e-01,-6.009301493e-01,-1.226524143e+00,-1.395227000e+00,-8.339889137e-01,-2.044720283e-01,
1.589582954e-01
l,1.0,-1.0
0.311,1.551,2.791,
4.747570390e-02,3.174903243e+00
5.130706821e-03,-5.274652100e-03,3.290454870e-03,1.384370008e-03,-6.076919334e-02,-1.972733631e-01,-2.852656088e-01,-1.849642489e-01,-4.371450189e-02,
9.938945762e-04,-1.500153143e-03,-1.093986309e-03,-1.589580790e-02,-5.135997779e-02,-9.136852194e-02,-8.972503668e-02,-4.582356814e-02,-9.512188437e-03,
1.586617850e-01
l,1.0,0.0
0.371,1.251,2.171,
8.326834433e-02,3.053904410e+00
1.920014061e-02,-1.491749934e-02,3.333217184e-02,1.681457286e-01,7.859699639e-02,-4.773925684e-01,-1.418423928e+00,-1.485556306e+00,-5.199191501e-01,
6.150005635e-03,-8.831733962e-03,-1.623331283e-02,-2.121032255e-01,-9.227524385e-01,-2.190431997e+00,-2.907700593e+00,-2.025323663e+00,-5.764372026e-01,
1.590514168e-01
l,1.0,1.0
0.391,1.411,2.431,
5.108588968e-01,4.008113958e+00
4.369693995e-02,-5.259326730e-02,5.348875352e-02,-1.012922915e-01,-1.929154474e+00,-7.319104190e+00,-1.309823445e+01,-1.065024998e+01,-3.178729464e+00,
1.051907509e-02,-1.580920985e-02,-1.906963074e-02,-2.694413796e-01,-1.058194236e+00,-2.280027924e+00,-2.719767415e+00,-1.692161769e+00,-4.282938783e-01,
1.587857398e-01
l,2.0,-2.0
0.631,1.931,3.251,
1.672812098e-03,3.958903852e+00
1.208608970e-03,-1.340849688e-03,-1.088435075e-03,-8.101579527e-03,-2.929726657e-02,-4.859796393e-02,-4.774039883e-02,-2.530504683e-02,-5.364234966e-03,
1.990975306e-04,-3.099157561e-04,-1.416723754e-04,-2.388893782e-03,-6.467910193e-03,-9.664322092e-03,-7.837267129e-03,-3.254467632e-03,-5.432226262e-04,
1.585388055e-01
l,2.0,-1.0
0.691,1.831,2.991,
3.172462270e-03,4.324230009e+00
3.401735099e-03,-3.164917957e-03,1.754339349e-03,2.769302587e-02,1.051030074e-01,2.455945411e-01,2.837433886e-01,1.552033895e-01,3.270312799e-02,
7.343666676e-04,-1.125066901e-03,-8.257292794e-04,-1.178696900e-02,-3.706064449e-02,-6.446111372e-02,-6.249356512e-02,-3.183350788e-02,-6.686504907e-03,
1.589100820e-01
l,2.0,0.0
0.731,1.911,3.091,
6.067426595e-03,4.324459772e+00
7.817857899e-03,-8.101335159e-03,7.378226027e-03,6.671367775e-02,2.290376650e-01,4.938547576e-01,5.230696154e-01,2.607002371e-01,4.993345444e-02,
1.550235942e-03,-2.396433994e-03,-1.654545290e-03,-2.549046681e-02,-8.316291577e-02,-1.507829895e-01,-1.517910272e-01,-7.999133205e-02,-1.726608419e-02,
1.586618033e-01
l,2.0,1.0
0.771,1.751,2.751,
1.799812584e-02,5.116496772e+00
2.481883951e-02,-2.366995692e-02,1.628354819e-02,2.479652414e-01,8.606474133e-01,2.274377571e+00,3.062622714e+00,1.903659792e+00,4.421019205e-01,
6.487316838e-03,-9.910093553e-03,-1.147767591e-02,-1.584772192e-01,-5.976706371e-01,-1.237395083e+00,-1.428728581e+00,-8.660460199e-01,-2.156199961e-01,
1.590203401e-01
l,2.0,2.0
0.791,1.831,2.891,
6.312328917e-02,6.211121500e+00
6.256034225e-02,-8.018980481e-02,9.816351492e-02,7.186160484e-01,2.863937100e+00,7.083999401e+00,7.797369162e+00,3.586292457e+00,5.059682151e-01,
1.307973713e-02,-2.054402621e-02,-2.111773079e-02,-3.105382071e-01,-1.139207791e+00,-2.302125316e+00,-2.572620809e+00,-1.503510139e+00,-3.591152221e-01,
1.587857424e-01
l,3.0,-3.0
0.991,2.311,3.631,
6.669355991e-05,8.659350383e+00
2.811370068e-04,-3.059689484e-04,-3.052126569e-04,-2.667905763e-03,-1.101405789e-02,-2.036033868e-02,-2.095374090e-02,-1.135622719e-02,-2.477650893e-03,
4.449342776e-05,-7.066527837e-05,-3.421123590e-05,-5.872781263e-04,-1.659532934e-03,-2.605961217e-03,-2.237520521e-03,-9.933086768e-04,-1.792873884e-04,
1.585387644e-01
l,3.0,-2.0
1.091,2.291,3.531,
9.423788226e-05,5.029290504e+00
6.985556101e-04,-6.446628413e-04,3.213183789e-04,5.273897256e-03,1.883710270e-02,4.410653157e-02,5.264803545e-02,3.003995076e-02,6.615958776e-03,
1.285644370e-04,-2.032220338e-04,-1.295874688e-04,-2.004925007e-03,-6.123278485e-03,-1.036618964e-02,-9.711441453e-03,-4.752543348e-03,-9.550276895e-04,
1.588480165e-01
l,3.0,-1.0
1.151,2.371,3.611,
1.572220769e-04,5.124092161e+00
1.554333954e-03,-1.497018375e-03,9.156442199e-04,1.254980418e-02,4.325153375e-02,9.792538632e-02,1.139884484e-01,6.366279109e-02,1.374526876e-02,
2.785508979e-04,-4.421869518e-04,-2.671812371e-04,-4.338023963e-03,-1.343727769e-02,-2.316965626e-02,-2.211681666e-02,-1.103025344e-02,-2.256041728e-03,
1.586927470e-01
l,3.0,0.0
1.171,2.331,3.511,
2.050237289e-04,7.732931056e+00
3.990419209e-03,-3.494861488e-03,-7.347597955e-05,7.822731395e-03,-2.544467747e-02,-7.354358644e-02,-8.936802668e-02,-5.964978221e-02,-1.655774518e-02,
8.049308995e-04,-1.272877346e-03,-9.350928990e-04,-1.414142380e-02,-4.608927179e-02,-8.326169847e-02,-8.341707650e-02,-4.358583882e-02,-9.318697791e-03,
1.589101003e-01
l,3.0,1.0
1.251,2.351,3.511,
5.913913989e-04,5.845555378e+00
9.881063364e-03,-9.345265261e-03,4.279279819e-03,9.122606312e-02,3.585314313e-01,9.414980260e-01,1.264014670e+00,8.085203187e-01,1.987028796e-01,
1.983563699e-03,-3.144526915e-03,-2.202480408e-03,-3.382106132e-02,-1.077236728e-01,-1.904600028e-01,-1.868810404e-01,-9.601741306e-02,-2.031775662e-02,
1.587857398e-01
l,3.0,2.0
1.211,2.251,3.311,
1.691008110e-03,5.476668202e+00
2.918384969e-02,-2.545572799e-02,1.330619558e-02,2.959979522e-01,8.757663261e-01,2.172014233e+00,3.111649140e+00,2.145890723e+00,5.643955724e-01,
6.754294020e-03,-1.070800257e-02,-1.114755159e-02,-1.631089609e-01,-6.061392825e-01,-1.234369095e+00,-1.390889302e+00,-8.168139077e-01,-1.960484162e-01,
1.590203427e-01
l,3.0,3.0
1.231,2.311,3.391,
3.925612171e-03,6.768151823e+00
7.625046372e-02,-9.434623114e-02,8.745727599e-02,7.747616842e-01,2.806033343e+00,7.828914847e+00,1.062029336e+01,6.592745399e+00,1.536119449e+00,
1.485801200e-02,-2.407003814e-02,-2.245026231e-02,-3.506127711e-01,-1.278115036e+00,-2.569680252e+00,-2.846877384e+00,-1.645236010e+00,-3.884203924e-01,
1.587857759e-01
l,4.0,-4.0
1.391,2.671,3.991,
1.929983436e-06,6.115832111e+00
6.527295045e-05,-6.071475801e-05,1.292159243e-04,1.053203504e-03,3.308985828e-03,6.178549084e-03,6.201324374e-03,3.105824934e-03,6.142206872e-04,
1.016133080e-05,-1.638968484e-05,-7.752454534e-06,-1.422902804e-04,-4.309744035e-04,-7.417817695e-04,-7.092146890e-04,-3.541674769e-04,-7.224579428e-05,
1.585696916e-01
l,4.0,-3.0
1.451,2.711,3.971,
5.638322122e-07,1.031313175e+01
1.483339001e-04,-1.432553660e-04,-1.971754749e-04,-9.509031929e-04,-4.286379699e-03,-7.712085972e-03,-7.391454590e-03,-3.818850176e-03,-8.275693708e-04,
2.586743655e-05,-4.169135536e-05,-1.234761392e-05,-2.680326104e-04,-6.681448647e-04,-9.337434991e-04,-7.025163338e-04,-2.639031106e-04,-3.894597626e-05,
1.588169382e-01
l,4.0,-2.0
1.571,2.791,4.051,
3.559510828e-06,6.428413894e+00
3.224296088e-04,-2.828789297e-04,1.692891717e-04,2.731951792e-03,7.974711919e-03,1.639649997e-02,1.882809425e-02,1.062591488e-02,2.326456381e-03,
5.592838389e-05,-9.042445028e-05,-3.680143282e-05,-7.216582209e-04,-2.109736168e-03,-3.526446236e-03,-3.295299813e-03,-1.617501609e-03,-3.279592790e-04,
1.587545761e-01
l,4.0,-1.0
1.631,2.831,4.071,
7.610668038e-06,6.009350238e+00
7.399697788e-04,-6.165029584e-04,1.538453418e-04,5.560999065e-03,1.705413380e-02,3.754656553e-02,4.587082992e-02,2.726688271e-02,6.244229581e-03,
1.333792875e-04,-2.158376882e-04,-1.265436197e-04,-2.114533556e-03,-6.561271466e-03,-1.135074374e-02,-1.087005103e-02,-5.429570297e-03,-1.113102083e-03,
1.588790061e-01
l,4.0,0.0
1.651,2.871,4.091,
1.049761461e-05,6.695960395e+00
1.719638007e-03,-1.447314291e-03,3.130789247e-06,6.525627947e-03,5.439934071e-03,8.043419563e-03,1.491119126e-02,1.101660612e-02,2.750478084e-03,
3.177568178e-04,-5.147510778e-04,-3.323570710e-04,-5.441059040e-03,-1.749062107e-02,-3.113838282e-02,-3.053238325e-02,-1.553337439e-02,-3.226288721e-03,
1.588168593e-01
l,4.0,1.0
1.691,2.851,4.051,
2.439667633e-05,6.531738962e+00
4.329807125e-03,-3.401401764e-03,1.533903832e-04,2.964448355e-02,6.959837424e-02,1.372228153e-01,1.746545057e-01,1.108208844e-01,2.696979194e-02,
8.355326356e-04,-1.352766033e-03,-9.264362185e-04,-1.458120208e-02,-4.685466647e-02,-8.391485195e-02,-8.343660048e-02,-4.326411341e-02,-9.191844398e-03,
1.589272369e-01
l,4.0,2.0
1.691,2.851,4.031,
3.980932983e-05,7.310693525e+00
1.102473959e-02,-9.221756979e-03,9.378446019e-04,6.914003850e-02,1.266516012e-01,2.268907919e-01,2.952717135e-01,1.887207821e-01,4.513911518e-02,
2.127018746e-03,-3.449159360e-03,-2.203981350e-03,-3.731888169e-02,-1.234775729e-01,-2.276503332e-01,-2.325284946e-01,-1.237632981e-01,-2.696411640e-02,
1.588479107e-01
l,4.0,3.0
1.711,2.771,3.871,
1.218546158e-04,7.101551625e+00
3.180260956e-02,-2.533528283e-02,3.295770467e-03,2.718856320e-01,6.232992697e-01,1.276912431e+00,1.800186081e+00,1.267224827e+00,3.392534528e-01,
6.831580150e-03,-1.110701755e-02,-1.098050612e-02,-1.632988983e-01,-5.911550133e-01,-1.171528402e+00,-1.279334073e+00,-7.255757885e-01,-1.679813132e-01,
1.589893055e-01
l,4.0,4.0
1.711,2.791,3.911,
3.294009428e-04,7.382496831e+00
8.765597641e-02,-9.914393971e-02,2.847662608e-02,5.727410528e-01,1.354389513e+00,4.251024847e+00,6.982893781e+00,5.027821240e+00,1.323795620e+00,
1.597678517e-02,-2.645314523e-02,-1.830371554e-02,-3.077040024e-01,-1.033154512e+00,-1.964125469e+00,-2.077141349e+00,-1.153238163e+00,-2.635722312e-01,
1.588169181e-01
l,5.0,-5.0
1.771,3.051,4.371,
7.074817584e-08,6.557441692e+00
1.453357982e-05,-1.325672483e-05,1.938679219e-05,1.893251554e-04,5.742193536e-04,1.084478155e-03,1.122462624e-03,5.795136230e-04,1.175919192e-04,
2.228710380e-06,-3.643286046e-06,-1.359126401e-06,-2.825505065e-05,-8.141236700e-05,-1.351820409e-04,-1.253772729e-04,-6.107426776e-05,-1.225173595e-05,
1.586626012e-01
l,5.0,-4.0
1.911,3.131,4.411,
3.808564781e-08,7.948532739e+00
3.103989002e-05,-2.506524996e-05,5.013376003e-05,5.074900081e-04,1.555102904e-03,2.917946057e-03,3.074274997e-03,1.643584568e-03,3.480174673e-04,
5.143490457e-06,-8.418804707e-06,-3.851583417e-06,-7.457601863e-05,-2.309279571e-04,-4.068090512e-04,-3.988800883e-04,-2.043400646e-04,-4.286825560e-05,
1.588479378e-01
l,5.0,-3.0
2.011,3.211,4.491,
5.487728766e-08,7.906406389e+00
6.632831355e-05,-5.344567912e-05,2.826370440e-05,6.140413928e-04,1.805370366e-03,3.621231530e-03,4.184982347e-03,2.421948800e-03,5.471877745e-04,
1.110067965e-05,-1.821446131e-05,-6.136042099e-06,-1.363449164e-04,-3.903001149e-04,-6.451375405e-04,-5.975322255e-04,-2.908937188e-04,-5.864100348e-05,
1.588168879e-01
l,5.0,-2.0
2.031,3.271,4.531,
2.115756325e-07,6.711069988e+00
1.457196049e-04,-9.674049824e-05,1.660320365e-04,1.684165493e-03,3.823416016e-03,5.865630486e-03,5.767624431e-03,3.036527754e-03,6.426747740e-04,
2.559281349e-05,-4.204502470e-05,-2.663100747e-05,-4.477245607e-04,-1.465210247e-03,-2.677567768e-03,-2.705502057e-03,-1.419682329e-03,-3.035497870e-04,
1.588788942e-01
l,5.0,-1.0
2.091,3.331,4.591,
2.009206575e-07,7.569009038e+00
3.245864937e-04,-2.170442104e-04,2.703320283e-04,3.274083337e-03,6.764486411e-03,9.363805920e-03,8.738849059e-03,4.491807142e-03,9.347769730e-04,
5.705822264e-05,-9.390692901e-05,-5.071533477e-05,-9.108648837e-04,-2.900906429e-03,-5.204156575e-03,-5.181091958e-03,-2.685527164e-03,-5.692024786e-04,
1.588478614e-01
l,5.0,0.0
2.151,3.391,4.631,
3.887624105e-07,7.558997733e+00
7.363347104e-04,-5.635247414e-04,-6.746882816e-05,3.944435536e-03,6.591749001e-03,9.317373736e-03,1.079230846e-02,6.620526421e-03,1.548935822e-03,
1.315341096e-04,-2.167521034e-04,-1.311767858e-04,-2.242986088e-03,-7.147190674e-03,-1.264012281e-02,-1.230829281e-02,-6.210304270e-03,-1.278844535e-03,
1.589099706e-01
l,5.0,1.0
2.171,3.391,4.631,
3.461317341e-07,8.664081023e+00
1.783750951e-03,-1.263860226e-03,-4.473016046e-04,8.411009315e-03,8.735611714e-03,2.095833669e-03,4.075124331e-05,4.250249151e-04,1.602668906e-04,
3.237262513e-04,-5.336188146e-04,-3.427283032e-04,-5.655941322e-03,-1.802139646e-02,-3.181979066e-02,-3.093723792e-02,-1.557923093e-02,-3.202101186e-03,
1.588788398e-01
l,5.0,2.0
2.191,3.391,4.611,
1.705580209e-06,7.687647902e+00
4.435097799e-03,-3.143817176e-03,-9.949788924e-04,2.362889634e-02,3.222551487e-02,2.992459470e-02,3.357646997e-02,2.369544022e-02,6.291000460e-03,
8.241847260e-04,-1.358836387e-03,-8.176748295e-04,-1.408329710e-02,-4.543018782e-02,-8.162289269e-02,-8.091652591e-02,-4.157901661e-02,-8.724387513e-03,
1.589271394e-01
l,5.0,3.0
2.211,3.391,4.571,
6.697798272e-06,7.163706728e+00
1.138028037e-02,-8.982268596e-03,-1.763862820e-03,6.434914402e-02,1.054270265e-01,1.658655336e-01,2.280582930e-01,1.598188542e-01,4.168232883e-02,
2.170121300e-03,-3.581302049e-03,-2.171059199e-03,-3.783530887e-02,-1.233111255e-01,-2.246173763e-01,-2.267335600e-01,-1.191833647e-01,-2.568084206e-02,
1.589098747e-01
l,5.0,4.0
2.191,3.311,4.431,
1.183578038e-05,7.769777591e+00
3.275908902e-02,-2.476619502e-02,-8.612771873e-03,2.065181018e-01,2.874546358e-01,2.993395372e-01,4.126434348e-01,3.317986626e-01,9.690612087e-02,
6.768012506e-03,-1.120580154e-02,-8.023929369e-03,-1.301167910e-01,-4.375081529e-01,-8.265383430e-01,-8.722065532e-01,-4.820450676e-01,-1.096871497e-01,
1.589892164e-01
l,5.0,5.0
2.211,3.311,4.451,
2.721987742e-05,8.203674215e+00
9.252977371e-02,-9.620947974e-02,1.633872340e-02,5.863017251e-01,7.959237068e-01,1.833048614e+00,3.349219612e+00,2.642043499e+00,7.382894543e-01,
1.631977920e-02,-2.744701182e-02,-1.782997452e-02,-3.122729167e-01,-1.044647141e+00,-1.982940688e+00,-2.093246242e+00,-1.158761131e+00,-2.640000552e-01,
1.588479599e-01
l,6.0,-6.0
2.151,3.431,4.751,
2.450927956e-09,7.135626152e+00
3.168775947e-06,-2.836703657e-06,-4.336929048e-07,1.232780259e-05,2.589256169e-05,5.954989997e-05,7.995755109e-05,4.931882684e-05,1.130120732e-05,
4.849463827e-07,-8.016162394e-07,-2.259219449e-07,-5.485740967e-06,-1.462016473e-05,-2.250648742e-05,-1.926556897e-05,-8.647633944e-06,-1.614012937e-06,
1.586925592e-01
l,6.0,-5.0
2.311,3.531,4.811,
7.593358354e-10,8.875896194e+00
6.524172932e-06,-5.120177716e-06,2.861124857e-06,6.102162325e-05,1.703640880e-04,3.234571440e-04,3.618701557e-04,2.049693998e-04,4.547886712e-05,
1.081739584e-06,-1.790956369e-06,-6.599589692e-07,-1.394784021e-05,-4.022065571e-05,-6.687656237e-05,-6.226751344e-05,-3.044517788e-05,-6.158236055e-06,
1.588479536e-01
l,6.0,-4.0
2.371,3.631,4.911,
4.266244292e-12,1.528458910e+01
1.350190996e-05,-1.090447605e-05,-2.323707425e-05,-1.032295671e-04,-5.081843212e-04,-1.024541876e-03,-1.042912532e-03,-5.415321431e-04,-1.140530519e-04,
2.255480051e-06,-3.743784274e-06,-1.318828546e-06,-2.842347986e-05,-7.881551531e-05,-1.233079181e-04,-1.057981122e-04,-4.675888174e-05,-8.469791202e-06,
1.588478511e-01
l,6.0,-3.0
2.451,3.711,4.991,
1.596165060e-10,1.144591446e+01
2.866360046e-05,-2.001355498e-05,-1.851603446e-05,2.952077584e-05,-2.219708756e-04,-6.271143082e-04,-6.646815831e-04,-3.395096668e-04,-7.005249951e-05,
4.861775185e-06,-8.085770574e-06,-3.753014421e-06,-7.138167293e-05,-2.135052315e-04,-3.593835458e-04,-3.341907195e-04,-1.613503063e-04,-3.196625045e-05,
1.589099992e-01
l,6.0,-2.0
2.571,3.791,5.071,
3.732249292e-09,8.457532676e+00
6.161999045e-05,-3.893340261e-05,3.368389088e-05,6.549337861e-04,1.653392583e-03,2.678929953e-03,2.730167697e-03,1.487223078e-03,3.258151899e-04,
1.047299860e-05,-1.745120991e-05,-8.456830299e-06,-1.612538266e-04,-5.001006555e-04,-8.743003508e-04,-8.462705636e-04,-4.257373856e-04,-8.769172179e-05,
1.589099434e-01
l,6.0,-1.0
2.611,3.851,5.111,
6.793229371e-09,8.458986306e+00
1.365523058e-04,-9.385549699e-05,-1.072159525e-04,3.870394236e-04,3.344072330e-04,5.613797667e-05,2.496856099e-04,3.190921475e-04,1.032866230e-04,
2.411180881e-05,-4.021559005e-05,-1.476530268e-05,-3.040332528e-04,-8.386111647e-04,-1.318509212e-03,-1.150331236e-03,-5.206884122e-04,-9.740477203e-05,
1.589099356e-01
l,6.0,0.0
2.651,3.911,5.171,
3.616234936e-12,1.685516063e+01
3.074312117e-04,-2.326866912e-04,-7.293147779e-04,-3.134713279e-03,-1.380311835e-02,-2.750254408e-02,-2.797142872e-02,-1.445193658e-02,-3.014942138e-03,
5.368673275e-05,-8.966844512e-05,-2.109051076e-05,-5.573150923e-04,-1.352558467e-03,-1.826917723e-03,-1.292870285e-03,-4.264350830e-04,-4.880392508e-05,
1.589098516e-01
l,6.0,1.0
2.691,3.931,5.191,
2.089605547e-08,8.719976574e+00
7.238928229e-04,-4.362852436e-04,1.122651590e-04,5.775131423e-03,1.135833140e-02,1.360583857e-02,1.168079972e-02,5.951467349e-03,1.268340473e-03,
1.278069793e-04,-2.135818367e-04,-9.940017408e-05,-1.907137114e-03,-5.828990129e-03,-1.011042685e-02,-9.756233725e-03,-4.904418356e-03,-1.012942765e-03,
1.589270436e-01
l,6.0,2.0
2.711,3.951,5.191,
2.585424903e-08,9.314882255e+00
1.741589047e-03,-1.141225905e-03,-1.076044641e-03,4.858644222e-03,-8.381414701e-04,-1.382237431e-02,-1.444533917e-02,-6.039258438e-03,-9.321299768e-04,
3.146037566e-04,-5.258759257e-04,-3.101397580e-04,-5.201118171e-03,-1.576178469e-02,-2.656851685e-02,-2.469492312e-02,-1.190135417e-02,-2.355393774e-03,
1.589269823e-01
l,6.0,3.0
2.711,3.931,5.171,
2.442275186e-08,1.026584678e+01
4.423401784e-03,-2.794919732e-03,-2.464996148e-03,1.706026058e-02,7.234413515e-03,-3.396658139e-02,-4.866334391e-02,-2.676584627e-02,-5.612515013e-03,
8.011743522e-04,-1.339491953e-03,-7.918927035e-04,-1.367930432e-02,-4.285822684e-02,-7.458003989e-02,-7.143174518e-02,-3.538548552e-02,-7.165809508e-03,
1.589580697e-01
l,6.0,4.0
2.711,3.911,5.111,
3.554523289e-07,8.570750188e+00
1.161933038e-02,-7.759294287e-03,-4.496518083e-03,6.979670802e-02,1.298047129e-01,1.619420445e-01,1.693417083e-01,1.042907556e-01,2.554230046e-02,
2.182654048e-03,-3.651212319e-03,-2.168048005e-03,-3.768292048e-02,-1.198232216e-01,-2.134038253e-01,-2.109324497e-01,-1.086063310e-01,-2.297903643e-02,
1.589269953e-01
l,6.0,5.0
2.711,3.851,4.991,
1.053889281e-07,1.088546340e+01
3.288719058e-02,-2.249302312e-02,-1.002441158e-02,1.943510407e-01,1.668941184e-01,-1.817278852e-01,-3.653448639e-01,-2.280493724e-01,-5.349339286e-02,
6.599257548e-03,-1.107762923e-02,-7.736188938e-03,-1.289441735e-01,-4.377398586e-01,-8.337142442e-01,-8.824944624e-01,-4.863864695e-01,-1.098168171e-01,
1.589892211e-01
l,6.0,6.0
2.711,3.831,4.991,
1.018878016e-06,9.777571922e+00
9.495110810e-02,-8.828028419e-02,-1.007655133e-03,7.694157961e-01,1.778184416e+00,3.781907067e+00,5.423252216e+00,3.815399963e+00,1.010925668e+00,
1.642589973e-02,-2.795242305e-02,-1.649507430e-02,-3.006896619e-01,-9.779120327e-01,-1.806122659e+00,-1.854045705e+00,-9.984401705e-01,-2.222107244e-01,
1.588478797e-01
l,7.0,-7.0
2.571,3.831,5.131,
2.703324391e-11,8.922504493e+00
6.650699902e-07,-5.278106411e-07,4.333247681e-07,6.676254581e-06,1.755431610e-05,3.110140843e-05,3.293463571e-05,1.785921211e-05,3.816126392e-06,
1.048454025e-07,-1.749436753e-07,-6.571251477e-08,-1.392588110e-06,-4.037213470e-06,-6.739722817e-06,-6.281195884e-06,-3.069243907e-06,-6.190787150e-07,
1.587232272e-01
l,7.0,-6.0
2.671,3.951,5.231,
1.435840185e-12,1.217119447e+01
1.329780048e-06,-1.089160628e-06,-2.096702832e-06,-7.527032726e-06,-3.719114875e-05,-7.098098762e-05,-6.670271523e-05,-3.175768126e-05,-6.151024096e-06,
2.185013809e-07,-3.654026974e-07,-1.205572587e-07,-2.723126901e-06,-7.482096121e-06,-1.163082063e-05,-9.906894682e-06,-4.342116579e-06,-7.801097221e-07,
1.588477931e-01
l,7.0,-5.0
2.851,4.051,5.331,
1.223867648e-11,1.017161343e+01
2.711898105e-06,-1.710143066e-06,3.077382083e-06,4.292869219e-05,1.280214778e-04,2.291976471e-04,2.401766491e-04,1.313356196e-04,2.879015973e-05,
4.549290223e-07,-7.624153055e-07,-3.440442858e-07,-6.816374343e-06,-2.100885935e-05,-3.683842275e-05,-3.591598310e-05,-1.824610350e-05,-3.800724919e-06,
1.588785364e-01
l,7.0,-4.0
2.891,4.151,5.431,
7.469257212e-13,1.320565004e+01
5.602301826e-06,-4.000602124e-06,-9.762940397e-06,-2.726404466e-05,-1.395473668e-04,-2.842967956e-04,-2.820300700e-04,-1.404593860e-04,-2.826264058e-05,
9.468513081e-07,-1.590098945e-06,-4.290856271e-07,-1.074956427e-05,-2.796064769e-05,-4.129558286e-05,-3.327635418e-05,-1.361252772e-05,-2.266984997e-06,
1.589099253e-01
l,7.0,-3.0
2.971,4.231,5.511,
9.878026740e-15,1.749153800e+01
1.186394002e-05,-7.863972509e-06,-2.467746402e-05,-8.903236612e-05,-4.238759312e-04,-8.815295420e-04,-9.152271490e-04,-4.776276746e-04,-1.000977749e-04,
2.037259351e-06,-3.426730543e-06,-1.211638812e-06,-2.572932312e-05,-6.965822232e-05,-1.061702135e-04,-8.837420769e-05,-3.745739962e-05,-6.458158366e-06,
1.589267911e-01
l,7.0,-2.0
3.051,4.311,5.591,
3.042029521e-14,1.675529702e+01
2.545469943e-05,-1.562819837e-05,-3.851401704e-05,-9.570955266e-05,-6.113455827e-04,-1.393234980e-03,-1.500898519e-03,-7.990767376e-04,-1.697262014e-04,
4.382021415e-06,-7.382088461e-06,-3.066083737e-06,-6.134323808e-05,-1.767826280e-04,-2.870037762e-04,-2.566441886e-04,-1.184096204e-04,-2.240472508e-05,
1.589270325e-01
l,7.0,-1.0
3.111,4.371,5.651,
3.334174815e-14,1.706486369e+01
5.613018948e-05,-3.478781009e-05,-1.184529166e-04,-3.849685631e-04,-1.819421125e-03,-3.810278174e-03,-3.963467129e-03,-2.064915629e-03,-4.312308636e-04,
9.746877681e-06,-1.643850817e-05,-5.671965485e-06,-1.215439866e-04,-3.255207710e-04,-4.906244083e-04,-4.031843908e-04,-1.678493380e-04,-2.829747323e-05,
1.589267975e-01
l,7.0,0.0
3.171,4.431,5.711,
2.297052736e-10,9.848705574e+00
1.256644027e-04,-7.656352928e-05,-1.668442536e-04,-1.942649574e-05,-8.604360614e-04,-2.169576254e-03,-2.090448437e-03,-9.291980414e-04,-1.601960887e-04,
2.167763374e-05,-3.660104489e-05,-1.030106659e-05,-2.523543631e-04,-6.663339383e-04,-1.004943531e-03,-8.349165953e-04,-3.554339473e-04,-6.222898494e-05,
1.589270062e-01
l,7.0,1.0
3.251,4.471,5.751,
6.001632280e-10,9.618603205e+00
2.895159996e-04,-1.486270566e-04,1.304787167e-04,3.298024580e-03,8.596495291e-03,1.326183723e-02,1.273087399e-02,6.668119934e-03,1.430254426e-03,
4.986489819e-05,-8.425668852e-05,-3.819979271e-05,-7.592755457e-04,-2.336036471e-03,-4.071412906e-03,-3.935769851e-03,-1.975408066e-03,-4.062451907e-04,
1.589267448e-01
l,7.0,2.0
3.291,4.491,5.771,
3.504714648e-10,1.071410841e+01
6.884683971e-04,-3.740309691e-04,1.054340044e-05,6.926399377e-03,1.990618038e-02,3.388727010e-02,3.522470741e-02,1.952013629e-02,4.360021052e-03,
1.186481468e-04,-2.005677402e-04,-6.247255203e-05,-1.492694937e-03,-4.233641123e-03,-6.940482144e-03,-6.365904786e-03,-3.047575932e-03,-6.045806447e-04,
1.589269680e-01
l,7.0,3.0
3.251,4.511,5.771,
1.436799870e-12,1.614875030e+01
1.673797960e-03,-1.133597714e-03,-3.627339753e-03,-1.154113673e-02,-5.313118280e-02,-1.086583069e-01,-1.105605160e-01,-5.648303155e-02,-1.160081647e-02,
2.920475186e-04,-4.937921097e-04,-1.060019805e-04,-3.091535835e-03,-7.653188140e-03,-1.065189081e-02,-7.883587537e-03,-2.801589044e-03,-3.737044633e-04,
1.589267043e-01
l,7.0,4.0
3.251,4.491,5.731,
4.731327321e-09,1.007083458e+01
4.273957107e-03,-2.532517483e-03,-2.994734855e-03,1.454219200e-02,1.043717190e-02,-1.455365013e-02,-1.970130563e-02,-7.688076459e-03,-8.557350157e-04,
7.695379480e-04,-1.300953962e-03,-6.930073707e-04,-1.242549954e-02,-3.754916758e-02,-6.335882542e-02,-5.897291781e-02,-2.843265759e-02,-5.633720095e-03,
1.589580358e-01
l,7.0,5.0
3.231,4.451,5.671,
1.934230355e-08,9.739408908e+00
1.143604983e-02,-6.793201755e-03,-5.111176121e-03,7.256105472e-02,1.447895605e-01,1.674596008e-01,1.487715503e-01,8.222421435e-02,1.904484815e-02,
2.098798359e-03,-3.550082673e-03,-1.973067642e-03,-3.586699134e-02,-1.140593684e-01,-2.032221129e-01,-2.001685340e-01,-1.021871450e-01,-2.135607774e-02,
1.589576924e-01
l,7.0,6.0
3.211,4.391,5.571,
4.558642129e-08,9.954713822e+00
3.239082173e-02,-2.057121520e-02,-2.006349714e-02,1.710253134e-01,2.219767697e-01,6.549418294e-02,6.864510793e-03,3.349556084e-02,1.727900814e-02,
6.142748987e-03,-1.042365077e-02,-6.059193903e-03,-1.088815852e-01,-3.494609021e-01,-6.291828377e-01,-6.273853710e-01,-3.248899008e-01,-6.908195887e-02,
1.589891409e-01
l,7.0,7.0
3.211,4.371,5.551,
2.164289995e-07,9.650260316e+00
9.363353997e-02,-8.120459202e-02,-1.787256015e-02,6.402606859e-01,1.078247905e+00,1.593021722e+00,2.184997936e+00,1.589853598e+00,4.318230097e-01,
1.579441345e-02,-2.711435694e-02,-1.495262121e-02,-2.881238620e-01,-9.390274083e-01,-1.729930921e+00,-1.762843920e+00,-9.379834065e-01,-2.056099892e-01,
1.588786844e-01
l,8.0,-8.0
2.951,4.251,5.551,
2.496581838e-13,1.056278309e+01
1.353044041e-07,-1.090081827e-07,-5.592088540e-08,3.542934773e-07,3.882534204e-08,-3.129070513e-07,-2.119722359e-08,1.671593422e-07,6.097446775e-08,
2.108002038e-08,-3.548469111e-08,-1.148455683e-08,-2.720595168e-07,-7.756058497e-07,-1.265896961e-06,-1.143738381e-06,-5.384250923e-07,-1.045837060e-07,
1.587851612e-01
l,8.0,-7.0
3.131,4.371,5.651,
5.089418057e-13,1.007924568e+01
2.672931032e-07,-1.781051926e-07,2.300579868e-07,3.352544012e-06,8.752081299e-06,1.415123496e-05,1.390239698e-05,7.238084074e-06,1.517771170e-06,
4.385930949e-08,-7.396963770e-08,-3.148279894e-08,-6.530528481e-07,-2.009143203e-06,-3.521171708e-06,-3.427761686e-06,-1.738417438e-06,-3.615972839e-07,
1.588785457e-01
l,8.0,-6.0
3.211,4.471,5.751,
1.843524381e-14,1.318277956e+01
5.402291094e-07,-3.686260986e-07,-8.673192725e-07,-1.798793089e-06,-1.036712070e-05,-2.182468388e-05,-2.166187720e-05,-1.067156057e-05,-2.116156380e-06,
9.118959234e-08,-1.540737454e-07,-4.599964809e-08,-1.079651636e-06,-2.837663874e-06,-4.242014360e-06,-3.474801472e-06,-1.452831079e-06,-2.486247779e-07,
1.589093042e-01
l,8.0,-5.0
3.351,4.591,5.871,
8.927746544e-13,1.013697695e+01
1.086237035e-06,-6.217105352e-07,6.026741574e-07,1.317721371e-05,3.543026389e-05,5.639197891e-05,5.453107278e-05,2.825822794e-05,5.945103012e-06,
1.832131939e-07,-3.102078157e-07,-1.135344780e-07,-2.530834404e-06,-7.546407652e-06,-1.293567008e-05,-1.237576911e-05,-6.177243399e-06,-1.269892857e-06,
1.589266334e-01
l,8.0,-4.0
3.411,4.691,5.971,
1.036136825e-13,1.225448940e+01
2.244840971e-06,-1.463326377e-06,-4.156317019e-06,-9.937610214e-06,-4.874100854e-05,-9.837489905e-05,-9.507668170e-05,-4.540814200e-05,-8.666192714e-06,
3.806029913e-07,-6.455046355e-07,-1.770424692e-07,-4.504272086e-06,-1.195259426e-05,-1.795978842e-05,-1.470163110e-05,-6.092128053e-06,-1.024128283e-06,
1.589264105e-01
l,8.0,-3.0
3.491,4.771,6.051,
1.069441749e-14,1.441562058e+01
4.750559128e-06,-2.786461620e-06,-8.053664956e-06,-1.708088768e-05,-9.659944757e-05,-2.105204941e-04,-2.155646057e-04,-1.083504173e-04,-2.167107341e-05,
8.177498256e-07,-1.388719260e-06,-5.086388195e-07,-1.094705145e-05,-3.077433623e-05,-4.881797060e-05,-4.252845403e-05,-1.900243294e-05,-3.473490581e-06,
1.589266602e-01
l,8.0,-2.0
3.571,4.851,6.131,
3.176740742e-14,1.391005890e+01
1.018234980e-05,-5.429705258e-06,-9.501367249e-06,1.351509859e-05,-5.292159053e-05,-1.988047494e-04,-2.343808341e-04,-1.253746684e-04,-2.604514025e-05,
1.757018518e-06,-2.987596283e-06,-1.312726798e-06,-2.603650253e-05,-7.716021936e-05,-1.290088005e-04,-1.191360511e-04,-5.687834272e-05,-1.113369275e-05,
1.589574015e-01
l,8.0,-1.0
3.651,4.911,6.191,
7.457219192e-17,1.898662916e+01
2.239686910e-05,-1.233682459e-05,-4.349460668e-05,-1.199463993e-04,-6.122264741e-04,-1.348301830e-03,-1.445873192e-03,-7.688211886e-04,-1.628815818e-04,
3.904457738e-06,-6.645243138e-06,-2.595067677e-06,-5.287718680e-05,-1.469676233e-04,-2.299678162e-04,-1.973216809e-04,-8.648767098e-05,-1.545372233e-05,
1.589576515e-01
l,8.0,0.0
3.691,4.971,6.251,
4.262814131e-12,1.102679570e+01
4.996238931e-05,-2.806646928e-05,-8.341927108e-05,-9.502074884e-05,-5.824632823e-04,-1.287588820e-03,-1.257419182e-03,-5.871008713e-04,-1.077359150e-04,
8.675686817e-06,-1.477922685e-05,-4.653397845e-06,-1.063132996e-04,-2.819678229e-04,-4.236258890e-04,-3.482159872e-04,-1.450857270e-04,-2.455223620e-05,
1.589573220e-01
l,8.0,1.0
3.751,5.011,6.311,
2.317358327e-11,1.027084539e+01
1.143595000e-04,-5.225147760e-05,2.081935780e-05,1.176468420e-03,3.012854143e-03,4.298045414e-03,3.772410203e-03,1.827606746e-03,3.673341596e-04,
1.927574240e-05,-3.286635220e-05,-1.015374177e-05,-2.494457704e-04,-7.194416523e-04,-1.200159385e-03,-1.118594205e-03,-5.427704043e-04,-1.086619274e-04,
1.589575918e-01
l,8.0,2.0
3.771,5.051,6.331,
4.991654919e-13,1.374954941e+01
2.667334047e-04,-1.549441540e-04,-4.946444541e-04,-1.066140830e-03,-5.386781323e-03,-1.138279397e-02,-1.143731746e-02,-5.649744233e-03,-1.110601530e-03,
4.584805328e-05,-7.819901283e-05,-2.574126282e-05,-5.857735101e-04,-1.597083960e-03,-2.459216504e-03,-2.070770313e-03,-8.868806493e-04,-1.545298549e-04,
1.589572227e-01
l,8.0,3.0
3.791,5.051,6.331,
1.268297097e-15,1.884254340e+01
6.471988745e-04,-3.506538013e-04,-1.299562822e-03,-3.441783406e-03,-1.708400287e-02,-3.741126636e-02,-3.993134175e-02,-2.112635028e-02,-4.453314140e-03,
1.128396497e-04,-1.924747147e-04,-7.055886477e-05,-1.486569341e-03,-4.067422436e-03,-6.269639589e-03,-5.287698122e-03,-2.267523939e-03,-3.951509745e-04,
1.589574892e-01
l,8.0,4.0
3.791,5.051,6.331,
2.298344276e-15,1.906706013e+01
1.604496967e-03,-8.862060371e-04,-3.239038269e-03,-8.617244838e-03,-4.294744248e-02,-9.399873878e-02,-1.001972469e-01,-5.293524232e-02,-1.114386329e-02,
2.777427493e-04,-4.738407685e-04,-1.562396549e-04,-3.549985058e-03,-9.671379320e-03,-1.487271620e-02,-1.250010459e-02,-5.335576113e-03,-9.256583501e-04,
1.589569979e-01
l,8.0,5.0
3.811,5.031,6.291,
4.204217887e-10,1.068128708e+01
4.124424886e-03,-2.075888290e-03,-1.968350050e-03,2.880830421e-02,7.370445977e-02,1.100215055e-01,1.089496375e-01,6.050667979e-02,1.375325465e-02,
7.321036945e-04,-1.248886580e-03,-4.796120883e-04,-1.022935292e-02,-2.981841832e-02,-4.957926051e-02,-4.581989276e-02,-2.196113987e-02,-4.337748030e-03,
1.589574998e-01
l,8.0,6.0
3.771,4.991,6.231,
4.110883832e-10,1.150407990e+01
1.108368021e-02,-5.785391199e-03,-6.589835797e-03,6.490997142e-02,1.260969390e-01,1.166903248e-01,7.449026870e-02,3.275007679e-02,6.816464846e-03,
1.998183034e-03,-3.410403079e-03,-1.865577434e-03,-3.440488988e-02,-1.084407119e-01,-1.905423124e-01,-1.842673348e-01,-9.196508905e-02,-1.874767388e-02,
1.589567857e-01
l,8.0,7.0
3.731,4.931,6.131,
8.471200183e-10,1.181325388e+01
3.143180162e-02,-1.770444037e-02,-2.306113984e-02,1.501706685e-01,1.707412056e-01,-8.325353200e-02,-2.284046847e-01,-1.338955497e-01,-2.654150836e-02,
5.854135769e-03,-1.001974291e-02,-5.495803700e-03,-1.015754614e-01,-3.222792889e-01,-5.736210511e-01,-5.637623586e-01,-2.865911393e-01,-5.968890080e-02,
1.589889002e-01
l,8.0,8.0
3.691,4.891,6.091,
3.027286979e-08,1.001651976e+01
9.249468148e-02,-6.876675008e-02,-5.317001029e-02,4.794661751e-01,5.506005627e-01,2.182665854e-01,3.085806149e-01,3.719040481e-01,1.295772751e-01,
1.556731197e-02,-2.692016197e-02,-1.482410201e-02,-2.782357089e-01,-8.727556752e-01,-1.542792793e+00,-1.505709308e+00,-7.660899839e-01,-1.611818513e-01,
1.589089407e-01
l,9.0,-9.0
3.371,4.651,5.951,
2.811463076e-14,9.892930737e+00
2.761798079e-08,-2.074006929e-08,-3.136715221e-08,-2.844129668e-08,-3.026741361e-07,-6.114808951e-07,-5.146053305e-07,-2.010297543e-07,-2.979948871e-08,
4.359411097e-09,-7.391126783e-09,-2.711766841e-09,-5.882651298e-08,-1.657304003e-07,-2.642784659e-07,-2.314711461e-07,-1.047510514e-07,-1.948486277e-08,
1.588469894e-01
l,9.0,-8.0
3.531,4.771,6.071,
1.139315242e-14,1.078340788e+01
5.395988012e-08,-3.174603799e-08,2.198912819e-08,6.054538323e-07,1.613354878e-06,2.573719544e-06,2.516298783e-06,1.319047131e-06,2.801432028e-07,
8.755163753e-09,-1.487294866e-08,-4.918430959e-09,-1.157165552e-07,-3.357154380e-07,-5.624489015e-07,-5.258054641e-07,-2.565834061e-07,-5.168421986e-08,
1.589094748e-01
l,9.0,-7.0
3.671,4.911,6.191,
1.237756866e-14,1.093764719e+01
1.050374010e-07,-5.978244171e-08,5.466091307e-08,1.245501183e-06,3.299677007e-06,5.161056736e-06,4.930657260e-06,2.536547010e-06,5.312027733e-07,
1.757139784e-08,-2.990574205e-08,-1.110909083e-08,-2.470584646e-07,-7.386612345e-07,-1.268642633e-06,-1.214948307e-06,-6.066091851e-07,-1.246825674e-07,
1.589263452e-01
l,9.0,-6.0
3.751,5.011,6.291,
3.864417170e-18,1.731316870e+01
2.122842062e-07,-1.254710986e-07,-4.093820058e-07,-1.019537177e-06,-5.148126944e-06,-1.109911307e-05,-1.159473959e-05,-6.012184919e-06,-1.245978560e-06,
3.647089601e-08,-6.216549429e-08,-1.999238830e-08,-4.535996929e-07,-1.211103477e-06,-1.828111983e-06,-1.506925151e-06,-6.295835442e-07,-1.067614934e-07,
1.589263086e-01
l,9.0,-5.0
3.891,5.131,6.411,
2.168303568e-14,1.106500324e+01
4.280886969e-07,-2.203056397e-07,1.346170967e-08,4.143109923e-06,1.104865033e-05,1.694555491e-05,1.608194768e-05,8.317729025e-06,1.760360688e-06,
7.315299340e-08,-1.249086455e-07,-4.103372492e-08,-9.618919788e-07,-2.763041040e-06,-4.582403232e-06,-4.247903775e-06,-2.052288057e-06,-4.099308977e-07,
1.589571245e-01
l,9.0,-4.0
3.951,5.231,6.511,
2.464648282e-16,1.466695572e+01
8.858353908e-07,-5.067472644e-07,-1.599722402e-06,-3.262829213e-06,-1.717876677e-05,-3.698345691e-05,-3.756838802e-05,-1.871366855e-05,-3.705133181e-06,
1.517520931e-07,-2.594800809e-07,-8.374512126e-08,-1.952337902e-06,-5.367975472e-06,-8.345452240e-06,-7.103508926e-06,-3.081560722e-06,-5.449086683e-07,
1.589569995e-01
l,9.0,-3.0
4.031,5.311,6.591,
1.266356997e-16,1.545357429e+01
1.874437999e-06,-9.371106736e-07,-2.479768419e-06,-1.163385808e-06,-1.947113489e-05,-5.284317907e-05,-5.875161538e-05,-3.084563455e-05,-6.344518703e-06,
3.256904924e-07,-5.575036555e-07,-2.301037634e-07,-4.698949562e-06,-1.363765771e-05,-2.233586624e-05,-2.016750575e-05,-9.375137491e-06,-1.784560563e-06,
1.589567794e-01
l,9.0,-2.0
4.111,5.391,6.671,
2.262814269e-15,1.374742518e+01
4.016651019e-06,-1.817437877e-06,-2.063083289e-06,1.932299479e-05,2.794085605e-05,5.375602211e-06,-1.487641482e-05,-1.214845397e-05,-2.957541568e-06,
6.988952761e-07,-1.197612410e-06,-5.335477125e-07,-1.063830901e-05,-3.198701475e-05,-5.437912376e-05,-5.116291203e-05,-2.489302853e-05,-4.961358872e-06,
1.589567574e-01
l,9.0,-1.0
4.171,5.451,6.751,
1.636033464e-16,1.598525807e+01
8.818564311e-06,-4.234088637e-06,-1.459826198e-05,-2.020701460e-05,-1.291377066e-04,-3.071723562e-04,-3.297337954e-04,-1.707345099e-04,-3.484759182e-05,
1.499533127e-06,-2.572234551e-06,-8.071779903e-07,-1.924821018e-05,-5.299367167e-05,-8.272170515e-05,-7.087791305e-05,-3.101480682e-05,-5.545077315e-06,
1.589564524e-01
l,9.0,0.0
4.231,5.511,6.791,
7.684907227e-15,1.372525012e+01
1.962176066e-05,-9.820383376e-06,-3.596800780e-05,-5.464481467e-05,-2.829672668e-04,-6.256524750e-04,-6.383864858e-04,-3.156775273e-04,-6.167406516e-05,
3.445574204e-06,-5.913407343e-06,-2.100428947e-06,-4.494358483e-05,-1.216298666e-04,-1.856741539e-04,-1.550472647e-04,-6.556924405e-05,-1.122656877e-05,
1.589564129e-01
l,9.0,1.0
4.291,5.551,6.851,
1.441801154e-12,1.058494354e+01
4.468102998e-05,-1.721096780e-05,7.218741048e-06,4.868375690e-04,1.329734430e-03,1.968086643e-03,1.748619654e-03,8.486871664e-04,1.705943705e-04,
7.649553085e-06,-1.313833332e-05,-4.529255392e-06,-1.035475572e-04,-2.998242773e-04,-4.997528906e-04,-4.646276616e-04,-2.241939047e-04,-4.452716946e-05,
1.589561484e-01
l,9.0,2.0
4.291,5.591,6.891,
2.512351622e-15,1.547033439e+01
1.035590976e-04,-5.025913689e-05,-1.772166192e-04,-2.511280039e-04,-1.464414922e-03,-3.363331297e-03,-3.505897910e-03,-1.762337597e-03,-3.490353549e-04,
1.757549185e-05,-3.020161296e-05,-9.824612655e-06,-2.288271900e-04,-6.299054892e-04,-9.804313494e-04,-8.358636761e-04,-3.630738234e-04,-6.427221505e-05,
1.589561395e-01
l,9.0,3.0
4.331,5.611,6.911,
3.266813611e-13,1.267794283e+01
2.460065880e-04,-1.029322171e-04,-8.603841088e-05,1.650109828e-03,3.593753323e-03,3.877898085e-03,2.604879089e-03,1.033427771e-03,1.805394656e-04,
4.179263754e-05,-7.183546588e-05,-2.260391708e-05,-5.450940248e-04,-1.548657094e-03,-2.537686654e-03,-2.318357197e-03,-1.098639130e-03,-2.146795066e-04,
1.589557279e-01
l,9.0,4.0
4.331,5.611,6.911,
6.744648900e-13,1.277223712e+01
6.016261759e-04,-2.404469926e-04,-2.177734148e-04,4.082126215e-03,9.020597001e-03,9.808586250e-03,6.583381857e-03,2.595137566e-03,4.499500964e-04,
1.028574498e-04,-1.768076518e-04,-5.838260529e-05,-1.358550566e-03,-3.862480352e-03,-6.325818893e-03,-5.775822031e-03,-2.734578425e-03,-5.336475580e-04,
1.589559620e-01
l,9.0,5.0
4.331,5.611,6.891,
3.332051916e-12,1.231384105e+01
1.503407024e-03,-6.177762115e-04,-1.242800670e-04,1.235795334e-02,2.803978599e-02,3.300604353e-02,2.419643159e-02,1.026157953e-02,1.879826372e-03,
2.620210354e-04,-4.503642388e-04,-2.024016520e-04,-4.034759657e-03,-1.222237701e-02,-2.099881487e-02,-2.000845549e-02,-9.870525089e-03,-1.994953238e-03,
1.589554754e-01
l,9.0,6.0
4.311,5.571,6.851,
1.334298444e-10,1.046863933e+01
3.931158222e-03,-1.765123013e-03,-4.841138680e-03,9.673841874e-03,1.542134255e-02,3.933104671e-03,-1.387764210e-03,9.034919836e-04,8.183360913e-04,
6.909779943e-04,-1.187583066e-03,-3.521667750e-04,-8.511522981e-03,-2.283605885e-02,-3.503059199e-02,-2.966086706e-02,-1.283257396e-02,-2.277082428e-03,
1.589560628e-01
l,9.0,7.0
4.291,5.531,6.791,
4.422204626e-11,1.195304426e+01
1.061039977e-02,-4.720120727e-03,-6.929954789e-03,6.375457929e-02,1.393908984e-01,1.474223707e-01,1.033750034e-01,4.634913611e-02,9.505452453e-03,
1.887466215e-03,-3.245468921e-03,-1.199714274e-03,-2.649925630e-02,-7.727693964e-02,-1.286619143e-01,-1.189257459e-01,-5.685284817e-02,-1.118627282e-02,
1.589864485e-01
l,9.0,8.0
4.251,5.471,6.691,
5.503053343e-12,1.418214284e+01
3.013914078e-02,-1.476487811e-02,-2.505838535e-02,1.325551209e-01,1.481302362e-01,-1.370048754e-01,-3.288071619e-01,-2.136256297e-01,-4.875330533e-02,
5.534278652e-03,-9.539539986e-03,-5.474188891e-03,-9.860588237e-02,-3.099481749e-01,-5.429519686e-01,-5.230434661e-01,-2.596454094e-01,-5.268973818e-02,
1.590190166e-01
l,9.0,9.0
4.231,5.431,6.651,
4.772297137e-10,1.194482364e+01
8.879441023e-02,-6.017501018e-02,-5.996667420e-02,4.862383449e-01,7.853940496e-01,6.821857316e-01,6.715902804e-01,4.923132497e-01,1.413232280e-01,
1.470378961e-02,-2.557061988e-02,-1.240701050e-02,-2.475532208e-01,-7.569031938e-01,-1.310355163e+00,-1.252820316e+00,-6.236228066e-01,-1.284910738e-01,
1.589247820e-01
