l,0.0,-0.0
0.051,0.631,1.231,
2.862453947e+00,1.854403331e+00
3.533615172e-02,-2.688327324e-02,2.626225883e-01,2.738087503e+00,1.374343638e+01,3.868187664e+01,6.357550519e+01,6.166507407e+01,2.587758981e+01,
1.702570732e-02,-2.414581520e-02,-1.240230187e-01,-2.124231299e+00,-1.465949371e+01,-5.409704956e+01,-1.102862459e+02,-1.169343385e+02,-5.030774396e+01,
1.591446126e-01
l,1.0,-1.0
0.171,1.071,1.991,
7.386015827e+00,4.572644383e+00
1.091231965e-02,-8.360968139e-03,4.857784036e-03,-2.380191396e-01,-2.213459020e+00,-7.612486797e+00,-1.282585985e+01,-1.045079593e+01,-3.296030977e+00,
3.281556399e-03,-5.155998197e-03,-8.556876718e-03,-1.182341723e-01,-5.241855313e-01,-1.272167190e+00,-1.726066499e+00,-1.224692775e+00,-3.535693412e-01,
1.590202852e-01
l,1.0,0.0
0.211,0.711,1.231,
1.209651062e+00,3.231074441e+00
3.187670931e-02,-1.534982587e-02,5.615607149e-01,8.076946402e+00,5.164211135e+01,1.804770754e+02,3.389510943e+02,3.279139864e+02,1.319941176e+02,
1.702570732e-02,-2.414581520e-02,-1.955183632e-01,-4.117855815e+00,-3.533691410e+01,-1.589735747e+02,-3.891412842e+02,-4.896864222e+02,-2.478776474e+02,
1.591446126e-01
l,1.0,1.0
0.231,0.851,1.531,
7.980860131e+00,3.848245453e+00
5.006286129e-02,-6.772016219e-02,2.799804759e-01,2.780045585e+00,1.939612904e+01,7.862655414e+01,1.891219658e+02,2.511883734e+02,1.342944564e+02,
1.854853222e-02,-2.884941161e-02,-1.187877289e-01,-1.956139794e+00,-1.193090111e+01,-3.840226877e+01,-6.763845953e+01,-6.174469754e+01,-2.284824128e+01,
1.590513793e-01
l,2.0,-2.0
0.351,1.371,2.431,
4.416334939e-02,3.595058382e+00
4.239943810e-03,-4.000445275e-03,3.430927331e-03,2.709545651e-02,7.483734915e-02,1.442117203e-01,1.583937035e-01,1.082548376e-01,3.591234324e-02,
9.832573916e-04,-1.618503941e-03,-1.667069151e-03,-2.404591028e-02,-8.856575693e-02,-1.782257937e-01,-1.990410832e-01,-1.158956730e-01,-2.750552050e-02,
1.589582893e-01
l,2.0,-1.0
0.411,1.191,2.011,
8.922455946e-02,4.133377821e+00
9.662823752e-03,-8.688995130e-03,9.363553883e-02,1.314730198e+00,6.947909720e+00,1.878960539e+01,2.688244176e+01,1.953506566e+01,5.717809339e+00,
3.180529880e-03,-5.010404377e-03,-1.279478561e-02,-1.894194793e-01,-9.708423368e-01,-2.657977470e+00,-4.011391779e+00,-3.144486538e+00,-9.995740268e-01,
1.590513439e-01
l,2.0,0.0
0.451,1.351,2.311,
2.028152856e-01,4.656882573e+00
1.258364040e-02,-1.506742869e-02,1.394610647e-02,2.211782428e-01,1.286192717e+00,3.594697447e+00,5.110127752e+00,3.784725389e+00,1.166231451e+00,
3.229906906e-03,-5.289055005e-03,-6.555751957e-03,-9.213755433e-02,-3.510090178e-01,-7.143820640e-01,-7.929191608e-01,-4.522790014e-01,-1.036319185e-01,
1.589582606e-01
l,2.0,1.0
0.391,0.971,1.551,
2.710723731e+00,6.314018736e+00
4.050898924e-02,-3.460763989e-02,3.161960047e-01,3.468555103e+00,1.400683284e+01,2.481598435e+01,-1.151795796e+01,-8.284952921e+01,-6.481807453e+01,
1.799066076e-02,-2.801192062e-02,-1.384124937e-01,-2.600991827e+00,-1.895455567e+01,-7.350538034e+01,-1.567141420e+02,-1.732955794e+02,-7.767044528e+01,
1.591445553e-01
l,2.0,2.0
0.431,1.091,1.811,
4.921682560e+00,5.700852002e+00
6.406374276e-02,-1.122163679e-01,3.745955528e-02,-2.119386136e+00,-2.070055918e+01,-9.457813534e+01,-2.092894295e+02,-2.067620519e+02,-7.277606016e+01,
2.011329360e-02,-3.305301344e-02,-8.803109728e-02,-1.355368684e+00,-7.057773170e+00,-1.975774762e+01,-3.043262363e+01,-2.438408779e+01,-7.927779521e+00,
1.590203537e-01
l,3.0,-3.0
0.531,1.611,2.731,
7.872832501e-03,4.604958978e+00
1.786508947e-03,-1.761601835e-03,1.625726727e-03,1.045996036e-02,2.275269770e-02,3.045916165e-02,1.322167964e-02,-1.627296686e-03,-1.054771147e-03,
3.635177924e-04,-6.135263012e-04,-4.137586798e-04,-6.823331878e-03,-2.309760061e-02,-4.361146434e-02,-4.590900575e-02,-2.524977525e-02,-5.673824633e-03,
1.589100809e-01
l,3.0,-2.0
0.631,1.511,2.451,
1.043557499e-02,5.429382365e+00
3.649076913e-03,-4.269669165e-03,2.908188690e-02,4.548694666e-01,2.343723571e+00,6.009174076e+00,8.104543322e+00,5.538192503e+00,1.518663802e+00,
9.517558229e-04,-1.569644700e-03,-2.046513606e-03,-2.997421393e-02,-1.214615663e-01,-2.640659620e-01,-3.142008001e-01,-1.928333844e-01,-4.777887783e-02,
1.590203521e-01
l,3.0,-1.0
0.631,1.691,2.751,
1.329203767e-02,5.460065029e+00
4.459205084e-03,-5.017318279e-03,3.652949667e-03,7.279629175e-03,-4.951685785e-02,-2.416450348e-01,-4.794823494e-01,-4.020501091e-01,-1.188178184e-01,
9.447179223e-04,-1.599526079e-03,-1.484695750e-03,-2.288651526e-02,-8.394848543e-02,-1.692588658e-01,-1.894135507e-01,-1.106875985e-01,-2.637704815e-02,
1.589100274e-01
l,3.0,0.0
0.651,1.471,2.311,
2.307794336e-02,5.629376128e+00
1.062893961e-02,-1.197912710e-02,-1.965793849e-03,1.570824247e-01,1.002602893e+00,3.226253859e+00,4.752351237e+00,3.193584533e+00,8.008732097e-01,
3.231800169e-03,-5.292155272e-03,-7.912079481e-03,-1.126808683e-01,-4.766377023e-01,-1.092421401e+00,-1.376075486e+00,-8.912950722e-01,-2.316130359e-01,
1.590514366e-01
l,3.0,1.0
0.631,1.611,2.611,
4.729036331e-02,5.635319628e+00
1.437048987e-02,-1.800876238e-02,1.001736024e-02,-5.667446334e-02,-6.574223383e-01,-2.369277123e+00,-4.295561796e+00,-3.579228136e+00,-1.091646613e+00,
3.225831526e-03,-5.436030937e-03,-5.167021339e-03,-7.977085115e-02,-2.985710890e-01,-6.183817696e-01,-7.158036676e-01,-4.359905245e-01,-1.088927420e-01,
1.588961830e-01
l,3.0,2.0
0.611,1.231,1.851,
5.474032604e-01,8.396409926e+00
4.801477864e-02,-5.587176036e-02,1.278594763e-01,1.713490896e+00,6.786883385e+00,1.680061597e+01,8.142459408e+00,-2.686089017e+01,-2.687591920e+01,
1.884479231e-02,-3.096681823e-02,-1.100545385e-01,-1.908135686e+00,-1.204895508e+01,-4.092873051e+01,-7.706566902e+01,-7.586772562e+01,-3.050876429e+01,
1.591134932e-01
l,3.0,3.0
0.571,1.331,2.091,
8.900358185e+00,1.058566640e+01
7.799831778e-02,-1.451338788e-01,-4.403262264e-02,-5.625634379e+00,-5.246520565e+01,-2.321201448e+02,-5.142592740e+02,-5.365326119e+02,-2.105810610e+02,
2.129079402e-02,-3.631005169e-02,-7.574357890e-02,-1.222724230e+00,-6.231513008e+00,-1.729418218e+01,-2.647156686e+01,-2.111281577e+01,-6.835766381e+00,
1.589272513e-01
l,4.0,-4.0
0.711,1.831,2.971,
1.145976336e-03,5.475159928e+00
7.746160845e-04,-7.971813725e-04,6.984492540e-04,3.595838451e-03,5.329004433e-03,1.720383253e-03,-1.129748868e-02,-1.386565478e-02,-4.451329142e-03,
1.473593956e-04,-2.529053697e-04,-1.791517692e-04,-2.945973140e-03,-1.009182497e-02,-1.935210026e-02,-2.067403420e-02,-1.151726111e-02,-2.611415459e-03,
1.588480386e-01
l,4.0,-3.0
0.851,1.771,2.771,
1.219863409e-03,7.907546072e+00
1.494970056e-03,-1.736997476e-03,1.676481919e-02,2.172495549e-01,1.010427138e+00,2.401558786e+00,3.054402381e+00,1.986006422e+00,5.202894468e-01,
3.399209578e-04,-5.754514295e-04,-5.073167462e-04,-8.123131454e-03,-3.009415197e-02,-6.158658418e-02,-7.028130410e-02,-4.208294382e-02,-1.033028877e-02,
1.589892679e-01
l,4.0,-2.0
0.851,1.951,3.051,
1.425135788e-03,8.052864746e+00
1.786579960e-03,-2.042575477e-03,1.486426366e-03,4.586882386e-03,-9.146391321e-03,-6.194255261e-02,-1.400722769e-01,-1.269808521e-01,-3.965742642e-02,
3.448648896e-04,-5.952001910e-04,-5.264510365e-04,-8.294867664e-03,-2.979161322e-02,-5.863705161e-02,-6.369735914e-02,-3.601137271e-02,-8.288131605e-03,
1.588480200e-01
l,4.0,-1.0
0.931,1.831,2.771,
1.349510001e-03,6.702517154e+00
3.657961963e-03,-2.789661599e-03,2.927523499e-02,2.752416717e-01,1.172189526e+00,2.801557702e+00,3.630468195e+00,2.395871076e+00,6.350811715e-01,
9.138742736e-04,-1.549538259e-03,-2.063814761e-03,-3.185057443e-02,-1.366114003e-01,-3.204349607e-01,-4.189577338e-01,-2.883476176e-01,-8.171915072e-02,
1.590202852e-01
l,4.0,0.0
0.911,1.971,3.031,
2.440079696e-03,7.888608707e+00
4.778177943e-03,-5.779339551e-03,5.633952423e-03,2.184733961e-02,2.265639137e-02,-5.337243963e-02,-2.666404880e-01,-3.051877859e-01,-1.071161639e-01,
9.594729592e-04,-1.656396137e-03,-1.603957610e-03,-2.478592054e-02,-9.161715760e-02,-1.862296834e-01,-2.097029727e-01,-1.232256124e-01,-2.950479174e-02,
1.588480458e-01
l,4.0,1.0
0.911,1.771,2.631,
4.965558648e-03,8.422022725e+00
1.121249981e-02,-1.071975471e-02,4.297956701e-02,4.191401616e-01,1.732797640e+00,4.244292793e+00,5.341621090e+00,3.160048074e+00,6.812478353e-01,
3.121288581e-03,-5.266929280e-03,-8.468465282e-03,-1.376089062e-01,-6.831546154e-01,-1.864984111e+00,-2.823037195e+00,-2.215152416e+00,-7.016779076e-01,
1.590203207e-01
l,4.0,2.0
0.871,1.871,2.891,
1.509553901e-02,9.623882249e+00
1.599822938e-02,-2.130838930e-02,1.156380942e-02,-7.788026456e-02,-8.264520162e-01,-2.956757762e+00,-5.449414629e+00,-4.674549887e+00,-1.478196018e+00,
3.291935911e-03,-5.665427978e-03,-5.061472199e-03,-8.164183149e-02,-3.030531412e-01,-6.216076959e-01,-7.083993337e-01,-4.236437083e-01,-1.037646777e-01,
1.588790466e-01
l,4.0,3.0
0.831,1.471,2.111,
4.188047603e-02,7.870380717e+00
5.602357909e-02,-6.235802002e-02,2.516886125e-01,3.929003432e+00,2.310491082e+01,8.610089182e+01,1.695899493e+02,1.622942218e+02,6.014710395e+01,
2.059715805e-02,-3.510484519e-02,-1.474499220e-01,-2.558225568e+00,-1.631289483e+01,-5.548201284e+01,-1.038420819e+02,-1.010181705e+02,-3.995408224e+01,
1.590824233e-01
l,4.0,4.0
0.791,1.571,2.351,
3.991944828e-01,1.092953601e+01
9.183184803e-02,-1.731371110e-01,2.417043368e-01,-1.485380995e+00,-2.080188294e+01,-1.123241617e+02,-2.827923165e+02,-3.152199535e+02,-1.274610134e+02,
2.293909153e-02,-4.020934912e-02,-9.150356108e-02,-1.524632100e+00,-8.054183705e+00,-2.299068898e+01,-3.598365044e+01,-2.921398099e+01,-9.597501096e+00,
1.588790019e-01
l,5.0,-5.0
0.891,2.051,3.211,
1.992747746e-04,8.771047998e+00
3.375686938e-04,-3.802789913e-04,2.297569024e-05,-1.269369936e-03,-1.044946154e-02,-2.864398812e-02,-4.080209180e-02,-2.814360786e-02,-7.348202550e-03,
5.938808477e-05,-1.033949168e-04,-5.618701776e-05,-1.020044476e-03,-3.191996189e-03,-5.629855973e-03,-5.552810549e-03,-2.880001432e-03,-6.143433226e-04,
1.588480439e-01
l,5.0,-4.0
0.991,1.991,3.011,
1.117678503e-04,1.088697475e+01
6.430604844e-04,-7.584267495e-04,-4.762027619e-03,-3.691367683e-02,-1.430557243e-01,-2.859974880e-01,-3.252856487e-01,-2.002751366e-01,-5.138309690e-02,
1.376927394e-04,-2.369237113e-04,-2.296818006e-04,-3.640406876e-03,-1.388274685e-02,-2.926204526e-02,-3.428697843e-02,-2.098597264e-02,-5.235883899e-03,
1.589892999e-01
l,5.0,-3.0
1.091,2.211,3.331,
7.914591830e-05,9.213163269e+00
7.224975270e-04,-8.754060585e-04,6.584831713e-04,2.792358241e-03,3.939123461e-03,8.744158739e-04,-1.650603596e-02,-2.265752793e-02,-8.318046768e-03,
1.292743265e-04,-2.265514818e-04,-1.282183084e-04,-2.423540061e-03,-8.114956863e-03,-1.532283695e-02,-1.616465199e-02,-8.959205870e-03,-2.035330100e-03,
1.588169695e-01
l,5.0,-2.0
1.151,2.111,3.091,
1.001926073e-04,7.396229939e+00
1.410446013e-03,-8.894756692e-04,1.218393532e-02,9.197356660e-02,3.226042906e-01,6.646078317e-01,7.596642918e-01,4.435745237e-01,1.036233790e-01,
3.220567467e-04,-5.571646695e-04,-5.705393444e-04,-9.456299650e-03,-3.918124010e-02,-9.089506976e-02,-1.188413371e-01,-8.227111286e-02,-2.348392609e-02,
1.589582347e-01
l,5.0,-1.0
1.171,2.271,3.371,
8.294592637e-05,1.014834408e+01
1.783980988e-03,-2.203315713e-03,1.871019287e-03,8.861645817e-03,1.619389229e-02,1.490164607e-02,-3.203664042e-02,-5.749444480e-02,-2.298054002e-02,
3.237026066e-04,-5.686767329e-04,-4.786193292e-04,-7.838070865e-03,-2.807775118e-02,-5.530621641e-02,-6.004891522e-02,-3.395757737e-02,-7.825467123e-03,
1.588479532e-01
l,5.0,0.0
1.211,2.131,3.071,
1.881602920e-04,7.580293998e+00
3.712564008e-03,-3.267163838e-03,2.010788207e-02,1.799215406e-01,7.016280799e-01,1.636004569e+00,2.097650078e+00,1.364028886e+00,3.542064515e-01,
8.961774906e-04,-1.550687127e-03,-2.575632921e-03,-4.106377396e-02,-1.937187389e-01,-4.928787900e-01,-6.867650288e-01,-4.930615330e-01,-1.425815487e-01,
1.589893071e-01
l,5.0,1.0
1.171,2.251,3.331,
1.815065964e-04,1.155024836e+01
5.048910156e-03,-6.490346184e-03,4.953594727e-03,1.593322827e-02,-6.820422687e-03,-1.052858199e-01,-3.210252294e-01,-3.437148491e-01,-1.197784765e-01,
9.330165704e-04,-1.638007790e-03,-1.457809335e-03,-2.307422745e-02,-8.220428335e-02,-1.616178799e-01,-1.760228624e-01,-1.003588827e-01,-2.340587719e-02,
1.588169515e-01
l,5.0,2.0
1.151,2.031,2.931,
4.470508724e-04,1.118641894e+01
1.210927963e-02,-1.277666394e-02,8.645544280e-03,6.998303773e-02,-1.984879061e-02,-1.767027850e-01,-5.816098796e-01,-8.966797215e-01,-4.390522492e-01,
3.075457357e-03,-5.303797565e-03,-7.278109667e-03,-1.168831008e-01,-5.184520672e-01,-1.256793983e+00,-1.693272918e+00,-1.193176093e+00,-3.434355886e-01,
1.590203537e-01
l,5.0,3.0
1.111,2.131,3.171,
1.188414891e-03,1.240661318e+01
1.747247949e-02,-2.403563512e-02,2.245415573e-02,1.681987823e-02,-3.500441591e-01,-1.658949864e+00,-3.662622829e+00,-3.476068985e+00,-1.164188394e+00,
3.327748796e-03,-5.824874343e-03,-5.332759054e-03,-8.698525962e-02,-3.268950876e-01,-6.804158241e-01,-7.838350909e-01,-4.718539020e-01,-1.158339657e-01,
1.588480224e-01
l,5.0,4.0
1.071,1.751,2.431,
6.737713117e-03,8.543553956e+00
6.034807116e-02,-7.534198539e-02,2.264988953e-01,3.365896911e+00,1.978421957e+01,7.408000430e+01,1.436655434e+02,1.343389337e+02,4.861461616e+01,
1.996844425e-02,-3.488097646e-02,-1.176761894e-01,-2.075192189e+00,-1.266696040e+01,-4.100375882e+01,-7.262406022e+01,-6.661461432e+01,-2.478483529e+01,
1.590824324e-01
l,5.0,5.0
1.011,1.811,2.611,
3.100849534e-02,1.568228015e+01
1.055347994e-01,-2.011232539e-01,3.000610039e-01,-1.989848383e+00,-2.556451153e+01,-1.290429588e+02,-3.141435550e+02,-3.445944589e+02,-1.381032669e+02,
2.441312894e-02,-4.369998268e-02,-1.002211586e-01,-1.689020119e+00,-8.878176043e+00,-2.512380125e+01,-3.887917462e+01,-3.116845720e+01,-1.010357295e+01,
1.588169846e-01
l,6.0,-6.0
1.091,2.251,3.411,
1.854951760e-05,6.994982402e+00
1.496585028e-04,-1.703514111e-04,1.698648086e-04,1.013751995e-03,2.781160530e-03,5.093268177e-03,4.095582718e-03,1.245605452e-03,7.456485487e-05,
2.553050529e-05,-4.491128622e-05,-2.678815765e-05,-4.961357504e-04,-1.686236716e-03,-3.216014808e-03,-3.400504820e-03,-1.872948292e-03,-4.198030469e-04,
1.587857599e-01
l,6.0,-5.0
1.191,2.211,3.231,
2.138626583e-06,1.702423350e+01
2.773478045e-04,-3.418624235e-04,-2.825720841e-03,-2.292283737e-02,-9.119684835e-02,-1.892101449e-01,-2.202988254e-01,-1.363549975e-01,-3.473347444e-02,
5.740567858e-05,-1.000536514e-04,-9.329987061e-05,-1.524188472e-03,-5.822716619e-03,-1.228864422e-02,-1.438305926e-02,-8.787957156e-03,-2.188711601e-03,
1.589893053e-01
l,6.0,-4.0
1.311,2.431,3.551,
4.566348324e-06,1.018633326e+01
3.082650073e-04,-3.808487899e-04,2.881592225e-04,1.583106762e-03,3.640575193e-03,6.612013981e-03,2.811866955e-03,-2.554235332e-03,-1.644902210e-03,
5.354482363e-05,-9.481604706e-05,-5.662229656e-05,-1.039630150e-03,-3.481636953e-03,-6.578480885e-03,-6.927024679e-03,-3.831182263e-03,-8.695465375e-04,
1.588170015e-01
l,6.0,-3.0
1.371,2.351,3.351,
2.017227773e-06,1.239332564e+01
5.736714811e-04,-8.441433087e-04,-4.169673481e-03,-2.631630058e-02,-9.812775429e-02,-1.891672904e-01,-2.089713337e-01,-1.276265904e-01,-3.317835935e-02,
1.249305860e-04,-2.191604623e-04,-1.214445574e-04,-2.009887494e-03,-4.437307362e-03,-1.555551819e-03,8.761568507e-03,1.254967254e-02,5.010997067e-03,
1.589582214e-01
l,6.0,-2.0
1.431,2.531,3.651,
3.871682919e-06,1.046754045e+01
7.073780871e-04,-8.950526385e-04,7.110031661e-04,4.755157668e-03,1.540721041e-02,3.642765731e-02,3.573300010e-02,1.244819040e-02,4.692724322e-04,
1.203583069e-04,-2.140841391e-04,-1.169658090e-04,-2.285849436e-03,-7.625472798e-03,-1.439787442e-02,-1.515786805e-02,-8.390906957e-03,-1.907665639e-03,
1.587859700e-01
l,6.0,-1.0
1.471,2.431,3.411,
1.033587873e-05,8.470263847e+00
1.364654046e-03,-1.139502132e-03,7.014197738e-03,5.889795909e-02,2.153209590e-01,4.833906121e-01,6.038326543e-01,3.826570606e-01,9.649617253e-02,
3.019252614e-04,-5.314393398e-04,-6.706568805e-04,-1.145232523e-02,-5.254823872e-02,-1.319364107e-01,-1.818086453e-01,-1.289128671e-01,-3.672328317e-02,
1.589581679e-01
l,6.0,0.0
1.471,2.571,3.671,
5.390407289e-06,1.125313784e+01
1.797512057e-03,-2.327586883e-03,1.910636855e-03,1.177189179e-02,3.510996975e-02,7.960778971e-02,7.043733076e-02,1.620670470e-02,-3.257946313e-03,
3.119062807e-04,-5.554700565e-04,-4.430240868e-04,-7.446154034e-03,-2.617686678e-02,-5.080878325e-02,-5.443276917e-02,-3.047623841e-02,-6.979548348e-03,
1.587857776e-01
l,6.0,1.0
1.471,2.411,3.371,
2.230193162e-05,8.999671871e+00
3.813117044e-03,-4.285657862e-03,-1.357312011e-03,2.373412071e-02,1.184098334e-01,4.384566318e-01,7.158388240e-01,5.168465870e-01,1.385480318e-01,
8.706302923e-04,-1.531334852e-03,-1.878275264e-03,-2.910085746e-02,-1.154190480e-01,-2.480664769e-01,-2.937398990e-01,-1.809386562e-01,-4.549236285e-02,
1.589892499e-01
l,6.0,2.0
1.451,2.531,3.611,
2.152926850e-05,1.095663110e+01
5.240233149e-03,-6.896052982e-03,7.840753026e-03,5.078682960e-02,1.827245795e-01,4.195015999e-01,4.139454679e-01,1.560737873e-01,1.178288362e-02,
9.325560838e-04,-1.658645259e-03,-1.481356498e-03,-2.417334577e-02,-8.836636836e-02,-1.782177617e-01,-1.981331439e-01,-1.147805875e-01,-2.709313973e-02,
1.587857533e-01
l,6.0,3.0
1.411,2.311,3.211,
2.599972710e-05,1.312846148e+01
1.258356031e-02,-1.526125518e-02,-4.742770292e-03,3.095009068e-02,-4.905821786e-02,-6.105192999e-02,-2.453987366e-01,-5.427080978e-01,-3.032764520e-01,
3.105912365e-03,-5.445435680e-03,-5.257152095e-03,-8.176389112e-02,-2.807483131e-01,-5.029298313e-01,-4.660133414e-01,-2.017327695e-01,-2.875121524e-02,
1.590203546e-01
l,6.0,4.0
1.351,2.391,3.431,
6.284498440e-05,1.436187179e+01
1.881775074e-02,-2.679627026e-02,2.862628733e-02,8.562526618e-02,5.355352745e-02,-4.307941213e-01,-1.808208999e+00,-2.122632151e+00,-7.808576352e-01,
3.457763541e-03,-6.133242049e-03,-5.726267642e-03,-9.300072254e-02,-3.471153899e-01,-7.196389801e-01,-8.262794089e-01,-4.963192899e-01,-1.216806973e-01,
1.587857087e-01
l,6.0,5.0
1.331,1.991,2.691,
6.379026021e-04,1.117916239e+01
6.739780307e-02,-8.815754667e-02,2.086130221e-01,5.142525947e+00,3.720522773e+01,1.482315845e+02,3.026216167e+02,3.017651157e+02,1.174985979e+02,
2.119830266e-02,-3.777976114e-02,-9.642510188e-02,-1.643705208e+00,-9.205601559e+00,-2.784104169e+01,-4.647383030e+01,-4.038438495e+01,-1.429357140e+01,
1.590824772e-01
l,6.0,6.0
1.231,2.051,2.871,
3.646282120e-04,2.268622218e+01
1.190913022e-01,-2.301411114e-01,3.442564189e-01,-2.271711464e+00,-2.727535144e+01,-1.302279840e+02,-3.096354433e+02,-3.360103944e+02,-1.337057438e+02,
2.572675233e-02,-4.681549293e-02,-9.901017033e-02,-1.678379691e+00,-8.558316185e+00,-2.356240532e+01,-3.550826292e+01,-2.776911311e+01,-8.794225871e+00,
1.587547196e-01
l,7.0,-7.0
1.291,2.451,3.611,
1.482116689e-06,9.280005081e+00
6.629376003e-05,-7.923855348e-05,5.487164916e-05,3.450137248e-04,9.341320349e-04,1.694417730e-03,1.055688932e-03,-3.605363903e-05,-1.476775741e-04,
1.094238623e-05,-1.942604553e-05,-1.087604295e-05,-2.040819167e-04,-6.606800425e-04,-1.201735763e-03,-1.212723646e-03,-6.405755538e-04,-1.386746154e-04,
1.587857437e-01
l,7.0,-6.0
1.431,2.411,3.451,
7.748230174e-07,9.286197028e+00
1.166391012e-04,-5.099784074e-05,1.331388060e-03,9.950075473e-03,3.502289630e-02,7.179889233e-02,8.268072001e-02,4.932321714e-02,1.188864277e-02,
2.382933760e-05,-4.199951604e-05,-4.254736875e-05,-7.059849125e-04,-2.857595498e-03,-6.469951014e-03,-8.223911693e-03,-5.515281520e-03,-1.519508267e-03,
1.590203603e-01
l,7.0,-5.0
1.531,2.651,3.771,
1.944239352e-07,1.186568875e+01
1.309475047e-04,-1.647524238e-04,1.342764385e-04,8.729444507e-04,2.586566713e-03,5.608636551e-03,4.866234399e-03,1.152139731e-03,-1.901400761e-04,
2.209059891e-05,-3.947786574e-05,-2.380882954e-05,-4.387337788e-04,-1.464454493e-03,-2.767412684e-03,-2.913800198e-03,-1.611599844e-03,-3.659464650e-04,
1.587859939e-01
l,7.0,-4.0
1.611,2.591,3.591,
3.851243514e-08,1.473260613e+01
2.338391059e-04,-3.863236265e-04,-2.453146657e-03,-1.604405183e-02,-5.962367770e-02,-1.172157634e-01,-1.309333290e-01,-7.941064923e-02,-2.024600823e-02,
4.992464286e-05,-8.856134646e-05,-3.542274229e-05,-6.013372207e-04,-4.533100602e-04,3.471464576e-03,1.007868275e-02,1.025881852e-02,3.634349049e-03,
1.589583079e-01
l,7.0,-3.0
1.671,2.771,3.891,
1.670409701e-07,1.156636926e+01
2.887522860e-04,-3.683517121e-04,2.534993491e-04,1.967372294e-03,6.463044163e-03,1.682988282e-02,1.939030513e-02,9.310119549e-03,1.453215625e-03,
4.783411447e-05,-8.587899967e-05,-4.664046932e-05,-9.234440045e-04,-3.080010407e-03,-5.825772174e-03,-6.134429061e-03,-3.395805430e-03,-7.728090325e-04,
1.587859566e-01
l,7.0,-2.0
1.751,2.691,3.671,
4.418118310e-07,9.910324950e+00
5.302244099e-04,-3.551549936e-04,4.017236601e-03,3.268963363e-02,1.193197169e-01,2.625282062e-01,3.266796364e-01,2.096587669e-01,5.406441510e-02,
1.162761857e-04,-2.069946917e-04,-3.134888200e-04,-5.306444080e-03,-2.554999553e-02,-6.648645450e-02,-9.414918851e-02,-6.813681606e-02,-1.970486402e-02,
1.589582347e-01
l,7.0,-1.0
1.751,2.851,3.951,
2.685951526e-07,1.136046912e+01
6.819050759e-04,-8.785267965e-04,8.691703792e-04,6.569251255e-03,2.335268828e-02,5.830190150e-02,6.835829522e-02,3.578171082e-02,6.779422360e-03,
1.152955608e-04,-2.074710857e-04,-1.719079024e-04,-2.907554005e-03,-1.047756160e-02,-2.088830212e-02,-2.291130791e-02,-1.307688121e-02,-3.040946271e-03,
1.587856850e-01
l,7.0,0.0
1.751,2.731,3.711,
4.910715125e-07,1.099336673e+01
1.338582952e-03,-1.597834435e-03,-2.364201867e-03,-7.152815142e-03,-2.849349449e-02,-1.604923753e-02,3.241738393e-02,3.945448445e-02,1.195991500e-02,
2.907593105e-04,-5.186382272e-04,-2.448773046e-04,-4.428413825e-03,-9.852753193e-03,-6.863322503e-03,7.483431184e-03,1.346409183e-02,5.348255404e-03,
1.589582606e-01
l,7.0,1.0
1.751,2.851,3.971,
5.216124345e-07,1.180642866e+01
1.832959009e-03,-2.389672064e-03,2.055412522e-03,1.628372147e-02,6.018474586e-02,1.578390563e-01,1.907576007e-01,1.023052284e-01,1.988434832e-02,
2.986518726e-04,-5.379739206e-04,-3.014465185e-04,-5.876714995e-03,-1.958688807e-02,-3.705806149e-02,-3.902540525e-02,-2.161336418e-02,-4.921761948e-03,
1.587857204e-01
l,7.0,2.0
1.751,2.691,3.651,
1.140949494e-06,1.156269911e+01
3.867190098e-03,-3.954091830e-03,4.371359413e-03,4.842216726e-02,1.201053757e-01,2.836251124e-01,3.969294523e-01,2.571942996e-01,6.045340655e-02,
8.694105284e-04,-1.548743289e-03,-1.897118714e-03,-2.999246286e-02,-1.211141681e-01,-2.668906527e-01,-3.264785792e-01,-2.093624126e-01,-5.516394710e-02,
1.589582363e-01
l,7.0,3.0
1.711,2.811,3.911,
1.519247792e-06,1.255063239e+01
5.389569793e-03,-7.367912779e-03,6.796410123e-03,4.340107249e-02,1.541504411e-01,3.788747748e-01,3.983284490e-01,1.658780272e-01,1.838530269e-02,
8.937618374e-04,-1.608288625e-03,-1.209375502e-03,-2.120095642e-02,-7.441572423e-02,-1.449011709e-01,-1.556365920e-01,-8.740056237e-02,-2.007867090e-02,
1.587547293e-01
l,7.0,4.0
1.651,2.571,3.491,
1.611602705e-05,9.909770533e+00
1.326906029e-02,-1.504246185e-02,1.928119951e-02,3.111205424e-01,1.381885314e+00,3.875094611e+00,5.676001288e+00,4.014540675e+00,1.097021975e+00,
3.112941849e-03,-5.532481207e-03,-8.142860078e-03,-1.337269916e-01,-5.988071249e-01,-1.431357165e+00,-1.864577289e+00,-1.253836792e+00,-3.418150396e-01,
1.590203090e-01
l,7.0,5.0
1.591,2.631,3.691,
2.761749272e-06,1.616575116e+01
2.065213956e-02,-2.984560927e-02,3.061177574e-02,1.332090404e-01,3.436395992e-01,5.372720928e-01,-3.160033394e-01,-1.074579764e+00,-5.060004990e-01,
3.572268898e-03,-6.407861196e-03,-5.686574012e-03,-9.399999436e-02,-3.426881473e-01,-6.939236260e-01,-7.761138179e-01,-4.539310870e-01,-1.084678112e-01,
1.587237278e-01
l,7.0,6.0
1.571,2.251,2.971,
7.988580500e-05,1.195469469e+01
7.212256640e-02,-1.000376041e-01,1.274925458e-01,4.042626490e+00,2.894880860e+01,1.156072942e+02,2.341752445e+02,2.298952130e+02,8.776100734e+01,
2.149885091e-02,-3.889088320e-02,-7.185554713e-02,-1.187009474e+00,-5.762710180e+00,-1.516191916e+01,-2.195790011e+01,-1.651770115e+01,-5.067860938e+00,
1.590514036e-01
l,7.0,7.0
1.451,2.271,3.111,
3.126288849e-05,1.947165093e+01
1.380206048e-01,-2.751876846e-01,6.525460147e-01,2.909727514e+00,9.953701559e+00,4.892066996e+00,-6.336911566e+01,-1.183770829e+02,-5.912420100e+01,
2.790229333e-02,-5.152827417e-02,-6.176379527e-02,-1.085750163e+00,-4.698845369e+00,-1.155659858e+01,-1.595085475e+01,-1.171170277e+01,-3.547367863e+00,
1.586927662e-01
l,8.0,-8.0
1.471,2.631,3.811,
6.361537401e-08,1.190878871e+01
2.996441981e-05,-3.647341477e-05,2.066111264e-05,1.372329962e-04,3.430144316e-04,6.373976036e-04,3.397939173e-04,-1.253228073e-04,-1.049134231e-04,
4.674689431e-06,-8.366817400e-06,-4.122091345e-06,-8.190604178e-05,-2.555208803e-04,-4.511593399e-04,-4.421020936e-04,-2.272364215e-04,-4.803052765e-05,
1.587547088e-01
l,8.0,-7.0
1.651,2.611,3.651,
2.455020226e-08,1.191405233e+01
5.065547884e-05,-1.177638195e-05,7.738708068e-04,5.859480610e-03,2.124936187e-02,4.457964355e-02,5.271175590e-02,3.242465357e-02,8.073885397e-03,
1.020673090e-05,-1.815097083e-05,-1.815911768e-05,-3.092120696e-04,-1.273496602e-03,-2.939840265e-03,-3.812606418e-03,-2.610481949e-03,-7.340630127e-04,
1.590203440e-01
l,8.0,-6.0
1.731,2.851,3.991,
1.303722124e-08,1.237517330e+01
5.702707858e-05,-7.262311730e-05,4.644188270e-05,3.778307196e-04,1.198842319e-03,3.071664560e-03,3.527904223e-03,1.704451748e-03,2.735333232e-04,
9.084817641e-06,-1.636775770e-05,-7.992785091e-06,-1.663542510e-04,-5.388182441e-04,-9.906223058e-04,-1.011290229e-03,-5.426095592e-04,-1.199288382e-04,
1.587857599e-01
l,8.0,-5.0
1.831,2.811,3.811,
1.369467059e-08,1.179110782e+01
9.725341806e-05,-1.187282094e-04,-2.959651326e-04,-1.386367794e-03,-5.400604718e-03,-8.468181222e-03,-6.515053949e-03,-2.693542686e-03,-5.375231747e-04,
2.058776092e-05,-3.684934049e-05,-3.290136270e-05,-5.689589845e-04,-2.191468908e-03,-4.611774941e-03,-5.230049860e-03,-2.979915446e-03,-6.664129243e-04,
1.589582587e-01
l,8.0,-4.0
1.911,3.011,4.111,
9.859051740e-09,1.214196982e+01
1.176388978e-04,-1.504731670e-04,1.207524129e-04,9.868792295e-04,3.271325761e-03,8.473829214e-03,1.036294828e-02,5.623319515e-03,1.104319791e-03,
1.963801005e-05,-3.552529458e-05,-2.801243703e-05,-4.865171775e-04,-1.736400324e-03,-3.431211838e-03,-3.728107830e-03,-2.109455977e-03,-4.873304191e-04,
1.587859886e-01
l,8.0,-3.0
1.971,2.931,3.911,
1.930203751e-09,1.459726611e+01
2.118262928e-04,-2.570969448e-04,-9.399630749e-04,-6.629192095e-03,-3.087541846e-02,-6.783957694e-02,-8.089904005e-02,-5.141383538e-02,-1.361240814e-02,
4.619646591e-05,-8.299926544e-05,-2.605532017e-05,-4.566951963e-04,5.940539225e-05,3.763970487e-03,8.512393910e-03,7.589684686e-03,2.439191040e-03,
1.589582214e-01
l,8.0,-2.0
2.011,3.111,4.211,
2.434028815e-08,1.112556475e+01
2.666939108e-04,-3.456168610e-04,3.213428174e-04,2.859083555e-03,1.083747299e-02,2.875704719e-02,3.694752999e-02,2.192416494e-02,4.918437019e-03,
4.398291954e-05,-7.982269286e-05,-6.174092452e-05,-1.084792137e-03,-3.864490897e-03,-7.655540091e-03,-8.356885553e-03,-4.756626966e-03,-1.105695398e-03,
1.587859700e-01
l,8.0,-1.0
2.031,3.011,3.991,
1.505592932e-08,1.221727883e+01
4.987064167e-04,-6.162072950e-04,-1.623619870e-03,-7.630314645e-03,-2.992306458e-02,-4.714635353e-02,-3.495465952e-02,-1.257022418e-02,-1.884242157e-03,
1.073994974e-04,-1.935315924e-04,-4.836864227e-05,-9.931819467e-04,3.201704596e-04,8.931069416e-03,1.977618753e-02,1.750403730e-02,5.604504636e-03,
1.589581679e-01
l,8.0,0.0
2.051,3.151,4.251,
1.864540917e-08,1.245337357e+01
6.677639904e-04,-8.657239756e-04,6.908591710e-04,5.863174137e-03,2.014162778e-02,5.382913057e-02,6.841695408e-02,3.909958034e-02,8.249333889e-03,
1.098095729e-04,-1.995558389e-04,-1.585364080e-04,-2.748942696e-03,-9.781596812e-03,-1.928306043e-02,-2.090149491e-02,-1.180588269e-02,-2.724845636e-03,
1.587857776e-01
l,8.0,1.0
2.071,3.031,4.011,
1.081884237e-07,1.068733880e+01
1.302263001e-03,-1.320639185e-03,1.846403220e-03,2.326354951e-02,8.173570791e-02,2.095385445e-01,2.993901019e-01,2.090214616e-01,5.644406793e-02,
2.781780600e-04,-5.017708861e-04,-5.381193855e-04,-9.415584473e-03,-3.966132736e-02,-9.082292167e-02,-1.142967127e-01,-7.462600354e-02,-1.982098717e-02,
1.589582034e-01
l,8.0,2.0
2.031,3.131,4.251,
9.298883841e-08,1.174289618e+01
1.855856972e-03,-2.424526889e-03,2.093489695e-03,1.876372213e-02,7.063867985e-02,1.909015256e-01,2.474006260e-01,1.469026640e-01,3.280177306e-02,
2.948039358e-04,-5.359101055e-04,-2.951826817e-04,-5.844387097e-03,-1.944794015e-02,-3.687288045e-02,-3.886870354e-02,-2.154866146e-02,-4.918502972e-03,
1.587547284e-01
l,8.0,3.0
2.051,2.971,3.951,
2.203776732e-07,1.149129601e+01
3.901897930e-03,-3.954234539e-03,8.283830861e-03,1.163987048e-01,5.114918666e-01,1.369085845e+00,1.971502354e+00,1.405352442e+00,3.923962629e-01,
8.327181356e-04,-1.500404380e-03,-1.638950592e-03,-2.846403794e-02,-1.200415551e-01,-2.751154303e-01,-3.463985201e-01,-2.262697116e-01,-6.012645929e-02,
1.589582918e-01
l,8.0,4.0
1.971,3.071,4.171,
1.293980858e-07,1.359647065e+01
5.641256925e-03,-7.713836181e-03,6.802685958e-03,4.713510415e-02,1.678611509e-01,4.345009792e-01,5.022323606e-01,2.478419485e-01,4.148856854e-02,
9.157304940e-04,-1.662309870e-03,-1.316133129e-03,-2.268021241e-02,-7.995234608e-02,-1.562321718e-01,-1.680258966e-01,-9.435246934e-02,-2.166984877e-02,
1.587237375e-01
l,8.0,5.0
1.911,2.831,3.751,
2.125958959e-06,1.095243560e+01
1.387482975e-02,-1.601952063e-02,4.982191401e-03,2.037654493e-01,9.568316347e-01,3.022375059e+00,4.788464750e+00,3.558448839e+00,1.006358148e+00,
3.212854803e-03,-5.772392472e-03,-6.858979379e-03,-1.141086787e-01,-4.848456895e-01,-1.126613589e+00,-1.442510602e+00,-9.591482545e-01,-2.596796167e-01,
1.589892830e-01
l,8.0,6.0
1.831,2.891,3.951,
2.923548962e-07,1.620614625e+01
2.179528028e-02,-3.201633000e-02,3.866083574e-02,2.277644998e-01,8.678427072e-01,2.057634852e+00,1.949299085e+00,5.828266486e-01,-3.352227895e-02,
3.673006910e-03,-6.652243129e-03,-5.842149407e-03,-9.851484749e-02,-3.617742671e-01,-7.392141940e-01,-8.337195738e-01,-4.914225832e-01,-1.182496671e-01,
1.586927787e-01
l,8.0,7.0
1.771,2.491,3.251,
1.928863522e-05,1.171555173e+01
7.853298634e-02,-1.027225413e-01,8.368445576e-02,2.941851421e+00,1.805261615e+01,6.989206988e+01,1.385955927e+02,1.312844445e+02,4.777314362e+01,
2.162095038e-02,-3.957514883e-02,-7.714155804e-02,-1.344165283e+00,-6.972693327e+00,-1.950934984e+01,-2.996469266e+01,-2.387929580e+01,-7.744973995e+00,
1.590513911e-01
l,8.0,8.0
1.671,2.511,3.371,
0.000000000e+00,0.000000000e+00
1.520245969e-01,-3.008733178e-01,5.735394510e-01,3.578452106e-01,-8.060239587e+00,-5.323682031e+01,-1.623944577e+02,-2.037848875e+02,-8.830569042e+01,
2.898421845e-02,-5.410651536e-02,-6.635452867e-02,-1.198922472e+00,-5.344152090e+00,-1.347409839e+01,-1.897619710e+01,-1.412112068e+01,-4.305442499e+00,
1.586626562e-01
l,9.0,-9.0
1.671,2.831,3.991,
9.405537382e-10,1.559519509e+01
1.314417023e-05,-1.643735032e-05,6.827241998e-06,1.007829631e-05,-1.297199497e-04,-4.058671218e-04,-7.072491460e-04,-5.896444608e-04,-1.780595277e-04,
2.064682630e-06,-3.719810345e-06,-1.998959266e-06,-3.836362410e-05,-1.223681859e-04,-2.217325391e-04,-2.236273121e-04,-1.184976041e-04,-2.581499341e-05,
1.587237518e-01
l,9.0,-8.0
1.771,2.811,3.871,
4.213083907e-11,1.934373299e+01
2.191048952e-05,-3.721418476e-05,-2.595633590e-04,-1.636291700e-03,-5.815992536e-03,-1.084904653e-02,-1.129340545e-02,-6.294682506e-03,-1.466535554e-03,
4.205205962e-06,-7.543625456e-06,-1.923022951e-06,-3.932308505e-05,1.912743057e-05,4.175128109e-04,9.603368199e-04,8.778164663e-04,2.868962134e-04,
1.590203340e-01
l,9.0,-7.0
1.951,3.071,4.191,
9.368778314e-10,1.286025352e+01
2.402607970e-05,-3.086808149e-05,2.580324899e-05,2.217832891e-04,8.063071967e-04,2.056123823e-03,2.478091464e-03,1.347723748e-03,2.700422694e-04,
3.862491042e-06,-7.005014879e-06,-3.814143027e-06,-7.619266976e-05,-2.533383062e-04,-4.798327323e-04,-5.055056923e-04,-2.797772258e-04,-6.367581874e-05,
1.587857437e-01
l,9.0,-6.0
2.111,3.031,4.031,
8.536451998e-10,1.240467682e+01
4.047825860e-05,-1.790870333e-05,4.447024884e-04,3.527704920e-03,1.280772485e-02,2.757773319e-02,3.391710791e-02,2.177391913e-02,5.658377498e-03,
8.461899473e-06,-1.526649048e-05,-2.579883582e-05,-4.523182926e-04,-2.278911084e-03,-6.088846650e-03,-8.730945354e-03,-6.335553132e-03,-1.824312936e-03,
1.589582429e-01
l,9.0,-5.0
2.131,3.231,4.331,
2.282380192e-09,1.102388907e+01
4.902992077e-05,-6.265755966e-05,4.751777852e-05,4.942926758e-04,1.856462910e-03,5.134402092e-03,6.922288684e-03,4.305863055e-03,1.012614458e-03,
8.039413433e-06,-1.464238743e-05,-1.104835236e-05,-1.958988100e-04,-6.870289882e-04,-1.339990683e-03,-1.440843536e-03,-8.093297288e-04,-1.862720319e-04,
1.587859939e-01
l,9.0,-4.0
2.211,3.171,4.151,
1.729160538e-10,1.432256788e+01
8.474007336e-05,-1.094854589e-04,-5.448677986e-04,-3.668632439e-03,-1.549801103e-02,-3.210600181e-02,-3.599971108e-02,-2.136946348e-02,-5.285238142e-03,
1.828615357e-05,-3.312255089e-05,1.074045719e-06,-1.538434463e-05,9.963693347e-04,4.245554474e-03,7.409705692e-03,5.957983268e-03,1.816668501e-03,
1.589582534e-01
l,9.0,-3.0
2.271,3.351,4.431,
3.187712279e-09,1.082711453e+01
1.068904021e-04,-1.356751395e-04,1.284363077e-04,1.296753490e-03,4.936922980e-03,1.334777116e-02,1.800844087e-02,1.137490691e-02,2.737173269e-03,
1.798360830e-05,-3.284822400e-05,-2.640278282e-05,-4.671036994e-04,-1.705153651e-03,-3.462266269e-03,-3.872334369e-03,-2.256159376e-03,-5.366513922e-04,
1.587859566e-01
l,9.0,-2.0
2.311,3.271,4.251,
2.118490935e-09,1.159428156e+01
1.913994056e-04,-1.768967660e-04,4.330255161e-04,5.021173646e-03,1.713005089e-02,3.900055294e-02,5.156901977e-02,3.457773507e-02,9.128284331e-03,
4.095369946e-05,-7.441616868e-05,-9.273432150e-05,-1.606107576e-03,-7.027992969e-03,-1.648176577e-02,-2.109186962e-02,-1.393681543e-02,-3.732793793e-03,
1.589892813e-01
l,9.0,-1.0
2.331,3.411,4.511,
2.961176414e-09,1.155424237e+01
2.570046054e-04,-3.236694170e-04,2.571696470e-04,2.741933601e-03,9.912216906e-03,2.737647817e-02,3.766866697e-02,2.401201373e-02,5.789667409e-03,
4.170804569e-05,-7.635217010e-05,-5.845279632e-05,-1.048959937e-03,-3.760762366e-03,-7.499187151e-03,-8.220259036e-03,-4.689918594e-03,-1.092628688e-03,
1.587856850e-01
l,9.0,0.0
2.371,3.311,4.291,
6.421843461e-09,1.110127329e+01
4.777288996e-04,-4.337643507e-04,8.030614798e-04,1.022201750e-02,3.602984639e-02,9.079507323e-02,1.320899657e-01,9.590381392e-02,2.716623652e-02,
1.022170396e-04,-1.859794614e-04,-2.491351697e-04,-4.199462582e-03,-1.842066962e-02,-4.324679189e-02,-5.538006208e-02,-3.660743223e-02,-9.806320783e-03,
1.589582606e-01
l,9.0,1.0
2.351,3.451,4.551,
5.636654761e-09,1.182055790e+01
6.480854936e-04,-8.478551285e-04,6.369706111e-04,6.298210787e-03,2.337367835e-02,6.522066192e-02,8.815617333e-02,5.474153326e-02,1.282343228e-02,
1.040638590e-04,-1.907239249e-04,-1.435260037e-04,-2.563669766e-03,-8.987467894e-03,-1.752871579e-02,-1.882931362e-02,-1.056591526e-02,-2.429885424e-03,
1.587857204e-01
l,9.0,2.0
2.351,3.311,4.311,
1.335448234e-08,1.145771000e+01
1.291141030e-03,-1.255763275e-03,1.573025240e-03,2.248025039e-02,7.511943195e-02,1.896287902e-01,2.766119943e-01,1.987891520e-01,5.525079610e-02,
2.646544574e-04,-4.819417848e-04,-5.152323645e-04,-9.185692222e-03,-3.859553534e-02,-8.746614847e-02,-1.083281455e-01,-6.938546086e-02,-1.805384321e-02,
1.589582363e-01
l,9.0,3.0
2.311,3.411,4.531,
8.028941164e-09,1.286532922e+01
1.860255958e-03,-2.435014672e-03,1.651744962e-03,1.584556212e-02,5.650617192e-02,1.605373762e-01,2.164864045e-01,1.319112910e-01,2.999315391e-02,
2.897438427e-04,-5.309034050e-04,-2.828958180e-04,-5.793568474e-03,-1.924628887e-02,-3.650223763e-02,-3.847927948e-02,-2.133187830e-02,-4.871034004e-03,
1.587237830e-01
l,9.0,4.0
2.291,3.251,4.231,
4.418650087e-08,1.174088475e+01
3.910081927e-03,-4.174776688e-03,1.254217046e-03,4.093267106e-02,1.347655801e-01,4.005496545e-01,6.441888838e-01,4.818908312e-01,1.356998505e-01,
8.223690051e-04,-1.495357567e-03,-1.040251951e-03,-1.984614468e-02,-7.445700524e-02,-1.581316141e-01,-1.881345450e-01,-1.176768519e-01,-3.034937073e-02,
1.589582462e-01
l,9.0,5.0
2.231,3.331,4.451,
1.475153542e-08,1.423791696e+01
5.858112127e-03,-8.044977166e-03,5.903791801e-03,4.493886777e-02,1.626703113e-01,4.537175597e-01,5.675744438e-01,3.098480633e-01,6.072912494e-02,
9.010130985e-04,-1.648983812e-03,-8.254339630e-04,-1.756840755e-02,-5.832695470e-02,-1.106865035e-01,-1.167001237e-01,-6.474109735e-02,-1.478298332e-02,
1.586927876e-01
l,9.0,6.0
2.171,3.071,4.011,
2.723917762e-07,1.190925563e+01
1.472556032e-02,-1.648336909e-02,-1.075235464e-03,1.909824410e-01,8.354681849e-01,2.659290066e+00,4.374192692e+00,3.377161785e+00,9.898873600e-01,
3.300068996e-03,-5.984683488e-03,-5.993874941e-03,-1.007148092e-01,-3.972511530e-01,-8.616565452e-01,-1.029800007e+00,-6.390302741e-01,-1.619910668e-01,
1.589582276e-01
l,9.0,7.0
2.071,3.151,4.231,
3.298427833e-08,1.651826758e+01
2.283073030e-02,-3.409731188e-02,4.140232028e-02,2.658469133e-01,1.097840537e+00,2.775796235e+00,3.068490178e+00,1.424618603e+00,2.105130148e-01,
3.625394236e-03,-6.623331126e-03,-4.985386682e-03,-9.074552221e-02,-3.275984999e-01,-6.612734294e-01,-7.356073866e-01,-4.274624442e-01,-1.013861232e-01,
1.586626478e-01
l,9.0,8.0
2.011,2.751,3.511,
2.001716331e-06,1.297912689e+01
8.241649717e-02,-1.061749781e-01,1.952698616e-01,3.799657023e+00,2.055224123e+01,7.080216946e+01,1.298145732e+02,1.158882599e+02,4.006694036e+01,
2.240179837e-02,-4.143662986e-02,-8.501419338e-02,-1.469437851e+00,-7.636814400e+00,-2.139403679e+01,-3.294328658e+01,-2.637314239e+01,-8.610286088e+00,
1.590513995e-01
l,9.0,9.0
1.891,2.751,3.611,
0.000000000e+00,0.000000000e+00
1.659357995e-01,-3.315697543e-01,7.126778801e-01,3.574269460e+00,1.810701361e+01,4.597843354e+01,2.466655102e+01,-3.235520319e+01,-2.730241044e+01,
3.108149544e-02,-5.863886661e-02,-7.109187405e-02,-1.298068276e+00,-5.791578782e+00,-1.465197590e+01,-2.069692814e+01,-1.543032756e+01,-4.707690784e+00,
1.586316555e-01
