l,0.0,-0.0
0.051,0.711,1.371,
1.927850449e+00,1.824115737e+00
3.251909092e-02,-2.824704755e-02,2.055240338e-01,2.487366669e+00,1.554913390e+01,5.575091483e+01,1.137298830e+02,1.235757263e+02,5.430983719e+01,
1.429231251e-02,-2.055194087e-02,-1.015905447e-01,-1.640742428e+00,-1.040518080e+01,-3.487361706e+01,-6.407041110e+01,-6.096907968e+01,-2.349905349e+01,
1.590824122e-01
l,1.0,-1.0
0.191,1.191,2.191,
3.297205140e-01,3.139561512e+00
8.753348142e-03,-8.711032763e-03,2.104322126e-03,-2.550431880e-02,-2.924617338e-01,-9.175533728e-01,-1.375292368e+00,-9.411818012e-01,-2.342305934e-01,
2.279528464e-03,-3.626663170e-03,-4.201180600e-03,-5.701641946e-02,-2.126948093e-01,-4.338181222e-01,-4.944527540e-01,-2.960482473e-01,-7.268688860e-02,
1.589892503e-01
l,1.0,0.0
0.231,0.811,1.411,
7.748748622e-01,3.271100928e+00
2.847496979e-02,-2.640671290e-02,7.250428347e-03,3.914373894e-02,-2.723313212e+00,-1.735599844e+01,-5.174863852e+01,-7.010260212e+01,-3.443715426e+01,
1.349609503e-02,-1.953704675e-02,-8.261467882e-02,-1.344995466e+00,-8.365663222e+00,-2.758186486e+01,-5.032725701e+01,-4.809611331e+01,-1.883834175e+01,
1.591445780e-01
l,1.0,1.0
0.251,0.971,1.751,
4.433740871e+00,3.823527437e+00
4.715169966e-02,-6.517495429e-02,1.322194082e-01,4.713181789e-01,1.321703434e-01,-7.591515933e+00,-2.192691134e+01,-1.744008756e+01,-2.260819566e+00,
1.485957377e-02,-2.335213952e-02,-5.982794547e-02,-9.417261377e-01,-5.099453836e+00,-1.475521676e+01,-2.339722841e+01,-1.919661337e+01,-6.363642162e+00,
1.590203365e-01
l,2.0,-2.0
0.411,1.511,2.631,
2.159272183e-02,3.603201070e+00
3.025965998e-03,-3.123169619e-03,2.306069434e-03,1.353472716e-02,3.233373366e-02,5.627393244e-02,5.220065968e-02,3.175320685e-02,1.041757814e-02,
6.232303101e-04,-1.032706171e-03,-7.081858896e-04,-1.145753738e-02,-3.884959248e-02,-7.327492704e-02,-7.707961021e-02,-4.246268541e-02,-9.570990582e-03,
1.588790309e-01
l,2.0,-1.0
0.511,1.331,2.211,
5.060854395e-02,4.518675798e+00
7.385108154e-03,-6.522831625e-03,3.929680010e-02,4.702138178e-01,2.404472570e+00,6.673315232e+00,9.914387780e+00,7.525313885e+00,2.306106651e+00,
2.208489054e-03,-3.521580166e-03,-4.792443495e-03,-6.723362680e-02,-2.740144541e-01,-6.091255258e-01,-7.583940458e-01,-5.003890607e-01,-1.375124523e-01,
1.590203211e-01
l,2.0,0.0
0.491,1.491,2.531,
8.162495786e-02,4.370449591e+00
1.058322005e-02,-1.251107727e-02,1.178479599e-02,3.861864463e-02,2.778175433e-02,-1.372767527e-01,-4.675310620e-01,-4.238524013e-01,-1.139951869e-01,
2.349838137e-03,-3.879249484e-03,-3.960505710e-03,-5.803891651e-02,-2.146453873e-01,-4.355295231e-01,-4.913706065e-01,-2.903817870e-01,-7.012346446e-02,
1.588790363e-01
l,2.0,1.0
0.451,1.091,1.751,
5.294910850e-01,5.532109123e+00
3.733291849e-02,-3.635132665e-02,1.357594697e-01,1.912757479e+00,1.002085638e+01,3.157882351e+01,4.803514393e+01,3.047016117e+01,4.986302063e+00,
1.486537375e-02,-2.336125432e-02,-8.931641673e-02,-1.474045493e+00,-9.076881389e+00,-2.983750393e+01,-5.404841797e+01,-5.089291069e+01,-1.947378123e+01,
1.590824053e-01
l,2.0,2.0
0.491,1.251,2.071,
1.836516238e+00,5.615895771e+00
6.110149994e-02,-9.622953273e-02,1.641032131e-01,-1.141450620e+00,-1.492163047e+01,-6.652777624e+01,-1.377167301e+02,-1.288720120e+02,-4.422083387e+01,
1.628760523e-02,-2.690503014e-02,-5.824262452e-02,-9.211393716e-01,-4.625532076e+00,-1.239572038e+01,-1.815759307e+01,-1.379630984e+01,-4.253359301e+00,
1.589272400e-01
l,3.0,-3.0
0.591,1.771,2.951,
4.315416969e-03,5.336557940e+00
1.137227984e-03,-1.234096838e-03,6.617063289e-04,6.899126389e-04,-1.255722276e-02,-4.344014176e-02,-6.864204131e-02,-4.883348357e-02,-1.261296066e-02,
2.039869117e-04,-3.459801567e-04,-2.073708120e-04,-3.606580771e-03,-1.184114204e-02,-2.172132052e-02,-2.214439500e-02,-1.179281968e-02,-2.562879290e-03,
1.587857591e-01
l,3.0,-2.0
0.691,1.651,2.651,
3.446054606e-03,5.025511579e+00
2.514499007e-03,-1.742725089e-03,1.639724308e-02,1.242876438e-01,4.367033083e-01,8.971743305e-01,1.011937737e+00,5.827301176e-01,1.353059006e-01,
6.031986039e-04,-1.001169823e-03,-1.102435532e-03,-1.662032578e-02,-6.622514145e-02,-1.467748822e-01,-1.832939026e-01,-1.212161980e-01,-3.307979585e-02,
1.589582207e-01
l,3.0,-1.0
0.711,1.851,2.991,
4.220766731e-03,4.932361435e+00
3.331403015e-03,-3.992459159e-03,3.424763967e-03,1.699443740e-02,4.636104993e-02,7.976465903e-02,3.903740619e-02,-1.171702161e-02,-9.148864911e-03,
6.074015796e-04,-1.034002643e-03,-6.427767512e-04,-1.095446538e-02,-3.578108874e-02,-6.577831041e-02,-6.763148386e-02,-3.657962802e-02,-8.115239499e-03,
1.587857208e-01
l,3.0,0.0
0.731,1.651,2.571,
1.057032095e-02,6.197988635e+00
8.311152458e-03,-7.549982950e-03,3.928615053e-02,3.939958305e-01,1.655807050e+00,3.894645321e+00,4.809876853e+00,2.928807821e+00,6.972065863e-01,
2.201405772e-03,-3.645685195e-03,-6.614186300e-03,-1.024331564e-01,-4.924800774e-01,-1.271905899e+00,-1.797440534e+00,-1.307470594e+00,-3.826260163e-01,
1.590203434e-01
l,3.0,1.0
0.731,1.791,2.871,
2.436871944e-02,6.432138617e+00
1.231595036e-02,-1.573506746e-02,1.559064404e-02,2.435454639e-02,-1.423680834e-01,-7.667940843e-01,-1.646279170e+00,-1.457795210e+00,-4.500882608e-01,
2.379500425e-03,-4.036529860e-03,-3.777041019e-03,-5.910077971e-02,-2.191628002e-01,-4.464743730e-01,-5.013775921e-01,-2.929318601e-01,-6.954702484e-02,
1.588169673e-01
l,3.0,2.0
0.711,1.411,2.111,
1.018353027e+00,1.414212451e+01
4.370407015e-02,-5.038231310e-02,4.957758569e-02,-7.430951439e-02,-7.135750236e+00,-3.769067438e+01,-9.506338720e+01,-1.156845809e+02,-5.351366162e+01,
1.526081743e-02,-2.522304775e-02,-5.845994127e-02,-8.932668066e-01,-4.520150807e+00,-1.244826296e+01,-1.919290067e+01,-1.565516806e+01,-5.292363253e+00,
1.590824666e-01
l,3.0,3.0
0.671,1.511,2.371,
3.367367922e+00,1.253719870e+01
7.817222923e-02,-1.420962426e-01,7.342255104e-02,-2.050884719e+00,-1.966568162e+01,-8.711943111e+01,-1.920990777e+02,-1.949087241e+02,-7.309032516e+01,
1.803914950e-02,-3.084215468e-02,-4.796260393e-02,-7.624030634e-01,-3.405503655e+00,-8.251371796e+00,-1.094423909e+01,-7.539165116e+00,-2.105768757e+00,
1.588480308e-01
l,4.0,-4.0
0.811,2.011,3.211,
3.572513790e-04,5.910846954e+00
4.393593990e-04,-4.994087083e-04,2.889695129e-04,1.084957238e-03,1.130746728e-04,-3.408739491e-03,-9.013756255e-03,-7.911291357e-03,-2.238596971e-03,
7.324849180e-05,-1.262024294e-04,-7.405205354e-05,-1.300317136e-03,-4.153129569e-03,-7.404677363e-03,-7.315290341e-03,-3.776907735e-03,-7.974585393e-04,
1.587237382e-01
l,4.0,-3.0
0.931,1.951,2.991,
2.978997229e-04,5.946470920e+00
8.856347995e-04,-5.706918852e-04,7.082860389e-03,5.091120375e-02,1.723097897e-01,3.375251450e-01,3.649103993e-01,2.023153959e-01,4.521378031e-02,
1.907594827e-04,-3.243965326e-04,-3.144026409e-04,-5.106297960e-03,-2.020676769e-02,-4.455173791e-02,-5.511693468e-02,-3.598212265e-02,-9.660297353e-03,
1.589272562e-01
l,4.0,-2.0
0.971,2.131,3.311,
3.366995793e-04,7.763313792e+00
1.188562950e-03,-1.439180737e-03,1.015990900e-03,6.354134666e-03,1.868790658e-02,3.595413345e-02,2.363981352e-02,-2.934805639e-04,-3.289866295e-03,
1.962793131e-04,-3.401145232e-04,-2.047324368e-04,-3.516527404e-03,-1.105971159e-02,-1.952176996e-02,-1.912946094e-02,-9.832242363e-03,-2.075055828e-03,
1.587237665e-01
l,4.0,-1.0
1.071,2.031,3.031,
4.163999807e-04,6.482663407e+00
2.518360969e-03,-2.093269599e-03,1.372997658e-02,1.129605368e-01,4.269329312e-01,9.555359723e-01,1.170780304e+00,7.285135179e-01,1.814755164e-01,
5.679868202e-04,-9.692958973e-04,-1.257718450e-03,-2.063063717e-02,-9.347566447e-02,-2.309442025e-01,-3.126672684e-01,-2.175223643e-01,-6.071547439e-02,
1.589582583e-01
l,4.0,0.0
1.031,2.171,3.311,
6.680779438e-04,7.245432748e+00
3.643218894e-03,-4.590249857e-03,4.835907058e-03,3.077684779e-02,1.088123964e-01,2.390382052e-01,2.323047489e-01,9.444805832e-02,1.197845836e-02,
6.254962466e-04,-1.084904531e-03,-7.462044471e-04,-1.235030619e-02,-4.087026548e-02,-7.621017685e-02,-7.919543165e-02,-4.322093608e-02,-9.666089106e-03,
1.587237174e-01
l,4.0,1.0
1.051,1.971,2.911,
1.350632818e-03,6.512561910e+00
9.053053334e-03,-1.074744359e-02,-3.578970380e-03,8.890637240e-02,5.655873162e-01,1.911315803e+00,2.971604281e+00,2.145774801e+00,5.940592860e-01,
2.225631233e-03,-3.784306880e-03,-4.156307525e-03,-6.232592280e-02,-2.284409406e-01,-4.453067349e-01,-4.678926190e-01,-2.488434435e-01,-5.227632502e-02,
1.589892657e-01
l,4.0,2.0
1.011,2.091,3.171,
3.244643287e-03,9.732669449e+00
1.394706964e-02,-1.886772605e-02,1.674193435e-02,3.424226828e-02,-8.122262635e-02,-5.711641106e-01,-1.434667016e+00,-1.393545153e+00,-4.578712116e-01,
2.545695071e-03,-4.401513959e-03,-4.143360554e-03,-6.458210337e-02,-2.339102643e-01,-4.664686345e-01,-5.127409778e-01,-2.939828765e-01,-6.873134327e-02,
1.587237359e-01
l,4.0,3.0
0.991,1.711,2.451,
1.130814654e-02,7.468515206e+00
5.021420121e-02,-6.597528527e-02,3.656799500e-02,1.818542764e+00,1.281508348e+01,4.912710747e+01,9.208410501e+01,8.202888502e+01,2.816151380e+01,
1.575433305e-02,-2.691278899e-02,-5.342041706e-02,-8.479495249e-01,-4.183622117e+00,-1.114086050e+01,-1.632374955e+01,-1.240575434e+01,-3.830579946e+00,
1.590514216e-01
l,4.0,4.0
0.931,1.791,2.651,
1.063310058e-01,1.799253700e+01
9.319914877e-02,-1.660068307e-01,8.972982869e-02,-3.716192285e+00,-3.067396569e+01,-1.167054741e+02,-2.330539207e+02,-2.234513458e+02,-8.093805971e+01,
2.036050670e-02,-3.573802068e-02,-4.841672395e-02,-8.043589590e-01,-3.615767082e+00,-9.150569926e+00,-1.296740237e+01,-9.689740717e+00,-2.959949233e+00,
1.587547374e-01
l,5.0,-5.0
1.031,2.251,3.471,
3.083326035e-05,8.719479084e+00
1.693264931e-04,-2.018803287e-04,7.497405829e-05,-6.479421372e-07,-1.875506446e-03,-5.850680835e-03,-9.315593749e-03,-6.860323478e-03,-1.839293352e-03,
2.614015111e-05,-4.564247556e-05,-2.266526640e-05,-4.377900115e-04,-1.350930251e-03,-2.337486411e-03,-2.235520660e-03,-1.118106862e-03,-2.292584215e-04,
1.586927994e-01
l,5.0,-4.0
1.151,2.191,3.251,
1.429338168e-05,1.069534871e+01
3.340085095e-04,-4.864167325e-04,-2.355126812e-03,-1.523332024e-02,-5.609913067e-02,-1.089110820e-01,-1.212381787e-01,-7.320359744e-02,-1.839042862e-02,
6.845282995e-05,-1.182005465e-04,-7.135983671e-05,-1.120613652e-03,-2.617222564e-03,-1.741660694e-03,2.692510669e-03,4.572065758e-03,1.828619159e-03,
1.589272065e-01
l,5.0,-3.0
1.231,2.411,3.611,
1.146262690e-05,1.029040061e+01
4.259390989e-04,-5.320526204e-04,3.161618705e-04,1.226244721e-03,9.223740621e-04,3.225097895e-04,-5.003417603e-03,-7.359207797e-03,-2.758271874e-03,
6.513753004e-05,-1.144708899e-04,-5.718123736e-05,-1.133687352e-03,-3.596256020e-03,-6.433080152e-03,-6.367119763e-03,-3.297549565e-03,-6.993782258e-04,
1.586927510e-01
l,5.0,-2.0
1.291,2.331,3.371,
1.687689212e-05,8.753276278e+00
8.558516856e-04,-9.467679900e-04,-2.912689131e-04,1.697248334e-03,2.097746708e-03,1.587693581e-02,2.742698930e-02,1.611111665e-02,2.850764312e-03,
1.770959720e-04,-3.078100083e-04,-2.084748228e-04,-3.525676914e-03,-1.124628965e-02,-1.965965272e-02,-1.889717402e-02,-9.437566055e-03,-1.938106122e-03,
1.589272348e-01
l,5.0,-1.0
1.331,2.491,3.671,
1.958208517e-05,9.140887949e+00
1.201672014e-03,-1.511747494e-03,1.281526717e-03,7.905069777e-03,2.398995878e-02,5.546353800e-02,5.648545352e-02,2.327714547e-02,2.790109504e-03,
1.866683590e-04,-3.289692137e-04,-1.843645924e-04,-3.503158766e-03,-1.150354209e-02,-2.127463634e-02,-2.174265490e-02,-1.160539360e-02,-2.531055069e-03,
1.586927549e-01
l,5.0,0.0
1.371,2.351,3.371,
5.229730468e-05,7.341246625e+00
2.637698082e-03,-2.632499160e-03,3.992531347e-03,4.970695780e-02,1.970713333e-01,5.111283513e-01,7.065827468e-01,4.769998531e-01,1.253981737e-01,
5.643106712e-04,-9.816564030e-04,-1.084956141e-03,-1.758746196e-02,-7.087554191e-02,-1.549149024e-01,-1.860642902e-01,-1.159405551e-01,-2.938082206e-02,
1.589272401e-01
l,5.0,1.0
1.351,2.491,3.651,
7.471997529e-05,8.274160859e+00
3.892543027e-03,-5.008152450e-03,5.947662680e-03,4.319475387e-02,1.646027172e-01,3.901930359e-01,4.395658439e-01,2.285390694e-01,4.482639283e-02,
6.161469073e-04,-1.085859249e-03,-6.684604461e-04,-1.219315684e-02,-4.099525883e-02,-7.773672999e-02,-8.154887113e-02,-4.468171483e-02,-9.991721325e-03,
1.586927703e-01
l,5.0,2.0
1.331,2.271,3.231,
1.821340067e-04,8.012431379e+00
9.856332093e-03,-1.025642797e-02,1.367041544e-02,1.759093261e-01,6.441821226e-01,1.693453599e+00,2.420214938e+00,1.675049917e+00,4.475594724e-01,
2.297909036e-03,-3.983819979e-03,-4.397829520e-03,-6.937739735e-02,-2.769793593e-01,-6.069445526e-01,-7.370761768e-01,-4.677862832e-01,-1.216997630e-01,
1.589582446e-01
l,5.0,3.0
1.291,2.391,3.491,
1.930586580e-04,1.179623001e+01
1.545818988e-02,-2.173556968e-02,1.924836521e-02,6.653792633e-02,1.108455091e-01,4.684519914e-02,-5.053220001e-01,-7.443575849e-01,-2.856636703e-01,
2.606483747e-03,-4.580096703e-03,-3.779566298e-03,-6.270522034e-02,-2.214804762e-01,-4.324425426e-01,-4.647026442e-01,-2.606799671e-01,-5.971279243e-02,
1.586626782e-01
l,5.0,4.0
1.271,2.011,2.791,
1.658317734e-03,8.410522369e+00
5.606774986e-02,-6.607571492e-02,8.235446875e-02,1.267925848e+00,6.400701075e+00,2.596673950e+01,5.272563670e+01,4.969671485e+01,1.779120520e+01,
1.596246021e-02,-2.791707361e-02,-6.036420059e-02,-1.025743592e+00,-5.485667687e+00,-1.577957739e+01,-2.492871876e+01,-2.041400238e+01,-6.779926154e+00,
1.590514214e-01
l,5.0,5.0
1.191,2.071,2.951,
2.022155851e-03,1.619987733e+01
1.082146019e-01,-2.058057894e-01,3.987704935e-01,2.183466503e+00,8.800440345e+00,9.900877593e+00,-2.438373475e+01,-5.224544756e+01,-2.545902812e+01,
2.192463112e-02,-3.925501665e-02,-4.823094041e-02,-8.312019817e-01,-3.566062371e+00,-8.444361431e+00,-1.099688537e+01,-7.483735124e+00,-2.075925962e+00,
1.586617843e-01
l,6.0,-6.0
1.251,2.471,3.691,
2.356789042e-06,8.343403965e+00
6.643719826e-05,-8.009615386e-05,6.667121355e-05,4.114755305e-04,1.263884688e-03,2.562946311e-03,2.306304237e-03,8.593350796e-04,9.745810517e-05,
9.955403068e-06,-1.755314720e-05,-9.414006300e-06,-1.788709427e-04,-5.714746794e-04,-1.026291229e-03,-1.015333277e-03,-5.227196599e-04,-1.096987525e-04,
1.586626761e-01
l,6.0,-5.0
1.391,2.431,3.491,
8.129827683e-07,1.028099703e+01
1.257066033e-04,-1.603500009e-04,-4.839005597e-04,-2.767201680e-03,-1.031689088e-02,-1.868978454e-02,-1.934305595e-02,-1.124198898e-02,-2.810125872e-03,
2.527499961e-05,-4.417348244e-05,-3.711222976e-05,-5.915565485e-04,-1.998241563e-03,-3.586451308e-03,-3.331017806e-03,-1.447072381e-03,-2.112764924e-04,
1.588962279e-01
l,6.0,-4.0
1.491,2.671,3.851,
5.362832371e-07,1.056198967e+01
1.560910023e-04,-1.966884789e-04,1.455606766e-04,8.286032073e-04,2.136535379e-03,4.777748504e-03,4.404025539e-03,1.331666748e-03,-1.379280810e-05,
2.388633838e-05,-4.238581478e-05,-2.278107916e-05,-4.457740442e-04,-1.454203720e-03,-2.678203590e-03,-2.725434774e-03,-1.448714065e-03,-3.148818516e-04,
1.586618302e-01
l,6.0,-3.0
1.571,2.611,3.651,
1.024448428e-06,8.938100629e+00
2.994583047e-04,-3.446614720e-04,-3.337092372e-04,-5.945049894e-04,-2.554558706e-03,1.700791656e-03,9.115133227e-03,7.736052711e-03,2.043503406e-03,
6.080195204e-05,-1.070350417e-04,-5.399509804e-05,-9.769617184e-04,-2.491429634e-03,-2.980467076e-03,-1.195934196e-03,4.303983888e-04,3.323409365e-04,
1.589272139e-01
l,6.0,-2.0
1.611,2.771,3.951,
1.072027448e-06,9.206369694e+00
4.205843143e-04,-5.267135012e-04,3.917288212e-04,3.825291760e-03,1.430435268e-02,3.587322799e-02,4.331356874e-02,2.416835181e-02,5.100245997e-03,
6.367478279e-05,-1.134161727e-04,-5.955138965e-05,-1.149759527e-03,-3.610172953e-03,-6.434594094e-03,-6.357097838e-03,-3.298274802e-03,-7.049484253e-04,
1.586618068e-01
l,6.0,-1.0
1.671,2.671,3.711,
2.178559542e-06,8.391240154e+00
8.500631084e-04,-8.050668758e-04,1.181686854e-03,1.476155409e-02,5.169994765e-02,1.261491469e-01,1.713330310e-01,1.146286626e-01,2.983145744e-02,
1.742096285e-04,-3.075155926e-04,-3.560670784e-04,-5.840202395e-03,-2.380946108e-02,-5.207590037e-02,-6.213200574e-02,-3.827550200e-02,-9.560356761e-03,
1.589272179e-01
l,6.0,0.0
1.691,2.831,4.011,
3.184633973e-06,8.556444811e+00
1.220867969e-03,-1.559177076e-03,1.366987519e-03,1.350370313e-02,5.535142281e-02,1.406868432e-01,1.733002980e-01,1.003060262e-01,2.226542524e-02,
1.822167160e-04,-3.253189185e-04,-1.613633843e-04,-3.261141706e-03,-1.026629141e-02,-1.835486402e-02,-1.816110048e-02,-9.428760353e-03,-2.015059205e-03,
1.586626587e-01
l,6.0,1.0
1.691,2.691,3.711,
5.999422748e-06,8.471381910e+00
2.666648012e-03,-2.833708131e-03,6.901633047e-04,2.626888178e-02,1.015277859e-01,3.017891900e-01,4.594393027e-01,3.269034062e-01,8.831767815e-02,
5.550707833e-04,-9.805424651e-04,-6.310494872e-04,-1.165699801e-02,-4.099739745e-02,-8.122709800e-02,-8.998471713e-02,-5.243080044e-02,-1.262825385e-02,
1.589272333e-01
l,6.0,2.0
1.651,2.811,3.991,
4.110506768e-06,1.069129349e+01
4.085935187e-03,-5.381642591e-03,4.583746953e-03,3.163836430e-02,1.106444288e-01,2.804742501e-01,3.250968636e-01,1.666914129e-01,3.097801517e-02,
6.016851042e-04,-1.074273649e-03,-5.187602314e-04,-1.097097660e-02,-3.565651944e-02,-6.574472030e-02,-6.691932166e-02,-3.561690572e-02,-7.760081464e-03,
1.586626772e-01
l,6.0,3.0
1.631,2.591,3.551,
8.876668671e-06,1.102287109e+01
1.034338027e-02,-1.077105556e-02,1.423849625e-02,1.639855061e-01,4.840553890e-01,1.098902969e+00,1.411686093e+00,8.605784502e-01,1.937709089e-01,
2.349773796e-03,-4.137785826e-03,-5.669650845e-03,-8.598358409e-02,-3.533697785e-01,-7.893637719e-01,-9.726210836e-01,-6.242616349e-01,-1.637002498e-01,
1.589582456e-01
l,6.0,4.0
1.571,2.671,3.791,
1.350812945e-05,1.267032088e+01
1.731245033e-02,-2.445372551e-02,2.464496879e-02,1.445224119e-01,5.268772190e-01,1.263930135e+00,1.235645965e+00,4.265007076e-01,1.340651388e-02,
2.742261210e-03,-4.880038097e-03,-2.918959884e-03,-5.481001179e-02,-1.826528642e-01,-3.464686069e-01,-3.652587732e-01,-2.024795135e-01,-4.607819779e-02,
1.586007548e-01
l,6.0,5.0
1.511,2.311,3.111,
1.404362891e-04,1.058524242e+01
6.124046817e-02,-6.798680058e-02,2.205694065e-01,2.310049619e+00,8.773076836e+00,2.505294408e+01,4.114746592e+01,3.324454158e+01,1.036086443e+01,
1.651860349e-02,-2.941199627e-02,-6.073531640e-02,-1.035028856e+00,-5.425647040e+00,-1.531964689e+01,-2.377854791e+01,-1.916212960e+01,-6.274312417e+00,
1.590513978e-01
l,6.0,6.0
1.451,2.331,3.231,
1.044015213e-04,1.583043688e+01
1.283559054e-01,-2.533792419e-01,3.925535809e-01,3.681853529e+00,2.392365606e+01,7.047725936e+01,8.560243153e+01,4.041528084e+01,4.172047884e+00,
2.423694097e-02,-4.413006410e-02,-4.960117094e-02,-8.542450201e-01,-3.428990411e+00,-7.603782908e+00,-9.221043936e+00,-5.821238975e+00,-1.491873527e+00,
1.586006873e-01
l,7.0,-7.0
1.471,2.691,3.911,
6.681974992e-08,1.149277641e+01
2.597901948e-05,-3.229181104e-05,1.665035955e-05,6.112545842e-05,1.313376273e-06,-1.085898751e-04,-3.885652879e-04,-4.205823997e-04,-1.386764096e-04,
3.777331562e-06,-6.717591222e-06,-3.358220872e-06,-6.586247109e-05,-2.037581596e-04,-3.568735001e-04,-3.458323026e-04,-1.753747677e-04,-3.645120072e-05,
1.586006660e-01
l,7.0,-6.0
1.671,2.691,3.751,
1.135434263e-07,8.904854665e+00
4.602830086e-05,-3.231809507e-05,3.345375344e-04,2.529131578e-03,8.741131642e-03,1.784001640e-02,2.035357591e-02,1.194337769e-02,2.817170731e-03,
8.968805476e-06,-1.585243264e-05,-2.131136120e-05,-3.666321190e-04,-1.697318231e-03,-4.216701581e-03,-5.642400500e-03,-3.827573726e-03,-1.031427559e-03,
1.589101030e-01
l,7.0,-5.0
1.731,2.911,4.091,
2.230404260e-08,1.153570017e+01
5.844348925e-05,-7.371029756e-05,5.139418858e-05,3.453512409e-04,9.467361984e-04,2.354033771e-03,2.670772844e-03,1.279441641e-03,2.071457300e-04,
8.727422688e-06,-1.561912805e-05,-7.609207329e-06,-1.605343001e-04,-5.234328743e-04,-9.678487497e-04,-9.884052636e-04,-5.272899640e-04,-1.151096041e-04,
1.586626809e-01
l,7.0,-4.0
1.851,2.871,3.911,
9.478803864e-08,8.837906227e+00
1.072540035e-04,-1.042184664e-04,1.721315553e-04,1.933616877e-03,6.641968825e-03,1.570470958e-02,2.071507296e-02,1.352188611e-02,3.443710695e-03,
2.150724464e-05,-3.824964449e-05,-4.365004067e-05,-7.426072921e-04,-3.088803512e-03,-6.856719903e-03,-8.267323539e-03,-5.132828073e-03,-1.289367173e-03,
1.589272818e-01
l,7.0,-3.0
1.891,3.051,4.211,
1.932800258e-08,1.152451472e+01
1.466686954e-04,-1.819779325e-04,1.165913924e-04,8.644907644e-04,2.102311040e-03,5.599366626e-03,7.087421735e-03,3.848078486e-03,7.401086424e-04,
2.240977938e-05,-4.026292459e-05,-2.072558516e-05,-4.291797401e-04,-1.424274324e-03,-2.687238546e-03,-2.805102161e-03,-1.530510936e-03,-3.419195588e-04,
1.586617624e-01
l,7.0,-2.0
1.951,2.971,4.011,
4.255038413e-08,1.059267822e+01
2.835023915e-04,-2.790640455e-04,-3.068316412e-05,1.575404309e-03,2.347326213e-03,6.317611393e-03,1.122946763e-02,8.319136243e-03,2.159613814e-03,
5.731003845e-05,-1.022950464e-04,-6.105765584e-05,-1.165992097e-03,-4.085833166e-03,-8.158899416e-03,-9.131729462e-03,-5.366368117e-03,-1.300381781e-03,
1.589272584e-01
l,7.0,-1.0
2.011,3.131,4.291,
1.711362440e-07,9.024709202e+00
4.063216038e-04,-4.995670201e-04,4.349997267e-04,4.355171998e-03,1.622710503e-02,4.258200820e-02,5.591439384e-02,3.454153931e-02,8.161060477e-03,
6.179605403e-05,-1.113077554e-04,-5.866767002e-05,-1.205297497e-03,-4.012568220e-03,-7.579871487e-03,-7.910043554e-03,-4.311103511e-03,-9.620877711e-04,
1.586617663e-01
l,7.0,0.0
2.011,3.031,4.071,
1.718160477e-07,9.691521166e+00
8.195281844e-04,-8.025082012e-04,3.240134104e-04,7.795853264e-03,2.036757221e-02,5.019365142e-02,7.390093405e-02,5.170254536e-02,1.364262367e-02,
1.639618598e-04,-2.933192828e-04,-2.786309686e-04,-4.527870434e-03,-1.695136210e-02,-3.514857457e-02,-4.038514349e-02,-2.420238365e-02,-5.935302976e-03,
1.589272401e-01
l,7.0,1.0
2.011,3.171,4.331,
8.651826868e-08,1.148013851e+01
1.221520011e-03,-1.575545444e-03,9.059236117e-04,8.489874336e-03,2.772060294e-02,7.401979195e-02,9.332110917e-02,5.267590565e-02,1.098951295e-02,
1.830816131e-04,-3.302281758e-04,-1.531190433e-04,-3.275527788e-03,-1.029908587e-02,-1.851582405e-02,-1.848084320e-02,-9.711637868e-03,-2.108805025e-03,
1.586316510e-01
l,7.0,2.0
2.031,3.011,4.031,
4.173081518e-07,1.017243425e+01
2.722324105e-03,-2.749145873e-03,1.070690992e-03,3.129171836e-02,1.111046524e-01,3.090092278e-01,4.677508263e-01,3.374461983e-01,9.286076401e-02,
5.611204319e-04,-1.003158133e-03,-9.692289380e-04,-1.544856891e-02,-5.710929112e-02,-1.169670631e-01,-1.331757316e-01,-7.939683784e-02,-1.945654086e-02,
1.589272587e-01
l,7.0,3.0
1.971,3.131,4.291,
5.329359819e-07,1.105308392e+01
4.231560044e-03,-5.593041769e-03,4.997464383e-03,3.573138078e-02,1.235792791e-01,3.170553983e-01,3.840327263e-01,2.106496689e-01,4.305309842e-02,
6.268244026e-04,-1.130101856e-03,-5.569253727e-04,-1.196360107e-02,-3.982364022e-02,-7.543671802e-02,-7.890654066e-02,-4.312892292e-02,-9.642330054e-03,
1.586007550e-01
l,7.0,4.0
1.931,2.911,3.911,
3.364204299e-06,9.743443812e+00
1.072734967e-02,-1.148012143e-02,9.930480668e-03,1.547306078e-01,5.656060882e-01,1.558733320e+00,2.313673998e+00,1.642734769e+00,4.466441223e-01,
2.219144306e-03,-3.962602433e-03,-3.415892669e-03,-6.035226522e-02,-2.349078585e-01,-5.094002113e-01,-6.136296718e-01,-3.862714781e-01,-9.952492871e-02,
1.589582999e-01
l,7.0,5.0
1.851,2.971,4.091,
9.127901247e-07,1.373834938e+01
1.863262989e-02,-2.672612472e-02,2.741318227e-02,1.821649965e-01,7.119379878e-01,1.822972482e+00,2.090129340e+00,1.044477951e+00,1.830388208e-01,
2.867054565e-03,-5.156756772e-03,-2.660197905e-03,-5.545186352e-02,-1.842449310e-01,-3.499550887e-01,-3.691742841e-01,-2.049387913e-01,-4.676006211e-02,
1.585387960e-01
l,7.0,6.0
1.811,2.591,3.411,
2.406511064e-05,1.072566592e+01
6.777063012e-02,-8.329802038e-02,-4.175701023e-02,6.471911622e-01,3.134088798e+00,1.555415717e+01,3.437003779e+01,3.290466506e+01,1.156315236e+01,
1.753509682e-02,-3.167996214e-02,-5.820759104e-02,-9.538699441e-01,-4.583249147e+00,-1.187279908e+01,-1.687348657e+01,-1.243472189e+01,-3.728767598e+00,
1.590203496e-01
l,7.0,7.0
1.711,2.611,3.531,
4.718118812e-07,2.113706633e+01
1.441055983e-01,-2.673318877e-01,5.231307756e-01,2.527296877e+00,1.192260715e+01,3.356262187e+01,3.157624349e+01,1.663509646e+00,-6.772064026e+00,
2.563342963e-02,-4.726777230e-02,-5.011035248e-02,-9.364481699e-01,-4.029126564e+00,-9.742126524e+00,-1.305423056e+01,-9.178301662e+00,-2.632026690e+00,
1.585697179e-01
l,8.0,-8.0
1.711,2.911,4.131,
3.457569553e-09,1.211968198e+01
1.008156960e-05,-1.260505906e-05,7.502529599e-06,4.711174148e-05,1.193759330e-04,2.455925820e-04,1.927197853e-04,3.174361199e-05,-1.172636572e-05,
1.429248977e-06,-2.561221263e-06,-1.162331234e-06,-2.470333590e-05,-7.672417883e-05,-1.348138672e-04,-1.304969127e-04,-6.598221813e-05,-1.367890685e-05,
1.586007046e-01
l,8.0,-7.0
1.851,2.911,3.971,
3.471232690e-09,1.102121671e+01
1.755851918e-05,-2.010529297e-05,-2.534857325e-05,-7.652761695e-05,-3.539811425e-04,-4.120424397e-04,-1.122326321e-04,5.236570753e-05,2.194028048e-05,
3.401262418e-06,-6.061926770e-06,-2.872504372e-06,-5.227726586e-05,-1.196333765e-04,-1.094615061e-04,1.123656087e-05,7.460388467e-05,3.104667159e-05,
1.589100703e-01
l,8.0,-6.0
1.971,3.131,4.311,
3.375328443e-09,1.055611469e+01
2.232949009e-05,-2.753996314e-05,1.704523186e-05,1.839133548e-04,6.223550493e-04,1.598829128e-03,2.020734874e-03,1.175571778e-03,2.576103049e-04,
3.294488023e-06,-5.937055217e-06,-2.616410372e-06,-5.816326358e-05,-1.843258269e-04,-3.335793102e-04,-3.343587858e-04,-1.758110271e-04,-3.806882729e-05,
1.586626612e-01
l,8.0,-5.0
2.131,3.111,4.151,
3.431940972e-09,1.031185356e+01
3.911758904e-05,-3.455852900e-05,8.042905407e-05,9.162225079e-04,3.244847526e-03,7.604487326e-03,1.015581333e-02,6.839973902e-03,1.813572248e-03,
7.851073802e-06,-1.407847540e-05,-1.814719290e-05,-3.111876215e-04,-1.343812423e-03,-3.049282981e-03,-3.730631437e-03,-2.339522455e-03,-5.917512213e-04,
1.589272624e-01
l,8.0,-4.0
2.211,3.311,4.451,
3.315947359e-09,1.040256610e+01
5.230414899e-05,-6.360559943e-05,5.139215343e-05,5.625154589e-04,2.085125505e-03,5.523262668e-03,7.385546081e-03,4.650906570e-03,1.119052246e-03,
8.148436094e-06,-1.474400455e-05,-7.127620908e-06,-1.568274328e-04,-5.253691097e-04,-1.003157538e-03,-1.060339186e-03,-5.861005936e-04,-1.328859093e-04,
1.586927436e-01
l,8.0,-3.0
2.271,3.251,4.271,
2.888732408e-09,1.075707321e+01
9.695701738e-05,-9.153771327e-05,1.779162588e-05,1.047918369e-03,3.406702598e-03,9.086680917e-03,1.389447407e-02,1.021897493e-02,2.864017290e-03,
2.015130082e-05,-3.627225766e-05,-3.700272861e-05,-5.743679465e-04,-2.117424015e-03,-4.322899008e-03,-4.910410764e-03,-2.920452566e-03,-7.142366777e-04,
1.589272139e-01
l,8.0,-2.0
2.291,3.411,4.551,
5.320336944e-09,1.034938700e+01
1.389741956e-04,-1.672276523e-04,5.935113952e-05,9.708662147e-04,2.902764135e-03,8.141928381e-03,1.147876354e-02,7.335999081e-03,1.750190606e-03,
2.164656058e-05,-3.927555650e-05,-1.713747803e-05,-3.919119039e-04,-1.254969335e-03,-2.297412718e-03,-2.334887273e-03,-1.248069068e-03,-2.761279203e-04,
1.586927718e-01
l,8.0,-1.0
2.351,3.331,4.371,
4.111870997e-09,1.104762791e+01
2.668001980e-04,-2.436552200e-04,6.333570981e-05,3.084946878e-03,9.761630932e-03,2.504547660e-02,3.789150895e-02,2.790863026e-02,7.859599770e-03,
5.358364461e-05,-9.674253503e-05,-9.234044729e-05,-1.491563170e-03,-5.532022640e-03,-1.135951826e-02,-1.293155909e-02,-7.681499297e-03,-1.870577236e-03,
1.589272179e-01
l,8.0,0.0
2.351,3.471,4.631,
1.609960098e-08,9.983647619e+00
3.982782073e-04,-4.812691306e-04,2.290293212e-04,3.683774308e-03,1.357985248e-02,3.726983100e-02,5.129850855e-02,3.288383886e-02,7.992157759e-03,
5.959629785e-05,-1.083640416e-04,-4.254998432e-05,-1.038427490e-03,-3.269555554e-03,-5.893327623e-03,-5.881209661e-03,-3.083364724e-03,-6.692156790e-04,
1.586617885e-01
l,8.0,1.0
2.371,3.391,4.431,
1.688718625e-08,1.057876885e+01
7.836394943e-04,-7.906551414e-04,1.750485455e-04,6.992104399e-03,1.926050451e-02,5.059404562e-02,7.737652048e-02,5.574674148e-02,1.511770077e-02,
1.531110456e-04,-2.769521956e-04,-2.239498847e-04,-3.930826178e-03,-1.443368966e-02,-2.946188215e-02,-3.335020062e-02,-1.972365767e-02,-4.788049612e-03,
1.589272333e-01
l,8.0,2.0
2.331,3.491,4.651,
2.281044654e-08,1.098681865e+01
1.239915029e-03,-1.565495240e-03,7.996861337e-04,9.160527423e-03,2.921173043e-02,8.002693437e-02,1.075692977e-01,6.571297801e-02,1.502115670e-02,
1.830179844e-04,-3.330139631e-04,-1.460797123e-04,-3.303171738e-03,-1.044912644e-02,-1.895257400e-02,-1.907684057e-02,-1.010191217e-02,-2.210672721e-03,
1.586626213e-01
l,8.0,3.0
2.331,3.351,4.411,
6.841507145e-08,1.057030321e+01
2.699313918e-03,-2.773153889e-03,6.307634657e-04,2.429390760e-02,6.995573864e-02,1.898330473e-01,2.923551491e-01,2.110187500e-01,5.730783032e-02,
5.057369255e-04,-9.147942031e-04,-6.614167415e-04,-1.228439946e-02,-4.454209620e-02,-8.988050382e-02,-1.003286945e-01,-5.842818645e-02,-1.395809940e-02,
1.589272596e-01
l,8.0,4.0
2.271,3.431,4.591,
1.183055913e-08,1.378447190e+01
4.459578078e-03,-5.863408705e-03,3.566456102e-03,2.638463039e-02,7.007884341e-02,1.965127147e-01,2.533779511e-01,1.399988478e-01,2.753783438e-02,
6.499489444e-04,-1.181653462e-03,-5.370695314e-04,-1.202676966e-02,-3.891933098e-02,-7.219693741e-02,-7.422310891e-02,-4.004941734e-02,-8.885956449e-03,
1.585697140e-01
l,8.0,5.0
2.211,3.211,4.211,
2.382318544e-07,1.138797478e+01
1.128531992e-02,-1.184561552e-02,4.420358816e-03,1.038281600e-01,2.538579521e-01,6.802362741e-01,1.080204092e+00,7.894048536e-01,2.138565835e-01,
2.315435064e-03,-4.176203957e-03,-3.692998021e-03,-6.407816469e-02,-2.458577600e-01,-5.253998384e-01,-6.239888740e-01,-3.876564732e-01,-9.880116332e-02,
1.589272359e-01
l,8.0,6.0
2.131,3.251,4.391,
1.382865299e-07,1.371669440e+01
2.041219920e-02,-2.875105560e-02,3.131906326e-02,2.530588618e-01,1.045193140e+00,2.736863867e+00,3.379716341e+00,1.913326787e+00,4.061155444e-01,
2.982587837e-03,-5.413542963e-03,-2.616890159e-03,-5.770363507e-02,-1.921610573e-01,-3.659516831e-01,-3.852710812e-01,-2.126534330e-01,-4.814728708e-02,
1.585387771e-01
l,8.0,7.0
2.071,2.891,3.731,
2.767872810e-06,1.166979193e+01
7.217223942e-02,-8.682081932e-02,4.720989114e-02,1.613625820e+00,7.040683214e+00,2.321012896e+01,4.170824716e+01,3.579866455e+01,1.171306890e+01,
1.781123905e-02,-3.254312247e-02,-4.695309161e-02,-8.019831527e-01,-3.701309591e+00,-9.355796647e+00,-1.306627664e+01,-9.508930341e+00,-2.827825925e+00,
1.590202962e-01
l,8.0,8.0
1.971,2.891,3.811,
2.837900522e-07,1.752735780e+01
1.599251032e-01,-3.097217651e-01,6.046676951e-01,5.812250791e+00,3.514342176e+01,1.092438310e+02,1.562080218e+02,1.025063169e+02,2.513576405e+01,
2.793854183e-02,-5.212584090e-02,-5.888826907e-02,-1.065552474e+00,-4.421493908e+00,-1.010522365e+01,-1.262378022e+01,-8.217753486e+00,-2.178898426e+00,
1.585387984e-01
l,9.0,-9.0
1.931,3.131,4.331,
3.034208900e-10,1.203316970e+01
3.882703822e-06,-4.886181427e-06,3.465855554e-06,2.526643661e-05,8.149916632e-05,1.968665899e-04,2.200381506e-04,1.092029127e-04,1.974287442e-05,
5.589595102e-07,-1.007905030e-06,-5.101783173e-07,-1.028157287e-05,-3.246232830e-05,-5.818593217e-05,-5.762950166e-05,-2.983291075e-05,-6.326994864e-06,
1.585697276e-01
l,9.0,-8.0
2.091,3.131,4.191,
1.655531314e-10,1.199835400e+01
6.640637821e-06,-7.537107436e-06,-1.478449565e-05,-5.829901534e-05,-2.485505464e-04,-3.923162955e-04,-2.916782268e-04,-1.105399394e-04,-1.889007044e-05,
1.285918262e-06,-2.308827728e-06,-7.305249781e-07,-1.528731811e-05,-2.051305705e-05,2.395941294e-05,9.291255137e-05,8.792951949e-05,2.754111768e-05,
1.589100546e-01
l,9.0,-7.0
2.231,3.371,4.511,
2.424850237e-10,1.103041461e+01
8.253035048e-06,-1.010592883e-05,5.284812011e-06,6.691500345e-05,2.261304870e-04,5.987758713e-04,7.853597213e-04,4.738940568e-04,1.076646421e-04,
1.286185233e-06,-2.331076958e-06,-1.044677678e-06,-2.350662244e-05,-7.576405467e-05,-1.393655354e-04,-1.422293282e-04,-7.626961527e-05,-1.689364132e-05,
1.586617734e-01
l,9.0,-6.0
2.351,3.351,4.371,
3.519258296e-10,1.038584080e+01
1.421104025e-05,-1.301654466e-05,2.120986758e-06,1.491745696e-04,4.462084641e-04,1.138880431e-03,1.735525787e-03,1.279549682e-03,3.590466303e-04,
2.961494589e-06,-5.346388330e-06,-5.746755788e-06,-8.746786856e-05,-3.241618599e-04,-6.651225580e-04,-7.594594331e-04,-4.538638906e-04,-1.114526507e-04,
1.589272426e-01
l,9.0,-5.0
2.451,3.551,4.671,
3.030409904e-10,1.056740360e+01
1.903311932e-05,-2.235923384e-05,9.207321328e-06,1.440173746e-04,4.337553068e-04,1.256653742e-03,1.862851521e-03,1.258052462e-03,3.177319777e-04,
3.063835692e-06,-5.576163035e-06,-2.513258115e-06,-5.798169334e-05,-1.921569197e-04,-3.644653089e-04,-3.841349199e-04,-2.124014111e-04,-4.841384356e-05,
1.587237940e-01
l,9.0,-4.0
2.511,3.531,4.571,
2.886947481e-10,1.074798778e+01
3.319575990e-05,-3.049604955e-05,1.825301573e-06,2.846147410e-04,5.967975693e-04,1.319928999e-03,2.081870461e-03,1.579884485e-03,4.464985567e-04,
6.565407586e-06,-1.191831925e-05,-1.018796962e-05,-1.758104031e-04,-6.549191943e-04,-1.355465975e-03,-1.554624098e-03,-9.296155988e-04,-2.277504736e-04,
1.589272065e-01
l,9.0,-3.0
2.591,3.671,4.791,
2.195234755e-10,1.124535803e+01
4.851282938e-05,-5.486077973e-05,1.042460444e-05,3.360344707e-04,8.742396409e-04,2.520196706e-03,3.909544810e-03,2.737433248e-03,7.100792124e-04,
7.839238700e-06,-1.430950279e-05,-5.938026372e-06,-1.454180093e-04,-4.815973280e-04,-9.139329826e-04,-9.644371287e-04,-5.344148988e-04,-1.223196252e-04,
1.587237334e-01
l,9.0,-2.0
2.631,3.651,4.691,
3.282275401e-10,1.111221668e+01
8.580956637e-05,-8.081469753e-05,3.359357524e-06,7.814242514e-04,1.986039509e-03,4.883875065e-03,7.638148605e-03,5.724740018e-03,1.612573701e-03,
1.680782218e-05,-3.060610895e-05,-2.367396909e-05,-4.288639751e-04,-1.582686297e-03,-3.250455585e-03,-3.699501848e-03,-2.196822445e-03,-5.353124255e-04,
1.589272348e-01
l,9.0,-1.0
2.671,3.771,4.891,
6.269320921e-10,1.083037347e+01
1.300883014e-04,-1.500831152e-04,4.652347828e-05,9.493449590e-04,2.711468758e-03,7.952868295e-03,1.215646125e-02,8.424280078e-03,2.172637249e-03,
2.079265240e-05,-3.804369165e-05,-1.596371214e-05,-3.884462899e-04,-1.283990955e-03,-2.434179376e-03,-2.562800370e-03,-1.415157264e-03,-3.224793327e-04,
1.587237496e-01
l,9.0,0.0
2.691,3.711,4.751,
5.266886909e-10,1.146838232e+01
2.450582979e-04,-2.310749859e-04,-5.961699045e-06,2.040639653e-03,4.683644170e-03,1.125859754e-02,1.797357690e-02,1.363421138e-02,3.855039235e-03,
4.797794087e-05,-8.749832572e-05,-7.040869757e-05,-1.244490366e-03,-4.567440720e-03,-9.322439631e-03,-1.055131520e-02,-6.235070773e-03,-1.513045941e-03,
1.589272401e-01
l,9.0,1.0
2.691,3.811,4.931,
2.490567564e-09,1.044001990e+01
3.868514905e-04,-4.539093545e-04,1.450433743e-04,2.680794909e-03,6.739593102e-03,1.876411023e-02,2.807154884e-02,1.899719922e-02,4.773175437e-03,
6.151205536e-05,-1.126552682e-04,-4.921953261e-05,-1.165464280e-03,-3.859131566e-03,-7.321844193e-03,-7.721812174e-03,-4.277628319e-03,-9.784657965e-04,
1.586617817e-01
l,9.0,2.0
2.691,3.731,4.791,
1.409198280e-09,1.163173906e+01
7.624040009e-04,-7.565412206e-04,9.795370234e-06,5.763427188e-03,1.252588016e-02,3.128775041e-02,5.053414496e-02,3.783651320e-02,1.046763316e-02,
1.420353722e-04,-2.593178710e-04,-1.863138528e-04,-3.480137379e-03,-1.256928116e-02,-2.529313512e-02,-2.816326125e-02,-1.635949607e-02,-3.901292019e-03,
1.589272026e-01
l,9.0,3.0
2.691,3.791,4.951,
1.923499503e-09,1.201878309e+01
1.279070973e-03,-1.531472549e-03,5.880636359e-04,1.116179812e-02,3.924300269e-02,1.093204420e-01,1.545596036e-01,1.014128177e-01,2.513671923e-02,
1.888139939e-04,-3.460171800e-04,-1.370083341e-04,-3.349372116e-03,-1.052123734e-02,-1.894377943e-02,-1.888398266e-02,-9.891338734e-03,-2.147153506e-03,
1.586316773e-01
l,9.0,4.0
2.651,3.671,4.731,
8.356640361e-09,1.136244067e+01
2.718026983e-03,-2.738882605e-03,3.515843256e-04,2.360116714e-02,6.301292517e-02,1.660369865e-01,2.598461844e-01,1.912689107e-01,5.283012124e-02,
5.047170292e-04,-9.206374425e-04,-6.591799607e-04,-1.237130746e-02,-4.481275549e-02,-9.042656220e-02,-1.009276270e-01,-5.875536430e-02,-1.403582898e-02,
1.588961547e-01
l,9.0,5.0
2.591,3.731,4.891,
2.433642311e-08,1.120392049e+01
4.658306949e-03,-6.045383455e-03,3.675681019e-03,4.361938684e-02,1.644781331e-01,4.475771569e-01,5.973915675e-01,3.700404422e-01,8.693801286e-02,
6.711816438e-04,-1.229185817e-03,-4.902471474e-04,-1.185865390e-02,-3.706748636e-02,-6.660006259e-02,-6.632693641e-02,-3.478956618e-02,-7.558673800e-03,
1.585697606e-01
l,9.0,6.0
2.531,3.511,4.531,
5.530704567e-08,1.146532952e+01
1.177715044e-02,-1.222444983e-02,2.004196738e-03,1.122291590e-01,3.252296181e-01,9.279529682e-01,1.518328018e+00,1.158909886e+00,3.316646263e-01,
2.318202625e-03,-4.218941215e-03,-3.387499036e-03,-6.049096540e-02,-2.238386908e-01,-4.618355656e-01,-5.291358506e-01,-3.173133343e-01,-7.828851370e-02,
1.589272169e-01
l,9.0,7.0
2.431,3.551,4.671,
6.877224886e-08,1.261264281e+01
2.153532021e-02,-3.062126919e-02,2.989636087e-02,2.416891475e-01,9.962038725e-01,2.744828283e+00,3.569983168e+00,2.135583570e+00,4.828956230e-01,
3.202118086e-03,-5.855984370e-03,-2.780993978e-03,-6.241492566e-02,-2.065460361e-01,-3.927541714e-01,-4.145501058e-01,-2.302275686e-01,-5.262588697e-02,
1.584768241e-01
l,9.0,8.0
2.351,3.191,4.051,
4.073743173e-07,1.225327513e+01
7.614242285e-02,-8.734808571e-02,8.566895755e-02,1.459443185e+00,4.505341127e+00,1.393272229e+01,2.632829649e+01,2.362599683e+01,7.971543032e+00,
1.796151317e-02,-3.311985534e-02,-4.360883140e-02,-7.617406864e-01,-3.437334516e+00,-8.524681901e+00,-1.171001060e+01,-8.413145618e+00,-2.480567596e+00,
1.590203414e-01
l,9.0,9.0
2.251,3.171,4.091,
9.426857466e-08,1.617812851e+01
1.758083999e-01,-3.267917705e-01,6.255299192e-01,4.957552774e+00,2.975847797e+01,1.001459168e+02,1.535066674e+02,1.077631708e+02,2.849301798e+01,
3.029262220e-02,-5.709059246e-02,-6.394961795e-02,-1.196063065e+00,-5.188886514e+00,-1.257538345e+01,-1.681233039e+01,-1.175372548e+01,-3.346909058e+00,
1.585388031e-01
