l,0.0,-0.0
0.091,1.071,2.071,
4.138450034e-01,1.790359281e+00
2.557159029e-02,-2.589994187e-02,2.921696769e-02,2.189894893e-01,9.563460007e-01,2.609586563e+00,3.966262836e+00,3.276397612e+00,1.105312660e+00,
7.408123190e-03,-1.038085807e-02,-1.425744915e-02,-1.767447545e-01,-6.637574272e-01,-1.355375312e+00,-1.542179734e+00,-9.218259230e-01,-2.259687735e-01,
1.589272685e-01
l,1.0,-1.0
0.351,1.571,2.811,
2.620157799e-02,2.771253945e+00
5.144414026e-03,-5.217932880e-03,3.928137482e-03,1.523697996e-02,2.483657267e-02,2.949259492e-02,8.431877699e-03,-1.582937799e-03,4.623657048e-04,
1.016771440e-03,-1.516128731e-03,-1.124349000e-03,-1.616710025e-02,-5.195150824e-02,-9.133304745e-02,-8.836780467e-02,-4.440165676e-02,-9.068745515e-03,
1.586617848e-01
l,1.0,0.0
0.371,1.291,2.231,
1.547995542e-01,3.765474073e+00
1.878334023e-02,-1.809982383e-02,6.658311565e-04,1.632821760e-01,7.135533574e-01,1.565878568e+00,1.230292371e+00,1.958534558e-02,-2.325784850e-01,
5.912237241e-03,-8.425783632e-03,-1.404672035e-02,-1.788144342e-01,-7.246057822e-01,-1.570492406e+00,-1.869797254e+00,-1.152520008e+00,-2.878757593e-01,
1.590203717e-01
l,1.0,1.0
0.391,1.411,2.451,
7.509119933e-01,4.583307931e+00
4.501602054e-02,-5.280343092e-02,4.135089140e-02,-1.034966904e-01,-1.800461795e+00,-6.703514556e+00,-1.220110029e+01,-1.021235660e+01,-3.144506767e+00,
1.081928974e-02,-1.607631878e-02,-2.002883682e-02,-2.692985229e-01,-1.015452920e+00,-2.095019392e+00,-2.395707220e+00,-1.432186308e+00,-3.493315611e-01,
1.587859476e-01
l,2.0,-2.0
0.651,1.971,3.291,
3.880107893e-03,6.329870531e+00
1.181932981e-03,-1.142343012e-03,1.658769722e-03,7.211718484e-03,9.950999731e-03,2.022024059e-03,-1.503145978e-02,-1.624281894e-02,-4.854878751e-03,
1.981161732e-04,-3.050009285e-04,-1.551276775e-04,-2.669621621e-03,-8.239668885e-03,-1.429019817e-02,-1.373311489e-02,-6.876668394e-03,-1.400841702e-03,
1.585697664e-01
l,2.0,-1.0
0.711,1.871,3.051,
5.092894171e-03,6.197235622e+00
3.325471887e-03,-3.039266679e-03,5.992647453e-04,1.117187880e-03,-4.414778749e-02,-1.278454817e-01,-1.840631636e-01,-1.326243833e-01,-3.668137100e-02,
7.096886853e-04,-1.077024110e-03,-8.362191425e-04,-1.204612499e-02,-3.960958295e-02,-7.180765934e-02,-7.219900376e-02,-3.786574447e-02,-8.109506782e-03,
1.589100818e-01
l,2.0,0.0
0.751,1.931,3.111,
7.103481355e-03,5.397426441e+00
7.869480178e-03,-7.844281134e-03,6.676159069e-03,5.099148135e-02,1.271076665e-01,2.435618116e-01,2.255655539e-01,8.526791929e-02,8.604379815e-03,
1.604517785e-03,-2.450439493e-03,-1.873184990e-03,-2.803413931e-02,-9.414896846e-02,-1.745815452e-01,-1.792276194e-01,-9.592650848e-02,-2.093252253e-02,
1.587238002e-01
l,2.0,1.0
0.791,1.811,2.831,
1.389841815e-02,4.907020923e+00
2.380624041e-02,-2.253824791e-02,1.702463735e-02,2.457703613e-01,8.875544225e-01,2.304232823e+00,3.057544966e+00,1.904642187e+00,4.511457213e-01,
6.127739571e-03,-9.280549794e-03,-1.026519377e-02,-1.428165815e-01,-5.324629661e-01,-1.087959439e+00,-1.237652915e+00,-7.381444570e-01,-1.806017236e-01,
1.590203297e-01
l,2.0,2.0
0.811,1.871,2.951,
4.609611526e-02,5.964684165e+00
6.133588031e-02,-7.427287313e-02,9.735925852e-02,7.624297670e-01,2.967941047e+00,7.364920382e+00,8.609303891e+00,4.518453863e+00,8.547932533e-01,
1.282577566e-02,-1.993425334e-02,-2.064252124e-02,-3.028144354e-01,-1.120739146e+00,-2.277469776e+00,-2.551027828e+00,-1.488260030e+00,-3.535806332e-01,
1.587857415e-01
l,3.0,-3.0
1.051,2.331,3.671,
4.939889368e-05,4.920074208e+00
2.786736877e-04,-2.801756982e-04,1.972593680e-04,2.298020175e-03,8.246740824e-03,1.759026018e-02,1.897228183e-02,9.914061281e-03,2.025411576e-03,
4.431755298e-05,-6.959627944e-05,-2.657741499e-05,-5.031988103e-04,-1.367288595e-03,-2.105220886e-03,-1.794779445e-03,-8.001973343e-04,-1.468024187e-04,
1.585696929e-01
l,3.0,-2.0
1.091,2.331,3.591,
6.721721515e-05,6.597140309e+00
6.790073821e-04,-5.894630900e-04,4.626057619e-04,4.114814624e-03,7.401112163e-03,1.130291356e-02,1.010090890e-02,3.940032123e-03,4.513872371e-04,
1.245721476e-04,-1.949047570e-04,-9.356017024e-05,-1.635123641e-03,-4.911572004e-03,-8.371884077e-03,-7.983271659e-03,-3.997809382e-03,-8.237056853e-04,
1.588480127e-01
l,3.0,-1.0
1.171,2.411,3.651,
1.054726073e-04,6.526041555e+00
1.521678991e-03,-1.424299972e-03,3.060486314e-04,4.275546270e-03,2.693655336e-03,5.266374358e-03,6.641267564e-03,2.137662122e-03,-1.336344001e-04,
2.805093077e-04,-4.403040464e-04,-2.820518665e-04,-4.479098370e-03,-1.406941737e-02,-2.439023510e-02,-2.328234924e-02,-1.154915974e-02,-2.339099251e-03,
1.587236920e-01
l,3.0,0.0
1.211,2.391,3.571,
2.477057690e-04,5.297136570e+00
3.847274929e-03,-3.302772382e-03,1.807199188e-03,2.914084096e-02,7.685333517e-02,1.617329686e-01,1.954667687e-01,1.149302207e-01,2.600250606e-02,
7.885309626e-04,-1.234202212e-03,-9.484559079e-04,-1.420290068e-02,-4.732438238e-02,-8.721028132e-02,-8.909386624e-02,-4.743662372e-02,-1.031476593e-02,
1.589101139e-01
l,3.0,1.0
1.251,2.411,3.571,
4.137484017e-04,6.579634939e+00
9.544506669e-03,-8.787260516e-03,1.318517093e-03,3.112282534e-02,1.854286781e-02,5.270760791e-02,9.825715300e-02,6.049288335e-02,1.146153151e-02,
1.954834905e-03,-3.067099779e-03,-2.202123798e-03,-3.418192471e-02,-1.128691228e-01,-2.064209230e-01,-2.091014813e-01,-1.105123157e-01,-2.392211291e-02,
1.588479976e-01
l,3.0,2.0
1.271,2.331,3.391,
1.383925823e-03,5.349755882e+00
2.746416070e-02,-2.383348809e-02,1.592849931e-02,2.909825182e-01,8.950337197e-01,2.156055146e+00,2.956297744e+00,1.968577653e+00,5.036292985e-01,
6.461462969e-03,-1.014353321e-02,-1.094057372e-02,-1.570039094e-01,-5.853461002e-01,-1.194788945e+00,-1.349523300e+00,-7.941984931e-01,-1.908702865e-01,
1.589892710e-01
l,3.0,3.0
1.291,2.371,3.471,
3.327450585e-03,6.045776395e+00
7.310968637e-02,-8.560239144e-02,8.045093517e-02,8.589774624e-01,3.307258373e+00,9.083131996e+00,1.250350027e+01,8.066074556e+00,1.981282469e+00,
1.430501514e-02,-2.292207875e-02,-2.220410850e-02,-3.342607870e-01,-1.202717466e+00,-2.378390408e+00,-2.588631317e+00,-1.467959422e+00,-3.399373877e-01,
1.588169677e-01
l,4.0,-4.0
1.471,2.731,4.071,
1.130134487e-06,6.648498610e+00
6.149322144e-05,-5.621730733e-05,1.159312332e-04,1.031803749e-03,3.404389333e-03,6.567039756e-03,6.796413469e-03,3.514236979e-03,7.177590431e-04,
9.505201596e-06,-1.518030272e-05,-7.254086981e-06,-1.326488499e-04,-4.001464621e-04,-6.784371317e-04,-6.349557439e-04,-3.093258242e-04,-6.148519051e-05,
1.586315430e-01
l,4.0,-3.0
1.511,2.771,4.051,
1.046164005e-07,1.334204891e+01
1.403007045e-04,-1.334042292e-04,-2.945056905e-04,-1.867739763e-03,-7.877341530e-03,-1.504537080e-02,-1.534421587e-02,-8.170307985e-03,-1.774265672e-03,
2.431727690e-05,-3.880750320e-05,-1.286953340e-05,-2.629488307e-04,-6.765605260e-04,-9.699619472e-04,-7.486644180e-04,-2.895874579e-04,-4.416682233e-05,
1.588169020e-01
l,4.0,-2.0
1.591,2.851,4.111,
2.796521508e-07,1.140510951e+01
3.073663975e-04,-2.858044618e-04,-5.002577084e-04,-2.596742131e-03,-1.152011751e-02,-2.157820852e-02,-2.130473898e-02,-1.107249120e-02,-2.373622156e-03,
5.467504906e-05,-8.745653800e-05,-2.594426123e-05,-5.588423848e-04,-1.388500990e-03,-1.927055423e-03,-1.433551625e-03,-5.274499448e-04,-7.515608274e-05,
1.587856236e-01
l,4.0,-1.0
1.671,2.891,4.131,
5.519118940e-06,6.177757851e+00
7.076350157e-04,-5.704444179e-04,-4.033840985e-05,3.333966884e-03,7.653508869e-03,1.690155415e-02,2.217325748e-02,1.373703965e-02,3.202132058e-03,
1.311497835e-04,-2.099656878e-04,-1.346354071e-04,-2.095246432e-03,-6.393341924e-03,-1.082214393e-02,-1.013133519e-02,-4.945031300e-03,-9.918434874e-04,
1.588790108e-01
l,4.0,0.0
1.691,2.931,4.171,
6.472583034e-06,7.148908808e+00
1.654590946e-03,-1.340664882e-03,2.287786638e-05,7.721569492e-03,1.072422446e-02,1.571585898e-02,1.983979583e-02,1.225730785e-02,2.772203007e-03,
3.044669324e-04,-4.882922015e-04,-3.061330548e-04,-5.048283855e-03,-1.611550470e-02,-2.846000116e-02,-2.767141928e-02,-1.394990263e-02,-2.868470116e-03,
1.588479343e-01
l,4.0,1.0
1.731,2.931,4.131,
1.981182073e-05,6.462532207e+00
4.096955992e-03,-3.203947035e-03,-2.748325622e-04,1.977445554e-02,2.706609155e-02,4.013207600e-02,5.644395768e-02,3.903902278e-02,9.858931448e-03,
8.044231995e-04,-1.289370164e-03,-8.797292103e-04,-1.378136191e-02,-4.438306606e-02,-7.956930478e-02,-7.906902458e-02,-4.089707626e-02,-8.652935241e-03,
1.589272264e-01
l,4.0,2.0
1.751,2.931,4.111,
4.380422636e-05,6.606593124e+00
1.043218002e-02,-8.580932056e-03,-4.990193532e-04,5.308061771e-02,8.081887713e-02,1.480539508e-01,2.198677855e-01,1.537394457e-01,3.919631965e-02,
2.059397250e-03,-3.305793740e-03,-2.168605244e-03,-3.542786743e-02,-1.154317322e-01,-2.094137709e-01,-2.106013095e-01,-1.103772784e-01,-2.369958730e-02,
1.589099808e-01
l,4.0,3.0
1.751,2.851,3.971,
1.310826150e-04,6.398617299e+00
2.982971072e-02,-2.270481753e-02,-6.523041486e-03,1.964636731e-01,3.932397223e-01,7.675106094e-01,1.129794676e+00,8.208419774e-01,2.228664861e-01,
6.420113700e-03,-1.033366801e-02,-8.039418118e-03,-1.228237331e-01,-4.150927565e-01,-7.854338058e-01,-8.302775304e-01,-4.596799064e-01,-1.046337892e-01,
1.589892661e-01
l,4.0,4.0
1.791,2.891,4.031,
3.182481878e-04,6.780233364e+00
8.010406792e-02,-8.702886301e-02,2.150819886e-02,5.922966763e-01,1.877828772e+00,5.481655326e+00,8.243311272e+00,5.667131247e+00,1.456471093e+00,
1.460922742e-02,-2.390988707e-02,-1.455577924e-02,-2.526500381e-01,-8.086051268e-01,-1.458280232e+00,-1.460890485e+00,-7.707160755e-01,-1.686799864e-01,
1.588479596e-01
l,5.0,-5.0
1.871,3.131,4.451,
2.286983000e-08,7.759552743e+00
1.325987978e-05,-1.139285622e-05,2.253426776e-05,2.085394027e-04,6.432282853e-04,1.203647673e-03,1.241630468e-03,6.446935129e-04,1.322426238e-04,
2.085099055e-06,-3.373693939e-06,-1.521328971e-06,-2.904681849e-05,-8.806936180e-05,-1.515648272e-04,-1.446720893e-04,-7.203231058e-05,-1.466082629e-05,
1.586617383e-01
l,5.0,-4.0
1.931,3.191,4.491,
5.596441490e-08,6.881793788e+00
2.898889943e-05,-2.216626023e-05,3.032418652e-05,3.614831219e-04,1.013014280e-03,1.802625741e-03,1.852654213e-03,9.721764543e-04,2.019475717e-04,
4.842647282e-06,-7.845136450e-06,-3.184761163e-06,-6.259781768e-05,-1.833501128e-04,-3.084662600e-04,-2.905903689e-04,-1.436834094e-04,-2.927594036e-05,
1.588478963e-01
l,5.0,-3.0
2.031,3.291,4.571,
1.144751895e-07,6.460682045e+00
6.139602192e-05,-5.152944514e-05,-5.591902943e-05,-3.370869402e-05,-3.954859147e-04,-4.591710083e-04,2.207875308e-05,2.341529964e-04,8.452422075e-05,
1.052697228e-05,-1.709497274e-05,-5.182397966e-06,-1.157763016e-04,-3.048194370e-04,-4.585010439e-04,-3.815707044e-04,-1.648243494e-04,-2.944717054e-05,
1.588477894e-01
l,5.0,-2.0
2.151,3.351,4.631,
5.062648120e-08,8.174460844e+00
1.357221045e-04,-9.705466253e-05,7.490464223e-05,1.530994845e-03,4.633203866e-03,8.909620763e-03,9.941330242e-03,5.658753160e-03,1.271283166e-03,
2.364281828e-05,-3.846185402e-05,-1.520660250e-05,-3.015859380e-04,-8.724706633e-04,-1.450172767e-03,-1.351375520e-03,-6.610810571e-04,-1.337245779e-04,
1.589099660e-01
l,5.0,-1.0
2.211,3.411,4.691,
6.097671138e-08,8.603145572e+00
3.039615985e-04,-1.963324286e-04,4.565758352e-04,5.549017312e-03,1.739681324e-02,3.237806644e-02,3.449229229e-02,1.896422342e-02,4.162883164e-03,
5.307147701e-05,-8.648644360e-05,-4.205249136e-05,-7.789579637e-04,-2.414024255e-03,-4.243470842e-03,-4.153305449e-03,-2.120651805e-03,-4.436232705e-04,
1.589098645e-01
l,5.0,0.0
2.211,3.451,4.711,
3.785386645e-07,7.225940221e+00
7.038668264e-04,-5.454209769e-04,-1.015955098e-03,-8.361873347e-04,-5.287234478e-03,-8.040126944e-03,-3.706507962e-03,2.922652165e-04,4.339426130e-04,
1.271639148e-04,-2.073673060e-04,-6.160950130e-05,-1.343925396e-03,-3.322208122e-03,-4.566065930e-03,-3.333634950e-03,-1.172786630e-03,-1.536329881e-04,
1.589271631e-01
l,5.0,1.0
2.251,3.491,4.731,
6.590614248e-07,7.462021638e+00
1.657065004e-03,-1.190567112e-03,-7.059629079e-04,5.163318902e-03,3.129307853e-03,5.891091186e-04,5.020401205e-03,5.627648553e-03,1.703803997e-03,
3.046656847e-04,-4.972265386e-04,-2.926912413e-04,-4.837803357e-03,-1.467872739e-02,-2.475446275e-02,-2.304980888e-02,-1.115700717e-02,-2.219552313e-03,
1.589098447e-01
l,5.0,2.0
2.291,3.491,4.711,
1.568153528e-06,7.407534793e+00
4.121817183e-03,-2.907771179e-03,-1.557591676e-03,1.735592102e-02,2.725427357e-02,4.618909042e-02,6.895996987e-02,4.979380544e-02,1.308816140e-02,
7.797709770e-04,-1.272831479e-03,-7.885724512e-04,-1.291589328e-02,-4.004532062e-02,-6.883139855e-02,-6.532534633e-02,-3.222983549e-02,-6.532904232e-03,
1.589581758e-01
l,5.0,3.0
2.291,3.451,4.651,
3.580937778e-06,7.518841444e+00
1.089072973e-02,-7.222762848e-03,-2.513301752e-03,7.786509693e-02,1.809374790e-01,3.037544224e-01,3.580918249e-01,2.256181957e-01,5.583319653e-02,
2.131568075e-03,-3.480789180e-03,-2.377731048e-03,-3.762192569e-02,-1.204568254e-01,-2.150630084e-01,-2.132167325e-01,-1.101427376e-01,-2.334295726e-02,
1.589269556e-01
l,5.0,4.0
2.291,3.411,4.571,
7.577672406e-06,7.851310906e+00
3.005680069e-02,-2.142309382e-02,-1.998548361e-02,9.883421207e-02,5.525995653e-03,-1.148340606e-01,6.745191716e-02,1.862412892e-01,7.369575908e-02,
6.043254386e-03,-9.906206678e-03,-6.107908773e-03,-1.024578353e-01,-3.244362042e-01,-5.732973440e-01,-5.614573856e-01,-2.865149578e-01,-6.030040005e-02,
1.589892209e-01
l,5.0,5.0
2.311,3.411,4.571,
1.135378452e-05,8.712006344e+00
8.421365172e-02,-8.030586283e-02,-2.778938147e-02,2.941238758e-01,3.001847524e-02,4.123160270e-01,1.801527014e+00,1.793956703e+00,5.569227718e-01,
1.512914496e-02,-2.514900874e-02,-1.598408214e-02,-2.701711884e-01,-8.556438451e-01,-1.523428784e+00,-1.501598296e+00,-7.751268113e-01,-1.656098918e-01,
1.588478834e-01
l,6.0,-6.0
2.231,3.531,4.851,
1.260068828e-09,7.472687495e+00
2.797589104e-06,-2.262974571e-06,2.166276981e-06,2.632342300e-05,6.584288281e-05,1.136151941e-04,1.165840208e-04,6.082314078e-05,1.246213196e-05,
4.395364205e-07,-7.193114191e-07,-3.455351697e-07,-6.442728549e-06,-1.951792612e-05,-3.329448851e-05,-3.135580135e-05,-1.535687495e-05,-3.074929759e-06,
1.587235080e-01
l,6.0,-5.0
2.371,3.611,4.911,
1.037035852e-09,8.046656411e+00
5.903767033e-06,-4.463308052e-06,-3.549994532e-06,1.218749712e-05,5.262667939e-06,1.507125773e-05,4.790233756e-05,4.200861105e-05,1.168299848e-05,
9.867992473e-07,-1.617406129e-06,-7.129470077e-07,-1.333573510e-05,-3.823630312e-05,-6.187366042e-05,-5.533298543e-05,-2.571278448e-05,-4.911842765e-06,
1.588479610e-01
l,6.0,-4.0
2.491,3.731,5.011,
1.202716937e-09,8.287314784e+00
1.211157996e-05,-8.152116643e-06,1.482302826e-05,1.770610698e-04,4.949233295e-04,8.458077226e-04,8.488137976e-04,4.439646186e-04,9.303231846e-05,
2.073061615e-06,-3.406265700e-06,-1.689275808e-06,-3.114035667e-05,-9.646688815e-05,-1.694418342e-04,-1.655561468e-04,-8.435717632e-05,-1.760692763e-05,
1.588788492e-01
l,6.0,-3.0
2.571,3.811,5.091,
2.067380431e-09,8.168701874e+00
2.593232057e-05,-1.687377869e-05,1.637731593e-05,3.064332468e-04,8.581422852e-04,1.485330510e-03,1.532847359e-03,8.263650072e-04,1.780465289e-04,
4.499107581e-06,-7.406656344e-06,-3.084418952e-06,-6.057949860e-05,-1.784418033e-04,-3.015173552e-04,-2.852260938e-04,-1.413029548e-04,-2.887553778e-05,
1.589098636e-01
l,6.0,-2.0
2.651,3.891,5.171,
3.157477971e-09,8.279105093e+00
5.620441880e-05,-3.853793685e-05,-2.701840762e-05,2.557963777e-04,5.497445608e-04,9.439090588e-04,1.154370900e-03,7.246250363e-04,1.740450538e-04,
9.760002543e-06,-1.609717821e-05,-5.155183511e-06,-1.149115365e-04,-3.141416080e-04,-4.938805597e-04,-4.333747053e-04,-1.985844021e-04,-3.779235107e-05,
1.589098449e-01
l,6.0,-1.0
2.711,3.951,5.231,
4.782710231e-09,8.443748838e+00
1.251312060e-04,-7.477420636e-05,8.700435886e-05,1.584638557e-03,4.410117075e-03,7.378150565e-03,7.380928159e-03,3.897133518e-03,8.284510357e-04,
2.188103746e-05,-3.613752637e-05,-1.492620720e-05,-2.981369550e-04,-8.870505948e-04,-1.512551090e-03,-1.442645444e-03,-7.194342975e-04,-1.477915315e-04,
1.589270190e-01
l,6.0,0.0
2.731,3.991,5.271,
1.243849241e-11,1.504973049e+01
2.870697936e-04,-1.806002836e-04,-3.892927525e-04,-9.604044310e-04,-6.574516388e-03,-1.499094506e-02,-1.609049124e-02,-8.554194933e-03,-1.818476955e-03,
5.069331387e-05,-8.379904408e-05,-3.917851843e-05,-7.206901932e-04,-2.102369142e-03,-3.441823596e-03,-3.107859069e-03,-1.451309647e-03,-2.778670305e-04,
1.589269698e-01
l,6.0,1.0
2.811,4.031,5.311,
2.117821238e-08,8.343782026e+00
6.691495073e-04,-4.126222046e-04,-1.873989932e-04,4.706838783e-03,1.248332109e-02,2.164777713e-02,2.399816958e-02,1.403399383e-02,3.249866788e-03,
1.174432208e-04,-1.943254109e-04,-6.057707924e-05,-1.393833335e-03,-3.861365586e-03,-6.165338167e-03,-5.504920734e-03,-2.567813529e-03,-4.973986450e-04,
1.589269993e-01
l,6.0,2.0
2.791,4.051,5.311,
8.590087905e-12,1.675667994e+01
1.614294015e-03,-1.134197863e-03,-3.869287870e-03,-1.540670287e-02,-6.748547105e-02,-1.352859776e-01,-1.378782384e-01,-7.114070203e-02,-1.479280669e-02,
2.907279471e-04,-4.811579930e-04,-1.227368746e-04,-3.026974692e-03,-7.391318130e-03,-1.001997337e-02,-7.134957901e-03,-2.373066345e-03,-2.752946919e-04,
1.589268486e-01
l,6.0,3.0
2.831,4.051,5.291,
1.291422522e-07,8.238202971e+00
4.039632156e-03,-2.480656502e-03,-9.537022999e-04,2.853136360e-02,6.934850198e-02,1.113234443e-01,1.196977667e-01,6.943385764e-02,1.604045444e-02,
7.442917785e-04,-1.232022766e-03,-7.275148566e-04,-1.253635900e-02,-3.972852965e-02,-7.008808390e-02,-6.824913845e-02,-3.444919669e-02,-7.110879701e-03,
1.589579960e-01
l,6.0,4.0
2.811,4.011,5.231,
1.890034023e-07,8.802044550e+00
1.068319008e-02,-6.336518878e-03,-6.074134971e-03,4.540728842e-02,4.206055421e-02,-1.818488039e-02,-2.930805412e-02,-4.566840793e-03,2.161602934e-03,
2.037295521e-03,-3.373785083e-03,-2.139479766e-03,-3.548027668e-02,-1.124002707e-01,-1.973180154e-01,-1.907472651e-01,-9.536807072e-02,-1.949744979e-02,
1.589578597e-01
l,6.0,5.0
2.851,3.971,5.151,
2.693838047e-07,9.454575475e+00
2.956390008e-02,-1.831734938e-02,-7.301214072e-03,2.498348348e-01,6.652130402e-01,1.199540767e+00,1.438241924e+00,9.180481531e-01,2.315984021e-01,
5.782482260e-03,-9.607802729e-03,-6.160869185e-03,-1.042316940e-01,-3.403021881e-01,-6.205596789e-01,-6.274197517e-01,-3.302442735e-01,-7.140044715e-02,
1.590202153e-01
l,6.0,6.0
2.811,3.971,5.151,
1.945298054e-06,8.661461205e+00
8.286140114e-02,-7.226800886e-02,-9.261091122e-03,5.492570718e-01,9.853828906e-01,1.719163391e+00,2.440554297e+00,1.737620948e+00,4.604435031e-01,
1.445202478e-02,-2.429474250e-02,-1.429840796e-02,-2.597558318e-01,-8.448477857e-01,-1.548523674e+00,-1.571401888e+00,-8.334581761e-01,-1.821526559e-01,
1.589098568e-01
l,7.0,-7.0
2.651,3.951,5.271,
7.115116324e-12,9.799918406e+00
5.692268132e-07,-4.871095314e-07,-8.550751247e-07,-2.974393688e-06,-1.369273587e-05,-2.398313611e-05,-2.049023368e-05,-8.827058854e-06,-1.546796990e-06,
8.903198465e-08,-1.471652226e-07,-4.029121831e-08,-9.847499928e-07,-2.531325151e-06,-3.687924734e-06,-2.923097072e-06,-1.183416782e-06,-1.956770475e-07,
1.587851647e-01
l,7.0,-6.0
2.811,4.051,5.351,
1.621911459e-11,9.198132151e+00
1.164200967e-06,-7.652917416e-07,9.098732652e-07,1.427246351e-05,3.858001789e-05,6.426235756e-05,6.411292595e-05,3.359921587e-05,7.064967719e-06,
1.931117714e-07,-3.197514542e-07,-1.172422452e-07,-2.505263975e-06,-7.308491109e-06,-1.230644736e-05,-1.160289925e-05,-5.730615287e-06,-1.167479841e-06,
1.588478018e-01
l,7.0,-5.0
2.871,4.151,5.451,
3.768724978e-11,8.737291866e+00
2.400237008e-06,-1.620590590e-06,-3.121372447e-06,-3.981937877e-06,-2.994529380e-05,-6.084629139e-05,-5.384193386e-05,-2.267461719e-05,-3.727931369e-06,
4.051007940e-07,-6.721485901e-07,-2.900242932e-07,-5.529261745e-06,-1.565866531e-05,-2.487914112e-05,-2.170597058e-05,-9.760891708e-06,-1.797857200e-06,
1.589096656e-01
l,7.0,-4.0
2.971,4.251,5.551,
4.390279538e-12,1.109758648e+01
4.991741207e-06,-2.953550437e-06,-1.920942801e-06,2.174949724e-05,2.446602047e-05,9.204856668e-07,-1.199095974e-05,-7.592201288e-06,-1.630910484e-06,
8.492784828e-07,-1.411941596e-06,-5.323204334e-07,-1.103754684e-05,-3.146366913e-05,-5.131535076e-05,-4.662449747e-05,-2.208170114e-05,-4.317810482e-06,
1.589270530e-01
l,7.0,-3.0
3.111,4.351,5.631,
5.542593192e-11,9.188254820e+00
1.051498020e-05,-6.295547798e-06,-1.832293752e-06,7.810842773e-05,2.000793523e-04,3.232452283e-04,3.346538110e-04,1.858377239e-04,4.133673486e-05,
1.839983005e-06,-3.063719568e-06,-1.127023096e-06,-2.336401890e-05,-6.563207184e-05,-1.059908802e-04,-9.575941792e-05,-4.520160273e-05,-8.841277314e-06,
1.589268683e-01
l,7.0,-2.0
3.151,4.431,5.711,
5.213217583e-10,7.724866652e+00
2.273678911e-05,-1.429520502e-05,-2.698374044e-05,1.188707752e-05,-8.175790016e-05,-2.094935664e-04,-1.569002039e-04,-3.901059408e-05,2.631300109e-07,
3.985577310e-06,-6.646238438e-06,-2.139549128e-06,-4.714523114e-05,-1.255361868e-04,-1.903981395e-04,-1.594203588e-04,-6.864595987e-05,-1.216317110e-05,
1.589269995e-01
l,7.0,-1.0
3.251,4.491,5.791,
1.353699722e-10,9.396036649e+00
5.039689131e-05,-2.690412440e-05,5.093199279e-06,4.838794493e-04,1.303986494e-03,2.079455224e-03,2.045067708e-03,1.082806627e-03,2.325243598e-04,
8.631450961e-06,-1.441452701e-05,-5.256394116e-06,-1.139113635e-04,-3.309051554e-04,-5.491672808e-04,-5.069079656e-04,-2.433187878e-04,-4.809384060e-05,
1.589268451e-01
l,7.0,0.0
3.291,4.551,5.851,
7.030700226e-10,8.574130993e+00
1.133761034e-04,-5.875526110e-05,5.520187487e-05,1.332313643e-03,3.567156176e-03,5.530874079e-03,5.194855746e-03,2.628474371e-03,5.428353068e-04,
1.932879376e-05,-3.231372773e-05,-1.085729456e-05,-2.486235151e-04,-7.239337240e-04,-1.215872255e-03,-1.141819768e-03,-5.594969304e-04,-1.130364871e-04,
1.589579049e-01
l,7.0,1.0
3.311,4.591,5.871,
6.119288763e-12,1.315024607e+01
2.626013884e-04,-1.582773462e-04,-4.551658977e-04,-1.109749693e-03,-5.808182244e-03,-1.221602752e-02,-1.228499461e-02,-6.105825402e-03,-1.211553002e-03,
4.626620520e-05,-7.737687544e-05,-3.172810542e-05,-6.212812657e-04,-1.741241562e-03,-2.742590210e-03,-2.372250021e-03,-1.052429270e-03,-1.907346131e-04,
1.589577984e-01
l,7.0,2.0
3.331,4.611,5.891,
4.703042765e-10,1.016623377e+01
6.249799044e-04,-3.060903972e-04,9.273280304e-05,5.353747389e-03,1.160457729e-02,1.404729943e-02,1.102903929e-02,5.006283996e-03,9.641615238e-04,
1.107479685e-04,-1.852960117e-04,-9.433215631e-05,-1.721938074e-03,-5.285078531e-03,-9.147654915e-03,-8.779893431e-03,-4.372831285e-03,-8.918018073e-04,
1.589578660e-01
l,7.0,3.0
3.371,4.611,5.891,
3.153026217e-09,9.284385468e+00
1.536453958e-03,-7.104491087e-04,2.779469611e-04,1.459669475e-02,3.514619866e-02,4.871456621e-02,4.336259658e-02,2.178750161e-02,4.568234769e-03,
2.741455052e-04,-4.587698665e-04,-2.332168153e-04,-4.260321188e-03,-1.307569477e-02,-2.262954752e-02,-2.171759913e-02,-1.081162784e-02,-2.203949603e-03,
1.589576807e-01
l,7.0,4.0
3.371,4.611,5.871,
7.422706055e-09,9.328806087e+00
3.871052060e-03,-1.882940105e-03,8.965280241e-04,3.775419027e-02,8.973093332e-02,1.239270506e-01,1.107737674e-01,5.603297638e-02,1.182159527e-02,
7.019066237e-04,-1.174796615e-03,-5.799674828e-04,-1.093127472e-02,-3.406935165e-02,-5.998512852e-02,-5.863559798e-02,-2.976127772e-02,-6.187730098e-03,
1.589578597e-01
l,7.0,5.0
3.371,4.571,5.811,
1.552532327e-08,9.536082516e+00
1.028867997e-02,-5.188473334e-03,-6.162749094e-03,5.798955077e-02,1.295389053e-01,1.782571634e-01,1.848114395e-01,1.116308282e-01,2.728907426e-02,
1.923002802e-03,-3.219902107e-03,-1.847611939e-03,-3.174311349e-02,-9.749840308e-02,-1.669824406e-01,-1.579795020e-01,-7.742251142e-02,-1.557141786e-02,
1.589576743e-01
l,7.0,6.0
3.331,4.531,5.731,
1.205931505e-08,1.063515670e+01
2.846582048e-02,-1.611683753e-02,-1.729934925e-02,1.552445089e-01,2.288471683e-01,8.338283435e-02,-3.255893267e-02,-2.733231439e-02,-4.197378557e-03,
5.462772018e-03,-9.173199244e-03,-5.774811109e-03,-9.725794282e-02,-3.103667419e-01,-5.541299594e-01,-5.476597772e-01,-2.806360449e-01,-5.890793203e-02,
1.590201145e-01
l,7.0,7.0
3.311,4.511,5.711,
1.700698525e-07,9.396249876e+00
8.127357066e-02,-6.149414438e-02,-3.550437920e-02,4.791421321e-01,7.234180025e-01,7.041845514e-01,8.036833682e-01,5.900617398e-01,1.636714019e-01,
1.410163033e-02,-2.391913366e-02,-1.408278812e-02,-2.509044783e-01,-7.924823583e-01,-1.410195311e+00,-1.389720551e+00,-7.150081085e-01,-1.518344882e-01,
1.589096984e-01
l,8.0,-8.0
3.111,4.371,5.691,
3.068507650e-13,9.818984890e+00
1.137560020e-07,-7.742351319e-08,8.651414003e-08,1.325108432e-06,3.476406209e-06,5.706585707e-06,5.661331646e-06,2.954622460e-06,6.181687895e-07,
1.791625999e-08,-2.986549014e-08,-1.148158553e-08,-2.453994127e-07,-7.275549761e-07,-1.232282180e-06,-1.158283731e-06,-5.672905072e-07,-1.140826278e-07,
1.588161696e-01
l,8.0,-7.0
3.191,4.491,5.791,
2.426775422e-13,1.026757287e+01
2.272236941e-07,-1.574510325e-07,-2.659289521e-07,-3.043503204e-07,-2.818228075e-06,-5.963481630e-06,-5.469943256e-06,-2.409528167e-06,-4.198470568e-07,
3.755014546e-08,-6.270811382e-08,-2.419119888e-08,-4.957580249e-07,-1.390693631e-06,-2.206350069e-06,-1.928349982e-06,-8.715393154e-07,-1.619664877e-07,
1.589094579e-01
l,8.0,-6.0
3.311,4.611,5.911,
2.832238093e-14,1.232231084e+01
4.570696888e-07,-2.985810273e-07,-4.771290177e-07,8.317485503e-08,-3.342543963e-06,-8.619460935e-06,-8.603732320e-06,-4.070191342e-06,-7.664191613e-07,
7.605087977e-08,-1.272703071e-07,-4.725409353e-08,-1.007563221e-06,-2.860297068e-06,-4.588470447e-06,-4.051949211e-06,-1.848019758e-06,-3.461472683e-07,
1.589263366e-01
l,8.0,-5.0
3.411,4.711,6.011,
2.154346690e-12,9.052005467e+00
9.410039183e-07,-5.451798267e-07,-7.090988321e-07,2.479192702e-06,9.755421538e-07,-4.137016627e-06,-4.498435673e-06,-1.558339046e-06,-1.315376520e-07,
1.591969531e-07,-2.668624196e-07,-9.148364602e-08,-2.030599486e-06,-5.715664626e-06,-9.190910941e-06,-8.201079352e-06,-3.797903384e-06,-7.255666533e-07,
1.589266290e-01
l,8.0,-4.0
3.531,4.811,6.111,
1.281281199e-12,9.838877639e+00
1.958597977e-06,-1.026454462e-06,1.290736496e-07,1.755022704e-05,4.354543306e-05,6.236729284e-05,5.600295040e-05,2.766834987e-05,5.619528455e-06,
3.332184870e-07,-5.594825755e-07,-2.080726154e-07,-4.467301713e-06,-1.297825188e-05,-2.155995805e-05,-1.992757800e-05,-9.578556022e-06,-1.895944625e-06,
1.589575372e-01
l,8.0,-3.0
3.631,4.891,6.191,
5.506813340e-12,9.102122969e+00
4.177394203e-06,-2.140363514e-06,-2.676812588e-06,2.049415714e-05,4.545769490e-05,6.028516504e-05,5.890966900e-05,3.362279437e-05,7.828765138e-06,
7.209876148e-07,-1.212082184e-06,-4.985703172e-07,-9.950017175e-06,-2.855781497e-05,-4.633941782e-05,-4.154995885e-05,-1.925012474e-05,-3.661245765e-06,
1.589577589e-01
l,8.0,-2.0
3.671,4.971,6.271,
1.647946080e-14,1.401029617e+01
9.021428923e-06,-4.794135830e-06,-1.312256509e-05,-1.124083418e-05,-9.730492814e-05,-2.364202699e-04,-2.475736720e-04,-1.242187948e-04,-2.461444912e-05,
1.559742272e-06,-2.625363811e-06,-1.065172508e-06,-2.127056813e-05,-5.993921074e-05,-9.483184374e-05,-8.231682242e-05,-3.662662973e-05,-6.655785845e-06,
1.589574876e-01
l,8.0,-1.0
3.791,5.031,6.331,
3.103981448e-12,1.043582860e+01
1.993230944e-05,-9.083288968e-06,-8.592568328e-06,1.344754745e-04,3.454327305e-04,5.037860299e-04,4.757265802e-04,2.513368646e-04,5.467772584e-05,
3.489347136e-06,-5.878567244e-06,-2.565213506e-06,-4.930851493e-05,-1.423524933e-04,-2.324884260e-04,-2.102448566e-04,-9.830883170e-05,-1.886610792e-05,
1.589576355e-01
l,8.0,0.0
3.851,5.091,6.391,
4.590413643e-12,1.063206950e+01
4.466413884e-05,-1.882517996e-05,1.281110966e-05,5.089082395e-04,1.412351073e-03,2.178527992e-03,2.014587950e-03,1.007761523e-03,2.070008391e-04,
7.805425566e-06,-1.316157914e-05,-5.370337445e-06,-1.080831954e-04,-3.152627242e-04,-5.259933391e-04,-4.894091650e-04,-2.366773520e-04,-4.707675445e-05,
1.589574462e-01
l,8.0,1.0
3.891,5.151,6.451,
1.005656959e-11,1.057625019e+01
1.016243987e-04,-4.719379354e-05,1.066739610e-05,9.616709043e-04,2.458494968e-03,3.555845795e-03,3.195386150e-03,1.585404198e-03,3.252657301e-04,
1.745875606e-05,-2.946482089e-05,-9.857023324e-06,-2.258015109e-04,-6.498179635e-04,-1.078205024e-03,-9.996966873e-04,-4.825508023e-04,-9.605015610e-05,
1.589575144e-01
l,8.0,2.0
3.871,5.171,6.471,
4.913174593e-11,9.975725083e+00
2.399064979e-04,-1.074675549e-04,-6.851965287e-05,1.759267630e-03,4.268898817e-03,5.616866893e-03,4.680897702e-03,2.209021337e-03,4.373168288e-04,
4.177651123e-05,-7.052727941e-05,-2.881199008e-05,-5.805736044e-04,-1.680502130e-03,-2.763072727e-03,-2.520075978e-03,-1.190048597e-03,-2.308666242e-04,
1.589572722e-01
l,8.0,3.0
3.891,5.191,6.491,
1.074854717e-13,1.508835323e+01
5.766876857e-04,-2.963061133e-04,-9.996055012e-04,-1.694437144e-03,-9.268720025e-03,-2.051987982e-02,-2.108978978e-02,-1.055797258e-02,-2.093713107e-03,
9.996823068e-05,-1.688247476e-04,-6.436079667e-05,-1.333276966e-03,-3.711489749e-03,-5.798098523e-03,-4.955736519e-03,-2.160585176e-03,-3.834229175e-04,
1.589573666e-01
l,8.0,4.0
3.911,5.191,6.491,
3.482248007e-12,1.316681539e+01
1.427810057e-03,-7.241161620e-04,-2.490816752e-03,-3.931238630e-03,-2.164888276e-02,-4.802308652e-02,-4.901018737e-02,-2.426178153e-02,-4.749609824e-03,
2.474534755e-04,-4.179606454e-04,-1.512843683e-04,-3.249384583e-03,-9.027415716e-03,-1.408537696e-02,-1.201714641e-02,-5.224870022e-03,-9.245514819e-04,
1.589571404e-01
l,8.0,5.0
3.951,5.171,6.451,
3.342959367e-10,1.049052341e+01
3.654923057e-03,-1.620587266e-03,-1.445885700e-03,2.937603003e-02,8.366285138e-02,1.339474330e-01,1.334447961e-01,7.257291994e-02,1.611380731e-02,
6.556144116e-04,-1.107220030e-03,-3.940779193e-04,-8.426741244e-03,-2.354582307e-02,-3.776800123e-02,-3.381375256e-02,-1.571245315e-02,-3.018106750e-03,
1.589885027e-01
l,8.0,6.0
3.891,5.131,6.391,
4.143290577e-10,1.109128827e+01
9.748126380e-03,-4.635881883e-03,-1.280581820e-02,2.193995358e-02,3.003762090e-02,-7.710659766e-03,-2.262572757e-02,-8.527973122e-03,-4.178222548e-04,
1.797484627e-03,-3.036768644e-03,-1.085422386e-03,-2.282157921e-02,-6.213797450e-02,-9.601357226e-02,-8.181118898e-02,-3.560279824e-02,-6.334927234e-03,
1.589880944e-01
l,8.0,7.0
3.871,5.091,6.331,
4.731034755e-10,1.179556277e+01
2.698942088e-02,-1.332257187e-02,-2.507241221e-02,9.182790087e-02,6.928184404e-02,-1.645787090e-01,-2.664638882e-01,-1.452757838e-01,-2.836337174e-02,
4.938541783e-03,-8.364660123e-03,-4.255432299e-03,-7.873349868e-02,-2.367152292e-01,-3.973796142e-01,-3.670139664e-01,-1.748114564e-01,-3.417708256e-02,
1.590198927e-01
l,8.0,8.0
3.851,5.071,6.291,
2.814559074e-10,1.305201847e+01
7.710175961e-02,-5.331076019e-02,-4.738901922e-02,3.448249491e-01,1.535514989e-01,-7.603245458e-01,-1.119763293e+00,-6.192041479e-01,-1.277319857e-01,
1.317438667e-02,-2.250169985e-02,-1.195374023e-02,-2.284817429e-01,-7.237373361e-01,-1.286744805e+00,-1.257573329e+00,-6.363678643e-01,-1.321021346e-01,
1.589260863e-01
l,9.0,-9.0
3.491,4.791,6.111,
2.576583772e-16,1.314837437e+01
2.245860919e-08,-1.515719729e-08,-2.464855053e-08,-9.019816525e-09,-2.093543222e-07,-4.937935656e-07,-4.806409992e-07,-2.247728313e-07,-4.201308687e-08,
3.585716116e-09,-6.020509122e-09,-2.217566264e-09,-4.698595605e-08,-1.307037139e-07,-2.056595700e-07,-1.778447618e-07,-7.940694352e-08,-1.457449244e-08,
1.588468468e-01
l,9.0,-8.0
3.631,4.931,6.231,
4.715980574e-16,1.280624166e+01
4.382097885e-08,-2.792843549e-08,-4.025254705e-08,5.541609250e-08,-1.602768277e-07,-5.570149912e-07,-5.783411249e-07,-2.725203640e-07,-5.053393112e-08,
7.255925006e-09,-1.220575053e-08,-4.591734415e-09,-9.742068715e-08,-2.771642736e-07,-4.464598086e-07,-3.964282061e-07,-1.819828067e-07,-3.433395995e-08,
1.588952559e-01
l,9.0,-7.0
3.791,5.051,6.351,
6.942959669e-15,1.094758500e+01
8.736162727e-08,-4.612903155e-08,3.291092592e-08,9.532130833e-07,2.485404341e-06,3.758401585e-06,3.477604256e-06,1.743649556e-06,3.575239892e-07,
1.467574713e-08,-2.473170739e-08,-8.572486556e-09,-1.929662058e-07,-5.601329352e-07,-9.375913774e-07,-8.768343071e-07,-4.277112943e-07,-8.603982341e-08,
1.589259879e-01
l,9.0,-6.0
3.871,5.171,6.471,
5.038700464e-15,1.147168751e+01
1.762564068e-07,-1.004831945e-07,-1.975504103e-07,6.546767486e-08,-1.089591157e-06,-3.091297107e-06,-3.172114275e-06,-1.492558869e-06,-2.723292962e-07,
2.967242073e-08,-5.009088460e-08,-1.643307636e-08,-3.774912897e-07,-1.052409859e-06,-1.671307434e-06,-1.466363195e-06,-6.643383738e-07,-1.238815753e-07,
1.589569983e-01
l,9.0,-5.0
3.991,5.271,6.571,
4.778635733e-14,1.013167220e+01
3.631724041e-07,-1.716005263e-07,6.262295248e-08,3.682802332e-06,9.632533590e-06,1.413480534e-05,1.265902025e-05,6.192068302e-06,1.247575715e-06,
6.202355229e-08,-1.048496488e-07,-3.780721052e-08,-8.320782083e-07,-2.418087731e-06,-4.030350289e-06,-3.742620300e-06,-1.806698691e-06,-3.591011621e-07,
1.589567516e-01
l,9.0,-4.0
4.111,5.351,6.651,
1.841103539e-14,1.115644981e+01
7.653010812e-07,-3.277911179e-07,-2.812887427e-07,5.649654209e-06,1.496489543e-05,2.201682517e-05,2.045506829e-05,1.056798892e-05,2.255290258e-06,
1.340792136e-07,-2.269038388e-07,-9.853427915e-08,-1.905520297e-06,-5.505087800e-06,-9.008911019e-06,-8.168848874e-06,-3.829368757e-06,-7.366745797e-07,
1.589567101e-01
l,9.0,-3.0
4.151,5.451,6.751,
5.320478601e-16,1.402195520e+01
1.616313966e-06,-7.950432756e-07,-2.499723301e-06,-2.818607791e-06,-1.958826032e-05,-4.621788696e-05,-4.805169624e-05,-2.392603992e-05,-4.685861456e-06,
2.801472512e-07,-4.747204984e-07,-1.715985014e-07,-3.665731160e-06,-1.015671851e-05,-1.590270727e-05,-1.369044327e-05,-6.034817407e-06,-1.087128883e-06,
1.589565057e-01
l,9.0,-2.0
4.231,5.531,6.831,
5.498333351e-14,1.116254436e+01
3.487007007e-06,-1.588440156e-06,-3.265117950e-06,8.686938760e-06,6.117331956e-06,-1.555476397e-05,-2.332311329e-05,-1.185167005e-05,-2.136094559e-06,
6.054133351e-07,-1.026947199e-06,-3.564385572e-07,-7.851123510e-06,-2.198639969e-05,-3.515313103e-05,-3.117729350e-05,-1.427986307e-05,-2.689970440e-06,
1.589564652e-01
l,9.0,-1.0
4.291,5.591,6.911,
1.839948159e-16,1.549588794e+01
7.696947250e-06,-3.618618957e-06,-1.450855347e-05,-2.654093898e-05,-1.276837381e-04,-2.764119042e-04,-2.829497723e-04,-1.413853257e-04,-2.795943156e-05,
1.308150591e-06,-2.221200787e-06,-5.307498758e-07,-1.451815080e-05,-3.704726049e-05,-5.368365375e-05,-4.231776673e-05,-1.669883709e-05,-2.649194887e-06,
1.589562655e-01
l,9.0,0.0
4.351,5.651,6.971,
1.615722402e-16,1.599195524e+01
1.720428918e-05,-7.990066747e-06,-2.999887141e-05,-3.892590242e-05,-2.136008307e-04,-4.928010090e-04,-5.178641012e-04,-2.629895978e-04,-5.271827837e-05,
2.923926974e-06,-4.968390359e-06,-1.364835797e-06,-3.435712312e-05,-9.015665380e-05,-1.338318557e-04,-1.082559988e-04,-4.412963205e-05,-7.270904474e-06,
1.589561636e-01
l,9.0,1.0
4.431,5.691,7.011,
2.196279309e-13,1.155057918e+01
3.930757885e-05,-1.309894350e-05,1.151281620e-05,4.476321026e-04,1.230555743e-03,1.823109478e-03,1.607031407e-03,7.710835574e-04,1.531938822e-04,
6.762337820e-06,-1.149626574e-05,-5.139725446e-06,-1.006039869e-04,-2.995263448e-04,-5.044748849e-04,-4.701979741e-04,-2.263634955e-04,-4.455932070e-05,
1.589869867e-01
l,9.0,2.0
4.431,5.731,7.051,
4.136290430e-16,1.628159539e+01
9.133748244e-05,-4.120784011e-05,-1.774938604e-04,-3.341729794e-04,-1.541380450e-03,-3.320745906e-03,-3.412519629e-03,-1.715433099e-03,-3.414239052e-04,
1.563617133e-05,-2.659504425e-05,-7.484134194e-06,-1.812300681e-04,-4.647977564e-04,-6.738959807e-04,-5.310495425e-04,-2.091675133e-04,-3.298838057e-05,
1.589868497e-01
l,9.0,3.0
4.451,5.751,7.071,
2.192815332e-11,9.516639981e+00
2.171801025e-04,-7.828720683e-05,-1.016718625e-04,1.336523519e-03,3.123663547e-03,3.735482719e-03,2.897130220e-03,1.343723045e-03,2.718534769e-04,
3.740531573e-05,-6.363779540e-05,-2.428335813e-05,-5.071281380e-04,-1.441775299e-03,-2.337487896e-03,-2.102967276e-03,-9.772961895e-04,-1.864168142e-04,
1.589866510e-01
l,9.0,4.0
4.491,5.771,7.071,
8.160380932e-12,1.074734289e+01
5.259058089e-04,-1.941783169e-04,2.308080926e-05,5.257922487e-03,1.429628943e-02,2.082967371e-02,1.817802164e-02,8.669505156e-03,1.713792453e-03,
9.256352915e-05,-1.574870296e-04,-6.551535898e-05,-1.308296411e-03,-3.804663771e-03,-6.312194598e-03,-5.829153730e-03,-2.789241589e-03,-5.481097099e-04,
1.589555970e-01
l,9.0,5.0
4.491,5.771,7.071,
1.753604089e-11,1.084002224e+01
1.311094966e-03,-4.984043952e-04,3.960097403e-05,1.302237948e-02,3.516937936e-02,5.098916906e-02,4.442936547e-02,2.119953839e-02,4.195729737e-03,
2.291642328e-04,-3.899499456e-04,-1.545478564e-04,-3.195117448e-03,-9.281844743e-03,-1.540268479e-02,-1.422389707e-02,-6.806858570e-03,-1.338517541e-03,
1.589863711e-01
l,9.0,6.0
4.471,5.751,7.051,
4.193499701e-13,1.398000885e+01
3.377771936e-03,-1.352204017e-03,-1.983437496e-03,1.737956296e-02,3.233968476e-02,2.252038669e-02,5.155661578e-03,-1.487203438e-03,-7.453799845e-04,
5.869917405e-04,-9.989460275e-04,-3.171304043e-04,-7.516485806e-03,-2.124201511e-02,-3.451617949e-02,-3.122742207e-02,-1.462846906e-02,-2.823864450e-03,
1.589868026e-01
l,9.0,7.0
4.471,5.711,6.991,
1.711900776e-10,1.064657313e+01
9.036064148e-03,-3.898042356e-03,-8.764580510e-03,3.998404411e-02,9.840643488e-02,1.262465754e-01,1.158426667e-01,6.452338147e-02,1.511242165e-02,
1.610614398e-03,-2.741738450e-03,-8.280136842e-04,-1.977680634e-02,-5.371029659e-02,-8.357348453e-02,-7.205671841e-02,-3.191608233e-02,-5.820889043e-03,
1.590175512e-01
l,9.0,8.0
4.431,5.671,6.911,
9.550789851e-11,1.177657462e+01
2.506252937e-02,-1.188804478e-02,-1.664450310e-02,1.503298011e-01,3.281212400e-01,3.547415931e-01,2.619583849e-01,1.243094454e-01,2.659006285e-02,
4.578932433e-03,-7.810035915e-03,-4.394154466e-03,-7.939331363e-02,-2.489045095e-01,-4.347157220e-01,-4.177012819e-01,-2.068610375e-01,-4.182913689e-02,
1.590186264e-01
l,9.0,9.0
4.391,5.611,6.851,
4.297307848e-12,1.466399034e+01
7.324097306e-02,-4.094158728e-02,-6.400212798e-02,2.966061752e-01,2.044683880e-01,-6.553875944e-01,-1.121029097e+00,-6.794303706e-01,-1.505862551e-01,
1.263555015e-02,-2.170889889e-02,-1.241634324e-02,-2.211326809e-01,-6.772534936e-01,-1.159290127e+00,-1.089526322e+00,-5.285013043e-01,-1.051821419e-01,
1.589552681e-01
