l,0.0,-0.0
0.091,0.871,1.671,
4.268982953e-01,1.507560299e+00
2.790362947e-02,-2.939437651e-02,1.088473154e-01,1.819025167e+00,1.344144600e+01,4.933252428e+01,9.401237007e+01,8.960268323e+01,3.352384759e+01,
9.931730922e-03,-1.454872107e-02,-4.341415683e-02,-6.278906299e-01,-3.270064640e+00,-9.018071670e+00,-1.362985290e+01,-1.066500780e+01,-3.377290689e+00,
1.590514165e-01
l,1.0,-1.0
0.251,1.351,2.491,
7.789736538e-02,2.713152754e+00
6.474787835e-03,-6.872275641e-03,5.839700290e-03,3.232997996e-02,9.561309358e-02,2.036425402e-01,2.395305686e-01,1.643443119e-01,5.022460011e-02,
1.352800336e-03,-2.156830497e-03,-1.638056222e-03,-2.394510057e-02,-7.877075328e-02,-1.443222920e-01,-1.481054001e-01,-7.993578612e-02,-1.768809062e-02,
1.588480004e-01
l,1.0,0.0
0.271,0.971,1.671,
1.927557480e+00,4.625453459e+00
2.392218076e-02,-2.416626177e-02,2.817694669e-02,8.274546270e-01,4.825385523e+00,1.367958337e+01,1.686063226e+01,7.116686806e+00,-4.029304039e-01,
9.933667304e-03,-1.455155762e-02,-4.891338886e-02,-7.027547150e-01,-3.738957329e+00,-1.054290516e+01,-1.632429892e+01,-1.309465829e+01,-4.256196740e+00,
1.590824267e-01
l,1.0,1.0
0.331,1.151,2.051,
3.385459984e+00,4.592729254e+00
4.480883107e-02,-6.517722055e-02,1.513803728e-01,1.743530525e+00,1.064602822e+01,3.243677104e+01,5.280845469e+01,4.578051464e+01,1.640289768e+01,
1.182455157e-02,-1.860692293e-02,-2.536425608e-02,-3.477505790e-01,-1.338940894e+00,-2.785608753e+00,-3.173621797e+00,-1.873710935e+00,-4.476983627e-01,
1.589100825e-01
l,2.0,-2.0
0.471,1.711,2.951,
7.116936338e-03,3.656640752e+00
1.838617027e-03,-2.059416086e-03,1.216772615e-03,6.104738167e-03,1.517554993e-02,2.468513003e-02,1.477332058e-02,2.537142508e-03,9.215207350e-06,
3.089675668e-04,-5.102397136e-04,-2.990302116e-04,-4.917031714e-03,-1.491460375e-02,-2.511231360e-02,-2.336922116e-02,-1.136476900e-02,-2.263743907e-03,
1.586617831e-01
l,2.0,-1.0
0.531,1.511,2.511,
2.016117982e-02,4.767688115e+00
5.162679125e-03,-5.316392188e-03,-2.852537813e-03,-8.346192705e-03,-7.554530366e-02,-1.823909335e-01,-3.098151499e-01,-2.867879839e-01,-9.898120365e-02,
1.311214901e-03,-2.094372692e-03,-1.859464877e-03,-2.615883926e-02,-8.595604796e-02,-1.517888833e-01,-1.465222623e-01,-7.269937710e-02,-1.455223244e-02,
1.589582151e-01
l,2.0,0.0
0.551,1.711,2.871,
5.689815093e-02,5.556702755e+00
8.373738267e-03,-1.038816098e-02,2.730074174e-03,-3.368665922e-02,-2.617014714e-01,-7.551035787e-01,-1.138965492e+00,-8.109642483e-01,-2.146542124e-01,
1.513403657e-03,-2.493011242e-03,-1.571745398e-03,-2.536810570e-02,-7.912582141e-02,-1.378827293e-01,-1.335449957e-01,-6.804204876e-02,-1.426889304e-02,
1.586618030e-01
l,2.0,1.0
0.611,1.351,2.131,
1.033580941e-01,5.203048700e+00
3.127520159e-02,-3.502538630e-02,5.156385217e-02,1.357335080e+00,9.519535187e+00,3.429814886e+01,6.171456535e+01,5.424025607e+01,1.874689130e+01,
1.043211349e-02,-1.649260447e-02,-4.564848053e-02,-6.837268994e-01,-3.528624953e+00,-9.649742075e+00,-1.443581743e+01,-1.116909395e+01,-3.500535796e+00,
1.590513990e-01
l,2.0,2.0
0.551,1.491,2.431,
4.434958925e+00,9.372559466e+00
6.132179871e-02,-9.954367573e-02,-5.750886085e-02,-2.211449477e+00,-1.479281049e+01,-4.969855184e+01,-8.831694570e+01,-7.556866977e+01,-2.448638267e+01,
1.359405891e-02,-2.239888852e-02,-2.642799584e-02,-4.156018182e-01,-1.691112482e+00,-3.775359041e+00,-4.640000998e+00,-2.970175730e+00,-7.721529710e-01,
1.587546893e-01
l,3.0,-3.0
0.791,2.011,3.291,
6.226896002e-04,5.032405043e+00
5.632414832e-04,-5.977624619e-04,1.536814898e-03,9.601223143e-03,3.026317884e-02,5.500672108e-02,5.320991740e-02,2.640425016e-02,5.386885353e-03,
8.457642402e-05,-1.425496341e-04,-8.522730331e-05,-1.500496671e-03,-4.913148852e-03,-8.977963889e-03,-9.038031044e-03,-4.725226308e-03,-1.002160236e-03,
1.585697434e-01
l,3.0,-2.0
0.811,1.911,3.011,
9.875300675e-04,6.361583441e+00
1.362569979e-03,-1.433313859e-03,1.027948067e-04,2.951664270e-03,1.560773011e-04,-1.970428340e-03,-1.304599319e-02,-1.902827015e-02,-7.578551909e-03,
2.802030830e-04,-4.645877540e-04,-3.635122404e-04,-5.635110554e-03,-1.856308918e-02,-3.348989923e-02,-3.346505272e-02,-1.750823183e-02,-3.769365201e-03,
1.589100801e-01
l,3.0,-1.0
0.871,2.091,3.331,
1.359832392e-03,6.781042246e+00
2.201932948e-03,-2.669124585e-03,1.670593390e-03,8.504021148e-03,2.014064777e-02,3.259718991e-02,8.492182490e-03,-1.517247252e-02,-7.645749763e-03,
3.386773781e-04,-5.723836195e-04,-3.176860766e-04,-5.581871570e-03,-1.699837681e-02,-2.894360155e-02,-2.717821372e-02,-1.334157208e-02,-2.684540215e-03,
1.585387894e-01
l,3.0,0.0
0.891,1.911,2.931,
2.373139916e-03,6.984559281e+00
5.919355899e-03,-5.778688296e-03,5.904956114e-03,6.031674485e-02,1.649407271e-01,3.444026027e-01,3.644331019e-01,1.590557985e-01,1.802292343e-02,
1.373006863e-03,-2.270503475e-03,-2.713078089e-03,-3.886025612e-02,-1.499251897e-01,-3.179345820e-01,-3.745629058e-01,-2.304403262e-01,-5.787701382e-02,
1.589272546e-01
l,3.0,1.0
0.891,2.051,3.231,
7.130153228e-03,9.607263317e+00
1.051034033e-02,-1.341353372e-02,8.116296394e-03,-7.948437676e-03,-2.022624003e-01,-6.276906000e-01,-1.044355344e+00,-8.231547323e-01,-2.382671040e-01,
1.721519128e-03,-2.902776921e-03,-1.755346064e-03,-3.137260826e-02,-1.038937548e-01,-1.929661782e-01,-1.980243329e-01,-1.060822883e-01,-2.317629478e-02,
1.585697436e-01
l,3.0,2.0
0.931,1.731,2.571,
1.413177171e-02,6.561932841e+00
3.774556145e-02,-3.936226992e-02,1.150789145e-01,1.659253873e+00,9.013674413e+00,2.833507683e+01,4.627248547e+01,3.704853887e+01,1.161048547e+01,
1.081039974e-02,-1.786546387e-02,-3.220461692e-02,-5.059511649e-01,-2.481050240e+00,-6.633304850e+00,-9.819597222e+00,-7.564181401e+00,-2.366598531e+00,
1.590513732e-01
l,3.0,3.0
0.871,1.811,2.751,
1.365625460e-01,1.309739921e+01
8.175911754e-02,-1.362865329e-01,5.746886832e-02,-8.794466533e-01,-6.485950316e+00,-2.328493494e+01,-4.865803964e+01,-4.797657815e+01,-1.728723662e+01,
1.689277401e-02,-2.875934520e-02,-3.604359256e-02,-5.711642071e-01,-2.350720981e+00,-5.344005862e+00,-6.712959519e+00,-4.407461313e+00,-1.178628950e+00,
1.586626466e-01
l,4.0,-4.0
0.991,2.271,3.571,
4.313120714e-05,8.086871577e+00
1.806711953e-04,-2.096581553e-04,1.460571214e-05,-6.644703369e-04,-4.069384098e-03,-8.591366174e-03,-1.020545443e-02,-6.254230668e-03,-1.491381132e-03,
2.539102648e-05,-4.339442866e-05,-1.311649478e-05,-3.179096238e-04,-8.968216690e-04,-1.479754681e-03,-1.367599614e-03,-6.662814385e-04,-1.336104478e-04,
1.584769437e-01
l,4.0,-3.0
1.111,2.231,3.351,
4.219648692e-05,5.928521679e+00
3.949000093e-04,-3.796249464e-04,6.547307080e-04,5.410449235e-03,1.675089487e-02,3.555705560e-02,4.102946939e-02,2.323545433e-02,5.139732512e-03,
7.656332131e-05,-1.294576986e-04,-1.303915494e-04,-2.091582326e-03,-8.012636011e-03,-1.650899635e-02,-1.854878352e-02,-1.075144718e-02,-2.521881053e-03,
1.588479897e-01
l,4.0,-2.0
1.171,2.411,3.671,
4.839821309e-05,6.298868247e+00
6.334800855e-04,-7.424406854e-04,6.913210453e-04,5.652364381e-03,1.975033230e-02,4.387121786e-02,4.779720824e-02,2.451972478e-02,4.827659792e-03,
9.165306367e-05,-1.573589769e-04,-7.725176973e-05,-1.527645652e-03,-4.827307633e-03,-8.602506986e-03,-8.443238846e-03,-4.313467080e-03,-8.979951871e-04,
1.585078384e-01
l,4.0,-1.0
1.231,2.331,3.451,
7.546803107e-05,6.014787878e+00
1.446814043e-03,-1.444948890e-03,1.070380570e-03,1.488052119e-02,5.064144133e-02,1.242873433e-01,1.608591176e-01,9.952216989e-02,2.366529614e-02,
2.769310146e-04,-4.708446830e-04,-2.827111130e-04,-5.099816430e-03,-1.712502501e-02,-3.229093147e-02,-3.389842266e-02,-1.865259482e-02,-4.222304310e-03,
1.588790254e-01
l,4.0,0.0
1.271,2.491,3.711,
6.798425011e-05,8.890785547e+00
2.445715945e-03,-3.038918515e-03,1.757134688e-03,1.103899108e-02,2.744155250e-02,5.873675903e-02,5.026467318e-02,1.240605155e-02,-1.227861687e-03,
3.666255974e-04,-6.308749412e-04,-2.873502132e-04,-5.924122245e-03,-1.823070624e-02,-3.169490847e-02,-3.044433375e-02,-1.532494677e-02,-3.170273079e-03,
1.585078380e-01
l,4.0,1.0
1.271,2.331,3.391,
2.261752903e-04,6.964564833e+00
6.392181851e-03,-6.685128565e-03,4.217054143e-03,6.017770250e-02,1.962369918e-01,5.061952603e-01,6.810246336e-01,4.290126534e-01,1.024854624e-01,
1.316054303e-03,-2.235909267e-03,-1.965000611e-03,-3.168483662e-02,-1.158337334e-01,-2.336903722e-01,-2.610986984e-01,-1.522975593e-01,-3.635349435e-02,
1.589272188e-01
l,4.0,2.0
1.251,2.411,3.591,
4.244987680e-04,8.322997182e+00
1.240003016e-02,-1.611263963e-02,1.535095024e-02,1.251035272e-01,4.942852669e-01,1.182510415e+00,1.321332494e+00,6.729905094e-01,1.274082442e-01,
1.934687582e-03,-3.322391425e-03,-1.614225782e-03,-3.248129418e-02,-1.026776547e-01,-1.842297440e-01,-1.831400360e-01,-9.561031044e-02,-2.052399683e-02,
1.585387716e-01
l,4.0,3.0
1.271,2.111,2.991,
1.392330235e-03,8.003910817e+00
4.342621937e-02,-5.161625684e-02,2.010958306e-02,1.061075998e+00,6.369376478e+00,2.169663389e+01,3.701149820e+01,3.027098289e+01,9.564026038e+00,
1.125530671e-02,-1.915339566e-02,-2.518643543e-02,-3.875349575e-01,-1.607311994e+00,-3.648686031e+00,-4.584059319e+00,-3.002951508e+00,-8.043765020e-01,
1.590203312e-01
l,4.0,4.0
1.191,2.151,3.111,
2.035374597e-03,1.434492691e+01
1.012438014e-01,-1.598793330e-01,3.381199049e-01,1.442499176e+00,4.136980258e+00,8.039852275e+00,1.799571543e+00,-7.864919892e+00,-4.910086244e+00,
1.931680303e-02,-3.371620551e-02,-4.615263103e-02,-7.690929727e-01,-3.364053542e+00,-8.015119602e+00,-1.046103632e+01,-7.090740060e+00,-1.949396049e+00,
1.585697606e-01
l,5.0,-5.0
1.271,2.551,3.831,
1.261095656e-06,9.527221056e+00
5.599707947e-05,-6.829706222e-05,3.295766268e-05,2.767031437e-04,8.425561577e-04,1.671792728e-03,1.418898624e-03,4.546498773e-04,2.731788878e-05,
7.846106907e-06,-1.355797449e-05,-3.975053084e-06,-9.850987026e-05,-2.663803052e-04,-4.140111286e-04,-3.540393804e-04,-1.579606600e-04,-2.899218318e-05,
1.584459730e-01
l,5.0,-4.0
1.391,2.531,3.671,
7.741307271e-07,1.001448958e+01
1.167623996e-04,-1.212515769e-04,-2.133451932e-05,1.544901871e-04,-7.356688318e-04,-1.754366782e-03,-2.193738202e-03,-1.685580360e-03,-5.311784957e-04,
2.144402705e-05,-3.681206102e-05,-9.470919088e-06,-2.606978040e-04,-7.550256156e-04,-1.295463970e-03,-1.265736968e-03,-6.584692249e-04,-1.434067969e-04,
1.588480296e-01
l,5.0,-3.0
1.511,2.711,3.951,
2.291514572e-06,7.019500616e+00
1.858778996e-04,-2.139761882e-04,1.256260017e-04,1.337343339e-03,4.716530097e-03,1.189056809e-02,1.466051138e-02,8.417539104e-03,1.842351095e-03,
2.730828003e-05,-4.740653139e-05,-2.299764121e-05,-4.588879041e-04,-1.413547678e-03,-2.447337036e-03,-2.329651223e-03,-1.155926096e-03,-2.351320258e-04,
1.585078021e-01
l,5.0,-2.0
1.571,2.691,3.831,
3.769823317e-06,6.546820007e+00
3.842929145e-04,-3.766481191e-04,1.965611672e-04,3.046535851e-03,8.285318393e-03,2.023444102e-02,2.769711301e-02,1.795537657e-02,4.421442092e-03,
6.972329897e-05,-1.204950840e-04,-7.202965319e-05,-1.339378008e-03,-4.571824352e-03,-8.780381307e-03,-9.351742042e-03,-5.190520598e-03,-1.177541006e-03,
1.588480262e-01
l,5.0,-1.0
1.611,2.811,4.031,
2.766918359e-06,8.089248157e+00
6.751709734e-04,-7.648841616e-04,3.046379270e-04,3.927147225e-03,1.038153119e-02,2.543410199e-02,3.166371986e-02,1.786943855e-02,3.750973939e-03,
1.018004800e-04,-1.772580152e-04,-8.691158090e-05,-1.730847214e-03,-5.352440212e-03,-9.357429639e-03,-9.048421052e-03,-4.581678413e-03,-9.545820201e-04,
1.585387894e-01
l,5.0,0.0
1.651,2.751,3.871,
6.041476860e-06,7.621924047e+00
1.491485047e-03,-1.453432373e-03,1.873740724e-04,9.535398657e-03,2.322160264e-02,5.812729922e-02,8.305820380e-02,5.483273431e-02,1.351808711e-02,
2.787968480e-04,-4.827536578e-04,-3.126786153e-04,-5.489610459e-03,-1.842676286e-02,-3.486846975e-02,-3.682033132e-02,-2.038389047e-02,-4.640235199e-03,
1.588790508e-01
l,5.0,1.0
1.651,2.851,4.051,
1.455857937e-05,7.251309046e+00
2.757620066e-03,-3.232737825e-03,1.941340904e-03,2.046804698e-02,6.979641368e-02,1.810749583e-01,2.303763692e-01,1.353043783e-01,3.005965416e-02,
4.212675483e-04,-7.344556382e-04,-3.516884020e-04,-7.250624051e-03,-2.295408606e-02,-4.113347030e-02,-4.067390399e-02,-2.100625680e-02,-4.451555752e-03,
1.585387790e-01
l,5.0,2.0
1.671,2.711,3.791,
2.633225264e-05,7.767191093e+00
7.000530139e-03,-6.993287941e-03,2.954527380e-03,6.651299534e-02,2.118852928e-01,5.563618388e-01,7.980212094e-01,5.426408794e-01,1.403799263e-01,
1.373787801e-03,-2.376300236e-03,-2.048264270e-03,-3.333027889e-02,-1.196017522e-01,-2.369012509e-01,-2.594864185e-01,-1.482376724e-01,-3.467818476e-02,
1.589100568e-01
l,5.0,3.0
1.611,2.751,3.911,
1.600901629e-05,1.094892727e+01
1.458059996e-02,-1.821643612e-02,1.167836408e-02,8.034823888e-02,1.754531370e-01,4.746018083e-01,5.846256659e-01,2.883774700e-01,4.463007162e-02,
2.307253204e-03,-4.016247806e-03,-2.059599394e-03,-4.217737771e-02,-1.398746002e-01,-2.635166660e-01,-2.749755707e-01,-1.501735018e-01,-3.359398635e-02,
1.584768589e-01
l,5.0,4.0
1.591,2.491,3.411,
2.080056070e-04,8.156110448e+00
4.842729121e-02,-5.420492118e-02,3.739743036e-02,8.846813224e-01,3.511421357e+00,1.028837940e+01,1.651203129e+01,1.277520775e+01,3.793840902e+00,
1.149295047e-02,-1.997433967e-02,-2.709191982e-02,-4.335856967e-01,-1.848562818e+00,-4.260983279e+00,-5.384992858e+00,-3.529703907e+00,-9.430545068e-01,
1.590203391e-01
l,5.0,5.0
1.531,2.491,3.471,
3.139354822e-04,1.061009181e+01
1.218148023e-01,-2.001349258e-01,3.831372720e-01,3.538434026e+00,1.806878469e+01,5.353379763e+01,7.628717513e+01,5.087311822e+01,1.290533253e+01,
2.180577901e-02,-3.880751218e-02,-3.123851805e-02,-5.888289966e-01,-2.265602712e+00,-4.928324725e+00,-5.951575762e+00,-3.784560033e+00,-9.880925116e-01,
1.585698156e-01
l,6.0,-6.0
1.611,2.811,4.091,
8.278209828e-08,8.457727671e+00
1.758757935e-05,-1.967775368e-05,4.543469079e-05,3.822010196e-04,1.376677285e-03,2.812228261e-03,3.009979985e-03,1.599296693e-03,3.359099649e-04,
2.413421652e-06,-4.210355535e-06,-1.828752816e-06,-3.944786734e-05,-1.238581234e-04,-2.208743854e-04,-2.173248138e-04,-1.114819141e-04,-2.333817544e-05,
1.584150519e-01
l,6.0,-5.0
1.711,2.811,3.951,
1.039088691e-07,7.806555166e+00
3.491446842e-05,-3.297170403e-05,1.594815030e-05,2.951017586e-04,8.836739945e-04,2.160079451e-03,2.906674918e-03,1.864244389e-03,4.561296420e-04,
6.389864603e-06,-1.109222976e-05,-8.483406739e-06,-1.364242970e-04,-4.614572153e-04,-8.713939791e-04,-9.120097617e-04,-4.977365626e-04,-1.112184101e-04,
1.588480053e-01
l,6.0,-4.0
1.791,2.991,4.211,
7.650896415e-08,8.389598168e+00
5.548154149e-05,-6.054901250e-05,1.844935768e-05,3.142563015e-04,7.549564960e-04,1.829113756e-03,2.366806628e-03,1.395515505e-03,3.064251525e-04,
8.386764854e-06,-1.468977018e-05,-6.922716741e-06,-1.421565412e-04,-4.408515972e-04,-7.744331707e-04,-7.527082720e-04,-3.827611760e-04,-8.006188291e-05,
1.585388186e-01
l,6.0,-3.0
1.931,3.031,4.171,
8.567416741e-08,8.429954256e+00
1.048198028e-04,-1.020546790e-04,3.088639652e-05,9.180752122e-04,3.107633453e-03,7.986625660e-03,1.102961328e-02,7.260495448e-03,1.824583380e-03,
1.865151911e-05,-3.262701934e-05,-1.703679967e-05,-3.395550559e-04,-1.117041692e-03,-2.069187498e-03,-2.124920974e-03,-1.140112777e-03,-2.517299306e-04,
1.588479897e-01
l,6.0,-2.0
1.971,3.131,4.331,
1.648134259e-07,7.936859170e+00
1.861868950e-04,-1.942057659e-04,5.705118547e-05,1.377943647e-03,3.922193369e-03,9.516138786e-03,1.269401723e-02,8.002846214e-03,1.913780960e-03,
2.911000008e-05,-5.118064732e-05,-2.331866463e-05,-5.007600403e-04,-1.584903069e-03,-2.839395694e-03,-2.814578326e-03,-1.458752549e-03,-3.110906106e-04,
1.586006555e-01
l,6.0,-1.0
2.011,3.131,4.271,
2.267018627e-07,8.131205741e+00
3.745921131e-04,-3.489899222e-04,-1.426632958e-05,2.284367205e-03,4.475940327e-03,9.640837436e-03,1.398099925e-02,9.561997103e-03,2.430671482e-03,
6.705910445e-05,-1.176920521e-04,-6.626863390e-05,-1.243159628e-03,-4.035620265e-03,-7.425235541e-03,-7.629316742e-03,-4.115189864e-03,-9.164081954e-04,
1.588790254e-01
l,6.0,0.0
2.051,3.211,4.391,
3.225736034e-07,8.403794565e+00
6.980811013e-04,-7.267342957e-04,2.496255754e-04,4.930551268e-03,1.211114138e-02,2.866205659e-02,3.901716182e-02,2.495805422e-02,6.009295441e-03,
1.121696132e-04,-1.975948579e-04,-9.865412487e-05,-2.049076031e-03,-6.710013170e-03,-1.241605708e-02,-1.270374944e-02,-6.780575240e-03,-1.483741205e-03,
1.585697321e-01
l,6.0,1.0
2.071,3.171,4.311,
6.855269494e-07,8.290929331e+00
1.509782975e-03,-1.417365698e-03,3.219849152e-05,1.000457165e-02,2.564682529e-02,6.603150338e-02,9.851693028e-02,6.840981121e-02,1.776107989e-02,
2.677935125e-04,-4.707282729e-04,-2.407641446e-04,-4.896913182e-03,-1.614050791e-02,-2.998455432e-02,-3.086737619e-02,-1.659167334e-02,-3.671243661e-03,
1.588790149e-01
l,6.0,2.0
2.051,3.231,4.411,
8.325648302e-07,9.133489667e+00
2.966393018e-03,-3.331931517e-03,7.829130936e-04,1.315589189e-02,2.414259542e-02,7.426160851e-02,1.146479810e-01,7.485951352e-02,1.762925756e-02,
4.639915370e-04,-8.182971769e-04,-3.704077143e-04,-8.093154028e-03,-2.581151899e-02,-4.668250249e-02,-4.665892930e-02,-2.436981806e-02,-5.233320579e-03,
1.585697362e-01
l,6.0,3.0
2.051,3.111,4.191,
3.231001696e-06,8.530142466e+00
7.375848014e-03,-7.295431567e-03,1.955460787e-03,6.598229539e-02,1.987273221e-01,5.142283817e-01,7.492373232e-01,5.185638289e-01,1.361147019e-01,
1.418256503e-03,-2.488500246e-03,-2.102687334e-03,-3.476249241e-02,-1.239404211e-01,-2.441537517e-01,-2.658746585e-01,-1.510085756e-01,-3.516233240e-02,
1.589100734e-01
l,6.0,4.0
2.011,3.111,4.271,
5.008432772e-06,9.441732155e+00
1.634158008e-02,-1.984070516e-02,1.138410869e-02,1.684149807e-01,6.721697675e-01,1.850826790e+00,2.527560075e+00,1.614748545e+00,3.925658786e-01,
2.549258755e-03,-4.492663932e-03,-1.900528718e-03,-4.299853657e-02,-1.343867566e-01,-2.394967573e-01,-2.365402479e-01,-1.229367164e-01,-2.648154978e-02,
1.585387465e-01
l,6.0,5.0
1.931,2.871,3.811,
2.152817434e-05,9.238030954e+00
5.286806822e-02,-5.480250434e-02,5.487305176e-02,8.302676829e-01,2.223938883e+00,5.511532946e+00,8.789525659e+00,6.857241042e+00,2.030738104e+00,
1.197384212e-02,-2.114458312e-02,-2.712603198e-02,-4.443495739e-01,-1.887920350e+00,-4.359255190e+00,-5.534725059e+00,-3.654086117e+00,-9.854820505e-01,
1.589893234e-01
l,6.0,6.0
1.891,2.851,3.831,
6.611310011e-05,9.808026900e+00
1.386093944e-01,-2.229819820e-01,3.265404334e-01,3.114257074e+00,1.597771265e+01,5.110863491e+01,7.821672336e+01,5.576800754e+01,1.513722678e+01,
2.435076676e-02,-4.401864055e-02,-3.760008943e-02,-6.928416365e-01,-2.663711572e+00,-5.794252590e+00,-6.998569047e+00,-4.451053677e+00,-1.163581929e+00,
1.585697469e-01
l,7.0,-7.0
1.831,3.071,4.331,
9.422853984e-09,7.810483044e+00
5.466076800e-06,-5.889960518e-06,8.900762516e-06,6.711069964e-05,2.070232026e-04,4.306501561e-04,4.744656780e-04,2.535527566e-04,5.255653622e-05,
7.661295264e-07,-1.346931455e-06,-6.440746154e-07,-1.345713310e-05,-4.359220748e-05,-8.012232024e-05,-8.125380141e-05,-4.289004715e-05,-9.221602126e-06,
1.584459478e-01
l,7.0,-6.0
2.031,3.131,4.291,
3.603394789e-09,9.022018973e+00
9.959823728e-06,-9.879947866e-06,1.902204759e-06,6.985895163e-05,2.144012853e-04,5.710898888e-04,8.142970297e-04,5.431546083e-04,1.370243527e-04,
1.705240873e-06,-2.994316475e-06,-1.604767542e-06,-3.111059487e-05,-1.002580580e-04,-1.818506127e-04,-1.826535932e-04,-9.579188035e-05,-2.066530440e-05,
1.588480247e-01
l,7.0,-5.0
2.131,3.291,4.471,
4.960378786e-09,8.574121881e+00
1.601670920e-05,-1.680707276e-05,3.835120892e-06,1.049914181e-04,2.987494695e-04,7.557172089e-04,1.023189383e-03,6.448951436e-04,1.532818919e-04,
2.566431383e-06,-4.530608102e-06,-2.044148922e-06,-4.384423891e-05,-1.380879272e-04,-2.470243247e-04,-2.449199024e-04,-1.271641390e-04,-2.724246180e-05,
1.586006752e-01
l,7.0,-4.0
2.251,3.351,4.491,
3.040106145e-09,9.332214647e+00
2.912682976e-05,-2.735556634e-05,2.521218028e-06,2.250459531e-04,6.769660765e-04,1.716692080e-03,2.449327652e-03,1.661959494e-03,4.274762660e-04,
5.136882012e-06,-9.073464677e-06,-4.766335671e-06,-9.521996413e-05,-3.120374472e-04,-5.763475061e-04,-5.901917647e-04,-3.157103772e-04,-6.957145060e-05,
1.589101039e-01
l,7.0,-3.0
2.311,3.451,4.611,
5.571630071e-09,8.908785634e+00
5.117879118e-05,-4.942254575e-05,9.476410133e-06,3.968931034e-04,1.008923047e-03,2.248832239e-03,3.021491199e-03,1.961361227e-03,4.836136356e-04,
8.585430108e-06,-1.521459149e-05,-7.588468462e-06,-1.569289402e-04,-5.130710300e-04,-9.526964816e-04,-9.830584100e-04,-5.306075621e-04,-1.178281175e-04,
1.586927556e-01
l,7.0,-2.0
2.391,3.491,4.631,
4.074074069e-09,9.657587964e+00
9.682754171e-05,-8.624946873e-05,-8.938203103e-06,6.587028332e-04,1.664225112e-03,4.054974765e-03,6.038203617e-03,4.263949497e-03,1.129169841e-03,
1.717214544e-05,-3.044794047e-05,-1.601506202e-05,-3.212538835e-04,-1.056219812e-03,-1.957182832e-03,-2.009907241e-03,-1.076996492e-03,-2.376483218e-04,
1.589100599e-01
l,7.0,-1.0
2.431,3.551,4.711,
9.962895176e-09,9.170586750e+00
1.814966963e-04,-1.664161912e-04,-3.218398197e-05,8.338909731e-04,8.607441802e-04,1.885548193e-03,3.951166400e-03,3.294397960e-03,9.414384388e-04,
3.078553242e-05,-5.469982567e-05,-2.805227204e-05,-5.742679730e-04,-1.879937195e-03,-3.470654975e-03,-3.543373537e-03,-1.884530789e-03,-4.118071971e-04,
1.586617776e-01
l,7.0,0.0
2.471,3.571,4.711,
9.255899060e-09,9.841785017e+00
3.601122880e-04,-3.184833001e-04,-6.842581285e-05,2.552878613e-03,7.080491531e-03,1.718414369e-02,2.489645422e-02,1.727077230e-02,4.523842123e-03,
6.379984736e-05,-1.133653489e-04,-5.715538216e-05,-1.157555086e-03,-3.714836363e-03,-6.732789203e-03,-6.776885014e-03,-3.568908962e-03,-7.775771426e-04,
1.588790034e-01
l,7.0,1.0
2.451,3.611,4.791,
5.705949887e-09,1.113321445e+01
7.084414829e-04,-6.779036358e-04,-1.526478311e-04,2.357732402e-03,-1.781538944e-03,-6.478500797e-03,-3.935388655e-03,-4.795543049e-04,1.115083042e-04,
1.143732075e-04,-2.036489054e-04,-9.159252761e-05,-2.034903007e-03,-6.566254264e-03,-1.200194633e-02,-1.212792132e-02,-6.387741020e-03,-1.382641480e-03,
1.586626374e-01
l,7.0,2.0
2.471,3.571,4.711,
5.951693133e-08,9.349446311e+00
1.539945952e-03,-1.346189271e-03,-4.983452618e-04,8.695515674e-03,1.793579541e-02,4.168954194e-02,6.538013732e-02,4.775091605e-02,1.285047282e-02,
2.732597546e-04,-4.857048273e-04,-2.495430790e-04,-4.990579338e-03,-1.601170631e-02,-2.900487365e-02,-2.918193147e-02,-1.536219122e-02,-3.346625134e-03,
1.588479825e-01
l,7.0,3.0
2.451,3.591,4.751,
1.828022983e-07,9.051326170e+00
3.209263086e-03,-3.230261318e-03,6.885994516e-04,2.570765351e-02,6.982606457e-02,1.645991717e-01,2.255985815e-01,1.479695799e-01,3.680047328e-02,
5.260449065e-04,-9.363056305e-04,-4.711101367e-04,-9.682543578e-03,-3.134802085e-02,-5.774040314e-02,-5.911686593e-02,-3.171463668e-02,-7.014806019e-03,
1.586006690e-01
l,7.0,4.0
2.411,3.491,4.591,
2.395442096e-07,9.868184913e+00
7.810813840e-03,-7.236534465e-03,-2.749946820e-04,5.562539279e-02,1.170434411e-01,2.617807110e-01,3.968157355e-01,2.857584881e-01,7.651868737e-02,
1.450557559e-03,-2.574925602e-03,-2.022670634e-03,-3.474758709e-02,-1.225579998e-01,-2.389193124e-01,-2.568793587e-01,-1.437315203e-01,-3.295089140e-02,
1.588789824e-01
l,7.0,5.0
2.371,3.471,4.611,
9.568100161e-07,9.588196766e+00
1.798930950e-02,-2.050469801e-02,8.372553771e-03,1.292211341e-01,3.234973952e-01,9.262579469e-01,1.432046921e+00,1.000123179e+00,2.590033532e-01,
2.896879095e-03,-5.156443184e-03,-2.430801316e-03,-5.414434384e-02,-1.814416779e-01,-3.467900870e-01,-3.672752091e-01,-2.034349697e-01,-4.627412721e-02,
1.585388509e-01
l,7.0,6.0
2.291,3.251,4.211,
1.972738745e-06,1.031595652e+01
5.683187023e-02,-5.542166130e-02,4.707070998e-02,6.832168321e-01,1.066397244e+00,1.873764913e+00,3.280659787e+00,2.814097887e+00,8.733440195e-01,
1.233858410e-02,-2.206361030e-02,-2.648933527e-02,-4.456244800e-01,-1.888388609e+00,-4.375263369e+00,-5.585051056e+00,-3.707921637e+00,-1.004554711e+00,
1.589582080e-01
l,7.0,7.0
2.251,3.211,4.211,
2.906457170e-06,1.167125872e+01
1.547590941e-01,-2.436340387e-01,2.953392785e-01,3.124793144e+00,1.552761444e+01,5.116247584e+01,8.144663193e+01,6.029194784e+01,1.694349964e+01,
2.598420535e-02,-4.752293224e-02,-3.560479094e-02,-6.934449441e-01,-2.591346261e+00,-5.499526471e+00,-6.477026219e+00,-4.021166639e+00,-1.028908827e+00,
1.585697658e-01
l,8.0,-8.0
2.131,3.351,4.591,
7.713676496e-11,1.104954016e+01
1.642262987e-06,-1.862559100e-06,8.007909865e-07,9.069654112e-06,2.142950394e-05,4.990103039e-05,6.011161541e-05,3.252322787e-05,6.461649407e-06,
2.340214964e-07,-4.144926471e-07,-1.851601526e-07,-3.974604320e-06,-1.237251274e-05,-2.183553756e-05,-2.124052550e-05,-1.077461760e-05,-2.239187549e-06,
1.584767997e-01
l,8.0,-7.0
2.291,3.431,4.571,
6.449061667e-11,1.087840443e+01
2.878327905e-06,-2.790791660e-06,3.542474816e-07,1.385937785e-05,1.045854187e-05,1.295691036e-05,2.621771688e-05,1.964785323e-05,4.713467220e-06,
5.029347334e-07,-8.903056711e-07,-5.256361402e-07,-9.918280378e-06,-3.336006772e-05,-6.347701930e-05,-6.712657837e-05,-3.706333480e-05,-8.388171824e-06,
1.588479800e-01
l,8.0,-6.0
2.411,3.571,4.731,
5.581489429e-11,1.090516884e+01
4.683899078e-06,-4.521404419e-06,5.199747946e-07,2.527136018e-05,2.815534063e-05,4.385959129e-05,7.078055556e-05,5.050016752e-05,1.252289045e-05,
7.826984593e-07,-1.391340814e-06,-7.271236785e-07,-1.494589086e-05,-5.008746484e-05,-9.486288217e-05,-9.941765133e-05,-5.426409191e-05,-1.212747447e-05,
1.586616975e-01
l,8.0,-5.0
2.551,3.651,4.791,
1.727285552e-10,9.701946858e+00
8.213866749e-06,-7.063276817e-06,-5.094173453e-07,5.173177228e-05,8.190262447e-05,1.491284672e-04,2.376114365e-04,1.819495146e-04,5.080128474e-05,
1.458071007e-06,-2.595759091e-06,-1.468480011e-06,-2.876158415e-05,-9.730905059e-05,-1.857878064e-04,-1.965924985e-04,-1.082825439e-04,-2.443775370e-05,
1.589100795e-01
l,8.0,-4.0
2.651,3.751,4.911,
9.971421919e-11,1.044456081e+01
1.427164989e-05,-1.238672703e-05,-4.940330041e-06,9.187882385e-05,2.371789579e-04,5.642796014e-04,8.344754988e-04,5.896379987e-04,1.563947079e-04,
2.433888246e-06,-4.345395679e-06,-1.875584150e-06,-4.128269560e-05,-1.281814154e-04,-2.261462550e-04,-2.216558900e-04,-1.137536806e-04,-2.423808222e-05,
1.587545845e-01
l,8.0,-3.0
2.711,3.831,4.971,
3.027463873e-10,9.616761062e+00
2.563927046e-05,-2.184939753e-05,-9.422436473e-06,1.639840365e-04,3.771804445e-04,8.012308063e-04,1.152344089e-03,8.085521747e-04,2.132481330e-04,
4.529305330e-06,-8.097649963e-06,-3.687604718e-06,-7.938399200e-05,-2.515505188e-04,-4.529702390e-04,-4.545823572e-04,-2.392279291e-04,-5.225197516e-05,
1.589100640e-01
l,8.0,-2.0
2.771,3.911,5.051,
3.242462282e-10,9.942345321e+00
4.656078090e-05,-4.108265162e-05,-1.404036191e-05,2.658842070e-04,4.377248026e-04,7.543012358e-04,1.113547648e-03,8.037383996e-04,2.127673744e-04,
8.116746358e-06,-1.453733421e-05,-6.704877495e-06,-1.450475977e-04,-4.661970251e-04,-8.539001170e-04,-8.724268852e-04,-4.674333542e-04,-1.036685751e-04,
1.587856160e-01
l,8.0,-1.0
2.811,3.931,5.071,
8.318838554e-10,9.475528312e+00
9.043110913e-05,-7.072891813e-05,-2.368552711e-05,5.589442835e-04,7.066987925e-04,6.659542543e-04,1.043385140e-03,9.245328880e-04,2.852496473e-04,
1.621908502e-05,-2.906185104e-05,-1.654993139e-05,-3.227320437e-04,-1.088066608e-03,-2.072702245e-03,-2.190803566e-03,-1.205055037e-03,-2.717813051e-04,
1.589100746e-01
l,8.0,0.0
2.851,3.991,5.131,
1.525299800e-10,1.162981810e+01
1.719668944e-04,-1.472681418e-04,-4.980752630e-05,8.760272417e-04,6.283496056e-04,-2.293962869e-04,-5.549770520e-05,2.486039590e-04,1.029051796e-04,
3.011847378e-05,-5.403766097e-05,-2.895648778e-05,-5.783206188e-04,-1.904884680e-03,-3.564867262e-03,-3.716049529e-03,-2.025459432e-03,-4.547172092e-04,
1.587855872e-01
l,8.0,1.0
2.851,3.991,5.151,
2.496777768e-10,1.175588097e+01
3.501849133e-04,-2.799053179e-04,-1.035268877e-04,2.002340156e-03,1.877516054e-03,-7.717465240e-05,-2.667766987e-04,2.580942008e-04,1.399855249e-04,
6.018138924e-05,-1.080255570e-04,-5.302615831e-05,-1.132206516e-03,-3.768991899e-03,-7.104960218e-03,-7.421490284e-03,-4.034361080e-03,-8.998461048e-04,
1.589100642e-01
l,8.0,2.0
2.871,4.011,5.171,
2.424079347e-09,1.027635604e+01
7.101573283e-04,-6.118162703e-04,-2.603969603e-04,2.801414649e-03,-3.103465365e-04,-4.979670658e-03,-2.156601951e-03,1.394548657e-03,8.287546577e-04,
1.200191470e-04,-2.155417706e-04,-1.097213676e-04,-2.278734241e-03,-7.475032436e-03,-1.384165300e-02,-1.417064081e-02,-7.548972851e-03,-1.652166609e-03,
1.587236547e-01
l,8.0,3.0
2.851,3.991,5.131,
1.147726356e-09,1.176584722e+01
1.527762040e-03,-1.315592312e-03,-4.424991874e-04,7.741853871e-03,5.400068880e-03,-1.903688943e-03,2.816707531e-04,2.935353039e-03,1.127854605e-03,
2.671736655e-04,-4.795094817e-04,-2.467453903e-04,-5.048015333e-03,-1.661972110e-02,-3.113012386e-02,-3.248275235e-02,-1.772419116e-02,-3.983937121e-03,
1.588790241e-01
l,8.0,4.0
2.851,3.971,5.131,
6.056850468e-09,1.102991241e+01
3.344974946e-03,-3.117710612e-03,-5.491152277e-04,2.302499549e-02,5.877703485e-02,1.383541139e-01,1.999005725e-01,1.380267448e-01,3.583975454e-02,
5.523487022e-04,-9.917122261e-04,-4.666737049e-04,-9.859371211e-03,-3.099003038e-02,-5.545157884e-02,-5.516237649e-02,-2.877778550e-02,-6.225473013e-03,
1.586625224e-01
l,8.0,5.0
2.791,3.891,5.011,
3.850891190e-08,1.026919437e+01
8.032553829e-03,-7.324245752e-03,-1.543772626e-03,5.060051426e-02,1.013605616e-01,2.308753802e-01,3.642969500e-01,2.689140562e-01,7.308876897e-02,
1.421049501e-03,-2.547911550e-03,-1.198770246e-03,-2.626316870e-02,-8.696600175e-02,-1.636005869e-01,-1.710425980e-01,-9.357849084e-02,-2.115467541e-02,
1.589101363e-01
l,8.0,6.0
2.731,3.831,4.971,
8.987180268e-08,1.059586747e+01
1.954180002e-02,-2.097558435e-02,-1.357667015e-03,1.139729073e-01,2.385365936e-01,6.743024309e-01,1.111478916e+00,8.109729496e-01,2.157753186e-01,
3.159160419e-03,-5.673204372e-03,-2.289071276e-03,-5.485062875e-02,-1.740168290e-01,-3.159690076e-01,-3.189039377e-01,-1.694041457e-01,-3.742102081e-02,
1.585696391e-01
l,8.0,7.0
2.671,3.631,4.611,
2.461165335e-07,1.095085863e+01
6.034411117e-02,-5.995192939e-02,-1.587328832e-03,5.702336658e-01,1.161865556e+00,2.901562340e+00,5.370837956e+00,4.623097198e+00,1.453618995e+00,
1.260328142e-02,-2.276554002e-02,-1.886186210e-02,-3.432618028e-01,-1.321152058e+00,-2.851669934e+00,-3.428125674e+00,-2.160029225e+00,-5.606995111e-01,
1.589582270e-01
l,8.0,8.0
2.611,3.571,4.591,
2.520040979e-07,1.253789323e+01
1.703497022e-01,-2.557240481e-01,2.110399894e-01,2.015239390e+00,7.196865386e+00,2.639021640e+01,4.615096686e+01,3.585865571e+01,1.031495999e+01,
2.750231822e-02,-5.077789514e-02,-3.661301425e-02,-7.432046060e-01,-2.821778008e+00,-6.069583885e+00,-7.210204924e+00,-4.490166298e+00,-1.147436037e+00,
1.585697870e-01
l,9.0,-9.0
2.431,3.631,4.851,
1.257354375e-11,1.008023101e+01
4.875963100e-07,-5.393439350e-07,1.896977657e-07,2.821471437e-06,7.563768950e-06,1.994020208e-05,2.706841429e-05,1.673529219e-05,3.869457664e-06,
7.126890172e-08,-1.270615711e-07,-5.691357885e-08,-1.241504621e-06,-3.907401590e-06,-6.953115621e-06,-6.804403392e-06,-3.466396345e-06,-7.238666431e-07,
1.585387849e-01
l,9.0,-8.0
2.611,3.711,4.871,
4.896512351e-12,1.083230367e+01
8.414269814e-07,-7.730931690e-07,-1.551440515e-07,5.570519549e-06,1.578190259e-05,4.051765823e-05,5.976068679e-05,4.150151386e-05,1.083386373e-05,
1.426268699e-07,-2.544026808e-07,-1.260461286e-07,-2.532521282e-06,-7.899713973e-06,-1.394481868e-05,-1.366159994e-05,-7.005160857e-06,-1.487945923e-06,
1.588789647e-01
l,9.0,-7.0
2.751,3.851,5.011,
3.805039166e-12,1.097853160e+01
1.356419943e-06,-1.205363886e-06,-4.360767365e-07,8.025089867e-06,1.942781449e-05,4.843878653e-05,7.486605858e-05,5.409323338e-05,1.452261655e-05,
2.296646536e-07,-4.109687820e-07,-1.988049350e-07,-4.088480038e-06,-1.278264320e-05,-2.261951453e-05,-2.219355589e-05,-1.138370829e-05,-2.418444235e-06,
1.587546868e-01
l,9.0,-6.0
2.851,3.971,5.091,
1.858340861e-11,9.509382325e+00
2.263338047e-06,-1.923316874e-06,-6.690962260e-07,1.184808106e-05,1.270913113e-05,1.679575401e-05,3.510724106e-05,3.169923679e-05,9.630651124e-06,
4.122424567e-07,-7.389718810e-07,-4.195369251e-07,-8.119128672e-06,-2.705381471e-05,-5.110359563e-05,-5.376133814e-05,-2.954214301e-05,-6.681153586e-06,
1.589099944e-01
l,9.0,-5.0
2.971,4.071,5.211,
6.441235369e-12,1.065224832e+01
3.890144853e-06,-3.172307527e-06,-2.102461746e-06,1.996426535e-05,3.260560653e-05,6.020624748e-05,9.976526354e-05,7.829704952e-05,2.216019816e-05,
6.874152760e-07,-1.235347201e-06,-5.603993152e-07,-1.221085239e-05,-3.885078019e-05,-7.004380142e-05,-7.015102409e-05,-3.672718925e-05,-7.970256234e-06,
1.588169008e-01
l,9.0,-4.0
3.031,4.151,5.291,
1.544481458e-11,1.007706591e+01
6.897406820e-06,-5.290395457e-06,-4.340827016e-06,3.688078083e-05,5.746088538e-05,7.860036002e-05,1.196671630e-04,9.522352392e-05,2.744395979e-05,
1.232799682e-06,-2.219030722e-06,-1.024456545e-06,-2.192451028e-05,-6.945808447e-05,-1.250080917e-04,-1.253723216e-04,-6.582178113e-05,-1.434181627e-05,
1.589271064e-01
l,9.0,-3.0
3.111,4.231,5.371,
1.179351765e-11,1.061391587e+01
1.237858032e-05,-9.424778831e-06,-6.858172686e-06,7.145447132e-05,1.057741074e-04,1.116260462e-04,1.512687081e-04,1.213800019e-04,3.558522065e-05,
2.207745122e-06,-3.980145618e-06,-1.879613570e-06,-4.009121715e-05,-1.290133813e-04,-2.364015682e-04,-2.416491414e-04,-1.292587423e-04,-2.861267157e-05,
1.588478743e-01
l,9.0,-2.0
3.171,4.291,5.431,
2.795521554e-11,1.021685331e+01
2.288908945e-05,-1.699858950e-05,-1.574910948e-05,1.199560318e-04,1.857834116e-04,2.367192264e-04,3.571784081e-04,2.895776437e-04,8.483644552e-05,
4.102248671e-06,-7.404031808e-06,-3.448712160e-06,-7.345137495e-05,-2.323726820e-04,-4.171388735e-04,-4.168912132e-04,-2.178515520e-04,-4.723736505e-05,
1.589271130e-01
l,9.0,-1.0
3.251,4.351,5.491,
7.051783624e-12,1.178973129e+01
4.285353134e-05,-3.276186627e-05,-2.494071841e-05,2.410080106e-04,4.514877358e-04,8.108306568e-04,1.251616912e-03,9.643892499e-04,2.736406138e-04,
7.613947395e-06,-1.375757602e-05,-6.373602212e-06,-1.382910466e-04,-4.435489592e-04,-8.049753315e-04,-8.102614231e-04,-4.251644091e-04,-9.226500891e-05,
1.588478240e-01
l,9.0,0.0
3.251,4.391,5.531,
2.238830147e-12,1.323797960e+01
8.277178131e-05,-6.341645378e-05,-3.783644605e-05,3.971552967e-04,5.567396623e-05,-1.070436858e-03,-1.426438765e-03,-7.758395776e-04,-1.645845853e-04,
1.466525322e-05,-2.651806682e-05,-1.317433765e-05,-2.808861660e-04,-9.398501422e-04,-1.784886472e-03,-1.881837464e-03,-1.032521783e-03,-2.325925141e-04,
1.589270841e-01
l,9.0,1.0
3.271,4.411,5.571,
1.944382517e-10,9.982264157e+00
1.645423035e-04,-1.270184510e-04,-1.166476390e-04,6.062647743e-04,8.176031874e-05,-9.274062061e-04,-2.763681163e-04,5.270919116e-04,2.695698763e-04,
2.821182893e-05,-5.105078989e-05,-2.194327242e-05,-4.982938410e-04,-1.578593951e-03,-2.832791791e-03,-2.811902796e-03,-1.451547132e-03,-3.093550680e-04,
1.588166783e-01
l,9.0,2.0
3.271,4.411,5.571,
3.464719057e-10,1.008013251e+01
3.380776034e-04,-2.540397064e-04,-2.460595125e-04,1.271911600e-03,2.499485516e-04,-1.973143719e-03,-8.612591071e-04,8.317507076e-04,4.838912833e-04,
5.841988983e-05,-1.057178293e-04,-4.979538687e-05,-1.061181582e-03,-3.365661223e-03,-6.034577307e-03,-5.986725149e-03,-3.088311210e-03,-6.574063707e-04,
1.589099683e-01
l,9.0,3.0
3.311,4.431,5.591,
8.954663631e-11,1.186157029e+01
6.945605273e-04,-5.819743203e-04,-3.224635375e-04,3.944679219e-03,7.958586907e-03,1.585407087e-02,2.369572005e-02,1.728589115e-02,4.681638044e-03,
1.165167378e-04,-2.109410149e-04,-8.656599723e-05,-2.001802011e-03,-6.239581117e-03,-1.109017459e-02,-1.095150610e-02,-5.656945711e-03,-1.212737348e-03,
1.587853892e-01
l,9.0,4.0
3.251,4.391,5.531,
4.872626648e-11,1.313399649e+01
1.531522954e-03,-1.226816637e-03,-5.553511295e-04,7.494980312e-03,1.750161506e-03,-1.609463527e-02,-2.042709852e-02,-1.037137428e-02,-2.070219820e-03,
2.689813318e-04,-4.865334066e-04,-2.678859788e-04,-5.345309066e-03,-1.789082949e-02,-3.394462154e-02,-3.576897911e-02,-1.963441329e-02,-4.424929414e-03,
1.588788998e-01
l,9.0,5.0
3.251,4.351,5.511,
5.217433157e-10,1.192815663e+01
3.449471900e-03,-2.945069043e-03,-1.652975843e-03,1.850363450e-02,3.558828989e-02,7.810993091e-02,1.275213796e-01,9.746989134e-02,2.721085916e-02,
5.766707049e-04,-1.043108767e-03,-4.920144584e-04,-1.037729798e-02,-3.237072653e-02,-5.728069955e-02,-5.618282234e-02,-2.878967928e-02,-6.116583990e-03,
1.586923813e-01
l,9.0,6.0
3.171,4.271,5.391,
3.554548836e-09,1.121984728e+01
8.339690976e-03,-7.109007546e-03,-3.168241437e-03,4.411427497e-02,5.349739136e-02,8.876985107e-02,1.788466049e-01,1.566160982e-01,4.706374328e-02,
1.485457006e-03,-2.684139666e-03,-1.372729508e-03,-2.854398037e-02,-9.461543376e-02,-1.781075678e-01,-1.862697897e-01,-1.017032262e-01,-2.290395764e-02,
1.588789102e-01
l,9.0,7.0
3.091,4.191,5.331,
1.142154606e-08,1.125055680e+01
2.092779987e-02,-2.034590699e-02,-3.323679585e-03,1.117008632e-01,1.035743407e-01,2.251171227e-01,5.436058830e-01,4.909883268e-01,1.482527426e-01,
3.427123290e-03,-6.201277694e-03,-2.784761125e-03,-6.465241722e-02,-2.159727765e-01,-4.108264653e-01,-4.321887038e-01,-2.371611600e-01,-5.355685254e-02,
1.586003843e-01
l,9.0,8.0
3.031,4.011,5.011,
2.468776858e-08,1.180537255e+01
6.340412796e-02,-6.140705928e-02,-2.075740098e-02,4.897001831e-01,7.498206761e-01,1.642710754e+00,3.436245446e+00,3.182443753e+00,1.035863340e+00,
1.277782099e-02,-2.327270488e-02,-1.752173805e-02,-3.293385470e-01,-1.227668403e+00,-2.567154294e+00,-2.984877075e+00,-1.818097034e+00,-4.571690576e-01,
1.589582482e-01
l,9.0,9.0
2.971,3.931,4.971,
3.815981728e-09,1.493774708e+01
1.853798926e-01,-2.686674175e-01,1.473732336e-01,2.029401264e+00,6.742458395e+00,2.506221827e+01,4.558764853e+01,3.663386878e+01,1.083090152e+01,
2.891624033e-02,-5.380657492e-02,-3.496067901e-02,-7.350094034e-01,-2.682380688e+00,-5.557732033e+00,-6.358407213e+00,-3.823066157e+00,-9.482699186e-01,
1.586006235e-01
