l,1.0,-1.0
0.290,1.430,2.570,
3.902844716e-02,2.579573854e+00
7.154322229e-03,-6.504509629e-03,6.063279304e-03,3.473876267e-02,7.999355719e-02,1.215510395e-01,8.523979511e-02,3.298660970e-02,8.761179874e-03,
1.806387694e-03,-2.506170894e-03,-2.359880610e-03,-3.027288149e-02,-1.028805616e-01,-1.917320984e-01,-1.989619284e-01,-1.081030088e-01,-2.400705972e-02,
1.588479367e-01
l,1.0,0.0
0.330,0.830,1.370,
2.978383934e-01,3.438539430e+00
3.412095085e-02,3.363472267e-04,3.423402264e-01,6.583890402e+00,4.793550920e+01,1.979428217e+02,4.531930911e+02,5.340724076e+02,2.537147311e+02,
2.120765187e-02,-2.567792913e-02,-2.604005922e-01,-4.970127713e+00,-3.953292313e+01,-1.634736407e+02,-3.674169497e+02,-4.254677997e+02,-1.990115224e+02,
1.591435807e-01
l,1.0,1.0
0.370,0.710,1.090,
5.152093406e+00,4.810935732e+00
1.907237023e-01,-2.397739465e-01,3.562794038e+00,1.031271432e+02,1.103156302e+03,7.284102276e+03,2.657818756e+04,4.866854790e+04,3.511223535e+04,
9.360931507e-02,-1.690290666e-01,-2.449548084e+00,-7.126771772e+01,-8.186048355e+02,-4.872059479e+03,-1.565649614e+04,-2.582816869e+04,-1.718012429e+04,
1.591436005e-01
l,2.0,-2.0
0.670,1.950,3.230,
1.890373809e-03,4.575256889e+00
1.486302004e-03,-1.384344046e-03,7.544900909e-04,5.139598498e-03,9.833653550e-03,1.504294512e-02,8.340974357e-03,-5.954140268e-04,-1.132298974e-03,
2.918549784e-04,-4.261322103e-04,-2.405355425e-04,-3.617426674e-03,-1.073524660e-02,-1.780127235e-02,-1.643365253e-02,-7.944794176e-03,-1.573733804e-03,
1.587236023e-01
l,2.0,-1.0
0.710,1.850,2.990,
3.538878446e-03,4.682864056e+00
4.064983223e-03,-3.360934201e-03,2.486151864e-03,2.833280107e-02,7.909906773e-02,1.616118234e-01,1.706033741e-01,8.296866830e-02,1.482000790e-02,
9.982321293e-04,-1.435397152e-03,-1.309276221e-03,-1.725286802e-02,-5.836369829e-02,-1.086323279e-01,-1.126613131e-01,-6.116005937e-02,-1.359035644e-02,
1.589581514e-01
l,2.0,0.0
0.750,1.790,2.850,
7.884956691e-03,4.857107449e+00
1.090244018e-02,-8.940901033e-03,9.138710120e-03,1.134066655e-01,3.697806439e-01,8.459850925e-01,1.018880941e+00,5.821155257e-01,1.263548819e-01,
2.949211329e-03,-4.215342323e-03,-5.277290768e-03,-6.825754072e-02,-2.550050643e-01,-5.169394887e-01,-5.804097308e-01,-3.398579103e-01,-8.120175559e-02,
1.589271158e-01
l,2.0,1.0
0.790,1.510,2.250,
2.118533783e-02,5.028299473e+00
3.896578029e-02,-1.553473774e-02,7.364435039e-02,1.550225970e+00,7.070464509e+00,2.060883420e+01,3.546120035e+01,3.152854521e+01,1.116805663e+01,
1.689075785e-02,-2.377642323e-02,-7.718600309e-02,-1.096632270e+00,-5.890663207e+00,-1.700339641e+01,-2.726214467e+01,-2.282324569e+01,-7.795712626e+00,
1.591436005e-01
l,2.0,2.0
0.830,1.350,1.910,
9.385230119e-02,6.238177620e+00
1.739106029e-01,-9.439554472e-02,6.669018669e-01,2.213446667e+01,1.392229222e+02,5.367065203e+02,1.245702338e+03,1.523521576e+03,7.480885445e+02,
7.506455082e-02,-1.262502851e-01,-6.191241514e-01,-1.128350696e+01,-7.830211015e+01,-2.954569857e+02,-6.218669720e+02,-6.858515970e+02,-3.098431225e+02,
1.591435871e-01
l,3.0,-3.0
1.090,2.410,3.750,
3.709304048e-05,5.400635885e+00
3.209373972e-04,-2.877516908e-04,1.148981082e-04,1.400826492e-03,3.484542292e-03,7.157870642e-03,7.601462033e-03,3.743793202e-03,6.961854841e-04,
5.604137869e-05,-8.418381899e-05,-4.055219666e-05,-6.677555031e-04,-1.906859015e-03,-3.051555911e-03,-2.705576430e-03,-1.252271597e-03,-2.375047016e-04,
1.587545335e-01
l,3.0,-2.0
1.170,2.430,3.690,
6.025314903e-05,5.427551112e+00
7.498104242e-04,-6.363477083e-04,2.189770501e-04,3.711854506e-03,9.158940959e-03,1.907984925e-02,2.160245692e-02,1.151519993e-02,2.328440562e-03,
1.479195354e-04,-2.216006450e-04,-1.185538668e-04,-1.885873949e-03,-5.639675026e-03,-9.467242551e-03,-8.860505873e-03,-4.343013105e-03,-8.743593920e-04,
1.589099703e-01
l,3.0,-1.0
1.210,2.430,3.650,
1.123019440e-04,5.258506296e+00
1.792393043e-03,-1.420798298e-03,5.386957295e-04,1.103824159e-02,2.845248079e-02,5.919968769e-02,6.986439783e-02,3.973720279e-02,8.655169584e-03,
3.785568625e-04,-5.662659631e-04,-4.544490680e-04,-6.267788796e-03,-2.008174578e-02,-3.537327825e-02,-3.448574865e-02,-1.751387291e-02,-3.635316943e-03,
1.589098999e-01
l,3.0,0.0
1.250,2.410,3.570,
2.300111146e-04,5.243705367e+00
4.463421181e-03,-3.364200615e-03,1.078489904e-03,3.087096488e-02,8.098967059e-02,1.737548667e-01,2.182692801e-01,1.332464310e-01,3.117517081e-02,
1.029478394e-03,-1.535743545e-03,-1.259889037e-03,-1.759418434e-02,-5.843746915e-02,-1.071400005e-01,-1.092790013e-01,-5.823893963e-02,-1.271511203e-02,
1.589891482e-01
l,3.0,1.0
1.290,2.350,3.410,
5.253101539e-04,5.319578112e+00
1.193062961e-02,-8.418235851e-03,4.880943875e-03,1.222056838e-01,3.605328511e-01,8.015534981e-01,1.061458961e+00,6.996166540e-01,1.788164940e-01,
3.157644246e-03,-4.691365038e-03,-5.834624760e-03,-7.656376774e-02,-2.849342791e-01,-5.766599099e-01,-6.466709160e-01,-3.779258755e-01,-9.019464294e-02,
1.590201971e-01
l,3.0,2.0
1.330,2.170,3.030,
1.085368524e-03,6.261745409e+00
3.794275969e-02,-1.644497329e-02,2.093339536e-02,7.924988882e-01,2.789080043e+00,6.480034130e+00,9.614455026e+00,7.598690484e+00,2.403819002e+00,
1.354336485e-02,-2.015679193e-02,-4.212624694e-02,-5.619924466e-01,-2.552867685e+00,-6.290329960e+00,-8.639279207e+00,-6.202515375e+00,-1.820738541e+00,
1.591444600e-01
l,3.0,3.0
1.370,2.030,2.710,
2.626063301e-03,7.303416707e+00
1.451252997e-01,-6.658118351e-02,2.597503991e-01,8.495670432e+00,4.078259539e+01,1.184948421e+02,2.118744314e+02,2.033536563e+02,7.911724834e+01,
5.655566892e-02,-9.227641990e-02,-3.807937951e-01,-6.350936840e+00,-3.875515224e+01,-1.252303928e+02,-2.215237646e+02,-2.026087412e+02,-7.516320633e+01,
1.591436160e-01
l,4.0,-4.0
1.550,2.870,4.210,
1.065618194e-06,5.583211590e+00
6.733996997e-05,-5.635020025e-05,1.202992136e-05,3.055284254e-04,7.159586813e-04,1.473855444e-03,1.707786606e-03,9.391497289e-04,1.962569161e-04,
1.157531795e-05,-1.772382158e-05,-8.958445058e-06,-1.452928791e-04,-4.146177938e-04,-6.637629081e-04,-5.886134917e-04,-2.722879733e-04,-5.166342200e-05,
1.587854553e-01
l,4.0,-3.0
1.630,2.930,4.230,
1.423913895e-06,5.970277222e+00
1.476735051e-04,-1.175142432e-04,6.635207277e-06,6.282777393e-04,1.272194717e-03,2.485918261e-03,2.970800634e-03,1.689830294e-03,3.623087892e-04,
2.706665358e-05,-4.147524300e-05,-2.061128297e-05,-3.414735610e-04,-9.922639925e-04,-1.621520547e-03,-1.472845532e-03,-6.988380355e-04,-1.362267393e-04,
1.588788516e-01
l,4.0,-2.0
1.690,2.970,4.250,
2.615199699e-06,5.821162760e+00
3.309758031e-04,-2.447034531e-04,-1.370947228e-05,1.431341387e-03,2.622029882e-03,4.748343059e-03,5.855104706e-03,3.502773951e-03,7.882643919e-04,
6.326581307e-05,-9.702092425e-05,-5.359545349e-05,-8.415580737e-04,-2.482938824e-03,-4.113118583e-03,-3.793535308e-03,-1.828329384e-03,-3.621347064e-04,
1.589098610e-01
l,4.0,-1.0
1.750,3.010,4.270,
4.961583274e-06,5.780571416e+00
7.514873869e-04,-5.410269826e-04,-7.589811038e-05,3.298696876e-03,5.893360298e-03,1.043396540e-02,1.321405732e-02,8.190304731e-03,1.906665261e-03,
1.479012358e-04,-2.270085857e-04,-1.227783101e-04,-1.965038492e-03,-5.848658638e-03,-9.787559287e-03,-9.133737425e-03,-4.457306787e-03,-8.948564791e-04,
1.589580950e-01
l,4.0,0.0
1.790,3.010,4.250,
8.465934999e-06,6.053674948e+00
1.789496047e-03,-1.180297064e-03,-2.084789660e-04,9.749429641e-03,1.987583074e-02,3.379376713e-02,4.060557554e-02,2.496642417e-02,5.892466190e-03,
3.676014494e-04,-5.640259640e-04,-4.195711322e-04,-6.021173965e-03,-1.897763599e-02,-3.292309021e-02,-3.155975701e-02,-1.571841077e-02,-3.200693958e-03,
1.589580012e-01
l,4.0,1.0
1.830,3.010,4.190,
1.780249297e-05,6.114467281e+00
4.375343211e-03,-2.858830882e-03,-4.056820062e-04,2.671552410e-02,5.646112885e-02,9.822529059e-02,1.212370842e-01,7.706402430e-02,1.885586566e-02,
9.722930667e-04,-1.490126780e-03,-1.192585153e-03,-1.691298214e-02,-5.527576615e-02,-9.976905610e-02,-1.000132394e-01,-5.225995733e-02,-1.118554668e-02,
1.590201971e-01
l,4.0,2.0
1.850,2.950,4.070,
3.679731716e-05,6.355030501e+00
1.160877012e-02,-6.819872849e-03,-1.730505496e-03,9.177798101e-02,2.199524206e-01,3.900489129e-01,4.863342945e-01,3.218313455e-01,8.336848906e-02,
2.822499299e-03,-4.320354947e-03,-3.521611571e-03,-5.080732809e-02,-1.723789655e-01,-3.242720292e-01,-3.405117187e-01,-1.868807992e-01,-4.211544185e-02,
1.590512032e-01
l,4.0,3.0
1.890,2.830,3.790,
4.782072880e-05,7.519363048e+00
3.443834931e-02,-1.480610435e-02,2.375884893e-03,5.172957233e-01,1.606280093e+00,3.118279786e+00,3.967177608e+00,2.767174760e+00,7.824664623e-01,
1.053364103e-02,-1.617660553e-02,-2.742310945e-02,-3.705807760e-01,-1.555361429e+00,-3.506807989e+00,-4.359889592e+00,-2.810838087e+00,-7.374546662e-01,
1.591444888e-01
l,4.0,4.0
1.950,2.670,3.470,
3.689274387e-05,9.614187875e+00
1.216705963e-01,-2.737501293e-02,4.038848172e-02,4.115903011e+00,1.764141437e+01,4.341762590e+01,6.735703664e+01,5.804549724e+01,2.070276541e+01,
4.338432544e-02,-7.025827970e-02,-1.930280111e-01,-2.823526133e+00,-1.425498392e+01,-3.854104760e+01,-5.743889648e+01,-4.437657787e+01,-1.394449289e+01,
1.591435948e-01
l,5.0,-5.0
2.010,3.350,4.690,
2.770104396e-08,6.356506312e+00
1.351872015e-05,-1.072534548e-05,-3.780411625e-07,5.436885408e-05,1.036930942e-04,1.954330269e-04,2.359163344e-04,1.363513855e-04,2.962363794e-05,
2.290142132e-06,-3.562221082e-06,-1.632829160e-06,-2.821901598e-05,-7.954003615e-05,-1.262570483e-04,-1.109854787e-04,-5.086190667e-05,-9.579310476e-06,
1.588166680e-01
l,5.0,-4.0
2.090,3.410,4.750,
2.464138081e-08,7.132194808e+00
2.906574991e-05,-2.070380176e-05,-6.791330023e-06,9.530922815e-05,1.029761611e-04,1.157796752e-04,1.608987093e-04,1.086212606e-04,2.582812279e-05,
5.029124772e-06,-7.836171800e-06,-3.508851922e-06,-6.167751282e-05,-1.742362550e-04,-2.770978998e-04,-2.440811074e-04,-1.119565478e-04,-2.110847867e-05,
1.589097976e-01
l,5.0,-3.0
2.190,3.490,4.810,
4.041792347e-08,7.094041562e+00
6.191310968e-05,-4.294581342e-05,-1.370709144e-05,2.530332426e-04,4.426573117e-04,7.051099486e-04,8.483312671e-04,5.150198980e-04,1.179972105e-04,
1.103690009e-05,-1.722637177e-05,-7.847158175e-06,-1.379566675e-04,-3.953258109e-04,-6.380211167e-04,-5.710821403e-04,-2.662068731e-04,-5.099437265e-05,
1.589269236e-01
l,5.0,-2.0
2.250,3.550,4.850,
8.415708987e-08,6.881603194e+00
1.351926039e-04,-8.968767358e-05,-3.975657993e-05,5.242539016e-04,7.791216259e-04,9.940996531e-04,1.174569107e-03,7.386817252e-04,1.741968671e-04,
2.498431052e-05,-3.903909572e-05,-1.875120443e-05,-3.200772759e-04,-9.252336168e-04,-1.506122134e-03,-1.362278917e-03,-6.420368513e-04,-1.244105384e-04,
1.589270155e-01
l,5.0,-1.0
2.310,3.590,4.890,
1.681861154e-07,6.788748012e+00
3.030560911e-04,-1.881899052e-04,-1.108708892e-04,1.173251941e-03,1.675185735e-03,1.869748042e-03,2.204938241e-03,1.464666478e-03,3.640409146e-04,
5.656555108e-05,-8.848562828e-05,-4.263809636e-05,-7.274094839e-04,-2.105014168e-03,-3.429270176e-03,-3.104582559e-03,-1.463759385e-03,-2.837647443e-04,
1.589579294e-01
l,5.0,0.0
2.350,3.630,4.910,
1.694496996e-07,7.567186625e+00
6.900095032e-04,-4.256126657e-04,-2.713562733e-04,2.579799413e-03,3.116558972e-03,2.397370396e-03,2.793725523e-03,2.064254178e-03,5.459593743e-04,
1.321127632e-04,-2.067969117e-04,-9.750764523e-05,-1.699460656e-03,-4.970862260e-03,-8.196903960e-03,-7.522881887e-03,-3.598374379e-03,-7.081734100e-04,
1.589580012e-01
l,5.0,1.0
2.390,3.630,4.890,
4.455837340e-07,7.297363058e+00
1.644002041e-03,-9.254627896e-04,-6.026809248e-04,8.246565713e-03,1.513791334e-02,1.901827806e-02,1.983838154e-02,1.200300351e-02,2.874911840e-03,
3.286659657e-04,-5.143363573e-04,-2.793382242e-04,-4.499891608e-03,-1.334620729e-02,-2.226301393e-02,-2.070484398e-02,-1.004013632e-02,-2.003146946e-03,
1.590200858e-01
l,5.0,2.0
2.410,3.610,4.830,
8.932165208e-07,7.428057595e+00
4.069391172e-03,-2.076815618e-03,-1.636478429e-03,2.293837717e-02,4.435765255e-02,5.436455583e-02,5.464909805e-02,3.319315065e-02,8.162951651e-03,
8.704212546e-04,-1.361023506e-03,-1.044290150e-03,-1.497189176e-02,-4.760429640e-02,-8.342755381e-02,-8.091785938e-02,-4.073018811e-02,-8.384712807e-03,
1.590201446e-01
l,5.0,3.0
2.430,3.570,4.730,
1.803805998e-06,7.642622559e+00
1.059364993e-02,-5.071566198e-03,-5.116951916e-03,6.583805306e-02,1.301592468e-01,1.552556866e-01,1.577161810e-01,1.015148624e-01,2.676378730e-02,
2.457001028e-03,-3.840372628e-03,-2.934977121e-03,-4.321141336e-02,-1.423044197e-01,-2.594885681e-01,-2.632301979e-01,-1.389664484e-01,-3.007145299e-02,
1.590511787e-01
l,5.0,4.0
2.450,3.470,4.510,
4.088173257e-06,7.844179828e+00
3.036025912e-02,-1.060412563e-02,-1.319951502e-02,3.113961777e-01,8.399711436e-01,1.290588977e+00,1.386618281e+00,8.854813474e-01,2.380495476e-01,
8.405109960e-03,-1.317631473e-02,-1.559866778e-02,-2.130428398e-01,-7.974189846e-01,-1.629733370e+00,-1.850212992e+00,-1.091946315e+00,-2.632607405e-01,
1.591444677e-01
l,5.0,5.0
2.470,3.350,4.230,
6.821006672e-06,8.532548497e+00
9.928844124e-02,-2.666758645e-02,-3.398464414e-02,1.832904751e+00,6.108718344e+00,1.101384392e+01,1.300876541e+01,9.018171510e+00,2.672435136e+00,
3.228560501e-02,-5.220878230e-02,-9.357770043e-02,-1.322901775e+00,-5.860335471e+00,-1.412345481e+01,-1.892986715e+01,-1.320810822e+01,-3.764100700e+00,
1.591436101e-01
l,6.0,-6.0
2.490,3.830,5.170,
1.989414903e-10,8.496831821e+00
2.654112905e-06,-1.924992967e-06,-6.224778805e-07,7.997506858e-06,6.271048540e-06,3.405826185e-06,6.094904940e-06,4.879863134e-06,1.217485475e-06,
4.483559626e-07,-7.062727580e-07,-3.257455914e-07,-5.713118103e-06,-1.626624869e-05,-2.609230754e-05,-2.316992060e-05,-1.071062037e-05,-2.033358462e-06,
1.588475085e-01
l,6.0,-5.0
2.590,3.910,5.250,
1.392992697e-10,9.263031767e+00
5.538890946e-06,-3.694284017e-06,-1.991213518e-06,1.848341917e-05,2.001819649e-05,1.301754381e-05,1.398166921e-05,9.688938142e-06,2.342374355e-06,
9.526923348e-07,-1.503537633e-06,-6.472494951e-07,-1.170693779e-05,-3.279662769e-05,-5.180969609e-05,-4.530353865e-05,-2.059583563e-05,-3.850764582e-06,
1.589097473e-01
l,6.0,-4.0
2.690,3.990,5.330,
1.226626126e-09,7.466005615e+00
1.163182969e-05,-7.170037524e-06,-4.491456702e-06,4.385702969e-05,6.699103228e-05,8.051853470e-05,9.367690218e-05,6.067851816e-05,1.485649669e-05,
2.023290648e-06,-3.198943209e-06,-1.382539938e-06,-2.518905055e-05,-7.132619565e-05,-1.138217004e-04,-1.005469629e-04,-4.613734569e-05,-8.697161447e-06,
1.589267934e-01
l,6.0,-3.0
2.750,4.070,5.390,
3.855288896e-10,9.131809567e+00
2.464509089e-05,-1.476055611e-05,-1.051332019e-05,9.010369775e-05,1.148789394e-04,7.394368051e-05,5.819467870e-05,3.725903069e-05,9.251376409e-06,
4.434649160e-06,-7.020728495e-06,-3.351156483e-06,-5.739286401e-05,-1.633805809e-04,-2.616986797e-04,-2.323809069e-04,-1.072231757e-04,-2.033055585e-05,
1.589579640e-01
l,6.0,-2.0
2.810,4.130,5.450,
6.692673837e-10,9.118030079e+00
5.344325837e-05,-2.992534627e-05,-2.637788226e-05,1.849238537e-04,2.009273231e-04,2.395384596e-05,-4.178680284e-05,-1.285984083e-05,4.157536302e-07,
9.716778886e-06,-1.540309895e-05,-7.300729332e-06,-1.254728181e-04,-3.570161608e-04,-5.717068719e-04,-5.077094981e-04,-2.341632596e-04,-4.437849484e-05,
1.589578312e-01
l,6.0,-1.0
2.870,4.190,5.510,
2.156250539e-09,8.568099394e+00
1.173069031e-04,-6.484857409e-05,-6.169316192e-05,3.973848537e-04,4.261803647e-04,3.521839816e-05,-9.007000447e-05,-1.342779495e-05,7.225005891e-06,
2.128804566e-05,-3.378897115e-05,-1.462322517e-05,-2.667177665e-04,-7.581042327e-04,-1.215275686e-03,-1.080350303e-03,-4.986050090e-04,-9.458730681e-05,
1.589578184e-01
l,6.0,0.0
2.930,4.230,5.550,
9.017337054e-09,7.847217342e+00
2.641803876e-04,-1.406942103e-04,-1.429425161e-04,1.016843988e-03,1.531345817e-03,1.205106974e-03,9.852377757e-04,6.182583599e-04,1.587268433e-04,
4.814937656e-05,-7.648957134e-05,-3.269013556e-05,-6.016757214e-04,-1.708681282e-03,-2.735578327e-03,-2.427391130e-03,-1.117229385e-03,-2.113140008e-04,
1.589888634e-01
l,6.0,1.0
2.970,4.270,5.570,
7.192952344e-09,8.715976168e+00
6.047046045e-04,-3.307015817e-04,-3.267670099e-04,2.280494831e-03,3.137436610e-03,1.921928665e-03,1.326378706e-03,8.925135733e-04,2.447097351e-04,
1.124209816e-04,-1.786778574e-04,-7.737164702e-05,-1.425399639e-03,-4.098394430e-03,-6.651602160e-03,-5.993856158e-03,-2.805200370e-03,-5.398066793e-04,
1.590200024e-01
l,6.0,2.0
3.010,4.270,5.550,
1.753442539e-08,8.605225237e+00
1.444224035e-03,-7.275242472e-04,-8.198569291e-04,6.118187100e-03,1.004098673e-02,8.688054637e-03,7.132301514e-03,4.330620519e-03,1.099927717e-03,
2.796859066e-04,-4.444357330e-04,-2.094896137e-04,-3.678841976e-03,-1.071880085e-02,-1.760618738e-02,-1.608513670e-02,-7.635181165e-03,-1.490003886e-03,
1.590199830e-01
l,6.0,3.0
3.030,4.250,5.490,
3.769145878e-08,8.671416403e+00
3.575176001e-03,-1.624925313e-03,-1.856765478e-03,1.925312192e-02,3.848642885e-02,4.243862427e-02,3.610473597e-02,1.980146935e-02,4.640994914e-03,
7.416681060e-04,-1.177788150e-03,-8.399152541e-04,-1.248933502e-02,-3.911231044e-02,-6.754121095e-02,-6.441663884e-02,-3.179382311e-02,-6.410445182e-03,
1.590200530e-01
l,6.0,4.0
3.030,4.210,5.390,
7.483736933e-08,8.867635372e+00
9.266559035e-03,-3.854090708e-03,-5.156585584e-03,5.628029051e-02,1.177957490e-01,1.301168452e-01,1.081724392e-01,5.937212937e-02,1.426873711e-02,
2.097763466e-03,-3.330140432e-03,-2.565864546e-03,-3.751243493e-02,-1.218241059e-01,-2.187847445e-01,-2.181930292e-01,-1.129467646e-01,-2.392318721e-02,
1.590511645e-01
l,6.0,5.0
3.050,4.130,5.210,
1.432817373e-07,9.182144817e+00
2.588812076e-02,-8.621244391e-03,-1.169648181e-02,2.416422300e-01,6.452841693e-01,9.305559823e-01,8.945478502e-01,5.088707495e-01,1.236259519e-01,
6.759708053e-03,-1.075573297e-02,-1.249970185e-02,-1.697152747e-01,-6.181880795e-01,-1.225459987e+00,-1.344267207e+00,-7.641560995e-01,-1.770522489e-01,
1.591444829e-01
l,6.0,6.0
3.050,4.010,4.970,
3.108042929e-07,9.479621428e+00
8.110497892e-02,-1.766980515e-02,-3.706546213e-02,1.225485067e+00,4.070582568e+00,7.035910460e+00,7.611450837e+00,4.714735539e+00,1.243362807e+00,
2.428538116e-02,-3.938532739e-02,-6.327698096e-02,-8.844945087e-01,-3.689777410e+00,-8.292006996e+00,-1.027430989e+01,-6.583378645e+00,-1.714970603e+00,
1.591444718e-01
l,7.0,-7.0
2.950,4.310,5.670,
8.159444529e-12,8.510627944e+00
5.109628773e-07,-3.369670331e-07,-2.006413255e-07,1.745594108e-06,2.002781834e-06,1.192953868e-06,1.043900957e-06,7.100796183e-07,1.775677141e-07,
8.431038611e-08,-1.342479350e-07,-5.505873781e-08,-1.032533213e-06,-2.864048092e-06,-4.477689563e-06,-3.861772592e-06,-1.727477711e-06,-3.175576818e-07,
1.589092272e-01
l,7.0,-6.0
3.110,4.410,5.750,
1.156636227e-11,8.534950776e+00
1.040367010e-06,-6.440037823e-07,-4.188657868e-07,4.620183312e-06,9.546153532e-06,1.425912574e-05,1.544951664e-05,8.989582280e-06,2.044961652e-06,
1.788562364e-07,-2.852327705e-07,-1.231772031e-07,-2.235864172e-06,-6.245153011e-06,-9.838721069e-06,-8.573742564e-06,-3.876785713e-06,-7.204837917e-07,
1.589266475e-01
l,7.0,-5.0
3.190,4.510,5.850,
3.169170625e-11,8.073610418e+00
2.133474027e-06,-1.274020325e-06,-1.042275637e-06,7.813736825e-06,1.218726456e-05,1.254446434e-05,1.253175171e-05,7.684368209e-06,1.842198809e-06,
3.674556710e-07,-5.870961311e-07,-2.408626910e-07,-4.554035627e-06,-1.278651664e-05,-2.026838241e-05,-1.777112407e-05,-8.080874982e-06,-1.509644701e-06,
1.589576340e-01
l,7.0,-4.0
3.250,4.590,5.930,
2.669913463e-12,1.058235600e+01
4.466392966e-06,-2.455819357e-06,-2.264180711e-06,1.557707092e-05,1.864688626e-05,5.666476093e-06,-4.731793113e-10,6.942583231e-07,4.073822877e-07,
7.791026004e-07,-1.246595390e-06,-5.108649728e-07,-9.658330691e-06,-2.712239125e-05,-4.298891840e-05,-3.770189768e-05,-1.713950596e-05,-3.201535864e-06,
1.589576749e-01
l,7.0,-3.0
3.330,4.650,5.990,
2.554386592e-11,9.128118666e+00
9.543378837e-06,-4.581151653e-06,-5.640166246e-06,3.185809868e-05,3.508814156e-05,-6.896942632e-06,-2.712902269e-05,-1.461893561e-05,-2.574049414e-06,
1.705375337e-06,-2.731552450e-06,-1.264217604e-06,-2.210879781e-05,-6.243034373e-05,-9.916639052e-05,-8.717878472e-05,-3.968036559e-05,-7.409256087e-06,
1.589575726e-01
l,7.0,-2.0
3.410,4.730,6.070,
1.011662421e-10,8.457029725e+00
2.038189996e-05,-1.012342049e-05,-1.198297714e-05,8.250632291e-05,1.539613379e-04,1.629842765e-04,1.397499118e-04,7.657829854e-05,1.750339102e-05,
3.615411995e-06,-5.798884668e-06,-2.465934674e-06,-4.535806216e-05,-1.268810508e-04,-2.000059236e-04,-1.743647267e-04,-7.863184197e-05,-1.455247545e-05,
1.589886345e-01
l,7.0,-1.0
3.470,4.790,6.130,
1.672183669e-11,1.040938170e+01
4.449714834e-05,-2.146756942e-05,-2.757242630e-05,1.692909659e-04,2.804970145e-04,2.119355935e-04,1.238634688e-04,5.782982884e-05,1.279647509e-05,
7.911968102e-06,-1.270309928e-05,-5.204277339e-06,-9.810544293e-05,-2.740614206e-04,-4.317080423e-04,-3.760627600e-04,-1.693688745e-04,-3.130572115e-05,
1.589886327e-01
l,7.0,0.0
3.510,4.830,6.170,
3.013149426e-10,8.614917139e+00
9.938862786e-05,-4.428279237e-05,-6.397146341e-05,4.027881209e-04,7.729640548e-04,7.839888295e-04,6.249585141e-04,3.305111935e-04,7.508461875e-05,
1.787841430e-05,-2.872400346e-05,-1.223404665e-05,-2.252243560e-04,-6.314611196e-04,-9.971333783e-04,-8.708371910e-04,-3.929533623e-04,-7.271015803e-05,
1.589885786e-01
l,7.0,1.0
3.550,4.870,6.210,
3.417841168e-10,9.079413328e+00
2.251419937e-04,-9.913554551e-05,-1.517847739e-04,8.270900499e-04,1.321482958e-03,8.032469987e-04,3.245085960e-04,1.515220592e-04,4.264150202e-05,
4.040598567e-05,-6.496128765e-05,-2.658866810e-05,-5.040492881e-04,-1.414422873e-03,-2.237401062e-03,-1.957184680e-03,-8.845132883e-04,-1.639656566e-04,
1.590196547e-01
l,7.0,2.0
3.590,4.890,6.210,
2.166278958e-10,1.002523829e+01
5.234695273e-04,-2.200213888e-04,-3.556555204e-04,2.085498313e-03,3.669330885e-03,2.703643591e-03,1.317801253e-03,5.219707921e-04,1.135096724e-04,
9.736688401e-05,-1.565480811e-04,-7.127208210e-05,-1.266412152e-03,-3.595112239e-03,-5.743938347e-03,-5.084060729e-03,-2.326334480e-03,-4.364770222e-04,
1.590196597e-01
l,7.0,3.0
3.610,4.910,6.210,
9.429738170e-10,9.496396305e+00
1.241364982e-03,-5.468981585e-04,-8.344588275e-04,4.992522691e-03,8.458197185e-03,5.981645635e-03,3.088998250e-03,1.482796487e-03,3.749364618e-04,
2.346455360e-04,-3.773246533e-04,-1.605548084e-04,-3.005599070e-03,-8.616771163e-03,-1.394355121e-02,-1.252139994e-02,-5.820793368e-03,-1.111033914e-03,
1.590197177e-01
l,7.0,4.0
3.630,4.890,6.170,
7.775063986e-10,1.031000516e+01
3.073910950e-03,-1.232944039e-03,-2.249262266e-03,1.315956028e-02,2.416106837e-02,1.860790120e-02,9.739664160e-03,4.232093983e-03,9.901547090e-04,
6.032816850e-04,-9.698871762e-04,-4.256885299e-04,-7.861529209e-03,-2.279443381e-02,-3.730005081e-02,-3.392555003e-02,-1.597422969e-02,-3.088450079e-03,
1.590508781e-01
l,7.0,5.0
3.650,4.850,6.070,
2.398259251e-09,1.015282536e+01
7.937201299e-03,-2.831388298e-03,-5.362945139e-03,4.443483075e-02,9.816097853e-02,1.055035845e-01,7.792905941e-02,3.770836670e-02,8.325693963e-03,
1.708748108e-03,-2.746058093e-03,-1.877987447e-03,-2.889137776e-02,-9.123068490e-02,-1.592086016e-01,-1.536806869e-01,-7.666175559e-02,-1.561481245e-02,
1.590510165e-01
l,7.0,6.0
3.650,4.770,5.910,
4.776708906e-09,1.038977726e+01
2.187439986e-02,-5.712489593e-03,-1.631564455e-02,1.510786632e-01,3.820823764e-01,4.615691131e-01,3.638231219e-01,1.806370954e-01,4.087560133e-02,
5.342941045e-03,-8.599555512e-03,-6.840769579e-03,-1.004763354e-01,-3.338624978e-01,-6.146729068e-01,-6.306015867e-01,-3.354890437e-01,-7.298364199e-02,
1.591133767e-01
l,7.0,7.0
3.650,4.670,5.690,
1.112821550e-08,1.058167139e+01
6.590115279e-02,-1.223404241e-02,-4.706320554e-02,7.041858538e-01,2.144101325e+00,3.191961022e+00,2.970809145e+00,1.634666452e+00,3.953651717e-01,
1.856396048e-02,-3.024411909e-02,-3.528806599e-02,-4.963038976e-01,-1.874209097e+00,-3.878753692e+00,-4.466947649e+00,-2.668799013e+00,-6.506461522e-01,
1.591445146e-01
l,8.0,-8.0
3.450,4.790,6.150,
2.243616455e-17,1.643063562e+01
9.671799006e-08,-5.400967799e-08,-6.087221446e-08,1.557491074e-07,-3.919664411e-07,-1.528231422e-06,-1.794469304e-06,-9.662243364e-07,-2.034893336e-07,
1.623653518e-08,-2.607702988e-08,-1.124768305e-08,-2.053314051e-07,-5.728534832e-07,-9.025350943e-07,-7.866285472e-07,-3.556911456e-07,-6.609446360e-08,
1.588948379e-01
l,8.0,-7.0
3.570,4.910,6.250,
1.253822117e-12,7.980294550e+00
1.929307984e-07,-1.082445930e-07,-1.092378251e-07,6.579007479e-07,9.270266370e-07,6.343134793e-07,4.701656110e-07,2.952294138e-07,7.631829148e-08,
3.332050660e-08,-5.360179101e-08,-2.376067733e-08,-4.294544532e-07,-1.209734284e-06,-1.921352198e-06,-1.687824295e-06,-7.682436078e-07,-1.435166177e-07,
1.589260269e-01
l,8.0,-6.0
3.670,5.010,6.350,
3.161125211e-15,1.294228712e+01
3.922955898e-07,-2.043850359e-07,-2.461268078e-07,1.012550919e-06,2.395242718e-07,-2.611589891e-06,-3.613068436e-06,-1.996916019e-06,-4.187724559e-07,
6.836253691e-08,-1.101452063e-07,-4.960767005e-08,-8.927224640e-07,-2.531303830e-06,-4.044466191e-06,-3.575072126e-06,-1.636813642e-06,-3.074010491e-07,
1.589570475e-01
l,8.0,-5.0
3.790,5.090,6.450,
1.369463201e-13,1.035970547e+01
8.126284001e-07,-3.807284072e-07,-4.452332136e-07,3.865766432e-06,8.653508921e-06,1.135504239e-05,1.052547160e-05,5.643437769e-06,1.241301206e-06,
1.401949218e-07,-2.262233162e-07,-8.955729700e-08,-1.724334931e-06,-4.762125417e-06,-7.406692722e-06,-6.351446186e-06,-2.809472272e-06,-5.095828359e-07,
1.589570480e-01
l,8.0,-4.0
3.830,5.170,6.530,
3.632855409e-15,1.345667489e+01
1.698077995e-06,-7.209190135e-07,-1.288301770e-06,4.534472493e-06,3.370774723e-06,-7.747988312e-06,-1.322617671e-05,-7.809517484e-06,-1.687300718e-06,
2.969345251e-07,-4.797077752e-07,-2.043484181e-07,-3.751478005e-06,-1.041619684e-05,-1.629568609e-05,-1.408369515e-05,-6.282167469e-06,-1.148295479e-06,
1.589880314e-01
l,8.0,-3.0
3.930,5.250,6.610,
1.593177072e-12,9.324020988e+00
3.581583996e-06,-1.479610912e-06,-2.216550863e-06,1.647597250e-05,3.725477310e-05,4.609776795e-05,3.978938368e-05,2.043236615e-05,4.404798040e-06,
6.286942501e-07,-1.016842424e-06,-4.244260810e-07,-7.888483582e-06,-2.180667893e-05,-3.390230649e-05,-2.906664406e-05,-1.283706923e-05,-2.321482841e-06,
1.589879598e-01
l,8.0,-2.0
3.990,5.330,6.690,
1.792777551e-14,1.300936981e+01
7.635851034e-06,-3.203685613e-06,-5.755053708e-06,2.221496035e-05,2.420149503e-05,-1.640368950e-05,-4.012448915e-05,-2.482338879e-05,-5.400759502e-06,
1.331188690e-06,-2.155458165e-06,-8.585820691e-07,-1.651160544e-05,-4.572858135e-05,-7.143372440e-05,-6.160839922e-05,-2.739814538e-05,-4.992625471e-06,
1.590189390e-01
l,8.0,-1.0
4.050,5.390,6.750,
7.371672220e-13,1.076314194e+01
1.660539056e-05,-6.705456601e-06,-1.246445932e-05,5.606886486e-05,9.220764565e-05,4.701823269e-05,1.166391998e-06,-6.347132081e-06,-1.530036071e-06,
2.910521920e-06,-4.716586164e-06,-1.882115991e-06,-3.612405850e-05,-9.991576296e-05,-1.557672923e-04,-1.339982672e-04,-5.937275612e-05,-1.077170848e-05,
1.590189060e-01
l,8.0,0.0
4.110,5.450,6.790,
1.452368849e-11,9.109799311e+00
3.653271051e-05,-1.504199158e-05,-2.518214068e-05,1.440816080e-04,2.837258864e-04,2.673008341e-04,1.794586454e-04,8.235606566e-05,1.740118197e-05,
6.572846427e-06,-1.065726612e-05,-4.733905187e-06,-8.515498108e-05,-2.382654347e-04,-3.752685947e-04,-3.267722613e-04,-1.467700183e-04,-2.699454596e-05,
1.590187611e-01
l,8.0,1.0
4.150,5.490,6.830,
3.010843304e-13,1.232323059e+01
8.211946260e-05,-3.216160786e-05,-5.944466743e-05,2.859933683e-04,4.534207281e-04,1.746840299e-04,-9.028541980e-05,-9.453891824e-05,-2.268507578e-05,
1.484304835e-05,-2.407963950e-05,-1.073233997e-05,-1.932488869e-04,-5.427462166e-04,-8.579225063e-04,-7.498861491e-04,-3.380654426e-04,-6.239574406e-05,
1.590187089e-01
l,8.0,2.0
4.190,5.530,6.870,
1.161869051e-12,1.187370656e+01
1.871676068e-04,-7.617002585e-05,-1.326712835e-04,6.883189770e-04,1.177513914e-03,7.246155797e-04,1.858412744e-04,1.452683584e-05,4.286000627e-07,
3.351830218e-05,-5.440578682e-05,-2.141977063e-05,-4.186859384e-04,-1.170734750e-03,-1.847461371e-03,-1.611388721e-03,-7.246492413e-04,-1.335269195e-04,
1.590186900e-01
l,8.0,3.0
4.210,5.530,6.870,
3.647773656e-12,1.161491974e+01
4.409115936e-04,-1.524283116e-04,-3.397702558e-04,1.635857115e-03,2.976957421e-03,1.830184852e-03,2.855233002e-04,-1.455228274e-04,-4.911430490e-05,
8.076835770e-05,-1.311066748e-04,-5.546044616e-05,-1.030661426e-03,-2.884492707e-03,-4.545103531e-03,-3.958715184e-03,-1.775315373e-03,-3.257642452e-04,
1.590186732e-01
l,8.0,4.0
4.250,5.550,6.850,
7.591561085e-12,1.166863737e+01
1.049970044e-03,-3.945050707e-04,-7.587018441e-04,4.290150338e-03,8.213599875e-03,6.522850289e-03,3.102087634e-03,1.020907991e-03,1.840001332e-04,
2.010604071e-04,-3.263238056e-04,-1.546286374e-04,-2.709246988e-03,-7.773040380e-03,-1.256060709e-02,-1.126464052e-02,-5.219665489e-03,-9.908462532e-04,
1.590188333e-01
l,8.0,5.0
4.250,5.530,6.830,
1.028515372e-11,1.205832248e+01
2.600844949e-03,-8.889850181e-04,-2.087249342e-03,1.045695329e-02,2.004155624e-02,1.409676213e-02,4.393127423e-03,4.641176915e-04,-9.925305297e-06,
5.006858626e-04,-8.126507032e-04,-3.393557880e-04,-6.455900674e-03,-1.845705316e-02,-2.977777079e-02,-2.664458955e-02,-1.229711728e-02,-2.325304194e-03,
1.590502109e-01
l,8.0,6.0
4.250,5.490,6.730,
8.463814044e-11,1.124215574e+01
6.693936884e-03,-1.971524151e-03,-4.776683097e-03,3.696416144e-02,8.839044281e-02,9.987075356e-02,7.185175637e-02,3.174064607e-02,6.325048637e-03,
1.420002868e-03,-2.303856102e-03,-1.619667973e-03,-2.443888155e-02,-7.625632155e-02,-1.312235129e-01,-1.246729207e-01,-6.104915437e-02,-1.217933203e-02,
1.590505725e-01
l,8.0,7.0
4.250,5.430,6.610,
1.382196969e-10,1.159191990e+01
1.813554019e-02,-4.678913060e-03,-1.441978085e-02,1.107774642e-01,2.778252997e-01,3.203054614e-01,2.314592850e-01,1.033657989e-01,2.119362698e-02,
4.167771368e-03,-6.770109319e-03,-4.750033250e-03,-7.352946728e-02,-2.374346747e-01,-4.246856426e-01,-4.216252451e-01,-2.162711920e-01,-4.527680771e-02,
1.591132193e-01
l,8.0,8.0
4.250,5.330,6.410,
3.946225169e-10,1.161494469e+01
5.332021043e-02,-8.733833896e-03,-4.100391203e-02,4.894152655e-01,1.498685746e+00,2.200648374e+00,1.973365376e+00,1.024240133e+00,2.311597402e-01,
1.400933085e-02,-2.293265491e-02,-2.397091536e-02,-3.434087233e-01,-1.243712909e+00,-2.457036050e+00,-2.685187348e+00,-1.514872667e+00,-3.476078432e-01,
1.591444567e-01
l,9.0,-9.0
3.990,5.290,6.650,
9.429411232e-16,1.083700960e+01
1.783599934e-08,-9.029441764e-09,-8.560123030e-09,6.818635483e-08,9.816013599e-08,7.001640494e-08,5.923751021e-08,4.255090165e-08,1.206914517e-08,
3.009672045e-09,-4.870542515e-09,-2.123771858e-09,-3.866630101e-08,-1.075314383e-07,-1.685673885e-07,-1.459987235e-07,-6.547956957e-08,-1.206574999e-08,
1.589249122e-01
l,9.0,-8.0
4.070,5.410,6.770,
4.490415887e-20,1.823325920e+01
3.537375903e-08,-1.756935930e-08,-2.758920284e-08,4.677592969e-08,-1.545586732e-07,-6.068889687e-07,-7.373092232e-07,-4.071378438e-07,-8.701832150e-08,
5.972235292e-09,-9.680767738e-09,-3.771877392e-09,-7.397816890e-08,-2.055338581e-07,-3.233543877e-07,-2.813022221e-07,-1.266294153e-07,-2.340611817e-08,
1.589560572e-01
l,9.0,-7.0
4.170,5.510,6.870,
3.608038350e-21,2.014689624e+01
7.139291824e-08,-3.206982870e-08,-5.257479075e-08,1.359265520e-07,-1.633237780e-07,-9.886798535e-07,-1.281230300e-06,-7.243562577e-07,-1.566512825e-07,
1.223579951e-08,-1.986007670e-08,-7.888227687e-09,-1.526557700e-07,-4.238096935e-07,-6.650106452e-07,-5.768530304e-07,-2.586278475e-07,-4.759089797e-08,
1.589557937e-01
l,9.0,-6.0
4.290,5.610,6.970,
1.271545883e-14,9.917857340e+00
1.452415006e-07,-6.219884483e-08,-8.791452012e-08,5.563570452e-07,9.282772193e-07,6.673146846e-07,3.803697254e-07,2.048810514e-07,5.465913106e-08,
2.506806445e-08,-4.074063599e-08,-1.648985168e-08,-3.149288775e-07,-8.718926791e-07,-1.361132992e-06,-1.173116465e-06,-5.217066646e-07,-9.514714176e-08,
1.589866559e-01
l,9.0,-5.0
4.350,5.710,7.070,
7.404682222e-14,9.083322530e+00
2.980700060e-07,-1.289201342e-07,-1.939088323e-07,1.127843338e-06,1.884906862e-06,1.128360724e-06,2.538030939e-07,2.845889389e-09,-9.391115504e-10,
5.133747623e-08,-8.353788452e-08,-3.132784185e-08,-6.293903993e-07,-1.733746992e-06,-2.693561049e-06,-2.306544709e-06,-1.017143383e-06,-1.838127533e-07,
1.589864039e-01
l,9.0,-4.0
4.430,5.790,7.150,
2.313891645e-16,1.330328173e+01
6.229950031e-07,-2.481907264e-07,-4.682983601e-07,2.170167505e-06,4.088047205e-06,3.407354065e-06,1.979601143e-06,8.340853375e-07,1.688379943e-07,
1.086165095e-07,-1.769159525e-07,-7.190380723e-08,-1.368261327e-06,-3.787733489e-06,-5.914906554e-06,-5.098625878e-06,-2.263490127e-06,-4.112818067e-07,
1.590171955e-01
l,9.0,-3.0
4.510,5.870,7.230,
4.996884922e-14,1.009735377e+01
1.313244979e-06,-5.073367905e-07,-9.096513181e-07,5.041143803e-06,9.301391289e-06,6.672987441e-06,2.358432105e-06,4.182405817e-07,3.964759955e-08,
2.297300493e-07,-3.745427885e-07,-1.517266572e-07,-2.892718434e-06,-7.980598861e-06,-1.239521832e-05,-1.061336132e-05,-4.674248847e-06,-8.422729721e-07,
1.590168618e-01
l,9.0,-2.0
4.570,5.930,7.310,
6.538191112e-13,8.792022122e+00
2.818768053e-06,-9.644556234e-07,-2.118631926e-06,1.029630956e-05,1.996675467e-05,1.579513652e-05,7.649271578e-06,2.775504063e-06,5.782610518e-07,
4.858324861e-07,-7.928176569e-07,-2.854799254e-07,-5.843174612e-06,-1.588441399e-05,-2.436337520e-05,-2.057448558e-05,-8.916528818e-06,-1.580197703e-06,
1.590164945e-01
l,9.0,-1.0
4.650,6.010,7.370,
3.902172790e-16,1.404228392e+01
6.064932222e-06,-2.299609551e-06,-4.707705043e-06,2.146169045e-05,4.174386264e-05,3.324779980e-05,1.509527603e-05,4.100907466e-06,5.192682562e-07,
1.061424415e-06,-1.733294479e-06,-6.647209927e-07,-1.315864970e-05,-3.629595627e-05,-5.647378576e-05,-4.845075309e-05,-2.136462120e-05,-3.852130248e-06,
1.590161805e-01
l,9.0,0.0
4.710,6.070,7.430,
9.589673298e-16,1.386403841e+01
1.329175029e-05,-5.094389702e-06,-1.025050363e-05,4.744403887e-05,9.066167255e-05,6.706191788e-05,2.369204887e-05,2.802495102e-06,-3.249177260e-07,
2.318797462e-06,-3.789115994e-06,-1.388895980e-06,-2.837359415e-05,-7.809891530e-05,-1.213177477e-04,-1.038542538e-04,-4.566895025e-05,-8.212016157e-06,
1.590157784e-01
l,9.0,1.0
4.750,6.110,7.470,
1.815164167e-14,1.239520027e+01
2.970223068e-05,-1.050520566e-05,-2.312391633e-05,1.066304248e-04,2.144326893e-04,1.841102354e-04,1.000456407e-04,3.710709429e-05,6.897974156e-06,
5.233718924e-06,-8.556144785e-06,-3.290833788e-06,-6.504453852e-05,-1.795067017e-04,-2.794544702e-04,-2.399756836e-04,-1.058832041e-04,-1.909768728e-05,
1.590154821e-01
l,9.0,2.0
4.790,6.150,7.510,
6.550346392e-13,1.056482372e+01
6.718655641e-05,-2.369003749e-05,-5.127471481e-05,2.455930407e-04,4.860924253e-04,4.046597800e-04,2.126043685e-04,7.997472236e-05,1.589648030e-05,
1.181263382e-05,-1.931996895e-05,-7.119882821e-06,-1.450015101e-04,-3.995971531e-04,-6.216760130e-04,-5.333858298e-04,-2.350920631e-04,-4.237303344e-05,
1.590152729e-01
l,9.0,3.0
4.830,6.170,7.530,
2.313320882e-13,1.171401975e+01
1.552372996e-04,-5.107391227e-05,-1.267727503e-04,5.578860575e-04,1.147812683e-03,9.569023881e-04,4.570233584e-04,1.377022462e-04,2.173062605e-05,
2.754767294e-05,-4.506554839e-05,-1.679632227e-05,-3.390515891e-04,-9.338902510e-04,-1.450862074e-03,-1.242551154e-03,-5.459646033e-04,-9.798875919e-05,
1.590150607e-01
l,9.0,4.0
4.850,6.190,7.530,
9.342814372e-13,1.132681494e+01
3.643030941e-04,-1.211283733e-04,-2.787516207e-04,1.470885771e-03,3.214548725e-03,3.186373285e-03,2.040445233e-03,8.413607620e-04,1.619978338e-04,
6.638046573e-05,-1.085963590e-04,-4.395107468e-05,-8.438051569e-04,-2.352321843e-03,-3.696655495e-03,-3.209608996e-03,-1.432339942e-03,-2.612574232e-04,
1.590153497e-01
l,9.0,5.0
4.870,6.190,7.510,
1.203871385e-13,1.315209050e+01
8.770286222e-04,-2.766470538e-04,-6.895979872e-04,3.495284817e-03,7.316327856e-03,6.212736934e-03,2.881799097e-03,7.558178529e-04,9.218647649e-05,
1.652818936e-04,-2.703617901e-04,-1.202700901e-04,-2.183218212e-03,-6.168763853e-03,-9.815079207e-03,-8.646758561e-03,-3.920197901e-03,-7.264255475e-04,
1.590157197e-01
l,9.0,6.0
4.870,6.170,7.490,
3.179478791e-13,1.309466843e+01
2.173542045e-03,-6.201841250e-04,-1.867262878e-03,8.595925585e-03,1.880594775e-02,1.652586154e-02,8.034459528e-03,2.282428037e-03,3.150625644e-04,
4.116683153e-04,-6.733957269e-04,-2.689270416e-04,-5.249748773e-03,-1.480244053e-02,-2.354158882e-02,-2.071466378e-02,-9.363485921e-03,-1.729317016e-03,
1.590475801e-01
l,9.0,7.0
4.870,6.130,7.410,
8.136812404e-13,1.309119474e+01
5.578150041e-03,-1.342630880e-03,-4.940072567e-03,2.443040755e-02,5.768396756e-02,5.633358139e-02,3.155247576e-02,1.054141628e-02,1.678349457e-03,
1.131212817e-03,-1.850005296e-03,-8.263494327e-04,-1.516404587e-02,-4.382187615e-02,-7.137500819e-02,-6.457968316e-02,-3.006527008e-02,-5.718435284e-03,
1.590488459e-01
l,9.0,8.0
4.870,6.070,7.290,
4.705543378e-12,1.261260070e+01
1.498449966e-02,-2.850904754e-03,-1.280804998e-02,8.517579768e-02,2.300404157e-01,2.802952003e-01,2.068431397e-01,9.031768135e-02,1.764659198e-02,
3.322646875e-03,-5.437730471e-03,-3.607538612e-03,-5.672913422e-02,-1.785070697e-01,-3.104237208e-01,-2.984907196e-01,-1.476179868e-01,-2.969938555e-02,
1.590815507e-01
l,9.0,9.0
4.870,5.990,7.110,
7.934164999e-12,1.296113081e+01
4.298729822e-02,-6.408250641e-03,-3.816786118e-02,3.053291282e-01,8.841263709e-01,1.155437468e+00,9.062443902e-01,4.181991070e-01,8.641883075e-02,
1.081155187e-02,-1.778419462e-02,-1.391024102e-02,-2.099045790e-01,-7.042368450e-01,-1.312049643e+00,-1.364194949e+00,-7.337241102e-01,-1.610262827e-01,
1.591443802e-01
