l,1.0,-1.0
0.230,1.370,2.550,
8.368232948e-02,2.603352687e+00
6.239997223e-03,-6.619841258e-03,6.040269649e-03,3.243452955e-02,1.015064824e-01,2.155230033e-01,2.563429695e-01,1.748953172e-01,5.144120818e-02,
1.259843516e-03,-1.959846836e-03,-1.484474313e-03,-2.160369278e-02,-7.080536098e-02,-1.282042133e-01,-1.288297359e-01,-6.766157095e-02,-1.450883971e-02,
1.587856483e-01
l,1.0,0.0
0.250,0.570,0.910,
1.148010854e+00,3.582010397e+00
3.855223954e-02,2.605181568e-02,1.110972566e+00,3.089075026e+01,3.444948640e+02,2.155583732e+03,7.522929689e+03,1.361033153e+04,9.965262657e+03,
2.984034785e-02,-3.708970230e-02,-8.458824777e-01,-2.414492602e+01,-2.986642657e+02,-1.936617230e+03,-6.868264086e+03,-1.260315029e+04,-9.365712457e+03,
1.591435909e-01
l,1.0,1.0
0.330,0.470,0.690,
5.462713299e+02,6.561286143e+00
4.841884971e-01,-3.355510173e+00,5.336307566e+01,2.206623802e+03,6.281157983e+04,1.007342672e+06,7.705621327e+06,2.761095405e+07,3.772410939e+07,
1.628155958e-01,-5.489358878e-01,-1.696455440e+01,-9.482404839e+02,-1.997995598e+04,-2.131495114e+05,-1.204907205e+06,-3.460724694e+06,-3.978239716e+06,
1.591435386e-01
l,2.0,-2.0
0.490,1.770,3.070,
5.278235999e-03,3.835885367e+00
1.525860978e-03,-1.687451941e-03,8.709915734e-04,2.266451842e-03,-1.781848028e-03,-1.167070937e-02,-2.387398202e-02,-1.827346986e-02,-4.608315647e-03,
2.413211974e-04,-3.902096776e-04,-1.636224282e-04,-3.097827505e-03,-8.958981274e-03,-1.468457178e-02,-1.336269081e-02,-6.365434334e-03,-1.241853283e-03,
1.585386703e-01
l,2.0,-1.0
0.550,1.570,2.610,
1.259841550e-02,4.428672222e+00
4.648011178e-03,-4.355285729e-03,4.372376295e-03,4.165080479e-02,1.189775718e-01,2.321535703e-01,2.093334385e-01,6.771839258e-02,8.772182928e-04,
1.148531101e-03,-1.796275103e-03,-2.165811087e-03,-2.945366773e-02,-1.110064731e-01,-2.282838186e-01,-2.605523186e-01,-1.553062662e-01,-3.779744937e-02,
1.589581857e-01
l,2.0,0.0
0.570,1.730,2.890,
3.232549039e-02,4.691385481e+00
9.039958939e-03,-1.096782716e-02,7.022851384e-03,-1.139558496e-03,-1.230189425e-01,-4.302972330e-01,-7.327151940e-01,-5.532657394e-01,-1.495149629e-01,
1.681475724e-03,-2.695144824e-03,-1.729702063e-03,-2.867172928e-02,-9.444539630e-02,-1.737565471e-01,-1.773746310e-01,-9.480835715e-02,-2.072034866e-02,
1.586006217e-01
l,2.0,1.0
0.610,1.050,1.530,
1.629712147e-01,5.388659948e+00
5.617804080e-02,1.634607786e-04,4.514163684e-01,1.171664443e+01,9.023455959e+01,4.098093679e+02,1.076453166e+03,1.479315335e+03,8.216810806e+02,
3.222801232e-02,-4.979725718e-02,-4.139091434e-01,-8.556401038e+00,-7.299936406e+01,-3.302217243e+02,-8.231573679e+02,-1.066059812e+03,-5.609536954e+02,
1.591435386e-01
l,2.0,2.0
0.650,0.930,1.230,
1.301225555e+01,1.047565995e+01
5.449523926e-01,-2.300426743e+00,1.390360800e+01,3.679780114e+02,5.232917375e+03,6.155816176e+04,3.546097921e+05,9.325315769e+05,9.175092294e+05,
1.787160448e-01,-5.185515155e-01,-5.336674298e+00,-1.937709225e+02,-2.553197359e+03,-1.833094150e+04,-7.280595798e+04,-1.514204458e+05,-1.287035624e+05,
1.591436155e-01
l,3.0,-3.0
0.810,2.110,3.430,
3.072473072e-04,5.508173243e+00
4.019332118e-04,-4.538105500e-04,2.366845472e-04,9.885954661e-04,1.235623565e-03,1.064397366e-03,-1.609843163e-03,-2.552435164e-03,-8.515636506e-04,
5.870300052e-05,-9.688384257e-05,-3.528911526e-05,-7.441720075e-04,-2.117551237e-03,-3.437526787e-03,-3.091428539e-03,-1.454609290e-03,-2.805099579e-04,
1.584149119e-01
l,3.0,-2.0
0.890,2.030,3.190,
3.880870187e-04,5.635231307e+00
1.022221055e-03,-1.009364884e-03,5.842464815e-04,6.586092792e-03,1.843508835e-02,4.023964418e-02,4.412812899e-02,2.188744548e-02,3.953168357e-03,
1.990006937e-04,-3.241771727e-04,-2.183917926e-04,-3.523885190e-03,-1.160013108e-02,-2.128235580e-02,-2.170398562e-02,-1.157612693e-02,-2.529608972e-03,
1.588478811e-01
l,3.0,-1.0
0.930,2.170,3.410,
6.537844635e-04,6.399604882e+00
1.959833084e-03,-2.238541597e-03,1.467973446e-03,9.474340764e-03,2.471329118e-02,5.058558710e-02,4.506290605e-02,1.508131752e-02,9.877071661e-04,
3.158251510e-04,-5.209920697e-04,-2.950360649e-04,-5.173660408e-03,-1.617289405e-02,-2.821738125e-02,-2.713722404e-02,-1.360581522e-02,-2.787372536e-03,
1.585077290e-01
l,3.0,0.0
0.970,2.030,3.110,
1.276349775e-03,5.950282498e+00
5.462476052e-03,-5.415463026e-03,3.989631406e-03,4.994870086e-02,1.609727169e-01,3.869894784e-01,4.784306534e-01,2.756492532e-01,5.981452403e-02,
1.181325401e-03,-1.919464629e-03,-1.793926012e-03,-2.729614572e-02,-9.943449940e-02,-1.984406923e-01,-2.188643014e-01,-1.257611726e-01,-2.949979911e-02,
1.589271260e-01
l,3.0,1.0
0.970,2.070,3.190,
3.538481233e-03,7.432942586e+00
1.256185025e-02,-1.521596810e-02,1.327141832e-02,8.757208700e-02,2.673087727e-01,5.803623149e-01,5.057814826e-01,1.223033716e-01,-1.882513444e-02,
2.365173222e-03,-3.872601420e-03,-2.456935203e-03,-4.274044541e-02,-1.441400882e-01,-2.732225140e-01,-2.881662056e-01,-1.595429097e-01,-3.623626740e-02,
1.585386344e-01
l,3.0,2.0
0.990,1.530,2.090,
1.316154466e-02,6.842780345e+00
6.757126749e-02,-1.391890508e-02,2.201096229e-01,6.381842084e+00,3.724751228e+01,1.332038652e+02,2.900068650e+02,3.369053633e+02,1.586707820e+02,
3.283604337e-02,-5.434256111e-02,-2.665144909e-01,-4.705154091e+00,-3.281280963e+01,-1.237196412e+02,-2.605021087e+02,-2.873214072e+02,-1.295787023e+02,
1.591436155e-01
l,3.0,3.0
1.030,1.370,1.750,
9.788196559e-02,1.069790535e+01
5.950164795e-01,-1.599200447e+00,5.191002597e+00,1.952572679e+02,1.154870254e+03,6.982138388e+03,3.263736772e+04,7.547843248e+04,6.487871065e+04,
1.829767319e-01,-4.841652759e-01,-4.752732760e+00,-1.505580090e+02,-1.711798098e+03,-1.019602808e+04,-3.278435444e+04,-5.422574315e+04,-3.627874277e+04,
1.591435824e-01
l,4.0,-4.0
1.130,2.430,3.750,
9.673748297e-06,7.517763321e+00
1.072804007e-04,-1.215657144e-04,5.892022829e-05,3.398034203e-04,6.879934304e-04,1.373806059e-03,1.080668822e-03,2.255492464e-04,-3.176586359e-05,
1.511853796e-05,-2.532544314e-05,-8.228302260e-06,-1.910654835e-04,-5.388616309e-04,-8.701393783e-04,-7.772936763e-04,-3.634525909e-04,-6.982106492e-05,
1.584148946e-01
l,4.0,-3.0
1.230,2.410,3.610,
1.242586680e-05,6.447339320e+00
2.467615122e-04,-2.427475927e-04,1.067206595e-04,1.523956047e-03,4.141891910e-03,9.420850211e-03,1.127329851e-02,6.281752189e-03,1.321997839e-03,
4.366850606e-05,-7.270290865e-05,-4.389885495e-05,-7.536607447e-04,-2.415262393e-03,-4.323206514e-03,-4.284447165e-03,-2.215230196e-03,-4.690373174e-04,
1.588168472e-01
l,4.0,-2.0
1.310,2.550,3.790,
1.666228408e-05,6.570310460e+00
4.650900955e-04,-5.074960507e-04,2.605266160e-04,2.591580679e-03,7.269006403e-03,1.685854427e-02,1.944885856e-02,1.027170322e-02,2.036406067e-03,
7.358119274e-05,-1.234786552e-04,-6.317972907e-05,-1.193020057e-03,-3.711230015e-03,-6.468773287e-03,-6.214323757e-03,-3.111580173e-03,-6.377199404e-04,
1.585386703e-01
l,4.0,-1.0
1.350,2.510,3.670,
3.005198208e-05,6.228786418e+00
1.097582979e-03,-1.048097347e-03,3.951067325e-04,7.514386873e-03,2.061284144e-02,4.855780820e-02,6.248123749e-02,3.786594401e-02,8.703284785e-03,
2.055578278e-04,-3.432707816e-04,-2.184998015e-04,-3.711513914e-03,-1.217979548e-02,-2.237181663e-02,-2.283004636e-02,-1.218032241e-02,-2.666505349e-03,
1.588479165e-01
l,4.0,0.0
1.390,2.570,3.770,
5.132809992e-05,6.680823940e+00
2.345497953e-03,-2.475398598e-03,1.178447193e-03,1.529696852e-02,4.423379571e-02,1.079631425e-01,1.354968838e-01,7.869330998e-02,1.724396691e-02,
3.959617218e-04,-6.643352848e-04,-3.688748964e-04,-6.751904224e-03,-2.155877589e-02,-3.861112467e-02,-3.824570339e-02,-1.978263192e-02,-4.195532412e-03,
1.585696511e-01
l,4.0,1.0
1.390,2.470,3.570,
1.219277147e-04,6.657911498e+00
6.216718815e-03,-5.891887259e-03,2.815037716e-03,5.575631208e-02,1.678340542e-01,4.154651105e-01,5.674424038e-01,3.683616666e-01,9.099812902e-02,
1.265459881e-03,-2.108207661e-03,-1.849005841e-03,-2.917339948e-02,-1.046107846e-01,-2.058459091e-01,-2.234073982e-01,-1.261456539e-01,-2.909087353e-02,
1.589099193e-01
l,4.0,2.0
1.390,2.470,3.550,
2.534608506e-04,7.730700370e+00
1.535969041e-02,-1.794197554e-02,1.519663939e-02,1.537736926e-01,5.523458383e-01,1.460546064e+00,1.908631616e+00,1.153174792e+00,2.629066583e-01,
2.986466738e-03,-4.988449943e-03,-4.121837381e-03,-6.874178887e-02,-2.494777195e-01,-4.996093202e-01,-5.520212132e-01,-3.180729132e-01,-7.488804968e-02,
1.586006462e-01
l,4.0,3.0
1.390,1.990,2.630,
8.854354245e-04,8.183854528e+00
7.570952922e-02,-1.310958757e-02,1.567270863e-01,5.492459322e+00,2.957134598e+01,9.328784282e+01,1.788295798e+02,1.847127109e+02,7.789877310e+01,
3.237850048e-02,-5.542311689e-02,-2.383110148e-01,-4.026169312e+00,-2.558610934e+01,-8.661580477e+01,-1.616861185e+02,-1.566620430e+02,-6.170041014e+01,
1.591435824e-01
l,4.0,4.0
1.410,1.810,2.250,
2.298589032e-03,1.130643100e+01
6.075708270e-01,-1.007148680e+00,-3.591944035e-01,8.328781985e+01,6.689008704e+01,-1.591887688e+03,-5.875247357e+03,-7.902516518e+03,-3.672004514e+03,
1.864854969e-01,-4.678106380e-01,-2.666759023e+00,-6.835111410e+01,-6.048857673e+02,-2.935605935e+03,-7.901154475e+03,-1.114542751e+04,-6.466094137e+03,
1.591435764e-01
l,5.0,-5.0
1.450,2.730,4.030,
3.273541243e-07,7.842081605e+00
2.888926065e-05,-3.155103611e-05,1.309031031e-05,1.037286301e-04,2.060226692e-04,4.775459338e-04,5.164556009e-04,2.304362465e-04,3.420703002e-05,
4.136708325e-06,-7.005995553e-06,-2.468146659e-06,-5.559640555e-05,-1.604061765e-04,-2.652164868e-04,-2.429891486e-04,-1.165968497e-04,-2.300873054e-05,
1.584148906e-01
l,5.0,-4.0
1.570,2.770,3.990,
4.663144368e-07,7.055267398e+00
6.052299068e-05,-5.885499231e-05,1.528801752e-05,3.364274256e-04,8.230803195e-04,1.906808228e-03,2.428451940e-03,1.436914295e-03,3.197435170e-04,
1.012146904e-05,-1.711689039e-05,-9.272845870e-06,-1.702382960e-04,-5.354687296e-04,-9.433531959e-04,-9.182975918e-04,-4.659454101e-04,-9.691483100e-05,
1.588478670e-01
l,5.0,-3.0
1.670,2.890,4.110,
6.860851317e-07,6.794001387e+00
1.149374002e-04,-1.155678692e-04,3.539587583e-05,6.519635190e-04,1.628018155e-03,3.804644329e-03,4.843898159e-03,2.867426179e-03,6.391733348e-04,
1.880382969e-05,-3.193810573e-05,-1.729309138e-05,-3.199761171e-04,-1.006778368e-03,-1.776545138e-03,-1.731131042e-03,-8.794327269e-04,-1.831589150e-04,
1.586005369e-01
l,5.0,-2.0
1.730,2.910,4.110,
1.036296150e-06,6.750376739e+00
2.463643032e-04,-2.200645967e-04,1.393184210e-05,1.410430392e-03,3.061257759e-03,6.749924493e-03,9.184287365e-03,5.898833550e-03,1.420125660e-03,
4.294758510e-05,-7.294909902e-05,-4.155252968e-05,-7.489249376e-04,-2.390095170e-03,-4.273715350e-03,-4.229463396e-03,-2.181943310e-03,-4.618536695e-04,
1.588478811e-01
l,5.0,-1.0
1.790,2.990,4.190,
1.751857121e-06,6.768255611e+00
5.027625011e-04,-4.796210843e-04,7.547133540e-05,2.865484458e-03,6.566684317e-03,1.517504241e-02,2.043875393e-02,1.285461438e-02,3.030129323e-03,
8.538180099e-05,-1.454332381e-04,-7.900661380e-05,-1.472510029e-03,-4.680979093e-03,-8.355283873e-03,-8.251478747e-03,-4.251421383e-03,-8.993026278e-04,
1.586616401e-01
l,5.0,0.0
1.830,2.990,4.150,
3.325585457e-06,6.824971639e+00
1.136654988e-03,-1.027596158e-03,8.969446913e-05,6.894732706e-03,1.533647973e-02,3.439564861e-02,4.757894770e-02,3.113942584e-02,7.649336607e-03,
2.086996544e-04,-3.550801890e-04,-2.113491440e-04,-3.774542772e-03,-1.232229966e-02,-2.258907681e-02,-2.300113378e-02,-1.223781896e-02,-2.675573808e-03,
1.588478973e-01
l,5.0,1.0
1.830,3.010,4.190,
7.170213937e-06,6.856787526e+00
2.570055891e-03,-2.502978512e-03,4.145381827e-04,1.520426502e-02,3.535546917e-02,8.557263134e-02,1.194163452e-01,7.716209279e-02,1.861795724e-02,
4.442231898e-04,-7.571235247e-04,-3.874079769e-04,-7.587785359e-03,-2.441076662e-02,-4.423291612e-02,-4.440642502e-02,-2.328749523e-02,-5.019189127e-03,
1.586624927e-01
l,5.0,2.0
1.830,2.930,4.030,
1.578437997e-05,7.128593376e+00
6.697743200e-03,-6.128926217e-03,1.622402609e-03,5.533585980e-02,1.450066457e-01,3.390404983e-01,4.741043612e-01,3.185842216e-01,8.120565169e-02,
1.333238624e-03,-2.263367069e-03,-1.946682046e-03,-3.133901489e-02,-1.120742592e-01,-2.203566688e-01,-2.389112706e-01,-1.347048592e-01,-3.103972762e-02,
1.589099960e-01
l,5.0,3.0
1.830,2.870,3.930,
2.506830218e-05,8.263060066e+00
1.801577024e-02,-1.910776899e-02,1.020667392e-02,1.763306319e-01,5.528888678e-01,1.504029426e+00,2.213836211e+00,1.528026965e+00,3.987866890e-01,
3.607838453e-03,-6.128002021e-03,-5.172321352e-03,-8.673867383e-02,-3.183428145e-01,-6.463267499e-01,-7.256049828e-01,-4.251386710e-01,-1.020051020e-01,
1.586616502e-01
l,5.0,4.0
1.790,2.470,3.170,
5.639495768e-05,9.327994284e+00
8.065381646e-02,-2.363127260e-02,1.687253919e-02,3.049302917e+00,1.265013482e+01,3.102286570e+01,5.067831392e+01,4.715589120e+01,1.821548994e+01,
3.071058555e-02,-5.357427136e-02,-1.402396017e-01,-2.244127347e+00,-1.240478579e+01,-3.731578586e+01,-6.271528588e+01,-5.512111984e+01,-1.982588238e+01,
1.591435764e-01
l,5.0,5.0
1.810,2.270,2.770,
6.424509994e-05,1.244927645e+01
5.844181776e-01,-7.519292406e-01,-3.697424706e-01,6.978120876e+01,2.447637447e+02,1.952374909e+02,-2.447435750e+02,-3.111186987e+02,3.426479403e+01,
1.752882873e-01,-4.124244401e-01,-2.011948560e+00,-4.879520224e+01,-3.969566962e+02,-1.737389691e+03,-4.163640730e+03,-5.177238238e+03,-2.628458785e+03,
1.591436037e-01
l,6.0,-6.0
1.790,3.050,4.330,
3.397880780e-09,1.051390649e+01
7.487727089e-06,-8.064464446e-06,2.404632877e-06,3.177532321e-05,6.426688667e-05,1.394047983e-04,1.537843676e-04,7.195567741e-05,1.130310955e-05,
1.089191252e-06,-1.863386861e-06,-6.859560658e-07,-1.524841632e-05,-4.431508803e-05,-7.375975139e-05,-6.797416201e-05,-3.276468437e-05,-6.496940781e-06,
1.585076906e-01
l,6.0,-5.0
1.910,3.110,4.330,
1.661089072e-08,7.863625639e+00
1.500778035e-05,-1.389685153e-05,3.709575514e-07,7.023315847e-05,1.208549561e-04,2.616724495e-04,3.674422975e-04,2.349109517e-04,5.509766284e-05,
2.488575531e-06,-4.257461336e-06,-2.267488160e-06,-4.236122985e-05,-1.329086278e-04,-2.339372313e-04,-2.274939127e-04,-1.152635249e-04,-2.396307632e-05,
1.588168258e-01
l,6.0,-4.0
2.010,3.230,4.450,
3.074809698e-08,7.242795037e+00
2.812183084e-05,-2.600701229e-05,2.724008943e-07,1.403481997e-04,2.634146404e-04,5.712748903e-04,7.952263372e-04,5.125505563e-04,1.221753953e-04,
4.616253113e-06,-7.926272689e-06,-4.053847298e-06,-7.808304387e-05,-2.447390569e-04,-4.309437667e-04,-4.190511952e-04,-2.122801668e-04,-4.414618861e-05,
1.586926330e-01
l,6.0,-3.0
2.110,3.290,4.490,
4.887767022e-08,7.073714828e+00
5.665361823e-05,-4.738316245e-05,-7.755150111e-06,3.149384799e-04,6.197765695e-04,1.236459637e-03,1.717487749e-03,1.152344984e-03,2.891109225e-04,
9.837207909e-06,-1.691067212e-05,-9.560529029e-06,-1.736693767e-04,-5.506235259e-04,-9.791517618e-04,-9.637672624e-04,-4.942736336e-04,-1.041342107e-04,
1.588478668e-01
l,6.0,-2.0
2.190,3.370,4.570,
4.860359916e-08,7.663521620e+00
1.133718033e-04,-9.520074090e-05,-1.590045189e-05,6.030798406e-04,1.045042457e-03,1.936067166e-03,2.735329697e-03,1.868322329e-03,4.728919363e-04,
1.953568293e-05,-3.365951890e-05,-1.904722950e-05,-3.482716507e-04,-1.108920668e-03,-1.981174385e-03,-1.958287710e-03,-1.008178093e-03,-2.131130938e-04,
1.587545880e-01
l,6.0,-1.0
2.230,3.410,4.610,
9.692946831e-08,7.487696840e+00
2.393836039e-04,-1.921985279e-04,-5.702444387e-05,1.260173089e-03,2.081394019e-03,3.553595235e-03,5.074835012e-03,3.564697223e-03,9.239229260e-04,
4.161350943e-05,-7.178051507e-05,-3.943813282e-05,-7.328282807e-04,-2.328717142e-03,-4.153332698e-03,-4.098578761e-03,-2.105700447e-03,-4.443702308e-04,
1.588788877e-01
l,6.0,0.0
2.270,3.450,4.650,
1.834659099e-07,7.500898143e+00
5.140781286e-04,-4.231017777e-04,-1.154126272e-04,2.709452065e-03,4.612952184e-03,8.354722102e-03,1.205905348e-02,8.445743664e-03,2.182766802e-03,
8.849970158e-05,-1.528320307e-04,-8.077933704e-05,-1.539099655e-03,-4.877261472e-03,-8.685611589e-03,-8.557549313e-03,-4.391308850e-03,-9.261561358e-04,
1.587545216e-01
l,6.0,1.0
2.290,3.450,4.630,
3.354292399e-07,7.691245020e+00
1.170870964e-03,-9.415689291e-04,-2.758150289e-04,6.455965536e-03,1.100281170e-02,1.929791913e-02,2.790923281e-02,1.986800928e-02,5.229680664e-03,
2.090964328e-04,-3.609656018e-04,-2.071352502e-04,-3.779646689e-03,-1.214969501e-02,-2.193557695e-02,-2.195389410e-02,-1.145370667e-02,-2.456414374e-03,
1.588788700e-01
l,6.0,2.0
2.290,3.450,4.610,
8.243192660e-07,7.660917490e+00
2.736533061e-03,-2.365538453e-03,-3.230654197e-04,1.563351441e-02,2.808316403e-02,5.578395959e-02,8.224111684e-02,5.786171070e-02,1.503837066e-02,
4.932604645e-04,-8.514324860e-04,-4.929454222e-04,-9.062468630e-03,-2.951919984e-02,-5.410974298e-02,-5.506286767e-02,-2.926103206e-02,-6.396418314e-03,
1.587235192e-01
l,6.0,3.0
2.290,3.370,4.490,
8.229580200e-07,8.886774865e+00
7.174003869e-03,-5.929060391e-03,-8.919683582e-04,5.165293129e-02,1.099591887e-01,2.224580427e-01,3.219509496e-01,2.301329676e-01,6.191795648e-02,
1.386361029e-03,-2.388420142e-03,-1.455413389e-03,-2.637632587e-02,-8.823759308e-02,-1.663210132e-01,-1.746744376e-01,-9.598345297e-02,-2.172969155e-02,
1.589099470e-01
l,6.0,4.0
2.250,3.290,4.350,
2.115272746e-06,9.197002933e+00
1.999814063e-02,-1.894207814e-02,2.251083699e-03,1.686403095e-01,3.949676627e-01,9.651303984e-01,1.519439030e+00,1.132096316e+00,3.146287891e-01,
4.030456830e-03,-6.945251649e-03,-5.732199203e-03,-9.761783499e-02,-3.573035330e-01,-7.241274478e-01,-8.116302754e-01,-4.743783905e-01,-1.136576487e-01,
1.587235890e-01
l,6.0,5.0
2.210,2.930,3.690,
3.045704014e-06,1.057588802e+01
8.432628214e-02,-2.081700614e-02,-1.508002303e-02,2.689688423e+00,1.091780695e+01,2.481636607e+01,3.674449859e+01,3.119416215e+01,1.112503618e+01,
2.939641953e-02,-5.197112470e-02,-1.219184743e-01,-1.927424343e+00,-1.004093079e+01,-2.824282982e+01,-4.403858083e+01,-3.569784175e+01,-1.179833994e+01,
1.591436037e-01
l,6.0,6.0
2.230,2.730,3.270,
1.983336600e-06,1.355455176e+01
5.603771210e-01,-5.643745780e-01,2.245660326e-02,6.310893685e+01,3.040916211e+02,7.754904073e+02,1.388434926e+03,1.613594948e+03,8.409746316e+02,
1.695321561e-01,-3.845835906e-01,-1.904725872e+00,-4.367276191e+01,-3.394917788e+02,-1.398231416e+03,-3.127212964e+03,-3.604181388e+03,-1.686170740e+03,
1.591435924e-01
l,7.0,-7.0
2.130,3.370,4.630,
1.059474476e-09,7.750045804e+00
1.912088010e-06,-1.947425680e-06,8.085841949e-07,1.254843561e-05,3.430227885e-05,7.846554683e-05,9.717922934e-05,5.684027481e-05,1.263256509e-05,
2.852955067e-07,-4.923516983e-07,-1.704682929e-07,-3.950740311e-06,-1.139386831e-05,-1.897792695e-05,-1.762490860e-05,-8.615999485e-06,-1.746134105e-06,
1.585384920e-01
l,7.0,-6.0
2.250,3.450,4.670,
7.399009486e-10,8.325520302e+00
3.682682063e-06,-3.216550340e-06,-4.843651355e-07,1.676545887e-05,2.279260192e-05,4.099192882e-05,6.258638521e-05,4.364316494e-05,1.092980792e-05,
6.083392498e-07,-1.050973721e-06,-5.781389791e-07,-1.067252127e-05,-3.349783191e-05,-5.899135736e-05,-5.738192925e-05,-2.905939410e-05,-6.040787179e-06,
1.588478780e-01
l,7.0,-5.0
2.370,3.570,4.790,
5.387219977e-10,8.870155492e+00
6.809336810e-06,-5.725027871e-06,-1.861614684e-06,2.799038187e-05,2.512602688e-05,2.742950811e-05,5.535919862e-05,4.596477946e-05,1.257155749e-05,
1.126676778e-06,-1.952504949e-06,-1.000605026e-06,-1.931710806e-05,-6.036922517e-05,-1.060115207e-04,-1.028087646e-04,-5.188901549e-05,-1.076061689e-05,
1.587855039e-01
l,7.0,-4.0
2.470,3.670,4.870,
7.265065325e-10,8.828354123e+00
1.300921031e-05,-1.043182387e-05,-4.281102589e-06,5.563899741e-05,4.801132949e-05,2.829473982e-05,6.515012065e-05,6.248987123e-05,1.840441246e-05,
2.237178220e-06,-3.884656843e-06,-1.999847991e-06,-3.884856318e-05,-1.231797342e-04,-2.197127434e-04,-2.168132844e-04,-1.113567081e-04,-2.349877409e-05,
1.588478670e-01
l,7.0,-3.0
2.570,3.770,4.970,
1.542950008e-09,8.406767507e+00
2.518007932e-05,-2.048237856e-05,-7.064690160e-06,1.203939449e-04,1.571818867e-04,2.099780770e-04,3.160148275e-04,2.356351725e-04,6.280135149e-05,
4.287456467e-06,-7.462513880e-06,-3.677588164e-06,-7.387419492e-05,-2.345084998e-04,-4.192429248e-04,-4.144402192e-04,-2.131842583e-04,-4.505328506e-05,
1.588477620e-01
l,7.0,-2.0
2.630,3.830,5.030,
1.570387872e-09,8.869438312e+00
5.118384070e-05,-3.951195906e-05,-2.006308832e-05,2.301494730e-04,2.359874713e-04,1.593430625e-04,2.797783806e-04,2.561594601e-04,7.580050669e-05,
8.810200287e-06,-1.535579719e-05,-7.772795053e-06,-1.530284702e-04,-4.844052874e-04,-8.628629064e-04,-8.501342576e-04,-4.356926709e-04,-9.176861442e-05,
1.589099553e-01
l,7.0,-1.0
2.690,3.890,5.090,
2.525071533e-09,8.938157691e+00
1.056210967e-04,-8.233712034e-05,-4.223935623e-05,4.725830737e-04,5.030206646e-04,4.008353390e-04,6.851986752e-04,6.001843942e-04,1.743003855e-04,
1.808726226e-05,-3.156810013e-05,-1.517316253e-05,-3.087716076e-04,-9.743591834e-04,-1.732459269e-03,-1.703736192e-03,-8.716409623e-04,-1.833696359e-04,
1.588477417e-01
l,7.0,0.0
2.730,3.910,5.110,
7.342903652e-09,8.506039006e+00
2.291811979e-04,-1.673352305e-04,-9.671377532e-05,1.194160380e-03,1.832368751e-03,2.283144420e-03,3.038206064e-03,2.229392619e-03,6.061220229e-04,
3.984660351e-05,-6.957786657e-05,-3.740202132e-05,-7.083240370e-04,-2.241090579e-03,-3.983814502e-03,-3.917179965e-03,-2.002526156e-03,-4.207017053e-04,
1.589098889e-01
l,7.0,1.0
2.750,3.930,5.130,
1.014688040e-08,8.902805151e+00
5.067032762e-04,-3.735681760e-04,-2.126370560e-04,2.571842321e-03,3.591182231e-03,3.938577230e-03,5.390726159e-03,4.137705538e-03,1.152718481e-03,
8.771566932e-05,-1.532409971e-04,-8.275283600e-05,-1.566613143e-03,-4.963663327e-03,-8.837347454e-03,-8.702020395e-03,-4.455313156e-03,-9.373515444e-04,
1.588477313e-01
l,7.0,2.0
2.750,3.930,5.130,
2.266173430e-08,8.920916608e+00
1.166278962e-03,-8.829577253e-04,-5.021405444e-04,5.723473079e-03,7.486014948e-03,8.187330869e-03,1.224646368e-02,9.783940165e-03,2.768508175e-03,
2.001274069e-04,-3.496800788e-04,-1.687459748e-04,-3.432688101e-03,-1.084675108e-02,-1.931073563e-02,-1.901031041e-02,-9.732771100e-03,-2.049254180e-03,
1.589098872e-01
l,7.0,3.0
2.750,3.910,5.090,
6.791575939e-08,8.764232953e+00
2.805748023e-03,-2.241617915e-03,-9.794923011e-04,1.465173366e-02,2.129593393e-02,3.110565842e-02,4.756828244e-02,3.637059009e-02,1.004522738e-02,
4.892597135e-04,-8.544695662e-04,-4.272664855e-04,-8.583383001e-03,-2.746555518e-02,-4.957429098e-02,-4.956555317e-02,-2.582061058e-02,-5.536248965e-03,
1.588166767e-01
l,7.0,4.0
2.710,3.830,4.970,
1.732932888e-07,8.876187201e+00
7.410840131e-03,-5.783032990e-03,-2.950776718e-03,4.186973810e-02,5.972986595e-02,8.374400574e-02,1.370292514e-01,1.123354281e-01,3.284013469e-02,
1.377743933e-03,-2.402678055e-03,-1.276622064e-03,-2.509416251e-02,-8.246370197e-02,-1.530500765e-01,-1.579231713e-01,-8.508037503e-02,-1.889121911e-02,
1.589271116e-01
l,7.0,5.0
2.690,3.730,4.790,
1.544533874e-07,1.023249427e+01
2.125512995e-02,-1.827813596e-02,-2.910322133e-03,1.710197442e-01,3.367106739e-01,6.625630281e-01,1.038514361e+00,8.067500314e-01,2.330139189e-01,
4.307727770e-03,-7.512554910e-03,-6.144785517e-03,-1.054733026e-01,-3.853560100e-01,-7.799229723e-01,-8.730817896e-01,-5.091844300e-01,-1.217705221e-01,
1.587856888e-01
l,7.0,6.0
2.650,3.410,4.190,
2.004812959e-07,1.148861185e+01
8.589960635e-02,-2.687141009e-02,3.198672104e-03,2.597687002e+00,1.032697338e+01,2.315501127e+01,3.311475624e+01,2.666563445e+01,8.952929766e+00,
2.863414678e-02,-5.115378612e-02,-1.223352193e-01,-1.905440964e+00,-9.758321371e+00,-2.690154984e+01,-4.100335627e+01,-3.244138925e+01,-1.045102583e+01,
1.591435924e-01
l,7.0,7.0
2.610,3.190,3.770,
1.740481056e-07,1.360708472e+01
5.361719131e-01,-4.406992124e-01,-8.016460804e-01,3.488247509e+01,1.215143375e+02,1.218616067e+02,-5.608477737e+01,-1.687592937e+02,-7.641892784e+01,
1.616334277e-01,-3.555288305e-01,-1.091953959e+00,-2.300770586e+01,-1.527331106e+02,-5.578114054e+02,-1.130498458e+03,-1.196938516e+03,-5.210964599e+02,
1.591435557e-01
l,8.0,-8.0
2.450,3.690,4.950,
1.755938047e-11,9.487969913e+00
4.816561727e-07,-4.698810858e-07,-1.084293366e-07,1.337081270e-06,6.414085139e-07,2.213086593e-06,5.292254501e-06,4.027957939e-06,1.006872968e-06,
7.188478863e-08,-1.250595746e-07,-4.123520000e-08,-1.019891748e-06,-3.019772180e-06,-5.140414117e-06,-4.840419828e-06,-2.376737951e-06,-4.801772290e-07,
1.586003976e-01
l,8.0,-7.0
2.610,3.810,5.010,
9.063884158e-12,1.017896118e+01
8.781873930e-07,-7.564836473e-07,-2.276153288e-07,3.162634688e-06,6.741315411e-07,-2.742873315e-06,-7.574250818e-07,1.013103455e-06,4.264044076e-07,
1.478932192e-07,-2.576509842e-07,-1.435936906e-07,-2.657959049e-06,-8.405340912e-06,-1.494650015e-05,-1.470906116e-05,-7.543705846e-06,-1.590036652e-06,
1.588477024e-01
l,8.0,-6.0
2.770,3.930,5.130,
2.111470296e-11,9.386942405e+00
1.606515980e-06,-1.294348417e-06,-4.729966669e-07,8.816593657e-06,1.699865139e-05,3.130737339e-05,4.332657406e-05,2.976187026e-05,7.662730954e-06,
2.734941402e-07,-4.777426492e-07,-2.476837975e-07,-4.777060352e-06,-1.498686480e-05,-2.645915908e-05,-2.584906318e-05,-1.315154667e-05,-2.753591015e-06,
1.588165820e-01
l,8.0,-5.0
2.850,4.030,5.230,
3.476583763e-11,9.103631853e+00
3.025289061e-06,-2.222991301e-06,-1.333731489e-06,1.583616863e-05,2.607068233e-05,3.644278833e-05,4.896154844e-05,3.518479372e-05,9.428824852e-06,
5.239119901e-07,-9.171283890e-07,-4.904332241e-07,-9.284917685e-06,-2.917413381e-05,-5.152938041e-05,-5.036545086e-05,-2.560664569e-05,-5.355159408e-06,
1.589098462e-01
l,8.0,-4.0
2.930,4.130,5.330,
1.060004767e-11,1.055983349e+01
5.774234069e-06,-4.100244533e-06,-3.302097325e-06,2.251781763e-05,8.014421238e-06,-3.970516795e-05,-4.749730605e-05,-2.074943253e-05,-3.271547488e-06,
1.002465443e-06,-1.758452135e-06,-9.086247226e-07,-1.765180008e-05,-5.564162288e-05,-9.866301094e-05,-9.677907389e-05,-4.933655939e-05,-1.033997141e-05,
1.588785332e-01
l,8.0,-3.0
3.030,4.210,5.410,
8.533593163e-11,9.012567797e+00
1.136402989e-05,-7.693523764e-06,-5.808546012e-06,6.039337266e-05,9.444615984e-05,9.742958038e-05,1.131410173e-04,8.255201592e-05,2.289487956e-05,
1.987051113e-06,-3.491058042e-06,-1.860898300e-06,-3.557560876e-05,-1.126519405e-04,-2.004344092e-04,-1.971867940e-04,-1.007211996e-04,-2.113178089e-05,
1.589269907e-01
l,8.0,-2.0
3.090,4.290,5.490,
2.737441512e-11,1.044972683e+01
2.268402932e-05,-1.569634052e-05,-1.330568196e-05,9.650912427e-05,7.394389670e-05,-7.137464496e-05,-9.743143068e-05,-3.201444326e-05,-1.558547207e-06,
3.936171676e-06,-6.926094722e-06,-3.464526844e-06,-6.888848005e-05,-2.170425209e-04,-3.849359531e-04,-3.775463900e-04,-1.923168644e-04,-4.027076154e-05,
1.589095413e-01
l,8.0,-1.0
3.150,4.330,5.530,
6.833265357e-11,1.011576697e+01
4.737688869e-05,-3.012339815e-05,-2.768083178e-05,2.424284403e-04,3.414979527e-04,2.097985910e-04,1.716366744e-04,1.417779050e-04,4.459098634e-05,
8.364877398e-06,-1.472995572e-05,-8.083425291e-06,-1.517561537e-04,-4.807461324e-04,-8.551224997e-04,-8.411040849e-04,-4.292208826e-04,-8.992344856e-05,
1.588959361e-01
l,8.0,0.0
3.190,4.390,5.590,
1.325198428e-10,1.008947762e+01
9.916772251e-05,-6.839362817e-05,-5.418683244e-05,4.697116156e-04,5.530669517e-04,2.086115449e-04,1.845813276e-04,2.189496145e-04,7.677645571e-05,
1.716287110e-05,-3.025623741e-05,-1.529906155e-05,-3.031128833e-04,-9.572323527e-04,-1.701517845e-03,-1.672224824e-03,-8.532868008e-04,-1.789144196e-04,
1.589094879e-01
l,8.0,1.0
3.210,4.410,5.610,
2.779716200e-10,1.004612255e+01
2.175484988e-04,-1.477173143e-04,-1.218883262e-04,1.074259267e-03,1.473875378e-03,1.056457323e-03,1.115469932e-03,9.058992377e-04,2.695241091e-04,
3.778207080e-05,-6.663138616e-05,-3.386742307e-05,-6.669998087e-04,-2.101135834e-03,-3.724796698e-03,-3.651325703e-03,-1.858322512e-03,-3.887314613e-04,
1.589098055e-01
l,8.0,2.0
3.230,4.430,5.630,
8.996573267e-10,9.721004645e+00
4.867679090e-04,-3.518669656e-04,-2.392524500e-04,2.434404288e-03,3.456329449e-03,3.338595710e-03,4.149680123e-03,3.166442248e-03,8.879091562e-04,
8.315746821e-05,-1.467149728e-04,-6.853738308e-05,-1.431900783e-03,-4.514529343e-03,-8.028705360e-03,-7.892536504e-03,-4.029966758e-03,-8.460476920e-04,
1.588783844e-01
l,8.0,3.0
3.210,4.390,5.590,
1.187050292e-09,1.023102098e+01
1.166390954e-03,-7.675175593e-04,-6.785007090e-04,5.991678718e-03,8.418669646e-03,5.891828976e-03,5.956054660e-03,4.917481120e-03,1.500638602e-03,
2.035545225e-04,-3.589269720e-04,-1.933565126e-04,-3.676088330e-03,-1.161256920e-02,-2.061764227e-02,-2.024046664e-02,-1.031505748e-02,-2.160137973e-03,
1.589097879e-01
l,8.0,4.0
3.190,4.370,5.550,
4.597428332e-09,9.913836429e+00
2.838880057e-03,-2.074763830e-03,-1.411817267e-03,1.443131459e-02,1.860499544e-02,1.514687328e-02,2.070983072e-02,1.768749620e-02,5.283771612e-03,
4.980446353e-04,-8.778829455e-04,-4.444155922e-04,-8.886511322e-03,-2.838211829e-02,-5.112881712e-02,-5.101241724e-02,-2.648047255e-02,-5.656738854e-03,
1.588473944e-01
l,8.0,5.0
3.150,4.290,5.430,
1.078785060e-08,1.012386872e+01
7.555595133e-03,-5.524080448e-03,-3.874660753e-03,4.105540789e-02,5.074912673e-02,3.684450042e-02,5.682103037e-02,5.423366889e-02,1.732401368e-02,
1.404909185e-03,-2.473681850e-03,-1.338601726e-03,-2.612441090e-02,-8.570858518e-02,-1.588122051e-01,-1.635780341e-01,-8.787136502e-02,-1.945025925e-02,
1.589269674e-01
l,8.0,6.0
3.110,4.170,5.250,
2.361143964e-08,1.054014887e+01
2.220761031e-02,-1.699764974e-02,-9.201541893e-03,1.650575255e-01,2.759701285e-01,3.664980602e-01,5.394396929e-01,4.447371621e-01,1.354926014e-01,
4.407218263e-03,-7.763437664e-03,-5.938912216e-03,-1.049079907e-01,-3.771872325e-01,-7.508818571e-01,-8.250986770e-01,-4.712060708e-01,-1.103121287e-01,
1.588475231e-01
l,8.0,7.0
3.070,3.870,4.690,
9.457576164e-09,1.267259302e+01
8.706162125e-02,-2.326534234e-02,-9.268723961e-03,2.398453963e+00,9.450721599e+00,2.023991112e+01,2.699696358e+01,2.018659244e+01,6.317519878e+00,
2.752097478e-02,-4.954104528e-02,-1.148789734e-01,-1.764148807e+00,-8.735329691e+00,-2.314269151e+01,-3.371972071e+01,-2.540417107e+01,-7.772896173e+00,
1.591435557e-01
l,8.0,8.0
3.030,3.650,4.270,
9.057100719e-09,1.440315506e+01
5.122097731e-01,-3.435429145e-01,-6.900887120e-01,2.962846307e+01,1.181305658e+02,2.024372941e+02,1.963489786e+02,1.228773290e+02,4.325288062e+01,
1.525143100e-01,-3.268912777e-01,-9.591797950e-01,-1.946721624e+01,-1.236741461e+02,-4.278225407e+02,-8.161730304e+02,-8.090943898e+02,-3.282922800e+02,
1.591436162e-01
l,9.0,-9.0
2.790,4.050,5.310,
1.117723402e-15,1.633219614e+01
1.151004980e-07,-1.130455668e-07,-6.675936697e-08,-2.842717561e-07,-2.989888224e-06,-6.912116145e-06,-7.590369884e-06,-4.211837464e-06,-9.408948010e-07,
1.682867023e-08,-2.950770201e-08,-8.187742622e-09,-2.283971069e-07,-6.506624999e-07,-1.064656736e-06,-9.599572396e-07,-4.514429836e-07,-8.796142386e-08,
1.587856280e-01
l,9.0,-8.0
2.950,4.090,5.230,
1.828180916e-13,1.128876416e+01
2.214205068e-07,-1.328668146e-07,-2.366427624e-08,1.535814053e-06,2.014351699e-06,4.260027240e-07,-8.835746312e-07,-7.654965500e-07,-2.061120496e-07,
4.418816488e-08,-7.735305794e-08,-9.653189288e-08,-1.229010711e-06,-4.181692382e-06,-7.879190281e-06,-8.256561152e-06,-4.508803577e-06,-1.007380359e-06,
1.589269560e-01
l,9.0,-7.0
3.110,4.290,5.490,
4.125072921e-12,8.573919860e+00
3.764990026e-07,-2.894439818e-07,-1.386940327e-07,2.010196593e-06,3.350125025e-06,4.925878589e-06,6.654922709e-06,4.725983425e-06,1.253137578e-06,
6.381237900e-08,-1.122838263e-07,-5.386186449e-08,-1.105871646e-06,-3.498071638e-06,-6.238033178e-06,-6.148489603e-06,-3.150254846e-06,-6.634471948e-07,
1.588477024e-01
l,9.0,-6.0
3.230,4.390,5.590,
8.857029118e-13,1.006869832e+01
7.001565905e-07,-4.708883409e-07,-3.784802628e-07,3.958530858e-06,7.474359337e-06,1.031635381e-05,1.254041245e-05,8.609830559e-06,2.279993600e-06,
1.220524433e-07,-2.151603685e-07,-1.103613322e-07,-2.152084696e-06,-6.756690630e-06,-1.193202751e-05,-1.165359583e-05,-5.910228244e-06,-1.232602500e-06,
1.588958133e-01
l,9.0,-5.0
3.330,4.510,5.710,
1.402771850e-12,9.953107700e+00
1.301237944e-06,-8.744741973e-07,-7.091294519e-07,6.619395076e-06,9.052102283e-06,5.942673927e-06,5.776432233e-06,4.824518892e-06,1.482476160e-06,
2.252234235e-07,-3.978822975e-07,-1.931360424e-07,-3.950561799e-06,-1.253922886e-05,-2.241765286e-05,-2.214484468e-05,-1.134723134e-05,-2.387515011e-06,
1.589095621e-01
l,9.0,-4.0
3.430,4.610,5.790,
3.662238429e-12,9.466481620e+00
2.488890004e-06,-1.654178970e-06,-1.362441858e-06,1.361444452e-05,2.300708223e-05,2.500949715e-05,2.763178429e-05,1.930508249e-05,5.258313762e-06,
4.459022807e-07,-7.888152993e-07,-4.241177535e-07,-8.131107677e-06,-2.592076062e-05,-4.650674746e-05,-4.623263709e-05,-2.387906373e-05,-5.069928507e-06,
1.589267369e-01
l,9.0,-3.0
3.490,4.690,5.890,
2.431122514e-13,1.198928688e+01
4.895247002e-06,-3.142554657e-06,-3.519519449e-06,1.917966135e-05,8.666784255e-06,-4.135483900e-05,-5.976313266e-05,-3.247443999e-05,-6.618434109e-06,
8.518179127e-07,-1.509391421e-06,-7.007804011e-07,-1.467084889e-05,-4.607722446e-05,-8.159697424e-05,-7.988080384e-05,-4.055237248e-05,-8.462516906e-06,
1.589264662e-01
l,9.0,-2.0
3.550,4.750,5.950,
3.357643075e-13,1.209320346e+01
9.907897947e-06,-5.963977375e-06,-7.492363232e-06,4.204599982e-05,3.627975865e-05,-4.809459479e-05,-8.593239826e-05,-4.749731632e-05,-9.444488555e-06,
1.746432738e-06,-3.097610640e-06,-1.538081379e-06,-3.071634039e-05,-9.631093500e-05,-1.699519769e-04,-1.658226919e-04,-8.385270387e-05,-1.742369694e-05,
1.589266958e-01
l,9.0,-1.0
3.610,4.810,6.010,
1.216692637e-12,1.149623450e+01
2.035961916e-05,-1.232200733e-05,-1.445745004e-05,9.733086634e-05,1.311663948e-04,3.897733055e-05,-7.513717266e-06,4.391735780e-06,4.687632418e-06,
3.580230469e-06,-6.356199153e-06,-3.175298294e-06,-6.324073347e-05,-1.983675848e-04,-3.501590132e-04,-3.417304317e-04,-1.728384691e-04,-3.591737683e-05,
1.589262442e-01
l,9.0,0.0
3.650,4.850,6.050,
1.693178135e-12,1.173190758e+01
4.305534094e-05,-2.539834006e-05,-3.066897952e-05,2.027375670e-04,2.483346108e-04,-1.871577831e-05,-1.644564507e-04,-8.953083536e-05,-1.479299110e-05,
7.604364353e-06,-1.350891377e-05,-7.149583813e-06,-1.375751581e-04,-4.333503373e-04,-7.672446102e-04,-7.510263991e-04,-3.808945910e-04,-7.930812539e-05,
1.589266424e-01
l,9.0,1.0
3.690,4.890,6.090,
1.160043944e-11,1.077219689e+01
9.260600928e-05,-5.773668564e-05,-5.698810744e-05,4.918151269e-04,8.042044281e-04,6.794740851e-04,5.866106963e-04,3.947273899e-04,1.094998189e-04,
1.615083970e-05,-2.870926737e-05,-1.469010498e-05,-2.899518081e-04,-9.151321898e-04,-1.625264808e-03,-1.595361108e-03,-8.116585295e-04,-1.695505373e-04,
1.589260289e-01
l,9.0,2.0
3.690,4.890,6.110,
1.710728657e-11,1.105576595e+01
2.081979037e-04,-1.225218624e-04,-1.470785126e-04,1.060668462e-03,1.713378640e-03,1.237973885e-03,8.870694534e-04,6.025254338e-04,1.765133457e-04,
3.554373664e-05,-6.320200132e-05,-3.017870399e-05,-6.166765399e-04,-1.915578103e-03,-3.347803188e-03,-3.227074043e-03,-1.609370751e-03,-3.295231112e-04,
1.589265880e-01
l,9.0,3.0
3.690,4.890,6.110,
3.585265705e-11,1.113184279e+01
4.779621959e-04,-2.901315295e-04,-3.305473525e-04,2.396915713e-03,3.682744010e-03,2.438083418e-03,1.742064126e-03,1.281095364e-03,3.916680067e-04,
8.104652726e-05,-1.441200440e-04,-6.785735668e-05,-1.400880002e-03,-4.350759081e-03,-7.606675896e-03,-7.334910335e-03,-3.660759418e-03,-7.503876486e-04,
1.589087852e-01
l,9.0,4.0
3.690,4.890,6.090,
1.073061196e-10,1.100339305e+01
1.124372007e-03,-7.723016685e-04,-6.570514066e-04,5.530406900e-03,7.528975255e-03,4.928591686e-03,4.883894790e-03,4.099860589e-03,1.255133138e-03,
1.915465363e-04,-3.405550066e-04,-1.542637643e-04,-3.303265515e-03,-1.038762012e-02,-1.844562006e-02,-1.809902911e-02,-9.214685598e-03,-1.929164248e-03,
1.589266230e-01
l,9.0,5.0
3.650,4.830,6.010,
2.592446669e-10,1.110800909e+01
2.843484981e-03,-1.889523679e-03,-1.682956805e-03,1.497576016e-02,2.125397532e-02,1.403990600e-02,1.295665551e-02,1.079731047e-02,3.368878690e-03,
5.035043754e-04,-8.944135684e-04,-4.797826117e-04,-9.272967674e-03,-2.960684804e-02,-5.325020256e-02,-5.303902441e-02,-2.744610919e-02,-5.840275311e-03,
1.588776498e-01
l,9.0,6.0
3.610,4.750,5.890,
6.589106524e-10,1.126287586e+01
7.624759804e-03,-5.210478571e-03,-4.440885560e-03,4.266459597e-02,5.838723482e-02,3.724541429e-02,4.065095601e-02,3.804264675e-02,1.252670780e-02,
1.422339220e-03,-2.524529109e-03,-1.408647221e-03,-2.705407209e-02,-8.866635386e-02,-1.640426932e-01,-1.686947380e-01,-9.037182741e-02,-1.993881330e-02,
1.589267517e-01
l,9.0,7.0
3.550,4.630,5.710,
1.697870885e-09,1.152488787e+01
2.254107967e-02,-1.640772512e-02,-1.086093013e-02,1.654746151e-01,2.728626388e-01,2.877327364e-01,3.582417689e-01,2.898747066e-01,8.884170378e-02,
4.474495587e-03,-7.947537832e-03,-6.104190485e-03,-1.079062098e-01,-3.875631605e-01,-7.707766746e-01,-8.460867756e-01,-4.823083337e-01,-1.126646105e-01,
1.589091075e-01
l,9.0,8.0
3.490,4.330,5.190,
3.171108143e-09,1.221333970e+01
8.733844012e-02,-2.066334006e-02,-6.283955360e-02,1.682409608e+00,5.926365013e+00,1.073563703e+01,1.258491192e+01,8.795595828e+00,2.678671140e+00,
2.617198781e-02,-4.738679235e-02,-7.647593170e-02,-1.169924302e+00,-5.236535825e+00,-1.283048912e+01,-1.751983267e+01,-1.244844659e+01,-3.615269747e+00,
1.591436162e-01
l,9.0,9.0
3.470,4.090,4.750,
1.265767313e-10,1.628792084e+01
4.943257868e-01,-1.568366772e-01,-5.925691477e-01,2.934673444e+01,1.459515020e+02,3.492707219e+02,5.012238994e+02,4.155961156e+02,1.515066878e+02,
1.489212886e-01,-3.147818093e-01,-1.013792951e+00,-1.919499889e+01,-1.173363243e+02,-3.857207469e+02,-6.948303513e+02,-6.464600674e+02,-2.448334669e+02,
1.591435881e-01
