l,1.0,-1.0
0.170,1.170,2.170,
2.019636142e-01,2.521704141e+00
8.884822018e-03,-8.726799389e-03,1.231526330e-02,9.485221479e-02,3.712667454e-01,9.071991757e-01,1.252600340e+00,9.475898720e-01,2.981630478e-01,
2.325199355e-03,-3.673041106e-03,-4.321928234e-03,-6.001622324e-02,-2.329619291e-01,-4.946825821e-01,-5.857094066e-01,-3.631081201e-01,-9.192708097e-02,
1.589580539e-01
l,1.0,0.0
0.190,0.370,0.590,
4.201349761e+00,3.559890336e+00
4.364319891e-02,1.207885322e-01,6.781856388e+00,3.183846758e+02,6.521949152e+03,7.173776122e+04,4.318104009e+05,1.338652266e+06,1.673399424e+06,
4.071214065e-02,-4.929184774e-02,-4.768895595e+00,-2.429440824e+02,-5.164142595e+03,-5.502819744e+04,-3.108547304e+05,-8.910007559e+05,-1.021620072e+06,
1.591435881e-01
l,1.0,1.0
0.230,0.330,0.450,
1.487839687e+13,2.052651913e+01
5.860189795e-01,-9.727101802e+00,1.004012178e+03,9.014931572e+04,3.251132112e+06,4.696358707e+07,2.831454295e+08,5.889456128e+08,0.000000000e+00,
2.015592383e-01,-1.110416785e+00,-2.378300254e+01,-1.720681969e+03,-4.139941841e+04,-5.220227140e+05,-3.242466155e+06,-8.085795249e+06,0.000000000e+00,
1.591435800e-01
l,2.0,-2.0
0.390,1.510,2.650,
2.195219172e-02,3.555113649e+00
2.891035983e-03,-3.010275250e-03,2.212008522e-03,1.091231112e-02,1.986315928e-02,2.391684707e-02,6.553516625e-03,-1.309485072e-03,8.602983860e-04,
5.808138152e-04,-9.596624485e-04,-7.034451338e-04,-1.085739579e-02,-3.629796543e-02,-6.745888218e-02,-6.991632894e-02,-3.794227465e-02,-8.418025534e-03,
1.588478876e-01
l,2.0,-1.0
0.450,1.310,2.190,
3.985212765e-02,3.816788733e+00
7.463636808e-03,-4.918867381e-03,5.800534271e-02,4.853800175e-01,1.914188927e+00,4.318300073e+00,5.347325035e+00,3.434124344e+00,9.085981382e-01,
2.253684549e-03,-3.568324974e-03,-6.099083569e-03,-8.861199316e-02,-4.077980599e-01,-1.024126268e+00,-1.438614902e+00,-1.063922794e+00,-3.231163444e-01,
1.590201711e-01
l,2.0,0.0
0.470,1.470,2.530,
1.153175201e-01,4.263821746e+00
1.118671987e-02,-1.341607835e-02,1.373137733e-02,4.093887758e-02,3.455495022e-02,-1.041219453e-01,-3.235787295e-01,-2.141875504e-01,-2.207018429e-02,
2.397012609e-03,-3.939887986e-03,-3.845566053e-03,-5.742502299e-02,-2.121920497e-01,-4.300052995e-01,-4.827603084e-01,-2.830780941e-01,-6.767043759e-02,
1.588478945e-01
l,2.0,1.0
0.430,0.710,1.010,
1.913193878e+00,5.923505810e+00
6.821051240e-02,6.630658920e-02,2.078023469e+00,6.978736903e+01,8.344353300e+02,5.702006138e+03,2.244996489e+04,4.663762298e+04,3.946848978e+04,
4.996896464e-02,-8.328991179e-02,-1.766506198e+00,-5.411783768e+01,-7.242267879e+02,-5.174968578e+03,-2.050234579e+04,-4.239034270e+04,-3.570242358e+04,
1.591435800e-01
l,2.0,2.0
0.470,0.630,0.790,
0.000000000e+00,0.000000000e+00
9.241873026e-01,-1.145342675e+01,3.174670968e+02,1.466749410e+04,4.982506939e+05,6.308711811e+06,2.357415644e+07,-4.931723726e+07,-3.334517405e+08,
2.676353407e-01,-1.358419452e+00,-4.013975296e+01,-2.682862641e+03,-6.789036036e+04,-9.239552390e+05,-6.900207296e+06,-2.681118661e+07,-4.218376295e+07,
1.591444666e-01
l,3.0,-3.0
0.590,1.790,2.990,
2.621204265e-03,4.633985606e+00
1.027846010e-03,-1.131273070e-03,6.467888578e-04,2.274264695e-03,-2.883715718e-04,-9.154788165e-03,-2.192571419e-02,-1.822078003e-02,-4.921161959e-03,
1.788202022e-04,-3.027693110e-04,-1.906359448e-04,-3.153540082e-03,-1.004432179e-02,-1.782580746e-02,-1.755314917e-02,-9.031487477e-03,-1.899042795e-03,
1.587546118e-01
l,3.0,-2.0
0.690,1.670,2.690,
3.185634532e-03,5.019961423e+00
2.335027093e-03,-1.490453051e-03,1.728633365e-02,1.278458525e-01,4.440722982e-01,8.957267077e-01,9.953277861e-01,5.669652444e-01,1.304545580e-01,
5.439866257e-04,-9.017477485e-04,-9.332153701e-04,-1.443837532e-02,-5.734356891e-02,-1.266292055e-01,-1.572219777e-01,-1.032091916e-01,-2.792256288e-02,
1.589581023e-01
l,3.0,-1.0
0.710,1.870,3.030,
6.077279246e-03,5.956351255e+00
3.210768104e-03,-3.881026225e-03,2.540218766e-03,3.664598686e-03,-2.396071777e-02,-1.012000144e-01,-1.943885728e-01,-1.585126819e-01,-4.519716107e-02,
5.642471817e-04,-9.587566539e-04,-5.874019054e-04,-1.016363904e-02,-3.333490086e-02,-6.126004281e-02,-6.256158239e-02,-3.346664681e-02,-7.323184418e-03,
1.587545462e-01
l,3.0,0.0
0.730,1.650,2.570,
1.259447122e-02,6.343607989e+00
8.479304612e-03,-9.220122101e-03,4.163539455e-03,5.619688534e-02,1.516098588e-01,3.432259946e-01,2.382473683e-01,-9.513676696e-02,-1.070652474e-01,
2.246686467e-03,-3.704496633e-03,-4.893668041e-03,-7.206214682e-02,-2.918996170e-01,-6.405184461e-01,-7.798980569e-01,-4.976129901e-01,-1.303208446e-01,
1.590202264e-01
l,3.0,1.0
0.710,1.770,2.850,
3.011057984e-02,6.049163281e+00
1.350506954e-02,-1.782778363e-02,1.361277263e-02,-2.873661282e-02,-4.415530345e-01,-1.609178122e+00,-2.837541223e+00,-2.248595934e+00,-6.462812009e-01,
2.590281608e-03,-4.371262535e-03,-4.136470858e-03,-6.332637789e-02,-2.302245421e-01,-4.602351646e-01,-5.078681531e-01,-2.923926136e-01,-6.859227820e-02,
1.587235925e-01
l,3.0,2.0
0.710,1.030,1.390,
2.370062876e-01,7.631970111e+00
8.664847910e-02,6.631366861e-02,2.057072317e+00,6.703194695e+01,7.394017152e+02,4.537596766e+03,1.582989843e+04,2.898058385e+04,2.156120278e+04,
5.587548919e-02,-1.016581297e-01,-1.785509630e+00,-5.086205415e+01,-6.044933855e+02,-3.742105045e+03,-1.260232803e+04,-2.186417317e+04,-1.532199778e+04,
1.591435938e-01
l,3.0,3.0
0.790,0.930,1.130,
5.757226173e+01,1.568464747e+01
1.175873995e+00,-1.209385599e+01,2.323759091e+02,1.017732500e+04,3.565954456e+05,5.814826984e+06,4.379690532e+07,1.544970977e+08,2.084743823e+08,
3.028103799e-01,-1.379222982e+00,-3.876445679e+01,-2.311397225e+03,-5.115682062e+04,-5.863083928e+05,-3.600343972e+06,-1.131828363e+07,-1.428248803e+07,
1.591444907e-01
l,4.0,-4.0
0.830,2.050,3.270,
2.866578895e-04,6.131980031e+00
3.752385965e-04,-4.310031471e-04,2.574041604e-04,8.748068666e-04,-3.455268471e-05,-3.231580431e-03,-8.281372314e-03,-7.267105701e-03,-2.076113921e-03,
6.030938079e-05,-1.038080750e-04,-6.144403047e-05,-1.065297383e-03,-3.368745877e-03,-5.954412071e-03,-5.819597767e-03,-2.966697413e-03,-6.173969528e-04,
1.586616542e-01
l,4.0,-3.0
0.930,1.970,3.030,
2.662309021e-04,7.538397575e+00
7.928112173e-04,-1.115655870e-03,-5.015589216e-03,-3.255885296e-02,-1.187050353e-01,-2.262773559e-01,-2.475849767e-01,-1.471290206e-01,-3.636581932e-02,
1.672774108e-04,-2.839542465e-04,-1.849773628e-04,-2.817655769e-03,-7.129344104e-03,-6.797642468e-03,2.281932804e-03,7.700911994e-03,3.402283173e-03,
1.589271337e-01
l,4.0,-2.0
0.990,2.170,3.370,
2.723712675e-04,7.701765764e+00
1.077829977e-03,-1.314094295e-03,9.419003540e-04,4.411989393e-03,8.712188548e-03,1.260808237e-02,-1.365796685e-03,-1.242286265e-02,-5.419533024e-03,
1.712683568e-04,-2.964222422e-04,-1.718628308e-04,-3.062169018e-03,-9.773738033e-03,-1.751354242e-02,-1.736774182e-02,-9.003840159e-03,-1.908954067e-03,
1.586616650e-01
l,4.0,-1.0
1.030,2.050,3.070,
3.678113131e-04,6.915705361e+00
2.396279015e-03,-2.669737939e-03,-5.576072008e-04,8.453749583e-03,3.178541944e-02,1.152733113e-01,1.678921791e-01,1.019878965e-01,2.204293151e-02,
5.278035504e-04,-8.990042034e-04,-6.510417462e-04,-1.037115033e-02,-3.268208368e-02,-5.560308762e-02,-5.132435894e-02,-2.417796616e-02,-4.578630015e-03,
1.589581084e-01
l,4.0,0.0
1.050,2.210,3.370,
5.905298443e-04,8.597745990e+00
3.517017933e-03,-4.514487523e-03,3.413546224e-03,1.176115690e-02,1.307624262e-02,-4.827394269e-03,-8.104332206e-02,-1.008200263e-01,-3.519758287e-02,
5.783000227e-04,-1.001783463e-03,-5.937765603e-04,-1.067398090e-02,-3.489525782e-02,-6.427474682e-02,-6.567748765e-02,-3.516867697e-02,-7.710909043e-03,
1.586616718e-01
l,4.0,1.0
1.030,1.970,2.910,
1.406456211e-03,7.441537434e+00
9.496718645e-03,-9.757514379e-03,1.902604725e-02,1.990981647e-01,7.643026844e-01,1.913662287e+00,2.507062274e+00,1.574395356e+00,3.785783045e-01,
2.344346175e-03,-3.970060180e-03,-6.331160673e-03,-9.901579741e-02,-4.472992115e-01,-1.075887524e+00,-1.411819663e+00,-9.566205390e-01,-2.624334168e-01,
1.589891475e-01
l,4.0,2.0
0.990,2.070,3.170,
4.412530086e-03,1.042515685e+01
1.580649987e-02,-2.200731889e-02,1.763530363e-02,-7.849926940e-03,-3.606891904e-01,-1.446043841e+00,-2.836773580e+00,-2.452534495e+00,-7.572778303e-01,
2.764970866e-03,-4.762714489e-03,-4.277366823e-03,-6.754404138e-02,-2.411348952e-01,-4.747797538e-01,-5.146562519e-01,-2.908369853e-01,-6.695732334e-02,
1.586625477e-01
l,4.0,3.0
0.990,1.370,1.770,
2.178347959e-02,9.183438977e+00
1.018372998e-01,2.572546669e-02,1.728070914e+00,5.432907078e+01,5.394651113e+02,2.927525101e+03,8.872146841e+03,1.393272412e+04,8.820254853e+03,
5.829659009e-02,-1.096751364e-01,-1.555131991e+00,-4.310342153e+01,-4.807405624e+02,-2.745755594e+03,-8.424978871e+03,-1.321228394e+04,-8.328245001e+03,
1.591436178e-01
l,4.0,4.0
1.070,1.230,1.470,
3.709784981e-01,1.765785018e+01
1.366284013e+00,-1.177548959e+01,1.405709620e+02,4.367152573e+03,1.246495728e+05,1.977507080e+06,1.429068937e+07,4.747588197e+07,5.963837620e+07,
3.211337452e-01,-1.325903874e+00,-3.419850221e+01,-1.896393604e+03,-3.801153193e+04,-3.799802050e+05,-1.989656502e+06,-5.260408002e+06,-5.542352489e+06,
1.591435862e-01
l,5.0,-5.0
1.070,2.290,3.530,
2.123381716e-05,7.598470904e+00
1.398785971e-04,-1.660293258e-04,9.249174575e-05,3.339806341e-04,8.869658583e-05,-7.657936003e-04,-2.535368054e-03,-2.482325764e-03,-7.600583861e-04,
2.091987108e-05,-3.647638028e-05,-1.903237792e-05,-3.576184280e-04,-1.111543229e-03,-1.937497067e-03,-1.861634527e-03,-9.322087367e-04,-1.906402973e-04,
1.586314819e-01
l,5.0,-4.0
1.190,2.250,3.330,
1.630558782e-05,7.169886766e+00
2.757546899e-04,-2.350208644e-04,1.204589226e-03,9.433786246e-03,3.201184648e-02,6.445940698e-02,7.078342759e-02,3.908126847e-02,8.543683185e-03,
5.446784086e-05,-9.405192406e-05,-1.039365840e-04,-1.737480421e-03,-7.407931504e-03,-1.725454110e-02,-2.190739032e-02,-1.422178867e-02,-3.690753184e-03,
1.589099510e-01
l,5.0,-3.0
1.270,2.470,3.670,
1.103938594e-05,8.620182951e+00
3.637250047e-04,-4.576722766e-04,3.407163991e-04,2.059188396e-03,6.168292028e-03,1.346542645e-02,1.255338104e-02,4.498666360e-03,3.703461121e-04,
5.525698190e-05,-9.695096006e-05,-4.987211361e-05,-9.656536383e-04,-3.047729572e-03,-5.434407797e-03,-5.360531380e-03,-2.767421066e-03,-5.854178175e-04,
1.586315516e-01
l,5.0,-2.0
1.330,2.370,3.430,
2.090967954e-05,6.841521592e+00
7.647605962e-04,-8.516861972e-04,-7.259505455e-04,-1.252326457e-03,-5.810797067e-03,5.450239670e-03,2.450962787e-02,2.099444913e-02,5.784673497e-03,
1.546096911e-04,-2.683813423e-04,-1.612225594e-04,-2.750170133e-03,-7.941619378e-03,-1.209653794e-02,-9.533785401e-03,-3.514769730e-03,-4.338699182e-04,
1.589271164e-01
l,5.0,-1.0
1.350,2.530,3.730,
1.409716253e-05,9.361583737e+00
1.116778003e-03,-1.401683902e-03,1.015756614e-03,7.170683040e-03,2.266208050e-02,5.396428069e-02,5.781035975e-02,2.630768395e-02,4.014859085e-03,
1.678524612e-04,-2.953049026e-04,-1.627533150e-04,-3.036738589e-03,-9.597786786e-03,-1.712158635e-02,-1.688598948e-02,-8.717423192e-03,-1.845516695e-03,
1.586624869e-01
l,5.0,0.0
1.370,2.390,3.430,
3.923948351e-05,7.667349918e+00
2.508718986e-03,-2.431036033e-03,4.090994070e-03,4.448925113e-02,1.545061757e-01,3.674407399e-01,4.789057308e-01,3.059668922e-01,7.594545370e-02,
5.220053300e-04,-9.068431505e-04,-1.022617848e-03,-1.681719073e-02,-6.874448835e-02,-1.509511284e-01,-1.808955774e-01,-1.119479687e-01,-2.807784344e-02,
1.589271232e-01
l,5.0,1.0
1.370,2.530,3.710,
3.492367408e-05,1.029611381e+01
3.854861017e-03,-5.043125940e-03,4.047277981e-03,2.424461098e-02,7.561801885e-02,1.714252517e-01,1.606034656e-01,5.322352553e-02,1.783681643e-03,
5.867910670e-04,-1.032349421e-03,-5.296847281e-04,-1.046807018e-02,-3.355786126e-02,-6.095596409e-02,-6.126828649e-02,-3.226408619e-02,-6.965553743e-03,
1.586005564e-01
l,5.0,2.0
1.350,2.290,3.250,
1.693119631e-04,8.257060572e+00
1.038085017e-02,-1.098902984e-02,1.159686913e-02,1.590577034e-01,6.033619068e-01,1.651679534e+00,2.371311178e+00,1.616256429e+00,4.207583229e-01,
2.412939038e-03,-4.171026591e-03,-5.923063008e-03,-8.951115431e-02,-3.741797817e-01,-8.472093175e-01,-1.056180274e+00,-6.843776495e-01,-1.806165246e-01,
1.589581148e-01
l,5.0,3.0
1.290,2.390,3.490,
1.714553980e-04,1.291398865e+01
1.754895039e-02,-2.536737378e-02,2.363755461e-02,4.923074728e-02,-4.478118058e-02,-5.432095248e-01,-1.588488179e+00,-1.628556644e+00,-5.470759483e-01,
2.920806612e-03,-5.114327558e-03,-4.080579541e-03,-6.958569651e-02,-2.478875717e-01,-4.895645107e-01,-5.318739783e-01,-3.013010363e-01,-6.955546013e-02,
1.585696779e-01
l,5.0,4.0
1.270,1.690,2.130,
1.823638453e-03,1.024402692e+01
1.146681011e-01,1.079851775e-02,6.672579854e-01,2.494129455e+01,1.904322707e+02,8.395803670e+02,2.228774751e+03,3.194621997e+03,1.878685293e+03,
6.068242105e-02,-1.165216594e-01,-8.543224165e-01,-1.909577807e+01,-1.718641245e+02,-8.314407270e+02,-2.237354712e+03,-3.143927555e+03,-1.802100420e+03,
1.591435862e-01
l,5.0,5.0
1.290,1.530,1.810,
3.280174251e-03,1.934615926e+01
1.509996057e+00,-1.113448501e+01,6.435490806e+01,1.225320919e+03,1.943126063e+04,3.549003953e+05,2.626141276e+06,8.217761675e+06,9.327198867e+06,
3.294046962e-01,-1.249158874e+00,-9.345582763e+00,-4.044164598e+02,-5.530554951e+03,-4.246380684e+04,-1.811026655e+05,-4.088037895e+05,-3.782431070e+05,
1.591435798e-01
l,6.0,-6.0
1.310,2.530,3.770,
1.203951325e-06,8.935101325e+00
5.183583926e-05,-6.316913258e-05,3.626973822e-05,1.497853134e-04,1.576570459e-04,7.280336933e-05,-4.824199841e-04,-6.651925654e-04,-2.312987004e-04,
7.476510305e-06,-1.317067531e-05,-6.490503432e-06,-1.281884409e-04,-3.982879180e-04,-6.964958963e-04,-6.706083262e-04,-3.364565677e-04,-6.896051924e-05,
1.586005127e-01
l,6.0,-5.0
1.430,2.510,3.590,
6.574416927e-07,9.405161470e+00
9.782829147e-05,-7.094367097e-05,5.678529088e-04,3.760195270e-03,1.093388845e-02,1.921353396e-02,1.884049836e-02,9.292664070e-03,1.784516404e-03,
1.887226224e-05,-3.299530989e-05,-4.445832336e-05,-7.423181239e-04,-3.357506840e-03,-8.155096465e-03,-1.067410977e-02,-7.084737654e-03,-1.868312254e-03,
1.589099093e-01
l,6.0,-4.0
1.530,2.710,3.910,
6.460881712e-07,8.983495422e+00
1.321104064e-04,-1.633405028e-04,1.067448696e-04,8.548043689e-04,2.717846748e-03,6.677804032e-03,7.652943813e-03,3.892721771e-03,7.206940681e-04,
1.969945568e-05,-3.489057048e-05,-1.879591938e-05,-3.559740398e-04,-1.115912876e-03,-1.978958251e-03,-1.941801784e-03,-9.980911029e-04,-2.107045577e-04,
1.586004783e-01
l,6.0,-3.0
1.610,2.670,3.730,
2.426589537e-07,1.100134833e+01
2.517983085e-04,-2.482066859e-04,2.392018006e-04,2.441237991e-03,5.789952007e-03,1.267002929e-02,1.618440454e-02,9.657972077e-03,2.120304880e-03,
4.982177104e-05,-8.763190180e-05,-9.413323911e-05,-1.585449904e-03,-6.414036511e-03,-1.390595260e-02,-1.639967673e-02,-9.965555607e-03,-2.450939738e-03,
1.589271337e-01
l,6.0,-2.0
1.670,2.850,4.030,
6.000452715e-07,9.512242851e+00
3.570920089e-04,-4.494877771e-04,3.258604918e-04,2.638687668e-03,8.786399809e-03,2.187073259e-02,2.588582890e-02,1.389092404e-02,2.777999188e-03,
5.372874179e-05,-9.557619818e-05,-4.743731206e-05,-9.728136392e-04,-3.120592486e-03,-5.681218907e-03,-5.720988710e-03,-3.016368017e-03,-6.526685232e-04,
1.586315227e-01
l,6.0,-1.0
1.690,2.730,3.790,
2.616489282e-06,7.428618773e+00
7.573466282e-04,-7.423775865e-04,9.677906362e-05,5.231092123e-03,1.238822019e-02,3.429716673e-02,5.444063075e-02,3.921509373e-02,1.047377189e-02,
1.512700941e-04,-2.667634107e-04,-1.636099546e-04,-3.030356209e-03,-1.052871330e-02,-2.078705551e-02,-2.299711781e-02,-1.336679218e-02,-3.202586730e-03,
1.589270680e-01
l,6.0,0.0
1.710,2.890,4.070,
1.193557441e-06,9.824666728e+00
1.129403012e-03,-1.428126511e-03,1.006344634e-03,8.418702310e-03,2.829600284e-02,7.217222795e-02,8.748128349e-02,4.805164997e-02,9.845632718e-03,
1.688201726e-04,-3.007807931e-04,-1.516538443e-04,-3.074846786e-03,-9.827992814e-03,-1.783971527e-02,-1.791424894e-02,-9.424326669e-03,-2.036352427e-03,
1.586005645e-01
l,6.0,1.0
1.710,2.730,3.770,
2.599313898e-06,9.591974692e+00
2.584330039e-03,-2.530876987e-03,1.415124858e-03,2.639214960e-02,7.488327385e-02,1.877277195e-01,2.688197083e-01,1.822162952e-01,4.660140140e-02,
5.290297717e-04,-9.328760705e-04,-9.420968934e-04,-1.473730490e-02,-5.517312370e-02,-1.141383721e-01,-1.309655715e-01,-7.846195705e-02,-1.924109523e-02,
1.589271151e-01
l,6.0,2.0
1.690,2.850,4.030,
3.211980437e-06,1.076772153e+01
4.145999905e-03,-5.423947566e-03,4.271188358e-03,3.198505999e-02,1.112458639e-01,2.804389432e-01,3.263555045e-01,1.687505768e-01,3.173479781e-02,
6.119385425e-04,-1.089639746e-03,-5.366563660e-04,-1.106679138e-02,-3.541941372e-02,-6.444728891e-02,-6.484694166e-02,-3.419195082e-02,-7.400308328e-03,
1.585696539e-01
l,6.0,3.0
1.650,2.630,3.610,
1.804920427e-05,9.416917731e+00
1.090145018e-02,-1.194122318e-02,9.414703541e-03,1.389238091e-01,4.959049111e-01,1.384414122e+00,2.030327403e+00,1.399258412e+00,3.659067601e-01,
2.372049286e-03,-4.170546238e-03,-3.829101586e-03,-6.472660071e-02,-2.514783460e-01,-5.442322676e-01,-6.565543335e-01,-4.153640067e-01,-1.078703594e-01,
1.589581934e-01
l,6.0,4.0
1.590,2.690,3.790,
6.394368235e-06,1.440683288e+01
1.970431954e-02,-2.890894437e-02,3.008691473e-02,1.310583835e-01,3.970658477e-01,7.385047876e-01,2.023675017e-01,-4.571320565e-01,-2.564279420e-01,
3.170639435e-03,-5.623696760e-03,-4.269214052e-03,-7.570713026e-02,-2.689537728e-01,-5.314271308e-01,-5.774560945e-01,-3.273039698e-01,-7.565371704e-02,
1.585077050e-01
l,6.0,5.0
1.550,1.990,2.470,
1.393658536e-04,1.151583342e+01
1.260229051e-01,4.089795815e-02,7.128303312e-01,2.652531071e+01,2.017783963e+02,8.504746529e+02,2.118455800e+03,2.846092758e+03,1.575144244e+03,
6.399676309e-02,-1.249189657e-01,-9.345674518e-01,-1.994466583e+01,-1.692858037e+02,-7.638634295e+02,-1.900986517e+03,-2.455383643e+03,-1.288206133e+03,
1.591435798e-01
l,6.0,6.0
1.590,1.830,2.130,
1.961059642e-05,2.209575789e+01
1.617007971e+00,-9.903807934e+00,4.136423817e+00,-1.049564150e+03,-3.227892725e+04,-2.240805338e+05,-5.618604400e+05,-2.301563753e+05,6.627599789e+05,
3.560664168e-01,-1.312593818e+00,-1.106270642e+01,-4.382736480e+02,-5.738560229e+03,-4.158651926e+04,-1.666864931e+05,-3.518947840e+05,-3.046551129e+05,
1.591436027e-01
l,7.0,-7.0
1.550,2.770,3.990,
5.910664939e-08,1.011406445e+01
1.906822035e-05,-2.366418594e-05,1.520964725e-05,7.239596413e-05,1.291849100e-04,2.088606554e-04,5.454647802e-05,-1.081906150e-04,-5.520240869e-05,
2.757501355e-06,-4.897918683e-06,-2.682383643e-06,-5.051366741e-05,-1.591342820e-04,-2.829927429e-04,-2.776488995e-04,-1.421191398e-04,-2.973281159e-05,
1.585695011e-01
l,7.0,-6.0
1.670,2.750,3.830,
4.181501933e-09,1.432732749e+01
3.531351103e-05,-3.941001905e-05,-7.333610675e-05,-5.821687941e-04,-2.997565551e-03,-6.691783242e-03,-8.038643254e-03,-5.079866531e-03,-1.309160088e-03,
6.738876198e-06,-1.189923669e-05,-7.132785048e-06,-1.237341777e-04,-3.535917249e-04,-5.328725616e-04,-4.165847883e-04,-1.541109608e-04,-1.987360975e-05,
1.589098622e-01
l,7.0,-5.0
1.790,2.970,4.150,
1.809616744e-08,1.073899115e+01
4.650291885e-05,-5.732076063e-05,3.298800559e-05,2.886985727e-04,8.599999292e-04,2.214221207e-03,2.706422988e-03,1.473108339e-03,2.948579414e-04,
6.998183666e-06,-1.249799792e-05,-6.432740403e-06,-1.285949484e-04,-4.091703376e-04,-7.387757402e-04,-7.381985362e-04,-3.863899050e-04,-8.312340797e-05,
1.586005052e-01
l,7.0,-4.0
1.890,2.930,3.990,
3.108386480e-09,1.341928436e+01
8.659470041e-05,-8.305670329e-05,6.864456244e-05,1.064038369e-03,2.799288198e-03,5.386244637e-03,5.974429197e-03,3.094249902e-03,5.526205611e-04,
1.712676532e-05,-3.042162503e-05,-1.639618141e-05,-3.273998865e-04,-1.137330749e-03,-2.265990043e-03,-2.538677483e-03,-1.497270997e-03,-3.645429947e-04,
1.589098823e-01
l,7.0,-3.0
1.950,3.110,4.290,
7.830265925e-08,8.556574113e+00
1.231759961e-04,-1.483980802e-04,8.841042655e-05,1.038200652e-03,3.565173548e-03,9.399257261e-03,1.235502185e-02,7.533135749e-03,1.740156639e-03,
1.838582806e-05,-3.298028662e-05,-1.508948016e-05,-3.289105412e-04,-1.049066974e-03,-1.905434946e-03,-1.914367046e-03,-1.007319613e-03,-2.180569096e-04,
1.586625098e-01
l,7.0,-2.0
2.010,3.050,4.090,
2.209524131e-08,1.077253564e+01
2.372908930e-04,-2.307995171e-04,3.999071229e-05,2.499916833e-03,8.488878915e-03,2.185692512e-02,3.114174000e-02,2.126165887e-02,5.530180921e-03,
4.836485523e-05,-8.620967927e-05,-8.594884123e-05,-1.323597827e-03,-4.803134975e-03,-9.625793455e-03,-1.069062670e-02,-6.196003493e-03,-1.472605969e-03,
1.588960704e-01
l,7.0,-1.0
2.050,3.210,4.370,
9.408829094e-08,9.287921688e+00
3.522952902e-04,-4.319692099e-04,2.392129417e-04,2.609074152e-03,8.402324112e-03,2.256225816e-02,2.985095170e-02,1.806677675e-02,4.111135315e-03,
5.373478582e-05,-9.662363989e-05,-4.622242600e-05,-9.881172870e-04,-3.176479354e-03,-5.817603284e-03,-5.904092311e-03,-3.142941877e-03,-6.890847842e-04,
1.586624869e-01
l,7.0,0.0
2.070,3.130,4.190,
1.225176364e-07,9.584624367e+00
7.120604860e-04,-7.235504252e-04,2.693106363e-04,5.953963289e-03,1.546225728e-02,4.014841684e-02,6.011478373e-02,4.202091578e-02,1.101566990e-02,
1.365474760e-04,-2.442269178e-04,-1.929710155e-04,-3.387350598e-03,-1.237236637e-02,-2.513882571e-02,-2.831138916e-02,-1.664605465e-02,-4.010288702e-03,
1.589271232e-01
l,7.0,1.0
2.070,3.230,4.410,
2.337875353e-07,9.541287309e+00
1.153385965e-03,-1.435087697e-03,8.517582995e-04,8.941927219e-03,3.005265931e-02,8.060597765e-02,1.057734443e-01,6.365794525e-02,1.443562010e-02,
1.686747957e-04,-3.037099986e-04,-1.292460041e-04,-2.973500596e-03,-9.460272310e-03,-1.718387646e-02,-1.725553585e-02,-9.078700141e-03,-1.965530085e-03,
1.586005564e-01
l,7.0,2.0
2.050,3.090,4.150,
4.888872859e-07,9.556198123e+00
2.577600069e-03,-2.601107561e-03,1.185195225e-03,2.604260667e-02,7.555885229e-02,1.903291430e-01,2.740962267e-01,1.879327059e-01,4.884994432e-02,
4.950660093e-04,-8.848768539e-04,-7.178363293e-04,-1.248135763e-02,-4.571185051e-02,-9.287350154e-02,-1.044250652e-01,-6.124553336e-02,-1.471382097e-02,
1.589099743e-01
l,7.0,3.0
2.010,3.170,4.350,
5.589967075e-07,1.062004796e+01
4.396103788e-03,-5.711694341e-03,4.122441913e-03,3.655018823e-02,1.309484022e-01,3.472012031e-01,4.391089142e-01,2.536369942e-01,5.506965606e-02,
6.341414320e-04,-1.140701613e-03,-4.930145905e-04,-1.122268391e-02,-3.575037416e-02,-6.504815605e-02,-6.541629465e-02,-3.448495375e-02,-7.474422900e-03,
1.585387133e-01
l,7.0,4.0
1.950,2.950,3.950,
3.165384146e-06,9.663823221e+00
1.156160980e-02,-1.257886262e-02,6.699729925e-03,1.296033115e-01,4.367370994e-01,1.252495787e+00,1.919901363e+00,1.375944911e+00,3.725756861e-01,
2.392098689e-03,-4.261267148e-03,-3.530659640e-03,-6.259068988e-02,-2.384676393e-01,-5.066320357e-01,-5.986125208e-01,-3.703783566e-01,-9.408201845e-02,
1.589271213e-01
l,7.0,5.0
1.890,2.990,4.090,
3.955261618e-07,1.498883497e+01
2.181781083e-02,-3.219651343e-02,3.490417318e-02,2.038226667e-01,7.922191261e-01,1.943383755e+00,1.982191669e+00,7.699853769e-01,6.353335273e-02,
3.420945249e-03,-6.133866110e-03,-4.347944373e-03,-8.097516865e-02,-2.868813862e-01,-5.669629818e-01,-6.159852397e-01,-3.492085290e-01,-8.079770093e-02,
1.584768006e-01
l,7.0,6.0
1.850,2.330,2.830,
1.096575101e-05,1.256456074e+01
1.353674978e-01,-4.521824739e-03,5.978004090e-01,2.239472738e+01,1.576239258e+02,6.242740418e+02,1.461152567e+03,1.831285447e+03,9.389536081e+02,
6.373989255e-02,-1.249509963e-01,-8.079276794e-01,-1.726583154e+01,-1.426310103e+02,-6.235069503e+02,-1.496618522e+03,-1.859517829e+03,-9.369773067e+02,
1.591436027e-01
l,7.0,7.0
1.870,2.150,2.470,
2.132366361e-07,2.344838857e+01
1.518815041e+00,-8.308621617e+00,1.868118510e+01,-1.122657259e+02,-7.956009919e+03,-2.399430208e+04,1.218524476e+05,6.629443088e+05,8.223514464e+05,
3.519587688e-01,-1.209595942e+00,-8.772505058e+00,-3.409410371e+02,-4.271791012e+03,-2.930394666e+04,-1.104389015e+05,-2.178453698e+05,-1.755038290e+05,
1.591436308e-01
l,8.0,-8.0
1.690,1.810,1.990,
0.000000000e+00,0.000000000e+00
5.184342081e-05,7.613342832e-05,7.086093243e-03,4.279527554e-01,1.035216992e+01,1.379695878e+02,1.013497296e+03,3.825241598e+03,5.798527625e+03,
4.329479813e-05,-6.600718402e-05,-4.467336594e-03,-2.493447439e-01,-5.903285666e+00,-7.268384371e+01,-4.868781865e+02,-1.682714339e+03,-2.352047607e+03,
1.591436127e-01
l,8.0,-7.0
2.030,3.010,4.070,
6.481565796e-10,1.208761653e+01
1.238420009e-05,-1.356850860e-05,1.286455154e-05,2.571279454e-04,1.206523968e-03,3.265451018e-03,4.616523546e-03,3.207897796e-03,8.716213511e-04,
2.396892154e-06,-4.269203477e-06,-1.998884408e-06,-3.731861267e-05,-8.751022567e-05,-8.808877958e-05,-1.291715146e-05,3.325568672e-05,1.517415662e-05,
1.589098212e-01
l,8.0,-6.0
2.050,3.210,4.390,
2.799259048e-09,9.822033254e+00
1.667330071e-05,-2.006125616e-05,1.007691967e-05,1.197584812e-04,3.815105898e-04,1.023712148e-03,1.357452688e-03,8.231733316e-04,1.876513764e-04,
2.478775583e-06,-4.459443055e-06,-2.040124448e-06,-4.457330831e-05,-1.414818554e-04,-2.556089720e-04,-2.554147398e-04,-1.336759417e-04,-2.879787360e-05,
1.586624027e-01
l,8.0,-5.0
2.230,3.190,4.230,
1.328788683e-09,1.062702542e+01
2.976301039e-05,-2.930829882e-05,-1.901690124e-05,2.422485160e-04,1.198322987e-03,3.948978658e-03,6.522379128e-03,5.052422279e-03,1.488681995e-03,
6.077862121e-06,-1.088208196e-05,-1.184697478e-05,-1.753837437e-04,-6.308990566e-04,-1.241262957e-03,-1.343425271e-03,-7.535816478e-04,-1.724614469e-04,
1.589270638e-01
l,8.0,-4.0
2.230,3.370,4.510,
1.272062487e-09,1.091728266e+01
4.225212979e-05,-4.821642743e-05,1.269500933e-05,1.997407943e-04,2.735680487e-04,8.466218034e-04,1.405317559e-03,9.430092185e-04,2.220308462e-04,
6.736991357e-06,-1.216110191e-05,-5.931225598e-06,-1.290081667e-04,-4.288455114e-04,-8.109400739e-04,-8.497046000e-04,-4.659302191e-04,-1.050515973e-04,
1.586616542e-01
l,8.0,-3.0
2.310,3.370,4.430,
1.120377295e-10,1.391290539e+01
7.480826753e-05,-7.208794584e-05,5.013205428e-06,3.609908405e-04,4.650210795e-05,3.825356152e-05,8.980413557e-04,9.722429657e-04,2.926325243e-04,
1.431912419e-05,-2.579076953e-05,-1.917563481e-05,-3.474364145e-04,-1.266941029e-03,-2.586638376e-03,-2.936834754e-03,-1.743597704e-03,-4.246938456e-04,
1.589270910e-01
l,8.0,-2.0
2.350,3.490,4.630,
3.738020146e-09,1.010700540e+01
1.155935970e-04,-1.315485083e-04,4.486548376e-05,7.436287368e-04,1.731904078e-03,4.783347723e-03,7.121155299e-03,4.746275215e-03,1.167157476e-03,
1.830116135e-05,-3.314160491e-05,-1.534783014e-05,-3.461531001e-04,-1.148002651e-03,-2.172345556e-03,-2.279368676e-03,-1.252225289e-03,-2.830313909e-04,
1.586926536e-01
l,8.0,-1.0
2.430,3.450,4.530,
5.393685297e-09,1.014081263e+01
2.177847928e-04,-2.127292861e-04,4.027934764e-06,2.119403741e-03,6.752442545e-03,1.727203320e-02,2.532218924e-02,1.790198247e-02,4.832086070e-03,
4.034107585e-05,-7.286393017e-05,-4.873260538e-05,-9.171722449e-04,-3.214469208e-03,-6.265799533e-03,-6.741497344e-03,-3.776588069e-03,-8.685065948e-04,
1.589270680e-01
l,8.0,0.0
2.430,3.550,4.710,
6.501584880e-09,1.046617794e+01
3.512969997e-04,-4.056383402e-04,1.238624631e-04,2.429406420e-03,6.835181802e-03,1.922966320e-02,2.814150290e-02,1.872625847e-02,4.647954034e-03,
5.340509481e-05,-9.691233461e-05,-3.873837560e-05,-9.465244996e-04,-3.035249026e-03,-5.570512028e-03,-5.663434938e-03,-3.018543435e-03,-6.639667457e-04,
1.586625420e-01
l,8.0,1.0
2.470,3.490,4.550,
9.263666380e-09,1.072285507e+01
6.931364187e-04,-6.848212583e-04,4.105260906e-04,8.463512596e-03,2.698679143e-02,6.682306696e-02,9.527126509e-02,6.643419513e-02,1.783888171e-02,
1.312832372e-04,-2.372841814e-04,-1.862351258e-04,-3.325661226e-03,-1.219470692e-02,-2.485686599e-02,-2.804845411e-02,-1.650911836e-02,-3.981702675e-03,
1.589099605e-01
l,8.0,2.0
2.430,3.550,4.710,
2.151626671e-08,1.056703326e+01
1.193256001e-03,-1.411429513e-03,5.803399800e-04,8.732132391e-03,2.593806116e-02,7.200545251e-02,1.023920674e-01,6.654937884e-02,1.620435766e-02,
1.801492253e-04,-3.269723822e-04,-1.491918661e-04,-3.334178224e-03,-1.074381809e-02,-1.976727604e-02,-2.014451235e-02,-1.076144867e-02,-2.369678832e-03,
1.586005701e-01
l,8.0,3.0
2.390,3.430,4.490,
5.290859762e-08,1.045846666e+01
2.604072914e-03,-2.581857737e-03,8.652574793e-04,2.504474995e-02,6.890959107e-02,1.736920370e-01,2.594540480e-01,1.849917032e-01,4.989105678e-02,
4.938858370e-04,-8.917206457e-04,-7.248022586e-04,-1.265120504e-02,-4.624412851e-02,-9.392137289e-02,-1.055997352e-01,-6.193722101e-02,-1.488831336e-02,
1.589099983e-01
l,8.0,4.0
2.330,3.490,4.650,
1.301973805e-07,1.052859186e+01
4.609227180e-03,-5.906206711e-03,3.783225360e-03,3.702538361e-02,1.256770632e-01,3.429239042e-01,4.548005062e-01,2.757387489e-01,6.287408400e-02,
6.778749554e-04,-1.229423796e-03,-5.457230826e-04,-1.245117392e-02,-4.018150965e-02,-7.417217736e-02,-7.578766418e-02,-4.062013489e-02,-8.961884018e-03,
1.585386817e-01
l,8.0,5.0
2.290,3.270,4.270,
3.264804345e-07,1.076239953e+01
1.213765983e-02,-1.296129939e-02,6.702108643e-03,1.394767976e-01,4.510899389e-01,1.264671229e+00,1.962535056e+00,1.439140646e+00,4.000913640e-01,
2.482786146e-03,-4.469157280e-03,-3.869715112e-03,-6.746853770e-02,-2.570748888e-01,-5.465545633e-01,-6.465155411e-01,-4.005361390e-01,-1.019133785e-01,
1.589271149e-01
l,8.0,6.0
2.190,3.270,4.370,
7.104142260e-08,1.443871166e+01
2.461108007e-02,-3.568754969e-02,3.807342870e-02,2.843844289e-01,1.196198715e+00,3.273635973e+00,4.108200731e+00,2.317278462e+00,4.815789200e-01,
3.806443057e-03,-6.886401035e-03,-4.904350044e-03,-9.206598681e-02,-3.264176045e-01,-6.459936216e-01,-7.027233842e-01,-3.989245793e-01,-9.251818515e-02,
1.584458540e-01
l,8.0,7.0
2.130,2.630,3.170,
7.333779775e-07,1.377408793e+01
1.444295943e-01,2.025799033e-02,5.375316779e-01,2.208451582e+01,1.547178660e+02,5.894898287e+02,1.309987006e+03,1.557136545e+03,7.589411456e+02,
6.511996168e-02,-1.284819642e-01,-8.094991130e-01,-1.676445935e+01,-1.319072803e+02,-5.430112951e+02,-1.216956043e+03,-1.403420865e+03,-6.538256468e+02,
1.591436308e-01
l,8.0,8.0
2.150,2.450,2.790,
9.874598171e-09,2.306351871e+01
1.593708992e+00,-7.461761952e+00,1.094636688e+01,-1.425284735e+01,-8.366038921e+03,-5.873814128e+04,-1.472993449e+05,-1.212371022e+05,1.759739350e+04,
3.686505163e-01,-1.235435857e+00,-9.679894007e+00,-3.535563936e+02,-4.270360553e+03,-2.788682717e+04,-9.949911618e+04,-1.849083768e+05,-1.401292170e+05,
1.591436052e-01
l,9.0,-9.0
1.550,1.570,1.650,
0.000000000e+00,0.000000000e+00
2.759277049e-05,2.415845889e-04,-1.030635820e-02,-2.513496611e-01,-1.718948406e+00,0.000000000e+00,0.000000000e+00,0.000000000e+00,0.000000000e+00,
3.892973550e-05,-5.532202883e-05,-1.013270064e-02,-3.738319265e-01,-5.940365065e+00,-3.082334751e+01,0.000000000e+00,0.000000000e+00,0.000000000e+00,
1.591436563e-01
l,9.0,-8.0
1.890,2.030,2.230,
0.000000000e+00,0.000000000e+00
3.670346996e-05,4.229035485e-05,3.433761702e-03,1.833912550e-01,3.766197969e+00,4.183294572e+01,2.527512489e+02,7.776380165e+02,9.552425652e+02,
2.982677899e-05,-4.708377262e-05,-3.104795643e-03,-1.669766765e-01,-3.736733481e+00,-4.257905406e+01,-2.599521552e+02,-8.106809676e+02,-1.015806183e+03,
1.591436127e-01
l,9.0,-7.0
2.310,3.450,4.590,
1.813627244e-11,1.331044218e+01
5.937008154e-06,-6.855238074e-06,1.311121619e-06,1.372529314e-05,-3.836950344e-05,-8.083877427e-05,-7.234856666e-05,-4.691806170e-05,-1.518239968e-05,
9.407241269e-07,-1.701743297e-06,-8.346990731e-07,-1.828698729e-05,-6.144729959e-05,-1.172600153e-04,-1.238067705e-04,-6.830993872e-05,-1.546714357e-05,
1.586622277e-01
l,9.0,-6.0
2.490,3.470,4.550,
1.520042223e-12,1.545104122e+01
9.979875358e-06,-9.218138561e-06,1.876793509e-05,3.106716333e-04,1.330876174e-03,3.298177941e-03,4.469399561e-03,3.047500388e-03,8.198970427e-04,
1.860664915e-06,-3.362331233e-06,-2.372207872e-06,-4.377834085e-05,-1.558511526e-04,-3.085987706e-04,-3.379165648e-04,-1.929829252e-04,-4.527455038e-05,
1.589269836e-01
l,9.0,-5.0
2.570,3.610,4.730,
1.891493070e-11,1.269321962e+01
1.474489000e-05,-1.544562738e-05,-4.686702749e-06,3.075445008e-05,-1.986902005e-05,2.797210375e-04,8.829105890e-04,8.417677172e-04,2.674247439e-04,
2.463236918e-06,-4.471819743e-06,-2.237129615e-06,-4.799656862e-05,-1.594082252e-04,-3.017183396e-04,-3.176240543e-04,-1.753198685e-04,-3.994160473e-05,
1.586924751e-01
l,9.0,-4.0
2.590,3.650,4.710,
0.000000000e+00,0.000000000e+00
2.461360054e-05,-2.428746460e-05,-4.211864203e-05,-1.975307192e-04,-1.337863760e-03,-3.274387244e-03,-4.080149092e-03,-2.655123634e-03,-7.099963955e-04,
4.698795849e-06,-8.526117636e-06,-5.879169179e-06,-1.095926941e-04,-3.863694594e-04,-7.551373865e-04,-8.121506704e-04,-4.528452734e-04,-1.033134406e-04,
1.589271056e-01
l,9.0,-3.0
2.730,3.770,4.870,
2.776599086e-11,1.260390604e+01
3.786152956e-05,-3.995285054e-05,8.766380859e-06,2.347908568e-04,5.052417609e-04,1.681641099e-03,3.063316125e-03,2.429343891e-03,7.011932608e-04,
6.444254367e-06,-1.173828701e-05,-8.477340688e-06,-1.616270468e-04,-5.900783427e-04,-1.194280467e-03,-1.328627319e-03,-7.676560019e-04,-1.810187768e-04,
1.587234189e-01
l,9.0,-2.0
2.710,3.770,4.830,
8.403685524e-14,1.875578949e+01
6.717476208e-05,-6.215649287e-05,-2.434355967e-05,1.399386232e-04,-9.703718035e-04,-2.762275121e-03,-2.991875272e-03,-1.641185686e-03,-3.909549942e-04,
1.274776222e-05,-2.319873832e-05,-1.584653739e-05,-3.028375473e-04,-1.099278380e-03,-2.238260604e-03,-2.532717635e-03,-1.497431423e-03,-3.635237592e-04,
1.589271164e-01
l,9.0,-1.0
2.790,3.830,4.950,
7.598419190e-11,1.229678126e+01
1.123542024e-04,-1.128933614e-04,-6.024399524e-06,7.076635421e-04,1.351914438e-03,3.832933978e-03,6.940141798e-03,5.556657763e-03,1.613502034e-03,
1.878872756e-05,-3.428683945e-05,-1.602393676e-05,-3.606406636e-04,-1.195352490e-03,-2.261207203e-03,-2.378621581e-03,-1.311379720e-03,-2.987057615e-04,
1.586924914e-01
l,9.0,0.0
2.790,3.830,4.890,
2.505192268e-10,1.161922989e+01
2.032149059e-04,-1.858249493e-04,5.679969392e-05,1.956481951e-03,4.523910024e-03,9.995480525e-03,1.507820265e-02,1.118751369e-02,3.136516322e-03,
3.856037062e-05,-7.027379036e-05,-5.368497201e-05,-9.749992886e-04,-3.574107107e-03,-7.310814956e-03,-8.295270195e-03,-4.912714193e-03,-1.193308894e-03,
1.589271232e-01
l,9.0,1.0
2.790,3.890,5.010,
6.266345398e-10,1.127579641e+01
3.467481001e-04,-3.730472399e-04,4.263538801e-05,2.254049769e-03,4.905262545e-03,1.335029048e-02,2.130056223e-02,1.530514213e-02,4.043166404e-03,
5.680664362e-05,-1.038072123e-04,-4.799587544e-05,-1.090551594e-03,-3.613338382e-03,-6.841393274e-03,-7.200800131e-03,-3.974608363e-03,-9.058971195e-04,
1.586624589e-01
l,9.0,2.0
2.790,3.830,4.910,
9.108577320e-10,1.155812761e+01
6.849509082e-04,-6.342511877e-04,1.183187174e-04,6.210285076e-03,1.444329628e-02,3.252823684e-02,4.921210233e-02,3.628532805e-02,1.008419234e-02,
1.254348308e-04,-2.287296417e-04,-1.682203914e-04,-3.124549048e-03,-1.137302502e-02,-2.298946039e-02,-2.564957067e-02,-1.488989711e-02,-3.538511661e-03,
1.588960945e-01
l,9.0,3.0
2.770,3.890,5.030,
2.335273238e-09,1.138468048e+01
1.194069046e-03,-1.381956217e-03,4.009770057e-04,7.693045188e-03,1.876075890e-02,5.288633034e-02,7.969397577e-02,5.393334654e-02,1.350139138e-02,
1.847439162e-04,-3.378035472e-04,-1.407624503e-04,-3.416932021e-03,-1.118986814e-02,-2.099234315e-02,-2.183804889e-02,-1.190813114e-02,-2.677681844e-03,
1.586005052e-01
l,9.0,4.0
2.710,3.770,4.850,
5.523271161e-09,1.138333675e+01
2.613973105e-03,-2.582497762e-03,1.465857667e-04,1.933288750e-02,4.049112901e-02,9.974573471e-02,1.606279145e-01,1.196003643e-01,3.282773457e-02,
4.723596473e-04,-8.605876096e-04,-6.049397472e-04,-1.143914441e-02,-4.121114983e-02,-8.258498355e-02,-9.133645576e-02,-5.259357663e-02,-1.240783629e-02,
1.589099667e-01
l,9.0,5.0
2.670,3.790,4.950,
1.245280940e-08,1.156640126e+01
4.914885852e-03,-6.037868884e-03,2.786366923e-03,3.700012979e-02,1.141961114e-01,3.242572491e-01,4.624581893e-01,3.003671741e-01,7.304053790e-02,
7.216090269e-04,-1.318146956e-03,-5.582133936e-04,-1.324618845e-02,-4.265195750e-02,-7.866643785e-02,-8.030820393e-02,-4.299786298e-02,-9.491917273e-03,
1.585386438e-01
l,9.0,6.0
2.590,3.590,4.610,
4.319582897e-08,1.148112604e+01
1.264100987e-02,-1.339179362e-02,3.877641482e-03,1.257985002e-01,3.693441229e-01,1.036963398e+00,1.655562541e+00,1.236890562e+00,3.472374353e-01,
2.471034530e-03,-4.489252412e-03,-3.480572452e-03,-6.392338436e-02,-2.388616704e-01,-4.985677776e-01,-5.776530995e-01,-3.500394269e-01,-8.712899433e-02,
1.589271148e-01
l,9.0,7.0
2.490,3.570,4.650,
1.915291515e-08,1.389562642e+01
2.668176033e-02,-3.827691469e-02,3.956727347e-02,3.268268088e-01,1.377735070e+00,3.904380719e+00,5.213127622e+00,3.190204979e+00,7.352863757e-01,
4.218027527e-03,-7.691092790e-03,-5.458461062e-03,-1.044338934e-01,-3.749024665e-01,-7.530614168e-01,-8.329466390e-01,-4.813366991e-01,-1.137919902e-01,
1.584148772e-01
l,9.0,8.0
2.430,2.950,3.510,
6.540804818e-08,1.455935824e+01
1.520189047e-01,5.969479897e-03,3.570134315e-01,1.880233057e+01,1.276206227e+02,4.696188053e+02,1.009053115e+03,1.158890154e+03,5.450464388e+02,
6.582767174e-02,-1.303905634e-01,-5.309601532e-01,-9.946700428e+00,-6.884671744e+01,-2.586386615e+02,-5.430158351e+02,-5.959041621e+02,-2.672875438e+02,
1.591436052e-01
l,9.0,9.0
2.430,2.750,3.110,
5.276821306e-10,2.307354003e+01
1.649742007e+00,-6.553938751e+00,6.990604791e+00,1.898235153e+02,-5.152609105e+03,-4.682275694e+04,-1.526003524e+05,-2.212316129e+05,-1.188659392e+05,
3.820083583e-01,-1.249040425e+00,-1.038205515e+01,-3.602870791e+02,-4.205497654e+03,-2.622286664e+04,-8.880891495e+04,-1.558894350e+05,-1.113503963e+05,
1.591435995e-01
