l,1.0,-1.0
0.150,1.110,2.090,
2.628358173e-01,2.552677499e+00
9.867201559e-03,-9.273512248e-03,1.462264589e-02,1.301021763e-01,5.481349152e-01,1.406848659e+00,2.029722733e+00,1.589748577e+00,5.161058973e-01,
2.693702879e-03,-4.243453684e-03,-5.194273884e-03,-7.181342430e-02,-2.834957206e-01,-6.121860259e-01,-7.381552616e-01,-4.662866413e-01,-1.203309276e-01,
1.590202669e-01
l,1.0,0.0
0.190,0.350,0.550,
3.614482291e+00,3.314436286e+00
4.522538185e-02,1.185870236e-01,6.792958649e+00,3.367423849e+02,7.326077496e+03,8.724387070e+04,5.755452096e+05,1.970534367e+06,2.734325507e+06,
4.235818883e-02,-5.104190047e-02,-4.767615836e+00,-2.513271629e+02,-5.638538365e+03,-6.456958742e+04,-3.967476557e+05,-1.246084303e+06,-1.572613108e+06,
1.591435686e-01
l,1.0,1.0
0.210,0.290,0.410,
0.000000000e+00,0.000000000e+00
8.089550138e-01,-1.879549689e+01,-4.999682609e+02,-6.362554254e+04,-2.656623876e+05,1.616968279e+07,1.273140905e+08,0.000000000e+00,0.000000000e+00,
2.106381422e-01,-1.300703058e+00,-2.715177132e+01,-2.056512954e+03,-4.998506481e+04,-6.485276726e+05,-4.167341939e+06,-1.102550880e+07,0.000000000e+00,
1.591435756e-01
l,2.0,-2.0
0.370,1.450,2.570,
2.911146728e-02,3.497729961e+00
3.363968106e-03,-3.389304278e-03,2.480059061e-03,1.416565132e-02,2.986200890e-02,4.478504142e-02,3.046646533e-02,1.522147355e-02,6.344879393e-03,
7.027752876e-04,-1.160760679e-03,-8.297130035e-04,-1.310678399e-02,-4.445761357e-02,-8.393059765e-02,-8.852333892e-02,-4.890017785e-02,-1.104417441e-02,
1.589099717e-01
l,2.0,-1.0
0.410,1.250,2.110,
6.082711112e-02,3.938583938e+00
8.364156820e-03,-5.994517015e-03,5.249954860e-02,4.486421556e-01,1.756428731e+00,3.959934140e+00,4.831480555e+00,3.015667371e+00,7.725852196e-01,
2.610565402e-03,-4.122590353e-03,-7.066544247e-03,-1.032860766e-01,-4.808786519e-01,-1.222095371e+00,-1.738403987e+00,-1.301982831e+00,-4.004373669e-01,
1.590513256e-01
l,2.0,0.0
0.430,1.410,2.430,
1.790166898e-01,4.421140674e+00
1.197275985e-02,-1.405179871e-02,1.533723186e-02,5.092851484e-02,6.429092708e-02,-4.412327486e-02,-2.378279442e-01,-1.165186273e-01,2.596613748e-02,
2.753139202e-03,-4.515927399e-03,-4.650338320e-03,-6.912439735e-02,-2.631314420e-01,-5.504405360e-01,-6.404934164e-01,-3.901218126e-01,-9.699098003e-02,
1.589099491e-01
l,2.0,1.0
0.410,0.650,0.930,
2.617362028e+00,5.758350268e+00
7.001487166e-02,9.290090347e-02,4.450324711e+00,2.102996069e+02,3.720363863e+03,3.361140139e+04,1.610895797e+05,3.899036385e+05,3.758234012e+05,
5.327405350e-02,-9.031727398e-02,-2.011547431e+00,-6.372733071e+01,-8.942782729e+02,-6.754148997e+03,-2.846714076e+04,-6.288507735e+04,-5.675428934e+04,
1.591435756e-01
l,2.0,2.0
0.450,0.590,0.730,
0.000000000e+00,0.000000000e+00
8.586555123e-01,-1.134323521e+01,-8.113167553e+02,-1.208979649e+05,-5.391855740e+06,-1.174522408e+08,-1.302962798e+09,-7.024884085e+09,-1.461819310e+10,
2.712692148e-01,-1.471992878e+00,-3.892374792e+01,-2.874186016e+03,-7.934551731e+04,-1.201672275e+06,-1.010332879e+07,-4.458430326e+07,-8.005546345e+07,
1.590823037e-01
l,3.0,-3.0
0.570,1.730,2.910,
3.349360961e-03,4.243952926e+00
1.252125949e-03,-1.348241107e-03,8.955317064e-04,4.387462136e-03,7.429828617e-03,7.516172449e-03,-3.100839015e-03,-7.017742962e-03,-2.077073763e-03,
2.257778988e-04,-3.826106568e-04,-2.247460039e-04,-3.932265931e-03,-1.277101321e-02,-2.316481065e-02,-2.335132678e-02,-1.229439094e-02,-2.642728458e-03,
1.588478945e-01
l,3.0,-2.0
0.650,1.610,2.590,
4.547381495e-03,4.806011343e+00
2.752882894e-03,-2.120365113e-03,1.484228924e-02,1.158644016e-01,4.152700391e-01,8.740372082e-01,1.003685542e+00,5.872082164e-01,1.388809772e-01,
6.802586398e-04,-1.125518934e-03,-1.204090642e-03,-1.840736128e-02,-7.369832549e-02,-1.640663413e-01,-2.057679942e-01,-1.366751268e-01,-3.749338219e-02,
1.589891587e-01
l,3.0,-1.0
0.670,1.790,2.910,
8.555293340e-03,5.629192206e+00
3.688345896e-03,-4.350913337e-03,2.881218945e-03,3.399385386e-03,-3.723661150e-02,-1.516567442e-01,-2.846364275e-01,-2.308825178e-01,-6.614242522e-02,
7.001205942e-04,-1.187911483e-03,-8.075903743e-04,-1.337297535e-02,-4.509173656e-02,-8.514594581e-02,-8.973745094e-02,-4.964588080e-02,-1.124661335e-02,
1.588168978e-01
l,3.0,0.0
0.690,1.570,2.450,
1.497450890e-02,5.508874906e+00
9.428128600e-03,-7.880412858e-03,5.339431284e-02,4.596933093e-01,1.792291861e+00,4.082013651e+00,4.967651790e+00,3.003038249e+00,7.150208030e-01,
2.666060598e-03,-4.380493376e-03,-8.056546044e-03,-1.260064921e-01,-6.275029168e-01,-1.697899539e+00,-2.534194828e+00,-1.955532184e+00,-6.082194435e-01,
1.590202069e-01
l,3.0,1.0
0.650,1.690,2.730,
4.184931931e-02,5.758782377e+00
1.428859960e-02,-1.860958316e-02,1.350582498e-02,-5.354629447e-02,-6.297990423e-01,-2.225339669e+00,-3.849676454e+00,-3.030953862e+00,-8.718089590e-01,
2.952046099e-03,-4.973758669e-03,-5.168631739e-03,-7.704055018e-02,-2.879608548e-01,-5.923692183e-01,-6.754988169e-01,-4.028969098e-01,-9.806118969e-02,
1.588168448e-01
l,3.0,2.0
0.650,0.950,1.290,
4.606398709e-01,7.786190129e+00
8.951293677e-02,8.151560287e-02,1.886450289e+00,6.968826741e+01,7.930088596e+02,5.055586282e+03,1.859115492e+04,3.618319442e+04,2.872815453e+04,
5.917564230e-02,-1.094350335e-01,-1.785409185e+00,-5.231966032e+01,-6.438519379e+02,-4.163729151e+03,-1.474617081e+04,-2.701316489e+04,-2.004247712e+04,
1.591435967e-01
l,3.0,3.0
0.690,0.850,1.050,
5.126387495e+03,2.411038227e+01
1.409942985e+00,-1.865008834e+01,5.302701913e+02,3.363111128e+04,1.357355499e+06,2.457350008e+07,2.088795875e+08,8.391918030e+08,1.294267620e+09,
2.999378583e-01,-1.422215591e+00,-3.022122553e+01,-1.891342630e+03,-4.160483525e+04,-4.767524856e+05,-2.921353100e+06,-9.162505733e+06,-1.148549323e+07,
1.591444309e-01
l,4.0,-4.0
0.770,1.970,3.170,
4.884686059e-04,5.742472270e+00
4.903192166e-04,-5.536172524e-04,3.206459275e-04,1.325873927e-03,1.087462484e-03,-1.324209145e-03,-7.279020789e-03,-7.402085090e-03,-2.222041456e-03,
8.219459503e-05,-1.415518957e-04,-7.957529467e-05,-1.421747735e-03,-4.500364471e-03,-7.977707656e-03,-7.850193656e-03,-4.038565420e-03,-8.496688436e-04,
1.587545902e-01
l,4.0,-3.0
0.910,1.890,2.930,
4.093015628e-04,6.127431974e+00
1.004321966e-03,-6.373071626e-04,8.352947501e-03,6.477741609e-02,2.366607824e-01,4.989707742e-01,5.822797988e-01,3.502102895e-01,8.522543128e-02,
2.183577294e-04,-3.705397117e-04,-3.472827014e-04,-5.657836266e-03,-2.227092378e-02,-4.897319731e-02,-6.053424617e-02,-3.952717784e-02,-1.062245330e-02,
1.589271233e-01
l,4.0,-2.0
0.930,2.090,3.250,
5.271895800e-04,7.888151230e+00
1.297735027e-03,-1.567981002e-03,1.094427798e-03,4.004942455e-03,2.764944319e-03,-7.327925717e-03,-3.493694578e-02,-3.844496107e-02,-1.280242863e-02,
2.218868988e-04,-3.839673480e-04,-2.390447224e-04,-4.143066180e-03,-1.356340919e-02,-2.490719491e-02,-2.541297667e-02,-1.358375068e-02,-2.972335447e-03,
1.587545806e-01
l,4.0,-1.0
0.990,1.950,2.950,
6.361332265e-04,6.378448500e+00
2.868830925e-03,-2.358162845e-03,1.419156076e-02,1.187510561e-01,4.401803192e-01,9.770478126e-01,1.188190744e+00,7.307370201e-01,1.792176702e-01,
6.547045019e-04,-1.113745186e-03,-1.429813524e-03,-2.319642317e-02,-1.037583144e-01,-2.535197707e-01,-3.402862985e-01,-2.352019399e-01,-6.534332615e-02,
1.589581496e-01
l,4.0,0.0
0.970,2.090,3.230,
1.184093661e-03,9.240969400e+00
4.111132119e-03,-5.143079415e-03,3.814788893e-03,1.399611501e-02,1.136043393e-02,-2.478692776e-02,-1.422746190e-01,-1.683535031e-01,-5.937467332e-02,
7.122108758e-04,-1.232490247e-03,-8.115433735e-04,-1.372682837e-02,-4.537564664e-02,-8.426287246e-02,-8.705675815e-02,-4.721264232e-02,-1.049684628e-02,
1.587235811e-01
l,4.0,1.0
0.970,1.870,2.790,
2.528962421e-03,8.088903902e+00
1.049202960e-02,-1.171060760e-02,2.302350845e-03,7.232642289e-02,2.448309910e-01,7.751344620e-01,1.040834965e+00,5.233473268e-01,6.052666308e-02,
2.671121380e-03,-4.517194959e-03,-5.588191963e-03,-8.398388626e-02,-3.311008153e-01,-7.076550415e-01,-8.386136828e-01,-5.210696150e-01,-1.332485914e-01,
1.590202139e-01
l,4.0,2.0
0.930,1.990,3.050,
8.560928745e-03,9.176095722e+00
1.611050032e-02,-2.247176444e-02,1.657586501e-02,-5.750916052e-02,-6.773564243e-01,-2.421038486e+00,-4.318451051e+00,-3.514069126e+00,-1.044927057e+00,
3.021318294e-03,-5.203091577e-03,-4.655926195e-03,-7.475498319e-02,-2.741042901e-01,-5.559061921e-01,-6.232981811e-01,-3.652769381e-01,-8.732807533e-02,
1.587236636e-01
l,4.0,3.0
0.910,1.250,1.630,
4.569999084e-02,9.347906661e+00
1.058226973e-01,7.038829542e-02,1.826725713e+00,6.522039988e+01,6.896839382e+02,4.002249915e+03,1.319543343e+04,2.283363893e+04,1.604783884e+04,
6.364674208e-02,-1.224337834e-01,-1.768195744e+00,-4.991911463e+01,-5.734254172e+02,-3.403453572e+03,-1.092284647e+04,-1.798309604e+04,-1.192852122e+04,
1.591435581e-01
l,4.0,4.0
0.950,1.130,1.350,
2.277678648e+00,2.251253885e+01
1.586807966e+00,-1.733982631e+01,2.614676180e+02,1.017072127e+04,3.789713383e+05,6.772108049e+06,5.437881235e+07,2.011509823e+08,2.818549826e+08,
3.410171506e-01,-1.544894751e+00,-3.715974510e+01,-2.172401643e+03,-4.550472193e+04,-4.858040615e+05,-2.745726424e+06,-7.890563999e+06,-9.057530350e+06,
1.591444281e-01
l,5.0,-5.0
0.990,2.190,3.410,
4.540436535e-05,8.011325940e+00
1.963761024e-04,-2.270334826e-04,1.384606773e-04,6.231518972e-04,7.299718758e-04,7.641596322e-05,-2.524688561e-03,-3.082372845e-03,-1.018425480e-03,
3.079001890e-05,-5.370214116e-05,-2.938712174e-05,-5.393447247e-04,-1.700228620e-03,-3.005854833e-03,-2.938947912e-03,-1.499077402e-03,-3.123010817e-04,
1.586925831e-01
l,5.0,-4.0
1.170,2.150,3.210,
2.848814683e-05,7.740698729e+00
3.761386033e-04,-1.985090391e-04,3.818638735e-03,2.859157916e-02,1.027250459e-01,2.137952456e-01,2.482318863e-01,1.491276224e-01,3.624856694e-02,
7.680049554e-05,-1.325623133e-04,-1.266916615e-04,-2.098366767e-03,-8.301386016e-03,-1.826640187e-02,-2.249392669e-02,-1.460631778e-02,-3.900440553e-03,
1.589271121e-01
l,5.0,-3.0
1.190,2.350,3.530,
2.218291146e-05,9.194268200e+00
4.835402069e-04,-5.923140140e-04,4.293791678e-04,2.388923531e-03,5.707782645e-03,1.093568745e-02,6.581800963e-03,-1.364950237e-03,-1.576772085e-03,
7.734337332e-05,-1.356815918e-04,-7.948684271e-05,-1.435051254e-03,-4.636941994e-03,-8.427875726e-03,-8.487923396e-03,-4.473182663e-03,-9.650802981e-04,
1.586926605e-01
l,5.0,-2.0
1.250,2.270,3.290,
2.510387985e-05,8.832988248e+00
9.647511761e-04,-7.263037018e-04,5.506433167e-03,4.055393538e-02,1.321410775e-01,2.614059724e-01,2.880791610e-01,1.606174026e-01,3.536559434e-02,
2.072574376e-04,-3.594127086e-04,-4.925179463e-04,-8.093399053e-03,-3.702513861e-02,-9.189951346e-02,-1.243009876e-01,-8.598091753e-02,-2.377372333e-02,
1.589271025e-01
l,5.0,-1.0
1.290,2.430,3.590,
2.709630346e-05,9.695232552e+00
1.336263958e-03,-1.687927189e-03,1.250114292e-03,7.131387950e-03,1.857504466e-02,3.910372900e-02,2.938289995e-02,1.752762254e-03,-3.572238129e-03,
2.157205530e-04,-3.795603799e-04,-2.249176438e-04,-4.068008167e-03,-1.323202458e-02,-2.427200091e-02,-2.470210794e-02,-1.318191718e-02,-2.885167003e-03,
1.586927009e-01
l,5.0,0.0
1.290,2.290,3.290,
5.959403727e-05,8.557392517e+00
2.924296074e-03,-3.406670814e-03,-3.231222245e-03,-4.754178833e-03,-1.751275305e-02,4.142503341e-02,1.188034027e-01,8.719779969e-02,2.000495872e-02,
6.428167103e-04,-1.115822588e-03,-6.401944389e-04,-1.062446479e-02,-2.737474625e-02,-3.214596246e-02,-1.030406875e-02,8.577516227e-03,5.291755186e-03,
1.589581441e-01
l,5.0,1.0
1.290,2.430,3.570,
6.714053321e-05,1.078585699e+01
4.247380886e-03,-5.624838730e-03,4.456181682e-03,1.964896708e-02,4.418529089e-02,7.363762919e-02,4.692487442e-04,-6.996467961e-02,-3.338660387e-02,
6.928799199e-04,-1.219233086e-03,-6.896038200e-04,-1.296753318e-02,-4.259210368e-02,-7.917935507e-02,-8.177429493e-02,-4.435275127e-02,-9.871066788e-03,
1.586926479e-01
l,5.0,2.0
1.250,2.170,3.110,
3.074900148e-04,8.425942813e+00
1.141071972e-02,-1.185341576e-02,2.133056417e-02,2.467792267e-01,9.731419445e-01,2.586423368e+00,3.643377499e+00,2.472866479e+00,6.461596141e-01,
2.728879677e-03,-4.712722421e-03,-7.129023583e-03,-1.146917271e-01,-5.174437924e-01,-1.245029726e+00,-1.633957999e+00,-1.107219166e+00,-3.038823143e-01,
1.589891642e-01
l,5.0,3.0
1.210,2.270,3.350,
4.806565731e-04,1.241874443e+01
1.828012057e-02,-2.645815493e-02,2.126851004e-02,-1.721414188e-02,-4.694532144e-01,-1.863721045e+00,-3.711826103e+00,-3.277003943e+00,-1.034671373e+00,
3.167994859e-03,-5.546891879e-03,-4.670588235e-03,-7.752719164e-02,-2.792867028e-01,-5.577912283e-01,-6.142178528e-01,-3.531684916e-01,-8.281603683e-02,
1.586625121e-01
l,5.0,4.0
1.170,1.550,1.950,
3.655899495e-03,1.100288830e+01
1.198510975e-01,6.269673533e-02,2.185304873e+00,7.002467988e+01,6.990968718e+02,3.757998564e+03,1.127916272e+04,1.759883870e+04,1.109941874e+04,
6.844131313e-02,-1.350873621e-01,-2.023018230e+00,-5.597017645e+01,-6.239615973e+02,-3.562582877e+03,-1.092923730e+04,-1.713451332e+04,-1.079635004e+04,
1.591435552e-01
l,5.0,5.0
1.210,1.410,1.650,
9.280949662e-03,2.272944951e+01
1.719383001e+00,-1.587030198e+01,1.785071521e+02,5.074006696e+03,1.465194634e+05,2.482786615e+06,1.875827446e+07,6.428550122e+07,8.267597140e+07,
3.717721904e-01,-1.604419221e+00,-4.121977059e+01,-2.294384207e+03,-4.596495288e+04,-4.597292298e+05,-2.408600324e+06,-6.373595006e+06,-6.720634908e+06,
1.591444924e-01
l,6.0,-6.0
1.210,2.410,3.630,
2.919034778e-06,9.578938623e+00
7.850475231e-05,-9.333211052e-05,4.466599468e-05,1.139246236e-04,-4.189091821e-04,-1.585384176e-03,-2.939635141e-03,-2.427646673e-03,-7.063379428e-04,
1.189171523e-05,-2.095130441e-05,-1.148266018e-05,-2.122398303e-04,-6.687591514e-04,-1.183400515e-03,-1.155902111e-03,-5.889926000e-04,-1.226844403e-04,
1.586615293e-01
l,6.0,-5.0
1.350,2.390,3.450,
1.704383984e-06,9.193394902e+00
1.437395986e-04,-2.339321698e-04,-1.391837784e-03,-8.595893234e-03,-2.888134358e-02,-5.044766842e-02,-4.940019644e-02,-2.604213173e-02,-5.755502398e-03,
2.875000648e-05,-5.024156223e-05,-2.338638248e-05,-3.843490910e-04,-5.557708472e-04,9.119977837e-04,3.694707718e-03,3.887971044e-03,1.353584857e-03,
1.588960114e-01
l,6.0,-4.0
1.430,2.610,3.790,
1.031591187e-06,1.009968916e+01
1.801884937e-04,-2.259659526e-04,1.633673492e-04,1.092781411e-03,3.248766964e-03,7.541617447e-03,7.719651200e-03,3.197223878e-03,3.882062760e-04,
2.776863901e-05,-4.924829948e-05,-2.603421278e-05,-5.040173108e-04,-1.616145764e-03,-2.932516397e-03,-2.947252722e-03,-1.551452177e-03,-3.349264709e-04,
1.586616057e-01
l,6.0,-3.0
1.530,2.550,3.590,
3.157676028e-06,7.270919844e+00
3.424565075e-04,-3.966606009e-04,-5.310504650e-04,-1.713963279e-03,-6.564576235e-03,-4.833832195e-03,3.615467600e-03,5.387823524e-03,1.657652042e-03,
6.970924834e-05,-1.226170205e-04,-6.919958981e-05,-1.208019461e-03,-3.295488437e-03,-4.467593449e-03,-2.645599358e-03,-2.592330999e-04,2.099661513e-04,
1.589271233e-01
l,6.0,-2.0
1.570,2.730,3.890,
1.006203869e-06,1.024546019e+01
4.617346858e-04,-5.870200372e-04,4.610317964e-04,3.360118827e-03,1.090442175e-02,2.647101813e-02,2.966694584e-02,1.454540487e-02,2.521434322e-03,
7.204987895e-05,-1.282811211e-04,-7.105522509e-05,-1.365055003e-03,-4.458445184e-03,-8.245863424e-03,-8.448708956e-03,-4.535025977e-03,-9.984364496e-04,
1.586926161e-01
l,6.0,-1.0
1.610,2.630,3.650,
2.112434374e-06,9.289373418e+00
9.325760184e-04,-9.157337060e-04,1.797377069e-03,1.808625369e-02,6.132861072e-02,1.416601464e-01,1.812180386e-01,1.142967025e-01,2.804835043e-02,
1.943682317e-04,-3.428637068e-04,-3.953755859e-04,-6.581163835e-03,-2.737143884e-02,-6.137389456e-02,-7.527430082e-02,-4.774117630e-02,-1.227889073e-02,
1.589271637e-01
l,6.0,0.0
1.610,2.770,3.930,
1.877253919e-06,1.054438532e+01
1.346391044e-03,-1.741830014e-03,1.398217337e-03,1.075214230e-02,3.790103900e-02,9.440779405e-02,1.091933603e-01,5.645681020e-02,1.067707197e-02,
2.078859903e-04,-3.707660623e-04,-1.937799621e-04,-3.840354202e-03,-1.240693953e-02,-2.275400170e-02,-2.313352133e-02,-1.234112185e-02,-2.705028994e-03,
1.586616523e-01
l,6.0,1.0
1.610,2.610,3.610,
5.586548114e-06,9.586505302e+00
3.002546029e-03,-3.169586279e-03,9.106220413e-04,2.508411053e-02,7.940695873e-02,2.338966960e-01,3.560795009e-01,2.468555292e-01,6.380400593e-02,
6.467038112e-04,-1.139859785e-03,-8.828350781e-04,-1.532475941e-02,-5.686699780e-02,-1.185762927e-01,-1.382403691e-01,-8.459119768e-02,-2.128606540e-02,
1.589271107e-01
l,6.0,2.0
1.590,2.730,3.890,
4.271751346e-06,1.191991353e+01
4.546672106e-03,-6.092423071e-03,5.079802058e-03,3.125250363e-02,1.015871758e-01,2.399109466e-01,2.385120784e-01,8.907455706e-02,6.658920759e-03,
6.922273856e-04,-1.233892525e-03,-6.241039497e-04,-1.269765076e-02,-4.121863506e-02,-7.605246253e-02,-7.773177730e-02,-4.167405577e-02,-9.167687671e-03,
1.586625505e-01
l,6.0,3.0
1.550,2.470,3.410,
4.184525510e-05,9.161142336e+00
1.220596023e-02,-1.302291411e-02,1.364082134e-02,2.014946978e-01,7.808707546e-01,2.216544908e+00,3.333832397e+00,2.389691335e+00,6.557759675e-01,
2.857048865e-03,-5.013445076e-03,-7.232114301e-03,-1.104842258e-01,-4.679331660e-01,-1.076993549e+00,-1.367785252e+00,-9.042439834e-01,-2.437782964e-01,
1.589580791e-01
l,6.0,4.0
1.470,2.550,3.650,
1.212836238e-05,1.564876433e+01
2.040553093e-02,-3.018696833e-02,2.909460296e-02,8.439787066e-02,1.069063695e-01,-1.891856828e-01,-1.353512743e+00,-1.700703366e+00,-6.298794749e-01,
3.295176097e-03,-5.848622758e-03,-4.434540951e-03,-7.805838326e-02,-2.768004973e-01,-5.457345209e-01,-5.917718525e-01,-3.347846455e-01,-7.722608519e-02,
1.586005861e-01
l,6.0,5.0
1.450,1.850,2.290,
3.482237087e-04,1.152943825e+01
1.320807040e-01,2.805351823e-02,6.293621623e-01,2.898766093e+01,2.289375211e+02,1.030407479e+03,2.813190572e+03,4.186165388e+03,2.571509574e+03,
6.895476432e-02,-1.369489213e-01,-9.424703492e-01,-2.130038904e+01,-1.914426338e+02,-9.253951969e+02,-2.488744157e+03,-3.493599547e+03,-2.000335136e+03,
1.591436196e-01
l,6.0,6.0
1.470,1.690,1.950,
8.606049920e-05,2.325883254e+01
1.820322990e+00,-1.440216271e+01,1.348383069e+02,3.489676162e+03,7.187420712e+04,1.090100351e+06,7.656933763e+06,2.432614161e+07,2.886153529e+07,
3.947261105e-01,-1.624610114e+00,-4.317766830e+01,-2.313814716e+03,-4.453214074e+04,-4.194336867e+05,-2.047815839e+06,-5.018214547e+06,-4.886348662e+06,
1.591435966e-01
l,7.0,-7.0
1.450,2.650,3.850,
1.617004133e-07,1.053353038e+01
3.039823969e-05,-3.788642088e-05,1.406164518e-05,1.187276020e-05,-2.685767942e-04,-7.863241699e-04,-1.300379194e-03,-1.026656345e-03,-2.937296463e-04,
4.576972893e-06,-8.135823006e-06,-4.210215969e-06,-8.079973942e-05,-2.504469324e-04,-4.374971520e-04,-4.223807506e-04,-2.134652864e-04,-4.429715518e-05,
1.586623437e-01
l,7.0,-6.0
1.650,2.630,3.690,
7.204970052e-08,1.050552292e+01
5.473506826e-05,-4.328563758e-05,3.141412160e-04,2.714027167e-03,1.055751277e-02,2.416856703e-02,3.047773691e-02,1.956451110e-02,5.011951022e-03,
1.071525402e-05,-1.892651333e-05,-2.538406003e-05,-4.258985290e-04,-1.923298757e-03,-4.672792595e-03,-6.134786621e-03,-4.095464496e-03,-1.088971539e-03,
1.589269805e-01
l,7.0,-5.0
1.670,2.850,4.030,
6.991143940e-08,1.032307652e+01
6.854842650e-05,-8.634865991e-05,5.837560492e-05,4.621179804e-04,1.473821546e-03,3.706663614e-03,4.343373175e-03,2.254040030e-03,4.254014295e-04,
1.028713893e-05,-1.840548419e-05,-8.978751607e-06,-1.846124220e-04,-5.885400927e-04,-1.066480982e-03,-1.069953997e-03,-5.625541986e-04,-1.214953651e-04,
1.586615945e-01
l,7.0,-4.0
1.770,2.810,3.850,
3.695027204e-07,7.204184938e+00
1.244720042e-04,-1.375554825e-04,-1.825653547e-04,-9.284080142e-04,-5.187056622e-03,-9.826604703e-03,-9.308209271e-03,-4.714428150e-03,-1.026808471e-03,
2.500420600e-05,-4.444806208e-05,-2.130495145e-05,-3.971741101e-04,-9.822094034e-04,-1.115073985e-03,-3.704473691e-04,2.300972856e-04,1.413395297e-04,
1.589270570e-01
l,7.0,-3.0
1.830,2.990,4.150,
6.358709527e-08,1.037205029e+01
1.679273992e-04,-2.100268560e-04,1.380955047e-04,1.225877905e-03,3.906006317e-03,1.025489527e-02,1.290180634e-02,7.306079550e-03,1.534495456e-03,
2.570928113e-05,-4.618405259e-05,-2.437570180e-05,-4.861825254e-04,-1.573803123e-03,-2.898571026e-03,-2.961204520e-03,-1.587004593e-03,-3.496785317e-04,
1.586926292e-01
l,7.0,-2.0
1.890,2.910,3.950,
4.213124509e-09,1.491615282e+01
3.224214888e-04,-2.966857770e-04,2.833093438e-04,2.677844514e-03,1.690046765e-03,-2.303855522e-03,-6.232219273e-03,-6.729654856e-03,-2.651620081e-03,
6.483796326e-05,-1.156920827e-04,-1.414589696e-04,-2.382972922e-03,-1.004507276e-02,-2.250634529e-02,-2.733780669e-02,-1.707186263e-02,-4.307937888e-03,
1.589270788e-01
l,7.0,-1.0
1.930,3.070,4.230,
1.109365354e-07,1.032271881e+01
4.550266895e-04,-5.730949275e-04,3.672166656e-04,3.433691896e-03,1.129363991e-02,3.019769347e-02,3.877788874e-02,2.252201260e-02,4.875655536e-03,
6.897210116e-05,-1.242244912e-04,-5.972308428e-05,-1.270327020e-03,-4.111932015e-03,-7.581033206e-03,-7.739505904e-03,-4.142817816e-03,-9.120488389e-04,
1.586615911e-01
l,7.0,0.0
1.950,2.970,3.990,
2.670142414e-08,1.311024028e+01
9.125421057e-04,-9.395573153e-04,1.354781437e-04,5.079338752e-03,5.742822060e-03,1.459509118e-02,2.517947284e-02,1.621061129e-02,3.166855341e-03,
1.870803483e-04,-3.343602708e-04,-2.120654197e-04,-4.061328871e-03,-1.477228502e-02,-3.052185028e-02,-3.534376538e-02,-2.150466150e-02,-5.387859601e-03,
1.589271037e-01
l,7.0,1.0
1.930,3.090,4.250,
2.418933446e-07,1.072292746e+01
1.371533959e-03,-1.761802626e-03,1.307886532e-03,1.124776270e-02,3.867005604e-02,1.012288708e-01,1.268456011e-01,7.230184412e-02,1.541992792e-02,
2.061806906e-04,-3.716632170e-04,-1.920295398e-04,-3.909365031e-03,-1.269584221e-02,-2.347572751e-02,-2.404691067e-02,-1.291685397e-02,-2.851076964e-03,
1.586625295e-01
l,7.0,2.0
1.950,2.930,3.950,
1.293911926e-06,9.261275797e+00
3.048859071e-03,-3.120837479e-03,2.369533265e-03,4.055424725e-02,1.399970117e-01,3.699245735e-01,5.385437104e-01,3.780064221e-01,1.019794187e-01,
6.229843099e-04,-1.112735731e-03,-1.019639714e-03,-1.705371615e-02,-6.465471305e-02,-1.360293700e-01,-1.589300315e-01,-9.706161180e-02,-2.429131873e-02,
1.589271318e-01
l,7.0,3.0
1.890,3.030,4.190,
4.480803552e-07,1.228018445e+01
4.803119227e-03,-6.453820546e-03,5.351776866e-03,3.906472254e-02,1.387708824e-01,3.536742178e-01,4.129098676e-01,2.127634917e-01,3.944830663e-02,
7.119560649e-04,-1.282090199e-03,-6.142977327e-04,-1.310479196e-02,-4.244124792e-02,-7.842621302e-02,-8.024483599e-02,-4.307870974e-02,-9.499226283e-03,
1.586005345e-01
l,7.0,4.0
1.830,2.770,3.730,
6.708031886e-06,9.692582511e+00
1.289545000e-02,-1.373331757e-02,1.194293436e-02,1.983326754e-01,7.370538187e-01,2.096460873e+00,3.214698343e+00,2.350413184e+00,6.567510326e-01,
2.864960332e-03,-5.096844811e-03,-6.923848827e-03,-1.078925959e-01,-4.497627442e-01,-1.018369647e+00,-1.269379383e+00,-8.224280244e-01,-2.171907698e-01,
1.589581308e-01
l,7.0,5.0
1.750,2.830,3.930,
4.804261562e-07,1.671867465e+01
2.248214930e-02,-3.359920777e-02,3.638411342e-02,1.766867314e-01,6.058502960e-01,1.274620979e+00,7.463179454e-01,-2.795230915e-01,-2.635745242e-01,
3.528771553e-03,-6.331907459e-03,-4.740202205e-03,-8.504279538e-02,-3.015001588e-01,-5.956517684e-01,-6.470771305e-01,-3.668236870e-01,-8.483146141e-02,
1.585386716e-01
l,7.0,6.0
1.710,2.150,2.610,
2.496465088e-05,1.291360306e+01
1.428070962e-01,9.990230838e-03,6.211074372e-01,2.701910124e+01,1.988604856e+02,8.268757286e+02,2.068896168e+03,2.808275794e+03,1.569661825e+03,
7.096583745e-02,-1.420886350e-01,-9.344274391e-01,-2.079503631e+01,-1.812998374e+02,-8.459008473e+02,-2.186317539e+03,-2.941245998e+03,-1.610841910e+03,
1.591435966e-01
l,7.0,7.0
1.730,1.970,2.250,
1.403729256e-06,2.373019210e+01
1.897654057e+00,-1.328247826e+01,7.787784668e+01,1.819487796e+03,2.565080914e+04,3.974047599e+05,2.808559150e+06,8.636939929e+06,9.715966235e+06,
4.116705388e-01,-1.619949561e+00,-1.440271139e+01,-5.946529630e+02,-8.151285881e+03,-6.244100241e+04,-2.659344398e+05,-5.989933181e+05,-5.538260451e+05,
1.591435610e-01
l,8.0,-8.0
1.390,1.530,1.710,
0.000000000e+00,0.000000000e+00
1.141588000e-04,2.744534915e-05,1.840792494e-02,9.402191061e-01,2.191843016e+01,2.809042594e+02,1.936733249e+03,6.760404070e+03,9.420498461e+03,
9.066368982e-05,-1.317491968e-04,-8.368087698e-03,-4.787509218e-01,-1.155246519e+01,-1.448414941e+02,-9.863170323e+02,-3.461150301e+03,-4.905333416e+03,
1.591436060e-01
l,8.0,-7.0
1.810,2.850,3.910,
1.702833110e-10,1.690654666e+01
2.116289033e-05,-9.702334418e-06,2.391605047e-04,1.766091398e-03,5.838017362e-03,1.093161501e-02,1.132090697e-02,5.971571569e-03,1.245462196e-03,
4.120317559e-06,-7.340508347e-06,-1.205488322e-05,-2.020598581e-04,-9.678368239e-04,-2.459544736e-03,-3.347546020e-03,-2.301032287e-03,-6.266267097e-04,
1.589269245e-01
l,8.0,-6.0
1.950,3.090,4.250,
1.773577977e-08,8.763453859e+00
2.592874989e-05,-3.293886054e-05,2.228835085e-05,2.303330940e-04,8.782065752e-04,2.309907332e-03,2.934161627e-03,1.729653786e-03,3.880355861e-04,
3.936922328e-06,-7.094326969e-06,-3.088517996e-06,-6.910412119e-05,-2.185227941e-04,-3.937549261e-04,-3.929593665e-04,-2.059808302e-04,-4.454660857e-05,
1.586614440e-01
l,8.0,-5.0
2.030,3.050,4.090,
0.000000000e+00,0.000000000e+00
4.617838931e-05,-3.836277187e-05,6.758710825e-05,2.678777302e-04,-1.441546026e-03,-6.291836801e-03,-1.046920876e-02,-8.284985291e-03,-2.540587624e-03,
9.254465153e-06,-1.659150383e-05,-2.237961380e-05,-3.801639843e-04,-1.665744686e-03,-3.846554742e-03,-4.795152806e-03,-3.063647795e-03,-7.885228736e-04,
1.589270457e-01
l,8.0,-4.0
2.130,3.250,4.390,
9.647960485e-09,9.583107471e+00
6.093765114e-05,-7.622461598e-05,4.158950534e-05,5.315135292e-04,1.990352471e-03,5.495453106e-03,7.412439875e-03,4.624147430e-03,1.093099022e-03,
9.475075029e-06,-1.714531594e-05,-7.707069659e-06,-1.696946115e-04,-5.355319438e-04,-9.665238700e-04,-9.689658933e-04,-5.114677230e-04,-1.118003454e-04,
1.586925208e-01
l,8.0,-3.0
2.230,3.190,4.210,
3.350483002e-09,1.105103328e+01
1.120425004e-04,-1.184364763e-04,-1.439454644e-04,2.845348709e-04,1.777754261e-03,8.722920052e-03,1.692264223e-02,1.401385032e-02,4.254528855e-03,
2.311407023e-05,-4.160119175e-05,-1.328167801e-05,-3.300908816e-04,-9.362829873e-04,-1.480137631e-03,-1.228638753e-03,-4.732313633e-04,-6.030560803e-05,
1.589270920e-01
l,8.0,-2.0
2.230,3.350,4.490,
1.579071299e-08,9.552002339e+00
1.579719974e-04,-1.937647720e-04,9.362033433e-05,1.218140079e-03,3.997207099e-03,1.128124261e-02,1.574752608e-02,1.003383525e-02,2.400282701e-03,
2.449213869e-05,-4.444425036e-05,-2.055210397e-05,-4.518486739e-04,-1.454115879e-03,-2.678012022e-03,-2.739801542e-03,-1.473812284e-03,-3.275397531e-04,
1.586926161e-01
l,8.0,-1.0
2.330,3.270,4.290,
4.381179188e-09,1.145964125e+01
3.015373950e-04,-2.742236761e-04,3.588872656e-04,5.281152100e-03,1.793293307e-02,4.462211483e-02,6.507986304e-02,4.756278549e-02,1.357522724e-02,
6.200468534e-05,-1.118791132e-04,-1.195534455e-04,-1.910272402e-03,-7.436117455e-03,-1.601131734e-02,-1.913541929e-02,-1.193559066e-02,-3.044181836e-03,
1.589270424e-01
l,8.0,0.0
2.290,3.410,4.550,
1.804583277e-08,1.036815439e+01
4.425997031e-04,-5.516532388e-04,3.125229785e-04,3.756905182e-03,1.308901597e-02,3.615513263e-02,4.934407565e-02,3.102255164e-02,7.362467279e-03,
6.804195003e-05,-1.236793243e-04,-5.719989175e-05,-1.263570275e-03,-4.079667515e-03,-7.535678037e-03,-7.726056100e-03,-4.163060596e-03,-9.260571913e-04,
1.586616523e-01
l,8.0,1.0
2.310,3.290,4.310,
2.072975805e-08,1.082777101e+01
9.051401867e-04,-8.821845352e-04,4.036982025e-04,1.262335763e-02,4.728694732e-02,1.272351319e-01,1.899448658e-01,1.381256190e-01,3.872598046e-02,
1.853352087e-04,-3.346807467e-04,-3.294389285e-04,-5.261985140e-03,-1.961507103e-02,-4.053114559e-02,-4.650376249e-02,-2.788030956e-02,-6.858205014e-03,
1.589271107e-01
l,8.0,2.0
2.250,3.410,4.570,
6.622249964e-08,1.025981622e+01
1.382154995e-03,-1.770678412e-03,1.154169038e-03,1.176233879e-02,4.157078367e-02,1.128976359e-01,1.491724800e-01,9.055780326e-02,2.073847580e-02,
2.032896400e-04,-3.697906350e-04,-1.560839362e-04,-3.662869053e-03,-1.177254383e-02,-2.166499516e-02,-2.207047719e-02,-1.179813215e-02,-2.597953088e-03,
1.586315497e-01
l,8.0,3.0
2.250,3.230,4.250,
1.476759958e-07,1.025655167e+01
3.137137974e-03,-3.053355862e-03,1.575624369e-03,3.899052456e-02,1.240540340e-01,3.195620842e-01,4.758730562e-01,3.436267359e-01,9.504113844e-02,
6.402964995e-04,-1.155042118e-03,-1.164032528e-03,-1.858527624e-02,-7.011074639e-02,-1.466138950e-01,-1.702778885e-01,-1.033583976e-01,-2.572616036e-02,
1.589270932e-01
l,8.0,4.0
2.170,3.330,4.490,
9.232377838e-08,1.205156389e+01
5.021287128e-03,-6.736772246e-03,5.399591685e-03,4.442630829e-02,1.633551910e-01,4.327701263e-01,5.421534489e-01,3.094695364e-01,6.625360401e-02,
7.287802547e-04,-1.323937353e-03,-6.082330236e-04,-1.349444621e-02,-4.358201452e-02,-8.052026265e-02,-8.234612162e-02,-4.419655103e-02,-9.754218751e-03,
1.586005861e-01
l,8.0,5.0
2.110,3.070,4.050,
1.056470360e-06,1.032925495e+01
1.349353977e-02,-1.443626343e-02,8.291817665e-03,1.781210090e-01,6.275242459e-01,1.816054581e+00,2.861462261e+00,2.132116755e+00,6.031090276e-01,
2.851293984e-03,-5.130594744e-03,-4.544489281e-03,-7.891123122e-02,-3.045643609e-01,-6.566520422e-01,-7.892499459e-01,-4.975412265e-01,-1.289548198e-01,
1.589271111e-01
l,8.0,6.0
2.030,3.110,4.210,
3.180028450e-08,1.716542015e+01
2.450734936e-02,-3.680862660e-02,4.096021117e-02,2.445392157e-01,9.789411570e-01,2.445247654e+00,2.524325354e+00,9.788941343e-01,7.290706179e-02,
3.759744481e-03,-6.809766721e-03,-4.839743715e-03,-9.036217616e-02,-3.200790299e-01,-6.332603917e-01,-6.886048275e-01,-3.907891635e-01,-9.051906963e-02,
1.584767630e-01
l,8.0,7.0
1.970,2.430,2.910,
2.023962720e-06,1.392024688e+01
1.527986974e-01,3.766229085e-02,8.127284633e-01,3.049682848e+01,2.248653141e+02,9.094190961e+02,2.164558160e+03,2.776630365e+03,1.467613976e+03,
7.501145671e-02,-1.517950180e-01,-1.105324323e+00,-2.376813173e+01,-2.015981954e+02,-9.095341445e+02,-2.263306735e+03,-2.922910979e+03,-1.533218768e+03,
1.591435610e-01
l,8.0,8.0
2.010,2.250,2.550,
0.000000000e+00,0.000000000e+00
1.956809044e+00,-1.197481672e+01,1.348067572e+01,-8.391332304e+02,-2.947364246e+04,-1.809136585e+05,-2.639363920e+05,6.622976734e+05,1.641748785e+06,
4.239029114e-01,-1.599471688e+00,-1.388509219e+01,-5.464576780e+02,-7.153135107e+03,-5.178513644e+04,-2.073425624e+05,-4.370894841e+05,-3.778061755e+05,
1.591436181e-01
l,9.0,-9.0
0.970,1.050,1.170,
0.000000000e+00,0.000000000e+00
1.144199996e-04,-2.500768349e-04,-3.293606616e-02,-1.171136767e+00,-2.482485235e+01,-2.164512827e+02,-6.402679158e+02,0.000000000e+00,0.000000000e+00,
1.059110226e-04,-1.253709406e-04,-1.485437827e-02,-8.971558961e-01,-2.311197116e+01,-2.976290393e+02,-1.884394074e+03,-4.661746639e+03,0.000000000e+00,
1.591436379e-01
l,9.0,-8.0
1.510,1.670,1.850,
0.000000000e+00,0.000000000e+00
9.269540169e-05,-3.179759491e-06,7.321504740e-03,3.081717021e-01,5.596286726e+00,5.848217540e+01,3.244969511e+02,8.706984060e+02,8.692056815e+02,
7.374014086e-05,-1.104074375e-04,-7.528453446e-03,-4.340068632e-01,-1.047532308e+01,-1.304710753e+02,-8.787954361e+02,-3.042293746e+03,-4.247465701e+03,
1.591436060e-01
l,9.0,-7.0
2.210,3.330,4.470,
1.504454610e-09,9.312921228e+00
9.749693163e-06,-1.254188739e-05,7.069115383e-06,9.358723292e-05,3.910682444e-04,1.071254830e-03,1.419016384e-03,8.778776222e-04,2.074459845e-04,
1.502939260e-06,-2.725687188e-06,-1.105812124e-06,-2.547292953e-05,-7.720694283e-05,-1.338323979e-04,-1.286324215e-04,-6.517693036e-05,-1.373898262e-05,
1.586922744e-01
l,9.0,-6.0
2.350,3.290,4.310,
4.327187404e-11,1.328433808e+01
1.708166928e-05,-1.502616776e-05,3.332564910e-06,9.157177577e-05,4.968883856e-05,3.856031594e-04,1.263509289e-03,1.346911078e-03,4.783232265e-04,
3.539029291e-06,-6.388911864e-06,-3.310454892e-06,-7.092030894e-05,-2.647094461e-04,-5.769902455e-04,-7.119903708e-04,-4.617267463e-04,-1.227890866e-04,
1.589268951e-01
l,9.0,-5.0
2.390,3.490,4.610,
5.844201158e-10,1.035521632e+01
2.256078005e-05,-2.697247089e-05,1.261199612e-05,1.811242487e-04,5.641073084e-04,1.579887963e-03,2.258181656e-03,1.479898961e-03,3.640353510e-04,
3.611459746e-06,-6.574195686e-06,-3.018716834e-06,-6.843230487e-05,-2.267115219e-04,-4.299648933e-04,-4.530618051e-04,-2.506392297e-04,-5.718964957e-05,
1.587234485e-01
l,9.0,-4.0
2.490,3.450,4.450,
9.364778306e-11,1.239004988e+01
3.976598964e-05,-3.389453951e-05,1.011976614e-05,2.966688911e-04,3.785728171e-04,1.100094197e-03,2.681432417e-03,2.642224875e-03,9.016821772e-04,
8.513668407e-06,-1.543175478e-05,-1.655299760e-05,-2.574944797e-04,-9.921348385e-04,-2.143327373e-03,-2.596376572e-03,-1.651257828e-03,-4.311946979e-04,
1.589580239e-01
l,9.0,-3.0
2.570,3.610,4.730,
9.391292208e-11,1.255221384e+01
5.612245150e-05,-6.509068444e-05,2.699739252e-06,2.154911106e-04,4.726820868e-04,2.478682344e-03,4.948283457e-03,3.984807521e-03,1.150175668e-03,
8.990905646e-06,-1.641638975e-05,-7.419296166e-06,-1.711331663e-04,-5.666167842e-04,-1.074437959e-03,-1.132313382e-03,-6.264399382e-04,-1.430535966e-04,
1.587234547e-01
l,9.0,-2.0
2.630,3.590,4.610,
9.908764615e-11,1.275064093e+01
9.854613018e-05,-1.030937205e-04,-3.723491491e-05,1.024688111e-03,4.794123630e-03,1.505247837e-02,2.429605811e-02,1.857989368e-02,5.421752318e-03,
1.972559941e-05,-3.590878759e-05,-2.542549038e-05,-4.627288028e-04,-1.620983536e-03,-3.159425377e-03,-3.401243902e-03,-1.903758823e-03,-4.374384761e-04,
1.589581192e-01
l,9.0,-1.0
2.590,3.690,4.810,
1.132546209e-09,1.067678744e+01
1.506406988e-04,-1.748376514e-04,5.710970044e-05,1.123990077e-03,3.130595434e-03,8.981649260e-03,1.357393815e-02,9.314686372e-03,2.378916920e-03,
2.406826148e-05,-4.403154723e-05,-1.991530183e-05,-4.596156733e-04,-1.522368298e-03,-2.886635871e-03,-3.041075044e-03,-1.681872242e-03,-3.840087666e-04,
1.587235744e-01
l,9.0,0.0
2.650,3.630,4.670,
2.917874825e-10,1.249490132e+01
2.811054001e-04,-2.678584138e-04,1.932651634e-04,4.877462100e-03,1.863428966e-02,4.790745115e-02,6.927150750e-02,4.964236265e-02,1.383126404e-02,
5.478048669e-05,-9.988115399e-05,-7.394289011e-05,-1.348683386e-03,-4.889215510e-03,-9.915646490e-03,-1.118153766e-02,-6.598223096e-03,-1.602746238e-03,
1.589271037e-01
l,9.0,1.0
2.630,3.730,4.870,
1.400504045e-09,1.146674052e+01
4.374404962e-04,-5.206417922e-04,2.329093208e-04,3.486113724e-03,1.039035087e-02,2.911976045e-02,4.231569087e-02,2.817963440e-02,7.032175477e-03,
6.680542667e-05,-1.223954061e-04,-5.267738251e-05,-1.257732143e-03,-4.149384112e-03,-7.840570555e-03,-8.209791101e-03,-4.505003015e-03,-1.018194487e-03,
1.586925784e-01
l,9.0,2.0
2.590,3.630,4.670,
7.401415096e-10,1.281440866e+01
8.746216772e-04,-8.498998112e-04,2.428705693e-04,8.985041619e-03,2.309858512e-02,5.258128385e-02,7.508687422e-02,5.204507219e-02,1.363624337e-02,
1.697555844e-04,-3.095685994e-04,-2.482952505e-04,-4.379872142e-03,-1.604083211e-02,-3.276251595e-02,-3.715229027e-02,-2.202097122e-02,-5.362529071e-03,
1.589271318e-01
l,9.0,3.0
2.590,3.710,4.870,
6.078367747e-09,1.137373037e+01
1.417121966e-03,-1.755340638e-03,8.542552752e-04,1.090874467e-02,3.453666279e-02,9.788794350e-02,1.384147984e-01,8.920730040e-02,2.154597479e-02,
2.069446524e-04,-3.792234588e-04,-1.535296170e-04,-3.756282350e-03,-1.210110442e-02,-2.235663417e-02,-2.285284983e-02,-1.224960299e-02,-2.706674756e-03,
1.586315112e-01
l,9.0,4.0
2.530,3.570,4.610,
2.519508697e-08,1.075205100e+01
3.075080924e-03,-3.170835321e-03,1.171966640e-03,2.995761673e-02,8.046193233e-02,2.046906853e-01,3.077863622e-01,2.191151431e-01,5.874974751e-02,
5.870486556e-04,-1.069598596e-03,-8.139008343e-04,-1.493722777e-02,-5.518390349e-02,-1.137649835e-01,-1.300742049e-01,-7.770367282e-02,-1.904828126e-02,
1.589270904e-01
l,9.0,5.0
2.470,3.610,4.770,
3.178153907e-08,1.156017193e+01
5.348830018e-03,-6.986691975e-03,4.704132544e-03,4.618367481e-02,1.631707271e-01,4.530349510e-01,6.083826260e-01,3.735441162e-01,8.627710416e-02,
7.700586385e-04,-1.408985037e-03,-6.228983251e-04,-1.430617428e-02,-4.614379237e-02,-8.528947085e-02,-8.723770512e-02,-4.682603155e-02,-1.034958161e-02,
1.585386716e-01
l,9.0,6.0
2.430,3.390,4.370,
8.885466687e-08,1.170693274e+01
1.369544026e-02,-1.526497385e-02,8.171765587e-03,1.595672882e-01,5.358651906e-01,1.570068358e+00,2.484547021e+00,1.842261663e+00,5.168048622e-01,
2.820624401e-03,-5.124288968e-03,-4.196492333e-03,-7.674470436e-02,-2.966481119e-01,-6.419326485e-01,-7.738160162e-01,-4.890709131e-01,-1.270407796e-01,
1.589271317e-01
l,9.0,7.0
2.310,3.390,4.490,
5.495482374e-09,1.669725083e+01
2.647895925e-02,-3.980779492e-02,4.377686014e-02,2.995413880e-01,1.282989386e+00,3.451306316e+00,4.130189684e+00,2.162970511e+00,4.007429534e-01,
3.988897975e-03,-7.283672549e-03,-4.876340434e-03,-9.501254127e-02,-3.356889538e-01,-6.639410021e-01,-7.214993060e-01,-4.092843929e-01,-9.483356786e-02,
1.584458354e-01
l,9.0,8.0
2.250,2.730,3.230,
1.056243981e-07,1.542159535e+01
1.614733040e-01,1.403380271e-02,7.267137801e-01,2.797601546e+01,1.990167827e+02,7.795414466e+02,1.793906043e+03,2.215806701e+03,1.123668384e+03,
7.535001593e-02,-1.526831748e-01,-1.020081239e+00,-2.177352507e+01,-1.797801672e+02,-7.856031622e+02,-1.885189320e+03,-2.341144624e+03,-1.178838079e+03,
1.591436181e-01
l,9.0,9.0
2.270,2.530,2.850,
0.000000000e+00,0.000000000e+00
2.001621962e+00,-1.076362317e+01,7.536533085e+00,-4.930472572e+02,-2.389738143e+04,-1.832361620e+05,-5.594212251e+05,-6.802653006e+05,-1.743849220e+05,
4.323900703e-01,-1.568969309e+00,-1.322369544e+01,-4.998883103e+02,-6.275200282e+03,-4.311809741e+04,-1.629264125e+05,-3.226443411e+05,-2.615525049e+05,
1.591435798e-01
