l,1.0,-1.0
0.250,1.410,2.610,
6.633146301e-02,2.636953567e+00
6.008186843e-03,-6.265285210e-03,5.421270237e-03,2.736512416e-02,7.685897521e-02,1.504106123e-01,1.640295795e-01,1.070840082e-01,3.160350693e-02,
1.215127359e-03,-1.849420996e-03,-1.405968880e-03,-2.011811758e-02,-6.524981269e-02,-1.166029803e-01,-1.154362543e-01,-5.965959505e-02,-1.257950777e-02,
1.587236629e-01
l,1.0,0.0
0.270,0.630,1.030,
8.062081315e-01,3.607755063e+00
3.690230846e-02,2.119762172e-02,9.474050615e-01,2.480164564e+01,2.590687995e+02,1.488145137e+03,4.708484284e+03,7.669891918e+03,5.034316859e+03,
2.698277314e-02,-3.349599737e-02,-7.104603859e-01,-1.901908854e+01,-2.132104717e+02,-1.220262299e+03,-3.748307741e+03,-5.885261048e+03,-3.713482552e+03,
1.591435966e-01
l,1.0,1.0
0.350,0.550,0.790,
8.704641735e+01,5.778076727e+00
3.516860902e-01,-1.521608936e+00,2.927203861e+01,1.058564484e+03,2.130342508e+04,2.362162464e+05,1.316037088e+06,3.544579755e+06,3.707651440e+06,
1.451340889e-01,-4.102345123e-01,-1.454391495e+01,-7.685282197e+02,-1.550198961e+04,-1.547858248e+05,-8.097248576e+05,-2.135901881e+06,-2.245577016e+06,
1.591436116e-01
l,2.0,-2.0
0.550,1.850,3.150,
3.655909038e-03,4.024039776e+00
1.337902970e-03,-1.459437894e-03,7.753105597e-04,2.189965239e-03,-5.588824917e-04,-7.668680951e-03,-1.749787393e-02,-1.400328040e-02,-3.639803108e-03,
2.180027377e-04,-3.450845048e-04,-1.504624418e-04,-2.756001443e-03,-7.995009699e-03,-1.311059894e-02,-1.193357300e-02,-5.685682037e-03,-1.109347250e-03,
1.585387062e-01
l,2.0,-1.0
0.590,1.670,2.750,
8.661037926e-03,4.620402221e+00
4.127859138e-03,-3.860810991e-03,3.587628899e-03,3.331569224e-02,9.378207118e-02,1.826086564e-01,1.689208502e-01,6.217739506e-02,5.116380321e-03,
9.819217356e-04,-1.512354931e-03,-1.686244581e-03,-2.312276415e-02,-8.492024793e-02,-1.696145384e-01,-1.873013764e-01,-1.077396538e-01,-2.526190660e-02,
1.589271310e-01
l,2.0,0.0
0.630,1.750,2.890,
2.536872434e-02,5.211847232e+00
9.424710646e-03,-1.069190496e-02,7.571304212e-03,2.447954194e-02,-1.357684463e-02,-1.637555501e-01,-4.245820454e-01,-4.030170753e-01,-1.269585329e-01,
1.900709929e-03,-2.967811238e-03,-2.088641855e-03,-3.289393365e-02,-1.102191775e-01,-2.056742230e-01,-2.133877023e-01,-1.160133231e-01,-2.581776920e-02,
1.586315496e-01
l,2.0,1.0
0.650,1.170,1.730,
8.952632487e-02,5.405864498e+00
5.176309869e-02,-6.073572708e-03,2.688845000e-01,7.060198731e+00,4.868760141e+01,1.948363066e+02,4.449692663e+02,5.264345512e+02,2.500067954e+02,
2.718197723e-02,-4.101966450e-02,-2.121605655e-01,-3.664423828e+00,-2.561688669e+01,-9.664741928e+01,-2.035860517e+02,-2.246956206e+02,-1.013975492e+02,
1.591436116e-01
l,2.0,2.0
0.710,1.050,1.410,
1.635287925e+00,8.270663965e+00
4.088400006e-01,-1.058950401e+00,6.047425029e+00,1.743733118e+02,1.633304322e+03,1.217102915e+04,5.197202352e+04,1.076600380e+05,8.520050383e+04,
1.474592480e-01,-3.596009841e-01,-3.893710654e+00,-1.234739946e+02,-1.454631215e+03,-9.028643384e+03,-3.044098641e+04,-5.296398069e+04,-3.731215136e+04,
1.591435857e-01
l,3.0,-3.0
0.890,2.190,3.510,
1.506106940e-04,5.950183250e+00
3.327538143e-04,-3.575565544e-04,1.792989218e-04,1.009833831e-03,1.820350449e-03,3.026833946e-03,1.630024288e-03,-2.866985184e-04,-2.984058274e-04,
5.096927033e-05,-8.230729070e-05,-3.480734635e-05,-6.552074843e-04,-1.869320907e-03,-3.022962992e-03,-2.708654913e-03,-1.269602227e-03,-2.440210578e-04,
1.584458639e-01
l,3.0,-2.0
0.970,2.150,3.350,
1.982540523e-04,5.553727059e+00
8.394775214e-04,-8.071365406e-04,4.209401117e-04,4.989525234e-03,1.352186474e-02,2.925692003e-02,3.247246312e-02,1.658378714e-02,3.157936266e-03,
1.588503873e-04,-2.544191049e-04,-1.675919575e-04,-2.671926866e-03,-8.595510220e-03,-1.535750980e-02,-1.520047404e-02,-7.850574787e-03,-1.658870197e-03,
1.588479170e-01
l,3.0,-1.0
1.010,2.230,3.470,
3.333232583e-04,5.939021459e+00
1.832398004e-03,-1.899855204e-03,1.059430207e-03,1.035888018e-02,2.900551665e-02,6.467077971e-02,7.111720017e-02,3.544565812e-02,6.532300287e-03,
3.143939797e-04,-5.069503503e-04,-2.963448706e-04,-5.032620721e-03,-1.577845067e-02,-2.751405974e-02,-2.646358033e-02,-1.326155646e-02,-2.716772321e-03,
1.586006267e-01
l,3.0,0.0
1.050,2.150,3.250,
6.908534118e-04,5.748921873e+00
4.946351051e-03,-4.641010866e-03,3.229006549e-03,4.386318419e-02,1.367982637e-01,3.217027489e-01,4.015395335e-01,2.378733368e-01,5.381306925e-02,
1.078522277e-03,-1.721150930e-03,-1.726227578e-03,-2.503900764e-02,-9.032536726e-02,-1.777416937e-01,-1.929429908e-01,-1.089538282e-01,-2.509013652e-02,
1.589271317e-01
l,3.0,1.0
1.070,2.150,3.230,
1.714850740e-03,6.560407617e+00
1.266189013e-02,-1.383338395e-02,1.221669434e-02,1.181373768e-01,4.026492974e-01,9.931363343e-01,1.206611844e+00,6.716831963e-01,1.391134801e-01,
2.679918412e-03,-4.287605960e-03,-3.967415395e-03,-6.103396479e-02,-2.226068433e-01,-4.452704306e-01,-4.917093660e-01,-2.830362578e-01,-6.650380373e-02,
1.586926838e-01
l,3.0,2.0
1.090,1.710,2.350,
5.933850792e-03,6.719810485e+00
5.987334996e-02,-1.639121191e-02,1.745737141e-01,4.401900621e+00,2.358065208e+01,7.575920432e+01,1.448334329e+02,1.462688020e+02,5.968606208e+01,
2.664231920e-02,-4.287703369e-02,-1.996687519e-01,-3.304865098e+00,-2.105565678e+01,-7.135980445e+01,-1.333187382e+02,-1.293533379e+02,-5.101164576e+01,
1.591435857e-01
l,3.0,3.0
1.150,1.550,1.990,
2.594505480e-02,9.645147166e+00
4.165846109e-01,-6.492655561e-01,1.426101970e+00,6.555605737e+01,2.894511533e+02,1.044178369e+03,3.568025767e+03,6.835622799e+03,4.971758900e+03,
1.467477595e-01,-3.341829179e-01,-2.125825723e+00,-5.213420283e+01,-4.643677782e+02,-2.253368087e+03,-6.067662882e+03,-8.550716257e+03,-4.936611743e+03,
1.591435320e-01
l,4.0,-4.0
1.230,2.530,3.850,
4.007325611e-06,6.652453989e+00
8.147158223e-05,-8.501753094e-05,3.854551548e-05,3.625275326e-04,9.346051830e-04,2.048132657e-03,2.202955893e-03,1.071778758e-03,1.939945175e-04,
1.219744914e-05,-2.000217432e-05,-8.191917896e-06,-1.596314033e-04,-4.536803014e-04,-7.326384025e-04,-6.550978298e-04,-3.063538841e-04,-5.885268348e-05,
1.584767428e-01
l,4.0,-3.0
1.330,2.550,3.790,
5.813055959e-06,6.112088431e+00
1.862116042e-04,-1.726837958e-04,5.630005872e-05,1.071017053e-03,2.772739474e-03,6.171239526e-03,7.482618861e-03,4.268044272e-03,9.231386233e-04,
3.240766328e-05,-5.301302856e-05,-3.280024090e-05,-5.401366373e-04,-1.690271451e-03,-2.939830381e-03,-2.822296394e-03,-1.410504613e-03,-2.884125186e-04,
1.588168588e-01
l,4.0,-2.0
1.410,2.650,3.890,
8.825217920e-06,6.104238886e+00
3.888891079e-04,-3.758847779e-04,1.309692154e-04,2.185823718e-03,5.629594894e-03,1.272470522e-02,1.550187808e-02,8.832696406e-03,1.903521603e-03,
6.604165951e-05,-1.084867336e-04,-6.340218452e-05,-1.087100869e-03,-3.396852387e-03,-5.912943676e-03,-5.678130731e-03,-2.839355808e-03,-5.811198691e-04,
1.586625645e-01
l,4.0,-1.0
1.470,2.650,3.850,
1.621159544e-05,5.993995765e+00
9.164104122e-04,-8.055401193e-04,1.608468423e-04,5.588293326e-03,1.379950680e-02,3.080016003e-02,3.983594756e-02,2.449702209e-02,5.708777487e-03,
1.696935540e-04,-2.783575792e-04,-1.770879820e-04,-2.922340687e-03,-9.359646963e-03,-1.670227905e-02,-1.650859002e-02,-8.509055254e-03,-1.797671623e-03,
1.588479022e-01
l,4.0,0.0
1.510,2.690,3.890,
3.044512648e-05,6.189877571e+00
2.113400958e-03,-1.967131257e-03,5.002793936e-04,1.289713213e-02,3.280944684e-02,7.658938006e-02,1.002446318e-01,6.165236573e-02,1.432173266e-02,
3.816975878e-04,-6.273858512e-04,-3.657211723e-04,-6.391929968e-03,-2.044104185e-02,-3.652154451e-02,-3.612112344e-02,-1.863849158e-02,-3.944007427e-03,
1.587236326e-01
l,4.0,1.0
1.530,2.630,3.750,
7.034939773e-05,6.265892366e+00
5.578083917e-03,-4.836394292e-03,1.425037587e-03,4.511283775e-02,1.238989513e-01,2.872714036e-01,3.890112478e-01,2.541696948e-01,6.336752544e-02,
1.156600825e-03,-1.892878382e-03,-1.346678983e-03,-2.169178498e-02,-7.321769662e-02,-1.381907335e-01,-1.454312356e-01,-8.015833185e-02,-1.816002406e-02,
1.589271466e-01
l,4.0,2.0
1.530,2.570,3.650,
1.358365882e-04,7.158330459e+00
1.549953036e-02,-1.462329797e-02,6.350890102e-03,1.466149462e-01,4.386180097e-01,1.135371689e+00,1.653054110e+00,1.141454467e+00,2.987531320e-01,
3.280353557e-03,-5.367795431e-03,-4.852593628e-03,-7.615673591e-02,-2.770350484e-01,-5.536836023e-01,-6.111753399e-01,-3.514731019e-01,-8.266003154e-02,
1.587856239e-01
l,4.0,3.0
1.530,2.230,2.970,
3.559590874e-04,7.975201370e+00
6.460559368e-02,-1.911647660e-02,3.015831853e-02,2.312159660e+00,9.676956578e+00,2.457008069e+01,4.048215953e+01,3.692898767e+01,1.379951055e+01,
2.446616157e-02,-4.064306170e-02,-1.086030533e-01,-1.658165990e+00,-8.836774207e+00,-2.543351919e+01,-4.068528575e+01,-3.393417616e+01,-1.155380064e+01,
1.591435320e-01
l,4.0,4.0
1.550,2.050,2.590,
7.391466184e-04,1.032086625e+01
4.050629139e-01,-3.779763590e-01,2.278753215e-01,4.622146608e+01,2.260193649e+02,6.226562346e+02,1.234946661e+03,1.531935282e+03,8.188822241e+02,
1.326109667e-01,-2.817470712e-01,-1.455338637e+00,-3.271182067e+01,-2.550099228e+02,-1.050928528e+03,-2.352731173e+03,-2.714361869e+03,-1.270378982e+03,
1.591436058e-01
l,5.0,-5.0
1.610,2.890,4.190,
1.195113900e-07,7.347315208e+00
1.916133078e-05,-1.935785825e-05,6.008424963e-06,7.317244123e-05,1.416661046e-04,3.258050121e-04,3.900248545e-04,2.055701598e-04,3.951133023e-05,
2.896931359e-06,-4.811549372e-06,-1.971435509e-06,-3.945620348e-05,-1.142729829e-04,-1.886237148e-04,-1.726848261e-04,-8.274657914e-05,-1.630704675e-05,
1.585385624e-01
l,5.0,-4.0
1.710,2.950,4.190,
2.221748272e-07,6.513163871e+00
4.098871068e-05,-3.722552712e-05,6.970694280e-06,2.228893813e-04,5.190687622e-04,1.124851494e-03,1.411373564e-03,8.373631140e-04,1.876329800e-04,
6.973626835e-06,-1.158266471e-05,-6.990161764e-06,-1.179589764e-04,-3.679400811e-04,-6.393507775e-04,-6.130371929e-04,-3.059198362e-04,-6.251233840e-05,
1.588168456e-01
l,5.0,-3.0
1.810,3.050,4.290,
3.106792749e-07,6.550973030e+00
8.402096137e-05,-7.582376795e-05,8.576469137e-06,4.412742813e-04,9.754002001e-04,2.097223273e-03,2.690170007e-03,1.630920559e-03,3.720865122e-04,
1.418111655e-05,-2.363292967e-05,-1.302583390e-05,-2.328345352e-04,-7.246625596e-04,-1.259412463e-03,-1.207436553e-03,-6.023807169e-04,-1.231364943e-04,
1.587235761e-01
l,5.0,-2.0
1.890,3.110,4.330,
4.755832320e-07,6.642129517e+00
1.816396980e-04,-1.560226644e-04,1.981925447e-06,9.603604338e-04,1.971008196e-03,4.014324772e-03,5.251307807e-03,3.288950252e-03,7.742918457e-04,
3.190432526e-05,-5.323903076e-05,-3.011737327e-05,-5.340115517e-04,-1.683477277e-03,-2.965103184e-03,-2.886237609e-03,-1.462560092e-03,-3.038221538e-04,
1.588479170e-01
l,5.0,-1.0
1.930,3.150,4.370,
8.240357524e-07,6.685059146e+00
4.052183067e-04,-3.335837608e-04,-3.189822045e-05,2.101197174e-03,3.913294426e-03,7.418067184e-03,9.884946182e-03,6.371134343e-03,1.534878830e-03,
7.168945084e-05,-1.197881219e-04,-7.162214219e-05,-1.229924162e-03,-3.878786019e-03,-6.825696971e-03,-6.638666599e-03,-3.360456333e-03,-6.974470963e-04,
1.587857779e-01
l,5.0,0.0
1.970,3.170,4.370,
1.608369545e-06,6.715995078e+00
9.403383010e-04,-7.506353124e-04,-1.002086510e-04,5.196055578e-03,9.964419173e-03,1.861700778e-02,2.486931784e-02,1.630218945e-02,4.012242338e-03,
1.723967271e-04,-2.881105069e-04,-1.798276027e-04,-3.034667095e-03,-9.694368521e-03,-1.728651341e-02,-1.706788501e-02,-8.777545570e-03,-1.851701974e-03,
1.588788969e-01
l,5.0,1.0
1.990,3.170,4.370,
3.308845021e-06,6.848923904e+00
2.275283914e-03,-1.824454056e-03,-3.472299490e-04,1.240216762e-02,2.274865431e-02,4.305821830e-02,6.037442830e-02,4.109482879e-02,1.040893127e-02,
4.142540860e-04,-6.925783622e-04,-4.071507703e-04,-7.133552386e-03,-2.275731870e-02,-4.058610266e-02,-4.006878495e-02,-2.060719422e-02,-4.350588005e-03,
1.588168164e-01
l,5.0,2.0
2.010,3.130,4.270,
7.853832584e-06,6.970732320e+00
5.930544809e-03,-4.739438808e-03,-7.662128504e-04,3.725885089e-02,7.504296851e-02,1.518726359e-01,2.205328333e-01,1.560336276e-01,4.131976667e-02,
1.178317567e-03,-1.966227794e-03,-1.240123950e-03,-2.137802097e-02,-7.086306839e-02,-1.316730903e-01,-1.361633188e-01,-7.359129933e-02,-1.635741111e-02,
1.589271208e-01
l,5.0,3.0
2.010,3.050,4.110,
1.020852899e-05,8.172363313e+00
1.696798019e-02,-1.418118147e-02,1.274606217e-03,1.490138668e-01,3.574259511e-01,7.875764840e-01,1.160715658e+00,8.411698719e-01,2.308314919e-01,
3.706091132e-03,-6.178209046e-03,-5.902950983e-03,-9.152867214e-02,-3.366466795e-01,-6.814137471e-01,-7.634031164e-01,-4.456801094e-01,-1.065216886e-01,
1.588478385e-01
l,5.0,4.0
1.990,2.750,3.550,
1.938646940e-05,9.177783162e+00
6.681776047e-02,-1.773399896e-02,1.638799404e-02,2.055381791e+00,8.282120255e+00,1.915866301e+01,2.807790956e+01,2.288409285e+01,7.714633961e+00,
2.311022291e-02,-3.918525823e-02,-9.981961624e-02,-1.489868658e+00,-7.524467814e+00,-2.034545217e+01,-3.033687474e+01,-2.345196440e+01,-7.372786580e+00,
1.591436058e-01
l,5.0,5.0
2.010,2.570,3.150,
2.551395813e-05,1.126495142e+01
3.791517913e-01,-2.682297951e-01,-9.407724386e-02,2.638913267e+01,1.053147107e+02,2.072081605e+02,2.896893130e+02,2.928952623e+02,1.426454845e+02,
1.268113490e-01,-2.615647938e-01,-9.699371288e-01,-1.904930618e+01,-1.274625970e+02,-4.661038920e+02,-9.469126931e+02,-1.004930120e+03,-4.372488128e+02,
1.591435918e-01
l,6.0,-6.0
2.010,3.250,4.550,
5.328707193e-09,7.394088186e+00
4.425674888e-06,-4.303564810e-06,1.263936760e-06,2.806605538e-05,8.379418273e-05,1.925277897e-04,2.365747818e-04,1.385092827e-04,3.102264559e-05,
6.609335219e-07,-1.110228979e-06,-3.857189525e-07,-8.703519646e-06,-2.500591713e-05,-4.120628138e-05,-3.767332484e-05,-1.802378900e-05,-3.552596719e-06,
1.586005657e-01
l,6.0,-5.0
2.090,3.330,4.590,
5.678370564e-09,7.591086992e+00
9.086214050e-06,-7.805494646e-06,-9.198081948e-07,4.159019114e-05,7.571945925e-05,1.522273555e-04,2.059358732e-04,1.310743516e-04,3.094194866e-05,
1.486991342e-06,-2.500683168e-06,-9.065127787e-07,-1.995274587e-05,-5.796233062e-05,-9.632158730e-05,-8.902621392e-05,-4.306459516e-05,-8.613404955e-06,
1.588167359e-01
l,6.0,-4.0
2.210,3.450,4.690,
1.058825227e-08,7.206133509e+00
1.801496910e-05,-1.538672220e-05,-1.348532338e-06,8.977045681e-05,1.736088102e-04,3.403291695e-04,4.480916086e-04,2.833480612e-04,6.708040112e-05,
3.018865295e-06,-5.090880811e-06,-2.609035236e-06,-4.906440686e-05,-1.520620352e-04,-2.638115052e-04,-2.524323611e-04,-1.256003906e-04,-2.563023111e-05,
1.587857199e-01
l,6.0,-3.0
2.290,3.510,4.750,
1.334567541e-08,7.441436558e+00
3.811201896e-05,-2.898819143e-05,-9.958229169e-06,1.859022873e-04,3.099788983e-04,4.884215306e-04,6.422512768e-04,4.279934516e-04,1.064893230e-04,
6.558344845e-06,-1.107742382e-05,-6.109966151e-06,-1.096071122e-04,-3.401399686e-04,-5.894754435e-04,-5.635480908e-04,-2.798190033e-04,-5.697047891e-05,
1.588478154e-01
l,6.0,-2.0
2.370,3.590,4.830,
1.737802345e-08,7.711872368e+00
8.033867925e-05,-6.076456079e-05,-2.288405994e-05,3.862171506e-04,6.147201959e-04,9.098742484e-04,1.197416758e-03,8.093069591e-04,2.035706890e-04,
1.376607157e-05,-2.329993504e-05,-1.234504830e-05,-2.277984254e-04,-7.072848747e-04,-1.227653078e-03,-1.175135502e-03,-5.840328967e-04,-1.190202981e-04,
1.588477159e-01
l,6.0,-1.0
2.430,3.650,4.870,
3.039633496e-08,7.754115462e+00
1.750895026e-04,-1.315750134e-04,-4.774149470e-05,8.650424784e-04,1.371264841e-03,1.945324209e-03,2.506750681e-03,1.690435232e-03,4.259394969e-04,
3.092635607e-05,-5.239867192e-05,-3.060294050e-05,-5.363941402e-04,-1.686199795e-03,-2.961361858e-03,-2.873841916e-03,-1.449594997e-03,-2.998946972e-04,
1.589099020e-01
l,6.0,0.0
2.470,3.690,4.910,
5.478841752e-08,7.847088946e+00
3.948124067e-04,-2.977998401e-04,-1.175049209e-04,1.929286822e-03,3.033473935e-03,4.322823531e-03,5.669750141e-03,3.870844541e-03,9.832961335e-04,
6.942084687e-05,-1.177426666e-04,-6.298911511e-05,-1.165088589e-03,-3.655587854e-03,-6.420926596e-03,-6.230977132e-03,-3.142476330e-03,-6.503064863e-04,
1.588477018e-01
l,6.0,1.0
2.490,3.690,4.910,
1.057714904e-07,7.979421874e+00
9.395253728e-04,-6.719466937e-04,-3.499188757e-04,4.655694557e-03,7.083097358e-03,8.934261695e-03,1.160990471e-02,8.228759481e-03,2.167160009e-03,
1.669054165e-04,-2.831229932e-04,-1.577212169e-04,-2.845269229e-03,-8.932909415e-03,-1.568189770e-02,-1.521001066e-02,-7.663925799e-03,-1.584559291e-03,
1.589099276e-01
l,6.0,2.0
2.490,3.690,4.890,
2.511829262e-07,7.984330517e+00
2.298162086e-03,-1.717411175e-03,-7.751252250e-04,1.150216951e-02,1.682219949e-02,2.207663261e-02,3.054781579e-02,2.220370666e-02,5.905973640e-03,
4.149608857e-04,-7.038082078e-04,-3.846859113e-04,-7.094563675e-03,-2.254068776e-02,-4.013428952e-02,-3.954454045e-02,-2.027213709e-02,-4.268269860e-03,
1.588787348e-01
l,6.0,3.0
2.490,3.630,4.790,
6.165651314e-07,8.091935899e+00
6.132321898e-03,-4.387878046e-03,-2.420812142e-03,3.431432478e-02,5.379785348e-02,7.268619078e-02,1.035316101e-01,7.892983927e-02,2.214966719e-02,
1.182664302e-03,-2.003138223e-03,-1.160378876e-03,-2.097741024e-02,-6.834784022e-02,-1.249669433e-01,-1.269072378e-01,-6.718461635e-02,-1.462849632e-02,
1.589270672e-01
l,6.0,4.0
2.470,3.530,4.610,
1.368541201e-06,8.465450314e+00
1.795814931e-02,-1.258133470e-02,-4.927344778e-03,1.480559282e-01,3.049459827e-01,4.944273760e-01,6.711018981e-01,4.970923525e-01,1.415488813e-01,
3.864037088e-03,-6.540529530e-03,-6.141729273e-03,-9.545112697e-02,-3.457394784e-01,-6.882178947e-01,-7.568725804e-01,-4.326376621e-01,-1.011887272e-01,
1.589098229e-01
l,6.0,5.0
2.470,3.290,4.130,
1.141435260e-06,1.016350172e+01
6.676570326e-02,-2.349730401e-02,-2.215857302e-02,1.322835883e+00,4.362279514e+00,8.185336413e+00,1.055827553e+01,8.064437522e+00,2.604173935e+00,
2.129281860e-02,-3.660183693e-02,-6.398676840e-02,-9.493707613e-01,-4.342471849e+00,-1.087116118e+01,-1.520333773e+01,-1.110394839e+01,-3.320378876e+00,
1.591435918e-01
l,6.0,6.0
2.470,3.090,3.730,
8.978167793e-07,1.230704383e+01
3.537360132e-01,-2.006317119e-01,-1.205279101e-01,2.021505007e+01,8.703210091e+01,1.962972727e+02,2.932239048e+02,2.685297170e+02,1.086288975e+02,
1.140873242e-01,-2.277817612e-01,-7.560311541e-01,-1.425809272e+01,-8.935663668e+01,-3.018801493e+02,-5.612798660e+02,-5.412292863e+02,-2.127851699e+02,
1.591436044e-01
l,7.0,-7.0
2.350,3.630,4.910,
4.088162768e-13,1.523341097e+01
9.852225276e-07,-9.311675979e-07,-2.926503998e-07,-1.475775581e-07,-1.227622376e-05,-2.702713560e-05,-2.745847367e-05,-1.471661268e-05,-3.305373213e-06,
1.498480234e-07,-2.541275660e-07,-7.486180969e-08,-1.892857764e-06,-5.345550738e-06,-8.721209267e-06,-7.914508907e-06,-3.769184137e-06,-7.443491404e-07,
1.586623783e-01
l,7.0,-6.0
2.470,3.710,4.970,
2.206612485e-10,8.104746310e+00
1.990538067e-06,-1.595137009e-06,-6.160439886e-07,8.022242975e-06,1.021343088e-05,1.494380448e-05,2.249806762e-05,1.603543050e-05,4.073732635e-06,
3.256051738e-07,-5.529951879e-07,-2.112592378e-07,-4.577177056e-06,-1.353821675e-05,-2.289847745e-05,-2.151062987e-05,-1.054009582e-05,-2.127868797e-06,
1.588478411e-01
l,7.0,-5.0
2.590,3.830,5.070,
1.541117494e-10,8.750835264e+00
3.892832865e-06,-2.967753529e-06,-1.112662637e-06,1.755802649e-05,2.291307033e-05,2.607340224e-05,3.460365867e-05,2.450038713e-05,6.291436459e-06,
6.600876287e-07,-1.123687340e-06,-6.322847295e-07,-1.130374704e-05,-3.516173649e-05,-6.111512595e-05,-5.857290560e-05,-2.914397385e-05,-5.943888863e-06,
1.588477729e-01
l,7.0,-4.0
2.690,3.930,5.170,
2.452007551e-10,8.646621995e+00
7.840631042e-06,-5.691777638e-06,-2.902120023e-06,3.518315215e-05,4.477012639e-05,4.087592819e-05,5.119020766e-05,3.787600790e-05,1.011742504e-05,
1.338176154e-06,-2.283125432e-06,-1.234786895e-06,-2.262468603e-05,-7.025736285e-05,-1.219758048e-04,-1.167518814e-04,-5.797682969e-05,-1.180295730e-05,
1.589098440e-01
l,7.0,-3.0
2.790,4.010,5.250,
4.023628779e-10,8.595134745e+00
1.624441938e-05,-1.107045761e-05,-7.183661513e-06,7.634985105e-05,1.105638470e-04,1.087507092e-04,1.244142653e-04,8.790078430e-05,2.336229412e-05,
2.805052016e-06,-4.794108363e-06,-2.687033489e-06,-4.804562346e-05,-1.487379955e-04,-2.571622154e-04,-2.451915204e-04,-1.212315558e-04,-2.457837571e-05,
1.589097016e-01
l,7.0,-2.0
2.850,4.090,5.330,
4.876967428e-10,8.897382218e+00
3.417097105e-05,-2.324170649e-05,-1.607545048e-05,1.539493878e-04,2.021586478e-04,1.514614420e-04,1.624133048e-04,1.231669467e-04,3.427031619e-05,
5.878021828e-06,-1.006295924e-05,-5.097904620e-06,-9.725559298e-05,-3.010587717e-04,-5.216476894e-04,-4.982632846e-04,-2.466665758e-04,-5.007259002e-05,
1.588959103e-01
l,7.0,-1.0
2.910,4.150,5.390,
6.880335618e-10,9.120255383e+00
7.408417150e-05,-4.976277549e-05,-3.589972748e-05,3.366388768e-04,4.497737049e-04,3.311532453e-04,3.385686561e-04,2.545847918e-04,7.106696647e-05,
1.274651779e-05,-2.184838752e-05,-1.121499401e-05,-2.124032401e-04,-6.573284412e-04,-1.138384907e-03,-1.086762092e-03,-5.376363584e-04,-1.090628661e-04,
1.589096045e-01
l,7.0,0.0
2.950,4.190,5.430,
1.625120517e-09,8.944320900e+00
1.658315014e-04,-1.092388285e-04,-8.334851628e-05,7.741311942e-04,1.108916752e-03,9.232394723e-04,9.384583423e-04,6.681177868e-04,1.813694594e-04,
2.860324139e-05,-4.906796085e-05,-2.533103551e-05,-4.780173969e-04,-1.478479960e-03,-2.558475923e-03,-2.440453734e-03,-1.206078492e-03,-2.444118265e-04,
1.589269305e-01
l,7.0,1.0
2.990,4.210,5.450,
2.639604055e-09,9.179942840e+00
3.837494005e-04,-2.470037942e-04,-2.019049238e-04,1.829977746e-03,2.726078273e-03,2.371879625e-03,2.406578921e-03,1.699343590e-03,4.629151540e-04,
6.641098767e-05,-1.139763347e-04,-5.934515347e-05,-1.113761545e-03,-3.443979510e-03,-5.957001418e-03,-5.679625419e-03,-2.805094703e-03,-5.681056772e-04,
1.589094896e-01
l,7.0,2.0
3.010,4.230,5.450,
6.851577330e-09,9.075550858e+00
9.091431857e-04,-6.250162181e-04,-4.223004133e-04,4.360179281e-03,6.284575448e-03,5.928300707e-03,6.746655775e-03,4.872965611e-03,1.320804502e-03,
1.596211892e-04,-2.739788330e-04,-1.405296045e-04,-2.687191287e-03,-8.406043467e-03,-1.474133121e-02,-1.427551645e-02,-7.173493366e-03,-1.479425830e-03,
1.589269385e-01
l,7.0,3.0
3.010,4.210,5.410,
1.455711899e-08,9.231542136e+00
2.279608976e-03,-1.581198834e-03,-1.048425920e-03,1.126055734e-02,1.588039325e-02,1.465193088e-02,1.740375730e-02,1.311557148e-02,3.658111844e-03,
4.108906675e-04,-7.049374461e-04,-3.776858981e-04,-7.087536523e-03,-2.245028913e-02,-3.989072661e-02,-3.921390554e-02,-2.002994568e-02,-4.201899171e-03,
1.589095378e-01
l,7.0,4.0
2.990,4.150,5.310,
3.859106050e-08,9.282197278e+00
6.124848034e-03,-4.161266471e-03,-2.916726439e-03,3.359385282e-02,5.035087374e-02,5.000745881e-02,6.124562747e-02,4.720690126e-02,1.356671858e-02,
1.173289142e-03,-2.010881737e-03,-1.171183289e-03,-2.124309686e-02,-6.908098422e-02,-1.261353222e-01,-1.278895716e-01,-6.752551300e-02,-1.466018293e-02,
1.589580179e-01
l,7.0,5.0
2.950,4.030,5.130,
9.904695745e-08,9.485757953e+00
1.827188022e-02,-1.119698337e-02,-8.899489489e-03,1.428468760e-01,2.859502181e-01,3.624887852e-01,4.108068194e-01,2.907972486e-01,8.258305849e-02,
3.846972419e-03,-6.592161376e-03,-5.877342948e-03,-9.311211717e-02,-3.320270978e-01,-6.501122221e-01,-7.018148757e-01,-3.927680639e-01,-8.986072852e-02,
1.589578211e-01
l,7.0,6.0
2.930,3.810,4.710,
1.612135956e-07,1.029493038e+01
6.609900296e-02,-2.184231410e-02,-3.945114033e-02,1.093049224e+00,3.533188032e+00,6.196433623e+00,7.335074680e+00,5.185494469e+00,1.569373937e+00,
1.926429902e-02,-3.344423269e-02,-4.965298310e-02,-7.542658407e-01,-3.275224558e+00,-7.746442653e+00,-1.016621244e+01,-6.930273032e+00,-1.928634886e+00,
1.591444772e-01
l,7.0,7.0
2.930,3.590,4.290,
3.279021568e-08,1.332419795e+01
3.325976133e-01,-9.469569467e-02,-2.456041724e-01,1.640674703e+01,7.856822426e+01,1.901765792e+02,2.810709748e+02,2.368188492e+02,8.551264533e+01,
1.053774716e-01,-2.065042408e-01,-4.844907183e-01,-8.452971916e+00,-4.599450248e+01,-1.377302895e+02,-2.297634853e+02,-1.998460129e+02,-7.131357487e+01,
1.591435751e-01
l,8.0,-8.0
2.710,3.990,5.270,
1.539673300e-12,1.014681604e+01
2.205627965e-07,-1.869802814e-07,-6.696788800e-08,2.541520364e-07,-1.849238865e-06,-4.574158665e-06,-4.409442792e-06,-2.107192033e-06,-4.165114744e-07,
3.379091633e-08,-5.777619554e-08,-2.064285722e-08,-4.780710418e-07,-1.428133588e-06,-2.447335258e-06,-2.327399587e-06,-1.155823194e-06,-2.362007162e-07,
1.587230399e-01
l,8.0,-7.0
2.870,4.110,5.350,
8.825353433e-12,8.585100357e+00
4.240976921e-07,-3.294160762e-07,-1.170779944e-07,1.960734811e-06,2.817133443e-06,3.712897677e-06,4.881641769e-06,3.344737677e-06,8.438625180e-07,
7.086678080e-08,-1.213701281e-07,-6.597384733e-08,-1.208686468e-06,-3.750626993e-06,-6.512627132e-06,-6.234058908e-06,-3.098201042e-06,-6.313879024e-07,
1.588477305e-01
l,8.0,-6.0
2.990,4.230,5.470,
2.608616010e-12,9.919000710e+00
8.201377000e-07,-5.915267464e-07,-3.326415518e-07,3.496350485e-06,3.638679293e-06,1.379294413e-06,1.605295175e-06,1.684926149e-06,5.297150306e-07,
1.386499949e-07,-2.380277379e-07,-1.271027943e-07,-2.358867130e-06,-7.325378555e-06,-1.273110118e-05,-1.219529976e-05,-6.058397798e-06,-1.233822821e-06,
1.588784238e-01
l,8.0,-5.0
3.090,4.330,5.570,
4.951835685e-12,9.631999237e+00
1.630191946e-06,-1.068242937e-06,-8.157534994e-07,7.354176573e-06,9.157160756e-06,4.339557138e-06,3.107550869e-06,2.801170452e-06,8.915241561e-07,
2.806289133e-07,-4.826915656e-07,-2.648592940e-07,-4.826678037e-06,-1.497586318e-05,-2.597173558e-05,-2.482597347e-05,-1.229332283e-05,-2.494689785e-06,
1.589098471e-01
l,8.0,-4.0
3.190,4.430,5.670,
1.110642077e-11,9.268786911e+00
3.282262924e-06,-2.068947252e-06,-1.740250179e-06,1.580097729e-05,2.420346252e-05,2.050019373e-05,1.875663995e-05,1.252730665e-05,3.333875825e-06,
5.677605697e-07,-9.783661532e-07,-5.286425164e-07,-9.718928530e-06,-3.007900168e-05,-5.203936920e-05,-4.962400488e-05,-2.450147746e-05,-4.958123835e-06,
1.589265792e-01
l,8.0,-3.0
3.290,4.510,5.750,
7.393927456e-12,9.999051517e+00
6.790218777e-06,-4.003771995e-06,-4.038542664e-06,3.237368967e-05,4.931718490e-05,3.420978663e-05,2.402315859e-05,1.584365510e-05,4.471942671e-06,
1.188528420e-06,-2.050992480e-06,-1.148337648e-06,-2.061538399e-05,-6.371887436e-05,-1.099852805e-04,-1.046599627e-04,-5.153613340e-05,-1.039777701e-05,
1.589268562e-01
l,8.0,-2.0
3.350,4.590,5.830,
1.889417959e-11,9.662318413e+00
1.426853032e-05,-8.455254104e-06,-8.387985109e-06,6.956115543e-05,1.127600443e-04,9.337368139e-05,7.484962894e-05,4.669153527e-05,1.226055919e-05,
2.487531183e-06,-4.298568714e-06,-2.298384404e-06,-4.253077852e-05,-1.314553538e-04,-2.271341484e-04,-2.162925758e-04,-1.065479612e-04,-2.150488532e-05,
1.589265424e-01
l,8.0,-1.0
3.410,4.650,5.890,
2.051474895e-11,1.008334932e+01
3.083121919e-05,-1.788887958e-05,-1.877397915e-05,1.474639259e-04,2.294820915e-04,1.570664896e-04,9.870168710e-05,6.055822964e-05,1.680510492e-05,
5.388589862e-06,-9.321178945e-06,-5.024782802e-06,-9.256335658e-05,-2.862229603e-04,-4.946721317e-04,-4.711656955e-04,-2.320838797e-04,-4.682741181e-05,
1.589267590e-01
l,8.0,0.0
3.450,4.690,5.950,
4.455509005e-11,9.979055496e+00
6.858067354e-05,-3.826556495e-05,-4.476140712e-05,3.348224685e-04,5.785739024e-04,5.034557403e-04,3.912479653e-04,2.315989068e-04,5.927500918e-05,
1.167176505e-05,-2.020993973e-05,-6.550270454e-06,-1.596008913e-04,-4.640833227e-04,-7.744641747e-04,-7.182500201e-04,-3.457566465e-04,-6.870017701e-05,
1.589263732e-01
l,8.0,1.0
3.490,4.730,5.970,
6.094724197e-11,1.030693253e+01
1.553385955e-04,-8.996580969e-05,-9.532772248e-05,7.614327403e-04,1.270673170e-03,1.066425058e-03,8.254038421e-04,4.978690293e-04,1.290537086e-04,
2.709308469e-05,-4.692841154e-05,-2.504648623e-05,-4.641676743e-04,-1.432382383e-03,-2.471424547e-03,-2.350079017e-03,-1.155635223e-03,-2.328354274e-04,
1.589266442e-01
l,8.0,2.0
3.510,4.750,5.990,
1.555609228e-10,1.020872068e+01
3.635154862e-04,-2.169570058e-04,-2.217950509e-04,1.738233416e-03,2.741087365e-03,2.082175088e-03,1.564967702e-03,9.973875987e-04,2.702506866e-04,
6.289016859e-05,-1.089728282e-04,-5.517113091e-05,-1.058734407e-03,-3.265267680e-03,-5.638273143e-03,-5.364505038e-03,-2.639847101e-03,-5.324640858e-04,
1.589261879e-01
l,8.0,3.0
3.510,4.730,5.970,
2.671320154e-10,1.047574920e+01
8.931495249e-04,-4.974188251e-04,-5.929606814e-04,4.384433090e-03,7.186184814e-03,5.293883133e-03,3.516700452e-03,2.146165236e-03,5.924576041e-04,
1.564696763e-04,-2.710644252e-04,-1.440365963e-04,-2.677089603e-03,-8.259839048e-03,-1.424836637e-02,-1.354375134e-02,-6.655328906e-03,-1.340113031e-03,
1.589266924e-01
l,8.0,4.0
3.510,4.710,5.930,
6.758979893e-10,1.050765318e+01
2.261196030e-03,-1.326983520e-03,-1.439093154e-03,1.135619887e-02,1.795329068e-02,1.319565950e-02,9.927168726e-03,6.745278269e-03,1.939475021e-03,
4.030677498e-04,-6.980109660e-04,-3.693642325e-04,-6.947778672e-03,-2.169266975e-02,-3.793930910e-02,-3.662943925e-02,-1.831335969e-02,-3.755950998e-03,
1.589261009e-01
l,8.0,5.0
3.470,4.650,5.830,
1.629743320e-09,1.065354678e+01
6.115539931e-03,-3.592632870e-03,-3.939873216e-03,3.295369025e-02,5.138532872e-02,3.485071644e-02,2.503697449e-02,1.840852279e-02,5.683000119e-03,
1.152619197e-03,-1.994496480e-03,-1.125067692e-03,-2.068822591e-02,-6.626367226e-02,-1.190682632e-01,-1.185541340e-01,-6.127892776e-02,-1.301016712e-02,
1.589577666e-01
l,8.0,6.0
3.450,4.550,5.650,
6.394860881e-09,1.051799748e+01
1.805799082e-02,-1.059418720e-02,-9.472707055e-03,1.397125965e-01,2.898015157e-01,3.533781029e-01,3.603087081e-01,2.365622344e-01,6.443113244e-02,
3.789695952e-03,-6.558417479e-03,-5.675181534e-03,-9.146551791e-02,-3.255443979e-01,-6.368087759e-01,-6.868315345e-01,-3.837279299e-01,-8.760549806e-02,
1.589573122e-01
l,8.0,7.0
3.410,4.330,5.270,
9.067532327e-09,1.134277114e+01
6.459388137e-02,-1.967472992e-02,-4.352018626e-02,9.634887753e-01,3.098151364e+00,5.203244847e+00,5.705083089e+00,3.708819933e+00,1.040341432e+00,
1.779979758e-02,-3.115194955e-02,-4.387632041e-02,-6.669991157e-01,-2.807976203e+00,-6.412255539e+00,-8.087786111e+00,-5.279897708e+00,-1.403861212e+00,
1.591444480e-01
l,8.0,8.0
3.390,4.110,4.850,
3.746822636e-10,1.529051536e+01
3.085587025e-01,-6.708934289e-02,-3.495695361e-01,1.000968450e+01,3.954421053e+01,6.842632451e+01,6.387701600e+01,3.076569987e+01,5.653316902e+00,
9.627592411e-02,-1.858437015e-01,-4.318728705e-01,-7.247122524e+00,-3.802043658e+01,-1.088662197e+02,-1.728652872e+02,-1.425711665e+02,-4.804893591e+01,
1.591436487e-01
l,9.0,-9.0
3.110,4.370,5.650,
7.814574394e-18,1.835462801e+01
4.780617857e-08,-4.018247522e-08,-4.078882872e-08,-8.490017125e-08,-1.040610442e-06,-2.573658604e-06,-2.921059145e-06,-1.643127241e-06,-3.685447255e-07,
7.327599141e-09,-1.262235022e-08,-3.022968621e-09,-8.717812876e-08,-2.318649397e-07,-3.559833072e-07,-3.015802305e-07,-1.328354986e-07,-2.438689684e-08,
1.587849841e-01
l,9.0,-8.0
3.270,4.510,5.750,
3.803279205e-13,9.010231899e+00
8.953936970e-08,-6.785326102e-08,-3.105717660e-08,4.171338646e-07,6.183377005e-07,7.699785260e-07,9.745590449e-07,6.689525836e-07,1.706662274e-07,
1.482844139e-08,-2.558876866e-08,-1.273511618e-08,-2.477652755e-07,-7.658977723e-07,-1.328068989e-06,-1.268982565e-06,-6.291024964e-07,-1.279624431e-07,
1.588783581e-01
l,9.0,-7.0
3.390,4.630,5.870,
4.138092073e-14,1.102634635e+01
1.714786038e-07,-1.168867560e-07,-8.593176542e-08,7.035022681e-07,6.049655940e-07,-3.297019499e-07,-5.743320587e-07,-2.256688245e-07,-2.508039145e-08,
2.896737939e-08,-5.009068082e-08,-2.589176870e-08,-4.928575680e-07,-1.529382839e-06,-2.658442273e-06,-2.545986893e-06,-1.263106689e-06,-2.568573956e-07,
1.589090073e-01
l,9.0,-6.0
3.490,4.730,5.990,
7.643006659e-14,1.076169946e+01
3.369393085e-07,-2.044378975e-07,-2.846612151e-07,1.070082116e-06,6.607621264e-07,-1.613023140e-06,-2.213354980e-06,-1.029803770e-06,-1.693116656e-07,
5.655952606e-08,-9.799632720e-08,-3.241779483e-08,-7.865046859e-07,-2.303441245e-06,-3.856015302e-06,-3.572447241e-06,-1.713444191e-06,-3.382666271e-07,
1.589266274e-01
l,9.0,-5.0
3.610,4.850,6.090,
3.112410300e-14,1.170223123e+01
6.613979053e-07,-3.933803194e-07,-4.194261320e-07,2.884533473e-06,3.494488582e-06,1.224923960e-07,-1.648454611e-06,-8.714465927e-07,-1.321843240e-07,
1.142756584e-07,-1.983098942e-07,-1.012668575e-07,-1.936285423e-06,-5.982089371e-06,-1.034774674e-05,-9.862392100e-06,-4.860986084e-06,-9.817336399e-07,
1.589261683e-01
l,9.0,-4.0
3.710,4.950,6.190,
8.433165918e-14,1.125974261e+01
1.334164040e-06,-7.754782235e-07,-8.598839584e-07,5.959967231e-06,7.879887044e-06,1.697441192e-06,-2.070891979e-06,-1.190741746e-06,-1.584614171e-07,
2.308724084e-07,-4.012602191e-07,-2.041254625e-07,-3.919185217e-06,-1.211315512e-05,-2.096078490e-05,-1.998086456e-05,-9.844840670e-06,-1.987011690e-06,
1.589575711e-01
l,9.0,-3.0
3.790,5.030,6.270,
3.147101967e-13,1.059260519e+01
2.762016948e-06,-1.520616312e-06,-1.791514850e-06,1.427187564e-05,2.742301656e-05,2.887191580e-05,2.491617776e-05,1.428988513e-05,3.468665928e-06,
4.827323213e-07,-8.399923446e-07,-4.410264020e-07,-8.266428401e-06,-2.543505185e-05,-4.377229103e-05,-4.151031279e-05,-2.033936010e-05,-4.082532215e-06,
1.589571446e-01
l,9.0,-2.0
3.870,5.110,6.350,
2.144556671e-13,1.130894320e+01
5.799594874e-06,-3.220919253e-06,-3.887833305e-06,2.686316148e-05,4.088342020e-05,2.021334306e-05,3.289378184e-06,9.149925231e-07,5.581955184e-07,
1.009188326e-06,-1.758096116e-06,-8.936551855e-07,-1.716291250e-05,-5.297176650e-05,-9.152038120e-05,-8.710434836e-05,-4.282027320e-05,-8.620100859e-06,
1.589574821e-01
l,9.0,-1.0
3.910,5.150,6.410,
7.613562222e-13,1.080773887e+01
1.264576986e-05,-6.132120965e-06,-9.468733161e-06,6.279730148e-05,1.216542810e-04,1.110667142e-04,7.605680528e-05,3.841003699e-05,9.052542774e-06,
2.184306763e-06,-3.808481869e-06,-1.346815033e-06,-3.099591555e-05,-9.044201944e-05,-1.510401219e-04,-1.400537028e-04,-6.720605056e-05,-1.327589046e-05,
1.589569995e-01
l,9.0,0.0
3.970,5.210,6.470,
7.888584481e-13,1.126611243e+01
2.769390085e-05,-1.430406041e-05,-2.211223462e-05,1.206057314e-04,1.993174535e-04,1.190478656e-04,4.250149544e-05,1.957491912e-05,6.158721721e-06,
4.727369897e-06,-8.249340231e-06,-2.656856220e-06,-6.538808216e-05,-1.896367886e-04,-3.151817888e-04,-2.905495132e-04,-1.385516079e-04,-2.721903823e-05,
1.589572586e-01
l,9.0,1.0
4.010,5.250,6.510,
2.132117999e-12,1.105444378e+01
6.234661123e-05,-3.250798572e-05,-4.300678189e-05,3.136931445e-04,5.956280110e-04,5.611278719e-04,4.149034268e-04,2.206797679e-04,5.274017401e-05,
1.059386235e-05,-1.849664289e-05,-5.784386890e-06,-1.454040522e-04,-4.214344319e-04,-7.018175321e-04,-6.492747493e-04,-3.112373849e-04,-6.154758202e-05,
1.589567438e-01
l,9.0,2.0
4.030,5.270,6.530,
2.126299720e-12,1.162239292e+01
1.445259986e-04,-7.546781574e-05,-1.144140659e-04,6.257277846e-04,1.007992658e-03,5.466767070e-04,1.363112704e-04,5.307902979e-05,2.096426088e-05,
2.458385821e-05,-4.293505170e-05,-1.382481026e-05,-3.395502955e-04,-9.805393715e-04,-1.623310019e-03,-1.490807413e-03,-7.084714214e-04,-1.388180911e-04,
1.589570780e-01
l,9.0,3.0
4.030,5.270,6.530,
4.386575587e-12,1.170595600e+01
3.457744024e-04,-1.757795295e-04,-2.764090389e-04,1.532623019e-03,2.556829503e-03,1.520168569e-03,4.907344784e-04,1.972329221e-04,6.326870240e-05,
5.906554630e-05,-1.031601274e-04,-3.292613637e-05,-8.129963249e-04,-2.346991564e-03,-3.885143748e-03,-3.568493057e-03,-1.695787798e-03,-3.322697632e-04,
1.589254429e-01
l,9.0,4.0
4.030,5.270,6.510,
1.305498335e-11,1.158126406e+01
8.475264185e-04,-4.641186505e-04,-5.843837571e-04,4.095875388e-03,6.840801363e-03,4.772979602e-03,2.536269541e-03,1.326629128e-03,3.574639823e-04,
1.470214807e-04,-2.567329833e-04,-1.304016091e-04,-2.507696690e-03,-7.723127160e-03,-1.331843545e-02,-1.265037350e-02,-6.205676502e-03,-1.247051321e-03,
1.589569777e-01
l,9.0,5.0
4.010,5.230,6.450,
3.125381488e-11,1.166896416e+01
2.189587103e-03,-1.178161012e-03,-1.498990825e-03,1.128950003e-02,1.968233973e-02,1.519987878e-02,9.277385826e-03,4.996883784e-03,1.310972419e-03,
3.923887905e-04,-6.848188464e-04,-3.819911699e-04,-6.979423389e-03,-2.178717753e-02,-3.805744932e-02,-3.669247072e-02,-1.829533091e-02,-3.738239545e-03,
1.589561639e-01
l,9.0,6.0
3.970,5.150,6.350,
7.535663829e-11,1.182584530e+01
6.027936935e-03,-2.969040570e-03,-4.579543152e-03,3.349306871e-02,6.218401289e-02,4.965311926e-02,2.936941369e-02,1.535274870e-02,4.107262418e-03,
1.123540467e-03,-1.959680777e-03,-1.127211796e-03,-2.036850533e-02,-6.436538246e-02,-1.138555589e-01,-1.113518759e-01,-5.634689539e-02,-1.169073330e-02,
1.589883586e-01
l,9.0,7.0
3.930,5.050,6.190,
1.542525068e-10,1.218857500e+01
1.785665937e-02,-8.947324034e-03,-1.490908499e-02,1.083127197e-01,1.928343368e-01,1.240003851e-01,5.018373027e-02,2.943054047e-02,1.083073385e-02,
3.576281487e-03,-6.240319137e-03,-3.466147564e-03,-6.586802144e-02,-2.157337381e-01,-3.976318016e-01,-4.072805604e-01,-2.165734679e-01,-4.736441289e-02,
1.590185680e-01
l,9.0,8.0
3.890,4.850,5.810,
5.646528900e-10,1.224443101e+01
6.250917166e-02,-1.721991736e-02,-3.715092094e-02,9.202085097e-01,3.016269325e+00,5.098321016e+00,5.428632203e+00,3.340826377e+00,8.804031140e-01,
1.685690535e-02,-2.970324259e-02,-4.439132060e-02,-6.543090586e-01,-2.718779106e+00,-6.106956759e+00,-7.560588809e+00,-4.836956040e+00,-1.258281754e+00,
1.591445215e-01
l,9.0,9.0
3.850,4.630,5.410,
4.354197233e-11,1.533534824e+01
2.859677970e-01,-4.766894734e-02,-2.788085106e-01,8.435662029e+00,3.455482693e+01,6.579943527e+01,7.250592113e+01,4.486444062e+01,1.204569359e+01,
8.721701874e-02,-1.663362294e-01,-3.747146324e-01,-6.124533059e+00,-3.105109813e+01,-8.527178083e+01,-1.292310584e+02,-1.013458879e+02,-3.236585349e+01,
1.591435934e-01
