l,1.0,-1.0
0.270,1.430,2.630,
5.643003246e-02,2.647779033e+00
6.054915953e-03,-6.156783124e-03,5.242842524e-03,2.633957721e-02,6.876463249e-02,1.257526591e-01,1.259431033e-01,7.799094991e-02,2.312433100e-02,
1.265737795e-03,-1.884560438e-03,-1.454297188e-03,-2.049353944e-02,-6.661677378e-02,-1.191011992e-01,-1.179621883e-01,-6.098570563e-02,-1.286238475e-02,
1.587236432e-01
l,1.0,0.0
0.290,0.690,1.130,
5.185181014e-01,3.470702342e+00
3.588015959e-02,1.019253012e-02,4.433343711e-01,1.008834842e+01,8.426235926e+01,4.122309697e+02,1.146716765e+03,1.662699479e+03,9.785812536e+02,
2.493127304e-02,-3.083676171e-02,-3.522305854e-01,-7.325600910e+00,-6.653260833e+01,-3.230942471e+02,-8.713287387e+02,-1.228139986e+03,-7.058809717e+02,
1.591436196e-01
l,1.0,1.0
0.350,0.590,0.870,
4.109925207e+01,5.663576920e+00
3.073360920e-01,-9.848163910e-01,1.084812274e+01,3.599517130e+02,5.794743469e+03,5.985897636e+04,3.181182814e+05,8.111445473e+05,7.960394826e+05,
1.311384383e-01,-3.251003414e-01,-4.431849499e+00,-1.577395271e+02,-2.193090865e+03,-1.662477973e+04,-7.017755038e+04,-1.555476596e+05,-1.411326075e+05,
1.591436092e-01
l,2.0,-2.0
0.590,1.870,3.170,
2.835655834e-03,4.167036149e+00
1.321870950e-03,-1.374476548e-03,7.390470567e-04,3.178056798e-03,3.348977575e-03,8.833176286e-04,-8.060434445e-03,-9.339424819e-03,-2.830163470e-03,
2.257815093e-04,-3.497040189e-04,-1.697480095e-04,-2.866417569e-03,-8.346879885e-03,-1.368000856e-02,-1.245242156e-02,-5.932173563e-03,-1.157319485e-03,
1.585387058e-01
l,2.0,-1.0
0.630,1.730,2.850,
6.233095972e-03,4.617734160e+00
3.944653086e-03,-3.616224774e-03,2.767705432e-03,2.818475863e-02,7.899630385e-02,1.582400777e-01,1.534500924e-01,6.253088393e-02,7.547215597e-03,
9.105438238e-04,-1.380702638e-03,-1.096379960e-03,-1.593501497e-02,-5.434558712e-02,-1.026645161e-01,-1.082032831e-01,-5.976695843e-02,-1.352696149e-02,
1.589271114e-01
l,2.0,0.0
0.670,1.770,2.870,
1.724843735e-02,5.149809790e+00
9.730128571e-03,-1.031085098e-02,9.637206496e-03,6.211706639e-02,1.523141027e-01,2.457011211e-01,1.053302739e-01,-7.398634662e-02,-4.942111551e-02,
2.176810526e-03,-3.317361197e-03,-3.399357201e-03,-4.820635499e-02,-1.746009804e-01,-3.441245616e-01,-3.738957658e-01,-2.114469717e-01,-4.870296912e-02,
1.586926918e-01
l,2.0,1.0
0.710,1.270,1.870,
5.354311831e-02,5.181460114e+00
4.815635085e-02,-9.131290657e-03,2.003295881e-01,4.479098244e+00,2.645272613e+01,9.500036799e+01,2.002078956e+02,2.208633465e+02,9.822213872e+01,
2.428996880e-02,-3.596903047e-02,-1.937411808e-01,-3.210228535e+00,-2.141098811e+01,-7.644003724e+01,-1.513708298e+02,-1.563948791e+02,-6.585964083e+01,
1.591436092e-01
l,2.0,2.0
0.750,1.130,1.550,
5.766811407e-01,7.423952617e+00
3.307802081e-01,-5.339976985e-01,2.656958361e+00,1.036677465e+02,8.587941289e+02,4.873459279e+03,1.669809235e+04,2.924605623e+04,2.008443379e+04,
1.254603767e-01,-2.717604689e-01,-1.760701907e+00,-4.411789993e+01,-4.063384677e+02,-2.049392163e+03,-5.759571571e+03,-8.498998298e+03,-5.149046295e+03,
1.591435865e-01
l,3.0,-3.0
0.950,2.270,3.590,
8.886603159e-05,5.957255241e+00
2.995058894e-04,-3.129414399e-04,1.612972768e-04,1.091008008e-03,2.438327221e-03,4.541452297e-03,3.737671046e-03,1.133787556e-03,5.676764873e-05,
4.748406108e-05,-7.526624767e-05,-3.150004256e-05,-5.919455300e-04,-1.696565241e-03,-2.751954236e-03,-2.473482090e-03,-1.162332066e-03,-2.238579786e-04,
1.585386787e-01
l,3.0,-2.0
1.030,2.230,3.450,
1.277839415e-04,5.475977608e+00
7.662923890e-04,-7.061915720e-04,3.448834407e-04,4.493615805e-03,1.200158481e-02,2.569914019e-02,2.892935694e-02,1.521693580e-02,3.025357324e-03,
1.460869152e-04,-2.299586588e-04,-1.601651787e-04,-2.434774620e-03,-7.757118137e-03,-1.367349972e-02,-1.333264771e-02,-6.775598312e-03,-1.407680333e-03,
1.588479166e-01
l,3.0,-1.0
1.070,2.290,3.510,
2.214909734e-04,5.656239550e+00
1.758566010e-03,-1.696322378e-03,8.724762434e-04,1.049414916e-02,2.903342563e-02,6.446800464e-02,7.400713052e-02,3.952154101e-02,7.973792899e-03,
3.268638721e-04,-5.163382867e-04,-3.356630728e-04,-5.336018365e-03,-1.697518605e-02,-2.995063451e-02,-2.921482998e-02,-1.485687942e-02,-3.090015475e-03,
1.586926486e-01
l,3.0,0.0
1.110,2.230,3.350,
4.663049693e-04,5.571166457e+00
4.713274073e-03,-4.169196897e-03,2.144167996e-03,3.661021829e-02,1.068698813e-01,2.495010844e-01,3.173420508e-01,1.919224065e-01,4.428297036e-02,
1.037374720e-03,-1.627230130e-03,-1.265506656e-03,-1.899340583e-02,-6.448374921e-02,-1.217708945e-01,-1.282658909e-01,-7.078870708e-02,-1.603261433e-02,
1.589271547e-01
l,3.0,1.0
1.130,2.190,3.270,
1.145600846e-03,5.901937351e+00
1.289687958e-02,-1.230417021e-02,8.765913475e-03,1.279991570e-01,4.247980965e-01,1.077487000e+00,1.446090621e+00,9.187537702e-01,2.226050776e-01,
2.901122354e-03,-4.549192058e-03,-4.420658535e-03,-6.562279533e-02,-2.397496390e-01,-4.790723787e-01,-5.288542734e-01,-3.041782618e-01,-7.144921778e-02,
1.588168257e-01
l,3.0,2.0
1.170,1.850,2.570,
3.440909300e-03,6.541920825e+00
5.359053984e-02,-1.924865541e-02,5.898305918e-02,2.126520656e+00,9.452132607e+00,2.685795549e+01,4.789692467e+01,4.562424354e+01,1.750227843e+01,
2.170196470e-02,-3.414270106e-02,-9.930574037e-02,-1.492181058e+00,-8.130504963e+00,-2.395386945e+01,-3.931813408e+01,-3.373386065e+01,-1.182778682e+01,
1.591435865e-01
l,3.0,3.0
1.190,1.690,2.210,
1.227122406e-02,8.546269901e+00
3.123888075e-01,-3.244134906e-01,7.655015121e-01,3.796599568e+01,1.970397019e+02,6.762816540e+02,1.626807127e+03,2.191527481e+03,1.191760013e+03,
1.126168759e-01,-2.260985556e-01,-1.281647649e+00,-2.855151018e+01,-2.286951666e+02,-9.715427377e+02,-2.252535070e+03,-2.699312330e+03,-1.313104564e+03,
1.591436282e-01
l,4.0,-4.0
1.330,2.650,3.970,
2.487908842e-06,6.025309033e+00
6.801325799e-05,-6.905073661e-05,2.973737649e-05,3.036083402e-04,7.925881403e-04,1.741672940e-03,1.917898562e-03,9.716219044e-04,1.859235162e-04,
1.051125924e-05,-1.694018174e-05,-6.416673011e-06,-1.303594422e-04,-3.709437848e-04,-6.005601478e-04,-5.390078906e-04,-2.531096684e-04,-4.883861450e-05,
1.585696471e-01
l,4.0,-3.0
1.430,2.670,3.930,
3.414748569e-06,6.093045329e+00
1.583760022e-04,-1.430650938e-04,3.235690364e-05,7.950911926e-04,1.901632714e-03,4.148497906e-03,5.029898268e-03,2.860481361e-03,6.147067658e-04,
2.763302499e-05,-4.446458009e-05,-1.969741653e-05,-3.689896633e-04,-1.093289265e-03,-1.837827242e-03,-1.720178533e-03,-8.429123768e-04,-1.699509607e-04,
1.588168523e-01
l,4.0,-2.0
1.490,2.730,3.990,
5.501602061e-06,6.036780688e+00
3.532367118e-04,-3.085468607e-04,3.909982290e-05,1.773718750e-03,4.013439099e-03,8.677234957e-03,1.090079173e-02,6.445206416e-03,1.435339963e-03,
6.171840732e-05,-9.955398449e-05,-4.441410584e-05,-8.301296456e-04,-2.455209736e-03,-4.119612977e-03,-3.848486041e-03,-1.882029368e-03,-3.790467921e-04,
1.587545419e-01
l,4.0,-1.0
1.550,2.770,3.990,
1.024910696e-05,5.969190578e+00
8.180430159e-04,-6.940391645e-04,9.943473826e-05,4.584266165e-03,1.052469407e-02,2.225665380e-02,2.817490970e-02,1.704394088e-02,3.902210678e-03,
1.520294823e-04,-2.452692968e-04,-1.540078849e-04,-2.517042125e-03,-7.977888272e-03,-1.405262033e-02,-1.368822301e-02,-6.943610751e-03,-1.442405101e-03,
1.588789076e-01
l,4.0,0.0
1.590,2.790,3.990,
2.050447643e-05,6.037665698e+00
1.966726966e-03,-1.669646861e-03,2.357307151e-04,1.147250567e-02,2.614444019e-02,5.592404822e-02,7.258276076e-02,4.501119740e-02,1.054649364e-02,
3.742020676e-04,-6.039449931e-04,-3.976864586e-04,-6.399755562e-03,-2.054030683e-02,-3.666435477e-02,-3.624803092e-02,-1.868431169e-02,-3.947101012e-03,
1.588478072e-01
l,4.0,1.0
1.610,2.750,3.890,
4.865691380e-05,6.010805859e+00
5.167765077e-03,-4.167510922e-03,3.153971246e-04,3.444060479e-02,8.074659798e-02,1.755665230e-01,2.402859215e-01,1.589478816e-01,3.979487089e-02,
1.083539696e-03,-1.744149123e-03,-1.226230552e-03,-1.947012208e-02,-6.488837447e-02,-1.205963500e-01,-1.248070106e-01,-6.754450860e-02,-1.501338359e-02,
1.589270916e-01
l,4.0,2.0
1.650,2.690,3.750,
8.213199595e-05,7.028622142e+00
1.455990039e-02,-1.219684134e-02,4.225415988e-03,1.377405981e-01,3.818871068e-01,8.947935988e-01,1.268652389e+00,8.777578376e-01,2.320799953e-01,
3.349395957e-03,-5.383443207e-03,-5.482400670e-03,-8.114043271e-02,-2.997088753e-01,-6.069928893e-01,-6.806185120e-01,-3.977941575e-01,-9.508955098e-02,
1.589099528e-01
l,4.0,3.0
1.650,2.410,3.210,
1.898558965e-04,7.813529105e+00
5.576173961e-02,-1.795053295e-02,3.658417660e-02,1.773325786e+00,7.227602260e+00,1.767568260e+01,2.708885592e+01,2.257385609e+01,7.670973379e+00,
1.997252400e-02,-3.245155191e-02,-8.801404803e-02,-1.282221808e+00,-6.492874194e+00,-1.757467708e+01,-2.623173539e+01,-2.031330757e+01,-6.397049626e+00,
1.591436282e-01
l,4.0,4.0
1.670,2.250,2.850,
3.846359448e-04,9.518658376e+00
2.889696062e-01,-2.126899318e-01,3.518980777e-02,1.760609631e+01,6.910500192e+01,1.572509873e+02,2.786972601e+02,3.185622108e+02,1.551474903e+02,
1.003113469e-01,-1.930732334e-01,-6.701915521e-01,-1.290333517e+01,-8.459917103e+01,-3.013685414e+02,-5.947674646e+02,-6.120918835e+02,-2.577128839e+02,
1.591435789e-01
l,5.0,-5.0
1.710,3.010,4.330,
5.351991742e-08,7.363622093e+00
1.541566053e-05,-1.438883984e-05,2.625398180e-06,6.684161051e-05,1.442829319e-04,3.107552181e-04,3.719161393e-04,2.049543619e-04,4.213277057e-05,
2.382631222e-06,-3.889741050e-06,-1.600000356e-06,-3.117205426e-05,-8.919859231e-05,-1.451044575e-04,-1.307861175e-04,-6.157753604e-05,-1.191688775e-05,
1.586314773e-01
l,5.0,-4.0
1.830,3.090,4.370,
1.263193565e-07,6.380754897e+00
3.300992103e-05,-2.845783855e-05,-2.296835287e-06,1.178809784e-04,1.619286928e-04,3.369002345e-04,4.932630496e-04,3.194261327e-04,7.478077585e-05,
5.500265355e-06,-8.991076664e-06,-3.521987755e-06,-7.132145797e-05,-2.060445443e-04,-3.391775378e-04,-3.105249659e-04,-1.487577221e-04,-2.939832450e-05,
1.588478933e-01
l,5.0,-3.0
1.910,3.170,4.430,
1.754707237e-07,6.498412173e+00
7.081394870e-05,-5.776693141e-05,-3.869743880e-06,3.505685176e-04,7.280456645e-04,1.442910479e-03,1.835901017e-03,1.125357035e-03,2.598089911e-04,
1.226812565e-05,-2.009248333e-05,-9.037712230e-06,-1.698506242e-04,-5.024316266e-04,-8.446835512e-04,-7.907295048e-04,-3.870917770e-04,-7.806557201e-05,
1.588167619e-01
l,5.0,-2.0
1.990,3.230,4.490,
2.474711967e-07,6.776372055e+00
1.565964048e-04,-1.209371324e-04,-3.052337811e-05,7.111196130e-04,1.214963851e-03,2.097737756e-03,2.753056335e-03,1.769767764e-03,4.238927856e-04,
2.737492738e-05,-4.491773587e-05,-1.877340614e-05,-3.698974045e-04,-1.090263358e-03,-1.827495076e-03,-1.705009013e-03,-8.310838458e-04,-1.669997797e-04,
1.588788599e-01
l,5.0,-1.0
2.050,3.290,4.530,
4.308901150e-07,6.845848705e+00
3.516557917e-04,-2.704297887e-04,-5.264814871e-05,1.720723334e-03,3.015870954e-03,5.062841124e-03,6.465427055e-03,4.117086262e-03,9.841389919e-04,
6.307832263e-05,-1.036309567e-04,-6.167200717e-05,-1.041400431e-03,-3.250805082e-03,-5.644614969e-03,-5.409095318e-03,-2.693210055e-03,-5.492116471e-04,
1.588477631e-01
l,5.0,0.0
2.090,3.310,4.550,
8.287282457e-07,6.913045289e+00
8.324214723e-04,-6.125566632e-04,-1.990208452e-04,4.092994267e-03,6.993291561e-03,1.114809719e-02,1.447720545e-02,9.539273267e-03,2.355416558e-03,
1.502936207e-04,-2.470958896e-04,-1.422452230e-04,-2.448554135e-03,-7.631638678e-03,-1.323736610e-02,-1.267138213e-02,-6.300224498e-03,-1.283531669e-03,
1.589098814e-01
l,5.0,1.0
2.130,3.330,4.530,
1.842974905e-06,6.927780006e+00
2.020166954e-03,-1.541312487e-03,-3.046861099e-04,1.095183766e-02,2.033754963e-02,3.539191498e-02,4.638746089e-02,3.048503382e-02,7.548350488e-03,
3.823532441e-04,-6.284815904e-04,-3.949423445e-04,-6.580287364e-03,-2.104104364e-02,-3.749628485e-02,-3.700383128e-02,-1.901454844e-02,-4.007181832e-03,
1.589098493e-01
l,5.0,2.0
2.130,3.290,4.450,
4.207992647e-06,7.043405300e+00
5.332148168e-03,-3.917481961e-03,-1.195799696e-03,3.070379815e-02,5.522366867e-02,9.277587697e-02,1.275079198e-01,8.903957298e-02,2.329768523e-02,
1.074341819e-03,-1.763630586e-03,-1.131489624e-03,-1.892477420e-02,-6.200156986e-02,-1.134650714e-01,-1.153991667e-01,-6.123181547e-02,-1.334622713e-02,
1.589581478e-01
l,5.0,3.0
2.150,3.210,4.290,
5.021775242e-06,8.201993397e+00
1.535245031e-02,-1.102987267e-02,-1.742122190e-03,1.276344519e-01,2.877581418e-01,5.329725025e-01,7.252515137e-01,5.131700032e-01,1.395292399e-01,
3.446423999e-03,-5.651439857e-03,-5.447893258e-03,-8.228502976e-02,-2.988866583e-01,-5.950795435e-01,-6.548294313e-01,-3.746890499e-01,-8.766014102e-02,
1.589580414e-01
l,5.0,4.0
2.150,2.990,3.850,
1.003045912e-05,8.933521997e+00
5.515354872e-02,-2.142342218e-02,-7.151014538e-03,1.050186598e+00,3.432498513e+00,6.734837250e+00,9.034409788e+00,6.949382587e+00,2.211897212e+00,
1.771205285e-02,-2.935967402e-02,-5.226443787e-02,-7.525913205e-01,-3.393412584e+00,-8.342073812e+00,-1.143190790e+01,-8.176057030e+00,-2.391762253e+00,
1.591435789e-01
l,5.0,5.0
2.150,2.790,3.470,
1.267911930e-05,1.063722102e+01
2.677114010e-01,-9.365767554e-02,-1.151090362e-02,1.497820686e+01,7.022597074e+01,1.755695378e+02,2.767213165e+02,2.505504858e+02,9.663194813e+01,
9.017714498e-02,-1.694966602e-01,-5.957328770e-01,-1.056282072e+01,-6.390720781e+01,-2.059091434e+02,-3.629274249e+02,-3.302560633e+02,-1.220238953e+02,
1.591435789e-01
l,6.0,-6.0
2.110,3.410,4.730,
6.726929170e-10,9.040512630e+00
3.288804010e-06,-2.925452412e-06,-1.507906017e-07,1.212154468e-05,1.864683606e-05,3.700516611e-05,4.847548512e-05,2.856611810e-05,6.101935304e-06,
5.020706270e-07,-8.294534583e-07,-2.935414896e-07,-6.415428869e-06,-1.832368459e-05,-2.988998762e-05,-2.700114782e-05,-1.273095965e-05,-2.470235423e-06,
1.586924674e-01
l,6.0,-5.0
2.250,3.510,4.790,
3.496415610e-09,7.234673766e+00
6.792397016e-06,-5.525585452e-06,-1.025637583e-06,2.568127293e-05,3.301418330e-05,5.611810668e-05,8.292250943e-05,5.620515383e-05,1.370336828e-05,
1.119999390e-06,-1.853279803e-06,-7.260912279e-07,-1.510910087e-05,-4.447324854e-05,-7.460387474e-05,-6.952212993e-05,-3.383045221e-05,-6.777662017e-06,
1.588478305e-01
l,6.0,-4.0
2.330,3.590,4.870,
1.033253408e-09,9.127011483e+00
1.431829969e-05,-1.063364712e-05,-6.237292373e-06,4.136246362e-05,4.105165799e-06,-6.312181409e-05,-5.406301173e-05,-1.681787460e-05,-1.891304252e-06,
2.414230964e-06,-4.003151133e-06,-1.536733288e-06,-3.165191243e-05,-9.058301297e-05,-1.477624082e-04,-1.339414763e-04,-6.335051092e-05,-1.237658947e-05,
1.588476707e-01
l,6.0,-3.0
2.430,3.690,4.950,
1.740564785e-09,8.974266762e+00
3.007473970e-05,-2.218082446e-05,-1.028487635e-05,1.196794601e-04,1.454327585e-04,1.459981412e-04,1.879910244e-04,1.303870714e-04,3.226736272e-05,
5.204678465e-06,-8.647430963e-06,-3.584677654e-06,-7.162453810e-05,-2.103450754e-04,-3.514924367e-04,-3.266025292e-04,-1.583100048e-04,-3.163825295e-05,
1.589098731e-01
l,6.0,-2.0
2.530,3.770,5.030,
9.790350852e-09,7.628547093e+00
6.503595796e-05,-4.736755119e-05,-2.360476060e-05,2.514560867e-04,3.138550322e-04,3.961968767e-04,6.021115429e-04,4.527920833e-04,1.208171311e-04,
1.121311783e-05,-1.866647199e-05,-6.930102402e-06,-1.492072025e-04,-4.366825092e-04,-7.303526081e-04,-6.802630985e-04,-3.308886178e-04,-6.645902676e-05,
1.589096967e-01
l,6.0,-1.0
2.570,3.810,5.070,
1.218003931e-08,8.050163801e+00
1.471957949e-04,-9.918136787e-05,-6.080667893e-05,6.601294043e-04,1.006240814e-03,1.153172669e-03,1.349166964e-03,9.047798806e-04,2.293357609e-04,
2.581522305e-05,-4.301594748e-05,-1.673627702e-05,-3.477183596e-04,-1.015365783e-03,-1.690067057e-03,-1.565658931e-03,-7.562878628e-04,-1.508088934e-04,
1.588959575e-01
l,6.0,0.0
2.610,3.850,5.110,
2.262067994e-08,8.127584885e+00
3.390692000e-04,-2.255464067e-04,-1.563963744e-04,1.472225635e-03,2.102400084e-03,2.103285212e-03,2.450959430e-03,1.717744687e-03,4.495099797e-04,
5.944062256e-05,-9.914233595e-05,-3.761942554e-05,-7.979513651e-04,-2.334309588e-03,-3.893400307e-03,-3.612192107e-03,-1.746259839e-03,-3.483681730e-04,
1.589096439e-01
l,6.0,1.0
2.650,3.870,5.110,
4.958878900e-08,8.116425799e+00
8.094775258e-04,-5.305196936e-04,-3.315496355e-04,3.948179640e-03,6.353789567e-03,7.322850389e-03,8.284339371e-03,5.512220574e-03,1.409007147e-03,
1.463148587e-04,-2.440709703e-04,-1.413022852e-04,-2.441176951e-03,-7.589089039e-03,-1.313688698e-02,-1.254589644e-02,-6.213010815e-03,-1.260571717e-03,
1.589270039e-01
l,6.0,2.0
2.650,3.870,5.090,
1.063787694e-07,8.209823059e+00
2.012911020e-03,-1.335742393e-03,-8.377631617e-04,9.930380250e-03,1.522657312e-02,1.648377768e-02,1.902851338e-02,1.314797598e-02,3.447737581e-03,
3.723948836e-04,-6.211080210e-04,-3.576567487e-04,-6.253084488e-03,-1.966380462e-02,-3.449044146e-02,-3.343320167e-02,-1.682564542e-02,-3.472195770e-03,
1.589268507e-01
l,6.0,3.0
2.650,3.830,5.010,
2.562606986e-07,8.294927704e+00
5.342000164e-03,-3.464003536e-03,-2.402676490e-03,2.860620484e-02,4.499132319e-02,4.884307409e-02,5.811764908e-02,4.207520102e-02,1.154560176e-02,
1.048178291e-03,-1.746613471e-03,-1.044409337e-03,-1.814418753e-02,-5.846479085e-02,-1.052886313e-01,-1.051670640e-01,-5.465079546e-02,-1.166140333e-02,
1.589579869e-01
l,6.0,4.0
2.650,3.750,4.850,
6.977074729e-07,8.387669297e+00
1.542104036e-02,-9.744607725e-03,-5.132150801e-03,1.203058156e-01,2.526751749e-01,3.690223702e-01,4.392226103e-01,3.002611925e-01,8.120009999e-02,
3.375583067e-03,-5.621873651e-03,-5.147625969e-03,-7.929063880e-02,-2.835996625e-01,-5.556608255e-01,-6.005732668e-01,-3.367005965e-01,-7.711688824e-02,
1.589889203e-01
l,6.0,5.0
2.630,3.550,4.470,
1.297787132e-06,9.032248670e+00
5.366607010e-02,-1.861725588e-02,-1.848946382e-02,8.703419629e-01,2.759813180e+00,4.899662405e+00,5.790222165e+00,3.978201448e+00,1.151755848e+00,
1.583613204e-02,-2.662450239e-02,-4.318689678e-02,-6.216579615e-01,-2.669142126e+00,-6.210641816e+00,-8.002627842e+00,-5.353639904e+00,-1.460253888e+00,
1.591444518e-01
l,6.0,6.0
2.650,3.350,4.090,
4.948488582e-07,1.158046565e+01
2.429838926e-01,-5.727661249e-02,-1.883345947e-01,8.530395345e+00,3.527574900e+01,7.269293377e+01,9.427757820e+01,7.303516192e+01,2.507381663e+01,
7.946405039e-02,-1.467289870e-01,-3.551599818e-01,-5.816267753e+00,-3.062141625e+01,-8.780323482e+01,-1.396875115e+02,-1.155584855e+02,-3.906813872e+01,
1.591436201e-01
l,7.0,-7.0
2.590,3.810,5.110,
2.844701267e-11,8.973354953e+00
6.894221087e-07,-5.709770536e-07,-8.422176559e-08,3.394786487e-06,7.739486308e-06,1.614193950e-05,2.089761971e-05,1.306378717e-05,3.092410374e-06,
1.085834823e-07,-1.810940199e-07,-6.962336473e-08,-1.449994314e-06,-4.166036485e-06,-6.842049578e-06,-6.239346252e-06,-2.971999238e-06,-5.836134116e-07,
1.587233248e-01
l,7.0,-6.0
2.690,3.910,5.190,
3.656775092e-11,8.941596670e+00
1.401710051e-06,-1.006098660e-06,-2.532785152e-07,7.727939656e-06,1.722868147e-05,3.250933590e-05,4.149300933e-05,2.660419203e-05,6.507519980e-06,
2.340010322e-07,-3.909695895e-07,-1.702290534e-07,-3.330798219e-06,-9.861119097e-06,-1.660434477e-05,-1.553111116e-05,-7.574034478e-06,-1.519874147e-06,
1.588477012e-01
l,7.0,-5.0
2.810,4.030,5.310,
2.209428539e-11,9.736720030e+00
2.824994908e-06,-2.016562888e-06,-8.719234634e-07,1.632367287e-05,3.999334667e-05,7.368215073e-05,8.860157698e-05,5.438471876e-05,1.290641696e-05,
4.712210331e-07,-7.893695228e-07,-2.875765235e-07,-6.279803905e-06,-1.819684338e-05,-3.007584795e-05,-2.758095954e-05,-1.316760849e-05,-2.591386371e-06,
1.588785206e-01
l,7.0,-4.0
2.850,4.110,5.390,
1.663131368e-10,8.235009226e+00
5.927707207e-06,-3.694650220e-06,-3.569556606e-06,1.627791366e-05,-5.718476039e-06,-5.832975265e-05,-6.543668341e-05,-3.038440725e-05,-5.290288189e-06,
1.014224027e-06,-1.701821246e-06,-6.545249361e-07,-1.363427563e-05,-3.929101539e-05,-6.458426449e-05,-5.901827873e-05,-2.808130881e-05,-5.515453170e-06,
1.588958650e-01
l,7.0,-3.0
2.950,4.210,5.490,
2.255944109e-11,1.054363988e+01
1.243154020e-05,-7.921370716e-06,-8.068002608e-06,3.305806372e-05,-1.386692965e-05,-1.328802909e-04,-1.606765786e-04,-8.394178960e-05,-1.712239467e-05,
2.110491332e-06,-3.548444369e-06,-1.209507434e-06,-2.732367446e-05,-7.789003741e-05,-1.269237901e-04,-1.148698010e-04,-5.407911467e-05,-1.051924766e-05,
1.589266858e-01
l,7.0,-2.0
3.010,4.270,5.550,
2.132206591e-10,8.962817616e+00
2.715340997e-05,-1.559990024e-05,-1.797016444e-05,8.631430323e-05,3.354571899e-05,-1.723997749e-04,-2.256641278e-04,-1.098219600e-04,-1.955686695e-05,
4.695251416e-06,-7.903564991e-06,-3.042969388e-06,-6.346763567e-05,-1.828216784e-04,-3.001278520e-04,-2.737503888e-04,-1.297736995e-04,-2.537433679e-05,
1.589268512e-01
l,7.0,-1.0
3.090,4.350,5.610,
3.801321260e-10,8.982757172e+00
5.948026956e-05,-3.653306698e-05,-3.107988378e-05,2.772520562e-04,4.894428122e-04,5.692847191e-04,5.908594972e-04,3.682481804e-04,9.045795148e-05,
1.044441485e-05,-1.760144231e-05,-7.034757205e-06,-1.450816237e-04,-4.251744178e-04,-7.100521416e-04,-6.594439186e-04,-3.185481447e-04,-6.341320373e-05,
1.589266066e-01
l,7.0,0.0
3.150,4.390,5.650,
7.437529609e-10,8.990346439e+00
1.359096059e-04,-7.976006721e-05,-7.889300140e-05,5.745298195e-04,8.543964720e-04,7.133075921e-04,7.201315007e-04,5.230303000e-04,1.458722997e-04,
2.402791053e-05,-4.052401433e-05,-1.640749996e-05,-3.345825486e-04,-9.787777886e-04,-1.632306200e-03,-1.515189418e-03,-7.317406877e-04,-1.457050636e-04,
1.589267984e-01
l,7.0,1.0
3.170,4.410,5.670,
1.043364077e-09,9.359518297e+00
3.203829983e-04,-1.789135491e-04,-1.931144640e-04,1.471627207e-03,2.403717141e-03,1.990398741e-03,1.561968298e-03,9.522131120e-04,2.465280851e-04,
5.717301370e-05,-9.646413421e-05,-4.079472351e-05,-8.073764919e-04,-2.360761243e-03,-3.926284800e-03,-3.631478382e-03,-1.745215726e-03,-3.455634355e-04,
1.589265477e-01
l,7.0,2.0
3.190,4.430,5.690,
2.039015723e-09,9.484236703e+00
7.724200841e-04,-4.492422619e-04,-4.530639337e-04,3.565693610e-03,5.682063317e-03,4.738560126e-03,3.974163552e-03,2.535814260e-03,6.672576700e-04,
1.360720277e-04,-2.296914830e-04,-8.410724727e-05,-1.838816460e-03,-5.352539443e-03,-8.896221763e-03,-8.223618695e-03,-3.952493299e-03,-7.840227622e-04,
1.589578626e-01
l,7.0,3.0
3.190,4.410,5.650,
4.675734780e-09,9.547835778e+00
1.961904112e-03,-1.089661703e-03,-1.158633599e-03,9.874728814e-03,1.682528975e-02,1.507038255e-02,1.254675989e-02,7.736940733e-03,2.012423911e-03,
3.583399661e-04,-6.046029825e-04,-3.473459954e-04,-6.060899851e-03,-1.879599364e-02,-3.246444988e-02,-3.092013911e-02,-1.523792303e-02,-3.075386265e-03,
1.589575546e-01
l,7.0,4.0
3.190,4.370,5.570,
1.091694554e-08,9.680640358e+00
5.236297846e-03,-2.898160408e-03,-3.158762392e-03,2.829001757e-02,4.853953213e-02,4.339806841e-02,3.731723363e-02,2.434932604e-02,6.663499006e-03,
1.010100541e-03,-1.703103108e-03,-1.022352479e-03,-1.765934808e-02,-5.609438964e-02,-9.943869461e-02,-9.756428440e-02,-4.964758581e-02,-1.036079997e-02,
1.589889203e-01
l,7.0,5.0
3.170,4.290,5.410,
2.906471190e-08,9.797077547e+00
1.514337957e-02,-8.176456699e-03,-9.414020057e-03,9.633280458e-02,1.714058618e-01,1.526099263e-01,1.316666686e-01,9.157642559e-02,2.706227965e-02,
3.262411517e-03,-5.499461220e-03,-3.773055554e-03,-6.265460191e-02,-2.098291384e-01,-3.933697393e-01,-4.110964623e-01,-2.238378090e-01,-5.010371276e-02,
1.590196812e-01
l,7.0,6.0
3.150,4.110,5.090,
5.167561402e-08,1.039252228e+01
5.129408091e-02,-1.623700746e-02,-3.326011288e-02,6.719636825e-01,2.089705015e+00,3.448478387e+00,3.733956998e+00,2.376256623e+00,6.457522751e-01,
1.390707297e-02,-2.362825064e-02,-2.513144596e-02,-3.833009870e-01,-1.484168650e+00,-3.174088967e+00,-3.789673231e+00,-2.355239076e+00,-5.996468914e-01,
1.591444929e-01
l,7.0,7.0
3.130,3.910,4.710,
7.839577375e-08,1.131911879e+01
2.198189050e-01,-3.234146989e-02,-1.678324640e-01,6.502742705e+00,2.730212161e+01,5.664983711e+01,7.129718377e+01,5.133074028e+01,1.594878236e+01,
6.903181804e-02,-1.258301495e-01,-2.852812633e-01,-4.530205480e+00,-2.265141174e+01,-6.102732955e+01,-9.053789998e+01,-6.943526404e+01,-2.165938830e+01,
1.591435954e-01
l,8.0,-8.0
2.990,4.230,5.530,
9.892673010e-13,9.359186694e+00
1.398934018e-07,-1.135534664e-07,-3.994627041e-08,6.263544377e-07,1.132754938e-06,1.901629617e-06,2.397537830e-06,1.519914511e-06,3.641537755e-07,
2.183833625e-08,-3.674624952e-08,-1.109938517e-08,-2.720898094e-07,-7.609532936e-07,-1.219535022e-06,-1.080469572e-06,-4.981475383e-07,-9.488542582e-08,
1.587849415e-01
l,8.0,-7.0
3.070,4.350,5.630,
2.248066945e-17,1.911238306e+01
2.769301091e-07,-2.003899395e-07,-1.691809629e-07,2.044930525e-07,-2.891934681e-06,-8.199649902e-06,-9.268076607e-06,-5.077443418e-06,-1.112205981e-06,
4.544021358e-08,-7.660587220e-08,-2.466254476e-08,-5.809653045e-07,-1.649138911e-06,-2.688305431e-06,-2.437011567e-06,-1.153289748e-06,-2.260634108e-07,
1.588786434e-01
l,8.0,-6.0
3.190,4.450,5.730,
6.051160280e-15,1.427099460e+01
5.603200748e-07,-3.608548770e-07,-4.240416016e-07,8.399678824e-07,-3.785496572e-06,-1.351032167e-05,-1.642503721e-05,-9.311706684e-06,-2.070979208e-06,
9.448267179e-08,-1.595775159e-07,-5.615273748e-08,-1.227436696e-06,-3.442661389e-06,-5.519642654e-06,-4.912748948e-06,-2.273494345e-06,-4.353050562e-07,
1.589094568e-01
l,8.0,-5.0
3.290,4.550,5.830,
2.102209688e-15,1.533635925e+01
1.145195029e-06,-6.763054063e-07,-8.595140316e-07,3.689908953e-06,2.082535972e-06,-7.409203026e-06,-1.220796344e-05,-7.650740164e-06,-1.822030429e-06,
1.963788289e-07,-3.322640126e-07,-1.242060172e-07,-2.610665987e-06,-7.351329392e-06,-1.179635480e-05,-1.049632201e-05,-4.842167075e-06,-9.217630277e-07,
1.589267243e-01
l,8.0,-4.0
3.390,4.650,5.930,
1.014269004e-13,1.236868202e+01
2.370105904e-06,-1.340660824e-06,-1.570012367e-06,1.136852909e-05,2.306445874e-05,2.733790840e-05,2.468596826e-05,1.331714927e-05,2.926267041e-06,
4.080013451e-07,-6.914999681e-07,-2.580441940e-07,-5.500057749e-06,-1.569770276e-05,-2.552225728e-05,-2.300929036e-05,-1.074919387e-05,-2.068755383e-06,
1.589264910e-01
l,8.0,-3.0
3.510,4.750,6.030,
6.888470011e-12,9.330764056e+00
4.972258921e-06,-2.854352931e-06,-3.051305729e-06,2.392893284e-05,4.942212356e-05,6.588051559e-05,6.945572398e-05,4.252623444e-05,1.040296458e-05,
8.475991594e-07,-1.438922231e-06,-5.079892874e-07,-1.141876281e-05,-3.299694386e-05,-5.440760319e-05,-4.975473567e-05,-2.359539271e-05,-4.608253771e-06,
1.589576457e-01
l,8.0,-2.0
3.550,4.810,6.090,
6.468233746e-13,1.165244515e+01
1.082925974e-05,-5.632353794e-06,-7.572222527e-06,5.118003742e-05,1.030872226e-04,1.132835779e-04,9.542146602e-05,5.071790295e-05,1.132814144e-05,
1.883838642e-06,-3.201170374e-06,-1.250390439e-06,-2.590123578e-05,-7.418008113e-05,-1.209044649e-04,-1.093041463e-04,-5.116749802e-05,-9.859320707e-06,
1.589574502e-01
l,8.0,-1.0
3.610,4.890,6.170,
2.001590793e-14,1.482585416e+01
2.365930050e-05,-1.294611361e-05,-1.774046990e-05,6.403768552e-05,-1.513994159e-05,-2.748100123e-04,-3.711090149e-04,-2.102610187e-04,-4.555901923e-05,
4.046504558e-06,-6.884778187e-06,-2.311427963e-06,-5.372154050e-05,-1.546592427e-04,-2.545894644e-04,-2.326470908e-04,-1.102749848e-04,-2.154910420e-05,
1.589575274e-01
l,8.0,0.0
3.670,4.930,6.210,
7.866426311e-13,1.246791099e+01
5.372357919e-05,-2.785103400e-05,-4.125684682e-05,1.874197067e-04,1.814600625e-04,-1.857522024e-04,-3.855452063e-04,-2.349139707e-04,-5.174179600e-05,
9.303096872e-06,-1.583822012e-05,-5.687471605e-06,-1.248115048e-04,-3.560008841e-04,-5.793601260e-04,-5.231644200e-04,-2.446585524e-04,-4.714564600e-05,
1.589573530e-01
l,8.0,1.0
3.710,4.970,6.250,
8.112189896e-11,9.457923413e+00
1.240899001e-04,-6.522318054e-05,-8.578099933e-05,5.729054856e-04,1.121798338e-03,1.233315921e-03,1.116401892e-03,6.533503779e-04,1.592632412e-04,
2.138753454e-05,-3.643410684e-05,-1.266533382e-05,-2.860138838e-04,-8.191939814e-04,-1.339399478e-03,-1.214680073e-03,-5.704163206e-04,-1.103381868e-04,
1.589574476e-01
l,8.0,2.0
3.730,4.990,6.270,
1.991760486e-11,1.114736295e+01
2.953745134e-04,-1.535317448e-04,-2.245198917e-04,1.059943204e-03,1.139482932e-03,-5.991740949e-04,-1.476796509e-03,-8.326800149e-04,-1.619512422e-04,
5.087279835e-05,-8.669162457e-05,-2.897187270e-05,-6.731454593e-04,-1.926596014e-03,-3.151446918e-03,-2.860053447e-03,-1.344381464e-03,-2.604657509e-04,
1.589572066e-01
l,8.0,3.0
3.730,4.990,6.250,
4.960906248e-11,1.110732288e+01
7.271522772e-04,-3.707232563e-04,-5.406208698e-04,2.836955294e-03,3.568185680e-03,-2.011773359e-04,-2.396885112e-03,-1.395270751e-03,-2.559468788e-04,
1.295478136e-04,-2.207136584e-04,-8.672383878e-05,-1.811693461e-03,-5.268422596e-03,-8.733675777e-03,-8.049842323e-03,-3.848211778e-03,-7.579574899e-04,
1.589573378e-01
l,8.0,4.0
3.730,4.970,6.210,
2.203755057e-10,1.068764183e+01
1.860597054e-03,-9.358794007e-04,-1.219203484e-03,9.415732436e-03,1.718051742e-02,1.472675395e-02,9.734585943e-03,4.979474715e-03,1.199259148e-03,
3.413637389e-04,-5.813746604e-04,-3.400745318e-04,-5.891262619e-03,-1.824621450e-02,-3.146809437e-02,-2.992130480e-02,-1.469871717e-02,-2.954185179e-03,
1.589569885e-01
l,8.0,5.0
3.730,4.930,6.150,
4.719646306e-10,1.089116517e+01
4.993515089e-03,-2.589265696e-03,-3.472379911e-03,2.551615025e-02,4.441516594e-02,3.426381189e-02,2.169058046e-02,1.234758540e-02,3.354249941e-03,
9.313319239e-04,-1.585735584e-03,-8.493770270e-04,-1.567826755e-02,-4.901181477e-02,-8.561475908e-02,-8.257136071e-02,-4.119008049e-02,-8.420347951e-03,
1.590196812e-01
l,8.0,6.0
3.690,4.830,5.990,
8.469653151e-10,1.130469959e+01
1.461500954e-02,-6.526854869e-03,-1.180635737e-02,8.666192320e-02,1.671939924e-01,1.332335082e-01,7.378133681e-02,3.748415503e-02,1.046484844e-02,
3.014486991e-03,-5.131962242e-03,-3.028523009e-03,-5.395020874e-02,-1.750683224e-01,-3.179862305e-01,-3.206621062e-01,-1.676382136e-01,-3.596391044e-02,
1.590193249e-01
l,8.0,7.0
3.670,4.670,5.690,
3.153262065e-09,1.127106628e+01
4.839929938e-02,-1.352715515e-02,-4.049016263e-02,4.987199988e-01,1.428034579e+00,2.001112184e+00,1.839625741e+00,1.052609854e+00,2.706425005e-01,
1.246541315e-02,-2.135806436e-02,-2.160539282e-02,-3.309290250e-01,-1.243074098e+00,-2.571508065e+00,-2.957938932e+00,-1.764693791e+00,-4.302664537e-01,
1.591444683e-01
l,8.0,8.0
3.650,4.490,5.330,
3.364044070e-09,1.234897207e+01
1.974029988e-01,-4.236405247e-02,-2.091451960e-01,3.897933573e+00,1.402234914e+01,2.377904822e+01,2.483643573e+01,1.562949317e+01,4.457614854e+00,
5.931946412e-02,-1.071417267e-01,-1.651745940e-01,-2.630659598e+00,-1.190299421e+01,-2.966772547e+01,-4.124126237e+01,-2.982393937e+01,-8.829379398e+00,
1.591436327e-01
l,9.0,-9.0
3.390,4.630,5.930,
4.534038492e-14,9.558948832e+00
2.850022973e-08,-2.085082998e-08,-1.353616950e-08,1.323768443e-07,2.392134097e-07,3.139029058e-07,3.383251831e-07,2.046292809e-07,4.854900931e-08,
4.517381778e-09,-7.656268594e-09,-2.532978314e-09,-5.802721648e-08,-1.613413888e-07,-2.563772075e-07,-2.249008653e-07,-1.023042327e-07,-1.920599590e-08,
1.588464985e-01
l,9.0,-8.0
3.490,4.770,6.050,
2.124908570e-13,8.565757627e+00
5.506198164e-08,-3.608489475e-08,-3.040899526e-08,1.343593059e-07,-1.282931640e-07,-6.801653660e-07,-7.586496112e-07,-3.711263550e-07,-7.015177147e-08,
9.073066838e-09,-1.540780321e-08,-6.206777101e-09,-1.316134937e-07,-3.945014474e-07,-6.732066185e-07,-6.368293384e-07,-3.131348286e-07,-6.324153550e-08,
1.589092834e-01
l,9.0,-7.0
3.590,4.870,6.170,
5.492703172e-21,2.249029842e+01
1.101698999e-07,-6.025034623e-08,-1.071048615e-07,-9.627342185e-08,-1.914926458e-06,-5.281946454e-06,-6.224361946e-06,-3.509378903e-06,-7.752494660e-07,
1.821064285e-08,-3.098369737e-08,-1.100090682e-08,-2.465121169e-07,-7.103079331e-07,-1.170005962e-06,-1.069886593e-06,-5.083272434e-07,-9.957878380e-08,
1.589261209e-01
l,9.0,-6.0
3.770,4.990,6.270,
2.862210719e-14,1.061087498e+01
2.201229989e-07,-1.181722647e-07,-1.384205470e-07,1.166631821e-06,2.776429421e-06,4.162598718e-06,4.455296753e-06,2.671803208e-06,6.427630233e-07,
3.779982790e-08,-6.441056558e-08,-2.611875622e-08,-5.389546177e-07,-1.576836153e-06,-2.623013111e-06,-2.418930293e-06,-1.155713163e-06,-2.268928161e-07,
1.589264240e-01
l,9.0,-5.0
3.810,5.090,6.390,
1.874880131e-15,1.300722321e+01
4.502336139e-07,-2.194086331e-07,-4.294969895e-07,7.469526782e-07,-1.724007541e-06,-8.101617132e-06,-1.019944476e-05,-5.690967940e-06,-1.218774859e-06,
7.582329500e-08,-1.294293145e-07,-4.337719168e-08,-1.003971609e-06,-2.861145215e-06,-4.664871072e-06,-4.219176587e-06,-1.976083275e-06,-3.811746559e-07,
1.589572164e-01
l,9.0,-4.0
3.910,5.190,6.470,
5.147172744e-20,2.099586500e+01
9.327876000e-07,-4.331833889e-07,-8.195020280e-07,1.240131819e-06,-6.849471230e-06,-2.627495519e-05,-3.362243223e-05,-1.958321479e-05,-4.394899647e-06,
1.627696457e-07,-2.781605181e-07,-1.145513216e-07,-2.338462031e-06,-6.853115284e-06,-1.142905129e-05,-1.058412848e-05,-5.079113433e-06,-1.001915790e-06,
1.589572169e-01
l,9.0,-3.0
4.010,5.290,6.570,
1.166224721e-19,2.058231154e+01
1.958670964e-06,-9.726986113e-07,-1.618985102e-06,4.199191486e-06,-6.652628872e-06,-3.741330469e-05,-4.995756628e-05,-2.934210044e-05,-6.605963875e-06,
3.376097753e-07,-5.777428788e-07,-1.977359797e-07,-4.538980530e-06,-1.304753786e-05,-2.144398800e-05,-1.956860107e-05,-9.250765468e-06,-1.801855553e-06,
1.589570178e-01
l,9.0,-2.0
4.070,5.350,6.630,
1.663549037e-18,1.900033444e+01
4.258010904e-06,-1.857544571e-06,-3.699124621e-06,9.475821333e-06,-1.086806748e-05,-7.570375658e-05,-1.046086326e-04,-6.224376620e-05,-1.406328869e-05,
7.497499462e-07,-1.284060972e-06,-5.285448308e-07,-1.073495822e-05,-3.124084791e-05,-5.172025208e-05,-4.754056345e-05,-2.261370076e-05,-4.419844745e-06,
1.589569543e-01
l,9.0,-1.0
4.130,5.410,6.710,
2.921722104e-15,1.409143399e+01
9.384189070e-06,-3.977140922e-06,-8.804810908e-06,2.479256225e-05,9.405086021e-06,-8.203980794e-05,-1.275061434e-04,-7.602882697e-05,-1.679457588e-05,
1.608764483e-06,-2.758149570e-06,-9.364920120e-07,-2.143390846e-05,-6.080737278e-05,-9.847368084e-05,-8.835158373e-05,-4.090949578e-05,-7.786459475e-06,
1.589567289e-01
l,9.0,0.0
4.190,5.470,6.750,
4.721284424e-12,9.372273118e+00
2.099398989e-05,-9.209514114e-06,-1.669128148e-05,8.726446632e-05,1.593672577e-04,1.175170509e-04,5.753254551e-05,2.530443592e-05,6.409168657e-06,
3.696695570e-06,-6.341085379e-06,-2.576072080e-06,-5.259366452e-05,-1.520249984e-04,-2.498974020e-04,-2.278781550e-04,-1.073779151e-04,-2.077681160e-05,
1.589566830e-01
l,9.0,1.0
4.230,5.510,6.810,
7.520093478e-16,1.594332430e+01
4.817227091e-05,-2.088666406e-05,-4.317773163e-05,1.387216384e-04,7.936977616e-05,-3.729285280e-04,-6.146443197e-04,-3.748163010e-04,-8.426411627e-05,
8.207508752e-06,-1.408943457e-05,-4.559889142e-06,-1.082323077e-04,-3.065284959e-04,-4.958051379e-04,-4.440114924e-04,-2.051377952e-04,-3.897070010e-05,
1.589564104e-01
l,9.0,2.0
4.270,5.550,6.830,
1.262078236e-13,1.291403429e+01
1.124596965e-04,-5.298642568e-05,-8.666982950e-05,4.626580216e-04,7.757992626e-04,4.427662526e-04,8.972836820e-05,3.373285003e-06,1.752977491e-06,
1.951707979e-05,-3.351280017e-05,-1.175544158e-05,-2.641698262e-04,-7.540276562e-04,-1.228806259e-03,-1.110702987e-03,-5.188208621e-04,-9.971813681e-05,
1.589564675e-01
l,9.0,3.0
4.290,5.550,6.830,
2.779643833e-13,1.294948875e+01
2.729505068e-04,-1.182164086e-04,-2.260531905e-04,1.051285213e-03,1.576880869e-03,2.140986302e-04,-9.345578409e-04,-7.082906873e-04,-1.641873454e-04,
4.803264363e-05,-8.247925865e-05,-3.173791406e-05,-6.681025701e-04,-1.912533548e-03,-3.118138597e-03,-2.820128287e-03,-1.317293113e-03,-2.529003231e-04,
1.589561209e-01
l,9.0,4.0
4.290,5.550,6.830,
9.090867984e-13,1.275090196e+01
6.776488153e-04,-3.029292040e-04,-5.638150842e-04,2.642059234e-03,3.991665239e-03,7.915936133e-04,-1.856665851e-03,-1.407961077e-03,-3.132416328e-04,
1.182390927e-04,-2.030485130e-04,-7.283166417e-05,-1.614464792e-03,-4.617363784e-03,-7.533605475e-03,-6.815951040e-03,-3.185324160e-03,-6.123551563e-04,
1.589873565e-01
l,9.0,5.0
4.270,5.530,6.790,
6.028808481e-12,1.211144677e+01
1.746224007e-03,-8.023245077e-04,-1.398386431e-03,7.747493041e-03,1.402032455e-02,1.007772860e-02,4.655555132e-03,1.947289343e-03,4.843511843e-04,
3.117243780e-04,-5.351507165e-04,-1.972907939e-04,-4.335082487e-03,-1.258488754e-02,-2.085127309e-02,-1.919014106e-02,-9.136549728e-03,-1.790394087e-03,
1.589871252e-01
l,9.0,6.0
4.250,5.470,6.710,
1.778653380e-11,1.209226323e+01
4.757526796e-03,-2.009292543e-03,-3.816245933e-03,2.460335263e-02,5.002822668e-02,4.430060469e-02,2.595741278e-02,1.117729834e-02,2.471414414e-03,
8.806399593e-04,-1.511166921e-03,-8.156959632e-04,-1.489497274e-02,-4.594795483e-02,-7.903689595e-02,-7.489522024e-02,-3.657331985e-02,-7.302561961e-03,
1.590189391e-01
l,9.0,7.0
4.230,5.390,6.550,
4.109980984e-11,1.230817957e+01
1.379294042e-02,-5.721965590e-03,-1.103010230e-02,8.327591158e-02,1.751128193e-01,1.610728090e-01,9.811673377e-02,4.435009731e-02,1.038120404e-02,
2.855920688e-03,-4.900526645e-03,-3.073482381e-03,-5.296511036e-02,-1.719631420e-01,-3.121571480e-01,-3.146462776e-01,-1.642704195e-01,-3.514492326e-02,
1.590186154e-01
l,9.0,8.0
4.190,5.230,6.290,
9.765953215e-11,1.259077128e+01
4.522705823e-02,-1.121193529e-02,-4.090664111e-02,4.186671483e-01,1.208766460e+00,1.641686138e+00,1.399476389e+00,7.256587376e-01,1.697952553e-01,
1.105629662e-02,-1.907299890e-02,-1.781536295e-02,-2.785630750e-01,-1.016203313e+00,-2.036526799e+00,-2.259827699e+00,-1.295632579e+00,-3.028801259e-01,
1.591445056e-01
l,9.0,9.0
4.170,5.050,5.930,
2.146463245e-10,1.305400656e+01
1.780319959e-01,-2.594223434e-02,-1.676159524e-01,3.253831291e+00,1.210441488e+01,2.151366660e+01,2.310506914e+01,1.435487266e+01,3.903822378e+00,
5.237924160e-02,-9.419227891e-02,-1.478726351e-01,-2.265543813e+00,-9.938668656e+00,-2.385696091e+01,-3.181573306e+01,-2.200006282e+01,-6.206487307e+00,
1.591435976e-01
