l,1.0,-1.0
0.150,1.110,2.070,
2.790387782e-01,2.547866575e+00
1.000939962e-02,-9.396976417e-03,1.618813185e-02,1.429980871e-01,6.041993540e-01,1.540886573e+00,2.210895269e+00,1.717864906e+00,5.521268477e-01,
2.799491591e-03,-4.407822422e-03,-6.923349474e-03,-9.581543560e-02,-4.041868623e-01,-9.143115812e-01,-1.140195906e+00,-7.387387530e-01,-1.944144140e-01,
1.590201800e-01
l,1.0,0.0
0.170,0.330,0.530,
6.525842645e+00,3.599589326e+00
4.481175914e-02,1.476204601e-01,7.471499367e+00,3.734080713e+02,8.132508959e+03,9.682923684e+04,6.396544475e+05,2.194002323e+06,3.048956755e+06,
4.328541519e-02,-5.196357903e-02,-5.301837233e+00,-2.789663902e+02,-6.257449176e+03,-7.164556374e+04,-4.401888431e+05,-1.382412244e+06,-1.744522065e+06,
1.591435951e-01
l,1.0,1.0
0.210,0.290,0.390,
0.000000000e+00,0.000000000e+00
6.939799190e-01,-1.378899873e+01,3.649576935e+03,3.409244459e+05,1.197269771e+07,1.598039829e+08,7.036148163e+08,0.000000000e+00,0.000000000e+00,
2.252202371e-01,-1.549433983e+00,-3.186829340e+01,-2.122235978e+03,-3.980217779e+04,-3.527400854e+05,-1.036919754e+06,0.000000000e+00,0.000000000e+00,
1.591435940e-01
l,2.0,-2.0
0.370,1.430,2.530,
2.945323918e-02,3.404682287e+00
3.532720031e-03,-3.479493022e-03,3.987067855e-03,2.963135803e-02,9.617531261e-02,1.943859903e-01,2.124863436e-01,1.296197268e-01,3.562802189e-02,
7.649356729e-04,-1.261282000e-03,-1.250171048e-03,-1.807303004e-02,-6.507479702e-02,-1.278208218e-01,-1.389074825e-01,-7.856617608e-02,-1.808322344e-02,
1.589099642e-01
l,2.0,-1.0
0.390,1.230,2.070,
1.610423591e-01,4.848146567e+00
8.805548772e-03,-9.096267610e-03,-4.408915170e-02,-4.457376145e-01,-2.255420899e+00,-5.918323772e+00,-8.848207063e+00,-6.966343194e+00,-2.208356560e+00,
2.800038366e-03,-4.408683325e-03,-7.889961164e-03,-1.131403863e-01,-5.240583148e-01,-1.320647430e+00,-1.856514973e+00,-1.368029657e+00,-4.118535935e-01,
1.590512386e-01
l,2.0,0.0
0.430,1.390,2.390,
1.820650072e-01,4.313729120e+00
1.225819997e-02,-1.428913143e-02,1.594742581e-02,6.144140372e-02,1.322581177e-01,1.765967763e-01,1.344911743e-01,2.051575558e-01,1.372536065e-01,
2.918881713e-03,-4.779717917e-03,-5.249254355e-03,-7.664416567e-02,-2.960273769e-01,-6.282259604e-01,-7.425717382e-01,-4.598171745e-01,-1.162793324e-01,
1.589271302e-01
l,2.0,1.0
0.410,0.650,0.910,
2.985412991e+00,5.756154041e+00
7.114786655e-02,9.223381665e-02,7.223160887e+00,3.148943974e+02,5.586422559e+03,5.058961350e+04,2.424096254e+05,5.861779695e+05,5.644809062e+05,
5.393256786e-02,-9.174764738e-02,-5.296558944e+00,-2.580423867e+02,-5.011948110e+03,-4.709918607e+04,-2.294999899e+05,-5.601630752e+05,-5.428379702e+05,
1.591435940e-01
l,2.0,2.0
0.430,0.570,0.710,
0.000000000e+00,0.000000000e+00
9.367011786e-01,-1.365830531e+01,-1.118286836e+03,-1.682693895e+05,-7.752358113e+06,-1.761427927e+08,-2.046759541e+09,-1.155444443e+10,-2.511179347e+10,
2.752190627e-01,-1.541580786e+00,-4.105730198e+01,-3.045961400e+03,-8.396192401e+04,-1.271146187e+06,-1.067537224e+07,-4.704451011e+07,-8.421854601e+07,
1.591444536e-01
l,3.0,-3.0
0.550,1.710,2.870,
4.208152489e-03,4.395973715e+00
1.334166038e-03,-1.416462836e-03,9.201723990e-04,3.795546375e-03,2.129942335e-03,-8.015989743e-03,-2.497510680e-02,-2.159433217e-02,-5.753096199e-03,
2.491757929e-04,-4.218375347e-04,-2.679689816e-04,-4.534077870e-03,-1.499581706e-02,-2.768831784e-02,-2.845066769e-02,-1.527352902e-02,-3.347088199e-03,
1.588479085e-01
l,3.0,-2.0
0.610,1.590,2.570,
2.667853210e-02,8.107032891e+00
2.955649979e-03,-3.288267171e-03,-1.533111150e-02,-1.294203302e-01,-5.518498161e-01,-1.223487513e+00,-1.557311409e+00,-1.060428925e+00,-2.947454468e-01,
7.165248786e-04,-1.185648331e-03,-1.227789764e-03,-1.892005747e-02,-7.475135384e-02,-1.629393802e-01,-1.981772104e-01,-1.262981768e-01,-3.288339121e-02,
1.590202220e-01
l,3.0,-1.0
0.650,1.750,2.870,
1.084683672e-02,5.821999206e+00
3.924286924e-03,-4.536658337e-03,3.277564032e-03,7.095177156e-03,-3.031500627e-02,-1.550313000e-01,-3.190080157e-01,-2.728194009e-01,-8.133764289e-02,
7.528416494e-04,-1.276206239e-03,-9.083106882e-04,-1.465701114e-02,-4.949599870e-02,-9.347540052e-02,-9.856976182e-02,-5.455533466e-02,-1.236225176e-02,
1.588478481e-01
l,3.0,0.0
0.670,1.530,2.410,
1.772732700e-02,5.598569714e+00
9.912672453e-03,-8.088855184e-03,5.446782794e-02,4.843594786e-01,1.916781565e+00,4.467940561e+00,5.573862166e+00,3.446603055e+00,8.365855930e-01,
2.826410278e-03,-4.636323579e-03,-8.637877012e-03,-1.337261435e-01,-6.628330452e-01,-1.785203777e+00,-2.653984884e+00,-2.041231445e+00,-6.332159442e-01,
1.590202334e-01
l,3.0,1.0
0.670,1.670,2.710,
4.410544517e-02,5.552579707e+00
1.445779018e-02,-1.882790177e-02,1.407796998e-02,-4.282722986e-02,-5.564499849e-01,-2.001934799e+00,-3.495828314e+00,-2.743324588e+00,-7.783993419e-01,
2.989300092e-03,-5.038203674e-03,-4.799160472e-03,-7.420554718e-02,-2.764116011e-01,-5.676625554e-01,-6.466705722e-01,-3.854848975e-01,-9.379482258e-02,
1.588479003e-01
l,3.0,2.0
0.650,0.930,1.250,
5.152462288e-01,7.627490784e+00
9.051364660e-02,8.476394740e-02,2.320394073e+00,8.361920958e+01,9.967142262e+02,6.729779301e+03,2.627834019e+04,5.439379630e+04,4.600449026e+04,
6.130534039e-02,-1.145799561e-01,-2.067798389e+00,-6.206998615e+01,-7.944308439e+02,-5.388307315e+03,-2.014211659e+04,-3.911634520e+04,-3.085381536e+04,
1.591435808e-01
l,3.0,3.0
0.710,0.830,1.010,
1.549119434e+03,1.960129008e+01
1.412497044e+00,-1.940851787e+01,7.624168333e+02,5.486266511e+04,2.198452426e+06,3.955682176e+07,3.407060958e+08,1.405020113e+09,2.244152751e+09,
3.231219806e-01,-1.664593022e+00,-4.319923479e+01,-2.770414888e+03,-6.492636546e+04,-8.059470616e+05,-5.417330934e+06,-1.878548973e+07,-2.618229932e+07,
1.591444135e-01
l,4.0,-4.0
0.770,1.950,3.130,
5.533953418e-04,5.465712581e+00
5.298838951e-04,-5.915372978e-04,3.817750206e-04,1.664831422e-03,1.929347824e-03,-1.840573117e-04,-6.653149631e-03,-7.292351605e-03,-2.214022267e-03,
9.196095686e-05,-1.582774136e-04,-9.488388629e-05,-1.659099308e-03,-5.375707567e-03,-9.743862727e-03,-9.809099938e-03,-5.159589856e-03,-1.108719099e-03,
1.587855563e-01
l,4.0,-3.0
0.850,1.870,2.910,
4.731050973e-04,5.618205094e+00
1.076049055e-03,-7.434830091e-04,7.247515704e-03,5.211943474e-02,1.742886072e-01,3.438462176e-01,3.747903223e-01,2.086576555e-01,4.669479480e-02,
2.330914546e-04,-3.957038562e-04,-4.037368875e-04,-6.474103398e-03,-2.585936147e-02,-5.714385578e-02,-7.049687407e-02,-4.569683188e-02,-1.214385119e-02,
1.590202405e-01
l,4.0,-2.0
0.910,2.050,3.210,
6.514172593e-04,8.029618522e+00
1.401211019e-03,-1.661207065e-03,1.243558630e-03,5.227263123e-03,6.069722698e-03,-2.334805379e-03,-3.381395129e-02,-4.157216751e-02,-1.451743840e-02,
2.418372670e-04,-4.183034878e-04,-2.734777290e-04,-4.626688866e-03,-1.525354905e-02,-2.817288700e-02,-2.891896824e-02,-1.554132156e-02,-3.415913184e-03,
1.587856099e-01
l,4.0,-1.0
0.950,1.930,2.910,
9.321375565e-04,1.023867083e+01
2.999050077e-03,-4.228057807e-03,-1.785424189e-02,-1.198017593e-01,-4.705083272e-01,-9.722696138e-01,-1.178458653e+00,-7.873956632e-01,-2.194535451e-01,
7.039095588e-04,-1.196442479e-03,-8.655464312e-04,-1.341066057e-02,-3.866602605e-02,-4.914064710e-02,-1.117999169e-02,2.638497335e-02,1.573426234e-02,
1.589580627e-01
l,4.0,0.0
0.950,2.070,3.210,
1.486755934e-03,9.215397845e+00
4.222362768e-03,-5.300952466e-03,3.856533304e-03,1.135523238e-02,-4.511800327e-03,-7.221903603e-02,-2.146208557e-01,-2.201607715e-01,-7.325394611e-02,
7.305635360e-04,-1.265077590e-03,-7.638078956e-04,-1.362929083e-02,-4.512944707e-02,-8.408614555e-02,-8.719475616e-02,-4.745907731e-02,-1.058487021e-02,
1.587856332e-01
l,4.0,1.0
0.950,1.850,2.750,
3.097878490e-03,8.188645218e+00
1.069397014e-02,-1.217803264e-02,2.079575076e-03,6.404951058e-02,2.006319875e-01,6.311835316e-01,7.576349669e-01,2.520168305e-01,-3.632717017e-02,
2.797208418e-03,-4.726337857e-03,-5.889753436e-03,-8.876300467e-02,-3.533020684e-01,-7.631238138e-01,-9.147520752e-01,-5.752692714e-01,-1.489607478e-01,
1.590202323e-01
l,4.0,2.0
0.910,1.950,3.010,
1.056814080e-02,9.115407187e+00
1.657721028e-02,-2.297563463e-02,1.667331269e-02,-6.586395370e-02,-7.613178635e-01,-2.738492483e+00,-4.927379771e+00,-4.058291125e+00,-1.223911779e+00,
3.124462895e-03,-5.378334100e-03,-4.807345638e-03,-7.712641274e-02,-2.828951429e-01,-5.737597462e-01,-6.435724617e-01,-3.773866540e-01,-9.028907383e-02,
1.587545940e-01
l,4.0,3.0
0.890,1.230,1.590,
5.777936861e-02,9.380484044e+00
1.071562022e-01,5.232012467e-02,1.899880258e+00,6.680668815e+01,7.017238742e+02,4.085222993e+03,1.354567341e+04,2.355818802e+04,1.662157413e+04,
6.505549714e-02,-1.259383564e-01,-1.823301345e+00,-5.270807570e+01,-6.255960789e+02,-3.870710337e+03,-1.303145806e+04,-2.259956785e+04,-1.583239757e+04,
1.591435407e-01
l,4.0,4.0
0.970,1.110,1.310,
3.514340002e+00,2.019823278e+01
1.474900961e+00,-1.638943857e+01,3.343534687e+02,1.558812052e+04,5.684154022e+05,9.303454599e+06,7.015021041e+07,2.479171197e+08,3.353451535e+08,
3.535402282e-01,-1.674633353e+00,-4.287654766e+01,-2.593950520e+03,-5.730726426e+04,-6.567383907e+05,-4.030689641e+06,-1.266459217e+07,-1.595992656e+07,
1.591444247e-01
l,5.0,-5.0
0.970,2.170,3.370,
6.290197202e-05,7.787766273e+00
2.156303963e-04,-2.514609609e-04,9.793513877e-05,9.550252509e-05,-1.911451885e-03,-6.167587275e-03,-1.018584619e-02,-7.719332227e-03,-2.109879682e-03,
3.491014857e-05,-6.087092781e-05,-3.207427392e-05,-5.977560308e-04,-1.868586007e-03,-3.277608271e-03,-3.187588694e-03,-1.622292092e-03,-3.383808206e-04,
1.587235209e-01
l,5.0,-4.0
1.090,2.130,3.170,
3.970654069e-05,7.723566983e+00
4.089793074e-04,-2.363799319e-04,4.004592145e-03,2.946600829e-02,1.018081480e-01,2.009420568e-01,2.185802576e-01,1.217305515e-01,2.720160407e-02,
8.591247457e-05,-1.482109518e-04,-1.350038396e-04,-2.267402737e-03,-9.003256173e-03,-2.008620090e-02,-2.523278744e-02,-1.675971337e-02,-4.580027599e-03,
1.589270532e-01
l,5.0,-3.0
1.170,2.330,3.490,
2.854439859e-05,9.170318285e+00
5.172868841e-04,-6.374883163e-04,4.642015702e-04,2.338910223e-03,4.991791967e-03,8.360021161e-03,2.026153891e-03,-4.918428025e-03,-2.570347014e-03,
8.542329892e-05,-1.498350339e-04,-8.980003903e-05,-1.609080401e-03,-5.258069024e-03,-9.665212168e-03,-9.860094579e-03,-5.269602692e-03,-1.153745155e-03,
1.587235733e-01
l,5.0,-2.0
1.270,2.230,3.250,
4.363090615e-05,7.202402112e+00
1.047436032e-03,-7.833558672e-04,6.465630278e-03,5.233735725e-02,1.902945170e-01,4.139672171e-01,5.024418823e-01,3.128141609e-01,7.828678734e-02,
2.258990172e-04,-3.915842474e-04,-5.468477883e-04,-8.874454998e-03,-4.030465159e-02,-9.922568917e-02,-1.332489655e-01,-9.164510148e-02,-2.523271384e-02,
1.589581474e-01
l,5.0,-1.0
1.250,2.390,3.550,
3.054151021e-05,1.031841085e+01
1.429772004e-03,-1.788987812e-03,1.415834238e-03,8.408575300e-03,2.290892931e-02,4.836604414e-02,3.825012363e-02,4.979531246e-03,-3.369436029e-03,
2.320842626e-04,-4.083287234e-04,-2.452515167e-04,-4.421060197e-03,-1.449543210e-02,-2.677763333e-02,-2.744112545e-02,-1.473311257e-02,-3.240747012e-03,
1.587235543e-01
l,5.0,0.0
1.270,2.250,3.250,
8.376502946e-05,7.998604452e+00
3.099855036e-03,-3.570428164e-03,-2.979891324e-03,1.033806321e-03,1.485610055e-02,1.414354166e-01,2.737725726e-01,2.021999890e-01,5.284898481e-02,
6.823643452e-04,-1.184073356e-03,-7.271125542e-04,-1.218710862e-02,-3.469828501e-02,-5.003708411e-02,-3.362770849e-02,-6.845420792e-03,1.216909868e-03,
1.589581161e-01
l,5.0,1.0
1.250,2.390,3.530,
7.658820602e-05,1.146217805e+01
4.433546215e-03,-5.845326771e-03,4.742568465e-03,2.150186551e-02,5.005452551e-02,8.405177778e-02,3.626904090e-03,-7.586993974e-02,-3.678407482e-02,
7.261327129e-04,-1.277707762e-03,-7.031334764e-04,-1.347112924e-02,-4.440092221e-02,-8.279900117e-02,-8.577022801e-02,-4.664442177e-02,-1.040390742e-02,
1.587236609e-01
l,5.0,2.0
1.230,2.130,3.050,
3.745019623e-04,8.486555833e+00
1.179737970e-02,-1.215026482e-02,2.380204079e-02,2.748238229e-01,1.103396874e+00,2.950036262e+00,4.179782544e+00,2.857026470e+00,7.520468417e-01,
2.920684843e-03,-5.037211890e-03,-8.151393596e-03,-1.289543057e-01,-5.896231530e-01,-1.441221637e+00,-1.926631875e+00,-1.332125128e+00,-3.734325778e-01,
1.589891483e-01
l,5.0,3.0
1.170,2.230,3.290,
5.991879423e-04,1.316041036e+01
1.860580966e-02,-2.679714502e-02,2.302076738e-02,-1.252184068e-02,-4.852908853e-01,-1.989666288e+00,-4.009211312e+00,-3.560645786e+00,-1.129195234e+00,
3.348552799e-03,-5.857907989e-03,-5.346364365e-03,-8.597728446e-02,-3.147824727e-01,-6.389155297e-01,-7.165507321e-01,-4.201124828e-01,-1.005150306e-01,
1.586616245e-01
l,5.0,4.0
1.150,1.510,1.910,
4.978415091e-03,1.075232480e+01
1.213245019e-01,6.543935935e-02,1.898983300e+00,6.699011209e+01,6.863388254e+02,3.819539298e+03,1.198395239e+04,1.965062363e+04,1.305875207e+04,
6.897356394e-02,-1.365433770e-01,-1.856173634e+00,-5.166919658e+01,-5.756663083e+02,-3.285784717e+03,-1.007806815e+04,-1.579522913e+04,-9.949678766e+03,
1.591435519e-01
l,5.0,5.0
1.170,1.370,1.610,
1.365341564e-02,2.437011097e+01
1.856541991e+00,-1.868452156e+01,1.943849943e+02,4.499928207e+03,1.373307210e+05,2.643151130e+06,2.136942637e+07,7.631420686e+07,1.009823721e+08,
3.726242119e-01,-1.634427097e+00,-3.869643027e+01,-2.182871546e+03,-4.368929357e+04,-4.373889149e+05,-2.293508604e+06,-6.076579542e+06,-6.412470246e+06,
1.591444683e-01
l,6.0,-6.0
1.190,2.390,3.590,
4.718439580e-06,8.131270245e+00
8.729093679e-05,-1.044614138e-04,8.485181991e-05,5.384221750e-04,1.625968669e-03,3.231406267e-03,2.808024894e-03,9.700946031e-04,8.731682693e-05,
1.366214803e-05,-2.406923152e-05,-1.401256407e-05,-2.510423731e-04,-7.983048219e-04,-1.428589365e-03,-1.417098972e-03,-7.349683418e-04,-1.559111956e-04,
1.586925042e-01
l,6.0,-5.0
1.310,2.350,3.410,
3.255306000e-06,8.151749714e+00
1.624646975e-04,-2.481551480e-04,-1.446881494e-03,-9.854036384e-03,-3.664725228e-02,-7.078527426e-02,-7.639404893e-02,-4.387581408e-02,-1.040092075e-02,
3.259774611e-05,-5.695204312e-05,-2.500868855e-05,-4.277695368e-04,-6.864076360e-04,6.229514174e-04,3.284035527e-03,3.574806140e-03,1.257999455e-03,
1.589270434e-01
l,6.0,-4.0
1.410,2.570,3.750,
1.273157139e-06,1.026959894e+01
2.007076982e-04,-2.504073663e-04,1.688553147e-04,1.129393877e-03,3.243613579e-03,7.525113274e-03,7.399576061e-03,2.691606314e-03,1.826861966e-04,
3.108141288e-05,-5.512873700e-05,-3.053041123e-05,-5.709302546e-04,-1.818533958e-03,-3.272249209e-03,-3.262414656e-03,-1.704508792e-03,-3.655245525e-04,
1.587235852e-01
l,6.0,-3.0
1.490,2.510,3.530,
1.402906794e-07,1.557468664e+01
3.780462139e-04,-4.287999557e-04,-7.075263449e-04,-4.994994121e-03,-2.699918073e-02,-6.198326268e-02,-7.899657668e-02,-5.454285317e-02,-1.554165560e-02,
7.973227741e-05,-1.401097220e-04,-8.636630837e-05,-1.431934523e-03,-3.990830134e-03,-5.665253030e-03,-3.803709923e-03,-8.459180058e-04,8.746928682e-05,
1.589270959e-01
l,6.0,-2.0
1.530,2.690,3.850,
1.130259577e-06,1.070011899e+01
5.017967778e-04,-6.364333430e-04,5.065977590e-04,3.487125947e-03,1.076121845e-02,2.572049256e-02,2.783222524e-02,1.267662170e-02,1.885676729e-03,
7.853718290e-05,-1.398566852e-04,-7.856499022e-05,-1.499560087e-03,-4.922223947e-03,-9.147389649e-03,-9.421145967e-03,-5.081715304e-03,-1.123281916e-03,
1.587236150e-01
l,6.0,-1.0
1.610,2.590,3.610,
3.574313356e-06,8.658244128e+00
1.005079015e-03,-1.161865078e-03,-7.601031955e-04,3.885003470e-03,2.315193514e-02,9.320805367e-02,1.568809782e-01,1.163686933e-01,3.222108329e-02,
2.091130752e-04,-3.688720254e-04,-1.937846369e-04,-3.455807755e-03,-8.955756635e-03,-1.092857021e-02,-4.511343447e-03,1.601100102e-03,1.281635123e-03,
1.589581173e-01
l,6.0,0.0
1.590,2.730,3.890,
1.908637495e-06,1.110470129e+01
1.427629963e-03,-1.848567175e-03,1.407031655e-03,9.560494084e-03,3.000187909e-02,7.316154599e-02,7.862198319e-02,3.449132424e-02,4.577423813e-03,
2.207266277e-04,-3.937561054e-04,-2.008056417e-04,-4.056607795e-03,-1.319149712e-02,-2.434535102e-02,-2.489500752e-02,-1.334744705e-02,-2.937034370e-03,
1.586926674e-01
l,6.0,1.0
1.590,2.570,3.570,
7.782145038e-06,9.415406408e+00
3.156976076e-03,-3.150339729e-03,4.850230838e-03,5.172143041e-02,1.670405234e-01,3.981298200e-01,5.265929116e-01,3.370167105e-01,8.261948823e-02,
6.777411769e-04,-1.194568298e-03,-1.381978901e-03,-2.295093564e-02,-9.588870567e-02,-2.167549471e-01,-2.687460949e-01,-1.726409278e-01,-4.504536442e-02,
1.589581695e-01
l,6.0,2.0
1.550,2.690,3.830,
4.733674208e-06,1.235578805e+01
4.698988050e-03,-6.307266504e-03,5.624877359e-03,3.413262051e-02,1.121275841e-01,2.589282346e-01,2.499605451e-01,8.790300722e-02,4.521889553e-03,
7.417824230e-04,-1.321590931e-03,-7.235806286e-04,-1.411709014e-02,-4.657022894e-02,-8.722603905e-02,-9.066718796e-02,-4.947269769e-02,-1.107666711e-02,
1.586616645e-01
l,6.0,3.0
1.510,2.430,3.370,
4.614695742e-05,9.470146698e+00
1.251532976e-02,-1.375659024e-02,9.919915468e-03,1.750276698e-01,6.954329658e-01,2.091134539e+00,3.230810543e+00,2.334547326e+00,6.397589732e-01,
2.916063893e-03,-5.116580304e-03,-5.474690024e-03,-9.056252949e-02,-3.719856210e-01,-8.420501978e-01,-1.057199060e+00,-6.932211286e-01,-1.859641920e-01,
1.589580617e-01
l,6.0,4.0
1.450,2.510,3.590,
2.037770526e-05,1.511850096e+01
2.054025047e-02,-3.043325265e-02,2.744590400e-02,3.914454383e-02,-1.800271053e-01,-1.072009733e+00,-2.737807582e+00,-2.751605496e+00,-9.364027682e-01,
3.439264663e-03,-6.101326995e-03,-4.899271771e-03,-8.415811365e-02,-3.024142840e-01,-6.044194741e-01,-6.657665221e-01,-3.830353982e-01,-8.990921979e-02,
1.586005284e-01
l,6.0,5.0
1.410,1.810,2.230,
4.395118361e-04,1.169765352e+01
1.338264942e-01,2.089308349e-02,7.052049389e-01,3.082282029e+01,2.410623847e+02,1.082432525e+03,2.962960271e+03,4.427471659e+03,2.730432583e+03,
7.127587557e-02,-1.426643520e-01,-1.021108632e+00,-2.358728486e+01,-2.190461475e+02,-1.099752013e+03,-3.084877377e+03,-4.530511572e+03,-2.719446345e+03,
1.591435955e-01
l,6.0,6.0
1.430,1.650,1.910,
1.140476222e-04,2.427262365e+01
1.840991974e+00,-1.586003697e+01,1.472406907e+02,3.442033080e+03,8.632489661e+04,1.414343217e+06,1.010775354e+07,3.227224891e+07,3.836199091e+07,
3.840014130e-01,-1.572156486e+00,-3.508596267e+01,-1.921091027e+03,-3.692063553e+04,-3.479201660e+05,-1.699061635e+06,-4.165349259e+06,-4.055491790e+06,
1.591444632e-01
l,7.0,-7.0
1.390,2.590,3.810,
2.792059133e-07,1.008862202e+01
3.613204899e-05,-4.390728810e-05,2.417853561e-05,1.310404539e-04,2.342006386e-04,3.941053693e-04,8.950992975e-05,-2.399041682e-04,-1.212454588e-04,
5.326793620e-06,-9.469969255e-06,-4.562571223e-06,-9.166235701e-05,-2.855038772e-04,-5.013947929e-04,-4.859359461e-04,-2.460168666e-04,-5.102494155e-05,
1.586623248e-01
l,7.0,-6.0
1.550,2.590,3.650,
5.800876903e-07,6.970812652e+00
6.289814337e-05,-1.067989853e-04,-7.503388286e-04,-5.176021439e-03,-1.900115334e-02,-3.647411032e-02,-3.882997837e-02,-2.179706033e-02,-5.020731180e-03,
1.230815985e-05,-2.174013755e-05,-5.391412017e-06,-1.103310769e-04,3.726704697e-05,1.076781554e-03,2.496447910e-03,2.286643211e-03,7.485856593e-04,
1.589269668e-01
l,7.0,-5.0
1.650,2.810,3.990,
6.818348219e-08,1.090938645e+01
7.757118146e-05,-9.783941935e-05,6.229779642e-05,4.954652541e-04,1.580663701e-03,4.009425764e-03,4.639490093e-03,2.332090518e-03,4.151618964e-04,
1.166345042e-05,-2.087360367e-05,-1.032914134e-05,-2.090458056e-04,-6.607615448e-04,-1.186184522e-03,-1.179106004e-03,-6.145509444e-04,-1.316937644e-04,
1.586925807e-01
l,7.0,-4.0
1.790,2.770,3.810,
8.852864672e-08,1.004222912e+01
1.396587031e-04,-1.539225946e-04,2.663926760e-05,1.865432225e-03,8.835596166e-03,2.573172060e-02,3.808361039e-02,2.698571081e-02,7.370978797e-03,
2.797590478e-05,-4.973767433e-05,-1.909189738e-05,-3.936244498e-04,-8.931043231e-04,-8.342967978e-04,2.826172126e-05,4.986007115e-04,2.104036993e-04,
1.589270532e-01
l,7.0,-3.0
1.810,2.950,4.110,
1.927556448e-07,8.945164023e+00
1.856354938e-04,-2.356243938e-04,1.795870863e-04,1.826081706e-03,7.097867743e-03,1.855535989e-02,2.350469421e-02,1.385315260e-02,3.108610670e-03,
2.838554776e-05,-5.100962929e-05,-2.397793572e-05,-5.080145740e-04,-1.615293374e-03,-2.926419196e-03,-2.941457720e-03,-1.553949853e-03,-3.384647277e-04,
1.586926022e-01
l,7.0,-2.0
1.930,2.870,3.890,
1.100261767e-07,1.012773763e+01
3.533459967e-04,-3.164653162e-04,9.374350564e-04,9.647180124e-03,3.516297476e-02,8.396457067e-02,1.138926427e-01,7.833034926e-02,2.134677021e-02,
7.322734423e-05,-1.305951574e-04,-1.705635407e-04,-2.818218493e-03,-1.208043331e-02,-2.764847809e-02,-3.444552008e-02,-2.211735330e-02,-5.744750718e-03,
1.589270831e-01
l,7.0,-1.0
1.890,3.030,4.190,
7.312805465e-08,1.140522873e+01
4.903915105e-04,-6.226146569e-04,4.261495028e-04,3.576221172e-03,1.128693680e-02,2.972155881e-02,3.708377319e-02,2.059905908e-02,4.191993340e-03,
7.418776926e-05,-1.336724529e-04,-6.464231706e-05,-1.376286712e-03,-4.494403889e-03,-8.360386194e-03,-8.609759359e-03,-4.645151365e-03,-1.028994016e-03,
1.586926141e-01
l,7.0,0.0
1.910,2.910,3.930,
3.127705309e-07,9.817084174e+00
9.975783760e-04,-1.019065808e-03,-8.878793458e-05,5.742170206e-03,1.331026014e-02,4.673742462e-02,8.461151887e-02,6.576322524e-02,1.857272191e-02,
2.058182939e-04,-3.676877510e-04,-2.450608838e-04,-4.527201336e-03,-1.627744555e-02,-3.311714395e-02,-3.772041390e-02,-2.256591100e-02,-5.564092051e-03,
1.589271302e-01
l,7.0,1.0
1.910,3.050,4.210,
2.884607614e-07,1.084533820e+01
1.441305038e-03,-1.881355545e-03,1.475257274e-03,1.265924767e-02,4.636082376e-02,1.205174425e-01,1.487425003e-01,8.378349876e-02,1.769678587e-02,
2.159756946e-04,-3.894858972e-04,-1.794732202e-04,-3.909428600e-03,-1.259268360e-02,-2.315440221e-02,-2.359314851e-02,-1.261998881e-02,-2.776687866e-03,
1.586616414e-01
l,7.0,2.0
1.890,2.890,3.890,
8.844581123e-07,1.024065699e+01
3.181487089e-03,-3.428981326e-03,9.897124832e-04,2.946180211e-02,9.724390898e-02,2.797122322e-01,4.220830601e-01,2.940440775e-01,7.689051548e-02,
6.676179835e-04,-1.191953284e-03,-7.861861405e-04,-1.487188756e-02,-5.442072793e-02,-1.126258545e-01,-1.304073845e-01,-7.931609482e-02,-1.987762249e-02,
1.589271159e-01
l,7.0,3.0
1.850,2.990,4.130,
4.737937247e-07,1.267047071e+01
4.915862810e-03,-6.671433366e-03,6.037363936e-03,4.176588067e-02,1.494552400e-01,3.701826919e-01,4.162975306e-01,2.042239601e-01,3.514477939e-02,
7.532741575e-04,-1.356242603e-03,-7.156565398e-04,-1.446438304e-02,-4.760200158e-02,-8.926433930e-02,-9.285276723e-02,-5.071488606e-02,-1.137530906e-02,
1.586314939e-01
l,7.0,4.0
1.790,2.730,3.670,
7.934324970e-06,9.814520269e+00
1.311451010e-02,-1.435654996e-02,1.408708363e-02,2.116489296e-01,8.149416773e-01,2.330217266e+00,3.536735709e+00,2.556501743e+00,7.070214472e-01,
2.990437141e-03,-5.317677012e-03,-7.280899215e-03,-1.142272819e-01,-4.828978353e-01,-1.111521598e+00,-1.411585604e+00,-9.332453094e-01,-2.516911465e-01,
1.589580729e-01
l,7.0,5.0
1.710,2.790,3.870,
5.958713603e-07,1.707586166e+01
2.238041908e-02,-3.366867865e-02,3.597017638e-02,1.444209766e-01,4.094660233e-01,6.461855029e-01,-2.484786286e-01,-1.015024491e+00,-4.678630147e-01,
3.636707868e-03,-6.524040777e-03,-5.263744891e-03,-9.136444536e-02,-3.284301149e-01,-6.577098745e-01,-7.255482331e-01,-4.180558661e-01,-9.829758725e-02,
1.585696556e-01
l,7.0,6.0
1.670,2.090,2.530,
3.487092030e-05,1.290421241e+01
1.451092958e-01,3.366404016e-02,8.659326374e-01,3.339965218e+01,2.577145480e+02,1.116756038e+03,2.896251911e+03,4.077313154e+03,2.370013437e+03,
7.529480482e-02,-1.525871791e-01,-1.155206523e+00,-2.585482019e+01,-2.325115910e+02,-1.124267002e+03,-3.024331119e+03,-4.247155138e+03,-2.432371736e+03,
1.591435904e-01
l,7.0,7.0
1.690,1.930,2.190,
1.466863466e-06,2.489168280e+01
1.827283025e+00,-1.362567500e+01,1.378624285e+02,3.547483826e+03,7.291470352e+04,9.618698280e+05,5.944969821e+06,1.687893447e+07,1.805359420e+07,
4.219981130e-01,-1.710774646e+00,-4.572107227e+01,-2.441855516e+03,-4.700979525e+04,-4.424219803e+05,-2.158022549e+06,-5.280926156e+06,-5.133831103e+06,
1.591436586e-01
l,8.0,-8.0
1.050,1.070,1.110,
0.000000000e+00,0.000000000e+00
1.400430046e-04,1.236313837e-03,-1.261512625e-01,-2.385105899e+00,0.000000000e+00,0.000000000e+00,0.000000000e+00,0.000000000e+00,0.000000000e+00,
2.214344926e-04,-2.528571537e-04,-1.343443253e-01,-1.928829676e+00,0.000000000e+00,0.000000000e+00,0.000000000e+00,0.000000000e+00,0.000000000e+00,
1.591435751e-01
l,8.0,-7.0
1.870,2.810,3.850,
5.310142624e-10,1.494316490e+01
2.476178997e-05,-1.671070316e-05,2.314592610e-04,2.209385493e-03,9.460758148e-03,2.268359565e-02,2.979457616e-02,2.001090770e-02,5.380151108e-03,
4.969151342e-06,-8.847696635e-06,-1.237631745e-05,-2.082976770e-04,-9.680850604e-04,-2.434436942e-03,-3.312798440e-03,-2.289879446e-03,-6.293067471e-04,
1.589269057e-01
l,8.0,-6.0
1.930,3.030,4.190,
9.595692812e-09,1.007626093e+01
3.058460061e-05,-3.839353105e-05,3.198803318e-05,3.833936627e-04,1.628965056e-03,4.256214756e-03,5.483409273e-03,3.348796802e-03,7.871756985e-04,
4.688021910e-06,-8.445936929e-06,-4.284064327e-06,-8.547656298e-05,-2.669916335e-04,-4.739831710e-04,-4.670758030e-04,-2.422418776e-04,-5.194709949e-05,
1.586923960e-01
l,8.0,-5.0
2.070,3.030,4.050,
7.117185736e-09,1.028300226e+01
5.166096889e-05,-5.609892543e-05,3.911050079e-06,6.001945867e-04,2.910699408e-03,9.004515142e-03,1.401329966e-02,1.037497620e-02,2.954849641e-03,
1.049023401e-05,-1.881285069e-05,-1.762861423e-05,-3.185113492e-04,-1.277827266e-03,-2.749047455e-03,-3.210628106e-03,-1.929460112e-03,-4.697167382e-04,
1.589270434e-01
l,8.0,-4.0
2.070,3.210,4.350,
1.595523504e-09,1.253372051e+01
6.844355812e-05,-8.627166860e-05,3.393958688e-05,2.901798410e-04,5.404078233e-04,1.781429242e-03,2.484003421e-03,1.358629491e-03,2.447509190e-04,
1.059989202e-05,-1.918998773e-05,-8.849926857e-06,-1.958044701e-04,-6.357302159e-04,-1.177442743e-03,-1.208903798e-03,-6.516183873e-04,-1.447740589e-04,
1.587235134e-01
l,8.0,-3.0
2.130,3.150,4.170,
2.405812512e-12,2.118512552e+01
1.250268979e-04,-1.289209461e-04,-1.978385040e-04,-1.483620613e-03,-9.923701346e-03,-2.489305732e-02,-3.230324023e-02,-2.185957322e-02,-6.039846922e-03,
2.552414824e-05,-4.595670868e-05,-2.196625383e-05,-4.708434396e-04,-1.595230795e-03,-3.114073916e-03,-3.425166876e-03,-1.986737572e-03,-4.783686353e-04,
1.589581053e-01
l,8.0,-2.0
2.170,3.310,4.450,
1.256792042e-08,1.021133180e+01
1.732718956e-04,-2.174903185e-04,1.032699557e-04,1.208383264e-03,3.896108433e-03,1.123999423e-02,1.556991132e-02,9.697273851e-03,2.250610171e-03,
2.668664877e-05,-4.845244920e-05,-2.183107546e-05,-4.873934936e-04,-1.562831776e-03,-2.865857162e-03,-2.916348331e-03,-1.560508052e-03,-3.450490270e-04,
1.587235912e-01
l,8.0,-1.0
2.250,3.210,4.230,
8.382505792e-09,1.107985592e+01
3.353598004e-04,-3.166820130e-04,-3.293933996e-06,2.493332544e-03,5.781694082e-03,1.795631866e-02,3.343916259e-02,2.791990865e-02,8.556436878e-03,
6.912789397e-05,-1.247102850e-04,-7.083209028e-05,-1.420027985e-03,-5.096734562e-03,-1.051766870e-02,-1.223279240e-02,-7.492455823e-03,-1.894813641e-03,
1.589270768e-01
l,8.0,0.0
2.230,3.370,4.510,
1.179440596e-08,1.128509441e+01
4.731852096e-04,-6.026947687e-04,3.382682011e-04,3.324376862e-03,1.042138159e-02,2.928771438e-02,3.944376237e-02,2.382257106e-02,5.345348752e-03,
7.221170282e-05,-1.313332117e-04,-5.900417594e-05,-1.337595274e-03,-4.355321127e-03,-8.112383325e-03,-8.378556169e-03,-4.544032103e-03,-1.015638492e-03,
1.586926674e-01
l,8.0,1.0
2.250,3.230,4.250,
7.289396041e-08,9.685994023e+00
9.820481064e-04,-9.359958090e-04,6.545513115e-04,1.430081814e-02,4.805111966e-02,1.202375998e-01,1.734341057e-01,1.231989486e-01,3.385323159e-02,
2.012722912e-04,-3.634096475e-04,-3.633641004e-04,-5.842066680e-03,-2.211589563e-02,-4.637551887e-02,-5.398923356e-02,-3.283485625e-02,-8.185956089e-03,
1.589270928e-01
l,8.0,2.0
2.210,3.350,4.510,
8.479343227e-08,1.030187925e+01
1.478240010e-03,-1.894228426e-03,1.297266969e-03,1.343009234e-02,4.890037238e-02,1.328422327e-01,1.758306832e-01,1.073049905e-01,2.475685444e-02,
2.179376309e-04,-3.964591260e-04,-1.825674020e-04,-4.022482089e-03,-1.292153076e-02,-2.372665412e-02,-2.413085326e-02,-1.288427373e-02,-2.834271750e-03,
1.586625347e-01
l,8.0,3.0
2.190,3.190,4.190,
9.874353701e-08,1.111117494e+01
3.251418006e-03,-3.347191632e-03,1.267871722e-03,3.331941212e-02,1.004390718e-01,2.716919238e-01,4.127355822e-01,2.947757668e-01,7.934471382e-02,
6.773356221e-04,-1.221683286e-03,-1.217579720e-03,-1.974198899e-02,-7.537541783e-02,-1.597094743e-01,-1.881200830e-01,-1.159026321e-01,-2.928861580e-02,
1.589270759e-01
l,8.0,4.0
2.130,3.270,4.430,
8.138344809e-08,1.261006175e+01
5.233544856e-03,-7.031450679e-03,5.699877419e-03,4.659692385e-02,1.716326559e-01,4.553443914e-01,5.680242652e-01,3.211416837e-01,6.770531035e-02,
7.609076730e-04,-1.382359463e-03,-6.410948444e-04,-1.409990483e-02,-4.558707993e-02,-8.428771856e-02,-8.626536268e-02,-4.633561629e-02,-1.023238171e-02,
1.586005284e-01
l,8.0,5.0
2.070,3.030,3.990,
1.213067711e-06,1.050445485e+01
1.361155976e-02,-1.515258170e-02,1.243063020e-02,1.983872464e-01,7.312904515e-01,2.090217812e+00,3.189760101e+00,2.308176489e+00,6.366695286e-01,
2.938638978e-03,-5.286831630e-03,-6.508294857e-03,-1.062698784e-01,-4.418800898e-01,-1.000613619e+00,-1.247154593e+00,-8.081095847e-01,-2.135057307e-01,
1.589581710e-01
l,8.0,6.0
1.990,3.070,4.150,
3.330880174e-08,1.768294128e+01
2.412845008e-02,-3.666644290e-02,4.126554386e-02,2.064785690e-01,7.432190064e-01,1.645053331e+00,1.214096317e+00,-4.633165318e-03,-2.020169390e-01,
3.824612573e-03,-6.926935273e-03,-5.244824847e-03,-9.524233965e-02,-3.421379303e-01,-6.866617083e-01,-7.588933758e-01,-4.381554277e-01,-1.032708073e-01,
1.585077093e-01
l,8.0,7.0
1.930,2.370,2.850,
2.993041656e-06,1.386999832e+01
1.552682072e-01,3.474151679e-02,5.815740078e-01,2.861732542e+01,2.146022239e+02,8.874367550e+02,2.191371643e+03,2.940252976e+03,1.630506890e+03,
7.535362978e-02,-1.528423863e-01,-9.760153518e-01,-2.136532675e+01,-1.809733183e+02,-8.159894283e+02,-2.029529879e+03,-2.618822065e+03,-1.372730006e+03,
1.591436586e-01
l,8.0,8.0
1.950,2.190,2.490,
0.000000000e+00,0.000000000e+00
2.085150003e+00,-1.398113503e+01,-1.110814192e+01,-2.624154843e+03,-6.804535862e+04,-5.170242980e+05,-1.704409393e+06,-2.388518912e+06,-9.218128927e+05,
4.222946003e-01,-1.610164825e+00,-1.213630579e+01,-5.001296114e+02,-6.539166148e+03,-4.758050379e+04,-1.914256908e+05,-4.063513351e+05,-3.536734054e+05,
1.591436097e-01
l,9.0,-9.0
0.750,0.830,0.930,
0.000000000e+00,0.000000000e+00
1.379116002e-04,1.072568554e-03,3.758772342e-02,1.943497390e+00,2.975389160e+01,1.488382914e+02,0.000000000e+00,0.000000000e+00,0.000000000e+00,
1.541510414e-04,-1.490801760e-04,-2.303234545e-02,-1.135751580e+00,-2.387803588e+01,-2.224926286e+02,-7.736982572e+02,0.000000000e+00,0.000000000e+00,
1.591436359e-01
l,9.0,-8.0
1.430,1.570,1.770,
0.000000000e+00,0.000000000e+00
1.183272980e-04,-4.901708133e-06,1.114131576e-02,5.787501792e-01,1.324937560e+01,1.734940561e+02,1.225663229e+03,4.362640600e+03,6.179067169e+03,
9.176724551e-05,-1.354430676e-04,-8.419601069e-03,-4.600269014e-01,-1.037452675e+01,-1.189345853e+02,-7.295225630e+02,-2.284387952e+03,-2.872853893e+03,
1.591435751e-01
l,9.0,-7.0
2.150,3.270,4.410,
1.363722497e-09,9.993684795e+00
1.168940980e-05,-1.479088528e-05,7.286620156e-06,8.096250487e-05,2.732024324e-04,7.660878906e-04,1.019098441e-03,6.106853203e-04,1.364905489e-04,
1.813082945e-06,-3.288019197e-06,-1.584906044e-06,-3.298471282e-05,-1.032941861e-04,-1.852703220e-04,-1.850782964e-04,-9.754495047e-05,-2.130868953e-05,
1.586922786e-01
l,9.0,-6.0
2.330,3.250,4.270,
2.217293505e-11,1.448575400e+01
1.983806033e-05,-1.436498308e-05,1.223158610e-04,1.188260553e-03,4.693920439e-03,1.095509493e-02,1.446416291e-02,9.882457074e-03,2.715092565e-03,
4.064841261e-06,-7.341382016e-06,-1.206607019e-05,-2.026142062e-04,-9.282936690e-04,-2.216931278e-03,-2.848421618e-03,-1.872727127e-03,-4.953854778e-04,
1.589578988e-01
l,9.0,-5.0
2.410,3.450,4.570,
2.013789078e-10,1.185993259e+01
2.577662963e-05,-3.156258005e-05,2.368908751e-06,5.288687429e-05,1.230111612e-04,1.135572065e-03,2.413777416e-03,1.978432375e-03,5.788061095e-04,
4.091938474e-06,-7.453226634e-06,-3.504059823e-06,-7.830168668e-05,-2.593431470e-04,-4.919127740e-04,-5.185338865e-04,-2.870537965e-04,-6.551112461e-05,
1.587233572e-01
l,9.0,-4.0
2.490,3.410,4.410,
2.978945534e-11,1.401187881e+01
4.515752153e-05,-4.002853692e-05,1.045876440e-04,1.375501214e-03,5.418531462e-03,1.341169575e-02,1.886059697e-02,1.350983361e-02,3.836542987e-03,
9.521976711e-06,-1.726828301e-05,-1.680605687e-05,-2.741695846e-04,-1.050972332e-03,-2.261961721e-03,-2.732226580e-03,-1.736623714e-03,-4.543827799e-04,
1.589580218e-01
l,9.0,-3.0
2.510,3.570,4.690,
1.697812596e-09,9.882166430e+00
6.260931696e-05,-7.527936225e-05,5.055070617e-05,6.389727279e-04,2.005290237e-03,5.204421192e-03,7.202212714e-03,4.706255920e-03,1.173255545e-03,
9.921556392e-06,-1.812723876e-05,-7.592858582e-06,-1.846147082e-04,-6.105187497e-04,-1.157962073e-03,-1.220373495e-03,-6.755592026e-04,-1.543511174e-04,
1.587234287e-01
l,9.0,-2.0
2.570,3.510,4.510,
8.833821048e-11,1.326547273e+01
1.137608997e-04,-1.006738910e-04,1.269079070e-04,1.989708626e-03,6.632220087e-03,1.678075961e-02,2.547180768e-02,1.940154313e-02,5.746535898e-03,
2.396544035e-05,-4.358324087e-05,-4.274755420e-05,-6.960886983e-04,-2.672573542e-03,-5.759609525e-03,-6.958464071e-03,-4.417042336e-03,-1.152743197e-03,
1.589580997e-01
l,9.0,-1.0
2.550,3.650,4.770,
1.185433635e-09,1.097493811e+01
1.641570998e-04,-1.986431313e-04,8.962384104e-05,1.313891608e-03,4.077998907e-03,1.164909249e-02,1.693663947e-02,1.124865039e-02,2.798361362e-03,
2.586828554e-05,-4.735641032e-05,-2.046921845e-05,-4.863768057e-04,-1.608412300e-03,-3.051534426e-03,-3.215697933e-03,-1.779705294e-03,-4.065167273e-04,
1.587234311e-01
l,9.0,0.0
2.550,3.550,4.570,
3.530064218e-11,1.515961099e+01
3.169286938e-04,-2.907043607e-04,-1.990725743e-04,7.912714562e-04,-2.819590715e-03,-6.270975753e-03,-2.262759375e-03,1.712155725e-03,9.576185974e-04,
6.483646152e-05,-1.181068856e-04,-1.107183360e-04,-1.809147197e-03,-6.714142191e-03,-1.386526335e-02,-1.592703922e-02,-9.564707752e-03,-2.359255919e-03,
1.589271302e-01
l,9.0,1.0
2.570,3.690,4.810,
5.751269348e-09,1.034300862e+01
4.642874992e-04,-5.770145188e-04,3.157653296e-04,3.842344022e-03,1.247411932e-02,3.494672494e-02,4.910510355e-02,3.165181786e-02,7.673227553e-03,
7.254581378e-05,-1.329432565e-04,-6.066843720e-05,-1.391735107e-03,-4.606931819e-03,-8.739444058e-03,-9.208530487e-03,-5.097214915e-03,-1.163766032e-03,
1.586925937e-01
l,9.0,2.0
2.550,3.570,4.610,
4.325724677e-09,1.127106038e+01
9.425473982e-04,-9.211758254e-04,4.881370445e-04,1.149220150e-02,3.413031574e-02,8.381840988e-02,1.226312694e-01,8.746772626e-02,2.384620134e-02,
1.819487288e-04,-3.318445197e-04,-2.544889808e-04,-4.645390215e-03,-1.719786720e-02,-3.555903411e-02,-4.082829594e-02,-2.450296319e-02,-6.036988238e-03,
1.589271159e-01
l,9.0,3.0
2.530,3.650,4.810,
8.067879168e-09,1.138092403e+01
1.502925996e-03,-1.884343898e-03,1.036987513e-03,1.271568688e-02,4.326794362e-02,1.215300537e-01,1.692811721e-01,1.082323339e-01,2.604784735e-02,
2.189434493e-04,-4.013087820e-04,-1.732638654e-04,-4.036970486e-03,-1.297355810e-02,-2.388389643e-02,-2.433637758e-02,-1.301195288e-02,-2.868815495e-03,
1.586624947e-01
l,9.0,4.0
2.490,3.490,4.530,
2.229448278e-08,1.118959097e+01
3.301173914e-03,-3.330482760e-03,2.255398775e-04,2.747761794e-02,7.098434165e-02,1.992328942e-01,3.290757430e-01,2.505236723e-01,7.092155602e-02,
6.356613042e-04,-1.157729458e-03,-9.280780813e-04,-1.655284038e-02,-6.112295508e-02,-1.255207196e-01,-1.427506582e-01,-8.471727624e-02,-2.062108638e-02,
1.589270871e-01
l,9.0,5.0
2.410,3.550,4.710,
3.539994650e-08,1.176741915e+01
5.524265114e-03,-7.296540792e-03,5.300744321e-03,5.051018938e-02,1.850505929e-01,5.099982277e-01,6.766538115e-01,4.113604885e-01,9.420303519e-02,
7.936254527e-04,-1.452415649e-03,-6.647109483e-04,-1.487245298e-02,-4.795354758e-02,-8.854542448e-02,-9.048650370e-02,-4.853965105e-02,-1.072038754e-02,
1.585696078e-01
l,9.0,6.0
2.350,3.310,4.290,
1.977810449e-07,1.111596777e+01
1.434925012e-02,-1.561608252e-02,8.432339129e-03,1.852853725e-01,6.432631860e-01,1.870560974e+00,2.969894494e+00,2.226204165e+00,6.327666138e-01,
2.974869015e-03,-5.402511801e-03,-4.501266243e-03,-8.118405695e-02,-3.128269882e-01,-6.748332316e-01,-8.113857673e-01,-5.116981883e-01,-1.327271498e-01,
1.589271255e-01
l,9.0,7.0
2.250,3.330,4.430,
4.455625129e-09,1.747681776e+01
2.660406940e-02,-4.030154426e-02,4.541766544e-02,3.012602545e-01,1.291923529e+00,3.414993751e+00,3.955694792e+00,1.963586291e+00,3.300573653e-01,
4.004712401e-03,-7.313217227e-03,-5.028957197e-03,-9.618861291e-02,-3.396902756e-01,-6.713001079e-01,-7.289793645e-01,-4.132692062e-01,-9.567858533e-02,
1.584768247e-01
l,9.0,8.0
2.190,2.650,3.150,
9.585888549e-08,1.604829524e+01
1.644798964e-01,4.282535867e-02,6.366437049e-01,2.912301497e+01,2.144979498e+02,8.575879737e+02,2.019630231e+03,2.567964858e+03,1.346419788e+03,
7.770368259e-02,-1.584404470e-01,-1.028656956e+00,-2.203874926e+01,-1.818410210e+02,-7.941328938e+02,-1.904764274e+03,-2.363395582e+03,-1.188812481e+03,
1.591436097e-01
l,9.0,9.0
2.210,2.470,2.770,
0.000000000e+00,0.000000000e+00
2.043330908e+00,-1.224134375e+01,1.518432510e+01,-9.314955723e+02,-3.079221809e+04,-2.039900273e+05,-4.854867477e+05,-2.086668862e+05,4.603878832e+05,
4.519014339e-01,-1.704001690e+00,-1.513946470e+01,-5.905562032e+02,-7.729976613e+03,-5.586216536e+04,-2.232388763e+05,-4.692692995e+05,-4.042454253e+05,
1.591435838e-01
