l,1.0,-1.0
0.170,1.230,2.290,
1.507217955e-01,2.534238060e+00
7.879522629e-03,-7.996925441e-03,1.042007366e-02,7.377632835e-02,2.756427311e-01,6.450348554e-01,8.485999729e-01,6.137952456e-01,1.856325901e-01,
1.878904902e-03,-2.972091310e-03,-3.374497304e-03,-4.623157933e-02,-1.719899342e-01,-3.484246304e-01,-3.913359182e-01,-2.293569593e-01,-5.477860370e-02,
1.589271283e-01
l,1.0,0.0
0.210,0.430,0.670,
2.844228444e+00,3.567336625e+00
4.255171120e-02,8.277568503e-02,5.655817033e+00,2.436502478e+02,4.519128154e+03,4.344747541e+04,2.229496796e+05,5.806527642e+05,6.045676288e+05,
3.754554908e-02,-4.590725974e-02,-3.997855538e+00,-1.984726387e+02,-4.026019815e+03,-4.019826546e+04,-2.103158451e+05,-5.545517408e+05,-5.825823863e+05,
1.591435858e-01
l,1.0,1.0
0.230,0.370,0.510,
0.000000000e+00,0.000000000e+00
5.594145060e-01,-7.079827394e+00,-2.235177368e+02,-4.381390780e+04,-2.093423101e+06,-4.967817939e+07,-6.014189190e+08,-3.504554292e+09,-7.796301999e+09,
1.928132877e-01,-9.289597188e-01,-2.557674711e+01,-1.873664297e+03,-5.181949004e+04,-7.852245209e+05,-6.605799492e+06,-2.916489604e+07,-5.239841932e+07,
1.591435878e-01
l,2.0,-2.0
0.410,1.590,2.790,
1.136058547e-02,3.348834353e+00
2.344358014e-03,-2.526664838e-03,1.764037234e-03,7.675368079e-03,1.229311413e-02,1.157299361e-02,-4.426746348e-03,-8.414839165e-03,-1.811698861e-03,
4.257951851e-04,-7.032612779e-04,-4.816886528e-04,-7.523081863e-03,-2.418991464e-02,-4.315918774e-02,-4.270482794e-02,-2.206490896e-02,-4.654126618e-03,
1.587856186e-01
l,2.0,-1.0
0.450,1.390,2.330,
2.700351144e-02,3.913679366e+00
6.385712884e-03,-5.210179186e-03,2.814982548e-02,2.317042464e-01,8.457334712e-01,1.779430561e+00,1.986520981e+00,1.106405846e+00,2.463118074e-01,
1.764500199e-03,-2.802932761e-03,-4.824083032e-03,-7.178463628e-02,-3.353244734e-01,-8.464154124e-01,-1.175116325e+00,-8.421212166e-01,-2.430850481e-01,
1.590202315e-01
l,2.0,0.0
0.490,1.570,2.670,
6.444823527e-02,4.083855804e+00
1.005166024e-02,-1.237841460e-02,1.136097770e-02,2.002251943e-02,-5.345105361e-02,-3.210376225e-01,-6.196823068e-01,-4.519557031e-01,-1.070566208e-01,
1.998939447e-03,-3.284400319e-03,-3.141625988e-03,-4.672920384e-02,-1.682678985e-01,-3.314304324e-01,-3.599249944e-01,-2.035837774e-01,-4.686739499e-02,
1.587856240e-01
l,2.0,1.0
0.490,0.810,1.150,
8.132158969e-01,5.661162261e+00
6.504870951e-02,2.830842204e-02,1.552841578e+00,4.778556584e+01,5.273082063e+02,3.293108849e+03,1.162058424e+04,2.135231868e+04,1.586955438e+04,
4.423546515e-02,-7.183590917e-02,-1.280024942e+00,-3.721971533e+01,-4.590039428e+02,-2.972351846e+03,-1.053446543e+04,-1.931762818e+04,-1.434808484e+04,
1.591435878e-01
l,2.0,2.0
0.570,0.710,0.910,
5.514519496e+02,1.111279874e+01
8.154500723e-01,-7.806523427e+00,1.544627709e+02,7.001844017e+03,2.394278751e+05,3.736291193e+06,2.702436737e+07,9.187634674e+07,1.198173027e+08,
2.339977705e-01,-9.720104984e-01,-2.446639289e+01,-1.472290919e+03,-3.258705801e+04,-3.734742246e+05,-2.293047385e+06,-7.206388667e+06,-9.090555917e+06,
1.591435789e-01
l,3.0,-3.0
0.650,1.890,3.150,
1.500999656e-03,4.952667720e+00
7.602493861e-04,-8.619837600e-04,4.857583420e-04,1.567743515e-03,-1.367334038e-04,-5.782214371e-03,-1.427910675e-02,-1.203635678e-02,-3.289278596e-03,
1.188739342e-04,-2.010339312e-04,-7.934880351e-05,-1.626746384e-03,-4.770036215e-03,-7.978757495e-03,-7.437921578e-03,-3.640916290e-03,-7.320352292e-04,
1.586625559e-01
l,3.0,-2.0
0.730,1.770,2.830,
1.539005298e-03,4.788328853e+00
1.813124050e-03,-1.458312182e-03,7.903055116e-03,6.061117499e-02,2.070099540e-01,4.187981394e-01,4.613690686e-01,2.569355291e-01,5.723702115e-02,
3.988896310e-04,-6.607842467e-04,-8.349965430e-04,-1.291868325e-02,-5.519828873e-02,-1.283200487e-01,-1.632861173e-01,-1.066712910e-01,-2.794410590e-02,
1.589271155e-01
l,3.0,-1.0
0.770,1.970,3.190,
3.430595087e-03,6.410102139e+00
2.694088966e-03,-3.296647199e-03,2.115464243e-03,5.272009683e-03,-4.866115661e-03,-3.770703228e-02,-9.155226533e-02,-8.238789759e-02,-2.454008694e-02,
4.269297344e-04,-7.242219456e-04,-3.965038220e-04,-7.170537115e-03,-2.260278427e-02,-3.991367904e-02,-3.892727434e-02,-1.982353975e-02,-4.123809600e-03,
1.586625471e-01
l,3.0,0.0
0.790,1.750,2.710,
5.880912138e-03,6.040420157e+00
7.441622205e-03,-7.349478716e-03,1.449479571e-02,1.404889428e-01,5.099639731e-01,1.179552978e+00,1.406776839e+00,7.923659888e-01,1.673868956e-01,
1.874006593e-03,-3.088111009e-03,-5.109215567e-03,-7.689757795e-02,-3.422157919e-01,-8.075763309e-01,-1.038047402e+00,-6.881472098e-01,-1.845120285e-01,
1.589891534e-01
l,3.0,1.0
0.770,1.890,3.010,
2.242466296e-02,7.457502112e+00
1.251167990e-02,-1.673222931e-02,9.578037945e-03,-4.662063095e-02,-4.400580072e-01,-1.396949844e+00,-2.288008077e+00,-1.739564604e+00,-4.864918446e-01,
2.229370548e-03,-3.757120941e-03,-2.487222872e-03,-4.227282935e-02,-1.421252235e-01,-2.690430992e-01,-2.833113498e-01,-1.566726306e-01,-3.548193136e-02,
1.586625417e-01
l,3.0,2.0
0.790,1.170,1.570,
9.756086358e-02,7.521629409e+00
8.187191933e-02,2.577490668e-02,1.700557811e+00,4.899053011e+01,4.903249286e+02,2.680457026e+03,8.134930124e+03,1.275489974e+04,8.053923613e+03,
4.906012060e-02,-8.661553299e-02,-1.420898188e+00,-3.894804300e+01,-4.349440257e+02,-2.485507445e+03,-7.628652861e+03,-1.196800106e+04,-7.546395028e+03,
1.591435789e-01
l,3.0,3.0
0.890,1.050,1.290,
4.790490586e+00,1.286439317e+01
9.789714813e-01,-7.298848878e+00,9.086437754e+01,2.727318924e+03,6.807654331e+04,9.422439869e+05,6.063132329e+06,1.809529133e+07,2.050424212e+07,
2.659881789e-01,-1.019999608e+00,-2.770259520e+01,-1.518776895e+03,-3.048649149e+04,-3.045419443e+05,-1.593585243e+06,-4.208333538e+06,-4.429266408e+06,
1.591436309e-01
l,4.0,-4.0
0.910,2.170,3.430,
1.108057494e-04,6.398154818e+00
2.522775030e-04,-2.976135131e-04,1.617659988e-04,5.557109648e-04,4.622406048e-04,3.576454520e-05,-1.942297427e-03,-2.304787028e-03,-7.259368657e-04,
3.761339822e-05,-6.457200015e-05,-2.566072560e-05,-5.339743730e-04,-1.566347006e-03,-2.624593477e-03,-2.442074578e-03,-1.191346140e-03,-2.386381282e-04,
1.585696261e-01
l,4.0,-3.0
1.010,2.110,3.210,
9.871016511e-05,7.609370829e+00
5.459868116e-04,-5.919965054e-04,1.062434449e-04,2.512944784e-03,6.954047665e-03,1.713999054e-02,1.858686908e-02,7.701787981e-03,7.599427283e-04,
1.075520885e-04,-1.825193290e-04,-1.289358886e-04,-2.124094503e-03,-6.904707130e-03,-1.231445598e-02,-1.213557740e-02,-6.254372328e-03,-1.327658284e-03,
1.589099825e-01
l,4.0,-2.0
1.070,2.290,3.530,
1.050618971e-04,7.816015126e+00
8.208442014e-04,-1.000763488e-03,6.830025576e-04,3.939047050e-03,1.039575601e-02,2.143276940e-02,1.769347449e-02,4.339465119e-03,-3.495053945e-04,
1.216429733e-04,-2.098688320e-04,-1.138502250e-04,-2.083535348e-03,-6.463397614e-03,-1.125837544e-02,-1.080874010e-02,-5.415294605e-03,-1.109441146e-03,
1.585696406e-01
l,4.0,-1.0
1.130,2.170,3.230,
1.616333104e-04,6.846816340e+00
1.902921009e-03,-1.953114645e-03,8.431649015e-04,1.554581949e-02,5.200716537e-02,1.361242679e-01,1.807091819e-01,1.109232668e-01,2.564843710e-02,
3.994789665e-04,-6.791544025e-04,-5.113212550e-04,-8.473414774e-03,-3.009068614e-02,-5.961770690e-02,-6.574002924e-02,-3.792256597e-02,-8.968913548e-03,
1.588960939e-01
l,4.0,0.0
1.130,2.330,3.530,
2.336461389e-04,8.643189357e+00
3.032078035e-03,-3.837599390e-03,2.961520486e-03,1.628422904e-02,4.561521498e-02,9.485428649e-02,7.684447388e-02,1.647182249e-02,-2.810689398e-03,
4.674841023e-04,-8.071234617e-04,-4.593342320e-04,-8.351047057e-03,-2.655706979e-02,-4.755944178e-02,-4.707691201e-02,-2.437354988e-02,-5.165667012e-03,
1.585696460e-01
l,4.0,1.0
1.130,2.110,3.090,
6.217929497e-04,7.395727569e+00
8.333324455e-03,-8.662928369e-03,8.238164620e-03,1.083936427e-01,3.948831864e-01,1.039346724e+00,1.415387742e+00,9.070230583e-01,2.206001999e-01,
1.951246775e-03,-3.302461454e-03,-3.697117700e-03,-5.560402644e-02,-2.167008149e-01,-4.670406568e-01,-5.614145182e-01,-3.538704785e-01,-9.145524752e-02,
1.589581634e-01
l,4.0,2.0
1.090,2.210,3.330,
1.261843505e-03,1.208938613e+01
1.505714003e-02,-2.085983600e-02,1.657014414e-02,2.426690607e-02,-1.094668548e-01,-5.739040890e-01,-1.363719722e+00,-1.299610812e+00,-4.208412017e-01,
2.540445394e-03,-4.363209763e-03,-2.682066796e-03,-4.856668158e-02,-1.626451756e-01,-3.083605268e-01,-3.249452111e-01,-1.799200041e-01,-4.083714208e-02,
1.585386745e-01
l,4.0,3.0
1.090,1.530,1.990,
7.882708570e-03,8.811298422e+00
9.533257037e-02,9.995500022e-03,6.363784979e-01,2.037930653e+01,1.526964573e+02,6.590193636e+02,1.688874876e+03,2.315985289e+03,1.297820520e+03,
5.086566657e-02,-9.299038886e-02,-7.270368954e-01,-1.568333367e+01,-1.371518188e+02,-6.407135638e+02,-1.657412003e+03,-2.232924604e+03,-1.224635536e+03,
1.591436309e-01
l,4.0,4.0
1.130,1.390,1.670,
2.149869316e-02,2.203817587e+01
1.087527037e+00,-6.638929861e+00,3.808322853e+01,7.867953362e+02,1.525180967e+04,2.445138897e+05,1.658656366e+06,4.917226706e+06,5.369738839e+06,
2.829776108e-01,-1.003859858e+00,-9.051870477e+00,-3.646241602e+02,-5.004968394e+03,-3.814307823e+04,-1.616016726e+05,-3.610170442e+05,-3.306199930e+05,
1.591435813e-01
l,5.0,-5.0
1.170,2.430,3.690,
4.542216107e-06,9.661901396e+00
8.529570187e-05,-1.027134883e-04,6.121439984e-05,2.812135692e-04,4.458773526e-04,4.403730279e-04,-4.819838277e-04,-9.083837523e-04,-3.313920096e-04,
1.224648872e-05,-2.127428596e-05,-8.305090225e-06,-1.764573068e-04,-5.149315169e-04,-8.670057997e-04,-8.141205049e-04,-4.022569186e-04,-8.178233527e-05,
1.585386743e-01
l,5.0,-4.0
1.290,2.390,3.510,
4.690487533e-06,7.885271970e+00
1.755848061e-04,-2.169926437e-04,-5.138118848e-04,-2.777571226e-03,-1.011512077e-02,-1.724624917e-02,-1.670074131e-02,-9.118597274e-03,-2.147552978e-03,
3.284185099e-05,-5.659810192e-05,4.135076664e-06,-9.352382281e-05,6.516348932e-04,2.876754651e-03,4.615188026e-03,3.322053899e-03,8.972977990e-04,
1.588788972e-01
l,5.0,-3.0
1.370,2.590,3.830,
3.804870520e-06,8.438328386e+00
2.568956115e-04,-3.126800135e-04,1.976712003e-04,1.502894006e-03,4.610900213e-03,1.095034650e-02,1.207747451e-02,5.897226233e-03,1.045557037e-03,
3.685665969e-05,-6.439449217e-05,-3.047037148e-05,-6.168691195e-04,-1.902144756e-03,-3.310679652e-03,-3.173659098e-03,-1.588232779e-03,-3.256068521e-04,
1.585386975e-01
l,5.0,-2.0
1.450,2.530,3.610,
7.927430125e-06,6.994654971e+00
5.371762090e-04,-5.476838630e-04,1.862637791e-04,3.570967929e-03,9.506535527e-03,2.484100597e-02,3.452187947e-02,2.196268999e-02,5.231660229e-03,
1.061614635e-04,-1.838183948e-04,-1.793884285e-04,-2.745435231e-03,-9.916470062e-03,-1.969577795e-02,-2.161310464e-02,-1.235305844e-02,-2.884349799e-03,
1.589099610e-01
l,5.0,-1.0
1.490,2.690,3.910,
6.841591763e-06,8.373622530e+00
8.465732099e-04,-1.045170694e-03,6.885145309e-04,5.430361718e-03,1.728827663e-02,4.226976401e-02,4.862159693e-02,2.510580384e-02,4.788898781e-03,
1.231063197e-04,-2.157782046e-04,-9.789033464e-05,-2.072967161e-03,-6.480800239e-03,-1.147209555e-02,-1.119547184e-02,-5.708649353e-03,-1.193272764e-03,
1.585696534e-01
l,5.0,0.0
1.510,2.570,3.650,
1.639085917e-05,7.605618624e+00
1.945434953e-03,-1.988883544e-03,9.161552704e-04,1.728302688e-02,5.411829789e-02,1.388161297e-01,1.901754973e-01,1.224225839e-01,2.988540244e-02,
3.806130667e-04,-6.605464262e-04,-5.704300545e-04,-9.279390778e-03,-3.341368855e-02,-6.635328872e-02,-7.279752663e-02,-4.161147950e-02,-9.726251229e-03,
1.589099664e-01
l,5.0,1.0
1.490,2.690,3.890,
1.739295953e-05,9.279572729e+00
3.311154898e-03,-4.222301380e-03,3.128516989e-03,2.296233157e-02,7.716319376e-02,1.891183915e-01,2.142566359e-01,1.081432013e-01,1.995689417e-02,
4.898701919e-04,-8.585762384e-04,-3.976104071e-04,-8.389600788e-03,-2.651576346e-02,-4.752897445e-02,-4.704061051e-02,-2.436275417e-02,-5.174995030e-03,
1.585386834e-01
l,5.0,2.0
1.470,2.470,3.490,
6.917555911e-05,8.177538620e+00
9.085771628e-03,-9.455258301e-03,5.800863674e-03,1.009907017e-01,3.464001446e-01,9.545320199e-01,1.392618379e+00,9.540605447e-01,2.478379392e-01,
1.933037833e-03,-3.341450427e-03,-3.055870656e-03,-4.997330308e-02,-1.882839988e-01,-3.930985486e-01,-4.559283456e-01,-2.765898970e-01,-6.877568295e-02,
1.589271141e-01
l,5.0,3.0
1.430,2.530,3.650,
6.194367252e-05,1.183128895e+01
1.766414940e-02,-2.471116545e-02,2.401424099e-02,1.329997440e-01,4.614073123e-01,1.059074446e+00,9.131649738e-01,1.891452112e-01,-5.208571664e-02,
2.869324706e-03,-5.004457131e-03,-2.753969281e-03,-5.427102290e-02,-1.811200199e-01,-3.438817890e-01,-3.626765509e-01,-2.010829801e-01,-4.576603846e-02,
1.584767787e-01
l,5.0,4.0
1.410,1.890,2.390,
5.882632960e-04,1.008830915e+01
1.063847020e-01,4.546989531e-03,6.221636382e-01,1.949907806e+01,1.389507437e+02,5.588329074e+02,1.317199076e+03,1.653136666e+03,8.466673137e+02,
5.258716136e-02,-9.819954319e-02,-7.227743690e-01,-1.511234507e+01,-1.250714482e+02,-5.470757440e+02,-1.313718361e+03,-1.633422197e+03,-8.235685859e+02,
1.591435813e-01
l,5.0,5.0
1.450,1.730,2.050,
4.626380123e-04,1.798217400e+01
1.159836054e+00,-5.758850841e+00,1.413335323e+01,5.978942371e+01,-4.083744225e+03,-1.140314143e+04,8.684147580e+04,4.342038348e+05,5.297906637e+05,
2.906747712e-01,-9.619948866e-01,-7.967456665e+00,-2.972049208e+02,-3.733485885e+03,-2.555496600e+04,-9.614144984e+04,-1.890816858e+05,-1.518701241e+05,
1.591436064e-01
l,6.0,-6.0
1.430,2.690,3.950,
3.400408357e-07,8.402543944e+00
2.856355968e-05,-3.525468266e-05,1.509101966e-05,3.977263726e-05,-7.796112901e-05,-2.117730803e-04,-4.042659603e-04,-3.617811378e-04,-1.090790396e-04,
3.966877889e-06,-6.961803969e-06,-2.058538540e-06,-5.473571557e-05,-1.605886891e-04,-2.722528664e-04,-2.552392254e-04,-1.251431573e-04,-2.516645901e-05,
1.584767613e-01
l,6.0,-5.0
1.610,2.670,3.770,
3.242661719e-07,7.756456943e+00
5.627054998e-05,-5.446495207e-05,6.989323444e-05,6.700249510e-04,2.055160434e-03,4.864386833e-03,6.435157155e-03,4.170436503e-03,1.051521859e-03,
1.067583216e-05,-1.860710875e-05,-2.153634235e-05,-3.532900857e-04,-1.426099243e-03,-3.043581916e-03,-3.504738723e-03,-2.068615861e-03,-4.922115164e-04,
1.588478851e-01
l,6.0,-4.0
1.670,2.870,4.090,
2.650132502e-07,8.138651744e+00
8.197731950e-05,-9.808214643e-05,6.035981807e-05,5.988835139e-04,2.005424558e-03,4.998476203e-03,6.097791810e-03,3.439589109e-03,7.352897626e-04,
1.191651189e-05,-2.101683191e-05,-9.357701316e-06,-2.015391788e-04,-6.286226057e-04,-1.110661300e-03,-1.081853247e-03,-5.505101501e-04,-1.149507028e-04,
1.585696261e-01
l,6.0,-3.0
1.750,2.850,3.950,
4.207487002e-07,7.618120907e+00
1.595586946e-04,-1.578257630e-04,1.219195856e-04,1.801339671e-03,5.448062484e-03,1.221900918e-02,1.538091813e-02,9.428100864e-03,2.226909153e-03,
2.993539204e-05,-5.253859603e-05,-4.350675507e-05,-7.191044306e-04,-2.554228455e-03,-5.018102016e-03,-5.449502716e-03,-3.084478371e-03,-7.143911441e-04,
1.588789333e-01
l,6.0,-2.0
1.810,2.990,4.190,
3.589087397e-07,8.374224415e+00
2.561612055e-04,-2.974653648e-04,1.368212943e-04,1.645582877e-03,4.780521996e-03,1.248924194e-02,1.635398076e-02,9.759672964e-03,2.182152802e-03,
3.835804758e-05,-6.787792005e-05,-3.024431520e-05,-6.616418869e-04,-2.093133110e-03,-3.756801849e-03,-3.722496143e-03,-1.927771194e-03,-4.101241772e-04,
1.585696406e-01
l,6.0,-1.0
1.870,2.950,4.050,
7.819808780e-07,7.786958294e+00
5.187083734e-04,-5.125537784e-04,2.833720891e-04,4.992912673e-03,1.435074053e-02,3.423355990e-02,4.662087864e-02,3.059749856e-02,7.684104051e-03,
9.646536376e-05,-1.699259023e-04,-1.370607674e-04,-2.320441853e-03,-8.286825027e-03,-1.636554748e-02,-1.784370102e-02,-1.013023562e-02,-2.351773826e-03,
1.589099738e-01
l,6.0,0.0
1.870,3.050,4.250,
8.942239242e-07,8.441629260e+00
8.933868958e-04,-1.047744030e-03,5.041369780e-04,6.014757706e-03,1.802450360e-02,4.747716559e-02,6.258901645e-02,3.770546136e-02,8.525224069e-03,
1.324878518e-04,-2.349321852e-04,-1.024147551e-04,-2.282870861e-03,-7.224234801e-03,-1.298696236e-02,-1.288719982e-02,-6.684790075e-03,-1.424648345e-03,
1.585696460e-01
l,6.0,1.0
1.870,2.950,4.050,
1.267327004e-06,8.977005433e+00
1.996427076e-03,-1.967691360e-03,7.141448972e-04,1.711563114e-02,4.560033504e-02,1.107924599e-01,1.558236127e-01,1.037237374e-01,2.604044846e-02,
3.706533806e-04,-6.532313499e-04,-5.149385491e-04,-8.833149540e-03,-3.149003250e-02,-6.204980651e-02,-6.744234338e-02,-3.815067023e-02,-8.826572918e-03,
1.589099683e-01
l,6.0,2.0
1.850,3.030,4.210,
2.934869976e-06,8.982572004e+00
3.631904023e-03,-4.489054089e-03,2.848779141e-03,2.740723670e-02,9.132850377e-02,2.394098496e-01,3.049663064e-01,1.777866007e-01,3.899585889e-02,
5.463438269e-04,-9.682575259e-04,-4.438023164e-04,-9.639424216e-03,-3.081874801e-02,-5.604275507e-02,-5.635330207e-02,-2.967581342e-02,-6.422480239e-03,
1.585076978e-01
l,6.0,3.0
1.810,2.830,3.870,
1.008164631e-05,8.616664016e+00
9.719800204e-03,-9.972387670e-03,4.319901521e-03,9.726637278e-02,2.977581945e-01,8.156448335e-01,1.234367737e+00,8.758693658e-01,2.344904931e-01,
1.957919273e-03,-3.438360157e-03,-2.900496264e-03,-4.952090527e-02,-1.839669869e-01,-3.791413145e-01,-4.331155097e-01,-2.584206971e-01,-6.319291121e-02,
1.589270929e-01
l,6.0,4.0
1.750,2.850,3.970,
6.110745688e-06,1.172090945e+01
2.030697092e-02,-2.814902243e-02,2.732288974e-02,2.124727595e-01,8.752334701e-01,2.375623070e+00,2.959122746e+00,1.657319305e+00,3.427417933e-01,
3.216514679e-03,-5.682019311e-03,-2.699008240e-03,-5.927534379e-02,-1.971228237e-01,-3.747796024e-01,-3.956291849e-01,-2.196682159e-01,-5.015950198e-02,
1.584458557e-01
l,6.0,5.0
1.730,2.250,2.790,
3.895848756e-05,1.138299537e+01
1.155845970e-01,-3.267805661e-03,5.421442198e-01,1.762293410e+01,1.195373651e+02,4.503477520e+02,9.850715979e+02,1.142202307e+03,5.393768493e+02,
5.298615854e-02,-1.001095851e-01,-6.699405407e-01,-1.370917946e+01,-1.080449016e+02,-4.451783790e+02,-9.983895029e+02,-1.152757106e+03,-5.377862770e+02,
1.591436064e-01
l,6.0,6.0
1.750,2.070,2.410,
8.347235174e-06,1.871892813e+01
1.206837058e+00,-4.831703309e+00,1.197947476e+01,2.603954369e+02,-1.384970530e+03,-1.006943614e+04,4.109624568e+03,9.864424795e+04,1.370154188e+05,
3.114613080e-01,-1.004138682e+00,-9.659551435e+00,-3.338848773e+02,-4.045609741e+03,-2.632377758e+04,-9.360288608e+04,-1.729776185e+05,-1.301838235e+05,
1.591436347e-01
l,7.0,-7.0
1.710,2.930,4.170,
1.256616798e-08,9.823477950e+00
9.724459233e-06,-1.176678809e-05,7.128771906e-06,4.693922360e-05,1.165063644e-04,2.555831271e-04,2.505186944e-04,9.726626524e-05,1.036971464e-05,
1.373498952e-06,-2.428800820e-06,-1.169123490e-06,-2.384360991e-05,-7.444519647e-05,-1.311848261e-04,-1.271667301e-04,-6.420990126e-05,-1.325030921e-05,
1.584457659e-01
l,7.0,-6.0
1.830,2.930,4.030,
3.078956776e-08,7.766402201e+00
1.828180029e-05,-1.789775182e-05,1.503420977e-05,2.280431660e-04,6.974536701e-04,1.481507193e-03,1.763654018e-03,1.030652101e-03,2.330654480e-04,
3.454635557e-06,-6.080182416e-06,-2.137838343e-06,-4.986172118e-05,-1.530131688e-04,-2.778024610e-04,-2.883177451e-04,-1.597172080e-04,-3.708194744e-05,
1.588478467e-01
l,7.0,-5.0
1.950,3.130,4.330,
9.386059684e-09,9.420582878e+00
2.659297024e-05,-3.025660712e-05,1.288195543e-05,1.643301240e-04,4.337758660e-04,1.119443075e-03,1.485259699e-03,8.949609195e-04,2.011752964e-04,
3.976291568e-06,-7.066664375e-06,-3.143902206e-06,-6.962485390e-05,-2.225192866e-04,-4.033703026e-04,-4.033426185e-04,-2.104666779e-04,-4.505117213e-05,
1.586006096e-01
l,7.0,-4.0
2.050,3.150,4.270,
3.468814995e-09,1.091234646e+01
4.844526120e-05,-4.711868411e-05,2.213600998e-05,5.149140279e-04,1.486148190e-03,3.158252254e-03,3.850068812e-03,2.282839359e-03,5.157456525e-04,
8.685614632e-06,-1.540800827e-05,-8.083112095e-06,-1.634137313e-04,-5.444820712e-04,-1.028336076e-03,-1.081637661e-03,-5.959769926e-04,-1.353102282e-04,
1.589099464e-01
l,7.0,-3.0
2.130,3.290,4.450,
2.829747846e-08,8.277043566e+00
7.728110359e-05,-8.502116659e-05,3.066967551e-05,5.315328468e-04,1.426315016e-03,3.690498393e-03,5.129314895e-03,3.288255216e-03,7.907262986e-04,
1.233664329e-05,-2.200179871e-05,-1.039432623e-05,-2.251806906e-04,-7.342215542e-04,-1.360633113e-03,-1.397056680e-03,-7.503323735e-04,-1.657139292e-04,
1.586314797e-01
l,7.0,-2.0
2.230,3.290,4.390,
1.865515997e-08,9.228636001e+00
1.464031957e-04,-1.390150054e-04,4.356434499e-05,1.196037016e-03,2.985223190e-03,7.335564713e-03,1.101094278e-02,7.886913521e-03,2.133193788e-03,
2.695290207e-05,-4.798754394e-05,-3.778277572e-05,-6.558639643e-04,-2.354042456e-03,-4.678230102e-03,-5.130929281e-03,-2.927784517e-03,-6.829789878e-04,
1.589099610e-01
l,7.0,-1.0
2.250,3.390,4.550,
2.788663593e-08,9.266588350e+00
2.497229143e-04,-2.741958742e-04,8.799328025e-05,1.744921810e-03,4.769948290e-03,1.244727993e-02,1.750652996e-02,1.138000524e-02,2.776103563e-03,
3.963361474e-05,-7.088333543e-05,-3.085606251e-05,-7.067835591e-04,-2.294934627e-03,-4.243347800e-03,-4.346304554e-03,-2.329087087e-03,-5.137250175e-04,
1.586314455e-01
l,7.0,0.0
2.290,3.350,4.450,
3.932917068e-08,9.514232717e+00
5.056628142e-04,-4.769444082e-04,1.589240378e-04,4.538294148e-03,1.163017852e-02,2.665105099e-02,3.768173828e-02,2.592162143e-02,6.792517805e-03,
9.303058154e-05,-1.659367952e-04,-1.321362466e-04,-2.270021156e-03,-8.093931749e-03,-1.597727099e-02,-1.740770817e-02,-9.870748389e-03,-2.290140710e-03,
1.589099664e-01
l,7.0,1.0
2.250,3.410,4.570,
1.777985375e-07,8.471836994e+00
9.250240983e-04,-1.013167060e-03,2.460459685e-04,5.669324818e-03,1.349116877e-02,3.617325421e-02,5.297983768e-02,3.509690752e-02,8.616759971e-03,
1.468359876e-04,-2.627958230e-04,-1.256447993e-04,-2.692900489e-03,-8.708453868e-03,-1.601309073e-02,-1.632046774e-02,-8.708768684e-03,-1.914273764e-03,
1.585696130e-01
l,7.0,2.0
2.270,3.330,4.430,
2.134022337e-07,9.190060146e+00
2.023974899e-03,-1.955618289e-03,1.933543660e-04,1.537895519e-02,3.848049764e-02,9.645516705e-02,1.456714434e-01,1.036687863e-01,2.769482324e-02,
3.704203206e-04,-6.606290910e-04,-5.233771083e-04,-9.037855597e-03,-3.218151225e-02,-6.329877193e-02,-6.858040503e-02,-3.862532846e-02,-8.896788826e-03,
1.589099595e-01
l,7.0,3.0
2.210,3.370,4.550,
6.815038641e-07,8.860260586e+00
3.917511087e-03,-4.633886572e-03,1.984598327e-03,2.732948572e-02,8.168471856e-02,2.249881266e-01,3.128897026e-01,1.983532971e-01,4.708964022e-02,
5.847373811e-04,-1.046669749e-03,-4.225446377e-04,-1.011149263e-02,-3.223269105e-02,-5.864329263e-02,-5.898093422e-02,-3.105939200e-02,-6.734418919e-03,
1.585386535e-01
l,7.0,4.0
2.170,3.190,4.230,
1.467407636e-06,9.242767801e+00
1.025297027e-02,-1.032966577e-02,3.616594204e-03,1.016484906e-01,2.928037807e-01,7.758632967e-01,1.187288795e+00,8.598960445e-01,2.351823801e-01,
2.034940051e-03,-3.617732054e-03,-3.059622539e-03,-5.248647557e-02,-1.945575582e-01,-4.006041437e-01,-4.572600683e-01,-2.725899179e-01,-6.663639937e-02,
1.589099619e-01
l,7.0,5.0
2.090,3.170,4.270,
1.774903467e-06,1.071151391e+01
2.295817994e-02,-3.089227931e-02,2.767393197e-02,2.602115900e-01,1.054714171e+00,3.031545106e+00,4.170463349e+00,2.637425839e+00,6.296566402e-01,
3.713249593e-03,-6.628018360e-03,-4.658697593e-03,-8.759987283e-02,-3.110227977e-01,-6.150491459e-01,-6.687821722e-01,-3.793313818e-01,-8.798317623e-02,
1.584458553e-01
l,7.0,6.0
2.090,2.590,3.190,
5.759963390e-06,1.143467894e+01
1.238280013e-01,8.171317014e-03,8.402269888e-02,9.948444425e+00,5.878227757e+01,1.928555110e+02,3.954845767e+02,4.558579501e+02,2.211759229e+02,
5.241003813e-02,-9.968225789e-02,-3.789666133e-01,-6.879346536e+00,-4.540269375e+01,-1.613372131e+02,-3.183233210e+02,-3.268551207e+02,-1.367844488e+02,
1.591436347e-01
l,7.0,7.0
2.050,2.410,2.790,
3.891185436e-07,1.861432368e+01
1.235506058e+00,-4.060269863e+00,5.783222974e+00,2.628055649e+02,-7.282285287e+02,-1.172614626e+04,-3.624348728e+04,-4.272913353e+04,-1.488849615e+04,
3.078723956e-01,-9.365884848e-01,-8.076258454e+00,-2.669595885e+02,-3.021865015e+03,-1.802969857e+04,-5.806412660e+04,-9.636798410e+04,-6.484184763e+04,
1.591436115e-01
l,8.0,-8.0
2.090,2.290,2.510,
0.000000000e+00,0.000000000e+00
1.481835989e-05,1.804365338e-05,9.058223814e-04,4.262799918e-02,7.587513803e-01,7.710251392e+00,4.429982663e+01,1.321020576e+02,1.585843377e+02,
1.187963762e-05,-1.912370228e-05,-1.094390028e-03,-5.697210016e-02,-1.214074320e+00,-1.293311209e+01,-7.291272780e+01,-2.083397478e+02,-2.380003815e+02,
1.591435793e-01
l,8.0,-7.0
2.190,3.190,4.270,
5.836055520e-11,1.281114218e+01
5.907004834e-06,-5.989662048e-06,-4.767353217e-06,4.253258051e-05,2.519496232e-04,8.418466469e-04,1.341062555e-03,9.937204646e-04,2.792997214e-04,
1.153475637e-06,-2.046203935e-06,-2.039612094e-06,-2.915401835e-05,-9.700756768e-05,-1.764573102e-04,-1.757517224e-04,-9.021779010e-05,-1.881244989e-05,
1.588477977e-01
l,8.0,-6.0
2.230,3.390,4.550,
5.796907185e-10,9.906732995e+00
8.547147445e-06,-9.283919565e-06,3.610704562e-07,3.262765212e-05,3.334653170e-05,1.124932709e-04,2.067354109e-04,1.452782790e-04,3.524771604e-05,
1.370919113e-06,-2.451695001e-06,-1.143991502e-06,-2.451275901e-05,-7.792031163e-05,-1.408109930e-04,-1.412052152e-04,-7.423767578e-05,-1.611631888e-05,
1.586315238e-01
l,8.0,-5.0
2.390,3.430,4.550,
3.828005722e-10,1.026119709e+01
1.496044024e-05,-1.350838006e-05,-1.297767654e-07,1.089729725e-04,2.409977436e-04,5.912419631e-04,9.695065177e-04,7.531133066e-04,2.179995129e-04,
2.691411181e-06,-4.813218214e-06,-2.529130537e-06,-5.134461808e-05,-1.708512156e-04,-3.223349138e-04,-3.386754996e-04,-1.862655426e-04,-4.224605420e-05,
1.589099593e-01
l,8.0,-4.0
2.470,3.570,4.710,
4.450122070e-10,1.027544774e+01
2.374894029e-05,-2.427964157e-05,2.503743148e-06,1.743616045e-04,4.790113429e-04,1.234152056e-03,1.802303657e-03,1.232752158e-03,3.168062866e-04,
3.954233603e-06,-7.101136899e-06,-3.032417558e-06,-7.038300069e-05,-2.284567215e-04,-4.224858258e-04,-4.338450973e-04,-2.333370818e-04,-5.182497826e-05,
1.586926382e-01
l,8.0,-3.0
2.510,3.610,4.710,
1.082124888e-11,1.459023330e+01
4.236185123e-05,-3.971024988e-05,-5.169044177e-06,3.226543944e-04,7.393264284e-04,1.436482032e-03,1.800316209e-03,1.089108689e-03,2.430590028e-04,
7.760050186e-06,-1.393582098e-05,-1.013346939e-05,-1.819487335e-04,-6.366424302e-04,-1.229424347e-03,-1.305003060e-03,-7.188034530e-04,-1.620571772e-04,
1.589099071e-01
l,8.0,-2.0
2.570,3.670,4.810,
1.394047843e-09,9.712059760e+00
7.459532935e-05,-6.944598918e-05,-1.922325746e-05,4.020741565e-04,6.098788767e-04,1.383277334e-03,2.459983242e-03,1.928536892e-03,5.391931966e-04,
1.268793513e-05,-2.284168585e-05,-1.098434138e-05,-2.346480686e-04,-7.604783978e-04,-1.400532464e-03,-1.433344405e-03,-7.678695150e-04,-1.700037586e-04,
1.586926528e-01
l,8.0,-1.0
2.610,3.710,4.810,
2.286766148e-09,9.659302430e+00
1.361252944e-04,-1.236838586e-04,2.081153764e-05,1.272601909e-03,3.125188484e-03,6.217670085e-03,8.052006746e-03,5.245504942e-03,1.313722784e-03,
2.489990827e-05,-4.482731021e-05,-3.263472829e-05,-5.875871807e-04,-2.069965119e-03,-4.042628715e-03,-4.354604134e-03,-2.439795728e-03,-5.601624692e-04,
1.589098728e-01
l,8.0,0.0
2.650,3.770,4.910,
2.535910324e-09,1.006402113e+01
2.456223883e-04,-2.467693402e-04,-4.328584623e-06,1.546398086e-03,3.387892590e-03,8.490579618e-03,1.307994651e-02,9.276802088e-03,2.433416242e-03,
4.069512066e-05,-7.343735238e-05,-3.161343891e-05,-7.334944920e-04,-2.382918595e-03,-4.414948332e-03,-4.543300877e-03,-2.448458460e-03,-5.449939320e-04,
1.586926582e-01
l,8.0,1.0
2.690,3.750,4.850,
3.092835643e-09,1.051418936e+01
4.891162971e-04,-4.479488523e-04,6.697280339e-05,4.067027717e-03,9.395428696e-03,2.044644831e-02,2.967683589e-02,2.113811056e-02,5.705658934e-03,
8.899330616e-05,-1.603820734e-04,-1.215983993e-04,-2.159029342e-03,-7.683327129e-03,-1.516278883e-02,-1.651066953e-02,-9.351920384e-03,-2.168365479e-03,
1.589099333e-01
l,8.0,2.0
2.650,3.770,4.930,
8.294523651e-09,1.023766282e+01
9.450580110e-04,-9.594664833e-04,-5.172134657e-06,5.713847803e-03,1.184125929e-02,3.009556787e-02,4.717957319e-02,3.363970427e-02,8.821510472e-03,
1.507199196e-04,-2.721522849e-04,-1.162369987e-04,-2.701088191e-03,-8.700458886e-03,-1.597240714e-02,-1.624972549e-02,-8.648404232e-03,-1.899303757e-03,
1.586315320e-01
l,8.0,3.0
2.610,3.710,4.810,
3.903041437e-08,9.511988307e+00
2.033310011e-03,-1.925056625e-03,1.873720984e-04,1.626980602e-02,3.744075162e-02,8.228409802e-02,1.179336442e-01,8.181396542e-02,2.138656488e-02,
3.674648066e-04,-6.618776864e-04,-5.045375929e-04,-8.924057396e-03,-3.164240720e-02,-6.213317792e-02,-6.723990485e-02,-3.783902281e-02,-8.717186618e-03,
1.589099384e-01
l,8.0,4.0
2.590,3.710,4.870,
3.916721453e-08,1.050310119e+01
4.169724882e-03,-4.654264833e-03,1.023701192e-03,2.669332553e-02,6.611472463e-02,1.838938174e-01,2.771961152e-01,1.888209570e-01,4.767123731e-02,
6.450839115e-04,-1.164037154e-03,-4.764956073e-04,-1.144998321e-02,-3.689542082e-02,-6.792912244e-02,-6.927172799e-02,-3.700099782e-02,-8.152212022e-03,
1.585386397e-01
l,8.0,5.0
2.530,3.550,4.610,
7.534463562e-08,1.101720049e+01
1.069991011e-02,-1.064592375e-02,1.654701852e-03,9.396927881e-02,2.384374669e-01,6.105302428e-01,9.552521436e-01,7.043925687e-01,1.944769632e-01,
2.025807124e-03,-3.639906262e-03,-2.717340428e-03,-4.968763056e-02,-1.810590433e-01,-3.669842340e-01,-4.113390292e-01,-2.404303781e-01,-5.763453584e-02,
1.589099615e-01
l,8.0,6.0
2.450,3.510,4.590,
1.793067643e-07,1.155554415e+01
2.490670048e-02,-3.294790250e-02,2.588242917e-02,2.705725229e-01,1.040219243e+00,3.063410381e+00,4.401630977e+00,2.910112104e+00,7.260359241e-01,
4.115508162e-03,-7.414629777e-03,-4.988930398e-03,-9.772150613e-02,-3.506144775e-01,-7.031290599e-01,-7.767893542e-01,-4.481683370e-01,-1.059107000e-01,
1.584767650e-01
l,8.0,7.0
2.390,2.970,3.570,
2.075905358e-07,1.334181171e+01
1.297643930e-01,-2.215079310e-02,1.581544890e-01,9.522825148e+00,5.099642254e+01,1.541839890e+02,2.888105497e+02,2.993555935e+02,1.288006909e+02,
5.311766620e-02,-1.017612628e-01,-3.995583454e-01,-7.229130803e+00,-4.776056165e+01,-1.699193589e+02,-3.356105989e+02,-3.452522820e+02,-1.447847612e+02,
1.591436115e-01
l,8.0,8.0
2.370,2.750,3.170,
1.480923698e-08,1.925351514e+01
1.250550032e+00,-3.402292178e+00,-2.407192801e-01,2.341363482e+02,-5.547386136e+01,-6.766403125e+03,-2.445556432e+04,-3.420931337e+04,-1.697801514e+04,
3.015660535e-01,-8.724548073e-01,-3.442438774e+00,-1.054149697e+02,-9.533707173e+02,-4.848335129e+03,-1.372079091e+04,-2.055730975e+04,-1.280279826e+04,
1.591435809e-01
l,9.0,-9.0
1.610,1.690,1.790,
0.000000000e+00,0.000000000e+00
1.394024002e-05,1.895222634e-04,4.791270746e-03,1.826839570e-01,2.745320406e+00,1.372764813e+01,0.000000000e+00,0.000000000e+00,0.000000000e+00,
1.835353019e-05,-2.660537205e-05,-3.910818341e-03,-1.847497753e-01,-3.883217605e+00,-3.579967545e+01,-1.223904313e+02,0.000000000e+00,0.000000000e+00,
1.591435901e-01
l,9.0,-8.0
2.270,2.590,2.930,
0.000000000e+00,0.000000000e+00
6.203593784e-06,3.401839173e-05,-4.268074060e-05,4.409650583e-05,5.564550739e-02,6.511100766e-01,3.056079260e+00,6.550386038e+00,5.294788152e+00,
5.966208930e-06,-9.944857577e-06,-1.859321826e-04,-5.327482452e-03,-6.572730491e-02,-4.241130814e-01,-1.497866979e+00,-2.726498917e+00,-2.003683909e+00,
1.591435793e-01
l,9.0,-7.0
2.550,3.650,4.790,
2.449436289e-11,1.066215160e+01
2.729678044e-06,-2.788259522e-06,5.189170545e-07,2.494150505e-05,8.296452121e-05,2.139357417e-04,3.011598121e-04,2.020318279e-04,5.157655862e-05,
4.548857035e-07,-8.185067515e-07,-3.732100959e-07,-8.216378374e-06,-2.640933349e-05,-4.828321212e-05,-4.902591469e-05,-2.608683899e-05,-5.739646706e-06,
1.586614066e-01
l,9.0,-6.0
2.690,3.730,4.830,
3.527479167e-11,1.026245069e+01
4.514402917e-06,-3.816068884e-06,5.170748760e-06,7.607865917e-05,2.228150490e-04,4.433172114e-04,5.433872485e-04,3.483296062e-04,8.909346516e-05,
8.309248557e-07,-1.496576963e-06,-1.083406727e-06,-1.939375518e-05,-6.845820822e-05,-1.353924335e-04,-1.489118686e-04,-8.565921010e-05,-2.024886304e-05,
1.589271059e-01
l,9.0,-5.0
2.750,3.850,4.970,
5.383163808e-11,1.000019386e+01
7.248389011e-06,-6.758344492e-06,-1.431332997e-06,4.193137411e-05,6.627042834e-05,1.430454798e-04,2.451696124e-04,1.899931811e-04,5.292596900e-05,
1.263595294e-06,-2.283229473e-06,-1.045739291e-06,-2.349892604e-05,-7.786294015e-05,-1.469740877e-04,-1.543680100e-04,-8.486862978e-05,-1.926405286e-05,
1.587544473e-01
l,9.0,-4.0
2.890,3.910,5.010,
9.844588912e-13,1.388482204e+01
1.250280002e-05,-1.104478639e-05,-4.628754769e-06,1.447427886e-04,6.156176309e-04,1.668979515e-03,2.461711395e-03,1.769047638e-03,4.892515131e-04,
2.306123423e-06,-4.170716534e-06,-3.144159473e-06,-5.590079530e-05,-1.959288870e-04,-3.767295034e-04,-3.963194789e-04,-2.153122781e-04,-4.774067365e-05,
1.589271010e-01
l,9.0,-3.0
2.950,3.990,5.110,
9.515856734e-12,1.202402919e+01
2.135292925e-05,-1.849617265e-05,-7.342514111e-06,1.211757443e-04,1.800094018e-04,4.205374378e-04,8.595293110e-04,7.651828532e-04,2.398954239e-04,
3.767670380e-06,-6.828712753e-06,-3.112095072e-06,-7.027271831e-05,-2.326694478e-04,-4.385967330e-04,-4.600484446e-04,-2.523598673e-04,-5.717687367e-05,
1.587854464e-01
l,9.0,-2.0
2.990,4.030,5.130,
1.094530722e-10,1.015015438e+01
3.838484918e-05,-3.111739541e-05,-2.842533303e-05,1.078167996e-04,-1.872435526e-04,-5.797720803e-04,-2.827231795e-04,1.385093837e-04,1.039891915e-04,
7.127247455e-06,-1.292327328e-05,-1.016051162e-05,-1.786034987e-04,-6.393468732e-04,-1.263486923e-03,-1.373911460e-03,-7.744138532e-04,-1.783556427e-04,
1.589271155e-01
l,9.0,-1.0
3.030,4.090,5.210,
2.895607364e-11,1.174431256e+01
6.846169708e-05,-5.875341442e-05,-3.357249059e-05,3.094137250e-04,2.538924713e-04,5.426492729e-04,1.609019032e-03,1.612768391e-03,5.250158880e-04,
1.206962484e-05,-2.192116316e-05,-1.061749579e-05,-2.306674572e-04,-7.644106218e-04,-1.440805944e-03,-1.511106288e-03,-8.287132018e-04,-1.876662248e-04,
1.587855305e-01
l,9.0,0.0
3.030,4.110,5.210,
1.833530842e-10,1.058425813e+01
1.284214959e-04,-1.057144638e-04,-2.490959305e-06,1.216856369e-03,2.800306144e-03,4.878109848e-03,6.072718938e-03,4.017574562e-03,1.038715649e-03,
2.367259526e-05,-4.299544223e-05,-3.229038577e-05,-5.740854810e-04,-2.023876909e-03,-3.954724618e-03,-4.262973919e-03,-2.388252568e-03,-5.483598909e-04,
1.589099664e-01
l,9.0,1.0
3.050,4.150,5.270,
1.271236121e-10,1.143564682e+01
2.393072064e-04,-2.173115233e-04,-6.475294411e-05,1.354234033e-03,1.904115790e-03,3.521958001e-03,6.231102966e-03,5.021399245e-03,1.435551126e-03,
4.155244089e-05,-7.556234263e-05,-3.539284815e-05,-7.876906626e-04,-2.608780088e-03,-4.921396665e-03,-5.165179069e-03,-2.836224981e-03,-6.430570726e-04,
1.587234953e-01
l,9.0,2.0
3.030,4.130,5.250,
3.585566205e-10,1.114018791e+01
4.795865971e-04,-4.138525279e-04,-1.762949620e-04,2.674762090e-03,3.401383341e-03,5.182876171e-03,9.657925771e-03,8.232980778e-03,2.436397323e-03,
8.455237267e-05,-1.537045738e-04,-7.319712556e-05,-1.602997714e-03,-5.307001895e-03,-9.999617082e-03,-1.048588268e-02,-5.749876818e-03,-1.301851832e-03,
1.589099595e-01
l,9.0,3.0
3.030,4.130,5.270,
8.006586296e-10,1.112341811e+01
9.559902246e-04,-8.889279086e-04,-2.287103257e-04,5.350815715e-03,7.856215043e-03,1.600097124e-02,2.809405386e-02,2.220894624e-02,6.261633788e-03,
1.595511626e-04,-2.901860499e-04,-1.369392252e-04,-3.007277161e-03,-9.817160777e-03,-1.824220183e-02,-1.882296234e-02,-1.015747196e-02,-2.263092227e-03,
1.586615687e-01
l,9.0,4.0
2.970,4.070,5.190,
1.124639284e-09,1.161712315e+01
2.068592003e-03,-1.841460037e-03,-4.519041704e-04,1.406324387e-02,2.589194172e-02,4.885146356e-02,7.324056473e-02,5.371051813e-02,1.455682479e-02,
3.621883593e-04,-6.578567822e-04,-3.134856574e-04,-6.862808581e-03,-2.272625054e-02,-4.285083156e-02,-4.496480616e-02,-2.468665438e-02,-5.597133363e-03,
1.588788754e-01
l,9.0,5.0
2.930,4.050,5.190,
4.229298501e-09,1.132399756e+01
4.390235990e-03,-4.561623520e-03,1.326068414e-05,2.515390399e-02,4.338180059e-02,1.122941511e-01,1.886950954e-01,1.395240025e-01,3.726758282e-02,
7.087238779e-04,-1.287883202e-03,-5.941579433e-04,-1.333378870e-02,-4.362607192e-02,-8.143194054e-02,-8.436031339e-02,-4.577117649e-02,-1.025029682e-02,
1.585695527e-01
l,9.0,6.0
2.870,3.910,4.970,
9.149803905e-09,1.170173212e+01
1.107238978e-02,-1.085428359e-02,3.281396882e-04,8.903614505e-02,1.979110320e-01,4.789498937e-01,7.642815368e-01,5.741213264e-01,1.601356649e-01,
2.077002168e-03,-3.763961673e-03,-2.801935540e-03,-5.153487487e-02,-1.874312319e-01,-3.794382763e-01,-4.247110881e-01,-2.478230563e-01,-5.931861464e-02,
1.589099246e-01
l,9.0,7.0
2.790,3.830,4.890,
2.155518518e-08,1.220519414e+01
2.744464017e-02,-3.435201012e-02,2.035141315e-02,2.764778041e-01,9.228875497e-01,2.779885311e+00,4.280714685e+00,3.022571434e+00,8.003042990e-01,
4.706175237e-03,-8.545619659e-03,-6.058612678e-03,-1.167708742e-01,-4.248116510e-01,-8.646639487e-01,-9.716893906e-01,-5.707416063e-01,-1.375371240e-01,
1.584766857e-01
l,9.0,8.0
2.710,3.310,3.950,
2.136363403e-08,1.393044688e+01
1.360073984e-01,-5.892387041e-03,1.156920490e-01,9.319457009e+00,5.073011130e+01,1.503879506e+02,2.707711724e+02,2.688217911e+02,1.111274022e+02,
5.326927184e-02,-1.025508394e-01,-3.889012810e-01,-6.857599815e+00,-4.336244288e+01,-1.464858713e+02,-2.729502474e+02,-2.636105290e+02,-1.034473680e+02,
1.591435809e-01
l,9.0,9.0
2.670,3.090,3.530,
3.349152758e-11,2.293431904e+01
1.255282044e+00,-2.733475128e+00,-4.750280082e+00,1.300492286e+02,-7.992353645e+02,-1.071366851e+04,-3.852530454e+04,-6.065514521e+04,-3.639861544e+04,
3.103387253e-01,-8.795587136e-01,-3.816848317e+00,-1.085415895e+02,-9.512546697e+02,-4.632865735e+03,-1.250296423e+04,-1.776120700e+04,-1.045030473e+04,
1.591436516e-01
