l,1.0,-1.0
0.130,0.990,1.870,
4.943772904e-01,2.588694118e+00
1.253871992e-02,-1.050495814e-02,2.200731276e-02,2.339161301e-01,1.069352274e+00,2.950557878e+00,4.633076671e+00,3.962385825e+00,1.406195595e+00,
4.044418872e-03,-6.272164538e-03,-1.099546478e-02,-1.522445628e-01,-6.821339907e-01,-1.651406269e+00,-2.222788259e+00,-1.562965060e+00,-4.481262078e-01,
1.590512794e-01
l,1.0,0.0
0.150,0.270,0.430,
9.904424140e+00,3.480851929e+00
4.652179033e-02,2.233390877e-01,1.136580047e+01,6.463661673e+02,1.657488701e+04,2.399764572e+05,1.979703067e+06,8.633765177e+06,1.543422741e+07,
4.810931530e-02,-5.669994944e-02,-7.855261490e+00,-4.532749444e+02,-1.166302966e+04,-1.586506407e+05,-1.187715898e+06,-4.620446249e+06,-7.298707710e+06,
1.591436022e-01
l,1.0,1.0
0.170,0.230,0.330,
0.000000000e+00,0.000000000e+00
1.005300999e+00,-3.306824914e+01,-2.786805899e+04,-2.463138551e+06,-5.412437124e+07,-3.450981948e+08,0.000000000e+00,0.000000000e+00,0.000000000e+00,
2.185127174e-01,-1.658182489e+00,-1.516888376e+01,-1.206389576e+03,-1.267424641e+04,-1.072490586e+04,7.264445801e+05,0.000000000e+00,0.000000000e+00,
1.591435837e-01
l,2.0,-2.0
0.310,1.310,2.330,
5.424704741e-02,3.288915856e+00
4.902976099e-03,-4.387695736e-03,6.064829291e-03,5.039827379e-02,1.656437400e-01,3.390578669e-01,3.903352886e-01,2.589664829e-01,7.824023917e-02,
1.217175396e-03,-1.990295760e-03,-2.156090682e-03,-3.145256091e-02,-1.212043405e-01,-2.557241694e-01,-3.002584109e-01,-1.840467133e-01,-4.599934739e-02,
1.589891510e-01
l,2.0,-1.0
0.370,1.090,1.870,
2.119272634e-01,4.384536742e+00
1.136218011e-02,-1.057594749e-02,1.214843134e-01,1.953685624e+00,1.155909295e+01,3.501965147e+01,5.660312538e+01,4.685551933e+01,1.570039468e+01,
4.045208797e-03,-6.273389570e-03,-1.637169389e-02,-2.416538819e-01,-1.255760394e+00,-3.486289720e+00,-5.342991651e+00,-4.261252969e+00,-1.381629354e+00,
1.590823441e-01
l,2.0,0.0
0.370,1.230,2.150,
4.081944230e-01,4.356084490e+00
1.492387988e-02,-1.584654133e-02,2.647967766e-02,1.738081984e-01,6.372471102e-01,1.480152484e+00,2.082232628e+00,1.932668000e+00,8.205891666e-01,
4.148390427e-03,-6.709811878e-03,-1.098515656e-02,-1.550597305e-01,-6.714682719e-01,-1.570267964e+00,-2.033140400e+00,-1.372118469e+00,-3.767770388e-01,
1.590202405e-01
l,2.0,1.0
0.350,0.530,0.750,
7.840871380e+00,5.698411121e+00
7.482747734e-02,1.706786983e-01,9.293160269e+00,4.624507733e+02,9.440341224e+03,1.035681165e+05,6.241098342e+05,1.939540544e+06,2.430399823e+06,
6.141581396e-02,-1.095049929e-01,-6.887042935e+00,-3.530187665e+02,-7.488302825e+03,-7.971163534e+04,-4.500640785e+05,-1.289461765e+06,-1.477972721e+06,
1.591435837e-01
l,2.0,2.0
0.390,0.470,0.570,
0.000000000e+00,0.000000000e+00
1.064751983e+00,-2.118477665e+01,8.235771080e+03,7.699714069e+05,2.539545297e+07,3.195902243e+08,1.342506217e+09,0.000000000e+00,0.000000000e+00,
3.248806985e-01,-2.499880081e+00,-4.750252888e+01,-3.217603844e+03,-6.021892468e+04,-5.361884985e+05,-1.592687670e+06,0.000000000e+00,0.000000000e+00,
1.586625568e-01
l,3.0,-3.0
0.510,1.550,2.630,
1.255211097e-02,4.536176508e+00
2.131342888e-03,-1.981612102e-03,3.121275505e-03,2.448566878e-02,8.096366565e-02,1.617368690e-01,1.745277375e-01,1.018334699e-01,2.615938337e-02,
4.649558645e-04,-7.809679643e-04,-8.122017612e-04,-1.205427202e-02,-4.507923964e-02,-9.197470393e-02,-1.037494234e-01,-6.080971758e-02,-1.448228480e-02,
1.589271138e-01
l,3.0,-2.0
0.590,1.430,2.330,
1.678916807e-02,5.197082869e+00
4.327171016e-03,-4.459372835e-03,3.679649025e-02,5.127144279e-01,2.605427074e+00,6.812854744e+00,9.508731660e+00,6.785509481e+00,1.956310954e+00,
1.217413265e-03,-1.990684718e-03,-3.178558311e-03,-4.607256735e-02,-2.026022097e-01,-4.828072851e-01,-6.378940485e-01,-4.396292746e-01,-1.234239419e-01,
1.590202218e-01
l,3.0,-1.0
0.570,1.590,2.610,
1.953959371e-02,4.949761891e+00
5.280905869e-03,-5.751315190e-03,2.714787453e-03,-4.029421968e-03,-1.108370242e-01,-4.051280284e-01,-7.261915429e-01,-5.853465899e-01,-1.697835966e-01,
1.217463323e-03,-2.045943574e-03,-2.067229050e-03,-3.078856269e-02,-1.151466743e-01,-2.370069411e-01,-2.717487801e-01,-1.629412109e-01,-3.987256388e-02,
1.589271176e-01
l,3.0,0.0
0.610,1.370,2.170,
4.199747616e-02,5.301000015e+00
1.240715012e-02,-8.353302550e-03,1.237369161e-01,1.214263705e+00,5.556923890e+00,1.441398650e+01,2.031117179e+01,1.462712775e+01,4.266401600e+00,
4.016994552e-03,-6.510415310e-03,-1.542793273e-02,-2.378540552e-01,-1.240064810e+00,-3.476020600e+00,-5.398348976e+00,-4.383381004e+00,-1.453961675e+00,
1.590512991e-01
l,3.0,1.0
0.590,1.490,2.430,
1.403802575e-01,5.904869002e+00
1.677455008e-02,-2.055725276e-02,2.513881539e-02,3.494659530e-02,-3.667288516e-01,-2.006456330e+00,-4.180543763e+00,-3.551935093e+00,-1.034422850e+00,
4.182702026e-03,-6.978243370e-03,-1.031220681e-02,-1.516080510e-01,-6.458473002e-01,-1.488396257e+00,-1.894441484e+00,-1.255777387e+00,-3.384359064e-01,
1.589581593e-01
l,3.0,2.0
0.550,0.770,1.030,
2.349665708e+00,7.853958143e+00
9.598583728e-02,1.923624554e-01,1.047282999e+01,4.863285967e+02,9.002356934e+03,8.611732607e+04,4.416936320e+05,1.152566111e+06,1.203156628e+06,
7.145706111e-02,-1.417493309e-01,-7.869201118e+00,-3.834919966e+02,-7.439965459e+03,-6.987333655e+04,-3.403663320e+05,-8.305201537e+05,-8.045977136e+05,
1.591436030e-01
l,3.0,3.0
0.570,0.690,0.810,
0.000000000e+00,0.000000000e+00
1.554134965e+00,-3.172199949e+01,5.967434383e+03,5.924502137e+05,2.267389320e+07,3.712549200e+08,2.697935428e+09,7.216706815e+09,0.000000000e+00,
4.042141217e-01,-2.951666704e+00,-8.019498932e+01,-5.566991416e+03,-1.337132208e+05,-1.686679558e+06,-1.049806328e+07,-2.633025117e+07,0.000000000e+00,
1.584768072e-01
l,4.0,-4.0
0.690,1.770,2.890,
1.571712914e-03,4.740306728e+00
9.560696199e-04,-9.807976614e-04,1.170615453e-04,-1.617702990e-03,-1.591659258e-02,-3.931904331e-02,-5.179445387e-02,-3.254961296e-02,-7.364014786e-03,
1.880317318e-04,-3.219895897e-04,-2.005912336e-04,-3.503883452e-03,-1.180746339e-02,-2.229341107e-02,-2.350139626e-02,-1.295712011e-02,-2.919867216e-03,
1.588788217e-01
l,4.0,-3.0
0.810,1.690,2.650,
2.179247208e-03,7.050050839e+00
1.830721973e-03,-2.000651636e-03,1.735397607e-02,2.413769034e-01,1.197647606e+00,3.012259786e+00,4.019304922e+00,2.727056882e+00,7.432450546e-01,
4.498468189e-04,-7.568392425e-04,-1.084611766e-03,-1.606037785e-02,-6.737556425e-02,-1.522686955e-01,-1.894080455e-01,-1.223595323e-01,-3.212131109e-02,
1.590202170e-01
l,4.0,-2.0
0.790,1.870,2.950,
3.240966475e-03,8.261842871e+00
2.131757094e-03,-2.450977499e-03,2.100913757e-04,-8.819605830e-03,-7.241882444e-02,-2.172426816e-01,-3.507816641e-01,-2.719678708e-01,-7.877457972e-02,
4.290825477e-04,-7.382365149e-04,-6.047544718e-04,-9.758774774e-03,-3.459015453e-02,-6.738602672e-02,-7.259917145e-02,-4.071154239e-02,-9.293601125e-03,
1.589099404e-01
l,4.0,-1.0
0.830,1.730,2.630,
2.534944949e-03,6.057654380e+00
4.383329768e-03,-3.287635230e-03,3.107586633e-02,2.680891229e-01,1.059377393e+00,2.432992739e+00,3.040469531e+00,1.922643181e+00,4.857692128e-01,
1.177882152e-03,-1.982571874e-03,-3.129694265e-03,-4.733949219e-02,-2.141905765e-01,-5.300987853e-01,-7.323407607e-01,-5.317028640e-01,-1.583345329e-01,
1.590202207e-01
l,4.0,0.0
0.830,1.870,2.910,
5.419850694e-03,7.610091062e+00
5.558608100e-03,-6.724585930e-03,3.464759495e-03,-6.301356445e-03,-1.288162471e-01,-4.696844971e-01,-8.811841881e-01,-7.523836791e-01,-2.323067533e-01,
1.163448616e-03,-2.000123973e-03,-1.778804567e-03,-2.831422892e-02,-1.040095342e-01,-2.108318572e-01,-2.374845741e-01,-1.398765099e-01,-3.362462069e-02,
1.589099827e-01
l,4.0,1.0
0.830,1.630,2.450,
1.445685338e-02,8.816068330e+00
1.350510027e-02,-1.879271809e-02,-8.641734092e-02,-7.485444420e-01,-3.727004064e+00,-9.719159753e+00,-1.488403128e+01,-1.241659323e+01,-4.256203025e+00,
4.047710602e-03,-6.762953356e-03,-1.351038339e-02,-1.978060228e-01,-8.792486760e-01,-1.989003485e+00,-2.307016316e+00,-1.248426091e+00,-2.241003987e-01,
1.590512806e-01
l,4.0,2.0
0.770,1.730,2.690,
3.350479438e-02,7.429602648e+00
1.884846948e-02,-2.503314637e-02,2.594051882e-02,-4.192782700e-02,-9.650685886e-01,-4.149526908e+00,-8.196337342e+00,-7.179489878e+00,-2.276262596e+00,
4.306843042e-03,-7.349986415e-03,-1.057005914e-02,-1.567926637e-01,-6.558193439e-01,-1.484314764e+00,-1.850994716e+00,-1.201388532e+00,-3.169505009e-01,
1.589099835e-01
l,4.0,3.0
0.750,1.010,1.310,
3.299465800e-01,9.550013229e+00
1.141906008e-01,1.508293735e-01,2.654015152e+00,1.137844217e+02,1.418587282e+03,9.905115636e+03,4.058969698e+04,8.938202779e+04,8.106568699e+04,
7.761157115e-02,-1.598982811e-01,-2.691615229e+00,-8.400581616e+01,-1.120556834e+03,-7.990533256e+03,-3.162246161e+04,-6.527382179e+04,-5.487574909e+04,
1.591435865e-01
l,4.0,4.0
0.810,0.910,1.070,
0.000000000e+00,0.000000000e+00
2.040498018e+00,-3.674397691e+01,4.387037886e+03,4.280921988e+05,1.796762825e+07,3.460062309e+08,3.309985790e+09,1.548033693e+10,2.835642509e+10,
4.095412984e-01,-2.490366486e+00,-5.816356873e+01,-4.080358731e+03,-1.018097126e+05,-1.378619134e+06,-1.019991477e+07,-3.919448656e+07,-6.033589763e+07,
1.588479541e-01
l,5.0,-5.0
0.850,1.970,3.090,
2.900486386e-04,6.119587278e+00
4.392392002e-04,-4.683245011e-04,2.870890672e-04,1.394237304e-03,8.882257154e-04,-2.935462327e-03,-1.044210453e-02,-1.007941656e-02,-3.029221912e-03,
8.375944747e-05,-1.452662043e-04,-9.880900507e-05,-1.660058196e-03,-5.596025853e-03,-1.057530622e-02,-1.116066263e-02,-6.165991281e-03,-1.393096531e-03,
1.588477322e-01
l,5.0,-4.0
1.010,1.930,2.910,
1.670333265e-04,9.936866660e+00
7.954316097e-04,-9.966756293e-04,8.677902415e-03,1.198695217e-01,5.793556844e-01,1.420329773e+00,1.857165848e+00,1.238786005e+00,3.321887576e-01,
1.818227733e-04,-3.117834575e-04,-2.338974755e-04,-3.833517170e-03,-1.312686463e-02,-2.468855541e-02,-2.552197044e-02,-1.359172491e-02,-2.909102367e-03,
1.589890579e-01
l,5.0,-3.0
1.050,2.090,3.190,
1.807703026e-04,6.868188698e+00
9.348490275e-04,-1.019976555e-03,2.621185845e-03,2.185543105e-02,8.517358363e-02,1.854505709e-01,2.065644033e-01,1.137358356e-01,2.505761875e-02,
1.779431768e-04,-3.104828392e-04,-2.800242161e-04,-4.459377915e-03,-1.638809982e-02,-3.328129999e-02,-3.749226497e-02,-2.202151674e-02,-5.262739470e-03,
1.588478473e-01
l,5.0,-2.0
1.090,2.010,2.950,
2.049475865e-04,7.131183181e+00
1.747951959e-03,-1.173979503e-03,1.540799584e-02,1.286109125e-01,4.956992293e-01,1.103316060e+00,1.352045737e+00,8.466783463e-01,2.128021494e-01,
4.292963654e-04,-7.386043881e-04,-1.126445619e-03,-1.726486453e-02,-7.677989519e-02,-1.864123389e-01,-2.518141188e-01,-1.783453255e-01,-5.170401922e-02,
1.589891273e-01
l,5.0,-1.0
1.090,2.150,3.230,
1.918205973e-04,1.077584614e+01
2.190460917e-03,-2.583443067e-03,3.484681168e-03,2.070034474e-02,5.349671275e-02,7.384543957e-02,-2.857884574e-03,-7.081456940e-02,-3.441094825e-02,
4.196129419e-04,-7.341904445e-04,-6.882302031e-04,-1.097249306e-02,-4.072465933e-02,-8.298789098e-02,-9.345665966e-02,-5.482021900e-02,-1.308571436e-02,
1.588478888e-01
l,5.0,0.0
1.110,2.010,2.930,
3.024785608e-04,1.021337774e+01
4.485197831e-03,-6.011854830e-03,-2.124652629e-02,-1.470888408e-01,-6.269018083e-01,-1.341802716e+00,-1.698790784e+00,-1.215883187e+00,-3.688843981e-01,
1.124881939e-03,-1.936225962e-03,-2.303894125e-03,-3.425337075e-02,-1.267554013e-01,-2.389678104e-01,-2.226843586e-01,-8.604413508e-02,-5.475110944e-03,
1.590202405e-01
l,5.0,1.0
1.090,2.130,3.170,
5.772786913e-04,1.061869418e+01
5.891846959e-03,-7.386273105e-03,7.883855530e-03,2.859151243e-02,1.281685689e-02,-1.465618235e-01,-5.132388879e-01,-5.614088184e-01,-1.981421909e-01,
1.179451286e-03,-2.060456295e-03,-2.022361992e-03,-3.180773032e-02,-1.198916217e-01,-2.491440289e-01,-2.872288016e-01,-1.730913901e-01,-4.254693932e-02,
1.588478900e-01
l,5.0,2.0
1.070,1.870,2.710,
1.724384370e-03,8.107760701e+00
1.473020017e-02,-1.151279355e-02,1.266245221e-01,1.282365771e+00,5.856358863e+00,1.549462667e+01,2.234621895e+01,1.632119392e+01,4.756245282e+00,
4.165132641e-03,-7.116058074e-03,-1.437398774e-02,-2.351080243e-01,-1.242583974e+00,-3.571897429e+00,-5.659351546e+00,-4.630816574e+00,-1.525654629e+00,
1.590202412e-01
l,5.0,3.0
0.990,1.970,2.950,
5.797025042e-03,1.135400560e+01
2.079774067e-02,-2.917252284e-02,2.049439564e-02,-1.676386268e-01,-1.648998004e+00,-5.965877418e+00,-1.092868799e+01,-9.323629865e+00,-2.946015994e+00,
4.393082135e-03,-7.634765542e-03,-7.777585310e-03,-1.234550498e-01,-4.821565661e-01,-1.045657441e+00,-1.263966234e+00,-8.026435788e-01,-2.085056459e-01,
1.588478928e-01
l,5.0,4.0
0.970,1.250,1.570,
3.534709562e-02,1.102487907e+01
1.303862035e-01,1.532958720e-01,3.067508384e+00,1.205233591e+02,1.440756107e+03,9.555961517e+03,3.675386337e+04,7.545710334e+04,6.361924072e+04,
8.444469869e-02,-1.786910983e-01,-2.984112407e+00,-9.042264918e+01,-1.155406683e+03,-7.829026990e+03,-2.925054422e+04,-5.675735399e+04,-4.472276232e+04,
1.591436479e-01
l,5.0,5.0
0.990,1.150,1.310,
0.000000000e+00,0.000000000e+00
1.832206964e+00,-2.567074976e+01,6.855873929e+02,2.771181326e+04,8.732825830e+05,7.369339274e+06,-3.299081314e+07,-5.937704530e+08,-1.743171562e+09,
4.543476245e-01,-2.627417385e+00,-7.156110124e+01,-4.855632131e+03,-1.223710197e+05,-1.663723187e+06,-1.240426626e+07,-4.811794484e+07,-7.546681643e+07,
1.589891636e-01
l,6.0,-6.0
1.030,2.150,3.290,
3.615878031e-05,8.225028912e+00
2.067019959e-04,-2.325738081e-04,5.536649108e-05,1.608588561e-04,-1.303110426e-03,-4.610201922e-03,-8.716778656e-03,-7.353357649e-03,-2.176675266e-03,
3.716703826e-05,-6.518335277e-05,-3.652042929e-05,-6.587479765e-04,-2.073712653e-03,-3.661478873e-03,-3.605579286e-03,-1.864031237e-03,-3.964410380e-04,
1.588475157e-01
l,6.0,-5.0
1.230,2.130,3.130,
8.137377879e-06,1.186207630e+01
3.630740975e-04,-4.586703782e-04,4.996912751e-03,6.697538597e-02,3.170277811e-01,7.638779901e-01,9.872917406e-01,6.535011847e-01,1.743156645e-01,
7.820878307e-05,-1.359608274e-04,-1.304552708e-04,-2.128497109e-03,-8.188970786e-03,-1.725463791e-02,-2.004522726e-02,-1.209119635e-02,-2.960773566e-03,
1.589889933e-01
l,6.0,-4.0
1.230,2.330,3.430,
5.421881272e-06,1.341922896e+01
4.020963970e-04,-4.515686631e-04,1.327169690e-03,9.973901817e-03,3.452372577e-02,6.543802930e-02,6.016302403e-02,2.431970178e-02,3.036939534e-03,
7.343054636e-05,-1.297027099e-04,-1.114011785e-04,-1.857651716e-03,-6.923835021e-03,-1.431450182e-02,-1.640778509e-02,-9.802642380e-03,-2.380770195e-03,
1.588476770e-01
l,6.0,-3.0
1.330,2.250,3.210,
1.857000559e-05,7.724536454e+00
7.365084020e-04,-3.748675786e-04,8.849471906e-03,7.320268552e-02,2.834811848e-01,6.299917603e-01,7.785708265e-01,4.963065999e-01,1.276320749e-01,
1.719565395e-04,-3.003679438e-04,-4.454059518e-04,-6.903619984e-03,-3.056971376e-02,-7.423215946e-02,-1.004327019e-01,-7.128513650e-02,-2.070496722e-02,
1.589580620e-01
l,6.0,-2.0
1.330,2.410,3.510,
1.961884897e-06,1.598448889e+01
8.993765223e-04,-1.146930946e-03,-3.658654163e-04,-6.997645378e-03,-4.138700906e-02,-1.009443665e-01,-1.465473238e-01,-1.119818069e-01,-3.334424962e-02,
1.611261367e-04,-2.857240144e-04,-2.284496690e-04,-3.794355734e-03,-1.319774769e-02,-2.513924106e-02,-2.628385762e-02,-1.427021837e-02,-3.153238847e-03,
1.588478188e-01
l,6.0,-1.0
1.370,2.310,3.250,
6.649859177e-06,1.236942676e+01
1.702658017e-03,-2.450127501e-03,-1.166874897e-02,-8.346902991e-02,-3.462118007e-01,-7.373978312e-01,-8.978086618e-01,-5.972237810e-01,-1.664892175e-01,
4.055359547e-04,-7.103052499e-04,-8.142949453e-04,-1.179595034e-02,-3.977777960e-02,-6.344540264e-02,-3.922556200e-02,4.028100262e-03,9.379915076e-03,
1.589891500e-01
l,6.0,0.0
1.370,2.450,3.530,
1.661195656e-05,1.077139231e+01
2.162964083e-03,-2.772420538e-03,2.363301589e-03,1.333231096e-02,3.814771497e-02,7.951743914e-02,4.982582316e-02,-1.288663075e-02,-1.450117457e-02,
3.932218865e-04,-6.982663153e-04,-5.672876613e-04,-9.630101140e-03,-3.484003585e-02,-6.953350607e-02,-7.662106972e-02,-4.403632506e-02,-1.032152255e-02,
1.588478335e-01
l,6.0,1.0
1.370,2.290,3.210,
5.857988764e-05,8.593362516e+00
4.527756013e-03,-4.157381570e-03,2.123804641e-02,1.960612116e-01,7.719714586e-01,1.845251580e+00,2.404233885e+00,1.567986493e+00,4.037874728e-01,
1.100961626e-03,-1.927245538e-03,-3.087790176e-03,-5.019336129e-02,-2.399360719e-01,-6.243713182e-01,-8.932804105e-01,-6.592199922e-01,-1.958996713e-01,
1.590202220e-01
l,6.0,2.0
1.330,2.390,3.450,
3.447163306e-05,1.299985375e+01
6.162954029e-03,-8.095093237e-03,8.401454109e-03,4.099048934e-02,9.719005630e-02,1.289698110e-01,-9.127471576e-02,-2.592403572e-01,-1.156917304e-01,
1.146532136e-03,-2.031712495e-03,-1.736202276e-03,-2.884455190e-02,-1.056321818e-01,-2.142158797e-01,-2.407246399e-01,-1.415100016e-01,-3.397934296e-02,
1.588168722e-01
l,6.0,3.0
1.290,2.130,2.990,
1.647298882e-04,1.115297793e+01
1.546892989e-02,-1.849094693e-02,-7.917025103e-03,5.670106733e-02,2.190501215e-01,1.249844527e+00,2.248144968e+00,1.476043895e+00,2.842145678e-01,
4.102264913e-03,-7.141649759e-03,-8.366200312e-03,-1.280360380e-01,-4.905138280e-01,-1.011931775e+00,-1.143530394e+00,-6.679079942e-01,-1.587452507e-01,
1.590202247e-01
l,6.0,4.0
1.230,2.210,3.210,
3.920335141e-04,1.352972391e+01
2.262086049e-02,-3.304652936e-02,2.397230196e-02,-1.456982293e-01,-1.518994328e+00,-5.597517395e+00,-1.056246657e+01,-9.247776165e+00,-2.984259493e+00,
4.446456297e-03,-7.843650911e-03,-7.151899427e-03,-1.188593904e-01,-4.537795001e-01,-9.649834486e-01,-1.141280355e+00,-7.087859580e-01,-1.800862888e-01,
1.587859042e-01
l,6.0,5.0
1.190,1.490,1.830,
3.346380639e-03,1.236985018e+01
1.450542063e-01,1.456304228e-01,3.175387162e+00,1.195484048e+02,1.372705908e+03,8.676883377e+03,3.151931572e+04,6.075289023e+04,4.792594079e+04,
8.956588947e-02,-1.920245142e-01,-3.062661845e+00,-9.058489605e+01,-1.113133262e+03,-7.193872741e+03,-2.546898841e+04,-4.663056899e+04,-3.457230764e+04,
1.591435961e-01
l,6.0,6.0
1.250,1.370,1.570,
0.000000000e+00,0.000000000e+00
2.203831911e+00,-2.990894369e+01,9.166992283e+02,5.919084282e+04,2.329895189e+06,4.019361566e+07,3.266946947e+08,1.261835227e+09,1.879748743e+09,
4.410590618e-01,-2.229221613e+00,-4.327948169e+01,-2.752479251e+03,-6.038189001e+04,-6.911634739e+05,-4.228047174e+06,-1.323473296e+07,-1.654006952e+07,
1.590823518e-01
l,7.0,-7.0
1.230,2.350,3.470,
5.025548895e-06,8.043631059e+00
9.457694250e-05,-1.084831734e-04,7.277859472e-05,3.312858760e-04,2.857410657e-04,-4.166397237e-04,-2.258321365e-03,-2.484842311e-03,-8.218704253e-04,
1.702124586e-05,-3.011873374e-05,-2.100351227e-05,-3.533079561e-04,-1.187328827e-03,-2.242658788e-03,-2.364435842e-03,-1.306897346e-03,-2.958062810e-04,
1.588163098e-01
l,7.0,-6.0
1.390,2.330,3.330,
2.296315632e-06,8.492895606e+00
1.652445062e-04,-1.942398715e-04,-1.444878727e-03,-1.215645060e-02,-4.830829804e-02,-9.616102320e-02,-1.047033778e-01,-5.968403654e-02,-1.387672682e-02,
3.467733803e-05,-6.094313807e-05,-4.970076240e-05,-8.705301923e-04,-3.409707088e-03,-7.580856721e-03,-9.497240015e-03,-6.259987335e-03,-1.685102355e-03,
1.589887766e-01
l,7.0,-5.0
1.450,2.530,3.630,
4.427254524e-06,6.266844013e+00
1.818940073e-04,-2.342046837e-04,-2.484995278e-05,-1.113427175e-04,-5.077953253e-04,1.359985118e-03,1.605409350e-03,-2.832683667e-04,-4.563188838e-04,
3.238810680e-05,-5.772315840e-05,-3.882564292e-05,-6.479576925e-04,-2.047648887e-03,-3.580779776e-03,-3.442285436e-03,-1.719753218e-03,-3.505593232e-04,
1.588476370e-01
l,7.0,-4.0
1.550,2.470,3.450,
1.519103057e-06,8.679672845e+00
3.186594113e-04,-1.606379597e-04,3.640232224e-03,3.072038480e-02,1.189172878e-01,2.632033802e-01,3.234121650e-01,2.045715206e-01,5.210281586e-02,
7.092976666e-05,-1.254045895e-04,-1.065741737e-04,-1.807389409e-03,-6.924586031e-03,-1.519017329e-02,-1.921564021e-02,-1.321553588e-02,-3.841639705e-03,
1.589578915e-01
l,7.0,-3.0
1.570,2.650,3.750,
7.398292068e-09,2.059547403e+01
3.802331921e-04,-5.014640993e-04,-4.500741897e-04,-5.734987536e-03,-3.017445525e-02,-7.078949347e-02,-9.492789221e-02,-6.734486941e-02,-1.906110095e-02,
6.606921583e-05,-1.183406183e-04,-9.250415330e-05,-1.553506925e-03,-5.323871930e-03,-9.970918078e-03,-1.019647459e-02,-5.395733252e-03,-1.159952717e-03,
1.588477908e-01
l,7.0,-2.0
1.630,2.570,3.530,
1.666676568e-06,9.032610887e+00
6.866542972e-04,-5.862670312e-04,3.359877031e-03,3.136810095e-02,1.224871764e-01,2.877114889e-01,3.715642804e-01,2.418102263e-01,6.231171854e-02,
1.556476236e-04,-2.762565085e-04,-4.278575867e-04,-7.029237694e-03,-3.314616423e-02,-8.461392381e-02,-1.179506405e-01,-8.435428350e-02,-2.420223398e-02,
1.589890799e-01
l,7.0,-1.0
1.670,2.730,3.810,
2.504808236e-06,8.742782180e+00
8.498011739e-04,-1.061427021e-03,2.334914310e-03,1.971897922e-02,8.042510989e-02,1.899511358e-01,2.279382315e-01,1.331434759e-01,3.051446717e-02,
1.499800634e-04,-2.693105600e-04,-2.415149098e-04,-4.088409812e-03,-1.542252440e-02,-3.206318771e-02,-3.675796733e-02,-2.194541458e-02,-5.331928446e-03,
1.588478888e-01
l,7.0,0.0
1.670,2.590,3.550,
2.239275448e-06,9.776219120e+00
1.681367983e-03,-1.396622276e-03,9.205202527e-03,8.598332453e-02,3.385600748e-01,8.052518456e-01,1.064769924e+00,7.155346317e-01,1.914349676e-01,
3.798332879e-04,-6.750755184e-04,-1.073078730e-03,-1.768197827e-02,-8.435741619e-02,-2.178630679e-01,-3.068841762e-01,-2.213823199e-01,-6.395101230e-02,
1.589890946e-01
l,7.0,1.0
1.650,2.710,3.790,
2.042605037e-06,1.103392498e+01
2.223263029e-03,-2.902273279e-03,2.256134898e-03,1.632439776e-02,5.879726157e-02,1.591060932e-01,1.863864630e-01,9.079913098e-02,1.439653909e-02,
3.930139859e-04,-7.054958401e-04,-5.832633725e-04,-9.658761854e-03,-3.421630128e-02,-6.723241390e-02,-7.309305682e-02,-4.156947803e-02,-9.674856710e-03,
1.588168529e-01
l,7.0,2.0
1.630,2.550,3.490,
5.562452773e-06,1.037703589e+01
4.629209172e-03,-5.128662108e-03,2.326530590e-03,5.018090392e-02,1.844094578e-01,5.665258328e-01,8.768677894e-01,6.200568789e-01,1.639153448e-01,
1.069171901e-03,-1.897813783e-03,-2.223464776e-03,-3.576207612e-02,-1.445646223e-01,-3.187827556e-01,-3.893082563e-01,-2.485721890e-01,-6.508111208e-02,
1.589891705e-01
l,7.0,3.0
1.570,2.630,3.710,
2.110754138e-06,1.440012040e+01
6.555371918e-03,-8.735156590e-03,9.393601262e-03,6.016148878e-02,2.023793697e-01,4.578230107e-01,4.094225529e-01,9.515754585e-02,-2.123104694e-02,
1.147638496e-03,-2.056644382e-03,-1.770207014e-03,-2.943933498e-02,-1.068943283e-01,-2.145139757e-01,-2.376070229e-01,-1.374048873e-01,-3.243339832e-02,
1.587858428e-01
l,7.0,4.0
1.530,2.390,3.250,
1.771247313e-05,1.212294442e+01
1.605395041e-02,-2.020129487e-02,-1.738210398e-02,-1.972146175e-02,-8.181102373e-02,6.407769689e-01,1.622770831e+00,1.206720941e+00,2.656184068e-01,
4.149440811e-03,-7.329686567e-03,-7.815818049e-03,-1.195300180e-01,-4.204289835e-01,-7.666474950e-01,-7.154410249e-01,-3.021548051e-01,-3.677553971e-02,
1.590202862e-01
l,7.0,5.0
1.450,2.450,3.470,
1.134588150e-05,1.716681608e+01
2.432027087e-02,-3.655356651e-02,2.965732690e-02,-8.776017487e-02,-1.168443028e+00,-4.525379778e+00,-8.987694089e+00,-8.138437021e+00,-2.679287378e+00,
4.472891864e-03,-7.989116218e-03,-6.837237246e-03,-1.171657085e-01,-4.397386776e-01,-9.205171838e-01,-1.068811430e+00,-6.509444566e-01,-1.621107755e-01,
1.587856342e-01
l,7.0,6.0
1.410,1.730,2.090,
3.047433180e-04,1.352284938e+01
1.584727019e-01,1.302842243e-01,3.059749315e+00,1.133378286e+02,1.250029573e+03,7.534859883e+03,2.592009021e+04,4.708919442e+04,3.491578770e+04,
9.327114987e-02,-2.011044221e-01,-2.989538330e+00,-8.669307727e+01,-1.027799408e+03,-6.354997948e+03,-2.138766330e+04,-3.706900666e+04,-2.594791763e+04,
1.591435901e-01
l,7.0,7.0
1.470,1.610,1.810,
0.000000000e+00,0.000000000e+00
2.003151894e+00,-2.282676376e+01,4.601900445e+02,2.045073544e+04,7.398149989e+05,1.124448098e+07,7.765901093e+07,2.505773365e+08,3.091594637e+08,
4.688207503e-01,-2.275952529e+00,-4.718478760e+01,-2.943080510e+03,-6.482554932e+04,-7.424795304e+05,-4.551144616e+06,-1.427920144e+07,-1.794968910e+07,
1.591133720e-01
l,8.0,-8.0
0.550,0.630,0.730,
2.098605821e+00,1.480654737e+01
6.306938012e-04,1.850492240e-03,7.254906379e-02,4.304148066e+00,8.252737374e+01,7.940363203e+02,2.970361101e+03,0.000000000e+00,0.000000000e+00,
6.373357472e-04,-4.455134375e-04,-6.286203577e-02,-3.194966482e+00,-6.591230955e+01,-6.034484436e+02,-2.060792851e+03,0.000000000e+00,0.000000000e+00,
1.591435785e-01
l,8.0,-7.0
1.590,2.530,3.530,
5.734138267e-07,7.449875488e+00
7.503500819e-05,-9.186373796e-05,-6.792172041e-04,-5.069096236e-03,-1.879005107e-02,-3.583964841e-02,-3.838792111e-02,-2.206362627e-02,-5.267725314e-03,
1.532109182e-05,-2.718528163e-05,-1.973543277e-05,-3.568408951e-04,-1.336982247e-03,-2.875122550e-03,-3.518413083e-03,-2.289146245e-03,-6.134502929e-04,
1.589886075e-01
l,8.0,-6.0
1.710,2.730,3.850,
8.105504802e-08,1.055465371e+01
8.210106171e-05,-1.024008695e-04,-3.310595204e-05,-5.980938740e-04,-2.718099931e-03,-3.355588205e-03,-1.290531702e-03,4.008275789e-04,3.308265987e-04,
1.373718568e-05,-2.469816371e-05,-1.367113544e-05,-2.653103298e-04,-8.832260334e-04,-1.666292924e-03,-1.749941582e-03,-9.658935085e-04,-2.192696324e-04,
1.588162138e-01
l,8.0,-5.0
1.730,2.690,3.670,
3.747237976e-09,1.595809399e+01
1.375974971e-04,-2.103153093e-04,-1.292318834e-03,-8.945099122e-03,-3.452738268e-02,-6.735395163e-02,-7.231198205e-02,-4.153544562e-02,-1.003725664e-02,
3.017867457e-05,-5.387577168e-05,-2.525332042e-05,-4.434338740e-04,-7.853627189e-04,5.968177316e-04,3.906691995e-03,4.680236826e-03,1.795690073e-03,
1.589578515e-01
l,8.0,-4.0
1.870,2.870,3.970,
1.863795864e-08,1.246789426e+01
1.647314930e-04,-2.084122476e-04,3.505497952e-04,4.172964331e-03,1.992732712e-02,5.273786802e-02,7.066338182e-02,4.616773457e-02,1.180984070e-02,
2.797611245e-05,-5.051931420e-05,-3.268330844e-05,-5.934776661e-04,-2.004276263e-03,-3.815870873e-03,-4.044974511e-03,-2.256184149e-03,-5.182760444e-04,
1.588475721e-01
l,8.0,-3.0
1.870,2.810,3.790,
1.408068851e-07,9.579291123e+00
2.848054864e-04,-2.268440873e-04,1.597629064e-03,1.497724011e-02,5.887802375e-02,1.382284415e-01,1.796117669e-01,1.182319019e-01,3.088444080e-02,
6.155242834e-05,-1.104224481e-04,-1.222753763e-04,-2.217054234e-03,-1.024051963e-02,-2.613924841e-02,-3.664528510e-02,-2.637870772e-02,-7.610304297e-03,
1.589890519e-01
l,8.0,-2.0
1.950,2.970,4.050,
3.276855968e-08,1.195416562e+01
3.537443990e-04,-4.325532236e-04,1.224304604e-03,1.162008698e-02,4.975646596e-02,1.213132560e-01,1.536461789e-01,9.594380491e-02,2.357258595e-02,
6.119036911e-05,-1.108085273e-04,-1.084849604e-04,-1.801158461e-03,-6.906701950e-03,-1.455687844e-02,-1.687720616e-02,-1.017231755e-02,-2.492488003e-03,
1.588477358e-01
l,8.0,-1.0
1.910,2.870,3.830,
1.230036161e-07,1.054492875e+01
6.507380749e-04,-6.927319962e-04,1.548231996e-04,6.617127205e-03,2.308378410e-02,6.815851095e-02,1.045485099e-01,7.361020593e-02,1.934536743e-02,
1.448161387e-04,-2.602335029e-04,-3.027819464e-04,-4.831550589e-03,-1.904978462e-02,-4.082634968e-02,-4.836111842e-02,-2.993968467e-02,-7.612232740e-03,
1.589891500e-01
l,8.0,0.0
1.930,3.010,4.090,
4.680523037e-09,1.604018531e+01
8.380512008e-04,-1.083764721e-03,1.292140342e-03,9.891823433e-03,3.433090590e-02,8.303607582e-02,9.616502460e-02,4.937610318e-02,8.884107570e-03,
1.438664435e-04,-2.609099310e-04,-2.093952479e-04,-3.611809796e-03,-1.302951820e-02,-2.619864603e-02,-2.917302848e-02,-1.700143167e-02,-4.054516226e-03,
1.588478335e-01
l,8.0,1.0
1.950,2.870,3.830,
2.237111458e-07,1.092329626e+01
1.648569014e-03,-1.762689906e-03,5.268446338e-04,1.940578130e-02,7.739231403e-02,2.410826247e-01,3.886135151e-01,2.934430791e-01,8.423818930e-02,
3.661608716e-04,-6.582621738e-04,-7.684470010e-04,-1.223458905e-02,-4.819977706e-02,-1.033034625e-01,-1.224108290e-01,-7.581063258e-02,-1.927930674e-02,
1.589891512e-01
l,8.0,2.0
1.910,2.990,4.070,
6.943576908e-08,1.372458836e+01
2.204428893e-03,-2.975325543e-03,1.547978703e-03,9.837264797e-03,2.999973791e-02,9.483836331e-02,1.105387011e-01,4.502241152e-02,3.215811569e-03,
3.770399712e-04,-6.836111323e-04,-5.320784881e-04,-9.202185819e-03,-3.252807327e-02,-6.376531371e-02,-6.890023135e-02,-3.886786551e-02,-8.966931030e-03,
1.587858148e-01
l,8.0,3.0
1.870,2.810,3.750,
1.009724365e-06,1.070412105e+01
4.699145909e-03,-5.236628561e-03,9.870913484e-04,4.569338352e-02,1.743405951e-01,5.745076844e-01,9.425170788e-01,7.040140853e-01,1.970562990e-01,
1.069565059e-03,-1.919467375e-03,-2.217312562e-03,-3.529419286e-02,-1.385572113e-01,-2.966185300e-01,-3.517995574e-01,-2.185152253e-01,-5.585548851e-02,
1.589891540e-01
l,8.0,4.0
1.830,2.890,3.970,
2.425882319e-07,1.454395671e+01
6.724481937e-03,-9.240829150e-03,7.871902171e-03,4.912842417e-02,1.697707786e-01,4.342531509e-01,4.435615044e-01,1.523394392e-01,8.776377116e-04,
1.143337675e-03,-2.068803724e-03,-1.712510698e-03,-2.881101762e-02,-1.027548983e-01,-2.033827935e-01,-2.222182170e-01,-1.269033599e-01,-2.963163835e-02,
1.587856859e-01
l,8.0,5.0
1.770,2.630,3.510,
5.391520470e-06,1.125437352e+01
1.691737957e-02,-1.850117323e-02,3.628532255e-02,4.453474400e-01,1.873736862e+00,5.376055730e+00,8.242494198e+00,6.117676365e+00,1.754208152e+00,
4.170466364e-03,-7.457099844e-03,-1.178885757e-02,-1.959617699e-01,-9.226663595e-01,-2.340800488e+00,-3.261271933e+00,-2.356998086e+00,-6.921595721e-01,
1.590202344e-01
l,8.0,6.0
1.670,2.690,3.710,
1.783891686e-07,2.057778451e+01
2.590020001e-02,-3.972925582e-02,3.746023096e-02,2.874840313e-03,-6.265955427e-01,-2.882404475e+00,-6.497252574e+00,-6.294761954e+00,-2.145178861e+00,
4.636146683e-03,-8.364816825e-03,-6.962376493e-03,-1.218113458e-01,-4.562401247e-01,-9.555772515e-01,-1.109426495e+00,-6.756166424e-01,-1.682688877e-01,
1.586926624e-01
l,8.0,7.0
1.610,1.970,2.350,
2.273710583e-05,1.500569827e+01
1.708178073e-01,1.095249644e-01,2.743472424e+00,1.007281785e+02,1.033880484e+03,5.695089832e+03,1.769732589e+04,2.883655507e+04,1.909389894e+04,
9.580172034e-02,-2.068501447e-01,-2.819235071e+00,-8.048046502e+01,-9.232215666e+02,-5.476698326e+03,-1.757140342e+04,-2.891548036e+04,-1.916912454e+04,
1.591435942e-01
l,8.0,8.0
1.690,1.830,2.050,
0.000000000e+00,0.000000000e+00
2.305907965e+00,-2.523750620e+01,4.028093780e+02,1.511899224e+04,5.436235620e+05,8.595802089e+06,6.093744326e+07,1.998814343e+08,2.492203604e+08,
4.914861490e-01,-2.295016873e+00,-4.788504900e+01,-2.854042280e+03,-5.966484476e+04,-6.363293299e+05,-3.590727417e+06,-1.029803440e+07,-1.178813671e+07,
1.591444756e-01
l,9.0,-9.0
0.630,0.670,0.730,
4.533827248e-01,1.674924396e+01
3.479908919e-04,3.449274232e-03,8.160435264e-02,3.736646446e+00,3.752355134e+01,0.000000000e+00,0.000000000e+00,0.000000000e+00,0.000000000e+00,
4.000707298e-04,-2.779781262e-04,-6.144796469e-02,-1.810307315e+00,-1.840835065e+01,0.000000000e+00,0.000000000e+00,0.000000000e+00,0.000000000e+00,
1.591436173e-01
l,9.0,-8.0
0.930,0.950,0.990,
0.000000000e+00,0.000000000e+00
2.871300094e-04,6.848846163e-03,-3.551134241e-02,0.000000000e+00,0.000000000e+00,0.000000000e+00,0.000000000e+00,0.000000000e+00,0.000000000e+00,
5.050769137e-04,-5.323989937e-04,-2.640488804e-01,-2.863054554e+00,0.000000000e+00,0.000000000e+00,0.000000000e+00,0.000000000e+00,0.000000000e+00,
1.591435785e-01
l,9.0,-7.0
1.950,2.950,4.050,
5.839196849e-10,1.478002847e+01
3.585721061e-05,-4.579426941e-05,1.342961060e-04,1.617890226e-03,8.008275206e-03,2.068387126e-02,2.751149529e-02,1.815217451e-02,4.729517774e-03,
6.024221157e-06,-1.090808969e-05,-5.448849004e-06,-1.098972755e-04,-3.513789396e-04,-6.487803259e-04,-6.766905171e-04,-3.762994736e-04,-8.712588359e-05,
1.588470008e-01
l,9.0,-6.0
1.930,2.890,3.870,
2.412122274e-12,2.328569040e+01
6.082905020e-05,-1.248175170e-04,-1.302789378e-03,-9.508747156e-03,-3.706476680e-02,-7.780321225e-02,-9.183004170e-02,-5.774773349e-02,-1.504522085e-02,
1.326619713e-05,-2.386915358e-05,6.675114671e-06,9.401902187e-05,1.410635117e-03,5.436327342e-03,9.680007251e-03,8.194631466e-03,2.654255989e-03,
1.589885114e-01
l,9.0,-5.0
2.110,3.090,4.170,
4.151562859e-10,1.445502907e+01
7.119541988e-05,-8.377371960e-05,2.725354690e-04,2.620246617e-03,1.136888087e-02,2.876440631e-02,3.855540697e-02,2.573064339e-02,6.781209288e-03,
1.224762024e-05,-2.226408638e-05,-1.934302649e-05,-3.288935409e-04,-1.232608757e-03,-2.591879183e-03,-3.029764718e-03,-1.852673143e-03,-4.622094694e-04,
1.588473869e-01
l,9.0,-4.0
2.090,3.030,3.990,
1.871617495e-10,1.586855218e+01
1.208991016e-04,-1.261109375e-04,-5.643620132e-05,1.634452028e-04,-2.451224822e-03,-6.825928809e-03,-9.046189503e-03,-7.139194828e-03,-2.487014383e-03,
2.700741069e-05,-4.880403101e-05,-5.628082304e-05,-8.811597751e-04,-3.386223342e-03,-7.102269519e-03,-8.252533889e-03,-5.011839890e-03,-1.250370601e-03,
1.589888330e-01
l,9.0,-3.0
2.190,3.210,4.270,
1.526350751e-08,1.004313156e+01
1.471943979e-04,-1.825914389e-04,4.609022162e-04,4.458664238e-03,1.825163354e-02,4.333088729e-02,5.363008374e-02,3.263485066e-02,7.796056083e-03,
2.580414582e-05,-4.705349674e-05,-3.591344178e-05,-6.318624992e-04,-2.286909006e-03,-4.701111728e-03,-5.412920081e-03,-3.285154428e-03,-8.193989818e-04,
1.588476212e-01
l,9.0,-2.0
2.190,3.130,4.090,
8.806835378e-10,1.397079510e+01
2.595889091e-04,-2.810655311e-04,-2.961224414e-05,1.904334667e-03,5.113667369e-03,1.732084272e-02,3.072808308e-02,2.373023143e-02,6.633906178e-03,
5.696262528e-05,-1.032892553e-04,-1.101297813e-04,-1.793340472e-03,-6.851223860e-03,-1.429201465e-02,-1.653007509e-02,-1.001704187e-02,-2.500950480e-03,
1.589889968e-01
l,9.0,-1.0
2.250,3.270,4.350,
2.138436224e-09,1.305537821e+01
3.350992920e-04,-4.300118397e-04,6.974203925e-04,7.608610468e-03,3.417678374e-02,9.026769478e-02,1.212887229e-01,7.898004650e-02,2.002369748e-02,
5.636104370e-05,-1.030213628e-04,-9.101223167e-05,-1.567538142e-03,-5.835557803e-03,-1.196326579e-02,-1.346417951e-02,-7.880178637e-03,-1.879620151e-03,
1.588477546e-01
l,9.0,0.0
2.210,3.170,4.130,
1.578924024e-08,1.116003416e+01
6.139168981e-04,-6.689009550e-04,-7.888503874e-05,4.456714382e-03,1.262610125e-02,4.099538493e-02,6.898000970e-02,5.116256976e-02,1.389496263e-02,
1.339123266e-04,-2.431698633e-04,-2.556811132e-04,-4.203193903e-03,-1.602767736e-02,-3.325484639e-02,-3.816154709e-02,-2.293366538e-02,-5.684525843e-03,
1.589890946e-01
l,9.0,1.0
2.210,3.290,4.370,
1.497960499e-10,1.762805901e+01
8.199192234e-04,-1.108245824e-03,1.213964373e-05,-9.084358150e-04,-1.071143270e-02,-1.311052882e-02,-1.278075754e-02,-1.356566992e-02,-5.757950772e-03,
1.373289773e-04,-2.511985769e-04,-1.756908408e-04,-3.173368735e-03,-1.090621625e-02,-2.091304284e-02,-2.209895154e-02,-1.220076024e-02,-2.762580372e-03,
1.588168058e-01
l,9.0,2.0
2.190,3.150,4.110,
2.750125551e-08,1.176727609e+01
1.607652055e-03,-1.750084681e-03,-4.565565740e-05,1.360227657e-02,4.869158812e-02,1.663810134e-01,2.850917805e-01,2.199481524e-01,6.306695568e-02,
3.510963949e-04,-6.373790752e-04,-6.875000589e-04,-1.117717027e-02,-4.284461568e-02,-8.940176864e-02,-1.030658907e-01,-6.210711268e-02,-1.540223516e-02,
1.589891259e-01
l,9.0,3.0
2.170,3.250,4.350,
2.815961193e-09,1.556283599e+01
2.228339901e-03,-2.949488215e-03,3.203313036e-03,2.526405189e-02,9.084041535e-02,2.323151354e-01,2.848381420e-01,1.575944718e-01,3.187971837e-02,
3.600761290e-04,-6.585026393e-04,-5.112639018e-04,-9.147008071e-03,-3.306136507e-02,-6.623087733e-02,-7.296905507e-02,-4.189013097e-02,-9.813148489e-03,
1.587856059e-01
l,9.0,4.0
2.130,3.070,4.010,
9.875711958e-08,1.202101681e+01
4.742153920e-03,-5.351139192e-03,-4.344353827e-04,3.631136852e-02,1.297918856e-01,4.678543971e-01,8.159976443e-01,6.315207004e-01,1.808926992e-01,
1.064616830e-03,-1.928723434e-03,-2.115277729e-03,-3.399082731e-02,-1.297004529e-01,-2.693877683e-01,-3.095884188e-01,-1.863494524e-01,-4.627477481e-02,
1.589581689e-01
l,9.0,5.0
2.070,3.150,4.230,
2.840660076e-08,1.504313730e+01
6.843836978e-03,-9.476999310e-03,1.119487343e-02,7.907263377e-02,3.003234398e-01,7.458040130e-01,8.516306995e-01,4.264803640e-01,7.445272071e-02,
1.133957108e-03,-2.069094745e-03,-1.717557197e-03,-2.952951328e-02,-1.070332359e-01,-2.155651076e-01,-2.394941938e-01,-1.389787719e-01,-3.294365162e-02,
1.587546093e-01
l,9.0,6.0
1.990,2.870,3.770,
1.100808413e-06,1.158343933e+01
1.770170964e-02,-1.919039651e-02,3.544251787e-02,4.512909085e-01,1.849324052e+00,5.287550987e+00,8.191144244e+00,6.161037274e+00,1.790531137e+00,
4.168760329e-03,-7.531513926e-03,-1.146779157e-02,-1.938918900e-01,-9.047841143e-01,-2.266110537e+00,-3.104975583e+00,-2.201420202e+00,-6.332923128e-01,
1.590202284e-01
l,9.0,7.0
1.890,2.910,3.950,
2.571827511e-09,2.326915119e+01
2.825333923e-02,-4.374839217e-02,4.537069627e-02,1.274185865e-01,1.128383041e-01,-6.160349772e-01,-3.184113185e+00,-4.039763924e+00,-1.565962458e+00,
4.788088902e-03,-8.715050133e-03,-7.386324217e-03,-1.274347732e-01,-4.694227528e-01,-9.662324457e-01,-1.099731420e+00,-6.557520821e-01,-1.598613879e-01,
1.586926665e-01
l,9.0,8.0
1.830,2.210,2.610,
1.635621448e-06,1.629190449e+01
1.822099984e-01,8.502988883e-02,2.434076838e+00,9.155157288e+01,9.091231166e+02,4.819098314e+03,1.434237209e+04,2.229771122e+04,1.405068561e+04,
9.735600820e-02,-2.099708222e-01,-2.591910183e+00,-7.309626742e+01,-8.132976436e+02,-4.639828924e+03,-1.422687336e+04,-2.228700871e+04,-1.403164694e+04,
1.591436028e-01
l,9.0,9.0
1.850,2.050,2.290,
0.000000000e+00,0.000000000e+00
2.602144003e+00,-2.706391422e+01,3.346181134e+02,1.028921377e+04,3.584194102e+05,6.011891117e+06,4.432391282e+07,1.491094764e+08,1.892031941e+08,
5.097425762e-01,-2.293556335e+00,-4.627400101e+01,-2.667312378e+03,-5.325636037e+04,-5.326550550e+05,-2.788536147e+06,-7.373450131e+06,-7.757469866e+06,
1.591134075e-01
