l,1.0,-1.0
0.210,0.930,1.670,
2.088502189e-02,2.778668851e+00
1.072132960e-03,-1.984558207e-03,1.819075000e-03,1.484776449e-02,3.658317690e-02,6.788559753e-02,-3.259302429e-02,-1.736966242e-01,-9.979289477e-02,
1.741776361e-04,-4.915711747e-04,-3.815042392e-04,-1.237395415e-02,-6.355364909e-02,-1.837716454e-01,-2.944692481e-01,-2.464901836e-01,-8.441504717e-02,
1.584148695e-01
l,1.0,0.0
0.270,0.610,0.990,
2.392490932e-01,3.436844388e+00
1.131112035e-02,-3.751207527e-03,1.881538238e-01,6.018449602e+00,6.358605143e+01,3.825203853e+02,1.283990282e+03,2.220606005e+03,1.545346400e+03,
5.526919905e-03,-1.397549164e-02,-1.544635106e-01,-4.493246625e+00,-5.173228158e+01,-3.074322893e+02,-9.875027040e+02,-1.627634942e+03,-1.080990148e+03,
1.591435225e-01
l,1.0,1.0
0.370,0.550,0.810,
2.386962959e+01,5.384755891e+00
1.886648983e-01,-8.513924086e-01,1.062279978e+01,4.318712780e+02,7.962039058e+03,9.053173817e+04,5.352423063e+05,1.531717402e+06,1.693782949e+06,
5.953468932e-02,-2.240395152e-01,-5.747820608e+00,-3.026535353e+02,-5.842244195e+03,-5.493520329e+04,-2.677751503e+05,-6.543588594e+05,-6.354456884e+05,
1.591434789e-01
l,2.0,-2.0
0.470,1.250,2.030,
4.317849682e-04,4.190444708e+00
8.800819342e-05,-1.547985955e-04,9.221204134e-05,1.697883085e-03,6.494773710e-03,2.279247978e-02,4.089848011e-02,3.347106555e-02,1.025266709e-02,
1.226692284e-05,-3.589683825e-05,-2.400967432e-05,-8.621619443e-04,-4.228222212e-03,-1.172869116e-02,-1.791497290e-02,-1.424095026e-02,-4.635010563e-03,
1.584148694e-01
l,2.0,-1.0
0.530,1.250,1.990,
1.061116459e-03,4.086771022e+00
4.315800034e-04,-6.533215389e-04,6.433037617e-05,9.892976216e-03,3.619500559e-02,1.290394497e-01,2.714307382e-01,2.695844129e-01,1.011400759e-01,
6.963537026e-05,-2.031286638e-04,-1.394971284e-04,-5.021223692e-03,-2.558268733e-02,-7.379783203e-02,-1.179805356e-01,-9.833602813e-02,-3.366384096e-02,
1.587855737e-01
l,2.0,0.0
0.590,1.290,2.030,
4.549660697e-03,4.529371167e+00
2.006432973e-03,-3.245806392e-03,7.136301230e-04,4.872464844e-02,1.874726433e-01,7.267481897e-01,1.595587458e+00,1.626734420e+00,6.224502641e-01,
3.119991415e-04,-9.139996728e-04,-6.102561550e-04,-2.262735460e-02,-1.151641734e-01,-3.328459296e-01,-5.326434429e-01,-4.449273600e-01,-1.528333779e-01,
1.586004990e-01
l,2.0,1.0
0.650,1.130,1.650,
2.807382059e-02,5.172565476e+00
1.544031966e-02,-1.080946377e-02,2.288512007e-02,1.849615367e+00,1.220287140e+01,4.869611290e+01,1.187097075e+02,1.542375613e+02,8.101067766e+01,
4.780854685e-03,-1.374484338e-02,-5.398335910e-02,-1.317204706e+00,-1.054410225e+01,-4.468253647e+01,-1.035383059e+02,-1.237678606e+02,-5.993501788e+01,
1.591443517e-01
l,2.0,2.0
0.730,1.070,1.430,
4.898619013e-01,7.437522255e+00
1.975198984e-01,-5.277826246e-01,1.348675086e+00,6.566985540e+01,4.218798601e+02,2.380909505e+03,1.009631834e+04,2.211778415e+04,1.845434573e+04,
5.376913136e-02,-1.896570697e-01,-1.437841615e+00,-4.945127308e+01,-5.784645103e+02,-3.586494757e+03,-1.207805821e+04,-2.099453574e+04,-1.480427456e+04,
1.591435396e-01
l,3.0,-3.0
0.770,1.550,2.350,
5.114578418e-06,4.946761387e+00
7.192682915e-06,-1.114503014e-05,-8.253173309e-07,1.263755851e-04,3.524555472e-04,1.133940033e-03,2.383509099e-03,2.336781973e-03,8.511865891e-04,
9.442454726e-07,-2.826380457e-06,-1.692133390e-06,-6.598698687e-05,-3.155583852e-04,-8.559719550e-04,-1.273898580e-03,-9.835280538e-04,-3.115125130e-04,
1.584766603e-01
l,3.0,-2.0
0.850,1.610,2.390,
1.191576476e-05,4.861322343e+00
2.940363993e-05,-3.895784977e-05,-2.340360299e-05,5.526009331e-04,1.430302617e-03,3.473673106e-03,7.101035639e-03,7.407902294e-03,2.898414904e-03,
4.226262941e-06,-1.268056415e-05,-8.562291307e-06,-3.097892253e-04,-1.508956441e-03,-4.159987993e-03,-6.312674381e-03,-4.965400544e-03,-1.602963737e-03,
1.587235479e-01
l,3.0,-1.0
0.910,1.690,2.470,
3.275286414e-05,4.920754115e+00
1.177599988e-04,-1.557093349e-04,-1.011679470e-04,2.191263486e-03,5.372960771e-03,1.174920473e-02,2.345839293e-02,2.457235913e-02,9.631661034e-03,
1.673617618e-05,-5.044416863e-05,-3.379433202e-05,-1.237137202e-03,-6.026172539e-03,-1.662945246e-02,-2.524422156e-02,-1.985673511e-02,-6.411360378e-03,
1.586926079e-01
l,3.0,0.0
0.970,1.730,2.490,
1.067603654e-04,5.160487016e+00
5.230456009e-04,-6.431676993e-04,-5.826394152e-04,1.035727590e-02,2.577032458e-02,4.870758053e-02,9.180635362e-02,9.885593496e-02,4.044314347e-02,
7.944005891e-05,-2.397399687e-04,-1.741587902e-04,-6.094153888e-03,-3.025316722e-02,-8.505249111e-02,-1.319692338e-01,-1.061768557e-01,-3.508152033e-02,
1.587857790e-01
l,3.0,1.0
1.010,1.750,2.510,
4.096570694e-04,5.391522074e+00
2.545345109e-03,-3.208060564e-03,-3.495236060e-03,4.871860427e-02,9.900488781e-02,1.429727518e-01,3.246747437e-01,4.264932525e-01,1.970332489e-01,
3.769719850e-04,-1.139820011e-03,-6.416489067e-04,-2.707298629e-02,-1.335954765e-01,-3.757924738e-01,-5.826317363e-01,-4.685835530e-01,-1.552181614e-01,
1.587544923e-01
l,3.0,2.0
1.070,1.650,2.250,
1.897058759e-03,6.619767438e+00
1.722376049e-02,-1.163483042e-02,-3.004160843e-02,8.803773312e-01,4.056291733e+00,1.000820157e+01,1.686186050e+01,1.722744748e+01,7.590823969e+00,
4.195057431e-03,-1.264561694e-02,-2.398375581e-02,-6.125635512e-01,-3.958464549e+00,-1.403077717e+01,-2.759187315e+01,-2.814909826e+01,-1.172426512e+01,
1.591133174e-01
l,3.0,3.0
1.130,1.570,2.030,
1.203705339e-02,7.944023170e+00
1.937416047e-01,-2.679276102e-01,-7.339166635e-01,2.533801929e+01,9.926288026e+01,3.082991325e+01,-4.384270231e+02,-8.231266457e+02,-4.542192642e+02,
4.564251189e-02,-1.556039828e-01,-4.967534770e-01,-1.508942927e+01,-1.275367535e+02,-5.935876893e+02,-1.523097314e+03,-2.035826352e+03,-1.119650348e+03,
1.591443958e-01
l,4.0,-4.0
1.070,1.870,2.670,
6.252542936e-08,5.956930350e+00
5.421081255e-07,-7.378614324e-07,-4.588429823e-07,9.252309028e-06,2.024640044e-05,4.022895512e-05,8.101080063e-05,8.561066045e-05,3.337064435e-05,
7.135183446e-08,-2.172135896e-07,-1.408232104e-07,-5.248433825e-06,-2.503312140e-05,-6.770413928e-05,-1.003714730e-04,-7.699052258e-05,-2.423593495e-05,
1.585696005e-01
l,4.0,-3.0
1.150,1.950,2.750,
1.434009022e-07,5.814346842e+00
2.051330966e-06,-2.302465591e-06,-3.032796185e-06,3.608946815e-05,8.526088886e-05,1.117043348e-04,1.559577675e-04,1.574755576e-04,6.360253342e-05,
2.819161036e-07,-8.612981969e-07,-5.650088091e-07,-2.086244907e-05,-9.933126942e-05,-2.675874596e-04,-3.950516741e-04,-3.007310386e-04,-9.384159164e-05,
1.587235607e-01
l,4.0,-2.0
1.250,2.050,2.850,
3.409332214e-07,6.003537339e+00
7.648007340e-06,-8.430605275e-06,-1.201095567e-05,1.326789831e-04,3.212425118e-04,3.999191035e-04,4.957176494e-04,4.782083308e-04,1.927045008e-04,
1.045705277e-06,-3.208142962e-06,-1.922595161e-06,-7.596554635e-05,-3.605681862e-04,-9.705593095e-04,-1.430827042e-03,-1.086430763e-03,-3.381405885e-04,
1.587236024e-01
l,4.0,-1.0
1.310,2.110,2.930,
8.714003894e-07,6.282138748e+00
3.064986959e-05,-2.783896062e-05,-6.202344479e-05,5.269190020e-04,1.485527405e-03,1.858113073e-03,1.731060779e-03,1.299970642e-03,4.800556773e-04,
4.121699731e-06,-1.268463550e-05,-7.194585482e-06,-2.925641024e-04,-1.360072892e-03,-3.577998890e-03,-5.133465798e-03,-3.772504654e-03,-1.133762506e-03,
1.587857919e-01
l,4.0,0.0
1.370,2.190,3.010,
2.515114755e-06,6.492698003e+00
1.247252949e-04,-1.252748614e-04,-2.455600887e-04,2.026255840e-03,5.081664335e-03,5.091166203e-03,3.809940627e-03,3.022350031e-03,1.269208054e-03,
1.622770588e-05,-5.008977039e-05,-2.117595842e-05,-1.083385948e-03,-5.002822297e-03,-1.316428302e-02,-1.886716047e-02,-1.385521049e-02,-4.170363573e-03,
1.587855607e-01
l,4.0,1.0
1.430,2.230,3.030,
8.087941369e-06,6.751708802e+00
5.577533739e-04,-5.419176702e-04,-1.114179792e-03,9.731476403e-03,2.573413263e-02,2.754804032e-02,2.077529019e-02,1.532640320e-02,6.253129535e-03,
7.688303158e-05,-2.375151504e-04,-1.237933125e-04,-5.447755040e-03,-2.570657198e-02,-6.897253155e-02,-1.011949989e-01,-7.621131555e-02,-2.351809358e-02,
1.588167483e-01
l,4.0,2.0
1.470,2.230,3.010,
3.039060589e-05,6.993708053e+00
2.803321928e-03,-2.438857685e-03,-6.272532065e-03,5.567491053e-02,1.655054686e-01,2.001762542e-01,1.579785033e-01,1.073678035e-01,4.201615124e-02,
4.122942857e-04,-1.273789256e-03,-8.076539354e-04,-3.116135959e-02,-1.501918138e-01,-4.105877789e-01,-6.157188300e-01,-4.744674591e-01,-1.498588579e-01,
1.588168089e-01
l,4.0,3.0
1.510,2.170,2.830,
1.219217797e-04,7.566885871e+00
1.766188070e-02,-1.038331215e-02,-4.124910651e-02,6.928398974e-01,3.236363797e+00,7.346070567e+00,1.046649766e+01,8.817102154e+00,3.254331778e+00,
3.645783468e-03,-1.127684865e-02,-1.737589839e-02,-4.739509694e-01,-2.848361286e+00,-9.342358455e+00,-1.680658328e+01,-1.553594153e+01,-5.832723192e+00,
1.590822847e-01
l,4.0,4.0
1.570,2.090,2.610,
4.662146862e-04,8.963677559e+00
1.753336936e-01,-1.567913330e-01,-5.947436799e-01,1.866570002e+01,1.059004090e+02,2.720309910e+02,4.106640556e+02,3.673170186e+02,1.518865335e+02,
3.901201779e-02,-1.309535655e-01,-4.015478829e-01,-1.142156146e+01,-8.927604036e+01,-3.761541136e+02,-8.623922059e+02,-1.017395856e+03,-4.887244371e+02,
1.591444433e-01
l,5.0,-5.0
1.390,2.190,3.010,
8.314147815e-10,6.379172381e+00
3.924489889e-08,-4.423582369e-08,-6.173904819e-08,6.666313113e-07,1.548678794e-06,1.867309008e-06,2.441075236e-06,2.480843385e-06,1.018566592e-06,
4.996236214e-09,-1.542121346e-08,-9.019393004e-09,-3.611245405e-07,-1.682798571e-06,-4.448706740e-06,-6.417499213e-06,-4.762931020e-06,-1.449481906e-06,
1.586624874e-01
l,5.0,-4.0
1.490,2.290,3.110,
1.562185655e-09,6.728535586e+00
1.402142971e-07,-1.322424614e-07,-2.728972190e-07,2.436365887e-06,6.821410554e-06,8.716518297e-06,8.436109545e-06,6.400499482e-06,2.335953374e-06,
1.848694775e-08,-5.725867514e-08,-3.284865442e-08,-1.334020658e-06,-6.208105173e-06,-1.636752545e-05,-2.352682405e-05,-1.732623099e-05,-5.218887820e-06,
1.587545535e-01
l,5.0,-3.0
1.590,2.410,3.230,
2.460051916e-09,7.566239486e+00
4.970102054e-07,-4.905821266e-07,-1.015664730e-06,7.510828515e-06,1.686400638e-05,6.847939389e-06,-1.236629277e-05,-1.454870286e-05,-4.628201710e-06,
6.419082982e-08,-1.995818015e-07,-8.699407250e-08,-4.363275810e-06,-2.010907842e-05,-5.283769890e-05,-7.560494310e-05,-5.538026533e-05,-1.661573459e-05,
1.587855319e-01
l,5.0,-2.0
1.670,2.490,3.310,
7.885921969e-09,7.111834933e+00
1.871325026e-06,-1.517161787e-06,-4.000798259e-06,3.357636285e-05,1.154040926e-04,1.910877337e-04,2.155776780e-04,1.554293878e-04,5.022440862e-05,
2.520989079e-07,-7.857113310e-07,-4.651597002e-07,-1.849099887e-05,-8.585388030e-05,-2.254941369e-04,-3.226662917e-04,-2.356805133e-04,-7.020017483e-05,
1.587857917e-01
l,5.0,-1.0
1.750,2.570,3.410,
1.451600175e-08,7.816074827e+00
7.227079095e-06,-5.400183800e-06,-1.774859536e-05,1.087278809e-04,3.434585882e-04,3.980754532e-04,2.067026151e-04,3.249059588e-05,-5.196394334e-06,
9.295526173e-07,-2.905356444e-06,-2.453065827e-07,-4.724545645e-05,-1.942719617e-04,-4.766172404e-04,-6.412375936e-04,-4.379199425e-04,-1.231966352e-04,
1.587857919e-01
l,5.0,0.0
1.810,2.650,3.490,
3.650599698e-08,8.130677697e+00
2.884953028e-05,-2.291065704e-05,-7.294796839e-05,3.820111746e-04,1.084298548e-03,9.416320419e-04,1.162204888e-04,-2.348614332e-04,-8.807373155e-05,
3.646729546e-06,-1.142258367e-05,-3.889168456e-07,-1.809403593e-04,-7.402544489e-04,-1.814421557e-03,-2.434326486e-03,-1.656288384e-03,-4.647636638e-04,
1.588167918e-01
l,5.0,1.0
1.870,2.690,3.530,
1.547064133e-07,7.751835261e+00
1.238091936e-04,-8.162866684e-05,-3.184857244e-04,1.914120973e-03,6.976502635e-03,1.055887795e-02,9.458181093e-03,5.195886200e-03,1.364251718e-03,
1.620462885e-05,-5.081131075e-05,-7.034166206e-06,-8.535313276e-04,-3.518913052e-03,-8.615892705e-03,-1.156239790e-02,-7.846994902e-03,-2.182677258e-03,
1.587855173e-01
l,5.0,2.0
1.910,2.730,3.550,
4.607561415e-07,8.114704922e+00
5.614006077e-04,-3.845773759e-04,-1.372481259e-03,9.560135967e-03,3.429373176e-02,5.169453041e-02,4.578506897e-02,2.470428714e-02,6.383540265e-03,
7.669766548e-05,-2.406440598e-04,-1.412319377e-04,-5.668316723e-03,-2.623221138e-02,-6.867464395e-02,-9.784890068e-02,-7.091022526e-02,-2.090576425e-02,
1.588168089e-01
l,5.0,3.0
1.930,2.730,3.550,
1.646151811e-06,8.416522288e+00
2.839880064e-03,-1.751186678e-03,-8.003748888e-03,4.826787845e-02,1.819949759e-01,2.708299065e-01,2.238459470e-01,1.084392048e-01,2.547113237e-02,
3.866857135e-04,-1.213978995e-03,-4.987225437e-04,-2.634763637e-02,-1.206208590e-01,-3.143772471e-01,-4.444612502e-01,-3.181905862e-01,-9.271441245e-02,
1.588478294e-01
l,5.0,4.0
1.970,2.670,3.390,
6.350452947e-06,8.850511049e+00
1.746251993e-02,-5.090362765e-03,-5.830228374e-02,4.254966541e-01,2.136835284e+00,4.393415552e+00,5.162787476e+00,3.481712632e+00,1.053574875e+00,
3.235941025e-03,-1.017484971e-02,-7.541645811e-03,-2.721736570e-01,-1.387574154e+00,-4.009994160e+00,-6.408847985e+00,-5.223450219e+00,-1.729227713e+00,
1.590512674e-01
l,5.0,5.0
2.030,2.610,3.190,
9.219944029e-06,1.106345775e+01
1.565714926e-01,-9.278233126e-02,-7.158186647e-01,9.088670985e+00,4.819282834e+01,9.669056581e+01,8.830761499e+01,2.525722646e+01,-6.596672384e+00,
3.214517812e-02,-1.067794263e-01,-1.519235904e-01,-4.897581976e+00,-3.133611132e+01,-1.126941228e+02,-2.234362323e+02,-2.283990051e+02,-9.602061318e+01,
1.591444075e-01
l,6.0,-6.0
1.690,2.530,3.370,
6.247303885e-12,8.006983909e+00
2.687726930e-09,-2.675359265e-09,-5.850929904e-09,3.795730451e-08,8.829180611e-08,5.759756561e-08,-1.018402904e-08,-2.917933802e-08,-1.127506840e-08,
3.243559826e-10,-1.012657572e-09,-1.993704044e-11,-1.591923376e-08,-6.514277441e-08,-1.603109878e-07,-2.162756663e-07,-1.496697224e-07,-4.320189984e-08,
1.586926092e-01
l,6.0,-5.0
1.810,2.630,3.470,
1.174259894e-11,8.087361504e+00
9.387242983e-09,-7.183582220e-09,-2.139862392e-08,1.682328954e-07,6.177450200e-07,1.121552200e-06,1.397163694e-06,1.078518059e-06,3.615868499e-07,
1.196057101e-09,-3.744385423e-09,-4.534872754e-10,-6.232450561e-08,-2.564377008e-07,-6.275390713e-07,-8.408923484e-07,-5.722480209e-07,-1.605903961e-07,
1.587855716e-01
l,6.0,-4.0
1.910,2.750,3.590,
2.785172655e-11,8.033598542e+00
3.261837023e-08,-2.463145561e-08,-8.399611535e-08,4.577218883e-07,1.406230235e-06,1.355982179e-06,5.781186855e-08,-7.611117771e-07,-3.858615413e-07,
4.136173009e-09,-1.298857796e-08,-6.681241960e-10,-2.080905038e-07,-8.503891082e-07,-2.079897564e-06,-2.786323084e-06,-1.893066713e-06,-5.306783455e-07,
1.587857967e-01
l,6.0,-3.0
2.010,2.850,3.690,
4.377380155e-11,8.647303437e+00
1.172789013e-07,-7.760755451e-08,-3.116448537e-07,1.657523634e-06,5.973259375e-06,8.634034638e-06,7.003701020e-06,3.165539302e-06,6.004961485e-07,
1.521621317e-08,-4.789743436e-08,-4.639695495e-09,-7.877086132e-07,-3.227614502e-06,-7.874183807e-06,-1.051335601e-05,-7.082858293e-06,-1.955325962e-06,
1.587857501e-01
l,6.0,-2.0
2.110,2.950,3.790,
7.804003287e-11,9.096359933e+00
4.312205135e-07,-2.817354723e-07,-1.150579220e-06,5.884615738e-06,2.136484295e-05,3.180246469e-05,2.878189435e-05,1.646105816e-05,4.482198500e-06,
5.594751494e-08,-1.765110571e-07,-1.949065595e-08,-2.934133218e-06,-1.203853307e-05,-2.938228421e-05,-3.922500020e-05,-2.638047129e-05,-7.252236279e-06,
1.588168046e-01
l,6.0,-1.0
2.170,3.030,3.890,
1.402356095e-10,9.649530137e+00
1.649804972e-06,-9.529893389e-07,-4.595506614e-06,2.171972291e-05,8.139110517e-05,1.103591812e-04,6.760983091e-05,1.030499320e-05,-4.615658456e-06,
2.055664566e-07,-6.499443461e-07,-1.697853129e-08,-1.022150127e-05,-4.100287335e-05,-9.839696679e-05,-1.283877372e-04,-8.370291074e-05,-2.220585046e-05,
1.588478418e-01
l,6.0,0.0
2.250,3.090,3.950,
7.446930174e-10,8.862342857e+00
6.571879112e-06,-2.855532760e-06,-1.936219387e-05,7.717900504e-05,3.163233556e-04,4.621401412e-04,3.430399552e-04,1.311299774e-04,2.174550161e-05,
8.562436056e-07,-2.710552259e-06,-3.948067350e-07,-4.552436792e-05,-1.844209326e-04,-4.421672808e-04,-5.775771375e-04,-3.758188499e-04,-9.857770560e-05,
1.587857790e-01
l,6.0,1.0
2.310,3.170,4.030,
3.483162753e-09,8.442476640e+00
2.683165985e-05,-1.508230093e-05,-7.535289662e-05,3.490301214e-04,1.433203959e-03,2.442679668e-03,2.546942996e-03,1.623552385e-03,4.732979066e-04,
3.349252136e-06,-1.061937644e-05,-4.687651300e-07,-1.682761179e-04,-6.702189842e-04,-1.594434537e-03,-2.060415080e-03,-1.325830843e-03,-3.459131978e-04,
1.588477854e-01
l,6.0,2.0
2.350,3.210,4.070,
5.341756411e-09,9.460629607e+00
1.168571034e-04,-5.768302610e-05,-3.490108128e-04,1.255945414e-03,4.716329782e-03,5.434537510e-03,1.714080883e-03,-1.214474151e-03,-7.737019274e-04,
1.486011965e-05,-4.715369133e-05,-4.138036298e-06,-7.671180277e-04,-3.073646478e-03,-7.324854479e-03,-9.486510400e-03,-6.107269363e-03,-1.587077765e-03,
1.588168089e-01
l,6.0,3.0
2.390,3.230,4.090,
2.280237321e-08,9.387472323e+00
5.435378989e-04,-2.245888454e-04,-1.670415940e-03,6.405456147e-03,2.798091259e-02,4.430627675e-02,3.691974062e-02,1.616620252e-02,2.918744205e-03,
7.026603767e-05,-2.230709944e-04,-1.760560466e-05,-3.604842443e-03,-1.441051944e-02,-3.425175550e-02,-4.419552717e-02,-2.821222027e-02,-7.233735592e-03,
1.588167924e-01
l,6.0,4.0
2.430,3.250,4.070,
9.572644599e-08,9.465854540e+00
2.738910029e-03,-1.442121617e-03,-7.742612267e-03,4.464969800e-02,1.877095446e-01,3.216651244e-01,3.144096982e-01,1.762874899e-01,4.442235669e-02,
3.774468608e-04,-1.198426898e-03,-5.843677312e-04,-2.718061563e-02,-1.247703292e-01,-3.251815720e-01,-4.598815141e-01,-3.283042478e-01,-9.488413967e-02,
1.588478768e-01
l,6.0,5.0
2.450,3.190,3.950,
3.073215387e-07,1.002623295e+01
1.658838987e-02,-3.566556037e-03,-5.796057638e-02,3.144160933e-01,1.688897996e+00,3.527937233e+00,4.117781849e+00,2.684596916e+00,7.654349817e-01,
2.795300159e-03,-8.891407436e-03,-4.942098117e-03,-2.150385147e-01,-1.043662996e+00,-2.877830586e+00,-4.348009778e+00,-3.311043722e+00,-1.015662371e+00,
1.590201730e-01
l,6.0,6.0
2.510,3.130,3.750,
6.910698028e-07,1.123212967e+01
1.387057006e-01,-5.047208253e-02,-5.810752493e-01,6.626450485e+00,3.943062177e+01,9.808223762e+01,1.363446500e+02,1.050655069e+02,3.521022603e+01,
2.760815336e-02,-9.139162572e-02,-1.315709372e-01,-4.024335101e+00,-2.467565022e+01,-8.410149415e+01,-1.570801078e+02,-1.500250769e+02,-5.834365714e+01,
1.591133019e-01
l,7.0,-7.0
2.030,2.870,3.710,
1.939068456e-14,1.028817815e+01
1.799331933e-10,-1.526571983e-10,-4.317698449e-10,2.650037128e-09,8.576336998e-09,1.384118671e-08,1.721540443e-08,1.395777364e-08,4.781192743e-09,
2.217066854e-11,-6.982098299e-11,-4.061469531e-12,-1.128237396e-09,-4.608822183e-09,-1.126433447e-08,-1.503373857e-08,-1.018457967e-08,-2.852472554e-09,
1.587236209e-01
l,7.0,-6.0
2.150,2.990,3.830,
1.460224687e-13,8.529835276e+00
6.085634774e-10,-4.510808894e-10,-1.556730511e-09,9.082370781e-09,3.089029272e-08,3.901806259e-08,1.899551737e-08,-4.095837532e-09,-5.442934345e-09,
7.653398537e-11,-2.416710132e-10,-1.492138184e-11,-3.916518390e-09,-1.596668007e-08,-3.894518545e-08,-5.199485189e-08,-3.517416967e-08,-9.817975533e-09,
1.587855750e-01
l,7.0,-5.0
2.250,3.090,3.950,
1.166145033e-13,9.790539161e+00
2.108947905e-09,-1.145898870e-09,-6.286462553e-09,2.716495851e-08,1.175895814e-07,2.117883836e-07,2.265060579e-07,1.365025635e-07,3.441078664e-08,
2.638875601e-10,-8.353697047e-10,-8.180858956e-12,-1.273955768e-08,-4.945876938e-08,-1.148834296e-07,-1.443909366e-07,-8.962577812e-08,-2.248447430e-08,
1.588168027e-01
l,7.0,-4.0
2.350,3.190,4.050,
1.138606618e-13,1.071839973e+01
7.412122027e-09,-2.973627043e-09,-2.312085389e-08,8.500054692e-08,4.064431020e-07,7.963512905e-07,9.630254216e-07,6.815723188e-07,2.072347306e-07,
9.682068197e-10,-3.071034339e-09,-3.316873225e-10,-4.989112362e-08,-1.973352201e-07,-4.620737720e-07,-5.863269692e-07,-3.661328989e-07,-9.121298229e-08,
1.587857967e-01
l,7.0,-3.0
2.470,3.310,4.170,
9.998125617e-13,9.270150961e+00
2.634353002e-08,-1.277681202e-08,-7.807312567e-08,3.286990477e-07,1.429508478e-06,2.365307815e-06,2.054427640e-06,8.648312770e-07,1.136744905e-07,
3.333495818e-09,-1.059712945e-08,-3.808463426e-10,-1.663018514e-07,-6.565893344e-07,-1.549942568e-06,-1.986278874e-06,-1.260324807e-06,-3.224839008e-07,
1.588478000e-01
l,7.0,-2.0
2.530,3.390,4.270,
6.428190557e-14,1.325205390e+01
9.755061825e-08,-3.277048316e-08,-3.479757863e-07,2.952687176e-07,-1.958444917e-07,-8.645863017e-06,-2.142878491e-05,-2.083136474e-05,-7.369127545e-06,
1.221710400e-08,-3.890658974e-08,-8.507271276e-10,-6.019704367e-07,-2.341848016e-06,-5.427178630e-06,-6.769852993e-06,-4.111277213e-06,-9.854524868e-07,
1.588478417e-01
l,7.0,-1.0
2.630,3.490,4.350,
5.915423382e-13,1.188716278e+01
3.673414994e-07,-1.484942770e-07,-1.117483183e-06,3.606561611e-06,1.359668051e-05,1.122716460e-05,-9.710084292e-06,-2.080341274e-05,-9.298015968e-06,
4.768880625e-08,-1.520751766e-07,-2.008837822e-08,-2.561674187e-06,-1.039850650e-05,-2.501754153e-05,-3.276240167e-05,-2.130040972e-05,-5.557532188e-06,
1.588168047e-01
l,7.0,0.0
2.690,3.570,4.450,
9.055602181e-12,1.017906987e+01
1.433456987e-06,-5.855131255e-07,-4.621900414e-06,1.114467818e-05,4.392769857e-05,3.705900153e-05,-2.216298750e-05,-5.062372481e-05,-2.152840132e-05,
1.746078097e-07,-5.577102197e-07,3.483793408e-08,-8.217514480e-06,-3.165598258e-05,-7.326960758e-05,-9.110675612e-05,-5.509137297e-05,-1.319627107e-05,
1.588167918e-01
l,7.0,1.0
2.750,3.630,4.510,
1.117987272e-10,8.828195540e+00
5.817672900e-06,-1.955548699e-06,-1.810770858e-05,5.622197045e-05,2.694180498e-04,4.530298520e-04,4.094840567e-04,2.033556249e-04,4.474794909e-05,
7.263258093e-07,-2.322111545e-06,-1.337835558e-07,-3.694853601e-05,-1.448832069e-04,-3.380226583e-04,-4.257651111e-04,-2.624858332e-04,-6.415389997e-05,
1.588477854e-01
l,7.0,2.0
2.810,3.690,4.570,
3.648643357e-10,8.907782860e+00
2.446258986e-05,-9.013401620e-06,-7.474853028e-05,2.620941844e-04,1.281733530e-03,2.378489265e-03,2.527936718e-03,1.538434612e-03,4.143530490e-04,
3.019046844e-06,-9.660913241e-06,4.938215043e-08,-1.481486251e-04,-5.775457840e-04,-1.346473081e-03,-1.691926204e-03,-1.038062183e-03,-2.524061719e-04,
1.587857960e-01
l,7.0,3.0
2.850,3.730,4.610,
2.858775355e-10,1.044627748e+01
1.081353985e-04,-3.824816804e-05,-3.441807503e-04,9.454259926e-04,4.345053693e-03,6.335357884e-03,4.196032466e-03,9.519914929e-04,-1.022885076e-04,
1.338205321e-05,-4.284846149e-05,-6.650215450e-09,-6.582599812e-04,-2.559507428e-03,-5.948256635e-03,-7.444218626e-03,-4.537142160e-03,-1.092185946e-03,
1.587857795e-01
l,7.0,4.0
2.890,3.750,4.630,
9.601771401e-10,1.064455742e+01
5.088482867e-04,-1.603096149e-04,-1.627137052e-03,5.123517026e-03,2.571823450e-02,4.589947214e-02,4.469144463e-02,2.389580427e-02,5.516008040e-03,
6.326439441e-05,-2.026423951e-04,-7.493826123e-07,-3.127973091e-03,-1.216897089e-02,-2.826956064e-02,-3.532188312e-02,-2.144091672e-02,-5.126353726e-03,
1.588478768e-01
l,7.0,5.0
2.910,3.750,4.610,
3.946251185e-09,1.075595625e+01
2.605606103e-03,-7.484163271e-04,-8.792251867e-03,2.654939772e-02,1.349884721e-01,2.324761921e-01,2.097158646e-01,1.001878856e-01,2.017099361e-02,
3.399312950e-04,-1.088956065e-03,1.154438528e-05,-1.683486573e-02,-6.648429911e-02,-1.569497892e-01,-1.997714955e-01,-1.234364666e-01,-3.000899607e-02,
1.588478411e-01
l,7.0,6.0
2.930,3.710,4.490,
1.347235479e-08,1.117136500e+01
1.545429043e-02,-2.102101954e-03,-5.258288154e-02,2.554774029e-01,1.449187172e+00,3.129784063e+00,3.733610007e+00,2.442880075e+00,6.849935510e-01,
2.524429309e-03,-8.098779115e-03,-5.084303574e-03,-2.011822427e-01,-9.622127043e-01,-2.604598267e+00,-3.853012740e+00,-2.862713228e+00,-8.521159313e-01,
1.590201625e-01
l,7.0,7.0
2.990,3.650,4.310,
3.858259953e-08,1.195373286e+01
1.222181022e-01,-2.373058919e-02,-4.933374568e-01,4.592195804e+00,2.886631419e+01,7.483903476e+01,1.081234081e+02,8.548714323e+01,2.882021058e+01,
2.328323677e-02,-7.690149023e-02,-1.040191951e-01,-3.172553216e+00,-1.867708822e+01,-6.061709072e+01,-1.071016264e+02,-9.602916640e+01,-3.477735891e+01,
1.590822309e-01
l,8.0,-8.0
2.390,3.230,4.070,
7.488767501e-16,9.143908499e+00
1.164229997e-11,-9.759450514e-12,-2.785298126e-11,1.840756458e-10,6.317782450e-10,8.999237233e-10,6.267224405e-10,1.094775868e-10,-6.039662562e-11,
1.410592382e-12,-4.475939078e-12,-2.156374046e-14,-7.066533748e-11,-2.857807454e-10,-6.956497776e-10,-9.252855346e-10,-6.250741910e-10,-1.752726509e-10,
1.587855684e-01
l,8.0,-7.0
2.490,3.330,4.190,
2.552492753e-16,1.112827723e+01
3.947828869e-11,-2.260860753e-11,-1.193414736e-10,5.068166644e-10,2.352706839e-09,4.852912574e-09,6.122208853e-09,4.279365794e-09,1.222210084e-09,
4.854029426e-12,-1.543643743e-11,7.230852390e-13,-2.257337640e-10,-8.536558082e-10,-1.938317373e-09,-2.363722267e-09,-1.403748812e-09,-3.334159922e-10,
1.587855920e-01
l,8.0,-6.0
2.630,3.450,4.310,
1.511237042e-16,1.231682367e+01
1.333979038e-10,-6.553675011e-11,-2.758316685e-10,3.981724032e-09,2.292735791e-08,6.303273274e-08,9.636928423e-08,7.637337760e-08,2.426870646e-08,
1.669617833e-11,-5.320693767e-11,-1.601671164e-12,-8.380066113e-10,-3.328757102e-09,-7.937734064e-09,-1.030558995e-08,-6.664089331e-09,-1.749481042e-09,
1.588478432e-01
l,8.0,-5.0
2.710,3.570,4.430,
9.563199226e-18,1.592237733e+01
4.572869028e-10,-2.205063979e-10,-1.390387726e-09,4.258042629e-09,1.026851520e-08,-1.761272589e-08,-7.675763403e-08,-8.762338102e-08,-3.399123350e-08,
5.736205677e-11,-1.831603951e-10,-8.038961690e-12,-2.982557748e-09,-1.220125385e-08,-2.979891678e-08,-3.953990664e-08,-2.613369524e-08,-6.980999827e-09,
1.588478397e-01
l,8.0,-4.0
2.810,3.670,4.550,
3.286588224e-15,1.088640192e+01
1.611184963e-09,-5.861377056e-10,-4.391794525e-09,2.963414172e-08,1.606895858e-07,3.772323863e-07,4.956024829e-07,3.450421986e-07,9.805899860e-08,
1.969304785e-10,-6.299829235e-10,2.848729909e-11,-9.557323477e-09,-3.761762999e-08,-8.884375837e-08,-1.130785122e-07,-7.053905640e-08,-1.756026059e-08,
1.588478466e-01
l,8.0,-3.0
2.950,3.770,4.650,
1.431613766e-15,1.243703683e+01
5.784091872e-09,-1.746908796e-09,-1.485134233e-08,1.237932310e-07,7.446466212e-07,2.006228319e-06,3.006335754e-06,2.354265025e-06,7.439733249e-07,
7.203288053e-10,-2.307744946e-09,1.032610586e-11,-3.572430700e-08,-1.404739951e-07,-3.302036065e-07,-4.187000727e-07,-2.595336528e-07,-6.383310581e-08,
1.588478000e-01
l,8.0,-2.0
2.990,3.870,4.750,
5.831748496e-13,7.840887085e+00
2.121456077e-08,-6.646435602e-09,-6.915262870e-08,1.681241645e-07,8.031128719e-07,1.135020447e-06,6.584201603e-07,6.192798637e-08,-5.258467583e-08,
2.633588829e-09,-8.449252713e-09,1.821851863e-10,-1.286255042e-07,-4.997588752e-07,-1.162266620e-06,-1.454408405e-06,-8.838666766e-07,-2.115864198e-07,
1.588478417e-01
l,8.0,-1.0
3.070,3.950,4.830,
3.924991725e-15,1.327997013e+01
8.018721331e-08,-1.947338132e-08,-2.551717383e-07,7.898486625e-07,4.337772347e-06,8.659935552e-06,9.715463798e-06,6.036125051e-06,1.595511471e-06,
1.026297187e-08,-3.296212772e-08,-2.966742738e-09,-5.359643250e-07,-2.107310348e-06,-4.913418674e-06,-6.183572162e-06,-3.783435531e-06,-9.058498203e-07,
1.588478418e-01
l,8.0,0.0
3.150,4.030,4.930,
1.085594811e-12,9.299514786e+00
3.107732880e-07,-7.078998503e-08,-1.056593882e-06,1.890478552e-06,1.040550561e-05,1.519606198e-05,8.976062125e-06,7.712931991e-07,-8.169097607e-07,
3.749292515e-08,-1.205754628e-07,8.977281545e-09,-1.758190500e-06,-6.640433410e-06,-1.504512762e-05,-1.816978940e-05,-1.044994655e-05,-2.307829762e-06,
1.588478289e-01
l,8.0,1.0
3.230,4.090,4.990,
1.457871033e-12,1.004348610e+01
1.244314944e-06,-1.676363027e-07,-4.073202118e-06,1.001210274e-05,6.351765496e-05,1.362367058e-04,1.632253192e-04,1.086569260e-04,3.106712551e-05,
1.557290957e-07,-5.011972551e-07,-2.755294539e-08,-7.916307316e-06,-3.050425516e-05,-6.980868910e-05,-8.579400710e-05,-5.072062470e-05,-1.157746119e-05,
1.588477854e-01
l,8.0,2.0
3.270,4.170,5.070,
1.706894217e-12,1.096103794e+01
5.114503892e-06,-1.467163399e-06,-1.680096057e-05,3.648723758e-05,1.914833328e-04,3.138623341e-04,2.722296025e-04,1.320969502e-04,2.956326402e-05,
6.063851506e-07,-1.953503676e-06,1.626562834e-07,-2.845449641e-05,-1.075787309e-04,-2.443945203e-04,-2.957236702e-04,-1.706925180e-04,-3.795236420e-05,
1.588478460e-01
l,8.0,3.0
3.310,4.210,5.110,
8.856274633e-12,1.069350366e+01
2.200727977e-05,-4.577436671e-06,-7.280333271e-05,1.507745603e-04,8.519228716e-04,1.430768560e-03,1.184617627e-03,4.742969540e-04,6.777105401e-05,
2.684972159e-06,-8.653956869e-06,4.443055099e-08,-1.321589513e-04,-5.057170855e-04,-1.155261283e-03,-1.412899948e-03,-8.288630876e-04,-1.876683189e-04,
1.588167924e-01
l,8.0,4.0
3.350,4.250,5.150,
1.130164744e-11,1.163763947e+01
9.870019130e-05,-2.312933260e-05,-3.241217496e-04,7.380128518e-04,4.172987605e-03,7.548935865e-03,7.202360977e-03,3.642220203e-03,7.659326342e-04,
1.189031089e-05,-3.834229259e-05,1.674873261e-06,-5.722574816e-04,-2.175318623e-03,-4.953187679e-03,-6.024246068e-03,-3.503332820e-03,-7.849927837e-04,
1.588168397e-01
l,8.0,5.0
3.390,4.270,5.170,
3.111794756e-11,1.199056157e+01
4.693878000e-04,-1.081701700e-04,-1.575160786e-03,3.547238157e-03,2.035906616e-02,3.745077601e-02,3.708758587e-02,2.011555838e-02,4.713881196e-03,
5.617485952e-05,-1.811977540e-04,1.651927725e-05,-2.627201084e-03,-9.907801254e-03,-2.245533045e-02,-2.706319437e-02,-1.546830844e-02,-3.376721363e-03,
1.588478411e-01
l,8.0,6.0
3.410,4.270,5.130,
1.320012237e-10,1.208971176e+01
2.416204894e-03,-5.181532941e-04,-8.115340852e-03,2.120551008e-02,1.160774367e-01,2.050844736e-01,1.863206546e-01,8.702908310e-02,1.629257984e-02,
3.221354302e-04,-1.038954881e-03,-1.131175563e-04,-1.735838540e-02,-6.957324445e-02,-1.653419639e-01,-2.128682661e-01,-1.335721788e-01,-3.286842237e-02,
1.588788555e-01
l,8.0,7.0
3.430,4.230,5.050,
4.446115322e-10,1.246810639e+01
1.419632975e-02,-1.084988256e-03,-5.132833137e-02,1.669324219e-01,1.048338258e+00,2.264545597e+00,2.651986354e+00,1.688776810e+00,4.587254983e-01,
2.106266673e-03,-6.802695547e-03,-2.454442325e-03,-1.467132321e-01,-6.673735707e-01,-1.728727245e+00,-2.417940973e+00,-1.671069062e+00,-4.569536698e-01,
1.589890914e-01
l,8.0,8.0
3.470,4.170,4.870,
7.360990463e-10,1.358064077e+01
1.072650030e-01,-7.523416440e-03,-4.765245810e-01,2.354498978e+00,1.554805702e+01,3.696228338e+01,4.702807862e+01,3.211836467e+01,9.298346212e+00,
1.936876880e-02,-6.389611936e-02,-3.844512914e-02,-1.703436535e+00,-8.643828217e+00,-2.518662451e+01,-4.023058282e+01,-3.211499709e+01,-1.026444382e+01,
1.590823007e-01
l,9.0,-9.0
2.730,3.570,4.410,
5.143704067e-19,1.244727022e+01
7.549784907e-13,-5.073829785e-13,-1.928264348e-12,1.234475250e-11,5.669653103e-11,1.308755906e-10,1.863039323e-10,1.431669596e-10,4.413282508e-11,
9.486139154e-14,-3.028008466e-13,-1.904683924e-14,-4.938579698e-12,-1.995420603e-11,-4.804703417e-11,-6.284552285e-11,-4.111053228e-11,-1.097702801e-11,
1.587545359e-01
l,9.0,-8.0
2.830,3.670,4.530,
6.519061417e-20,1.495932476e+01
2.524618969e-12,-1.008203095e-12,-8.265010704e-12,2.491327094e-11,1.340462704e-10,3.220775976e-10,5.041613449e-10,4.396502587e-10,1.540480832e-10,
3.257730228e-13,-1.041835635e-12,-1.122973008e-13,-1.695971002e-11,-6.601753511e-11,-1.515407704e-10,-1.868068156e-10,-1.113659142e-10,-2.589927851e-11,
1.587857866e-01
l,9.0,-7.0
2.950,3.810,4.670,
2.094778539e-21,1.881212552e+01
8.368988662e-12,-3.838097312e-12,-2.392920566e-11,1.021031865e-10,3.188302236e-10,-2.179245938e-11,-1.097548981e-09,-1.494602837e-09,-6.290421136e-10,
1.048792348e-12,-3.361022097e-12,-2.379356001e-13,-5.638876568e-11,-2.344089917e-10,-5.809023293e-10,-7.831200038e-10,-5.273470272e-10,-1.435851329e-10,
1.588478602e-01
l,9.0,-6.0
3.070,3.910,4.790,
1.455305933e-17,1.131363778e+01
2.857990927e-11,-7.104374544e-12,-6.518974403e-11,7.745053938e-10,4.671100947e-09,1.256737251e-08,1.835792995e-08,1.382599199e-08,4.180544603e-09,
3.595748357e-12,-1.154243758e-11,-6.717704956e-13,-1.884463518e-10,-7.584611935e-10,-1.816050742e-09,-2.353793722e-09,-1.502361491e-09,-3.822859103e-10,
1.588478432e-01
l,9.0,-5.0
3.170,4.030,4.910,
1.678287249e-22,2.192568655e+01
9.836181869e-11,-2.814082792e-11,-3.978024385e-10,-4.763996403e-10,-5.338988353e-09,-2.654046543e-08,-5.387059479e-08,-4.982350492e-08,-1.744781757e-08,
1.232016302e-11,-3.961087660e-11,6.518958651e-15,-6.126860678e-10,-2.383109948e-09,-5.532834832e-09,-6.897189385e-09,-4.147689765e-09,-9.705396274e-10,
1.588478397e-01
l,9.0,-4.0
3.270,4.130,5.010,
1.724254150e-19,1.655228236e+01
3.469509957e-10,-6.066396942e-11,-1.105062024e-09,3.588531205e-09,1.899557079e-08,3.117196705e-08,1.901633446e-08,-2.640249772e-09,-5.284495333e-09,
4.499336336e-11,-1.448422401e-10,-1.715404839e-11,-2.427149631e-09,-9.715791184e-09,-2.302023193e-08,-2.952355746e-08,-1.850325278e-08,-4.558008769e-09,
1.588478466e-01
l,9.0,-3.0
3.370,4.250,5.130,
5.172033971e-21,2.004817401e+01
1.240018976e-09,-3.793422745e-10,-4.359236330e-09,5.824545895e-09,2.383868474e-08,-3.584308452e-09,-7.631470518e-08,-9.410416428e-08,-3.680892619e-08,
1.539959025e-10,-4.964612665e-10,2.379312200e-11,-7.406033667e-09,-2.829448036e-08,-6.476867800e-08,-7.925616714e-08,-4.623505756e-08,-1.033542221e-08,
1.588478000e-01
l,9.0,-2.0
3.430,4.330,5.230,
5.930120960e-17,1.318712320e+01
4.575965828e-09,-6.770374956e-10,-1.518273797e-08,3.880251805e-08,2.491074849e-07,5.279789304e-07,5.848352474e-07,3.302023003e-07,7.325809066e-08,
5.619142184e-10,-1.813627262e-09,1.135665408e-10,-2.674471434e-08,-1.013655780e-07,-2.304730693e-07,-2.799683667e-07,-1.617443861e-07,-3.570157022e-08,
1.588478417e-01
l,9.0,-1.0
3.530,4.410,5.310,
2.642459639e-19,1.823505919e+01
1.722063026e-08,-1.376626744e-09,-6.061797029e-08,6.839975295e-08,4.671965445e-07,6.174457367e-07,1.541152676e-07,-2.800880473e-07,-1.742576369e-07,
2.186424558e-09,-7.063174777e-09,-3.273841645e-10,-1.115623922e-07,-4.307629498e-07,-9.866213716e-07,-1.210370754e-06,-7.081129851e-07,-1.575045373e-07,
1.588478418e-01
l,9.0,0.0
3.590,4.490,5.410,
4.383030682e-16,1.323494340e+01
6.639621120e-08,-3.686925331e-09,-2.283556155e-07,3.917916297e-07,2.969526159e-06,6.390119445e-06,7.130118815e-06,4.093904835e-06,9.395990294e-07,
7.972850619e-09,-2.578379347e-08,2.674595137e-09,-3.682568481e-07,-1.370643142e-06,-3.065985506e-06,-3.634732171e-06,-2.014761568e-06,-4.152689407e-07,
1.588478289e-01
l,9.0,1.0
3.690,4.570,5.470,
4.865069049e-17,1.574701353e+01
2.625343996e-07,-2.804289867e-08,-8.916105101e-07,1.340138502e-06,8.860979892e-06,1.510827524e-05,1.215037555e-05,4.159410571e-06,2.063887661e-07,
3.308037678e-08,-1.070473309e-07,-7.042845021e-09,-1.713665026e-06,-6.631285845e-06,-1.522201850e-05,-1.875555823e-05,-1.107399645e-05,-2.502616341e-06,
1.588477854e-01
l,9.0,2.0
3.750,4.650,5.550,
6.769088987e-15,1.289724439e+01
1.066498953e-06,-2.304987348e-07,-3.469274958e-06,7.928485743e-06,4.789805777e-05,9.432998407e-05,9.930875651e-05,5.535695415e-05,1.269020942e-05,
1.286314865e-07,-4.165875181e-07,1.747879404e-08,-6.255332940e-06,-2.379641158e-05,-5.424864099e-05,-6.609907522e-05,-3.845379886e-05,-8.586915109e-06,
1.588478460e-01
l,9.0,3.0
3.790,4.690,5.610,
1.815053782e-14,1.307578273e+01
4.495771009e-06,-4.782871043e-07,-1.543966399e-05,2.125879157e-05,1.604459111e-04,3.287123407e-04,3.697912107e-04,2.317516027e-04,6.249634842e-05,
5.335611295e-07,-1.729026683e-06,1.278047360e-07,-2.517748644e-05,-9.360170734e-05,-2.085664943e-04,-2.462562939e-04,-1.360939778e-04,-2.796004216e-05,
1.588478294e-01
l,9.0,4.0
3.810,4.730,5.650,
2.915193476e-14,1.374211608e+01
1.961294947e-05,-1.437862190e-06,-6.899831510e-05,5.879558943e-05,4.764846297e-04,6.660182596e-04,2.534503463e-04,-1.595627824e-04,-1.150198450e-04,
2.360739170e-06,-7.653067499e-06,2.732293292e-07,-1.143323229e-04,-4.292309099e-04,-9.624402952e-04,-1.146946174e-03,-6.431888844e-04,-1.348778912e-04,
1.588168397e-01
l,9.0,5.0
3.850,4.770,5.690,
2.490092415e-13,1.316872636e+01
8.917465311e-05,-1.186587124e-05,-3.018893550e-04,5.114610054e-04,3.531125733e-03,7.047868810e-03,7.490585201e-03,4.284904406e-03,1.033228799e-03,
1.044870717e-05,-3.388604136e-05,3.093834586e-06,-4.904165368e-04,-1.826167813e-03,-4.084325351e-03,-4.836889596e-03,-2.686392710e-03,-5.578940598e-04,
1.588478411e-01
l,9.0,6.0
3.890,4.790,5.690,
2.097364958e-12,1.268241623e+01
4.281951988e-04,-6.415625846e-05,-1.452819135e-03,2.502245452e-03,1.634521684e-02,3.080062308e-02,3.086414070e-02,1.691745113e-02,4.021379844e-03,
5.263207265e-05,-1.706986645e-04,2.714423262e-06,-2.606833892e-03,-9.958796552e-03,-2.272773276e-02,-2.772569329e-02,-1.609830638e-02,-3.559803396e-03,
1.588167935e-01
l,9.0,7.0
3.910,4.790,5.670,
3.405385499e-12,1.349545074e+01
2.214072971e-03,-3.438439827e-04,-7.723026056e-03,1.421790519e-02,9.020439044e-02,1.642174034e-01,1.526497200e-01,7.337869171e-02,1.432505282e-02,
2.830512371e-04,-9.180765694e-04,1.466373774e-05,-1.416723084e-02,-5.499371331e-02,-1.275889560e-01,-1.587823147e-01,-9.432216127e-02,-2.142205803e-02,
1.588478303e-01
l,9.0,8.0
3.930,4.750,5.590,
1.793243732e-11,1.351855504e+01
1.290258020e-02,-2.849117542e-04,-4.912917096e-02,9.743790614e-02,7.221963225e-01,1.552112565e+00,1.763678369e+00,1.079536754e+00,2.808991336e-01,
1.852663695e-03,-6.015653212e-03,6.706626580e-05,-9.536445074e-02,-3.842584631e-01,-9.238924959e-01,-1.199340499e+00,-7.409187857e-01,-1.733006858e-01,
1.589580602e-01
l,9.0,9.0
3.950,4.690,5.430,
6.484349111e-12,1.561925038e+01
9.385158122e-02,3.094620986e-03,-4.228130240e-01,1.316942458e+00,9.608138803e+00,2.184227205e+01,2.530882873e+01,1.502505146e+01,3.588214956e+00,
1.593266588e-02,-5.254115458e-02,-2.237542353e-02,-1.253031411e+00,-6.064739063e+00,-1.686228106e+01,-2.546940379e+01,-1.894337190e+01,-5.551986621e+00,
1.590512369e-01
