l,1.0,-1.0
0.290,1.030,1.790,
2.177893881e-02,3.052754192e+00
2.314664889e-03,-3.000291583e-03,3.523580720e-03,5.225573796e-02,2.075511664e-01,5.830013487e-01,8.224885425e-01,5.173398347e-01,1.128212486e-01,
5.383930107e-04,-1.215454425e-03,-1.819674685e-03,-3.630210056e-02,-1.881450574e-01,-5.319225242e-01,-8.329248627e-01,-6.798584498e-01,-2.263651808e-01,
1.589099772e-01
l,1.0,0.0
0.330,0.850,1.410,
9.494882104e-02,3.411638727e+00
1.132545993e-02,-8.175921482e-03,4.684696486e-02,1.265848677e+00,8.642042758e+00,3.558430812e+01,8.183551226e+01,9.552716009e+01,4.435347497e+01,
4.345828951e-03,-9.370117684e-03,-3.280162355e-02,-6.361680665e-01,-4.433723520e+00,-1.673061178e+01,-3.525840110e+01,-3.893020669e+01,-1.758050301e+01,
1.591444158e-01
l,1.0,1.0
0.390,0.790,1.230,
6.235109089e-01,4.062817507e+00
5.890189111e-02,-6.149959781e-02,3.690504691e-01,1.195729508e+01,9.460604999e+01,5.028991666e+02,1.565385567e+03,2.483020078e+03,1.557077905e+03,
2.392249449e-02,-5.601248384e-02,-3.245398000e-01,-7.770149936e+00,-6.980660524e+01,-3.385572666e+02,-9.121502810e+02,-1.284485142e+03,-7.388086915e+02,
1.591435729e-01
l,2.0,-2.0
0.650,1.510,2.390,
2.140839269e-04,3.987373764e+00
2.234612039e-04,-2.603498717e-04,5.231407805e-06,3.207170705e-03,9.908019261e-03,2.800587971e-02,4.874162061e-02,4.099079799e-02,1.311640709e-02,
3.843021619e-05,-9.195479151e-05,-6.793027718e-05,-1.714094459e-03,-7.373994768e-03,-1.784019888e-02,-2.395804917e-02,-1.677687433e-02,-4.822024565e-03,
1.588478794e-01
l,2.0,-1.0
0.710,1.530,2.370,
5.359310387e-04,4.103354139e+00
7.327795029e-04,-7.838450991e-04,-2.027538895e-05,1.347287776e-02,4.598981933e-02,1.251103247e-01,2.149066944e-01,1.851312756e-01,6.166854556e-02,
1.394253248e-04,-3.332262805e-04,-2.704474850e-04,-6.582347196e-03,-2.935688463e-02,-7.367088091e-02,-1.031359684e-01,-7.544702869e-02,-2.268646962e-02,
1.589271318e-01
l,2.0,0.0
0.750,1.550,2.350,
1.375517990e-03,4.170308903e+00
2.452553017e-03,-2.525280802e-03,-6.654354133e-05,5.179805629e-02,1.776220696e-01,4.742899734e-01,8.297455940e-01,7.416741448e-01,2.574543899e-01,
5.062060018e-04,-1.209414404e-03,-1.527646056e-03,-3.297022635e-02,-1.633614021e-01,-4.422940830e-01,-6.597899609e-01,-5.103050167e-01,-1.609389828e-01,
1.590201813e-01
l,2.0,1.0
0.810,1.510,2.230,
4.387181027e-03,4.862672493e+00
9.214100428e-03,-7.094539009e-03,-4.109847070e-03,2.605326326e-01,9.519765169e-01,2.369826321e+00,4.204386602e+00,4.116814781e+00,1.611391914e+00,
2.339163778e-03,-5.569555101e-03,-8.586396444e-03,-1.767111679e-01,-9.445599746e-01,-2.775712526e+00,-4.545637514e+00,-3.882228130e+00,-1.357218588e+00,
1.590822799e-01
l,2.0,2.0
0.870,1.470,2.110,
1.416902717e-02,5.377774445e+00
3.847090155e-02,-2.447802703e-02,-1.574159596e-02,1.975418140e+00,9.106532721e+00,2.536670695e+01,4.779170416e+01,5.099346588e+01,2.238185467e+01,
1.100053023e-02,-2.672082880e-02,-6.552430644e-02,-1.367276718e+00,-8.570707417e+00,-2.895497078e+01,-5.391885988e+01,-5.203470463e+01,-2.044730536e+01,
1.591444480e-01
l,3.0,-3.0
1.070,1.990,2.910,
2.402785787e-06,5.037030171e+00
2.028223935e-05,-2.061788356e-05,-1.396633012e-05,2.289137865e-04,4.821136315e-04,8.024900414e-04,1.254393416e-03,1.088500342e-03,3.591710377e-04,
3.138797426e-06,-7.744276970e-06,-4.830436555e-06,-1.357859943e-04,-5.605777980e-04,-1.305886822e-03,-1.678321588e-03,-1.118224771e-03,-3.056372875e-04,
1.588478904e-01
l,3.0,-2.0
1.130,2.030,2.950,
5.355989968e-06,5.125254488e+00
6.175287854e-05,-5.445312774e-05,-6.102179265e-05,7.232259386e-04,1.641761728e-03,2.381180379e-03,3.245803660e-03,2.767410154e-03,9.373834613e-04,
9.829300236e-06,-2.429778046e-05,-1.525167499e-05,-4.258984442e-04,-1.755416935e-03,-4.077950140e-03,-5.226576495e-03,-3.466093023e-03,-9.424517876e-04,
1.588789044e-01
l,3.0,-1.0
1.190,2.090,2.990,
1.229542066e-05,5.222114897e+00
1.859846961e-04,-1.623917957e-04,-1.868251277e-04,2.247734047e-03,5.091906095e-03,6.899464156e-03,8.824629223e-03,7.455838947e-03,2.550452358e-03,
3.077952738e-05,-7.622958093e-05,-4.996600701e-05,-1.372741741e-03,-5.752393598e-03,-1.359702220e-02,-1.777597731e-02,-1.203868234e-02,-3.344271499e-03,
1.589271318e-01
l,3.0,0.0
1.250,2.130,3.030,
2.881584349e-05,5.394448040e+00
5.795421894e-04,-4.713293097e-04,-7.237359675e-04,6.896428053e-03,1.584391830e-02,1.936395098e-02,2.281948708e-02,1.979445427e-02,7.150036375e-03,
9.636429555e-05,-2.391210681e-04,-1.288180866e-04,-4.044869214e-03,-1.685646687e-02,-3.976729785e-02,-5.185378246e-02,-3.496418489e-02,-9.675759132e-03,
1.589581186e-01
l,3.0,1.0
1.290,2.150,3.030,
6.735282614e-05,5.702920482e+00
1.880159951e-03,-1.306543852e-03,-2.787143750e-03,2.426881199e-02,6.100497626e-02,6.902137164e-02,6.225901785e-02,4.716168863e-02,1.705070632e-02,
3.333257235e-04,-8.275845175e-04,-4.903677953e-04,-1.456280570e-02,-6.177170562e-02,-1.481278768e-01,-1.968144729e-01,-1.351903767e-01,-3.809703434e-02,
1.590202112e-01
l,3.0,2.0
1.350,2.170,2.990,
1.739681854e-04,5.821674058e+00
6.350236014e-03,-4.146028174e-03,-8.181370582e-03,1.209900686e-01,4.016094833e-01,7.137226965e-01,8.879083281e-01,6.774423311e-01,2.222693497e-01,
1.274806830e-03,-3.166601677e-03,-3.374941622e-03,-7.974587340e-02,-3.846707599e-01,-1.015960569e+00,-1.473364754e+00,-1.100437101e+00,-3.344706036e-01,
1.590512721e-01
l,3.0,3.0
1.410,2.150,2.910,
4.383947489e-04,6.218485360e+00
2.363857999e-02,-1.099031480e-02,-4.004248685e-02,5.770521702e-01,2.228649417e+00,4.225669585e+00,5.271936556e+00,4.073554298e+00,1.405599447e+00,
5.419470742e-03,-1.354952548e-02,-1.653107840e-02,-3.785061573e-01,-1.923083758e+00,-5.381527340e+00,-8.335385983e+00,-6.671939024e+00,-2.178663185e+00,
1.591133339e-01
l,4.0,-4.0
1.510,2.470,3.430,
2.041436444e-08,6.312219475e+00
1.749496050e-06,-1.493689208e-06,-2.147237321e-06,1.741550071e-05,3.671816169e-05,3.814441913e-05,3.827520277e-05,3.083891532e-05,1.054614740e-05,
2.481978280e-07,-6.252983860e-07,-2.755420364e-07,-9.835607358e-06,-3.883860467e-05,-8.696950040e-05,-1.066310817e-04,-6.724779778e-05,-1.738168135e-05,
1.588478737e-01
l,4.0,-3.0
1.570,2.530,3.490,
4.067762177e-08,6.517601793e+00
5.086228157e-06,-3.858861357e-06,-7.046703201e-06,5.209088101e-05,1.240659073e-04,1.365840408e-04,1.166217552e-04,7.714891914e-05,2.389596841e-05,
7.373164401e-07,-1.861259117e-06,-8.279003001e-07,-2.930218995e-05,-1.155922823e-04,-2.583448780e-04,-3.161174860e-04,-1.985367862e-04,-5.103428593e-05,
1.588478904e-01
l,4.0,-2.0
1.650,2.590,3.550,
1.006283294e-07,6.311512179e+00
1.486238034e-05,-1.014744964e-05,-2.202797245e-05,1.571059746e-04,4.104712462e-04,4.851460027e-04,4.013646512e-04,2.412463748e-04,7.063217634e-05,
2.190543140e-06,-5.540364337e-06,-2.718978279e-06,-8.964687886e-05,-3.542375099e-04,-7.910767123e-04,-9.671586470e-04,-6.060093007e-04,-1.551728292e-04,
1.589099536e-01
l,4.0,-1.0
1.710,2.650,3.610,
2.124379089e-07,6.477282637e+00
4.379701932e-05,-2.786834266e-05,-6.930645324e-05,4.638609147e-04,1.285550387e-03,1.598190593e-03,1.344193107e-03,7.884076715e-04,2.240200668e-04,
6.503665106e-06,-1.647978165e-05,-7.443712755e-06,-2.608567451e-04,-1.028140420e-03,-2.293131094e-03,-2.798474494e-03,-1.747080529e-03,-4.453584769e-04,
1.589099772e-01
l,4.0,0.0
1.770,2.710,3.650,
4.499565595e-07,6.680937617e+00
1.306069025e-04,-8.083860303e-05,-2.033231575e-04,1.466720455e-03,4.209434139e-03,5.476450430e-03,4.709059790e-03,2.710516271e-03,7.438951971e-04,
2.031140333e-05,-5.153052822e-05,-2.750639537e-05,-8.627821834e-04,-3.466043156e-03,-7.864826578e-03,-9.797201799e-03,-6.254663222e-03,-1.629980361e-03,
1.589270781e-01
l,4.0,1.0
1.830,2.750,3.690,
9.880761246e-07,6.867281355e+00
4.007696116e-04,-2.131199905e-04,-6.858194966e-04,4.570823987e-03,1.435679972e-02,2.019559231e-02,1.819109733e-02,1.048869245e-02,2.828835173e-03,
6.343504941e-05,-1.611377112e-04,-8.306303406e-05,-2.670019567e-03,-1.070735132e-02,-2.424978232e-02,-3.013395064e-02,-1.914488007e-02,-4.957928389e-03,
1.589580939e-01
l,4.0,2.0
1.870,2.790,3.710,
2.170179572e-06,7.094328201e+00
1.256395015e-03,-6.182273503e-04,-2.270693695e-03,1.463606661e-02,4.657304289e-02,6.262243110e-02,5.037512198e-02,2.532976329e-02,6.179376020e-03,
2.084599444e-04,-5.299782061e-04,-2.814675174e-04,-8.943685318e-03,-3.642770087e-02,-8.384607288e-02,-1.061757183e-01,-6.878541546e-02,-1.816404884e-02,
1.589891427e-01
l,4.0,3.0
1.930,2.810,3.690,
5.201832889e-06,7.245719634e+00
4.108827095e-03,-1.590291858e-03,-7.674938035e-03,5.602865137e-02,2.018118104e-01,3.177606965e-01,3.015099965e-01,1.719519675e-01,4.488988015e-02,
7.588439122e-04,-1.930143095e-03,-1.308485025e-03,-3.588819366e-02,-1.519257431e-01,-3.624830806e-01,-4.788740181e-01,-3.245693030e-01,-8.961676132e-02,
1.590201944e-01
l,4.0,4.0
1.990,2.830,3.670,
1.027629418e-05,7.750439929e+00
1.412882004e-02,-5.354358048e-03,-3.014621001e-02,2.061234836e-01,7.554586232e-01,1.139206519e+00,9.862997136e-01,5.090311248e-01,1.249698284e-01,
2.769751465e-03,-7.067725161e-03,-4.055478461e-03,-1.279529788e-01,-5.571701071e-01,-1.377023231e+00,-1.891432214e+00,-1.333967746e+00,-3.841746361e-01,
1.590823501e-01
l,5.0,-5.0
2.010,2.950,3.930,
1.287412638e-10,7.575013817e+00
1.450890039e-07,-9.748554521e-08,-2.322260072e-07,1.406734582e-06,4.048426311e-06,5.943652674e-06,6.595648274e-06,4.768034007e-06,1.485418770e-06,
2.018122939e-08,-5.159222030e-08,-9.417260877e-09,-6.403811962e-07,-2.315042077e-06,-4.921853872e-06,-5.769555839e-06,-3.463418204e-06,-8.565717736e-07,
1.588478390e-01
l,5.0,-4.0
2.050,3.030,4.010,
6.494831405e-11,9.627151852e+00
4.085771934e-07,-2.674295152e-07,-7.127194972e-07,2.992671796e-06,4.969606023e-06,-4.178018142e-06,-1.580086670e-05,-1.409620223e-05,-4.354843523e-06,
5.685622873e-08,-1.456385033e-07,-2.323749755e-08,-1.768736836e-06,-6.311759785e-06,-1.327600140e-05,-1.538641265e-05,-9.109835703e-06,-2.222288137e-06,
1.589099479e-01
l,5.0,-3.0
2.110,3.090,4.070,
1.384383973e-10,9.573778218e+00
1.171527970e-06,-6.385065491e-07,-2.140347853e-06,9.879828608e-06,2.638529143e-05,2.158160129e-05,1.260509160e-08,-9.700956018e-06,-4.147364266e-06,
1.684486563e-07,-4.321043563e-07,-9.066270876e-08,-5.412165721e-06,-1.937065411e-05,-4.063299749e-05,-4.695421169e-05,-2.759529896e-05,-6.642845781e-06,
1.588789154e-01
l,5.0,-2.0
2.190,3.170,4.150,
3.402541937e-09,6.438125060e+00
3.338635906e-06,-1.874156656e-06,-6.005275124e-06,2.858916299e-05,8.089099653e-05,9.152282006e-05,6.449575124e-05,3.361999006e-05,9.639179883e-06,
4.741495546e-07,-1.218534418e-06,-1.992613181e-07,-1.493752930e-05,-5.367303503e-05,-1.134856784e-04,-1.321689067e-04,-7.834525478e-05,-1.904861037e-05,
1.589099536e-01
l,5.0,-1.0
2.250,3.230,4.210,
3.705220958e-09,7.401976458e+00
9.701486306e-06,-4.763185200e-06,-1.837927611e-05,7.771351237e-05,2.175340077e-04,1.978213961e-04,5.185331227e-05,-2.320918978e-05,-1.174242510e-05,
1.404497919e-06,-3.614299693e-06,-7.166576269e-07,-4.525778851e-05,-1.626818543e-04,-3.430213323e-04,-3.984432356e-04,-2.349843621e-04,-5.665806829e-05,
1.589271318e-01
l,5.0,0.0
2.310,3.290,4.270,
3.658904484e-09,8.448310836e+00
2.844899973e-05,-1.276404488e-05,-5.617816983e-05,2.198423173e-04,6.295247704e-04,5.272212756e-04,1.685783206e-06,-2.272160716e-04,-9.239400599e-05,
4.159036123e-06,-1.071668769e-05,-2.013417879e-06,-1.330579204e-04,-4.765985826e-04,-1.001351440e-03,-1.158130565e-03,-6.779478734e-04,-1.618282727e-04,
1.589270781e-01
l,5.0,1.0
2.370,3.350,4.330,
5.045604365e-09,9.075678518e+00
8.440602687e-05,-3.692110735e-05,-1.718582486e-04,6.537295116e-04,1.963759343e-03,1.821232211e-03,2.969121456e-04,-5.241441758e-04,-2.475951485e-04,
1.231351702e-05,-3.176889977e-05,-4.206732720e-06,-3.799929403e-04,-1.351983296e-03,-2.831095980e-03,-3.257639349e-03,-1.890265560e-03,-4.465875464e-04,
1.589271080e-01
l,5.0,2.0
2.430,3.390,4.370,
2.754992495e-08,8.153301467e+00
2.563550079e-04,-8.717789279e-05,-5.254308608e-04,2.319741479e-03,8.555049637e-03,1.255695783e-02,1.044754516e-02,4.981872838e-03,1.071605898e-03,
3.838232125e-05,-9.911163891e-05,-1.415284383e-05,-1.193608776e-03,-4.255166916e-03,-8.908164066e-03,-1.024507231e-02,-5.916721709e-03,-1.383888973e-03,
1.589271103e-01
l,5.0,3.0
2.490,3.430,4.390,
6.795627179e-08,8.191333617e+00
7.929885178e-04,-2.188455136e-04,-1.601574669e-03,8.113859416e-03,3.226788308e-02,5.330432668e-02,5.105611514e-02,2.795206551e-02,6.736929617e-03,
1.260354286e-04,-3.256271287e-04,-1.689396292e-04,-5.402482077e-03,-2.127403715e-02,-4.719092519e-02,-5.718779679e-02,-3.505576864e-02,-8.673900953e-03,
1.589891237e-01
l,5.0,4.0
2.550,3.470,4.410,
1.348149376e-07,8.502836840e+00
2.517461078e-03,-6.766642857e-04,-5.334565916e-03,2.642835476e-02,1.069929217e-01,1.777377726e-01,1.706736663e-01,9.389777067e-02,2.284982485e-02,
4.138890805e-04,-1.070234501e-03,-4.963715452e-04,-1.740285129e-02,-6.933401057e-02,-1.561759303e-01,-1.925788020e-01,-1.201171424e-01,-3.025588968e-02,
1.590202267e-01
l,5.0,5.0
2.590,3.490,4.390,
2.862451663e-07,8.772977762e+00
8.349894546e-03,-1.615169783e-03,-1.863079198e-02,9.657976221e-02,4.135435776e-01,7.120301474e-01,6.923536134e-01,3.781887471e-01,9.051954350e-02,
1.508900579e-03,-3.906819218e-03,-2.138158718e-03,-6.783832177e-02,-2.799753991e-01,-6.529595472e-01,-8.389908237e-01,-5.469396743e-01,-1.440226381e-01,
1.590512478e-01
l,6.0,-6.0
2.470,3.430,4.430,
1.169445403e-12,8.171966166e+00
1.165575991e-08,-5.522983338e-09,-1.941640993e-08,1.250395970e-07,4.435835387e-07,7.538417200e-07,8.252483333e-07,5.372097722e-07,1.512043790e-07,
1.614713436e-09,-4.174300746e-09,-8.629170923e-10,-5.230378747e-08,-1.849150984e-07,-3.830043956e-07,-4.352709417e-07,-2.504329685e-07,-5.882544738e-08,
1.588789022e-01
l,6.0,-5.0
2.510,3.510,4.510,
2.877295031e-14,1.306254473e+01
3.248284131e-08,-1.453763249e-08,-6.905998948e-08,1.892243996e-07,4.594780354e-07,-1.821844368e-08,-8.806373158e-07,-9.307244263e-07,-3.117362353e-07,
4.537082875e-09,-1.174727537e-08,-2.198226704e-09,-1.446617462e-07,-5.082405270e-07,-1.047853551e-06,-1.184631796e-06,-6.753431012e-07,-1.565893698e-07,
1.588788640e-01
l,6.0,-4.0
2.630,3.590,4.590,
4.143945350e-12,8.493344670e+00
9.089905717e-08,-3.817536646e-08,-1.628819519e-07,8.864879021e-07,3.220817336e-06,5.319298953e-06,5.527652344e-06,3.428336564e-06,9.331705475e-07,
1.274696801e-08,-3.305331918e-08,-6.551489172e-09,-4.123588388e-07,-1.455287987e-06,-3.008966537e-06,-3.411530863e-06,-1.950496693e-06,-4.533529689e-07,
1.589099479e-01
l,6.0,-3.0
2.690,3.650,4.670,
1.092962048e-11,8.327141290e+00
2.578674980e-07,-7.983273424e-08,-5.199584591e-07,2.256848428e-06,9.184475673e-06,1.593767270e-05,1.663875667e-05,1.005025539e-05,2.641132099e-06,
3.579482354e-08,-9.295078315e-08,-1.300541170e-08,-1.095702686e-06,-3.752052303e-06,-7.539275141e-06,-8.253174897e-06,-4.493064188e-06,-9.826274340e-07,
1.589099646e-01
l,6.0,-2.0
2.730,3.730,4.750,
4.420766434e-13,1.234431062e+01
7.304034852e-07,-2.334475282e-07,-1.611366512e-06,4.131613781e-06,1.325442393e-05,9.923006455e-06,-4.357623620e-06,-9.656046690e-06,-3.743651867e-06,
1.004861108e-07,-2.613013441e-07,-2.832456008e-08,-3.045941061e-06,-1.050488534e-05,-2.131812672e-05,-2.357295186e-05,-1.298606234e-05,-2.881006311e-06,
1.589099536e-01
l,6.0,-1.0
2.830,3.810,4.810,
9.685012810e-11,7.847659223e+00
2.083671916e-06,-7.321860092e-07,-4.094848643e-06,1.811506882e-05,6.988988788e-05,1.142147202e-04,1.121141546e-04,6.446891190e-05,1.639680689e-05,
2.970857976e-07,-7.733142042e-07,-1.375977748e-07,-9.513599677e-06,-3.341055961e-05,-6.876153870e-05,-7.748778617e-05,-4.373808643e-05,-9.964009344e-06,
1.589099772e-01
l,6.0,0.0
2.870,3.870,4.890,
2.496970505e-10,7.784380588e+00
6.038615993e-06,-1.789118056e-06,-1.305245288e-05,4.391926062e-05,1.764415190e-04,2.732358095e-04,2.421167334e-04,1.234048629e-04,2.814207211e-05,
8.336846027e-07,-2.172917818e-06,-1.600737437e-07,-2.460612033e-05,-8.379778241e-05,-1.682585631e-04,-1.835780904e-04,-9.900367890e-05,-2.134418215e-05,
1.589270781e-01
l,6.0,1.0
2.930,3.930,4.950,
9.608939041e-11,9.504920729e+00
1.766191053e-05,-4.554965521e-06,-3.970669715e-05,1.136173404e-04,4.585626564e-04,6.496412099e-04,4.807170195e-04,1.840247973e-04,2.812506469e-05,
2.463901304e-06,-6.428040781e-06,-4.924160765e-07,-7.306329296e-05,-2.493447506e-04,-5.013192980e-04,-5.476876200e-04,-2.952186578e-04,-6.342124322e-05,
1.589271080e-01
l,6.0,2.0
2.990,3.990,4.990,
6.959740239e-11,1.060443552e+01
5.223970948e-05,-1.253734166e-05,-1.160434679e-04,3.401582708e-04,1.351744546e-03,1.844607154e-03,1.243096164e-03,3.789999525e-04,2.789687998e-05,
7.671156556e-06,-2.002574650e-05,-3.699893915e-06,-2.475488877e-04,-8.697645217e-04,-1.788280268e-03,-2.012705323e-03,-1.127913823e-03,-2.530304308e-04,
1.589271103e-01
l,6.0,3.0
3.050,4.050,5.050,
1.230789085e-10,1.088884684e+01
1.565965940e-04,-4.048817420e-05,-3.534638428e-04,1.004937207e-03,3.933150374e-03,5.185974002e-03,3.292041426e-03,8.821898359e-04,2.739037880e-05,
2.267086943e-05,-5.923803601e-05,-6.521260616e-06,-6.984968626e-04,-2.436384913e-03,-5.000082928e-03,-5.604290148e-03,-3.116765787e-03,-6.934615668e-04,
1.589581317e-01
l,6.0,4.0
3.110,4.090,5.070,
9.419943572e-10,9.900292309e+00
4.798996961e-04,-9.013118148e-05,-1.068676169e-03,3.606980329e-03,1.572562678e-02,2.572703073e-02,2.342491865e-02,1.185139984e-02,2.600364270e-03,
7.436472599e-05,-1.943834006e-04,-4.465028434e-05,-2.501737858e-03,-8.975911273e-03,-1.878814426e-02,-2.161539787e-02,-1.240576643e-02,-2.847468539e-03,
1.589581095e-01
l,6.0,5.0
3.170,4.130,5.110,
2.600616737e-09,9.857536343e+00
1.501634950e-03,-2.428708869e-04,-3.492521541e-03,1.140534579e-02,5.205689831e-02,8.814529912e-02,8.315163707e-02,4.366825970e-02,9.959201663e-03,
2.316181266e-04,-6.059142203e-04,-8.054112697e-05,-7.329050346e-03,-2.601065861e-02,-5.415926701e-02,-6.174735566e-02,-3.482772895e-02,-7.810837421e-03,
1.590201892e-01
l,6.0,6.0
3.210,4.150,5.110,
7.443273842e-09,9.812727886e+00
4.853458144e-03,-2.458486168e-04,-1.157049450e-02,3.986433711e-02,1.976088147e-01,3.603281482e-01,3.624319561e-01,2.002344194e-01,4.745132756e-02,
8.010253011e-04,-2.097064103e-03,-8.476658791e-04,-3.289812655e-02,-1.285971029e-01,-2.842465790e-01,-3.423706526e-01,-2.060391014e-01,-4.943702905e-02,
1.590201696e-01
l,7.0,-7.0
2.910,3.930,4.950,
9.214156638e-20,1.974402876e+01
9.056765893e-10,-3.464659624e-10,-1.981040863e-09,2.486975113e-09,-4.521310860e-09,-5.078611222e-08,-9.859470541e-08,-7.944197672e-08,-2.374756045e-08,
1.210412428e-10,-3.157818935e-10,-3.631050166e-11,-3.739775792e-09,-1.300843666e-08,-2.668804644e-08,-2.989516441e-08,-1.681192281e-08,-3.839151867e-09,
1.588789329e-01
l,7.0,-6.0
3.050,4.010,5.030,
1.764075896e-15,1.110490019e+01
2.504862096e-09,-9.085595742e-10,-4.877411146e-09,2.777049215e-08,1.301040554e-07,2.800084126e-07,3.507203650e-07,2.363724855e-07,6.516453565e-08,
3.394725105e-10,-8.867332737e-10,-9.086586842e-11,-1.021134329e-08,-3.458508497e-08,-6.896751556e-08,-7.468858305e-08,-4.002869623e-08,-8.585700651e-09,
1.588789022e-01
l,7.0,-5.0
3.070,4.090,5.110,
2.442980351e-18,1.770635149e+01
6.951578868e-09,-2.130129720e-09,-1.544818793e-08,2.295744373e-08,1.566941614e-08,-2.308518993e-07,-5.236986100e-07,-4.429405315e-07,-1.353022249e-07,
9.520316013e-10,-2.489756835e-09,-3.803371517e-10,-3.019666592e-08,-1.050637450e-07,-2.147445649e-07,-2.396423899e-07,-1.336834307e-07,-3.008059198e-08,
1.589099132e-01
l,7.0,-4.0
3.210,4.170,5.190,
8.548091735e-15,1.104329369e+01
1.938485994e-08,-5.925106274e-09,-3.892766806e-08,1.923015681e-07,9.033886405e-07,1.881857895e-06,2.279773850e-06,1.498447646e-06,4.060368538e-07,
2.668744483e-09,-6.987361444e-09,-9.186873565e-10,-8.243894805e-08,-2.810472431e-07,-5.627454295e-07,-6.126372704e-07,-3.298319010e-07,-7.082776911e-08,
1.589099479e-01
l,7.0,-3.0
3.270,4.230,5.270,
3.257066115e-14,1.057549786e+01
5.463126129e-08,-1.006386864e-08,-1.204470823e-07,4.134796864e-07,2.078982508e-06,4.247018024e-06,5.026776418e-06,3.264984475e-06,8.835412628e-07,
7.478619582e-09,-1.960254927e-08,-2.020313053e-09,-2.261883217e-07,-7.642904458e-07,-1.516320045e-06,-1.629011631e-06,-8.582388798e-07,-1.785571731e-07,
1.588960848e-01
l,7.0,-2.0
3.290,4.310,5.350,
5.718290021e-17,1.660958697e+01
1.540224019e-07,-2.861440630e-08,-3.569799531e-07,6.096030993e-07,2.028180581e-06,3.539392020e-07,-3.543798280e-06,-4.084632716e-06,-1.406791742e-06,
2.095615478e-08,-5.498859113e-08,-4.245903816e-09,-6.230029040e-07,-2.095318842e-06,-4.151445280e-06,-4.454844310e-06,-2.343542440e-06,-4.874485974e-07,
1.589099536e-01
l,7.0,-1.0
3.410,4.390,5.410,
5.307197488e-13,9.636857981e+00
4.372571993e-07,-9.360857568e-08,-9.362236181e-07,3.329324930e-06,1.577892354e-05,3.051212449e-05,3.437546884e-05,2.151316641e-05,5.674207836e-06,
6.186989471e-08,-1.624738085e-07,-2.841339933e-08,-1.988001690e-06,-6.866811324e-06,-1.388133454e-05,-1.529526638e-05,-8.339530479e-06,-1.807914944e-06,
1.589099772e-01
l,7.0,0.0
3.450,4.450,5.490,
4.245444715e-12,8.666978337e+00
1.255774009e-06,-1.800470129e-07,-2.918061922e-06,6.538017801e-06,3.170150464e-05,5.309047111e-05,5.039395457e-05,2.738468848e-05,6.594579960e-06,
1.733046926e-07,-4.555746895e-07,-4.510787241e-08,-5.259870120e-06,-1.778811001e-05,-3.535245195e-05,-3.806535579e-05,-2.006061451e-05,-4.161171287e-06,
1.589270781e-01
l,7.0,1.0
3.490,4.510,5.550,
9.852675912e-13,1.055238823e+01
3.633725100e-06,-3.201782577e-07,-8.698805627e-06,1.383952984e-05,6.605835887e-05,8.260764847e-05,4.011397598e-05,4.613922491e-07,-3.959908810e-06,
5.115108792e-07,-1.345641975e-06,-1.803858341e-07,-1.591061845e-05,-5.406642719e-05,-1.076708666e-04,-1.163706630e-04,-6.157673143e-05,-1.279598897e-05,
1.589271080e-01
l,7.0,2.0
3.570,4.590,5.610,
2.720233194e-12,1.043156192e+01
1.058136968e-05,-1.820693819e-06,-2.337160400e-05,6.939003991e-05,3.221585593e-04,5.565233588e-04,5.393630732e-04,2.894738069e-04,6.651653859e-05,
1.509556783e-06,-3.974135169e-06,-5.869443598e-07,-4.776523434e-05,-1.642094840e-04,-3.309353279e-04,-3.632096002e-04,-1.962871637e-04,-4.193451048e-05,
1.589271103e-01
l,7.0,3.0
3.650,4.650,5.670,
1.046820177e-11,1.008854345e+01
3.124073919e-05,-5.062976496e-06,-7.020475874e-05,2.040044899e-04,9.863095084e-04,1.785506886e-03,1.833695611e-03,1.047189504e-03,2.555238682e-04,
4.454461631e-06,-1.173548293e-05,-1.421162751e-06,-1.387117639e-04,-4.758284294e-04,-9.584595335e-04,-1.049987872e-03,-5.647039792e-04,-1.197298766e-04,
1.589270913e-01
l,7.0,4.0
3.690,4.710,5.730,
1.531300338e-10,8.753293431e+00
9.334064816e-05,-1.662923787e-05,-2.144063142e-04,5.738930912e-04,2.730438353e-03,4.735725418e-03,4.653599755e-03,2.570686382e-03,6.155118135e-04,
1.314558813e-05,-3.465728080e-05,-2.320530895e-06,-3.960241351e-04,-1.351770373e-03,-2.721020132e-03,-2.972575238e-03,-1.589326990e-03,-3.346245953e-04,
1.589581640e-01
l,7.0,5.0
3.750,4.750,5.770,
1.314602138e-10,9.609961166e+00
2.839659865e-04,-2.998412794e-05,-6.786640611e-04,1.553763341e-03,7.880002869e-03,1.349642432e-02,1.273171144e-02,6.678955225e-03,1.525315558e-03,
4.088401564e-05,-1.078403307e-04,-6.990498941e-06,-1.228188456e-03,-4.189025780e-03,-8.416993046e-03,-9.174539984e-03,-4.869200043e-03,-1.009566487e-03,
1.589581265e-01
l,7.0,6.0
3.790,4.790,5.790,
8.418767309e-11,1.067617816e+01
8.788909763e-04,-5.102911496e-05,-2.113589274e-03,4.824686851e-03,2.498295433e-02,4.280974198e-02,3.980144525e-02,2.031793683e-02,4.478372362e-03,
1.340723673e-04,-3.537628801e-04,-5.699445750e-05,-4.350437613e-03,-1.527343449e-02,-3.138070785e-02,-3.522918306e-02,-1.943093879e-02,-4.211416522e-03,
1.589890989e-01
l,7.0,7.0
3.850,4.830,5.810,
2.654109498e-10,1.056881157e+01
2.784577897e-03,-1.506576422e-04,-6.893954221e-03,1.610506202e-02,8.472086216e-02,1.478420356e-01,1.403094073e-01,7.334309313e-02,1.660647419e-02,
4.397640057e-04,-1.161029566e-03,-1.745911346e-04,-1.433311749e-02,-5.106737416e-02,-1.066016994e-01,-1.219103577e-01,-6.856279548e-02,-1.516269272e-02,
1.590201953e-01
l,8.0,-8.0
3.410,4.430,5.450,
7.582129991e-18,1.156781526e+01
6.926084012e-11,-2.044582778e-11,-1.599579075e-10,1.619675136e-10,1.235008810e-12,-2.305322060e-09,-4.774420211e-09,-3.827575733e-09,-1.115760342e-09,
9.457493603e-12,-2.484873639e-11,-4.568831236e-12,-3.118899417e-10,-1.099914005e-09,-2.274069993e-09,-2.569293766e-09,-1.454457333e-09,-3.321921036e-10,
1.588788912e-01
l,8.0,-7.0
3.470,4.510,5.550,
1.742965656e-20,1.703153285e+01
1.903265046e-10,-5.073367098e-11,-4.246737622e-10,1.084383391e-09,3.847240233e-09,3.151663359e-09,-1.480845851e-09,-3.476742330e-09,-1.391121502e-09,
2.513338098e-11,-6.611885073e-11,-4.018250691e-12,-7.403751840e-10,-2.459900533e-09,-4.813647925e-09,-5.074700871e-09,-2.608770771e-09,-5.280680506e-10,
1.589099822e-01
l,8.0,-6.0
3.570,4.590,5.630,
1.371723264e-16,1.045744723e+01
5.249466972e-10,-1.108360035e-10,-1.286024631e-09,1.056694166e-09,2.171622406e-09,-8.773779154e-09,-2.253084903e-08,-1.900808756e-08,-5.628432099e-09,
7.036801809e-11,-1.852986103e-10,-1.717690749e-11,-2.143132147e-09,-7.275820862e-09,-1.457317986e-08,-1.584364924e-08,-8.495849622e-09,-1.813422264e-09,
1.589099514e-01
l,8.0,-5.0
3.630,4.670,5.710,
4.750962653e-19,1.545130778e+01
1.453128951e-09,-2.796089519e-10,-3.288976121e-09,7.635033796e-09,3.032452046e-08,3.178413780e-08,3.125187490e-09,-1.479631112e-08,-7.026151639e-09,
1.969754067e-10,-5.191813445e-10,-5.289254582e-11,-5.996197980e-09,-2.009616316e-08,-3.954005026e-08,-4.203614983e-08,-2.180577590e-08,-4.438296894e-09,
1.589099132e-01
l,8.0,-4.0
3.730,4.750,5.790,
1.926333058e-15,9.656889267e+00
4.042338908e-09,-6.603439587e-10,-9.782094305e-09,1.103899512e-08,4.183843641e-08,7.269065453e-09,-6.652816026e-08,-7.152202652e-08,-2.277209665e-08,
5.512690797e-10,-1.454350985e-09,-1.620528315e-10,-1.703530122e-08,-5.789479605e-08,-1.157892442e-07,-1.257182615e-07,-6.712365066e-08,-1.418387403e-08,
1.589099479e-01
l,8.0,-3.0
3.790,4.830,5.870,
1.209811623e-17,1.407625202e+01
1.129661964e-08,-1.864964387e-09,-2.575898514e-08,5.622030889e-08,2.389404578e-07,2.866542479e-07,1.066868835e-07,-4.380474045e-08,-3.204095033e-08,
1.542525298e-09,-4.073101199e-09,-4.102853111e-10,-4.711782868e-08,-1.582833011e-07,-3.122872409e-07,-3.331418942e-07,-1.732613937e-07,-3.528124373e-08,
1.589099646e-01
l,8.0,-2.0
3.890,4.910,5.950,
2.745843798e-15,1.060021227e+01
3.175437868e-08,-5.262407208e-09,-7.210072131e-08,1.680640336e-07,8.286055791e-07,1.488555287e-06,1.558923264e-06,9.272193955e-07,2.366086094e-07,
4.315391567e-09,-1.140485264e-08,-9.362635494e-10,-1.310567675e-07,-4.433311779e-07,-8.843398227e-07,-9.562380320e-07,-5.065688496e-07,-1.057996705e-07,
1.589099536e-01
l,8.0,-1.0
3.970,4.970,6.030,
5.178861535e-15,1.075228411e+01
9.005574242e-08,-6.662376733e-09,-2.103852101e-07,3.858857442e-07,2.098713792e-06,3.781459604e-06,3.949959493e-06,2.373569888e-06,6.201192274e-07,
1.206955390e-08,-3.192470935e-08,-9.486839202e-10,-3.512885976e-07,-1.166794001e-06,-2.289119759e-06,-2.419316086e-06,-1.237144730e-06,-2.458506715e-07,
1.588960974e-01
l,8.0,0.0
4.010,5.050,6.090,
1.448110460e-17,1.562070382e+01
2.563537862e-07,-2.952515881e-08,-5.988848599e-07,1.173621639e-06,5.701229132e-06,8.205425576e-06,5.339494439e-06,1.184836179e-06,-1.201210961e-07,
3.559590912e-08,-9.421152128e-08,-1.204241684e-08,-1.114580990e-06,-3.770115551e-06,-7.474889339e-06,-8.027078664e-06,-4.203476515e-06,-8.596321456e-07,
1.589270781e-01
l,8.0,1.0
4.070,5.110,6.170,
2.564290660e-17,1.577572956e+01
7.366596719e-07,-4.256560226e-08,-1.817594205e-06,2.618033320e-06,1.528335500e-05,2.435704754e-05,1.908881925e-05,7.088908452e-06,8.518445637e-07,
9.953530426e-08,-2.636515449e-07,-9.259387054e-09,-2.896239680e-06,-9.536907717e-06,-1.852214706e-05,-1.933275330e-05,-9.682232407e-06,-1.858842464e-06,
1.589271080e-01
l,8.0,2.0
4.170,5.190,6.230,
2.697588312e-13,9.838008548e+00
2.128156893e-06,-2.430380632e-07,-4.882978039e-06,9.912247181e-06,4.936465014e-05,8.112203372e-05,7.435265959e-05,3.886951780e-05,9.055999446e-06,
2.934298783e-07,-7.777024062e-07,-6.725770472e-08,-8.969369787e-06,-3.027619261e-05,-6.019130595e-05,-6.481756978e-05,-3.401599743e-05,-6.979224733e-06,
1.589271103e-01
l,8.0,3.0
4.210,5.250,6.290,
5.449883047e-13,9.993450586e+00
6.217432201e-06,-5.605130235e-07,-1.449230839e-05,2.732157846e-05,1.386777040e-04,2.178837392e-04,1.803618302e-04,8.079192448e-05,1.571633320e-05,
8.649506696e-07,-2.293778777e-06,-2.049538036e-07,-2.650330221e-05,-8.946232373e-05,-1.776619531e-04,-1.911019041e-04,-9.999700920e-05,-2.038845977e-05,
1.589270913e-01
l,8.0,4.0
4.270,5.310,6.350,
5.884363365e-14,1.216936129e+01
1.833393071e-05,-1.529958050e-06,-4.369582597e-05,7.607427122e-05,3.983029205e-04,6.138387425e-04,4.756461100e-04,1.847363673e-04,2.762077748e-05,
2.549408565e-06,-6.764665629e-06,-4.586912870e-07,-7.700148481e-05,-2.590351331e-04,-5.132602928e-04,-5.498279795e-04,-2.853556646e-04,-5.742987749e-05,
1.589271236e-01
l,8.0,5.0
4.330,5.350,6.390,
4.475976818e-15,1.455397700e+01
5.471189070e-05,1.049396766e-06,-1.348707718e-04,1.470349141e-04,9.014264976e-04,1.198411247e-03,5.810865667e-04,-3.779154587e-05,-8.490218745e-05,
7.923336635e-06,-2.103191152e-05,-3.017480261e-06,-2.523216520e-04,-8.601296794e-04,-1.716900819e-03,-1.861308109e-03,-9.813064248e-04,-2.005558473e-04,
1.589270860e-01
l,8.0,6.0
4.370,5.410,6.450,
2.131541107e-12,1.100163745e+01
1.652564970e-04,-3.501327518e-06,-4.076964028e-04,6.048554960e-04,3.593444071e-03,5.979450040e-03,5.206595948e-03,2.442819058e-03,4.923645148e-04,
2.335513824e-05,-6.202947116e-05,-3.078045535e-06,-6.986350510e-04,-2.349666557e-03,-4.658782019e-03,-4.991132962e-03,-2.577734117e-03,-5.123887663e-04,
1.589581069e-01
l,8.0,7.0
4.430,5.450,6.470,
5.254525342e-13,1.260185373e+01
5.071301712e-04,1.778575858e-05,-1.260309113e-03,1.730426328e-03,1.082194696e-02,1.775764917e-02,1.464870921e-02,6.191063986e-03,1.057234022e-03,
7.654271048e-05,-2.033394135e-04,-3.389511530e-05,-2.502393081e-03,-8.686182295e-03,-1.763044379e-02,-1.951263446e-02,-1.053907709e-02,-2.212278165e-03,
1.589580780e-01
l,8.0,8.0
4.490,5.490,6.510,
5.143352711e-13,1.327089270e+01
1.586177968e-03,8.220015371e-05,-4.140551594e-03,5.005397011e-03,3.484681565e-02,6.001183492e-02,5.227058626e-02,2.358527580e-02,4.354562298e-03,
2.379423513e-04,-6.324353195e-04,-4.169308681e-05,-7.276926020e-03,-2.494294633e-02,-5.031135530e-02,-5.505166551e-02,-2.903297180e-02,-5.869623189e-03,
1.589891557e-01
l,9.0,-9.0
3.990,4.930,5.970,
2.880711360e-21,1.418566054e+01
5.226308102e-12,-1.204421301e-12,-1.150846867e-11,4.442262823e-11,2.460130030e-10,5.774038593e-10,7.708204978e-10,5.456494227e-10,1.565578387e-10,
6.951445320e-13,-1.837541230e-12,-1.904039865e-13,-2.152314924e-11,-7.303843521e-11,-1.458162753e-10,-1.575216423e-10,-8.358139180e-11,-1.755117122e-11,
1.589099413e-01
l,9.0,-8.0
4.030,5.010,6.070,
4.185410134e-18,9.535476317e+00
1.428428036e-11,-2.279939695e-12,-3.047588981e-11,7.353169313e-11,2.751777028e-10,2.822637205e-10,6.669755243e-11,-5.676878632e-11,-2.656908115e-11,
1.844093193e-12,-4.879754668e-12,-5.708641218e-14,-5.312811402e-11,-1.753253810e-10,-3.423615631e-10,-3.591227946e-10,-1.826584571e-10,-3.638089916e-11,
1.589099404e-01
l,9.0,-7.0
4.130,5.110,6.150,
6.916373127e-19,1.135775109e+01
3.903142046e-11,-8.546096827e-12,-8.132679930e-11,2.243502072e-10,9.191590719e-10,1.462392984e-09,1.486212301e-09,9.582095743e-10,2.798510606e-10,
5.156778545e-12,-1.365668149e-11,-6.521467843e-13,-1.533837138e-10,-5.151961503e-10,-1.026626078e-09,-1.109490440e-09,-5.894257469e-10,-1.244251800e-10,
1.589099822e-01
l,9.0,-6.0
4.190,5.170,6.230,
9.245448834e-18,1.012353838e+01
1.078833967e-10,-8.074911768e-12,-2.370203788e-10,4.870450950e-10,2.133984631e-09,2.732241236e-09,1.583396789e-09,3.907150824e-10,3.127246318e-11,
1.441784678e-11,-3.821284551e-11,-2.768499225e-12,-4.343117616e-10,-1.446685937e-09,-2.835309337e-09,-2.995086880e-09,-1.534875171e-09,-3.064120257e-10,
1.589099514e-01
l,9.0,-5.0
4.290,5.270,6.310,
1.778264403e-18,1.180788648e+01
2.973621072e-10,-4.578459813e-11,-6.376779424e-10,1.569589748e-09,7.115977133e-09,1.205864108e-08,1.257612967e-08,7.957566766e-09,2.237898622e-09,
4.030423591e-11,-1.069037648e-10,-1.041893246e-11,-1.243815521e-09,-4.206744771e-09,-8.395574597e-09,-9.097920838e-09,-4.839016289e-09,-1.016553091e-09,
1.589099132e-01
l,9.0,-4.0
4.330,5.330,6.390,
1.449034499e-16,9.380211298e+00
8.277094010e-10,-2.586572453e-11,-1.856337560e-09,3.342331100e-09,1.640971437e-08,2.366470698e-08,1.746483071e-08,7.151403572e-09,1.422012547e-09,
1.126500436e-10,-2.990187448e-10,-3.040894937e-11,-3.471354685e-09,-1.162007269e-08,-2.283562192e-08,-2.423398800e-08,-1.247817067e-08,-2.495527147e-09,
1.589099479e-01
l,9.0,-3.0
4.350,5.410,6.470,
1.762395685e-17,1.140123679e+01
2.310025948e-09,-9.388679307e-11,-5.957590897e-09,4.888311395e-09,3.465873872e-08,4.817970119e-08,2.697610539e-08,2.937362455e-09,-1.686497888e-09,
3.148066593e-10,-8.362332634e-10,-7.215612031e-11,-9.545306274e-09,-3.166275784e-08,-6.175463833e-08,-6.493595986e-08,-3.291744695e-08,-6.418195971e-09,
1.589099646e-01
l,9.0,-2.0
4.490,5.490,6.550,
2.660177607e-16,1.013407861e+01
6.475238123e-09,-2.061832670e-10,-1.480312019e-08,2.459093564e-08,1.289000701e-07,1.981297785e-07,1.618896040e-07,7.534851787e-08,1.648474970e-08,
8.796083807e-10,-2.338198695e-09,-1.894048508e-10,-2.677801282e-08,-8.938143250e-08,-1.754613053e-07,-1.858513986e-07,-9.525201494e-08,-1.889637177e-08,
1.589099282e-01
l,9.0,-1.0
4.510,5.570,6.630,
2.326730896e-16,1.080697606e+01
1.826207985e-08,-1.123880045e-09,-4.598869607e-08,4.934298025e-08,3.184304928e-07,4.918152895e-07,3.689516714e-07,1.343822741e-07,1.792158097e-08,
2.457635770e-09,-6.537481061e-09,-3.437738943e-10,-7.310817747e-08,-2.415633454e-07,-4.706994208e-07,-4.935950849e-07,-2.488666469e-07,-4.816973281e-08,
1.589270731e-01
l,9.0,0.0
4.570,5.630,6.710,
1.842214068e-21,1.909970327e+01
5.184189078e-08,1.151621226e-09,-1.372804669e-07,9.744969596e-09,2.949693779e-07,-1.176709993e-07,-1.007365795e-06,-1.041038613e-06,-3.410569819e-07,
6.864921967e-09,-1.827351207e-08,-1.444501732e-10,-1.979174486e-07,-6.475774737e-07,-1.252060370e-06,-1.296415421e-06,-6.400015006e-07,-1.200348531e-07,
1.589270781e-01
l,9.0,1.0
4.690,5.710,6.770,
7.166941436e-17,1.268385386e+01
1.479795060e-07,-2.647372295e-09,-3.348742241e-07,7.592567593e-07,4.444236251e-06,8.924815458e-06,9.914262621e-06,5.957874178e-06,1.492410020e-06,
2.022209064e-08,-5.385523430e-08,-4.259872638e-09,-6.150433063e-07,-2.044364725e-06,-3.996646255e-06,-4.212473469e-06,-2.138353196e-06,-4.168141821e-07,
1.589271080e-01
l,9.0,2.0
4.750,5.770,6.830,
7.690739644e-16,1.172190870e+01
4.256361024e-07,1.395827311e-08,-9.844031593e-07,2.055354322e-06,1.314934521e-05,2.760567871e-05,3.160107838e-05,1.935694603e-05,4.909652557e-06,
5.956378972e-08,-1.587068813e-07,-2.003067100e-08,-1.868100547e-06,-6.242348544e-06,-1.221792671e-05,-1.292320531e-05,-6.592050192e-06,-1.288894107e-06,
1.589271103e-01
l,9.0,3.0
4.810,5.830,6.910,
2.425282607e-15,1.157429047e+01
1.232275054e-06,8.200940662e-08,-3.065709780e-06,3.618374839e-06,2.876134150e-05,5.898998132e-05,6.473384042e-05,3.820436384e-05,9.433520149e-06,
1.663216305e-07,-4.434436231e-07,-1.010869545e-08,-4.838049225e-06,-1.577865679e-05,-3.034873455e-05,-3.125059743e-05,-1.524853952e-05,-2.789856376e-06,
1.589270913e-01
l,9.0,4.0
4.850,5.910,6.970,
2.271430052e-19,1.803037737e+01
3.599508091e-06,-4.124467257e-08,-8.870220270e-06,7.810703219e-06,5.061790436e-05,6.348459618e-05,2.565547166e-05,-6.619355868e-06,-5.735586913e-06,
4.898102752e-07,-1.306533597e-06,-5.267822411e-08,-1.460474347e-05,-4.857084537e-05,-9.535725941e-05,-1.008937845e-04,-5.134995786e-05,-1.003361683e-05,
1.589271236e-01
l,9.0,5.0
4.910,5.970,7.030,
1.213090916e-16,1.462165110e+01
1.060568957e-05,-6.775096320e-08,-2.589185840e-05,3.100955245e-05,2.009760127e-04,3.329746234e-04,2.838364436e-04,1.278806962e-04,2.410323200e-05,
1.442362306e-06,-3.849167109e-06,-7.305026214e-08,-4.231443799e-05,-1.400176926e-04,-2.738655584e-04,-2.881156790e-04,-1.450958544e-04,-2.787567278e-05,
1.589270860e-01
l,9.0,6.0
4.970,6.010,7.070,
3.456039982e-14,1.167056931e+01
3.154003934e-05,2.926600906e-06,-7.844377487e-05,7.092308838e-05,6.017063783e-04,1.142804559e-03,1.151447745e-03,6.330664163e-04,1.485964515e-04,
4.480009309e-06,-1.195923784e-05,-1.260142624e-06,-1.397823013e-04,-4.697591348e-04,-9.265151987e-04,-9.882536746e-04,-5.075850704e-04,-9.967927569e-05,
1.589270665e-01
l,9.0,7.0
5.030,6.070,7.130,
2.076613027e-13,1.116391728e+01
9.494519327e-05,5.542937301e-06,-2.393153933e-04,2.232909127e-04,1.785357128e-03,3.250104234e-03,3.131618264e-03,1.657776581e-03,3.796706691e-04,
1.319354056e-05,-3.523571118e-05,-1.061564065e-06,-3.913995759e-04,-1.300357195e-03,-2.550168223e-03,-2.692262149e-03,-1.357657063e-03,-2.597404750e-04,
1.589580971e-01
l,9.0,8.0
5.090,6.130,7.170,
1.678930310e-13,1.190752626e+01
2.895873040e-04,1.235308904e-06,-7.247690754e-04,8.927282009e-04,5.958983392e-03,1.031131392e-02,9.365414935e-03,4.617874395e-03,9.821783180e-04,
4.097705057e-05,-1.094714092e-04,-3.492170396e-06,-1.225835711e-03,-4.120859668e-03,-8.183918856e-03,-8.779040593e-03,-4.521727902e-03,-8.903645962e-04,
1.589580271e-01
l,9.0,9.0
5.130,6.150,7.190,
1.845413034e-13,1.245630856e+01
8.959178231e-04,1.345249047e-04,-2.303587367e-03,2.130785015e-03,1.956652597e-02,3.912941666e-02,4.081536371e-02,2.281524523e-02,5.371743997e-03,
1.342842936e-04,-3.588273496e-04,-4.290216089e-05,-4.273787474e-03,-1.459178421e-02,-2.919662502e-02,-3.170318991e-02,-1.657084226e-02,-3.299692712e-03,
1.589891081e-01
