l,1.0,-1.0
0.150,0.770,1.410,
5.508893023e-02,2.453225105e+00
1.612541964e-03,-3.432337593e-03,4.787471203e-03,4.427442067e-02,2.039604941e-01,6.851600294e-01,1.169015529e+00,1.181447493e+00,6.106566436e-01,
2.715599803e-04,-8.751123018e-04,-1.264869293e-03,-3.673617679e-02,-2.261984426e-01,-7.664206044e-01,-1.429371906e+00,-1.385560268e+00,-5.466577510e-01,
1.586624689e-01
l,1.0,0.0
0.190,0.370,0.570,
1.225805283e+00,3.344968730e+00
1.507962029e-02,1.715342205e-02,1.789374543e+00,8.795207329e+01,1.790907361e+03,1.972570585e+04,1.189460340e+05,3.689285278e+05,4.610074100e+05,
1.082715834e-02,-2.859800933e-02,-1.316113819e+00,-7.039240239e+01,-1.577855455e+03,-1.805958829e+04,-1.109425805e+05,-3.483831919e+05,-4.396254043e+05,
1.591434798e-01
l,1.0,1.0
0.190,0.310,0.450,
0.000000000e+00,0.000000000e+00
4.392436147e-01,-9.687732773e+00,-2.076962957e+01,-1.202139083e+04,4.387709231e+05,2.148603036e+07,2.418286665e+08,8.384253869e+08,0.000000000e+00,
8.926461831e-02,-5.891108099e-01,-9.801795054e+00,-8.113878689e+02,-2.177318972e+04,-3.252439708e+05,-2.662805139e+06,-1.135186186e+07,-1.905116774e+07,
1.591435194e-01
l,2.0,-2.0
0.310,0.990,1.670,
8.245686305e-03,4.237863490e+00
2.563082962e-04,-5.584476166e-04,5.963678100e-04,5.713038384e-03,1.866924187e-02,5.160877950e-02,3.517862907e-02,-4.764455258e-02,-4.871659193e-02,
3.560345527e-05,-1.185138085e-04,-1.252563537e-04,-4.362285817e-03,-2.564486962e-02,-8.340289778e-02,-1.481313342e-01,-1.361899517e-01,-5.090681891e-02,
1.585386373e-01
l,2.0,-1.0
0.390,0.910,1.450,
1.205462381e-02,4.112747564e+00
1.027912018e-03,-1.671222626e-03,4.019848767e-03,1.035245496e-01,6.778736347e-01,2.891401577e+00,6.772690508e+00,7.871305532e+00,3.594188367e+00,
2.390712656e-04,-7.749277225e-04,-2.860463212e-03,-7.260663134e-02,-5.666157058e-01,-2.337720618e+00,-5.247378572e+00,-6.067132336e+00,-2.837381055e+00,
1.589580358e-01
l,2.0,0.0
0.390,1.030,1.690,
7.508960401e-02,5.012198598e+00
2.487774938e-03,-5.815173782e-03,7.733197533e-03,7.044994349e-02,2.875523900e-01,8.988283242e-01,6.951055926e-01,-8.929609660e-01,-1.030701991e+00,
3.514290192e-04,-1.173924640e-03,-1.458595548e-03,-4.695229670e-02,-2.811658844e-01,-9.337515569e-01,-1.698744478e+00,-1.605012043e+00,-6.175966738e-01,
1.583529334e-01
l,2.0,1.0
0.410,0.670,0.970,
7.021141578e-01,5.720175161e+00
2.308388986e-02,1.327414319e-02,3.510951467e-01,1.931955792e+01,2.355372501e+02,1.634634552e+03,6.755527115e+03,1.504027383e+04,1.376323108e+04,
1.197698923e-02,-3.833528888e-02,-4.261599253e-01,-1.403143796e+01,-1.868622117e+02,-1.331515881e+03,-5.268139141e+03,-1.086761467e+04,-9.132170186e+03,
1.591435194e-01
l,2.0,2.0
0.470,0.630,0.790,
0.000000000e+00,0.000000000e+00
4.708355069e-01,-6.477123188e+00,1.973165249e+02,1.122048193e+04,4.168626554e+05,6.316534479e+06,4.064793771e+07,1.023370011e+08,5.020039496e+07,
1.133412627e-01,-7.030291021e-01,-1.355694583e+01,-9.742026045e+02,-2.446461771e+04,-3.329652362e+05,-2.483055948e+06,-9.639244887e+06,-1.512341042e+07,
1.590822852e-01
l,3.0,-3.0
0.510,1.170,1.830,
9.724360892e-04,6.760054325e+00
4.477368930e-05,-9.478374844e-05,1.115031679e-04,1.511301605e-03,5.757085493e-03,1.890177135e-02,2.865102306e-02,1.370589523e-02,-1.579116102e-03,
6.404597480e-06,-2.165157095e-05,-2.636041194e-05,-8.703824549e-04,-5.251077159e-03,-1.759028115e-02,-3.230707496e-02,-3.078856183e-02,-1.195526764e-02,
1.584767405e-01
l,3.0,-2.0
0.570,1.170,1.770,
8.276510554e-04,6.354984724e+00
1.392589038e-04,-2.328710060e-04,-1.290093873e-05,4.749870240e-03,1.336818239e-02,4.417822172e-02,1.105888322e-01,1.263252689e-01,5.086484350e-02,
2.554145726e-05,-8.587997321e-05,-1.087774573e-04,-3.640531692e-03,-2.340344959e-02,-8.376458452e-02,-1.660181333e-01,-1.713154487e-01,-7.236455510e-02,
1.589270767e-01
l,3.0,-1.0
0.630,1.290,1.950,
8.746400313e-04,5.462997807e+00
3.222206142e-04,-6.798841285e-04,3.731899729e-04,9.420754929e-03,3.923811055e-02,1.847999612e-01,4.441627710e-01,4.759875257e-01,1.887803513e-01,
4.493503689e-05,-1.534415376e-04,-1.743876872e-04,-6.024851373e-03,-3.587999320e-02,-1.187914808e-01,-2.151443373e-01,-2.020746913e-01,-7.748079562e-02,
1.584148490e-01
l,3.0,0.0
0.670,1.250,1.850,
2.210939751e-03,5.571715229e+00
1.151336008e-03,-1.978293452e-03,4.142017168e-04,5.600774399e-02,2.699288347e-01,1.142940097e+00,2.914624529e+00,3.597855266e+00,1.693103780e+00,
2.058510380e-04,-6.976702800e-04,-8.222732374e-04,-2.873904674e-02,-1.831468952e-01,-6.525834453e-01,-1.288205845e+00,-1.325244906e+00,-5.590342065e-01,
1.589270150e-01
l,3.0,1.0
0.650,1.310,1.970,
8.801719432e-03,5.883891105e+00
3.322989913e-03,-7.704746084e-03,9.068100517e-03,1.443809412e-01,8.472964434e-01,3.925843144e+00,8.820419373e+00,9.070658168e+00,3.513463667e+00,
4.428262364e-04,-1.516660114e-03,-1.696887194e-03,-5.944760898e-02,-3.538545015e-01,-1.175639706e+00,-2.137578155e+00,-2.019596827e+00,-7.791294919e-01,
1.582290662e-01
l,3.0,2.0
0.690,1.010,1.350,
8.923857064e-02,7.233330826e+00
2.878425084e-02,-1.054099148e-02,2.287067177e-01,1.409634347e+01,1.463380227e+02,8.655547462e+02,3.021092391e+03,5.612130560e+03,4.244797892e+03,
1.192563666e-02,-4.059762350e-02,-3.268408902e-01,-1.077633970e+01,-1.317483113e+02,-8.504907907e+02,-3.009050832e+03,-5.502430327e+03,-4.076739279e+03,
1.591435236e-01
l,3.0,3.0
0.790,0.930,1.130,
3.114562976e+01,1.580241756e+01
6.024801135e-01,-7.013422100e+00,1.182908095e+02,5.128577991e+03,1.923076313e+05,3.262336307e+06,2.516458886e+07,9.033242564e+07,1.236305658e+08,
1.224716547e-01,-7.002926357e-01,-1.161513317e+01,-7.559686776e+02,-1.659952552e+04,-1.904262657e+05,-1.169149406e+06,-3.678494619e+06,-4.640440396e+06,
1.590512144e-01
l,4.0,-4.0
0.710,1.350,2.010,
1.484389317e-05,6.305583837e+00
7.658932191e-06,-1.539241325e-05,2.654364897e-05,5.168435677e-04,2.884006096e-03,1.118038656e-02,2.342503761e-02,2.383042690e-02,9.370762198e-03,
1.068494412e-06,-3.664392550e-06,-3.619624155e-06,-1.380958384e-04,-8.343924184e-04,-2.825322710e-03,-5.251998206e-03,-5.070501293e-03,-1.998651185e-03,
1.585385373e-01
l,4.0,-3.0
0.830,1.390,1.990,
1.721518682e-05,6.784718007e+00
2.066520938e-05,-3.186148039e-05,4.108974190e-05,1.843325700e-03,1.129454056e-02,4.518639453e-02,1.048462538e-01,1.234602738e-01,5.724920170e-02,
3.726030754e-06,-1.275988369e-05,-1.631134995e-05,-5.447278974e-04,-3.477578936e-03,-1.244287133e-02,-2.473968467e-02,-2.566103536e-02,-1.092269709e-02,
1.589270546e-01
l,4.0,-2.0
0.850,1.490,2.150,
2.691976103e-05,7.324932898e+00
4.855054067e-05,-8.335372112e-05,-2.757959998e-05,1.675694752e-03,5.211515941e-03,1.675901972e-02,4.147191471e-02,4.970013576e-02,2.195237872e-02,
6.960226974e-06,-2.409599070e-05,-2.402275437e-05,-9.009145051e-04,-5.301301445e-03,-1.743283910e-02,-3.139537495e-02,-2.929604648e-02,-1.120195842e-02,
1.585696018e-01
l,4.0,-1.0
0.910,1.530,2.150,
5.461393638e-05,9.002525990e+00
1.352841937e-04,-2.089126479e-04,-3.253659866e-04,1.748562389e-03,-1.042992566e-02,-6.534111107e-02,-1.371210375e-01,-1.408069980e-01,-6.021651584e-02,
2.265768188e-05,-7.844395311e-05,-8.398613683e-05,-3.071931087e-03,-1.881771864e-02,-6.446603842e-02,-1.217705299e-01,-1.193128697e-01,-4.792396925e-02,
1.589098954e-01
l,4.0,0.0
0.950,1.590,2.270,
1.019660185e-04,6.650484331e+00
3.677904897e-04,-6.525053970e-04,-3.446265434e-04,9.795668451e-03,2.298199153e-02,8.275664177e-02,2.568565492e-01,3.488304462e-01,1.675815604e-01,
4.837618903e-05,-1.686872999e-04,-1.488219761e-04,-6.029564136e-03,-3.474445805e-02,-1.118922551e-01,-1.963004152e-01,-1.780126214e-01,-6.610229117e-02,
1.584766466e-01
l,4.0,1.0
0.970,1.570,2.190,
3.124123454e-04,6.907321470e+00
1.263465034e-03,-1.996484309e-03,-1.163696292e-03,4.778345044e-02,1.566978566e-01,4.897501560e-01,1.265898390e+00,1.656570053e+00,8.108086538e-01,
2.081760405e-04,-7.229369643e-04,-8.106435071e-04,-2.921937127e-02,-1.811330219e-01,-6.281513474e-01,-1.201460346e+00,-1.193270180e+00,-4.857762839e-01,
1.588788508e-01
l,4.0,2.0
0.950,1.590,2.270,
1.302603338e-03,7.316063722e+00
4.162619822e-03,-8.928848561e-03,3.334946384e-03,1.381044228e-01,5.575337039e-01,2.798163718e+00,7.509164976e+00,8.953180755e+00,3.925971398e+00,
5.102618014e-04,-1.781855121e-03,-1.531673488e-03,-6.371355775e-02,-3.684031627e-01,-1.195471696e+00,-2.113374487e+00,-1.937723780e+00,-7.274765505e-01,
1.582290704e-01
l,4.0,3.0
0.950,1.310,1.690,
9.412577725e-03,8.816890863e+00
3.371123970e-02,-6.379934284e-04,2.439998598e-01,1.509742418e+01,1.516883900e+02,8.135049967e+02,2.498208477e+03,4.059983895e+03,2.692195330e+03,
1.265684306e-02,-4.455307624e-02,-3.785259520e-01,-1.185729890e+01,-1.352835925e+02,-8.013476536e+02,-2.568498137e+03,-4.218437262e+03,-2.790980056e+03,
1.591435175e-01
l,4.0,4.0
1.090,1.230,1.450,
2.259955302e-01,1.591730094e+01
7.033311129e-01,-6.894017392e+00,7.573951871e+01,2.123205695e+03,6.293941549e+04,1.056048285e+06,7.876351944e+06,2.670069427e+07,3.403504937e+07,
1.381983350e-01,-7.725384312e-01,-1.539352005e+01,-9.238815127e+02,-1.931582434e+04,-2.062307997e+05,-1.166195317e+06,-3.355025202e+06,-3.862495218e+06,
1.590822421e-01
l,5.0,-5.0
0.970,1.550,2.190,
5.118508582e-07,7.864411850e+00
1.224871994e-06,-2.545128940e-06,-1.837172694e-06,5.148503064e-06,-1.934481060e-05,4.025830898e-04,1.959585632e-03,3.055015220e-03,1.623628763e-03,
1.768328274e-07,-6.136756616e-07,-4.715207191e-07,-2.101270033e-05,-1.231402639e-04,-4.076582532e-04,-7.406956015e-04,-6.990774126e-04,-2.706432812e-04,
1.586005077e-01
l,5.0,-4.0
1.050,1.610,2.210,
5.321840215e-07,7.106736798e+00
3.054105036e-06,-4.940528892e-06,-1.612508436e-05,-9.103980240e-05,-1.134959471e-03,-4.523786981e-03,-8.370391155e-03,-7.575172677e-03,-2.708967976e-03,
5.370577140e-07,-1.866011399e-06,-2.245926542e-06,-7.794780167e-05,-4.854042822e-04,-1.679914094e-03,-3.197797076e-03,-3.148521391e-03,-1.267819801e-03,
1.589579624e-01
l,5.0,-3.0
1.130,1.710,2.350,
5.650429603e-07,8.546016460e+00
6.995956937e-06,-1.102180546e-05,-2.471229465e-05,3.498780584e-05,-5.581533842e-04,-1.844694647e-03,-3.478238802e-04,3.664490682e-03,3.091847236e-03,
1.068886603e-06,-3.742674520e-06,-3.429620258e-06,-1.381522726e-04,-8.204506504e-04,-2.726732766e-03,-4.961801101e-03,-4.664409259e-03,-1.797022750e-03,
1.587235321e-01
l,5.0,-2.0
1.150,1.770,2.390,
3.108534892e-07,1.589639645e+01
1.785835957e-05,-2.416792380e-05,-9.118169299e-05,-3.525718546e-04,-6.186416954e-03,-3.061750121e-02,-6.983083741e-02,-7.849592824e-02,-3.516133934e-02,
3.021638244e-06,-1.060175630e-05,-1.148642813e-05,-4.148050636e-04,-2.497907644e-03,-8.405315238e-03,-1.556658046e-02,-1.489499139e-02,-5.838538112e-03,
1.589270767e-01
l,5.0,-1.0
1.230,1.830,2.490,
1.735578013e-06,8.043324278e+00
4.656154852e-05,-6.141328059e-05,-1.434729048e-04,1.021951829e-03,1.210956477e-03,-2.714492639e-03,-1.647759782e-03,7.668444433e-03,7.244698628e-03,
6.894472072e-06,-2.430613663e-05,-2.453319122e-05,-9.190267314e-04,-5.363156153e-03,-1.744963121e-02,-3.101395962e-02,-2.839798775e-02,-1.064501765e-02,
1.586925872e-01
l,5.0,0.0
1.270,1.870,2.510,
3.843828102e-06,8.120657600e+00
1.319307048e-04,-1.710673404e-04,-3.568248968e-04,3.531087687e-03,7.866725629e-03,8.137796409e-03,2.592697438e-02,5.257345128e-02,3.326437533e-02,
2.089856790e-05,-7.374666153e-05,-7.908236240e-05,-2.902485902e-03,-1.745764900e-02,-5.857583451e-02,-1.078266923e-01,-1.024322078e-01,-3.980780066e-02,
1.589098605e-01
l,5.0,1.0
1.250,1.910,2.590,
1.202020653e-05,7.650341274e+00
3.851136134e-04,-5.865072659e-04,-4.951228823e-04,1.367300103e-02,4.119237539e-02,9.107324915e-02,1.895730036e-01,2.278634497e-01,1.053015562e-01,
5.105595978e-05,-1.808084837e-04,-1.605853939e-04,-6.582710817e-03,-3.808082537e-02,-1.232132346e-01,-2.171173087e-01,-1.973346395e-01,-7.344373656e-02,
1.585695797e-01
l,5.0,2.0
1.250,1.890,2.530,
4.100450613e-05,7.734674155e+00
1.342857955e-03,-1.961138438e-03,-2.168092397e-03,4.687279932e-02,1.332119444e-01,2.615104203e-01,5.605455150e-01,7.323174988e-01,3.632765027e-01,
2.054782649e-04,-7.261071157e-04,-7.125954177e-04,-2.785312547e-02,-1.679355456e-01,-5.672770151e-01,-1.051901820e+00,-1.008942955e+00,-3.965046502e-01,
1.588478300e-01
l,5.0,3.0
1.250,1.890,2.570,
1.629837659e-04,8.362740135e+00
4.777248017e-03,-9.615828717e-03,-6.250192344e-04,1.438809531e-01,3.858018152e-01,1.676698761e+00,5.040129422e+00,6.588174122e+00,3.083712133e+00,
5.779231090e-04,-2.047850049e-03,-1.603411208e-03,-7.204626159e-02,-4.149731842e-01,-1.346076095e+00,-2.376620156e+00,-2.174710941e+00,-8.164285476e-01,
1.582908967e-01
l,5.0,4.0
1.230,1.630,2.050,
8.039514027e-04,1.015554399e+01
3.747488186e-02,-1.197753327e-02,-9.705712302e-02,6.001575017e+00,4.426314002e+01,1.666861291e+02,3.949412363e+02,5.447910393e+02,3.243721800e+02,
1.201144237e-02,-4.304621439e-02,-1.445466032e-01,-4.369806578e+00,-3.984137385e+01,-1.989291549e+02,-5.552588411e+02,-8.074568957e+02,-4.798558441e+02,
1.591434805e-01
l,5.0,5.0
1.290,1.530,1.790,
2.174328613e-03,1.861357872e+01
7.803534865e-01,-6.562438866e+00,4.274686925e+01,7.508364752e+02,9.833157123e+03,1.822243680e+05,1.387378208e+06,4.420757688e+06,5.079232771e+06,
1.341230872e-01,-6.998513325e-01,-1.120792704e+01,-6.483132237e+02,-1.241065645e+04,-1.170762820e+05,-5.724557530e+05,-1.406780796e+06,-1.374878755e+06,
1.590822282e-01
l,6.0,-6.0
1.130,1.730,2.370,
1.507759903e-08,8.762174414e+00
1.988656066e-07,-3.574476347e-07,7.261364743e-09,8.134254443e-06,3.385565235e-05,1.477525086e-04,4.082768443e-04,5.339230327e-04,2.610389954e-04,
2.906771801e-08,-1.018838100e-07,-7.684174170e-08,-3.504913557e-06,-2.079466312e-05,-7.042207987e-05,-1.318975254e-04,-1.288400190e-04,-5.179814335e-05,
1.586624401e-01
l,6.0,-5.0
1.270,1.810,2.430,
5.472841587e-09,1.238836287e+01
4.594724885e-07,-6.104370456e-07,3.017110381e-07,4.996443274e-05,3.770402590e-04,1.681168245e-03,4.218845025e-03,5.350700766e-03,2.664609597e-03,
7.661347078e-08,-2.693322795e-07,-2.601973202e-07,-1.040208147e-05,-6.433213344e-05,-2.230354485e-04,-4.259317779e-04,-4.211372534e-04,-1.707472706e-04,
1.589270118e-01
l,6.0,-4.0
1.370,1.930,2.550,
5.505617141e-09,1.197846930e+01
9.990078524e-07,-1.295159474e-06,5.504383760e-06,1.694962512e-04,1.173410349e-03,4.632328405e-03,1.031715711e-02,1.181980038e-02,5.399325748e-03,
1.629323537e-07,-5.759390723e-07,-6.987347674e-07,-2.554155822e-05,-1.664245723e-04,-6.051859793e-04,-1.211926096e-03,-1.257185175e-03,-5.325100982e-04,
1.588477478e-01
l,6.0,-3.0
1.430,1.990,2.630,
5.413458981e-09,1.254576692e+01
2.448161922e-06,-2.380703020e-06,1.888734176e-06,2.770733644e-04,1.925490775e-03,7.522456346e-03,1.692764159e-02,1.978399594e-02,9.234396182e-03,
3.988808256e-07,-1.414737127e-06,-1.237060002e-06,-5.188043940e-05,-3.127678384e-04,-1.063313649e-03,-1.993047346e-03,-1.929766413e-03,-7.659348220e-04,
1.589270546e-01
l,6.0,-2.0
1.450,2.090,2.730,
1.099210788e-09,1.811128245e+01
5.862740181e-06,-7.156389280e-06,4.043057837e-07,4.093020955e-04,1.817328422e-03,4.188590027e-03,5.403055105e-03,3.221997317e-03,4.571107866e-04,
9.074932942e-07,-3.231310168e-06,-2.651449593e-06,-1.179459028e-04,-7.147176444e-04,-2.447706638e-03,-4.616336999e-03,-4.505401973e-03,-1.803846195e-03,
1.588168109e-01
l,6.0,-1.0
1.510,2.130,2.770,
6.188108899e-09,1.465446098e+01
1.574208000e-05,-1.597409398e-05,-4.558489718e-05,5.135299861e-04,1.191055659e-03,-1.830495187e-03,-1.059140374e-02,-1.574071197e-02,-8.224016752e-03,
2.557637588e-06,-9.120542804e-06,-9.894573223e-06,-3.640360413e-04,-2.199083433e-03,-7.405674497e-03,-1.367937960e-02,-1.300314812e-02,-5.048680064e-03,
1.589098954e-01
l,6.0,0.0
1.570,2.190,2.850,
9.471780008e-08,9.850787550e+00
4.256449029e-05,-5.062340821e-05,-5.315524755e-05,2.488557793e-03,1.309709484e-02,4.180971683e-02,8.509269937e-02,9.350917061e-02,4.133158457e-02,
6.238369937e-06,-2.230945736e-05,-1.990057362e-05,-8.236918687e-04,-4.846158353e-03,-1.599166080e-02,-2.886336735e-02,-2.682894057e-02,-1.020912805e-02,
1.587855181e-01
l,6.0,1.0
1.550,2.210,2.870,
8.206937246e-08,1.246896069e+01
1.269490022e-04,-1.445624010e-04,-3.506176910e-04,3.818259422e-03,9.276524055e-03,-3.084258955e-03,-3.565329939e-02,-4.901382688e-02,-2.293792963e-02,
1.887587555e-05,-6.755149806e-05,-6.008349284e-05,-2.491460625e-03,-1.466234888e-02,-4.824636883e-02,-8.668627475e-02,-8.001670515e-02,-3.018015730e-02,
1.588788508e-01
l,6.0,2.0
1.570,2.230,2.910,
1.231016246e-06,8.936484477e+00
3.937846050e-04,-5.236334274e-04,-1.056057068e-03,9.761097192e-03,1.691772315e-02,-1.769563621e-02,-5.873062172e-02,-4.137612708e-02,-6.464552499e-03,
5.304088277e-05,-1.900878904e-04,-1.672313586e-04,-6.894765222e-03,-3.948203850e-02,-1.263757406e-01,-2.199217249e-01,-1.966417132e-01,-7.193505401e-02,
1.586005546e-01
l,6.0,3.0
1.550,2.210,2.870,
3.049364547e-06,9.920613937e+00
1.399492961e-03,-1.918284953e-03,-3.079707653e-03,4.286640604e-02,1.024878475e-01,6.832406947e-02,1.928098214e-02,5.156974733e-02,4.346236093e-02,
1.991940164e-04,-7.131692718e-04,-5.794009016e-04,-2.560285571e-02,-1.501333165e-01,-4.943809257e-01,-8.891105516e-01,-8.238073208e-01,-3.126250581e-01,
1.588478239e-01
l,6.0,4.0
1.530,2.190,2.870,
1.584336283e-05,9.847454653e+00
5.328570027e-03,-9.887382926e-03,-5.421354248e-03,1.425831921e-01,1.754566741e-01,1.732145569e-01,1.160030320e+00,2.131014780e+00,1.147428949e+00,
6.453849125e-04,-2.313148299e-03,-1.609119193e-03,-7.921533689e-02,-4.539944291e-01,-1.470108110e+00,-2.588929841e+00,-2.359482827e+00,-8.835798290e-01,
1.582908599e-01
l,6.0,5.0
1.510,1.930,2.390,
8.106762830e-05,1.080214180e+01
4.090997949e-02,-2.956448085e-03,-1.496237811e-01,5.505164043e+00,4.309888396e+01,1.634959194e+02,3.737489273e+02,4.853749140e+02,2.707565257e+02,
1.190425293e-02,-4.323014425e-02,-1.284737449e-01,-3.887856548e+00,-3.313968878e+01,-1.535086417e+02,-3.938249615e+02,-5.220102996e+02,-2.812387971e+02,
1.591435211e-01
l,6.0,6.0
1.590,1.830,2.110,
2.307762942e-05,2.044120071e+01
8.383818269e-01,-6.065462614e+00,-6.165900603e+00,-1.120516993e+03,-3.018980398e+04,-2.451109995e+05,-9.025450276e+05,-1.552862867e+06,-9.883864505e+05,
1.411370532e-01,-7.203983090e-01,-3.644246024e+00,-1.853921051e+02,-2.511254778e+03,-1.940832002e+04,-8.331233705e+04,-1.901966580e+05,-1.792216815e+05,
1.590822110e-01
l,7.0,-7.0
1.350,1.910,2.550,
1.978974722e-11,1.915201804e+01
3.138050175e-08,-4.210157140e-08,3.144226357e-07,8.170268854e-06,6.247676543e-05,2.635876100e-04,6.096735789e-04,7.161034950e-04,3.334109462e-04,
4.751474309e-09,-1.679567290e-08,-1.673434104e-08,-6.517524649e-07,-4.035947016e-06,-1.427668759e-05,-2.807495250e-05,-2.878394408e-05,-1.209990780e-05,
1.587543680e-01
l,7.0,-6.0
1.430,2.030,2.630,
0.000000000e+00,0.000000000e+00
6.637471017e-08,-9.437003604e-08,-7.652730896e-07,-1.000335424e-05,-1.002356001e-04,-4.588246623e-04,-1.074592351e-03,-1.264814232e-03,-5.927122791e-04,
1.163909648e-08,-4.128111448e-08,-5.372573345e-08,-1.845666601e-06,-1.169229078e-05,-4.084823239e-05,-7.800604798e-05,-7.650741359e-05,-3.052252507e-05,
1.589270211e-01
l,7.0,-5.0
1.570,2.130,2.770,
5.548229349e-11,1.386476015e+01
1.453665988e-07,-1.607254343e-07,-3.530503002e-07,8.835049938e-06,5.920557110e-05,2.465535069e-04,6.201653952e-04,7.993229741e-04,4.022289711e-04,
2.297585945e-08,-8.193145961e-08,-5.961257394e-08,-2.817615038e-06,-1.656686466e-05,-5.510336415e-05,-1.007080281e-04,-9.485150205e-05,-3.668102706e-05,
1.589098191e-01
l,7.0,-4.0
1.670,2.230,2.850,
1.237902470e-11,1.671798483e+01
3.289906090e-07,-3.050708142e-07,1.459576539e-06,5.880599371e-05,4.314960245e-04,1.728389332e-03,3.879946641e-03,4.490073379e-03,2.075543317e-03,
5.610120722e-08,-2.006243181e-07,-2.347749835e-07,-8.672245414e-06,-5.574497448e-05,-2.003957639e-04,-3.973274624e-04,-4.071614552e-04,-1.703902258e-04,
1.589580170e-01
l,7.0,-3.0
1.770,2.330,2.950,
7.950283867e-11,1.356326780e+01
7.670766990e-07,-8.001351659e-07,3.488589418e-06,1.275599059e-04,8.835557942e-04,3.381739835e-03,7.322460775e-03,8.226585603e-03,3.709252286e-03,
1.273244198e-07,-4.568411434e-07,-5.199625895e-07,-1.979717599e-05,-1.281361859e-04,-4.637809710e-04,-9.245401583e-04,-9.525578262e-04,-4.006509873e-04,
1.589098614e-01
l,7.0,-2.0
1.830,2.390,3.030,
9.413416395e-11,1.397010792e+01
1.938650939e-06,-1.807304200e-06,1.789273074e-06,2.292526474e-04,1.625637426e-03,6.334930110e-03,1.408609735e-02,1.626976811e-02,7.523170401e-03,
3.103009767e-07,-1.116140307e-06,-8.682312765e-07,-3.993417327e-05,-2.400041848e-04,-8.163063708e-04,-1.529306135e-03,-1.477035222e-03,-5.844442560e-04,
1.589270767e-01
l,7.0,-1.0
1.810,2.450,3.090,
1.000392872e-09,1.129304012e+01
5.047786090e-06,-4.859675586e-06,-1.459643212e-05,1.964969958e-04,7.763932660e-04,1.323916091e-03,1.310267215e-03,7.645326615e-04,1.998468312e-04,
8.118590003e-07,-2.925430563e-06,-2.974794362e-06,-1.139553610e-04,-6.818228475e-04,-2.284731642e-03,-4.202181612e-03,-3.973628411e-03,-1.535169877e-03,
1.588788462e-01
l,7.0,0.0
1.890,2.490,3.150,
9.143280726e-10,1.255782143e+01
1.391852038e-05,-1.189933759e-05,-9.139489156e-06,1.133636368e-03,6.984747569e-03,2.331086421e-02,4.575702884e-02,4.777505844e-02,2.023035750e-02,
2.124375091e-06,-7.668032107e-06,-6.513515114e-06,-2.816591943e-04,-1.670742197e-03,-5.556954408e-03,-1.010667417e-02,-9.427032896e-03,-3.588628417e-03,
1.589098605e-01
l,7.0,1.0
1.910,2.530,3.190,
8.903677137e-09,1.046946769e+01
3.975945947e-05,-4.001810526e-05,-1.229985611e-04,1.382807798e-03,5.906318022e-03,1.362050250e-02,2.384297103e-02,2.633652786e-02,1.228969767e-02,
5.967572817e-06,-2.156416730e-05,-2.057418902e-05,-8.103529615e-04,-4.718661962e-03,-1.536354654e-02,-2.731558889e-02,-2.489421530e-02,-9.260151272e-03,
1.587857759e-01
l,7.0,2.0
1.910,2.530,3.210,
2.611961985e-08,1.047543757e+01
1.240273996e-04,-1.048007638e-04,-4.152082410e-04,4.208766412e-03,1.901074018e-02,4.273333347e-02,6.785837123e-02,6.850972948e-02,3.026257195e-02,
1.804299313e-05,-6.523630498e-05,-6.058324367e-05,-2.411776613e-03,-1.383541265e-02,-4.416801900e-02,-7.659408574e-02,-6.775847733e-02,-2.438883102e-02,
1.588788550e-01
l,7.0,3.0
1.890,2.550,3.250,
1.492158779e-07,9.689903743e+00
3.969616955e-04,-4.613445900e-04,-1.057380314e-03,1.380935100e-02,5.515195891e-02,1.216701876e-01,2.010694518e-01,2.065675248e-01,8.949370762e-02,
5.064594627e-05,-1.833223319e-04,-2.394064138e-05,-4.270066362e-03,-2.125364992e-02,-6.307145030e-02,-1.028811389e-01,-8.639503147e-02,-3.024333864e-02,
1.586624716e-01
l,7.0,4.0
1.850,2.510,3.190,
1.261655094e-07,1.226701358e+01
1.476551988e-03,-1.611776798e-03,-4.617231081e-03,4.084032035e-02,1.079253332e-01,8.288517636e-03,-2.688608538e-01,-3.687901139e-01,-1.634508081e-01,
2.046332018e-04,-7.397689490e-04,-6.248716480e-04,-2.653297441e-02,-1.516033279e-01,-4.844048459e-01,-8.411958741e-01,-7.479294067e-01,-2.715804691e-01,
1.588167499e-01
l,7.0,5.0
1.830,2.490,3.170,
1.700115995e-06,1.077712724e+01
5.820025224e-03,-9.800173352e-03,-9.154822919e-03,1.688471951e-01,2.813715119e-01,8.862289745e-02,4.035633074e-01,1.073391440e+00,6.748163187e-01,
7.131259877e-04,-2.579456717e-03,-1.902963316e-03,-9.025542113e-02,-5.165909061e-01,-1.668401314e+00,-2.928715383e+00,-2.655061394e+00,-9.889548703e-01,
1.583529746e-01
l,7.0,6.0
1.810,2.250,2.730,
8.633897852e-06,1.154001868e+01
4.355480894e-02,-1.185067249e-02,-1.651552970e-01,4.979973757e+00,3.689561296e+01,1.330212696e+02,2.914603078e+02,3.647005849e+02,1.963793861e+02,
1.156855626e-02,-4.240171047e-02,-1.106491585e-01,-3.474121811e+00,-2.868601033e+01,-1.284742585e+02,-3.170828535e+02,-4.030586574e+02,-2.079558634e+02,
1.591443768e-01
l,7.0,7.0
1.930,2.130,2.430,
1.074448382e-06,1.990825496e+01
8.810445070e-01,-5.399028357e+00,-4.651469404e+00,-4.879680002e+02,-1.839693290e+04,-1.654555089e+05,-6.679289239e+05,-1.298669478e+06,-9.939717163e+05,
1.456385425e-01,-7.274565684e-01,-3.797795802e+00,-1.801367403e+02,-2.330260534e+03,-1.698909802e+04,-6.847283782e+04,-1.460976072e+05,-1.287603552e+05,
1.590822208e-01
l,8.0,-8.0
1.590,1.690,1.810,
0.000000000e+00,0.000000000e+00
2.162435031e-08,6.606369660e-08,-1.638796746e-06,-1.968590503e-05,-8.405719321e-04,-1.769662598e-02,-1.496151550e-01,-4.494693066e-01,0.000000000e+00,
1.902991993e-08,-6.421655750e-08,-2.710515767e-06,-1.429763619e-04,-3.319777816e-03,-3.848411928e-02,-2.221349756e-01,-5.049404249e-01,0.000000000e+00,
1.591434745e-01
l,8.0,-7.0
1.690,2.230,2.850,
8.462496971e-13,1.484183506e+01
9.726551120e-09,-1.285338102e-08,-1.420257364e-07,-1.262380352e-06,-9.208779376e-06,-3.161594516e-05,-5.192885478e-05,-3.781892778e-05,-8.222917723e-06,
1.636999396e-09,-5.854095845e-09,-4.139419678e-09,-1.833847871e-07,-9.544899994e-07,-2.698563921e-06,-3.921075453e-06,-2.563505403e-06,-5.220729097e-07,
1.589579301e-01
l,8.0,-6.0
1.770,2.350,2.970,
2.832256979e-12,1.261394390e+01
2.038611058e-08,-1.688421602e-08,1.434041815e-07,4.144560713e-06,2.729548038e-05,9.640967208e-05,1.913743432e-04,1.981105816e-04,8.292297276e-05,
3.458277206e-09,-1.241621984e-08,-1.628970145e-08,-5.841345029e-07,-3.885362632e-06,-1.434706205e-05,-2.911163986e-05,-3.046810140e-05,-1.298031799e-05,
1.589268970e-01
l,8.0,-5.0
1.910,2.450,3.070,
2.553819973e-14,1.977872621e+01
4.518630092e-08,-3.915362776e-08,-7.112536151e-08,4.448105148e-06,3.728232557e-05,1.709999304e-04,4.386012580e-04,5.700788421e-04,2.909325054e-04,
7.841891782e-09,-2.824067531e-08,-3.136263941e-08,-1.162789996e-06,-7.181306550e-06,-2.472191285e-05,-4.674974016e-05,-4.541624007e-05,-1.799691023e-05,
1.589579595e-01
l,8.0,-4.0
2.010,2.550,3.170,
4.723985530e-12,1.226694427e+01
1.031802981e-07,-1.052614174e-07,-1.090017814e-06,-7.496829047e-06,-6.232428256e-05,-2.456546944e-04,-4.723691698e-04,-4.365222477e-04,-1.535770453e-04,
1.775623754e-08,-6.412724760e-08,-5.768883790e-08,-2.311200385e-06,-1.320356510e-05,-4.193943677e-05,-7.226108388e-05,-6.261417475e-05,-2.174464064e-05,
1.589269765e-01
l,8.0,-3.0
2.070,2.630,3.270,
4.232788695e-14,1.923029307e+01
2.474938867e-07,-1.828485248e-07,9.069198346e-07,4.441866988e-05,3.376304539e-04,1.355912638e-03,3.021637650e-03,3.468733093e-03,1.592784790e-03,
4.018080338e-08,-1.455019506e-07,-1.090812043e-07,-5.178947587e-06,-3.127432001e-05,-1.073517458e-04,-2.034642574e-04,-1.987450322e-04,-7.949359868e-05,
1.589580564e-01
l,8.0,-2.0
2.130,2.690,3.330,
5.289671346e-13,1.638648267e+01
6.238105925e-07,-4.031293253e-07,-9.545250441e-07,5.509990540e-05,4.113722263e-04,1.630377464e-03,3.700594967e-03,4.373965556e-03,2.067843152e-03,
1.049889269e-07,-3.807624265e-07,-4.071398469e-07,-1.508451885e-05,-9.026365430e-05,-3.020818337e-04,-5.552742177e-04,-5.229506604e-04,-2.005840507e-04,
1.589270767e-01
l,8.0,-1.0
2.170,2.750,3.410,
2.216903939e-11,1.239015234e+01
1.625536015e-06,-1.149316384e-06,-9.669536150e-06,7.783903496e-06,-3.109598469e-05,-3.678820543e-04,-7.361738221e-04,-4.903400149e-04,-4.858945314e-05,
2.551183772e-07,-9.270332247e-07,-7.651873579e-07,-3.332863971e-05,-1.924535021e-04,-6.186759738e-04,-1.079243328e-03,-9.542109089e-04,-3.416625019e-04,
1.589580904e-01
l,8.0,0.0
2.230,2.810,3.470,
3.088904637e-11,1.291436421e+01
4.373480806e-06,-3.832550312e-06,-2.721383339e-05,-1.418587263e-05,-3.245216544e-04,-1.574123117e-03,-2.419319336e-03,-1.029522808e-03,2.762404386e-04,
6.660370148e-07,-2.423582899e-06,-1.854685217e-06,-8.445631598e-05,-4.809006464e-04,-1.529589983e-03,-2.638559060e-03,-2.307591208e-03,-8.184205135e-04,
1.589098605e-01
l,8.0,1.0
2.230,2.830,3.510,
2.997933278e-11,1.407862840e+01
1.260117006e-05,-7.864155825e-06,-2.800408879e-05,7.885254776e-04,5.075639828e-03,1.698221212e-02,3.355627754e-02,3.551664181e-02,1.529252222e-02,
1.870248962e-06,-6.811640661e-06,-5.530044384e-06,-2.443329315e-04,-1.409975984e-03,-4.540042771e-03,-7.937470592e-03,-7.056634905e-03,-2.547204510e-03,
1.589099000e-01
l,8.0,2.0
2.190,2.870,3.550,
7.465296252e-12,1.726388581e+01
3.709017983e-05,-3.381052796e-05,-1.793247773e-04,2.868225832e-04,-1.665088040e-03,-1.592357184e-02,-3.986073032e-02,-4.352807099e-02,-1.806721003e-02,
5.247966911e-06,-1.913060914e-05,-1.364096498e-05,-6.522686568e-04,-3.677066540e-03,-1.160055025e-02,-1.981599579e-02,-1.719883433e-02,-6.070189918e-03,
1.588167929e-01
l,8.0,3.0
2.190,2.870,3.550,
1.271447701e-10,1.513047865e+01
1.183998975e-04,-1.007691055e-04,-4.998265611e-04,2.012320749e-03,3.037179997e-03,-1.948948822e-02,-6.543798188e-02,-7.724329458e-02,-3.306178077e-02,
1.705339973e-05,-6.216679432e-05,-5.758761923e-05,-2.297773688e-03,-1.308917641e-02,-4.151299017e-02,-7.144693485e-02,-6.260073524e-02,-2.228352391e-02,
1.588788489e-01
l,8.0,4.0
2.170,2.870,3.570,
1.052426097e-08,1.119156908e+01
3.968160017e-04,-4.083663593e-04,-1.355228857e-03,9.578999322e-03,2.725785569e-02,1.023522826e-02,-4.078532290e-02,-5.498075074e-02,-2.126013245e-02,
5.143980955e-05,-1.876130907e-04,-3.440688155e-05,-4.499386479e-03,-2.239669174e-02,-6.621212781e-02,-1.074949542e-01,-8.938052480e-02,-3.083205303e-02,
1.586925531e-01
l,8.0,5.0
2.150,2.830,3.510,
1.017038484e-08,1.315985060e+01
1.503712963e-03,-1.563487389e-03,-4.242916652e-03,4.951386194e-02,1.779311750e-01,2.568252108e-01,1.850988808e-01,5.472993155e-02,-2.610778401e-03,
2.081469685e-04,-7.583953116e-04,-7.103859768e-04,-2.834035691e-02,-1.626062621e-01,-5.207624524e-01,-9.064787318e-01,-8.072730218e-01,-2.931627887e-01,
1.588167905e-01
l,8.0,6.0
2.130,2.790,3.470,
1.913644520e-07,1.159417765e+01
6.255169865e-03,-9.423410494e-03,-1.241849501e-02,1.997572621e-01,4.835783547e-01,4.662553617e-01,6.121018108e-01,9.675864955e-01,5.670440286e-01,
7.810718709e-04,-2.846526751e-03,-2.454575237e-03,-1.047108452e-01,-5.999411631e-01,-1.931833188e+00,-3.379996206e+00,-3.046891285e+00,-1.126981820e+00,
1.584457786e-01
l,8.0,7.0
2.090,2.550,3.050,
4.342494234e-07,1.332949693e+01
4.607212916e-02,-1.929346061e-03,-1.606905693e-01,5.128518535e+00,3.976293778e+01,1.459796443e+02,3.125640570e+02,3.696841366e+02,1.847431131e+02,
1.192434330e-02,-4.406753614e-02,-1.284141007e-01,-3.792536132e+00,-3.054808511e+01,-1.325478309e+02,-3.155521612e+02,-3.855276131e+02,-1.905013319e+02,
1.591443866e-01
l,8.0,8.0
2.110,2.430,2.750,
0.000000000e+00,0.000000000e+00
9.111776948e-01,-4.705494298e+00,-4.171361290e+00,-6.018346050e+01,-9.377912827e+03,-9.435252792e+04,-3.941892440e+05,-7.771083939e+05,-5.984732302e+05,
1.481808052e-01,-7.250835399e-01,-3.897132008e+00,-1.738913610e+02,-2.156000301e+03,-1.487670212e+04,-5.642597005e+04,-1.127113886e+05,-9.294196209e+04,
1.591132792e-01
l,9.0,-9.0
1.450,1.550,1.650,
0.000000000e+00,0.000000000e+00
1.009918993e-08,7.328629503e-08,3.240644794e-07,2.139539766e-05,7.966743650e-05,-3.145518606e-03,-2.218619384e-02,0.000000000e+00,0.000000000e+00,
1.001097914e-08,-3.324576448e-08,-1.930664740e-06,-9.156424935e-05,-1.861284468e-03,-1.660257424e-02,-5.539126146e-02,0.000000000e+00,0.000000000e+00,
1.591435294e-01
l,9.0,-8.0
1.650,1.810,2.010,
0.000000000e+00,0.000000000e+00
6.187946155e-09,1.145098148e-07,6.226200543e-06,3.826944919e-04,1.075888271e-02,1.484359425e-01,1.068973073e+00,3.873764485e+00,5.587920685e+00,
9.635189704e-09,-3.304367589e-08,-1.530044077e-06,-8.032955432e-05,-1.825629755e-03,-2.110256428e-02,-1.316057064e-01,-4.198586255e-01,-5.370034390e-01,
1.591434745e-01
l,9.0,-7.0
1.970,2.570,3.190,
0.000000000e+00,0.000000000e+00
2.851687109e-09,-3.712701931e-09,-7.402920430e-08,-1.024176371e-06,-8.525849380e-06,-3.598220856e-05,-8.025902180e-05,-9.083894705e-05,-4.111373388e-05,
4.820965404e-10,-1.742061250e-09,-8.050296093e-10,-4.529647920e-08,-1.987058182e-07,-4.192556478e-07,-2.607110735e-07,3.177967669e-07,3.552085359e-07,
1.589578797e-01
l,9.0,-6.0
2.150,2.690,3.310,
2.517656455e-17,2.321926429e+01
6.067845781e-09,-6.173947204e-09,-1.852365720e-08,4.716225024e-07,4.347169136e-06,2.183838257e-05,5.983873948e-05,8.123348812e-05,4.268774871e-05,
1.014474206e-09,-3.677343219e-09,-3.038691371e-09,-1.367727544e-07,-8.291804088e-07,-2.816044733e-06,-5.233452754e-06,-4.978265959e-06,-1.931568946e-06,
1.589889293e-01
l,9.0,-5.0
2.250,2.790,3.410,
1.545304758e-13,1.233087038e+01
1.359390023e-08,-1.521222563e-08,-2.018656359e-07,-1.978133381e-06,-1.577983825e-05,-6.232138162e-05,-1.261026519e-04,-1.271566779e-04,-5.071334589e-05,
2.291799121e-09,-8.327792303e-09,-5.137342838e-09,-2.611399879e-07,-1.402379261e-06,-4.151895528e-06,-6.466248276e-06,-4.766282336e-06,-1.274959867e-06,
1.589579213e-01
l,9.0,-4.0
2.310,2.870,3.490,
0.000000000e+00,0.000000000e+00
3.184042896e-08,-1.784978292e-08,2.935620383e-07,8.828634971e-06,6.798408937e-05,2.741486035e-04,6.069265500e-04,6.903294613e-04,3.142567018e-04,
5.564822663e-09,-2.025850266e-08,-2.566696418e-08,-9.266999931e-07,-6.072676163e-06,-2.221806023e-05,-4.482309645e-05,-4.659550724e-05,-1.971140402e-05,
1.589579624e-01
l,9.0,-3.0
2.370,2.930,3.570,
1.449321749e-17,2.396953673e+01
7.800021962e-08,-3.324469151e-08,4.511683774e-08,1.094169901e-05,8.922544438e-05,3.717169758e-04,8.532060825e-04,1.004768498e-03,4.715856643e-04,
1.350510277e-08,-4.925147381e-08,-5.354723533e-08,-1.965679547e-06,-1.178989707e-05,-3.959079605e-05,-7.313982175e-05,-6.913111436e-05,-2.656311141e-05,
1.589580178e-01
l,9.0,-2.0
2.430,3.010,3.650,
6.256681366e-14,1.499756741e+01
1.945419967e-07,-1.205732187e-07,-1.048127489e-06,3.076376227e-06,1.452992946e-05,3.306239663e-05,8.764442568e-05,1.462559206e-04,8.940293329e-05,
3.275864418e-08,-1.196679314e-07,-1.252863736e-07,-4.761045766e-06,-2.846863296e-05,-9.458496041e-05,-1.715768918e-04,-1.584082714e-04,-5.924151452e-05,
1.589580626e-01
l,9.0,-1.0
2.470,3.070,3.730,
2.532474462e-15,1.921324606e+01
5.061198181e-07,-2.873858837e-07,-4.961450956e-07,4.632116518e-05,3.278857332e-04,1.200723676e-03,2.497423464e-03,2.712871032e-03,1.184304955e-03,
7.942286221e-08,-2.905998999e-07,-2.192669201e-07,-1.026200334e-05,-5.997725443e-05,-1.974264462e-04,-3.553797221e-04,-3.262798020e-04,-1.219099239e-04,
1.589580611e-01
l,9.0,0.0
2.530,3.110,3.770,
1.384998480e-13,1.561557695e+01
1.379047944e-06,-7.870338654e-07,-1.057184560e-05,-2.341292330e-05,-1.648544207e-04,-6.033428118e-04,-7.977541550e-04,-1.808120307e-04,2.231666085e-04,
2.228002640e-07,-8.158367025e-07,-7.365559390e-07,-2.951328947e-05,-1.664298709e-04,-5.215794343e-04,-8.859783419e-04,-7.567536892e-04,-2.593678783e-04,
1.589270150e-01
l,9.0,1.0
2.530,3.170,3.830,
1.873488714e-11,1.134773113e+01
3.821537121e-06,-3.102802718e-06,-1.852686433e-05,5.419651822e-05,9.373226710e-05,-4.940132748e-04,-1.550507044e-03,-1.609927031e-03,-5.802773690e-04,
5.808173793e-07,-2.129217242e-06,-1.600578300e-06,-7.414345128e-05,-4.236740125e-04,-1.359438738e-03,-2.374849349e-03,-2.108995839e-03,-7.609598905e-04,
1.589099000e-01
l,9.0,2.0
2.550,3.190,3.870,
8.344760764e-12,1.326252432e+01
1.129626980e-05,-7.893778427e-06,-1.865197882e-05,7.347964872e-04,4.372537112e-03,1.319120477e-02,2.313984078e-02,2.180455693e-02,8.440975968e-03,
1.629377811e-06,-5.977540780e-06,-4.248546092e-06,-2.072644603e-04,-1.191314825e-03,-3.845590402e-03,-6.747690816e-03,-6.027246427e-03,-2.189405682e-03,
1.589270588e-01
l,9.0,3.0
2.550,3.190,3.890,
3.382049668e-11,1.295406718e+01
3.517129153e-05,-2.120225025e-05,-1.122400848e-04,1.587085444e-03,9.589668352e-03,2.788102619e-02,4.761208734e-02,4.429678117e-02,1.707650952e-02,
4.915611326e-06,-1.804006084e-05,-3.517407814e-06,-4.336965768e-04,-2.148303039e-03,-6.282045883e-03,-1.005504155e-02,-8.099760946e-03,-2.662836255e-03,
1.588478239e-01
l,9.0,4.0
2.530,3.190,3.890,
3.506565837e-10,1.176746678e+01
1.148160009e-04,-7.512107424e-05,-3.764597280e-04,4.544325491e-03,2.570704524e-02,6.989168604e-02,1.141659753e-01,1.037508324e-01,3.954903746e-02,
1.596711066e-05,-5.859966160e-05,-1.457808340e-05,-1.444589622e-03,-7.189241392e-03,-2.108111377e-02,-3.389597510e-02,-2.753165914e-02,-9.141872035e-03,
1.588477870e-01
l,9.0,5.0
2.490,3.190,3.890,
5.085008446e-10,1.285054478e+01
3.943837946e-04,-3.663590890e-04,-1.392698001e-03,9.610637895e-03,3.268601142e-02,3.188908516e-02,-4.807630686e-03,-2.639457035e-02,-1.224001551e-02,
5.181651349e-05,-1.901796126e-04,-4.243195072e-05,-4.659673791e-03,-2.319717152e-02,-6.840352482e-02,-1.107242939e-01,-9.140558593e-02,-3.115484893e-02,
1.586925937e-01
l,9.0,6.0
2.450,3.130,3.830,
1.440200065e-09,1.342998643e+01
1.551680034e-03,-1.237608997e-03,-5.224237754e-03,4.981229502e-02,2.234301865e-01,4.384712911e-01,5.088979194e-01,3.438415617e-01,1.030040486e-01,
2.099207332e-04,-7.698317507e-04,-2.477323499e-04,-1.966171270e-02,-9.837205859e-02,-2.896811511e-01,-4.685951564e-01,-3.858932462e-01,-1.307503537e-01,
1.587857605e-01
l,9.0,7.0
2.390,3.090,3.790,
1.111816407e-08,1.314280574e+01
6.637570914e-03,-8.908542711e-03,-2.041934999e-02,1.492252569e-01,1.716940818e-01,-8.759707880e-01,-2.380695442e+00,-2.248730407e+00,-7.665978622e-01,
7.885783628e-04,-2.892738401e-03,-2.159156176e-04,-6.677023883e-02,-3.300403335e-01,-9.822116446e-01,-1.603604790e+00,-1.354636873e+00,-4.806343983e-01,
1.584457884e-01
l,9.0,8.0
2.350,2.870,3.390,
1.885410365e-08,1.501344573e+01
4.797345027e-02,-1.185039805e-02,-1.931993740e-01,4.298585339e+00,3.067453662e+01,1.003568377e+02,1.891539559e+02,1.960638399e+02,8.573427328e+01,
1.128670289e-02,-4.192063110e-02,-1.003474732e-01,-3.173327985e+00,-2.480124944e+01,-1.043121345e+02,-2.394225891e+02,-2.810260297e+02,-1.332608998e+02,
1.591443742e-01
l,9.0,9.0
2.390,2.730,3.070,
0.000000000e+00,0.000000000e+00
9.310516119e-01,-4.028458073e+00,-5.027965712e+00,1.759508801e+02,-3.746825336e+03,-4.784868102e+04,-2.088688882e+05,-4.119823173e+05,-3.118952841e+05,
1.490850482e-01,-7.156115979e-01,-3.747172883e+00,-1.612056223e+02,-1.918565551e+03,-1.256944712e+04,-4.497874873e+04,-8.433017930e+04,-6.521017398e+04,
1.590822314e-01
