l,1.0,-1.0
0.330,1.030,1.730,
4.087867674e-02,3.235140434e+00
6.515540183e-03,-6.295094462e-03,1.175699624e-02,2.236592279e-01,1.029921133e+00,3.202234214e+00,5.452288272e+00,4.548484365e+00,1.478115888e+00,
2.050722180e-03,-4.088174999e-03,-8.633616372e-03,-1.507243048e-01,-8.359154871e-01,-2.524637888e+00,-4.257452659e+00,-3.761870669e+00,-1.359953769e+00,
1.590823318e-01
l,1.0,0.0
0.350,0.970,1.610,
5.936002650e-02,3.190192510e+00
1.196094975e-02,-9.606527851e-03,3.396856838e-02,7.401966896e-01,4.122597348e+00,1.458591122e+01,2.891810522e+01,2.891339695e+01,1.146271747e+01,
4.275926928e-03,-8.440781241e-03,-2.813483514e-02,-5.088813780e-01,-3.240459443e+00,-1.099509344e+01,-2.056204416e+01,-1.997601251e+01,-7.889331641e+00,
1.591444099e-01
l,1.0,1.0
0.390,0.930,1.510,
1.273687202e-01,3.512170905e+00
2.197396010e-02,-1.626557942e-02,7.163034126e-02,1.768977938e+00,1.059132972e+01,4.112769328e+01,9.159213822e+01,1.037334324e+02,4.665397634e+01,
8.616531778e-03,-1.707638790e-02,-6.339864556e-02,-1.180343711e+00,-8.030278097e+00,-2.946627449e+01,-6.016707886e+01,-6.423935651e+01,-2.801153568e+01,
1.591444548e-01
l,2.0,-2.0
0.790,1.650,2.530,
5.150863385e-04,4.084056106e+00
1.121517038e-03,-1.009390578e-03,-1.712872625e-04,1.657614843e-02,5.044864668e-02,1.236191767e-01,2.024564109e-01,1.691733583e-01,5.476946977e-02,
2.364908497e-04,-5.105334988e-04,-4.979876242e-04,-1.007177981e-02,-4.391095386e-02,-1.060938182e-01,-1.425013916e-01,-9.974827531e-02,-2.859734782e-02,
1.590202151e-01
l,2.0,-1.0
0.810,1.650,2.510,
7.439175155e-04,4.104827831e+00
1.820354955e-03,-1.529163811e-03,-4.392842153e-04,2.886189079e-02,8.941144508e-02,2.149607691e-01,3.540882377e-01,3.031871513e-01,1.012029202e-01,
4.035581254e-04,-8.703612542e-04,-8.996116108e-04,-1.782127774e-02,-7.906927513e-02,-1.945019271e-01,-2.666400984e-01,-1.907066434e-01,-5.590378368e-02,
1.590202084e-01
l,2.0,0.0
0.830,1.650,2.490,
1.103661877e-03,4.220926214e+00
2.967084991e-03,-2.334197289e-03,-3.582918457e-04,5.978489467e-02,2.130482772e-01,5.281430606e-01,8.465539121e-01,7.114527394e-01,2.362979503e-01,
6.889493823e-04,-1.484946361e-03,-1.615201871e-03,-3.153652585e-02,-1.424547037e-01,-3.570090732e-01,-4.997884271e-01,-3.654519503e-01,-1.096086866e-01,
1.590512340e-01
l,2.0,1.0
0.850,1.650,2.470,
1.621417849e-03,4.254959343e+00
4.866219126e-03,-3.598769319e-03,-4.296192345e-04,1.094196629e-01,3.995531358e-01,9.876210946e-01,1.591233688e+00,1.361809301e+00,4.636710102e-01,
1.176707561e-03,-2.536192842e-03,-3.958982101e-03,-7.313063335e-02,-3.595855271e-01,-9.539578376e-01,-1.391952858e+00,-1.050968401e+00,-3.227369230e-01,
1.590823436e-01
l,2.0,2.0
0.890,1.650,2.430,
2.571306277e-03,4.800750360e+00
8.048696443e-03,-5.680729201e-03,-1.498317306e-04,2.034013681e-01,7.588483533e-01,1.878082548e+00,3.052904124e+00,2.666769155e+00,9.322419335e-01,
2.099701653e-03,-4.524617407e-03,-7.717152987e-03,-1.407667732e-01,-7.165038571e-01,-1.976766067e+00,-3.015946754e+00,-2.389209415e+00,-7.713735116e-01,
1.590822745e-01
l,3.0,-3.0
1.290,2.250,3.210,
7.794724019e-06,5.295294676e+00
1.844653016e-04,-1.458454788e-04,-1.487912158e-04,1.950491841e-03,4.549702413e-03,6.699750997e-03,8.325084580e-03,6.318478665e-03,1.938396510e-03,
3.235075740e-05,-7.250384968e-05,-5.075092430e-05,-1.217521105e-03,-4.928570950e-03,-1.107796609e-02,-1.369519977e-02,-8.744033268e-03,-2.280550843e-03,
1.589891263e-01
l,3.0,-2.0
1.310,2.250,3.210,
1.083498589e-05,5.329726281e+00
2.925166918e-04,-1.981537333e-04,-2.717259202e-04,3.364662331e-03,8.816153950e-03,1.345155559e-02,1.585597873e-02,1.153997566e-02,3.503207686e-03,
5.286528997e-05,-1.184860180e-04,-9.546279751e-05,-2.100692812e-03,-8.526651426e-03,-1.914425035e-02,-2.364663290e-02,-1.506990090e-02,-3.918749639e-03,
1.590202151e-01
l,3.0,-1.0
1.330,2.270,3.230,
1.460853222e-05,5.499088735e+00
4.574756022e-04,-3.039894245e-04,-4.710456338e-04,5.061317200e-03,1.284491071e-02,1.807021137e-02,2.013041145e-02,1.451749186e-02,4.440824418e-03,
8.258585066e-05,-1.852695400e-04,-1.349286816e-04,-3.153732513e-03,-1.276756967e-02,-2.864712297e-02,-3.535081963e-02,-2.249212875e-02,-5.840608325e-03,
1.590202084e-01
l,3.0,0.0
1.350,2.290,3.230,
2.082220888e-05,5.481357910e+00
7.173200138e-04,-4.676007051e-04,-7.174425422e-04,8.377307817e-03,2.177987594e-02,3.097361384e-02,3.384018031e-02,2.384176797e-02,7.194563124e-03,
1.349377975e-04,-3.027487489e-04,-2.409404089e-04,-5.388752171e-03,-2.218128850e-02,-5.060773685e-02,-6.367719705e-02,-4.137705579e-02,-1.097733319e-02,
1.590201753e-01
l,3.0,1.0
1.390,2.310,3.230,
2.934249940e-05,5.545182644e+00
1.128250035e-03,-7.304129536e-04,-1.086230799e-03,1.403868628e-02,3.797079751e-02,5.721565823e-02,6.503840351e-02,4.657178961e-02,1.419361942e-02,
2.204904874e-04,-4.947899697e-04,-4.175966669e-04,-9.114719516e-03,-3.814014486e-02,-8.852866385e-02,-1.136216689e-01,-7.542825743e-02,-2.045544683e-02,
1.590202202e-01
l,3.0,2.0
1.410,2.310,3.230,
4.106248430e-05,5.616379150e+00
1.805027016e-03,-9.965031557e-04,-2.008016752e-03,2.337924688e-02,6.791141228e-02,1.039556252e-01,1.143702695e-01,7.965745841e-02,2.415480909e-02,
3.603932131e-04,-8.089880369e-04,-7.032082391e-04,-1.507518366e-02,-6.309303295e-02,-1.462806748e-01,-1.875263076e-01,-1.242048087e-01,-3.358120002e-02,
1.590512644e-01
l,3.0,3.0
1.430,2.330,3.230,
5.715125119e-05,5.717666449e+00
2.863123082e-03,-1.623404112e-03,-3.206955316e-03,3.778734214e-02,1.081171246e-01,1.613309838e-01,1.746032223e-01,1.217240126e-01,3.721484914e-02,
5.890519340e-04,-1.322935993e-03,-1.132284988e-03,-2.474921529e-02,-1.051509676e-01,-2.480818075e-01,-3.244178785e-01,-2.195198512e-01,-6.069818357e-02,
1.590512846e-01
l,4.0,-4.0
1.830,2.830,3.830,
8.243454920e-08,6.664464334e+00
2.935351040e-05,-1.756662418e-05,-3.813104460e-05,2.451487331e-04,5.610918795e-04,5.126691705e-04,2.964210434e-04,1.486117935e-04,4.475367827e-05,
4.852674850e-06,-1.111974800e-05,-4.525487244e-06,-1.439040746e-04,-5.261933200e-04,-1.102064253e-03,-1.279585901e-03,-7.659866966e-04,-1.882692288e-04,
1.589581385e-01
l,4.0,-3.0
1.850,2.850,3.850,
1.372989912e-07,6.381077697e+00
4.530875958e-05,-2.529619718e-05,-6.110763207e-05,3.947240537e-04,9.973210333e-04,1.089142065e-03,7.877887270e-04,4.170442159e-04,1.132616714e-04,
7.572819556e-06,-1.736322838e-05,-7.244698742e-06,-2.258153688e-04,-8.249367041e-04,-1.723977406e-03,-1.996720982e-03,-1.190696637e-03,-2.912143144e-04,
1.589580798e-01
l,4.0,-2.0
1.870,2.870,3.870,
1.059276632e-07,7.327227051e+00
7.000770711e-05,-3.627354575e-05,-9.990884241e-05,5.789269135e-04,1.413591742e-03,1.257171690e-03,4.856496957e-04,5.014085331e-05,-8.978676288e-06,
1.181975258e-05,-2.711681874e-05,-1.203415191e-05,-3.587077547e-04,-1.312407271e-03,-2.743013668e-03,-3.177937639e-03,-1.894541853e-03,-4.628130789e-04,
1.589891443e-01
l,4.0,-1.0
1.910,2.890,3.890,
1.751383040e-07,7.064673492e+00
1.083001989e-04,-5.216374955e-05,-1.575908037e-04,9.155127987e-04,2.337593870e-03,2.219153215e-03,9.755326006e-04,1.680831794e-04,2.472861225e-06,
1.844438095e-05,-4.234001258e-05,-1.875912596e-05,-5.597252118e-04,-2.047773310e-03,-4.277787704e-03,-4.952973034e-03,-2.947907600e-03,-7.183992403e-04,
1.589891377e-01
l,4.0,0.0
1.930,2.910,3.910,
2.546634057e-07,7.003794582e+00
1.677969994e-04,-7.561429652e-05,-2.485130533e-04,1.513065031e-03,4.350896179e-03,5.425489040e-03,4.244061125e-03,2.157938396e-03,5.303469390e-04,
2.878696484e-05,-6.612100235e-05,-2.990282680e-05,-8.789965639e-04,-3.214254249e-03,-6.705541208e-03,-7.751413012e-03,-4.601272504e-03,-1.117351155e-03,
1.590201753e-01
l,4.0,1.0
1.950,2.930,3.930,
4.385076691e-07,6.708366296e+00
2.604410111e-04,-1.099933586e-04,-4.026133328e-04,2.268491665e-03,6.506498803e-03,7.726136735e-03,5.547494693e-03,2.632280853e-03,6.412919769e-04,
4.491957198e-05,-1.032375104e-04,-4.452266038e-05,-1.354671658e-03,-4.948959577e-03,-1.032218300e-02,-1.192804266e-02,-7.070667886e-03,-1.713713718e-03,
1.590202202e-01
l,4.0,2.0
1.990,2.970,3.950,
5.488564834e-07,6.897310697e+00
4.010678967e-04,-2.012661724e-04,-5.843582106e-04,3.640081630e-03,9.986757644e-03,1.179057016e-02,8.890667441e-03,4.602605845e-03,1.196939736e-03,
7.009226087e-05,-1.611886709e-04,-6.708501048e-05,-2.121479040e-03,-7.868589152e-03,-1.670568605e-02,-1.969777082e-02,-1.195117331e-02,-2.971637577e-03,
1.590202057e-01
l,4.0,3.0
2.010,2.970,3.950,
7.284413829e-07,7.002217136e+00
6.316900253e-04,-2.390604414e-04,-9.249052597e-04,6.727390819e-03,2.222028997e-02,3.363381362e-02,3.149031902e-02,1.757409335e-02,4.363737061e-03,
1.145208712e-04,-2.633802367e-04,-1.306622461e-04,-3.629289844e-03,-1.350982915e-02,-2.864587330e-02,-3.374975820e-02,-2.042008389e-02,-5.047361411e-03,
1.590202260e-01
l,4.0,4.0
2.030,2.990,3.970,
9.967001347e-07,7.060793648e+00
9.878870333e-04,-3.633669811e-04,-1.515690693e-03,1.027928351e-02,3.392509313e-02,5.014537986e-02,4.550929961e-02,2.482675766e-02,6.111358957e-03,
1.787040708e-04,-4.112655115e-04,-1.760978422e-04,-5.435726171e-03,-2.015337608e-02,-4.267994741e-02,-5.019307342e-02,-3.026552554e-02,-7.454929504e-03,
1.590202035e-01
l,5.0,-5.0
2.390,3.410,4.450,
7.046168005e-10,7.912590365e+00
4.491358141e-06,-1.842462797e-06,-6.898836339e-06,3.731960201e-05,1.171531183e-04,1.616952314e-04,1.377417928e-04,7.138574309e-05,1.681402345e-05,
7.090076421e-07,-1.650447472e-06,-5.866301903e-07,-2.042228668e-05,-7.181399218e-05,-1.445544223e-04,-1.601041686e-04,-9.033127653e-05,-2.076563273e-05,
1.589580615e-01
l,5.0,-4.0
2.410,3.430,4.470,
2.369684994e-09,6.916075059e+00
6.877627129e-06,-2.438004236e-06,-1.110426715e-05,5.401589985e-05,1.747166185e-04,2.416096435e-04,2.047087582e-04,1.065741820e-04,2.566660689e-05,
1.105634516e-06,-2.574839635e-06,-1.027975955e-06,-3.276840845e-05,-1.157240171e-04,-2.333187845e-04,-2.589788259e-04,-1.463354025e-04,-3.362475658e-05,
1.589581385e-01
l,5.0,-3.0
2.430,3.470,4.510,
5.538932349e-10,8.927138662e+00
1.045216959e-05,-4.244920777e-06,-1.696857299e-05,7.824930896e-05,2.310414597e-04,2.625824685e-04,1.530399205e-04,4.269786268e-05,3.484706324e-06,
1.645590978e-06,-3.835577039e-06,-1.205049027e-06,-4.624517916e-05,-1.621688663e-04,-3.262021705e-04,-3.607687157e-04,-2.029334816e-04,-4.648494712e-05,
1.589580798e-01
l,5.0,-2.0
2.470,3.490,4.530,
1.787101414e-09,7.990553894e+00
1.603738929e-05,-5.678995102e-06,-2.679446093e-05,1.149712068e-04,3.468753011e-04,3.931726751e-04,2.275896131e-04,6.616559262e-05,7.541588797e-06,
2.566001266e-06,-5.983408385e-06,-2.083539181e-06,-7.376696011e-05,-2.596286516e-04,-5.231296210e-04,-5.799975978e-04,-3.269285901e-04,-7.493060069e-05,
1.589580978e-01
l,5.0,-1.0
2.490,3.510,4.550,
9.949776163e-10,8.991075816e+00
2.462379962e-05,-7.550479249e-06,-4.109423278e-05,1.858207685e-04,5.983691825e-04,7.505612751e-04,5.025396721e-04,1.763701773e-04,2.466063792e-05,
4.001138700e-06,-9.333768100e-06,-3.519135070e-06,-1.170270713e-04,-4.121143990e-04,-8.290336584e-04,-9.178269294e-04,-5.160072522e-04,-1.177396373e-04,
1.589580912e-01
l,5.0,0.0
2.510,3.550,4.590,
5.164432987e-09,7.564578730e+00
3.757379091e-05,-1.375659610e-05,-6.256998480e-05,2.801802669e-04,8.753969733e-04,1.103164391e-03,8.102022588e-04,3.635194829e-04,7.868776263e-05,
5.955419708e-06,-1.390411807e-05,-4.152206390e-06,-1.662186598e-04,-5.826579705e-04,-1.172661887e-03,-1.297532340e-03,-7.290835173e-04,-1.666347572e-04,
1.589891046e-01
l,5.0,1.0
2.550,3.570,4.610,
3.517795964e-09,8.346000240e+00
5.785515896e-05,-1.889261430e-05,-9.757312723e-05,4.496425732e-04,1.502081155e-03,2.069779358e-03,1.666883923e-03,7.892458395e-04,1.698143014e-04,
9.285716132e-06,-2.168824450e-05,-6.836588280e-06,-2.617966633e-04,-9.175684657e-04,-1.843168107e-03,-2.035044156e-03,-1.139214963e-03,-2.588814392e-04,
1.589891494e-01
l,5.0,2.0
2.570,3.590,4.630,
1.025671592e-08,7.580671347e+00
8.919677202e-05,-2.573969408e-05,-1.555544802e-04,6.699611067e-04,2.313976570e-03,3.260794763e-03,2.697865945e-03,1.324690180e-03,2.981845840e-04,
1.447808685e-05,-3.382966450e-05,-1.104289530e-05,-4.113997215e-04,-1.444111427e-03,-2.902408684e-03,-3.206630565e-03,-1.794389568e-03,-4.069874038e-04,
1.589891350e-01
l,5.0,3.0
2.610,3.630,4.650,
1.104602876e-08,7.872922658e+00
1.367521036e-04,-4.867931341e-05,-2.235523310e-04,1.132170037e-03,3.772759584e-03,5.381277481e-03,4.620424682e-03,2.370652152e-03,5.514380342e-04,
2.257800094e-05,-5.277761727e-05,-1.921196658e-05,-6.649128533e-04,-2.372899444e-03,-4.849292171e-03,-5.465890533e-03,-3.135516489e-03,-7.314684277e-04,
1.590202260e-01
l,5.0,4.0
2.630,3.650,4.670,
1.060906360e-08,8.283483973e+00
2.116194955e-04,-6.882677157e-05,-3.604600335e-04,1.619992621e-03,5.242058102e-03,6.664396629e-03,4.671602867e-03,1.849848186e-03,3.346215119e-04,
3.520216610e-05,-8.232140135e-05,-2.958033420e-05,-1.035016785e-03,-3.698077445e-03,-7.565551205e-03,-8.536473643e-03,-4.897611617e-03,-1.141599332e-03,
1.590202035e-01
l,5.0,5.0
2.650,3.670,4.690,
7.197112747e-09,9.039162206e+00
3.280937090e-04,-9.854536510e-05,-5.709147813e-04,2.514165391e-03,8.340577807e-03,1.073809219e-02,7.454576278e-03,2.791411172e-03,4.443383313e-04,
5.488448558e-05,-1.284029270e-04,-4.366023726e-05,-1.592297231e-03,-5.675142579e-03,-1.158836577e-02,-1.304608853e-02,-7.455906206e-03,-1.729264973e-03,
1.590202645e-01
l,6.0,-6.0
2.950,4.010,5.070,
8.404525745e-13,1.078409230e+01
6.623964737e-07,-2.103022504e-07,-1.111101648e-06,4.392214264e-06,1.362175488e-05,1.530273860e-05,8.029789612e-06,1.452117153e-06,-1.463805163e-07,
1.015803758e-07,-2.392528383e-07,-7.490699249e-08,-2.886023766e-06,-9.988637367e-06,-1.982295719e-05,-2.156315825e-05,-1.186547059e-05,-2.645559049e-06,
1.589580956e-01
l,6.0,-5.0
2.990,4.030,5.110,
2.395963815e-11,8.003550223e+00
1.009179982e-06,-2.686824235e-07,-1.772085473e-06,7.344551131e-06,2.804785724e-05,4.544861194e-05,4.400543642e-05,2.453670688e-05,5.943600549e-06,
1.510304272e-07,-3.559560312e-07,-8.160068561e-08,-4.002339601e-06,-1.348406012e-05,-2.611132145e-05,-2.755559244e-05,-1.457674618e-05,-3.105898402e-06,
1.589581161e-01
l,6.0,-4.0
3.010,4.070,5.130,
1.090487552e-11,9.023591810e+00
1.528626967e-06,-4.597455593e-07,-2.541164862e-06,1.111891008e-05,3.817922471e-05,5.398530469e-05,4.452658942e-05,2.138106357e-05,4.605587623e-06,
2.353822613e-07,-5.549402787e-07,-1.673856913e-07,-6.638122753e-06,-2.291945250e-05,-4.538498677e-05,-4.923613546e-05,-2.697387686e-05,-5.978885725e-06,
1.589581385e-01
l,6.0,-3.0
3.030,4.090,5.170,
6.971362818e-11,7.660767750e+00
2.332390068e-06,-5.863488138e-07,-4.230200335e-06,1.551412532e-05,5.828507965e-05,8.801186649e-05,7.736885758e-05,3.921539224e-05,8.802067887e-06,
3.500041835e-07,-8.257024026e-07,-1.950717977e-07,-9.355088139e-06,-3.158007363e-05,-6.123690084e-05,-6.470635656e-05,-3.425842063e-05,-7.299773255e-06,
1.589891263e-01
l,6.0,-2.0
3.070,4.130,5.190,
8.810743256e-11,7.759247097e+00
3.539372074e-06,-1.036945563e-06,-5.962302510e-06,2.655145814e-05,9.629865477e-05,1.484056182e-04,1.363666782e-04,7.276160635e-05,1.707049999e-05,
5.453534886e-07,-1.286961970e-06,-3.584246871e-07,-1.514377177e-05,-5.209866550e-05,-1.029050157e-04,-1.112746165e-04,-6.064731739e-05,-1.335550133e-05,
1.589580978e-01
l,6.0,-1.0
3.090,4.150,5.210,
2.296495934e-11,9.261647161e+00
5.409749065e-06,-1.299973547e-06,-9.693945630e-06,3.499808525e-05,1.256440002e-04,1.718577901e-04,1.281115933e-04,5.206979227e-05,9.101733256e-06,
8.500532371e-07,-2.006642533e-06,-6.901282851e-07,-2.464060175e-05,-8.516592983e-05,-1.683311249e-04,-1.823191909e-04,-9.953090726e-05,-2.190841663e-05,
1.589891377e-01
l,6.0,0.0
3.130,4.190,5.250,
2.182123719e-10,7.582600268e+00
8.225628335e-06,-2.411911811e-06,-1.418536161e-05,6.022602135e-05,2.206384183e-04,3.397689023e-04,3.106385321e-04,1.647074889e-04,3.845038594e-05,
1.263599484e-06,-2.984712588e-06,-7.861255483e-07,-3.479610504e-05,-1.194308867e-04,-2.355653208e-04,-2.541961031e-04,-1.380922036e-04,-3.029120169e-05,
1.589891046e-01
l,6.0,1.0
3.150,4.210,5.270,
1.007006389e-11,1.056644914e+01
1.259826968e-05,-3.064630153e-06,-2.297928511e-05,7.620070325e-05,2.631098968e-04,3.210667143e-04,1.884059988e-04,4.496126325e-05,2.643782044e-07,
1.969127995e-06,-4.652649146e-06,-1.410416619e-06,-5.573366518e-05,-1.922549072e-04,-3.801375094e-04,-4.116396021e-04,-2.244232835e-04,-4.932775877e-05,
1.589891494e-01
l,6.0,2.0
3.190,4.230,5.290,
1.278831027e-10,8.660784131e+00
1.930821963e-05,-3.777661696e-06,-3.435986859e-05,1.288083575e-04,4.809926534e-04,6.977978511e-04,5.682156450e-04,2.616920806e-04,5.366864903e-05,
3.068543165e-06,-7.252555241e-06,-2.454415538e-06,-8.888385638e-05,-3.075862690e-04,-6.085334299e-04,-6.597017783e-04,-3.598968696e-04,-7.901569343e-05,
1.589891350e-01
l,6.0,3.0
3.210,4.250,5.310,
2.287796899e-11,1.042868784e+01
2.962015060e-05,-4.574107997e-06,-5.438701375e-05,1.922342279e-04,7.570393136e-04,1.133665911e-03,9.295253082e-04,4.128211547e-04,7.731713142e-05,
4.781726428e-06,-1.130512292e-05,-4.139129565e-06,-1.407182649e-04,-4.871695020e-04,-9.623162809e-04,-1.041848189e-03,-5.669120511e-04,-1.238465086e-04,
1.589891552e-01
l,6.0,4.0
3.230,4.290,5.350,
2.602670714e-10,8.645168290e+00
4.529607031e-05,-9.864123182e-06,-8.177207036e-05,3.110695987e-04,1.193087257e-03,1.830976886e-03,1.619052463e-03,8.167941958e-04,1.811341961e-04,
7.107006410e-06,-1.681268593e-05,-4.476679098e-06,-1.964776576e-04,-6.751781166e-04,-1.331898570e-03,-1.437274981e-03,-7.784462716e-04,-1.695818316e-04,
1.589891328e-01
l,6.0,5.0
3.270,4.310,5.370,
6.345790960e-11,1.013892939e+01
6.968827802e-05,-1.255377234e-05,-1.298923609e-04,4.466233575e-04,1.748561636e-03,2.618182000e-03,2.185182350e-03,1.012618605e-03,2.031531175e-04,
1.107661232e-05,-2.621122349e-05,-7.963107122e-06,-3.142081437e-04,-1.082877869e-03,-2.137164146e-03,-2.308495522e-03,-1.251204427e-03,-2.723314722e-04,
1.590202645e-01
l,6.0,6.0
3.290,4.330,5.390,
4.588609054e-10,8.773494259e+00
1.073513995e-04,-1.542309327e-05,-2.001619403e-04,6.843185356e-04,2.739213619e-03,4.199766912e-03,3.640738112e-03,1.789764780e-03,3.889986930e-04,
1.725985399e-05,-4.085522512e-05,-1.289375963e-05,-4.939810904e-04,-1.706674773e-03,-3.373314384e-03,-3.650794102e-03,-1.981665220e-03,-4.314435904e-04,
1.590202137e-01
l,7.0,-7.0
3.570,4.610,5.690,
5.819483511e-14,9.828545818e+00
9.585345850e-08,-2.275827674e-08,-1.724406237e-07,6.178844747e-07,2.458107022e-06,4.066531502e-06,4.024268305e-06,2.288258093e-06,5.618180357e-07,
1.433593310e-08,-3.407360492e-08,-8.918555411e-09,-3.964229445e-07,-1.345768357e-06,-2.623035304e-06,-2.788166784e-06,-1.485415460e-06,-3.180699692e-07,
1.589581572e-01
l,7.0,-6.0
3.550,4.630,5.710,
2.132068859e-15,1.271261373e+01
1.454506986e-07,-2.436715129e-08,-2.648367695e-07,7.554210668e-07,2.566144319e-06,2.568542414e-06,5.585309978e-07,-6.408625537e-07,-3.198411005e-07,
2.233378610e-08,-5.309662775e-08,-1.725469596e-08,-6.418871757e-07,-2.186593368e-06,-4.261246143e-06,-4.537539535e-06,-2.422563103e-06,-5.188577414e-07,
1.589580956e-01
l,7.0,-5.0
3.610,4.670,5.750,
3.829888374e-13,8.886512417e+00
2.198645035e-07,-4.562834077e-08,-4.014059357e-07,1.256715914e-06,4.753991156e-06,6.867394801e-06,5.710335342e-06,2.779317399e-06,6.156145464e-07,
3.317688550e-08,-7.891557099e-08,-2.152771383e-08,-9.254522999e-07,-3.147996649e-06,-6.144945380e-06,-6.545798352e-06,-3.494184707e-06,-7.490395595e-07,
1.589580615e-01
l,7.0,-4.0
3.610,4.690,5.770,
1.103927710e-15,1.369757973e+01
3.339814896e-07,-4.896041130e-08,-6.098340592e-07,1.851189751e-06,6.863276768e-06,8.526196630e-06,4.647629384e-06,6.142527837e-07,-2.311786692e-07,
5.168404676e-08,-1.229684387e-07,-4.066174776e-08,-1.489706376e-06,-5.065492474e-06,-9.845452797e-06,-1.045261511e-05,-5.554234587e-06,-1.181206469e-06,
1.589581385e-01
l,7.0,-3.0
3.650,4.730,5.810,
1.885676232e-13,9.964738811e+00
5.056353984e-07,-9.427568730e-08,-9.329722013e-07,2.650826723e-06,9.533776010e-06,1.156730963e-05,6.651277290e-06,1.579894608e-06,4.006007724e-08,
7.677119387e-08,-1.827482382e-07,-4.995432327e-08,-2.142269742e-06,-7.280929904e-06,-1.420019661e-05,-1.511589160e-05,-8.055786348e-06,-1.721936767e-06,
1.589580798e-01
l,7.0,-2.0
3.710,4.750,5.830,
9.070982795e-13,9.010028934e+00
7.691346013e-07,-1.019529155e-07,-1.365287556e-06,5.336308748e-06,2.318186536e-05,4.134998606e-05,4.263836471e-05,2.446050910e-05,5.957200942e-06,
1.195923762e-07,-2.847515731e-07,-9.359275430e-08,-3.445414334e-06,-1.170712413e-05,-2.272909524e-05,-2.409466914e-05,-1.276556818e-05,-2.701812347e-06,
1.589580978e-01
l,7.0,-1.0
3.710,4.790,5.870,
2.431148493e-14,1.203791686e+01
1.166376023e-06,-2.030258810e-07,-2.155492420e-06,6.112129526e-06,2.192963843e-05,2.543302481e-05,1.202025881e-05,3.883733608e-07,-1.011831592e-06,
1.776640174e-07,-4.232288703e-07,-1.196592416e-07,-4.990946009e-06,-1.694161743e-05,-3.297696233e-05,-3.502880740e-05,-1.861258678e-05,-3.962029597e-06,
1.589891377e-01
l,7.0,0.0
3.770,4.810,5.890,
1.544205979e-12,9.137353362e+00
1.777067041e-06,-2.209695510e-07,-3.258675957e-06,1.141062794e-05,4.994951750e-05,8.691575029e-05,8.672334716e-05,4.822712937e-05,1.145833036e-05,
2.766970453e-07,-6.593041719e-07,-2.090986672e-07,-7.928007406e-06,-2.693841620e-05,-5.232035781e-05,-5.546503342e-05,-2.935583010e-05,-6.200040063e-06,
1.589580581e-01
l,7.0,1.0
3.770,4.850,5.930,
1.493851934e-14,1.288970330e+01
2.699621973e-06,-4.613720681e-07,-5.023964981e-06,1.469724585e-05,5.521417164e-05,7.078689052e-05,4.294405466e-05,1.015501649e-05,-1.483760354e-07,
4.110271709e-07,-9.798522248e-07,-2.572638787e-07,-1.139062806e-05,-3.853017792e-05,-7.480393217e-05,-7.918578363e-05,-4.184759485e-05,-8.845096759e-06,
1.589891494e-01
l,7.0,2.0
3.790,4.870,5.950,
3.244329897e-12,9.093648630e+00
4.120421181e-06,-5.024063017e-07,-7.662057659e-06,2.525419138e-05,1.105059675e-04,1.886462939e-04,1.832798000e-04,9.878274841e-05,2.267802339e-05,
6.402440905e-07,-1.526648285e-06,-4.786318180e-07,-1.836600112e-05,-6.247611245e-05,-1.215189040e-04,-1.289856917e-04,-6.834694504e-05,-1.445210948e-05,
1.589891350e-01
l,7.0,3.0
3.830,4.910,5.990,
5.592845567e-14,1.238438766e+01
6.271503025e-06,-1.104378210e-06,-1.175900472e-05,3.582267267e-05,1.417157623e-04,2.043970696e-04,1.571901820e-04,6.358863177e-05,1.046700172e-05,
9.508176691e-07,-2.268272214e-06,-5.237118157e-07,-2.581760909e-05,-8.703196315e-05,-1.686790071e-04,-1.780713012e-04,-9.366144241e-05,-1.967777955e-05,
1.589891552e-01
l,7.0,4.0
3.870,4.930,6.010,
2.254303272e-12,9.892372944e+00
9.592235983e-06,-1.234889813e-06,-1.812293798e-05,5.546410147e-05,2.394398109e-04,3.954684721e-04,3.727282968e-04,1.972683047e-04,4.506325740e-05,
1.481007598e-06,-3.533919081e-06,-9.669607870e-07,-4.147857649e-05,-1.408102422e-04,-2.739919319e-04,-2.907671404e-04,-1.538689765e-04,-3.248925182e-05,
1.589891328e-01
l,7.0,5.0
3.890,4.950,6.030,
3.026369427e-13,1.162989354e+01
1.468052960e-05,-1.200838618e-06,-2.779796848e-05,7.874206937e-05,3.346878667e-04,5.090617530e-04,4.193097921e-04,1.872217260e-04,3.556060482e-05,
2.306816790e-06,-5.505708927e-06,-1.698416575e-06,-6.602227125e-05,-2.247232554e-04,-4.374906533e-04,-4.650265232e-04,-2.465071780e-04,-5.206873516e-05,
1.589890946e-01
l,7.0,6.0
3.910,4.990,6.070,
1.129625007e-11,9.234279120e+00
2.242933988e-05,-3.220036463e-06,-4.295954891e-05,1.224684080e-04,5.102418526e-04,7.831350846e-04,6.736465341e-04,3.263863519e-04,6.952034881e-05,
3.426191150e-06,-8.181088179e-06,-1.955538941e-06,-9.395662876e-05,-3.179053527e-04,-6.179999314e-04,-6.544559575e-04,-3.451720757e-04,-7.265137979e-05,
1.590202137e-01
l,7.0,7.0
3.930,5.010,6.090,
2.181473757e-13,1.237611656e+01
3.440902947e-05,-3.572102381e-06,-6.655215774e-05,1.772128976e-04,7.360704577e-04,1.045521828e-03,7.602603672e-04,2.764213967e-04,3.762993800e-05,
5.336465580e-06,-1.274537152e-05,-3.376058186e-06,-1.486750020e-04,-5.034127157e-04,-9.774441203e-04,-1.034386661e-03,-5.446480242e-04,-1.141751873e-04,
1.590201995e-01
l,8.0,-8.0
4.110,5.210,6.310,
2.400494105e-16,1.128312307e+01
1.365612956e-08,-2.181720947e-09,-2.598320670e-08,7.372818793e-08,3.046999980e-07,4.498692110e-07,3.502236337e-07,1.417400235e-07,2.319326109e-08,
1.999192407e-09,-4.786197427e-09,-9.979693411e-10,-5.335231886e-08,-1.768226612e-07,-3.368122539e-07,-3.477224971e-07,-1.777766626e-07,-3.610325153e-08,
1.589580899e-01
l,8.0,-7.0
4.190,5.230,6.330,
1.145099469e-15,1.039809914e+01
2.066128069e-08,-1.791010249e-09,-3.982926074e-08,1.008684649e-07,4.670600912e-07,8.076303630e-07,8.140027686e-07,4.669677214e-07,1.155462118e-07,
3.113449588e-09,-7.455361005e-09,-2.108274181e-09,-8.749650478e-08,-2.933902480e-07,-5.635369889e-07,-5.890394468e-07,-3.061124197e-07,-6.325671727e-08,
1.589581572e-01
l,8.0,-6.0
4.170,5.270,6.370,
2.379608825e-18,1.496381334e+01
3.118287850e-08,-4.000833169e-09,-6.186967782e-08,1.407485785e-07,5.943566645e-07,8.041766839e-07,5.112736113e-07,1.268439641e-07,-1.160408199e-09,
4.621883629e-09,-1.107199108e-08,-2.548250089e-09,-1.253034768e-07,-4.166213634e-07,-7.951578121e-07,-8.234533123e-07,-4.223837657e-07,-8.595711197e-08,
1.589580956e-01
l,8.0,-5.0
4.210,5.290,6.390,
2.088829149e-14,8.861517122e+00
4.721070823e-08,-2.549786484e-09,-9.140891648e-08,1.922018186e-07,8.277998107e-07,1.143658362e-06,8.245300912e-07,3.232895126e-07,5.711636286e-08,
7.197688536e-09,-1.724601819e-08,-5.255405683e-09,-2.055092799e-07,-6.913001716e-07,-1.330279657e-06,-1.394443870e-06,-7.271060945e-07,-1.506861864e-07,
1.589580615e-01
l,8.0,-4.0
4.290,5.330,6.430,
7.883598544e-16,1.134724625e+01
7.136203806e-08,-7.094165450e-09,-1.368514213e-07,3.982206629e-07,1.914828769e-06,3.570203484e-06,3.818064786e-06,2.248425148e-06,5.556072746e-07,
1.068426717e-08,-2.561043476e-08,-6.315259828e-09,-2.933109440e-07,-9.784808453e-07,-1.872672676e-06,-1.947115820e-06,-1.003559032e-06,-2.051846747e-07,
1.589580469e-01
l,8.0,-3.0
4.270,5.370,6.470,
1.629436381e-15,1.109803548e+01
1.078878000e-07,-1.505751891e-08,-2.073639139e-07,5.573747261e-07,2.370573431e-06,3.572807624e-06,2.874647295e-06,1.228939437e-06,2.192664499e-07,
1.585914438e-08,-3.802998335e-08,-7.306219902e-09,-4.196745116e-07,-1.390021768e-06,-2.649260475e-06,-2.736634321e-06,-1.397696850e-06,-2.830213074e-07,
1.589580798e-01
l,8.0,-2.0
4.350,5.390,6.490,
2.911150961e-15,1.091820201e+01
1.637036036e-07,-1.230205317e-08,-3.180886350e-07,7.832981988e-07,3.692359348e-06,6.367964736e-06,6.311962966e-06,3.532861407e-06,8.522142441e-07,
2.469635482e-08,-5.923324095e-08,-1.525557536e-08,-6.841706050e-07,-2.288639031e-06,-4.390753656e-06,-4.580679443e-06,-2.370310045e-06,-4.865616317e-07,
1.589580703e-01
l,8.0,-1.0
4.330,5.430,6.530,
4.140132189e-17,1.405819236e+01
2.478820988e-07,-3.028293843e-08,-4.925151638e-07,1.111951004e-06,4.799313752e-06,6.753555405e-06,4.710950625e-06,1.531175619e-06,1.490771560e-07,
3.665578456e-08,-8.795206428e-08,-1.730198026e-08,-9.740086369e-07,-3.229700249e-06,-6.161694061e-06,-6.373798284e-06,-3.258556273e-06,-6.597761181e-07,
1.589580912e-01
l,8.0,0.0
4.370,5.450,6.550,
5.711200320e-14,9.374864524e+00
3.765551924e-07,-2.170705831e-08,-7.328024375e-07,1.589153730e-06,7.082439798e-06,1.046935299e-05,8.360620985e-06,3.717743123e-06,7.379812713e-07,
5.709105655e-08,-1.370112520e-07,-3.824374623e-08,-1.608544324e-06,-5.395213799e-06,-1.036581615e-05,-1.083639991e-05,-5.623238010e-06,-1.157787564e-06,
1.589891046e-01
l,8.0,1.0
4.390,5.490,6.590,
1.346229992e-17,1.524514522e+01
5.711469271e-07,-6.251999643e-08,-1.150065607e-06,2.346437488e-06,1.025917381e-05,1.403871748e-05,9.275190534e-06,2.673936215e-06,1.524789980e-07,
8.471671896e-08,-2.033878288e-07,-3.921542728e-08,-2.248185476e-06,-7.461379327e-06,-1.425688734e-05,-1.477703034e-05,-7.569428998e-06,-1.535322375e-06,
1.589581029e-01
l,8.0,2.0
4.430,5.510,6.610,
1.145116100e-14,1.091589016e+01
8.688311937e-07,-4.278101245e-08,-1.649355420e-06,4.231783961e-06,1.944645921e-05,3.217084702e-05,2.990559317e-05,1.553194098e-05,3.482211753e-06,
1.319418826e-07,-3.168265570e-07,-8.578538237e-08,-3.700161565e-06,-1.239928159e-05,-2.380540497e-05,-2.485920360e-05,-1.287233214e-05,-2.641704111e-06,
1.589891350e-01
l,8.0,3.0
4.450,5.550,6.650,
9.373001478e-17,1.436679559e+01
1.320025945e-06,-1.344625498e-07,-2.633955125e-06,5.511177908e-06,2.431309812e-05,3.472693850e-05,2.552969495e-05,9.554240651e-06,1.385726435e-06,
1.958143223e-07,-4.703790097e-07,-9.397747214e-08,-5.235247994e-06,-1.740180961e-05,-3.329824827e-05,-3.457206889e-05,-1.774967646e-05,-3.610463459e-06,
1.589891174e-01
l,8.0,4.0
4.490,5.570,6.670,
5.555197192e-14,1.033057530e+01
2.011083097e-06,-9.899706478e-08,-3.827265843e-06,1.005693710e-05,4.669505518e-05,7.835486774e-05,7.361351395e-05,3.843895323e-05,8.634586701e-06,
3.049028179e-07,-7.325655259e-07,-1.853901704e-07,-8.455888530e-06,-2.826656723e-05,-5.417762590e-05,-5.642816191e-05,-2.908741762e-05,-5.932038660e-06,
1.589891328e-01
l,8.0,5.0
4.510,5.590,6.690,
2.217591743e-14,1.117269719e+01
3.065724059e-06,-1.507881607e-08,-5.954638053e-06,1.520627648e-05,7.670295857e-05,1.378721762e-04,1.368835693e-04,7.379836861e-05,1.672510411e-05,
4.747603006e-07,-1.140881448e-06,-3.424173079e-07,-1.357239336e-05,-4.555302950e-05,-8.736935509e-05,-9.116853144e-05,-4.708653772e-05,-9.599458834e-06,
1.589890946e-01
l,8.0,6.0
4.530,5.630,6.730,
4.156222850e-13,9.474211884e+00
4.672537216e-06,-2.753653979e-07,-9.055501998e-06,2.281842113e-05,1.059211838e-04,1.736045950e-04,1.568401391e-04,7.805433228e-05,1.670244074e-05,
7.045389994e-07,-1.693681672e-06,-3.687867367e-07,-1.909108891e-05,-6.357222921e-05,-1.216105378e-04,-1.262864164e-04,-6.476751029e-05,-1.312164440e-05,
1.589890909e-01
l,8.0,7.0
4.590,5.650,6.750,
4.020791297e-14,1.124624905e+01
7.138768069e-06,-1.065908154e-07,-1.410797282e-05,3.384508539e-05,1.719188969e-04,3.082261675e-04,3.079839428e-04,1.688809599e-04,3.922003252e-05,
1.097000227e-06,-2.637625692e-06,-6.798227090e-07,-3.052282379e-05,-1.021002386e-04,-1.956737663e-04,-2.038491527e-04,-1.049469330e-04,-2.131620829e-05,
1.589891287e-01
l,8.0,8.0
4.590,5.670,6.770,
1.660602646e-14,1.206620581e+01
1.091105969e-05,3.548009201e-07,-2.177953691e-05,4.072072024e-05,2.012210344e-04,3.010896387e-04,2.286554072e-04,8.858762233e-05,1.372022034e-05,
1.708065685e-06,-4.107620572e-06,-1.234055979e-06,-4.891574073e-05,-1.645309843e-04,-3.162711598e-04,-3.310076582e-04,-1.714444487e-04,-3.503169725e-05,
1.589891286e-01
l,9.0,-9.0
4.770,5.810,6.910,
5.970813294e-19,1.287776079e+01
1.921458104e-09,-1.254988668e-10,-3.353556857e-09,1.142918156e-08,5.115074097e-08,9.108668754e-08,9.392147286e-08,5.417265150e-08,1.328877346e-08,
2.897250470e-10,-6.976075672e-10,-2.087367218e-10,-8.324564852e-09,-2.797108534e-08,-5.379820490e-08,-5.633968056e-08,-2.933225825e-08,-6.066570647e-09,
1.589580675e-01
l,9.0,-8.0
4.730,5.830,6.950,
1.622526421e-20,1.543749659e+01
2.899668949e-09,-3.431218566e-11,-5.812282547e-09,1.173305657e-08,5.767586154e-08,8.721969357e-08,6.411601349e-08,2.144726302e-08,2.039242214e-09,
4.298671874e-10,-1.035403528e-09,-5.541272266e-11,-9.575647414e-09,-2.935672434e-08,-5.329740998e-08,-5.262917795e-08,-2.510723193e-08,-4.617085726e-09,
1.589580246e-01
l,9.0,-7.0
4.810,5.870,6.990,
3.024322931e-17,1.080270710e+01
4.370992901e-09,-1.915549332e-10,-8.531701927e-09,2.059479791e-08,1.017398113e-07,1.796227280e-07,1.788909896e-07,9.913041031e-08,2.351229917e-08,
6.377763121e-10,-1.536710870e-09,-2.140616563e-11,-1.378170967e-08,-4.196171212e-08,-7.595666534e-08,-7.460601111e-08,-3.528165165e-08,-6.419660355e-09,
1.589580626e-01
l,9.0,-6.0
4.790,5.890,7.010,
3.757234499e-23,1.969488336e+01
6.600267000e-09,1.394853389e-10,-1.392605313e-08,1.826018422e-08,9.939162579e-08,1.332525906e-07,7.018945017e-08,2.186772300e-09,-7.160077921e-09,
9.929363141e-10,-2.392867975e-09,-1.938359283e-10,-2.260765390e-08,-6.964509106e-08,-1.267275263e-07,-1.256237372e-07,-6.023526530e-08,-1.112414014e-08,
1.589580467e-01
l,9.0,-5.0
4.830,5.930,7.050,
6.377576521e-16,9.312503271e+00
9.962414893e-09,-1.327965839e-10,-1.959927292e-08,4.453116854e-08,2.230813812e-07,3.768107078e-07,3.431991384e-07,1.687514135e-07,3.520481023e-08,
1.473106506e-09,-3.551217952e-09,-1.346765499e-10,-3.247564526e-08,-9.934336125e-08,-1.802301201e-07,-1.776983402e-07,-8.444986876e-08,-1.542840059e-08,
1.589580615e-01
l,9.0,-4.0
4.910,5.970,7.090,
1.642447252e-17,1.182834950e+01
1.504412062e-08,-7.371890459e-10,-3.054798573e-08,5.743796587e-08,2.953396686e-07,5.128505757e-07,5.115037100e-07,2.896993120e-07,7.079384713e-08,
2.185836403e-09,-5.271145176e-09,-5.338883261e-11,-4.723842260e-08,-1.437467666e-07,-2.602034158e-07,-2.554483524e-07,-1.206662021e-07,-2.191825502e-08,
1.589890934e-01
l,9.0,-3.0
4.890,5.990,7.110,
3.255805428e-19,1.452644283e+01
2.275649003e-08,2.710511475e-10,-4.629099880e-08,8.326952545e-08,4.340333188e-07,6.761364632e-07,5.247980420e-07,1.983038030e-07,2.702218732e-08,
3.402270596e-09,-8.205926467e-09,-4.583430952e-10,-7.614263022e-08,-2.337866975e-07,-4.249583207e-07,-4.203510694e-07,-2.006083597e-07,-3.678283607e-08,
1.589580237e-01
l,9.0,-2.0
4.970,6.030,7.150,
6.151062215e-17,1.143276736e+01
3.441008900e-08,-9.077418694e-10,-6.883681679e-08,1.433799155e-07,7.379930247e-07,1.290967888e-06,1.264136599e-06,6.888384335e-07,1.611385533e-07,
5.047158687e-09,-1.217719853e-08,-1.009245915e-10,-1.089036896e-07,-3.316849904e-07,-6.008483440e-07,-5.906435682e-07,-2.789954540e-07,-5.051872067e-08,
1.589580428e-01
l,9.0,-1.0
4.950,6.050,7.170,
1.936894820e-21,1.812653818e+01
5.210254983e-08,1.688599882e-09,-1.102479917e-07,1.404532248e-07,7.982527585e-07,1.135743441e-06,7.110435067e-07,1.461080526e-07,-1.720576158e-08,
7.857289089e-09,-1.896022030e-08,-1.285084972e-09,-1.776121293e-07,-5.466880185e-07,-9.950150395e-07,-9.863732384e-07,-4.719336995e-07,-8.667815047e-08,
1.589580239e-01
l,9.0,0.0
4.990,6.090,7.210,
1.627413082e-15,9.834311072e+00
7.889698850e-08,-6.202158209e-10,-1.580148181e-07,3.222737382e-07,1.662956299e-06,2.802996891e-06,2.547899615e-06,1.255373403e-06,2.634034335e-07,
1.165776683e-08,-2.814007485e-08,-9.308896244e-10,-2.570131887e-07,-7.859468141e-07,-1.426077037e-06,-1.405665898e-06,-6.669245456e-07,-1.213870690e-07,
1.589891046e-01
l,9.0,1.0
5.010,6.110,7.230,
2.135257325e-21,1.843848098e+01
1.195872983e-07,5.703588809e-09,-2.598211568e-07,2.421730804e-07,1.557450754e-06,2.162745924e-06,1.288812407e-06,2.292293645e-07,-4.344489497e-08,
1.814455036e-08,-4.380514476e-08,-3.259777365e-09,-4.126805303e-07,-1.272318600e-06,-2.317990401e-06,-2.301285884e-06,-1.102627912e-06,-2.025952097e-07,
1.589580273e-01
l,9.0,2.0
5.050,6.150,7.270,
4.501410474e-18,1.390824574e+01
1.813693018e-07,7.593295823e-10,-3.728759148e-07,6.333220984e-07,3.361918454e-06,5.289484988e-06,4.225152188e-06,1.706611485e-06,2.696365823e-07,
2.691960419e-08,-6.501064244e-08,-2.267742612e-09,-5.949348527e-07,-1.820821311e-06,-3.305741550e-06,-3.261322417e-06,-1.547950681e-06,-2.814502125e-07,
1.589890424e-01
l,9.0,3.0
5.070,6.170,7.290,
2.929512812e-19,1.578391487e+01
2.752568946e-07,1.589834086e-08,-5.979405651e-07,5.461274423e-07,3.680361194e-06,5.597652353e-06,4.244600202e-06,1.643394568e-06,2.526385837e-07,
4.190583525e-08,-1.012180936e-07,-8.951721035e-09,-9.651966601e-07,-2.982292310e-06,-5.438768057e-06,-5.408138969e-06,-2.598099683e-06,-4.789862145e-07,
1.589890419e-01
l,9.0,4.0
5.090,6.210,7.330,
6.012571632e-17,1.273040008e+01
4.181750057e-07,4.531800676e-09,-8.902979588e-07,1.137984992e-06,6.598093256e-06,1.032364027e-05,8.394199411e-06,3.643864309e-06,6.706390748e-07,
6.215736057e-08,-1.501795499e-07,-4.164983881e-09,-1.366846297e-06,-4.179511085e-06,-7.583855562e-06,-7.475100430e-06,-3.539511051e-06,-6.406763973e-07,
1.589890403e-01
l,9.0,5.0
5.130,6.230,7.350,
1.939568556e-16,1.221429679e+01
6.354575248e-07,3.997872114e-08,-1.369694693e-06,1.430571187e-06,9.582722838e-06,1.610204467e-05,1.455535836e-05,7.304394014e-06,1.591883619e-06,
9.675835815e-08,-2.338155873e-07,-1.875732925e-08,-2.215331173e-06,-6.834455866e-06,-1.245021444e-05,-1.235496326e-05,-5.910186453e-06,-1.081777675e-06,
1.589889814e-01
l,9.0,6.0
5.150,6.270,7.390,
1.062504687e-16,1.280626552e+01
9.666865708e-07,1.229583885e-08,-2.072062684e-06,2.512517105e-06,1.494221043e-05,2.344024901e-05,1.907193227e-05,8.280028284e-06,1.523689629e-06,
1.435116602e-07,-3.469001656e-07,-6.718110341e-09,-3.138840684e-06,-9.585192903e-06,-1.738513930e-05,-1.711119591e-05,-8.071730291e-06,-1.450909194e-06,
1.589889696e-01
l,9.0,7.0
5.210,6.290,7.410,
8.453453668e-16,1.174938539e+01
1.471208975e-06,8.806332770e-08,-3.120837680e-06,3.922851990e-06,2.493706967e-05,4.369025949e-05,4.185923314e-05,2.228505008e-05,5.113820349e-06,
2.233951874e-07,-5.400783611e-07,-3.490781673e-08,-5.065677623e-06,-1.560733265e-05,-2.843996637e-05,-2.821854333e-05,-1.347676960e-05,-2.458493393e-06,
1.589890121e-01
l,9.0,8.0
5.210,6.330,7.450,
1.370929294e-16,1.307189786e+01
2.242436949e-06,1.222803048e-08,-4.824148067e-06,5.840535814e-06,3.447731347e-05,5.363596513e-05,4.320499951e-05,1.855362502e-05,3.376956429e-06,
3.313244837e-07,-8.012474837e-07,4.476475347e-09,-7.114918400e-06,-2.165661026e-05,-3.924721499e-05,-3.856747652e-05,-1.812358741e-05,-3.238284491e-06,
1.589890118e-01
l,9.0,9.0
5.270,6.350,7.470,
2.559273986e-15,1.151615469e+01
3.419874020e-06,1.712096770e-07,-7.207743114e-06,1.026005215e-05,6.222041867e-05,1.084988272e-04,1.026026972e-04,5.340612195e-05,1.194193578e-05,
5.157396347e-07,-1.247407245e-06,-4.104400694e-08,-1.141779206e-05,-3.500908257e-05,-6.365255611e-05,-6.292345959e-05,-2.983917813e-05,-5.386954068e-06,
1.589889651e-01
