l,0.5,-0.5
0.171,0.551,0.971,
1.023743987e-02,2.451454995e+00
5.665509962e-04,-1.439250326e-03,-6.143303832e-04,8.631634118e-02,6.318502213e-01,3.489390872e+00,1.168099059e+01,1.960358813e+01,1.283091324e+01,
7.766857504e-05,-4.516702994e-04,-2.799107572e-04,-3.115885083e-02,-2.678988100e-01,-1.342652611e+00,-3.741091622e+00,-5.424361367e+00,-3.244308998e+00,
1.587239810e-01
l,0.5,0.5
0.211,0.571,0.971,
4.100525457e-02,2.584833848e+00
3.145217896e-03,-6.023129284e-03,-7.381239930e-03,6.381282661e-01,5.298968719e+00,2.786886097e+01,9.067517208e+01,1.554922872e+02,1.068040728e+02,
5.107478218e-04,-2.960365288e-03,-8.332060742e-03,-4.224776726e-01,-4.540146751e+00,-2.582924514e+01,-7.891384217e+01,-1.227308456e+02,-7.685844555e+01,
1.589273980e-01
l,1.5,-1.5
0.431,0.891,1.351,
8.062953498e-05,4.574393187e+00
1.056772999e-05,-1.693226486e-05,-7.508603609e-05,8.856421523e-04,4.864340552e-03,1.131767400e-02,1.558443956e-02,1.326226894e-02,5.438755424e-03,
1.215543442e-06,-7.425074986e-06,-4.554864574e-06,-5.086970163e-04,-4.011995656e-03,-1.847512248e-02,-4.650243663e-02,-5.953634120e-02,-3.112083741e-02,
1.586317582e-01
l,1.5,-0.5
0.471,0.931,1.411,
1.864866456e-04,4.178119569e+00
5.085052180e-05,-6.003338633e-05,-4.410291178e-04,3.658416864e-03,2.560754884e-02,7.745833574e-02,1.470626965e-01,1.719939117e-01,9.179635179e-02,
5.544748555e-06,-3.404356482e-05,-9.250832516e-06,-2.082280361e-03,-1.565357794e-02,-6.913953959e-02,-1.648735331e-01,-1.962863670e-01,-9.431313322e-02,
1.586619976e-01
l,1.5,0.5
0.511,0.991,1.471,
6.605623400e-04,4.408893520e+00
2.296227030e-04,-2.461168975e-04,-2.083833171e-03,1.488598475e-02,1.087017908e-01,3.177258491e-01,5.402351515e-01,5.357369055e-01,2.399063400e-01,
2.524535688e-05,-1.557164324e-04,-3.884819923e-05,-9.504386340e-03,-7.131653058e-02,-3.145954438e-01,-7.484560364e-01,-8.849079994e-01,-4.200671779e-01,
1.586929348e-01
l,1.5,1.5
0.571,1.051,1.531,
1.779203559e-03,4.326380903e+00
9.981213370e-04,-7.827194201e-04,-9.498953572e-03,5.762522793e-02,4.784010617e-01,1.509582610e+00,2.700215633e+00,2.729544239e+00,1.211332289e+00,
1.147191468e-04,-7.103720443e-04,-2.942183112e-04,-4.561775426e-02,-3.457536804e-01,-1.532272475e+00,-3.670249831e+00,-4.352590977e+00,-2.053627763e+00,
1.587239089e-01
l,2.5,-2.5
0.791,1.271,1.751,
1.240988665e-07,7.017173716e+00
1.419445965e-07,-1.452533183e-07,-1.227974356e-06,8.816123538e-06,6.953149504e-05,2.304143986e-04,4.582029000e-04,5.308853725e-04,2.706940178e-04,
1.544497278e-08,-9.695688841e-08,-5.673030347e-08,-6.596201045e-06,-5.009432534e-05,-2.222823134e-04,-5.332704650e-04,-6.365954312e-04,-3.038118873e-04,
1.585388903e-01
l,2.5,-1.5
0.831,1.311,1.811,
4.234803195e-07,7.491759712e+00
6.638857144e-07,-4.053079371e-07,-6.507864678e-06,2.825023362e-05,2.749842365e-04,9.430438121e-04,1.820129872e-03,1.971707999e-03,9.286491153e-04,
6.975654144e-08,-4.392213100e-07,-1.439688042e-07,-2.746489301e-05,-2.007371540e-04,-8.602172489e-04,-1.974562181e-03,-2.215358652e-03,-9.761979399e-04,
1.585389007e-01
l,2.5,-0.5
0.871,1.371,1.871,
1.454388671e-06,8.771501951e+00
2.972373977e-06,-1.632710594e-06,-2.910267187e-05,1.133975772e-04,1.133168192e-03,3.713678077e-03,6.450326898e-03,5.891627289e-03,2.192923119e-03,
3.147677643e-07,-1.987503844e-06,-7.579478198e-07,-1.265421016e-04,-9.287305780e-04,-3.991566800e-03,-9.188146217e-03,-1.032181318e-02,-4.538778536e-03,
1.585699738e-01
l,2.5,0.5
0.931,1.431,1.951,
3.394259772e-06,7.231615635e+00
1.293992955e-05,-5.206053807e-06,-1.387880203e-04,2.635201107e-04,3.724195523e-03,1.316680474e-02,2.531354960e-02,2.720199919e-02,1.275132228e-02,
1.250562575e-06,-7.923672834e-06,7.513114770e-07,-4.350004022e-04,-3.025241689e-03,-1.251327811e-02,-2.716844260e-02,-2.788657088e-02,-1.083464685e-02,
1.586628164e-01
l,2.5,1.5
0.991,1.491,2.011,
9.278453946e-06,7.949685725e+00
5.442661859e-05,-7.512820232e-06,-5.629176089e-04,8.653783228e-04,1.428423762e-02,4.945702639e-02,8.684489311e-02,7.950355465e-02,2.977048535e-02,
5.626652954e-06,-3.573648271e-05,-8.722678919e-06,-2.192236917e-03,-1.577846627e-02,-6.691488346e-02,-1.512918843e-01,-1.647599369e-01,-6.899734318e-02,
1.586008181e-01
l,2.5,2.5
1.051,1.571,2.091,
2.464115395e-05,6.945502387e+00
2.215872955e-04,-3.776014927e-05,-2.447873558e-03,3.511921918e-03,7.023960101e-02,2.760095566e-01,5.532607801e-01,5.844743323e-01,2.577928661e-01,
2.227659334e-05,-1.419012733e-04,3.222203851e-05,-7.437366222e-03,-5.108303203e-02,-2.084364789e-01,-4.464962955e-01,-4.472215310e-01,-1.663012283e-01,
1.586008433e-01
l,3.5,-3.5
1.191,1.671,2.171,
2.883478298e-11,1.322050201e+01
1.657975979e-09,-1.291441028e-09,-1.592750595e-08,6.467777539e-08,6.183756738e-07,2.027395356e-06,3.540445554e-06,3.215359828e-06,1.150817721e-06,
1.638313700e-10,-1.046563762e-09,-1.637795771e-10,-6.320896987e-08,-4.558533588e-07,-1.944061843e-06,-4.403841846e-06,-4.827152128e-06,-2.061442159e-06,
1.585698857e-01
l,3.5,-2.5
1.231,1.731,2.231,
9.133228468e-11,1.258384104e+01
7.547869885e-09,-6.458387144e-09,-7.155514336e-08,2.876025868e-07,2.588715457e-06,8.150118638e-06,1.442401181e-05,1.451368331e-05,6.456341853e-06,
7.353381256e-10,-4.706489366e-09,-7.346139917e-10,-2.871499265e-07,-2.080304456e-06,-8.951247749e-06,-2.053563364e-05,-2.292054444e-05,-1.002386988e-05,
1.586008256e-01
l,3.5,-1.5
1.271,1.771,2.291,
2.048499373e-10,1.334124506e+01
3.423008010e-08,-1.259030826e-08,-3.566690116e-07,6.301672533e-07,9.799995111e-06,3.686246659e-05,7.461683898e-05,8.299977911e-05,3.953532618e-05,
3.297449650e-09,-2.114384494e-08,-5.901038075e-10,-1.221579263e-06,-8.569503137e-06,-3.565026554e-05,-7.821137955e-05,-8.157275531e-05,-3.233732948e-05,
1.586008360e-01
l,3.5,-0.5
1.331,1.831,2.351,
4.556684577e-10,1.379612583e+01
1.496788968e-07,-4.121415930e-08,-1.543517588e-06,1.873383941e-06,3.376615708e-05,1.126086901e-04,1.824960153e-04,1.449833536e-04,4.176035152e-05,
1.477647615e-08,-9.491404677e-08,-1.830735490e-08,-5.787270527e-06,-4.128447888e-05,-1.739699531e-04,-3.889249552e-04,-4.165967942e-04,-1.707293723e-04,
1.586009445e-01
l,3.5,0.5
1.391,1.891,2.411,
2.195173839e-09,1.170905008e+01
6.396783760e-07,-5.952832180e-08,-6.497374775e-06,5.930799492e-06,1.510169480e-04,6.072989136e-04,1.284757450e-03,1.480201666e-03,7.245215352e-04,
6.616007511e-08,-4.256676476e-07,-1.736254698e-07,-2.757691254e-05,-1.998935581e-04,-8.495604166e-04,-1.927912008e-03,-2.110132906e-03,-8.868879272e-04,
1.585699224e-01
l,3.5,1.5
1.451,1.971,2.491,
3.607449421e-09,1.288234841e+01
2.660719929e-06,-8.109031313e-07,-2.670762672e-05,4.717208551e-05,6.874360786e-04,2.252904058e-03,3.645461582e-03,2.963348605e-03,9.342511478e-04,
2.603368491e-07,-1.678449529e-06,-1.689096987e-07,-1.007212888e-04,-7.180361144e-04,-3.044318076e-03,-6.881755203e-03,-7.490659164e-03,-3.140301206e-03,
1.586007996e-01
l,3.5,2.5
1.511,2.031,2.551,
1.360692750e-08,1.171761250e+01
1.077770958e-05,1.667984367e-06,-1.221250699e-04,-2.206425660e-04,8.049902009e-04,5.328691052e-03,1.316487377e-02,1.601896001e-02,7.847653352e-03,
1.163767584e-06,-7.514038996e-06,-3.107614086e-06,-4.795715803e-04,-3.451353973e-03,-1.441252196e-02,-3.175809511e-02,-3.302830588e-02,-1.275400621e-02,
1.585387171e-01
l,3.5,3.5
1.571,2.111,2.671,
1.742754304e-08,1.310663869e+01
4.232937135e-05,-9.721501133e-06,-3.936526895e-04,6.740888610e-04,5.756308077e-03,2.079513445e-03,-3.319310882e-02,-6.721183557e-02,-4.025150088e-02,
3.526571912e-06,-2.283181408e-05,1.883421926e-05,-9.845960232e-04,-6.497476349e-03,-2.912816409e-02,-7.003764352e-02,-7.984383312e-02,-3.483719134e-02,
1.584730760e-01
l,4.5,-4.5
1.591,2.091,2.591,
8.601972769e-17,2.223505139e+01
1.786057066e-11,-1.688235412e-11,-1.699565183e-10,7.392706401e-10,6.991049686e-09,2.404038155e-08,4.655123222e-08,5.048172261e-08,2.369681022e-08,
1.671479433e-12,-1.080230461e-11,2.318581834e-12,-5.914312804e-10,-4.162349347e-09,-1.765982109e-08,-3.963366092e-08,-4.271002584e-08,-1.787886501e-08,
1.584769535e-01
l,4.5,-3.5
1.651,2.151,2.651,
4.139844858e-16,2.077066000e+01
8.074663160e-11,-8.014650101e-11,-7.778304514e-10,2.357924736e-09,2.112345268e-08,5.862682962e-08,8.111230239e-08,5.225645960e-08,8.939579314e-09,
7.470997089e-12,-4.834822777e-11,7.865934048e-12,-2.700230161e-09,-1.912127309e-08,-8.163706032e-08,-1.834949431e-07,-1.969319827e-07,-8.138110193e-08,
1.585388791e-01
l,4.5,-2.5
1.691,2.191,2.711,
7.896512638e-16,2.122173438e+01
3.675509896e-10,-2.076423088e-10,-3.769616159e-09,7.372661104e-09,9.903180957e-08,3.456763831e-07,6.561640971e-07,7.011851281e-07,3.291624283e-07,
3.336291075e-11,-2.161851360e-10,5.119127195e-11,-1.170936670e-08,-8.087305393e-08,-3.373493124e-07,-7.399158402e-07,-7.679059196e-07,-3.025767082e-07,
1.585388903e-01
l,4.5,-1.5
1.751,2.251,2.771,
2.005981982e-15,2.102004211e+01
1.614379963e-09,-7.731505819e-10,-1.682310283e-08,1.854730910e-08,3.493502023e-07,1.215353326e-06,2.122459741e-06,1.903154207e-06,6.743908054e-07,
1.489143385e-10,-9.661251682e-10,1.890536303e-10,-5.282769345e-08,-3.659518079e-07,-1.523442615e-06,-3.318102820e-06,-3.387154506e-06,-1.291141748e-06,
1.585389007e-01
l,4.5,-0.5
1.811,2.311,2.831,
2.518424966e-14,1.812223909e+01
6.978337908e-09,-2.606327704e-09,-7.201252947e-08,6.465128116e-08,1.411157583e-06,4.999531349e-06,9.234860840e-06,9.438011049e-06,4.216275864e-06,
6.642325700e-10,-4.314482746e-09,9.743373056e-11,-2.502980261e-07,-1.767571784e-06,-7.465992640e-06,-1.668890011e-05,-1.776109482e-05,-7.186479776e-06,
1.585080324e-01
l,4.5,0.5
1.871,2.371,2.891,
4.546498110e-14,1.855394422e+01
2.956602074e-08,-5.330568604e-09,-2.899109788e-07,3.105741524e-07,6.686375376e-06,2.507496008e-05,4.779721636e-05,4.798501900e-05,1.994035565e-05,
2.963217107e-09,-1.926912189e-08,-6.867935524e-09,-1.249572621e-06,-9.060557804e-06,-3.873729538e-05,-8.848191651e-05,-9.753277074e-05,-4.133199720e-05,
1.585699224e-01
l,4.5,1.5
1.931,2.451,2.971,
1.710278616e-13,1.780183746e+01
1.225981947e-07,-4.442926950e-08,-1.268922074e-06,1.714682966e-06,3.188635791e-05,1.170083947e-04,2.178089443e-04,2.142499242e-04,8.850710763e-05,
1.158889729e-08,-7.546788193e-08,1.691948649e-08,-4.109779777e-06,-2.847618440e-05,-1.187655137e-04,-2.617714389e-04,-2.729361287e-04,-1.075049551e-04,
1.584769525e-01
l,4.5,2.5
1.991,2.511,3.051,
1.533484732e-13,1.911562624e+01
4.927017017e-07,-2.104703315e-08,-5.839740558e-06,-2.286902871e-05,-9.881090913e-05,-3.598737798e-04,-7.795563977e-04,-8.843994506e-04,-4.111625113e-04,
4.536100474e-08,-2.957950279e-07,2.737632599e-08,-1.674706719e-05,-1.175236063e-04,-4.927334292e-04,-1.063611797e-03,-1.050019895e-03,-3.700799054e-04,
1.586313499e-01
l,4.5,3.5
2.051,2.571,3.111,
1.142553012e-12,1.745569830e+01
2.023221896e-06,5.982832021e-07,-1.806337962e-05,1.323130059e-04,1.669033167e-03,7.004742446e-03,1.502257467e-02,1.662283427e-02,7.533572727e-03,
2.015231342e-07,-1.315387673e-06,7.334608295e-07,-6.303389120e-05,-3.965452124e-04,-1.491637819e-03,-3.116650954e-03,-3.209218230e-03,-1.312873708e-03,
1.582734429e-01
l,4.5,4.5
2.131,2.671,3.211,
1.131980353e-12,1.836040434e+01
7.432168786e-06,-1.836526646e-07,-9.101374353e-05,-5.954095369e-04,-3.486376722e-03,-1.228985387e-02,-2.401365137e-02,-2.460663289e-02,-1.043301715e-02,
6.926092165e-07,-4.527747974e-06,-2.113165292e-06,-3.058711914e-04,-2.258614935e-03,-9.817611281e-03,-2.197777826e-02,-2.280107082e-02,-8.622757629e-03,
1.587228626e-01
l,5.5,-5.5
2.031,2.511,3.011,
0.000000000e+00,0.000000000e+00
1.842036994e-13,-1.984830236e-13,-1.705171613e-12,7.194175215e-12,6.035475097e-11,1.835038268e-10,3.213399115e-10,3.370137264e-10,1.642046879e-10,
1.662132343e-14,-1.083137916e-13,2.212983822e-14,-6.077734976e-12,-4.310303013e-11,-1.856804699e-10,-4.245919353e-10,-4.694082002e-10,-2.031108423e-10,
1.585388412e-01
l,5.5,-4.5
2.071,2.551,3.051,
0.000000000e+00,0.000000000e+00
8.474632129e-13,-5.279780966e-13,-8.207011271e-12,2.176082485e-11,2.671940584e-10,9.842540918e-10,1.919650699e-09,1.972715827e-09,8.255716144e-10,
8.434293905e-14,-5.499927659e-13,-1.697281427e-13,-3.536739105e-11,-2.575791870e-10,-1.105668471e-09,-2.527677479e-09,-2.789666576e-09,-1.188638205e-09,
1.585388598e-01
l,5.5,-3.5
2.131,2.631,3.131,
0.000000000e+00,0.000000000e+00
3.712545896e-12,-4.210754006e-12,-3.472156433e-11,1.151072588e-10,9.474462709e-10,2.609666390e-09,4.029288564e-09,3.716656855e-09,1.622594100e-09,
3.296501295e-13,-2.152379715e-12,5.830278980e-13,-1.184304563e-10,-8.359846904e-10,-3.598646883e-09,-8.165379367e-09,-8.873217995e-09,-3.734910217e-09,
1.585698438e-01
l,5.5,-2.5
2.171,2.671,3.171,
0.000000000e+00,0.000000000e+00
1.672426954e-11,-1.014184964e-11,-1.569573042e-10,5.404030093e-10,6.298902237e-09,2.404142392e-08,4.982987578e-08,5.587466744e-08,2.636380821e-08,
1.671606084e-12,-1.092112752e-11,-3.545958981e-12,-7.091297174e-10,-5.179330549e-09,-2.231566731e-08,-5.148926582e-08,-5.773026376e-08,-2.516914598e-08,
1.585388903e-01
l,5.5,-1.5
2.231,2.731,3.251,
0.000000000e+00,0.000000000e+00
7.257572321e-11,-4.020958628e-11,-7.579410593e-10,3.708255651e-10,1.032062119e-08,2.940686557e-08,3.508220891e-08,1.308474232e-08,-4.475132312e-09,
6.525795978e-12,-4.268571646e-11,1.006065930e-11,-2.338961621e-09,-1.624167526e-08,-6.824335933e-08,-1.500283518e-07,-1.546495262e-07,-5.959830249e-08,
1.585389007e-01
l,5.5,-0.5
2.291,2.791,3.311,
0.000000000e+00,0.000000000e+00
3.115434022e-10,-1.291516387e-10,-3.148101526e-09,3.764104932e-09,7.249148409e-08,2.758485316e-07,5.569762279e-07,6.178842196e-07,2.934305498e-07,
2.901723361e-11,-1.899656270e-10,1.758105345e-11,-1.089774860e-08,-7.661631116e-08,-3.237065869e-07,-7.230973470e-07,-7.673439196e-07,-3.089531827e-07,
1.585080324e-01
l,5.5,0.5
2.351,2.851,3.371,
0.000000000e+00,0.000000000e+00
1.313053999e-09,-2.943148889e-10,-1.280863804e-08,1.251812126e-08,2.780802344e-07,1.007096129e-06,1.802742731e-06,1.654433678e-06,6.067992485e-07,
1.290596791e-10,-8.456021288e-10,-2.617566148e-10,-5.462573057e-08,-3.950543977e-07,-1.690458371e-06,-3.867085521e-06,-4.269596370e-06,-1.813080016e-06,
1.585698920e-01
l,5.5,1.5
2.411,2.931,3.451,
0.000000000e+00,0.000000000e+00
5.415301096e-09,-1.994699554e-09,-5.753421272e-08,2.109249180e-08,1.129227651e-06,4.780496356e-06,1.013702295e-05,1.131208094e-05,5.239539756e-06,
5.030029587e-10,-3.299146556e-09,7.486477976e-10,-1.798509054e-07,-1.237268228e-06,-5.105174752e-06,-1.099412746e-05,-1.097892947e-05,-4.010744995e-06,
1.585388448e-01
l,5.5,2.5
2.471,2.991,3.531,
0.000000000e+00,0.000000000e+00
2.185904968e-08,-4.922882923e-09,-2.116084709e-07,-2.613862471e-07,-1.017468627e-06,-9.680957141e-06,-3.131454830e-05,-4.338368282e-05,-2.266610739e-05,
1.961279626e-09,-1.287671482e-08,-2.680704534e-09,-8.284823860e-07,-6.086399184e-06,-2.687300923e-05,-6.271859926e-05,-7.011888259e-05,-2.999255639e-05,
1.586620698e-01
l,5.5,3.5
2.551,3.051,3.551,
0.000000000e+00,0.000000000e+00
8.931929329e-08,5.568550526e-08,-1.324830813e-06,-6.803867967e-06,-1.326915430e-05,2.353895358e-07,3.290974291e-05,3.465140784e-05,7.151276421e-06,
1.129837834e-08,-7.419714023e-08,-2.461807203e-08,-4.251783523e-06,-2.882937216e-05,-1.034987438e-04,-1.742431191e-04,-9.232841779e-05,2.159024875e-05,
1.582553450e-01
l,5.5,4.5
2.611,3.151,3.711,
0.000000000e+00,0.000000000e+00
3.377076041e-07,-2.000902934e-07,-3.917583494e-06,-1.699344345e-05,-1.628654650e-04,-8.569680839e-04,-2.155373552e-03,-2.614383212e-03,-1.242839133e-03,
2.606136568e-08,-1.714630031e-07,8.636457974e-08,-8.801727654e-06,-6.226162563e-05,-2.857756564e-04,-6.829306976e-04,-7.653957803e-04,-3.235715510e-04,
1.586599805e-01
l,5.5,5.5
2.671,3.211,3.751,
0.000000000e+00,0.000000000e+00
1.328205030e-06,5.553294489e-07,-1.561979406e-05,-2.939664190e-05,1.981875716e-04,1.187267342e-03,2.700980935e-03,2.951913752e-03,1.286973825e-03,
1.317400604e-07,-8.671229434e-07,4.139883688e-07,-4.160653611e-05,-2.642761777e-04,-9.818364732e-04,-1.863609391e-03,-1.506183873e-03,-3.476563360e-04,
1.584454414e-01
l,6.5,-6.5
2.451,2.931,3.431,
0.000000000e+00,0.000000000e+00
1.844368079e-15,-2.115342507e-15,-1.737872352e-14,5.218062262e-14,4.301307246e-13,1.208051236e-12,2.029374017e-12,2.190658462e-12,1.134443650e-12,
1.620359662e-16,-1.062504144e-15,2.844803200e-16,-5.880033979e-14,-4.154047296e-13,-1.791417091e-12,-4.061472111e-12,-4.394511600e-12,-1.833136934e-12,
1.585698288e-01
l,6.5,-5.5
2.511,2.991,3.471,
0.000000000e+00,0.000000000e+00
8.350126180e-15,-9.811285101e-15,-7.090748029e-14,4.547827121e-13,3.803940410e-12,1.262460703e-11,2.307669221e-11,2.284666995e-11,9.495148994e-12,
8.202728678e-16,-5.381458035e-15,-4.714660690e-16,-3.341086664e-13,-2.468250889e-12,-1.091002720e-11,-2.595408071e-11,-3.037854684e-11,-1.411329972e-11,
1.584460009e-01
l,6.5,-4.5
2.551,3.031,3.531,
0.000000000e+00,0.000000000e+00
3.789698928e-14,-2.831575267e-14,-3.662820373e-13,7.518899133e-13,9.035281684e-12,3.093363483e-11,5.752734872e-11,5.850250561e-11,2.489624798e-11,
3.644615917e-15,-2.392860220e-14,-3.233386275e-15,-1.484126134e-12,-1.078981534e-11,-4.680216602e-11,-1.078111788e-10,-1.193257416e-10,-5.076640381e-11,
1.584769305e-01
l,6.5,-3.5
2.611,3.091,3.591,
0.000000000e+00,0.000000000e+00
1.680136065e-13,-1.263025538e-13,-1.558455621e-12,5.661683449e-12,5.818092704e-11,2.032643726e-10,3.948907665e-10,4.319275076e-10,2.064110416e-10,
1.618265259e-14,-1.063232321e-13,-1.172168207e-14,-6.586515713e-12,-4.783854924e-11,-2.079689552e-10,-4.850789974e-10,-5.506101338e-10,-2.439980966e-10,
1.584460578e-01
l,6.5,-2.5
2.671,3.151,3.651,
0.000000000e+00,0.000000000e+00
7.331711193e-13,-4.712519891e-13,-7.021541150e-12,1.686723151e-11,2.177249195e-10,8.171211633e-10,1.628660971e-09,1.723151064e-09,7.502337258e-10,
7.190364022e-14,-4.727502147e-13,-1.374853394e-13,-3.059159488e-11,-2.230738087e-10,-9.615953335e-10,-2.208213054e-09,-2.446325364e-09,-1.044739766e-09,
1.585698549e-01
l,6.5,-1.5
2.731,3.231,3.731,
0.000000000e+00,0.000000000e+00
3.111980075e-12,-3.180098587e-12,-2.894182969e-11,9.390110648e-11,8.842632358e-10,2.852700554e-09,5.268877551e-09,5.630875387e-09,2.664039155e-09,
2.797970404e-13,-1.841245645e-12,3.412860265e-13,-1.050050609e-10,-7.470219781e-10,-3.228131543e-09,-7.377269725e-09,-8.082022967e-09,-3.420312565e-09,
1.585698653e-01
l,6.5,-0.5
2.791,3.291,3.791,
0.000000000e+00,0.000000000e+00
1.331800989e-11,-1.132771958e-11,-1.267420174e-10,3.605588596e-10,3.848962383e-09,1.252872096e-08,2.121525120e-08,1.868773233e-08,6.596210661e-09,
1.241231199e-12,-8.173370081e-12,5.612274658e-13,-4.804823235e-10,-3.434958044e-09,-1.477567262e-08,-3.372945239e-08,-3.696203151e-08,-1.561819465e-08,
1.585390092e-01
l,6.5,0.5
2.851,3.351,3.851,
0.000000000e+00,0.000000000e+00
5.615274912e-11,-3.657812699e-11,-5.213907462e-10,1.572301439e-09,1.846796877e-08,6.852825494e-08,1.389852382e-07,1.544862480e-07,7.307782341e-08,
5.507086208e-12,-3.628618649e-11,-1.082700375e-11,-2.371830974e-09,-1.737698316e-08,-7.549635123e-08,-1.758564038e-07,-1.991291156e-07,-8.765670032e-08,
1.585698920e-01
l,6.5,1.5
2.911,3.411,3.931,
0.000000000e+00,0.000000000e+00
2.323082005e-10,-9.394997420e-11,-2.506261512e-09,-2.609449749e-09,1.186942011e-08,3.921675216e-08,3.461738073e-08,-1.857046838e-08,-3.582859452e-08,
2.140154383e-11,-1.411278535e-10,1.942417678e-11,-8.007778659e-09,-5.610123598e-08,-2.359997783e-07,-5.180304824e-07,-5.287720657e-07,-1.980868945e-07,
1.585388263e-01
l,6.5,2.5
2.971,3.491,4.011,
0.000000000e+00,0.000000000e+00
9.432888914e-10,-6.664249823e-10,-7.765407411e-09,3.934624872e-08,3.105873249e-07,8.248328766e-07,1.111230114e-06,7.917302603e-07,2.485135359e-07,
8.316774350e-11,-5.488536808e-10,-1.435625260e-11,-3.418629950e-08,-2.494433979e-07,-1.111714340e-06,-2.673119631e-06,-3.148987891e-06,-1.455750161e-06,
1.585687945e-01
l,6.5,3.5
3.031,3.531,4.051,
0.000000000e+00,0.000000000e+00
3.693797934e-09,1.437487896e-09,-7.578908515e-08,-9.085360885e-07,-5.928420484e-06,-2.171785275e-05,-4.608848728e-05,-5.327965234e-05,-2.593951898e-05,
4.204138424e-10,-2.775496244e-09,-1.815523115e-09,-1.830254935e-07,-1.352167338e-06,-5.590274778e-06,-1.119523034e-05,-8.910246072e-06,-1.376776882e-06,
1.584812648e-01
l,6.5,4.5
3.091,3.631,4.171,
0.000000000e+00,0.000000000e+00
1.521171988e-08,-7.947498333e-09,-1.086237160e-07,1.554356402e-06,1.337262673e-05,4.595273686e-05,8.407030222e-05,8.158268617e-05,3.318419844e-05,
1.251772075e-09,-8.272863145e-09,5.484859354e-09,-4.170768612e-07,-2.831820053e-06,-1.238616331e-05,-3.018246829e-05,-3.673600225e-05,-1.787163100e-05,
1.582861618e-01
l,6.5,5.5
3.171,3.691,4.231,
0.000000000e+00,0.000000000e+00
5.722801077e-08,1.710409203e-08,-8.239853121e-07,-6.064140542e-06,-3.184692558e-05,-1.087059999e-04,-2.265269942e-04,-2.604700948e-04,-1.259280983e-04,
5.555872801e-09,-3.673721540e-08,6.259714000e-09,-1.978558283e-06,-1.336792079e-05,-5.257455535e-05,-1.022676510e-04,-8.148915805e-05,-1.580350565e-05,
1.585994224e-01
l,6.5,6.5
3.251,3.791,4.331,
0.000000000e+00,0.000000000e+00
2.164260025e-07,-7.423617429e-08,-1.907112190e-06,-1.392865486e-06,-7.658623469e-06,-8.457041494e-05,-2.529340258e-04,-3.145324723e-04,-1.457979637e-04,
1.889126439e-08,-1.250181982e-07,-3.017854864e-08,-8.318739097e-06,-6.201079726e-05,-2.790336936e-04,-6.649797290e-04,-7.619272977e-04,-3.352659641e-04,
1.586620794e-01
l,7.5,-7.5
2.891,3.351,3.831,
0.000000000e+00,0.000000000e+00
1.814123054e-17,-2.084041561e-17,-1.604924710e-16,7.549149954e-16,7.163759534e-15,2.826016741e-14,6.564170879e-14,8.498638016e-14,4.630109584e-14,
1.773723125e-18,-1.168465569e-17,-1.893533109e-18,-7.401342465e-16,-5.480240618e-15,-2.421479181e-14,-5.702877272e-14,-6.518298892e-14,-2.907080862e-14,
1.584768369e-01
l,7.5,-6.5
2.931,3.411,3.891,
0.000000000e+00,0.000000000e+00
8.178105091e-17,-1.040061177e-16,-6.773113645e-16,4.138630334e-15,3.092839701e-14,9.336907191e-14,1.640912177e-13,1.711164321e-13,8.143926427e-14,
7.866841961e-18,-5.185561549e-17,-7.377127208e-18,-3.321017612e-15,-2.479515789e-14,-1.113494682e-13,-2.699841460e-13,-3.233575376e-13,-1.539491033e-13,
1.584768258e-01
l,7.5,-5.5
2.991,3.471,3.951,
0.000000000e+00,0.000000000e+00
3.654598031e-16,-4.516147922e-16,-3.223862683e-15,1.678200216e-14,1.487700370e-13,5.165596185e-13,9.911318322e-13,1.024528207e-12,4.392470069e-13,
3.488284770e-17,-2.300723162e-16,1.917950643e-17,-1.356877765e-14,-9.856202379e-14,-4.305823186e-13,-9.998750612e-13,-1.123808019e-12,-4.942141071e-13,
1.584768835e-01
l,7.5,-4.5
3.051,3.531,4.011,
0.000000000e+00,0.000000000e+00
1.612790013e-15,-2.051582087e-15,-1.361837702e-14,6.615761929e-14,5.059100981e-13,1.565586416e-12,2.963888515e-12,3.410068139e-12,1.765907979e-12,
1.547006518e-16,-1.020924924e-15,-2.075371904e-16,-6.647009259e-14,-4.974498189e-13,-2.233582490e-12,-5.387037544e-12,-6.378074203e-12,-2.980227228e-12,
1.585388252e-01
l,7.5,-3.5
3.091,3.571,4.071,
0.000000000e+00,0.000000000e+00
7.251327936e-15,-5.518328047e-15,-6.853012957e-14,2.353450733e-13,2.605621137e-12,9.409348220e-12,1.791456590e-11,1.796881335e-11,7.381699099e-12,
6.853882196e-16,-4.525640414e-15,1.462170755e-16,-2.686802311e-13,-1.919133331e-12,-8.219102695e-12,-1.874012263e-11,-2.056389499e-11,-8.719514403e-12,
1.584769624e-01
l,7.5,-2.5
3.151,3.631,4.131,
0.000000000e+00,0.000000000e+00
3.134585012e-14,-2.164247094e-14,-3.039640495e-13,4.899692695e-13,6.850776148e-12,2.504669901e-11,5.165145484e-11,6.091627182e-11,3.116170106e-11,
3.037080293e-15,-2.006477421e-14,-4.242268427e-15,-1.281649763e-12,-9.382053226e-12,-4.091665476e-11,-9.511015168e-11,-1.065630306e-10,-4.596837422e-11,
1.584769610e-01
l,7.5,-1.5
3.211,3.711,4.211,
0.000000000e+00,0.000000000e+00
1.326588985e-13,-1.369798383e-13,-1.217548497e-12,4.593279593e-12,4.192964199e-11,1.309875388e-10,2.190280730e-10,1.972142503e-10,7.432840213e-11,
1.179328579e-14,-7.796775569e-14,2.153429770e-14,-4.348049112e-12,-3.073032732e-11,-1.326307972e-10,-3.031270079e-10,-3.324005480e-10,-1.412082478e-10,
1.585389007e-01
l,7.5,-0.5
3.271,3.771,4.271,
0.000000000e+00,0.000000000e+00
5.642093238e-13,-4.787647719e-13,-5.458394670e-12,1.260080687e-11,1.482169070e-10,5.122885691e-10,9.641969184e-10,1.004765517e-09,4.500647594e-10,
5.223300360e-14,-3.454970187e-13,2.639672980e-14,-2.034338527e-11,-1.452897256e-10,-6.248199734e-10,-1.423004343e-09,-1.549750057e-09,-6.472423207e-10,
1.585390092e-01
l,7.5,0.5
3.331,3.831,4.331,
0.000000000e+00,0.000000000e+00
2.372431028e-12,-1.518305502e-12,-2.211515031e-11,6.056200138e-11,7.509494437e-10,2.823611436e-09,5.673419893e-09,6.106410706e-09,2.741124127e-09,
2.313416096e-13,-1.530967511e-12,-4.364584760e-13,-9.997469482e-11,-7.313722101e-10,-3.173122998e-09,-7.365364399e-09,-8.283148581e-09,-3.606969944e-09,
1.585698920e-01
l,7.5,1.5
3.391,3.891,4.411,
0.000000000e+00,0.000000000e+00
9.796135257e-12,-4.523147173e-12,-9.905406321e-11,-3.816762165e-11,6.114134352e-10,1.212255745e-09,1.555169539e-11,-1.800980213e-09,-1.336622736e-09,
8.971830183e-13,-5.941115453e-12,-3.248099265e-13,-3.642165968e-10,-2.624500491e-09,-1.137359506e-08,-2.606987554e-08,-2.848092595e-08,-1.182883755e-08,
1.585697539e-01
l,7.5,2.5
3.471,3.971,4.491,
0.000000000e+00,0.000000000e+00
4.025757852e-11,-2.480123004e-11,-3.634529432e-10,2.265343108e-09,2.343197325e-08,8.562179551e-08,1.632550782e-07,1.631866888e-07,6.763025171e-08,
3.476211611e-12,-2.303339355e-11,1.256170067e-11,-1.170070222e-09,-7.846066793e-09,-3.261699912e-08,-7.295001460e-08,-7.912109130e-08,-3.380233968e-08,
1.584754859e-01
l,7.5,3.5
3.531,4.051,4.571,
0.000000000e+00,0.000000000e+00
1.520874954e-10,-9.924591639e-11,-2.558429694e-09,-2.875404505e-08,-1.921423973e-07,-6.189006622e-07,-1.002930537e-06,-7.750530689e-07,-2.153632802e-07,
1.350135868e-11,-8.951267791e-11,-4.397178304e-11,-6.055481233e-09,-4.554551911e-08,-1.993178365e-07,-4.218362914e-07,-3.707222951e-07,-8.733321293e-08,
1.588131279e-01
l,7.5,4.5
3.591,4.091,4.591,
0.000000000e+00,0.000000000e+00
6.498380167e-10,2.589842567e-10,-8.038019610e-09,-1.222476226e-08,1.765459762e-07,1.043163141e-06,2.465073396e-06,2.784996141e-06,1.245374298e-06,
7.760276732e-11,-5.145726604e-10,-1.208994692e-10,-3.004130411e-08,-2.036774545e-07,-7.493671646e-07,-1.377537104e-06,-1.027344689e-06,-1.535962495e-07,
1.582526544e-01
l,7.5,5.5
3.671,4.191,4.711,
0.000000000e+00,0.000000000e+00
2.423437895e-09,-7.962289988e-10,-2.727292174e-08,-1.421798225e-07,-8.140777819e-07,-2.777181643e-06,-4.950242086e-06,-4.347618659e-06,-1.484680943e-06,
2.311564029e-10,-1.534047005e-09,-8.835567826e-10,-1.086651041e-07,-8.191440033e-07,-3.639073771e-06,-8.434562261e-06,-9.200158500e-06,-3.729885782e-06,
1.586604286e-01
l,7.5,6.5
3.731,4.251,4.791,
0.000000000e+00,0.000000000e+00
9.610301888e-09,-2.424254601e-10,-7.179776121e-08,5.303551340e-07,5.399842215e-06,1.963767100e-05,3.740176221e-05,3.748059119e-05,1.560397657e-05,
8.937630882e-10,-5.934539786e-09,-1.033599243e-10,-3.630447363e-07,-2.568995951e-06,-1.108633068e-05,-2.626976679e-05,-3.068628806e-05,-1.407108767e-05,
1.584138861e-01
l,7.5,7.5
3.811,4.331,4.851,
0.000000000e+00,0.000000000e+00
3.584683839e-08,1.224721043e-08,-4.189885281e-07,-1.741249979e-06,-3.549438907e-06,-2.191394887e-06,3.760902114e-06,6.572200090e-06,2.628513986e-06,
3.952565238e-09,-2.625502874e-08,-1.428323084e-08,-1.754099053e-06,-1.263838844e-05,-5.224802382e-05,-1.138335890e-04,-1.161255177e-04,-4.307001845e-05,
1.584452512e-01
l,8.5,-8.5
3.331,3.791,4.251,
0.000000000e+00,0.000000000e+00
1.709180035e-19,-2.832061527e-19,-1.285354687e-18,1.196988548e-17,9.060381101e-17,3.123236159e-16,6.298111746e-16,7.164271712e-16,3.515010889e-16,
1.683184439e-20,-1.113162787e-19,3.197653766e-21,-6.835201071e-18,-5.141770531e-17,-2.332030432e-16,-5.699496240e-16,-6.912448387e-16,-3.375545883e-16,
1.584459190e-01
l,8.5,-7.5
3.371,3.831,4.311,
0.000000000e+00,0.000000000e+00
7.881439949e-19,-1.028212630e-18,-6.805262488e-18,2.963017331e-17,2.258186663e-16,7.225860794e-16,1.498446721e-15,1.943947184e-15,1.122022769e-15,
7.458278409e-20,-4.934924472e-19,-7.164452219e-20,-3.165906906e-17,-2.360369103e-16,-1.058721616e-15,-2.541393757e-15,-2.981679364e-15,-1.375699762e-15,
1.585387661e-01
l,8.5,-6.5
3.431,3.891,4.371,
0.000000000e+00,0.000000000e+00
3.534773127e-18,-4.711957658e-18,-2.932351385e-17,2.060725152e-16,1.647463988e-15,5.387654007e-15,9.733028730e-15,9.540598392e-15,3.910468490e-15,
3.300936841e-19,-2.185184333e-18,3.291174275e-19,-1.282690924e-16,-9.336457129e-16,-4.123307356e-15,-9.770901451e-15,-1.136414614e-14,-5.258718925e-15,
1.584768258e-01
l,8.5,-5.5
3.471,3.951,4.431,
0.000000000e+00,0.000000000e+00
1.559616950e-17,-2.033525765e-17,-1.398191504e-16,5.380219088e-16,4.670527711e-15,1.620080789e-14,3.375048489e-14,4.060602599e-14,2.102422353e-14,
1.461814020e-18,-9.681578620e-18,3.189126923e-19,-5.848207946e-16,-4.275042724e-15,-1.883388621e-14,-4.396847789e-14,-4.949079279e-14,-2.164887028e-14,
1.585387938e-01
l,8.5,-4.5
3.531,4.011,4.491,
0.000000000e+00,0.000000000e+00
6.869819029e-17,-9.103701651e-17,-5.574847517e-16,3.598167785e-15,2.652832701e-14,7.777524474e-14,1.254920745e-13,1.115226457e-13,4.229677027e-14,
6.468657184e-18,-4.286135120e-17,-1.565755238e-18,-2.681879906e-15,-1.990559220e-14,-8.935130958e-14,-2.161917802e-13,-2.579237806e-13,-1.223056597e-13,
1.585078255e-01
l,8.5,-3.5
3.591,4.071,4.551,
0.000000000e+00,0.000000000e+00
2.997281935e-16,-3.604585886e-16,-2.699379264e-15,1.203055650e-14,1.121948992e-13,4.030037954e-13,8.187200954e-13,9.222022101e-13,4.426374395e-13,
2.861928285e-17,-1.897155107e-16,9.969579876e-18,-1.135773341e-14,-8.272183838e-14,-3.622027637e-13,-8.433963173e-13,-9.491892205e-13,-4.163808546e-13,
1.584769080e-01
l,8.5,-2.5
3.651,4.131,4.611,
0.000000000e+00,0.000000000e+00
1.292991029e-15,-1.480204903e-15,-1.086961720e-14,5.311056268e-14,4.349218406e-13,1.397516124e-12,2.588428748e-12,2.734674104e-12,1.254295404e-12,
1.266230379e-16,-8.397385734e-16,-2.397299162e-16,-5.608145890e-14,-4.223474028e-13,-1.902641614e-12,-4.619346872e-12,-5.511085926e-12,-2.590641252e-12,
1.584769610e-01
l,8.5,-1.5
3.711,4.191,4.691,
0.000000000e+00,0.000000000e+00
5.555442191e-15,-5.621621087e-15,-5.270761255e-14,1.747968371e-13,1.761751617e-12,5.950569886e-12,1.095272403e-11,1.112301168e-11,4.864001475e-12,
4.907174970e-16,-3.256154882e-15,1.137190828e-15,-1.771355636e-13,-1.235988149e-12,-5.269597686e-12,-1.183379920e-11,-1.263019657e-11,-5.167503983e-12,
1.585389007e-01
l,8.5,-0.5
3.771,4.251,4.751,
0.000000000e+00,0.000000000e+00
2.351308066e-14,-1.984089136e-14,-2.242635765e-13,5.260945899e-13,6.079261929e-12,2.105124679e-11,3.978434127e-11,4.158793510e-11,1.858573912e-11,
2.170284211e-15,-1.440675890e-14,6.157783396e-16,-8.621513974e-13,-6.191990925e-12,-2.679411011e-11,-6.148093779e-11,-6.757877674e-11,-2.852339216e-11,
1.585388714e-01
l,8.5,0.5
3.831,4.311,4.811,
0.000000000e+00,0.000000000e+00
9.860956995e-14,-6.274580386e-14,-9.445318141e-13,1.740582942e-12,2.473609731e-11,9.256630896e-11,1.859495282e-10,2.037189362e-10,9.438426156e-11,
9.593191428e-15,-6.370660939e-14,-1.336523873e-14,-4.085207022e-12,-2.986728532e-11,-1.300304578e-10,-3.024311991e-10,-3.394584758e-10,-1.467967553e-10,
1.584770525e-01
l,8.5,1.5
3.891,4.391,4.891,
0.000000000e+00,0.000000000e+00
4.028136874e-13,-3.600333009e-13,-3.546451862e-12,1.274617983e-11,1.138296285e-10,3.437488332e-10,5.710359260e-10,5.399581872e-10,2.276381276e-10,
3.715123142e-14,-2.468407620e-13,-1.945297380e-14,-1.554133557e-11,-1.139768534e-10,-5.052428297e-10,-1.201384213e-09,-1.391121892e-09,-6.290836913e-10,
1.585387339e-01
l,8.5,2.5
3.951,4.451,4.951,
0.000000000e+00,0.000000000e+00
1.669009007e-12,-7.335475644e-13,-1.809497237e-11,2.321986497e-11,5.967041744e-10,2.672258535e-09,5.759941206e-09,6.245201122e-09,2.725830677e-09,
1.641565495e-13,-1.091098122e-12,2.125477255e-13,-5.980391197e-11,-4.062516904e-10,-1.613471095e-09,-3.306215341e-09,-3.043350111e-09,-9.513271381e-10,
1.584750689e-01
l,8.5,3.5
4.011,4.531,5.071,
0.000000000e+00,0.000000000e+00
6.388556784e-12,-8.040870364e-12,-3.506841774e-11,-2.559690242e-10,-6.436494171e-09,-3.797529034e-08,-9.769721021e-08,-1.193397795e-07,-5.699048226e-08,
4.874261284e-13,-3.242101355e-12,-3.898690555e-12,-2.961748353e-10,-2.525291859e-09,-1.271645041e-08,-3.326366406e-08,-4.190009688e-08,-2.029805585e-08,
1.586739261e-01
l,8.5,4.5
4.091,4.591,5.091,
0.000000000e+00,0.000000000e+00
2.636183979e-11,-6.960469306e-13,-4.224756289e-10,-3.102173785e-09,-1.486893317e-08,-4.484369078e-08,-8.761539527e-08,-1.021282330e-07,-5.266532784e-08,
2.806655731e-12,-1.867056695e-11,-2.202702460e-12,-1.052931854e-09,-7.098289474e-09,-2.655113150e-08,-4.490274007e-08,-2.004256351e-08,1.077686103e-08,
1.584664620e-01
l,8.5,5.5
4.151,4.671,5.211,
0.000000000e+00,0.000000000e+00
1.028609975e-10,-6.608752748e-11,-8.598240089e-10,5.570903102e-10,-5.231629730e-09,-8.139605028e-08,-2.637293330e-07,-3.541214383e-07,-1.776544346e-07,
8.324749091e-12,-5.541594198e-11,-1.600070911e-12,-3.558724457e-09,-2.682766097e-08,-1.241644310e-07,-3.032787802e-07,-3.564583664e-07,-1.615804855e-07,
1.585974151e-01
l,8.5,6.5
4.231,4.731,5.251,
0.000000000e+00,0.000000000e+00
4.087880867e-10,5.476719540e-11,-4.237303727e-09,4.215647473e-09,1.548157145e-07,7.322149849e-07,1.650209721e-06,1.888824881e-06,8.829413369e-07,
4.196040816e-11,-2.793821351e-10,9.167615736e-12,-1.600866589e-08,-1.082828348e-07,-4.258252712e-07,-8.907540474e-07,-8.751140017e-07,-3.162658634e-07,
1.584132144e-01
l,8.5,7.5
4.311,4.831,5.351,
0.000000000e+00,0.000000000e+00
1.513952963e-09,-4.122365499e-10,-1.854975588e-08,-9.174540275e-08,-4.400773348e-07,-1.451256239e-06,-2.840093477e-06,-3.031070427e-06,-1.377672401e-06,
1.421461340e-10,-9.469478391e-10,-8.476067420e-11,-5.762427799e-08,-4.116989580e-07,-1.741873647e-06,-3.780315295e-06,-3.710246429e-06,-1.258866899e-06,
1.585994873e-01
l,8.5,8.5
4.371,4.911,5.451,
0.000000000e+00,0.000000000e+00
5.752347931e-09,-2.559229198e-09,-4.802307212e-08,1.370047641e-07,1.205731083e-06,2.771071586e-06,2.606113000e-06,6.288926653e-07,-3.001677130e-07,
4.804281846e-10,-3.202159262e-09,7.306920687e-10,-1.876000794e-07,-1.357560183e-06,-6.097779137e-06,-1.462641219e-05,-1.693903315e-05,-7.593923473e-06,
1.584759304e-01
