l,0.5,-0.5
0.071,0.251,0.451,
1.519692508e-04,1.991475957e+00
2.307071099e-06,-1.493846702e-05,3.303071400e-05,4.701152368e-03,8.362524938e-02,1.002298491e+00,6.972996053e+00,2.510484590e+01,3.654181984e+01,
1.935174596e-07,-3.169986586e-06,-3.757633652e-05,-3.065323517e-03,-6.497659802e-02,-7.389975121e-01,-4.513734433e+00,-1.406709021e+01,-1.767045960e+01,
1.532665825e-01
l,0.5,0.5
0.151,0.331,0.531,
1.196900176e-01,2.551224786e+00
3.813294927e-03,-9.567336488e-03,-1.942193683e-01,2.966106154e+00,6.174987420e+01,5.587073200e+02,2.998178913e+03,8.854679179e+03,1.089169446e+04,
3.499880206e-04,-5.822950655e-03,-8.574412285e-03,-2.845307824e+00,-5.728265773e+01,-6.508597721e+02,-3.911647392e+03,-1.159069484e+04,-1.357777543e+04,
1.583389801e-01
l,1.5,-1.5
0.211,0.431,0.651,
1.441770186e-06,7.818720213e+00
1.733781001e-11,-1.136452518e-10,-1.170992013e-10,1.035256945e-08,8.652339830e-08,6.909155905e-08,-5.107955198e-06,-3.396151662e-05,-6.450724511e-05,
1.018271356e-12,-1.737387850e-11,-5.998110394e-11,-9.356352958e-09,-1.776415899e-07,-1.876144863e-06,-1.041422821e-05,-2.900423762e-05,-3.238058898e-05,
1.523564034e-01
l,1.5,-0.5
0.271,0.491,0.731,
8.626178802e-04,8.660136542e+00
3.004170068e-08,-1.199533927e-07,-3.101203389e-07,2.711708985e-05,4.630153555e-04,4.288012629e-03,2.218328560e-02,5.898017319e-02,6.181229701e-02,
1.730212167e-09,-2.981196947e-08,-2.701254775e-07,-2.383852415e-05,-4.508226622e-04,-4.509406461e-03,-2.358180293e-02,-6.142487053e-02,-6.345280508e-02,
1.544098112e-01
l,1.5,0.5
0.351,0.591,0.851,
8.687314536e-01,1.142710708e+01
2.375887016e-05,-2.884207358e-05,-3.736734292e-04,1.507851382e-02,2.844115205e-01,2.192785084e+00,7.640821224e+00,9.513815435e+00,-1.507133461e+00,
1.434431064e-06,-2.499200363e-05,-1.933841625e-04,-1.817842239e-02,-3.296100124e-01,-3.142968673e+00,-1.557499520e+01,-3.799104081e+01,-3.632919060e+01,
1.549697575e-01
l,1.5,1.5
0.471,0.731,1.011,
4.936132685e-02,4.604273864e+00
7.534125820e-03,2.545039998e-02,1.943483254e-01,8.550122299e+00,1.265099675e+02,9.309079154e+02,3.751673938e+03,7.935840515e+03,6.901890938e+03,
5.838820701e-04,-1.024195753e-02,1.065899557e-02,-3.249475169e+00,-5.301145703e+01,-5.571222647e+02,-3.135134122e+03,-8.370514605e+03,-8.462429630e+03,
1.580301104e-01
l,2.5,-2.5
0.411,0.631,0.851,
2.394296968e-13,9.469690360e+00
8.827611278e-17,-6.135387126e-16,7.238039352e-17,7.089436952e-14,9.653583162e-13,8.250351936e-12,4.073323791e-11,1.096291280e-10,1.253054631e-10,
4.879401049e-18,-8.501448951e-17,-2.939115572e-16,-4.651959938e-14,-8.786375031e-13,-9.276070821e-12,-5.154361577e-11,-1.438987254e-10,-1.610990920e-10,
1.522966799e-01
l,2.5,-1.5
0.471,0.691,0.931,
2.771791039e-09,1.394378421e+01
1.591235011e-13,-8.280772580e-13,-1.920665007e-12,7.864168817e-11,1.015883968e-09,5.621805529e-09,5.518826498e-09,-4.920600347e-08,-1.221117525e-07,
7.981166340e-15,-1.398628740e-13,-4.413924538e-13,-7.260273056e-11,-1.303956051e-09,-1.294264784e-08,-6.676267895e-08,-1.703791191e-07,-1.722488185e-07,
1.525052820e-01
l,2.5,-0.5
0.551,0.791,1.031,
1.298687152e-07,1.234436987e+01
1.758194978e-10,-8.313675220e-10,-2.206730517e-09,8.269456927e-08,1.226927763e-06,9.868119658e-06,4.587655060e-05,1.190637013e-04,1.324908432e-04,
9.122283771e-12,-1.608103224e-10,-4.644125255e-10,-8.225216249e-08,-1.483716511e-06,-1.487032322e-05,-7.765715255e-05,-2.003406986e-04,-2.042529623e-04,
1.529221199e-01
l,2.5,0.5
0.651,0.891,1.151,
0.000000000e+00,0.000000000e+00
1.329125041e-07,-2.981736958e-07,-1.093771280e-06,1.031164216e-04,2.078006226e-03,2.005804961e-02,1.013431495e-01,2.562319549e-01,2.530426791e-01,
7.318847724e-09,-1.297589108e-07,-1.061348258e-06,-9.776384813e-05,-1.775111379e-03,-1.697001903e-02,-8.437561456e-02,-2.069166709e-01,-1.991970928e-01,
1.548788129e-01
l,2.5,1.5
0.771,1.031,1.311,
5.893863743e-03,2.480618520e+01
5.016351133e-05,-3.264353516e-06,-5.325135471e-04,2.581147750e-02,6.070415407e-01,6.257032135e+00,3.316222151e+01,8.781148169e+01,9.178172920e+01,
2.830921489e-06,-5.049003540e-05,4.937015740e-05,-1.322607343e-02,-1.750562872e-01,-1.644771470e+00,-8.531345508e+00,-2.103363465e+01,-1.965613915e+01,
1.559692508e-01
l,2.5,2.5
0.851,1.151,1.491,
4.917304988e-03,7.030218435e+00
7.667481899e-03,4.204486907e-02,7.863625962e-01,1.860052652e+01,2.274816011e+02,1.516146317e+03,5.612627280e+03,1.084108296e+04,8.519179576e+03,
7.550589317e-04,-1.349129457e-02,7.306947422e-02,-1.608608476e-01,1.964154604e+01,1.641819866e+02,3.753769443e+02,3.156821128e+01,-5.166129962e+02,
1.578457123e-01
l,3.5,-3.5
0.611,0.831,1.051,
0.000000000e+00,0.000000000e+00
3.991757097e-22,-2.709940086e-21,1.121057454e-21,3.278291897e-19,5.646241046e-18,6.559828786e-17,4.214201720e-16,1.368951588e-15,1.733279629e-15,
2.205129676e-23,-3.891338033e-22,-1.527337696e-21,-2.224012040e-19,-4.228058824e-18,-4.485677010e-17,-2.509711443e-16,-7.055903726e-16,-7.946300735e-16,
1.519708182e-01
l,3.5,-2.5
0.671,0.891,1.131,
0.000000000e+00,0.000000000e+00
7.286157870e-19,-3.953005511e-18,-3.206860251e-18,5.300878095e-16,1.071673630e-14,1.433029122e-13,1.056467788e-12,3.872893709e-12,5.449149846e-12,
3.548600934e-20,-6.286011299e-19,-2.194125349e-18,-3.381459092e-16,-6.106428316e-15,-6.094914918e-14,-3.167212645e-13,-8.159381052e-13,-8.334408379e-13,
1.522083654e-01
l,3.5,-1.5
0.751,0.971,1.211,
0.000000000e+00,0.000000000e+00
9.828251401e-16,-4.335799132e-15,-4.318474063e-15,7.303675645e-13,1.368362905e-11,1.485254017e-10,8.985495073e-10,2.824283150e-09,3.529094077e-09,
5.633294028e-17,-1.001175190e-15,-5.662651342e-15,-6.261567815e-13,-1.157980204e-11,-1.160839151e-10,-6.121757170e-10,-1.607333200e-09,-1.670596336e-09,
1.511389858e-01
l,3.5,-0.5
0.851,1.091,1.331,
0.000000000e+00,0.000000000e+00
8.764913166e-13,-4.278387547e-12,-9.249720820e-12,3.483607512e-10,3.610833150e-09,5.443206125e-09,-1.279479702e-07,-7.351175040e-07,-1.188702983e-06,
4.443459766e-14,-7.930204294e-13,-2.273595364e-12,-4.081153622e-10,-7.352311867e-09,-7.377146111e-08,-3.859632631e-07,-9.972840063e-07,-1.017371442e-06,
1.528623847e-01
l,3.5,0.5
0.951,1.191,1.451,
0.000000000e+00,0.000000000e+00
6.417282816e-10,-1.704297110e-09,-7.072982100e-09,3.765211410e-07,8.590939489e-06,9.687605441e-05,5.737140005e-04,1.702210103e-03,1.974482725e-03,
3.437252225e-11,-6.155791721e-10,-2.051907892e-09,-3.215742728e-07,-5.652899315e-06,-5.455106672e-05,-2.749269704e-04,-6.799624192e-04,-6.575664875e-04,
1.528623847e-01
l,3.5,1.5
1.091,1.331,1.591,
0.000000000e+00,0.000000000e+00
2.761285884e-07,-3.313856997e-07,2.287709681e-06,3.254116445e-04,6.364577964e-03,6.359250655e-02,3.412088701e-01,9.325787306e-01,1.013952437e+00,
1.864676703e-08,-3.350766523e-07,-3.298657633e-06,-2.767365605e-04,-5.129916304e-03,-4.969259282e-02,-2.523021842e-01,-6.338230337e-01,-6.242993553e-01,
1.546077494e-01
l,3.5,2.5
1.231,1.491,1.771,
0.000000000e+00,0.000000000e+00
6.730543100e-05,-1.264482559e-05,-5.901678820e-03,-2.158347982e-01,-3.850493556e+00,-3.401812190e+01,-1.578659131e+02,-3.702679122e+02,-3.471234407e+02,
4.853681910e-06,-8.752764975e-05,-8.107552735e-05,-3.299162345e-02,-5.266638248e-01,-4.908034538e+00,-2.428005324e+01,-5.743823553e+01,-5.133500820e+01,
1.555193517e-01
l,3.5,3.5
1.271,1.611,1.991,
2.378469726e-04,7.822066514e+00
7.352476940e-03,3.360203313e-02,3.088254072e-01,6.316890497e+00,7.489726019e+01,4.732980596e+02,1.619580621e+03,2.840689811e+03,2.003949683e+03,
6.090277943e-04,-1.099893720e-02,9.512629436e-02,1.021326306e+00,3.475717434e+01,2.728973871e+02,8.783204514e+02,1.281204392e+03,6.986833066e+02,
1.574145361e-01
l,4.5,-4.5
0.831,1.031,1.251,
0.000000000e+00,0.000000000e+00
1.689465036e-27,-1.108385557e-26,-6.980431398e-28,1.450503846e-24,2.531756290e-23,2.718321753e-22,1.623683902e-21,5.260320802e-21,7.104828021e-21,
9.595004023e-29,-1.707802103e-27,-8.051801527e-27,-1.036437846e-24,-1.983813824e-23,-2.104495636e-22,-1.179083883e-21,-3.316325049e-21,-3.726776971e-21,
1.514929413e-01
l,4.5,-3.5
0.891,1.111,1.331,
0.000000000e+00,0.000000000e+00
2.737816911e-24,-1.831597943e-23,4.052091040e-24,1.988968548e-21,2.818432247e-20,2.232356470e-19,8.113126050e-19,1.030294670e-18,-4.443498121e-19,
1.527248882e-25,-2.725667899e-24,-1.179292055e-23,-1.608858175e-21,-3.059381808e-20,-3.235022662e-19,-1.804433662e-18,-5.047539568e-18,-5.639162082e-18,
1.517925884e-01
l,4.5,-2.5
0.971,1.191,1.411,
0.000000000e+00,0.000000000e+00
3.942499107e-21,-2.379565372e-20,1.615432939e-20,3.527808749e-18,5.822917670e-17,5.852220596e-16,3.394014142e-15,1.063706710e-14,1.359784696e-14,
2.406493336e-22,-4.305098971e-21,-2.574736619e-20,-2.843408245e-18,-5.485950976e-17,-5.810511281e-16,-3.265655846e-15,-9.222936109e-15,-1.038884140e-14,
1.511094549e-01
l,4.5,-1.5
1.071,1.291,1.511,
0.000000000e+00,0.000000000e+00
4.345482919e-18,-2.566515496e-17,6.153333192e-18,3.493680333e-15,5.837914177e-14,5.611940594e-13,2.966869939e-12,8.129130369e-12,8.828845305e-12,
2.658770253e-19,-4.768880707e-18,-2.637482129e-17,-3.065206734e-15,-5.914686192e-14,-6.292798512e-13,-3.555763209e-12,-1.009139516e-11,-1.141619247e-11,
1.514633412e-01
l,4.5,-0.5
1.151,1.391,1.631,
0.000000000e+00,0.000000000e+00
4.023063875e-15,-1.950226377e-14,-3.509728124e-14,2.006415056e-12,2.870193926e-11,1.810807818e-10,3.570275538e-10,-6.796380896e-10,-2.601533805e-09,
2.052849645e-16,-3.692072204e-15,-1.201693487e-14,-1.967195843e-12,-3.557167650e-11,-3.575002139e-10,-1.878397167e-09,-4.880773127e-09,-5.006056796e-09,
1.526840165e-01
l,4.5,0.5
1.271,1.511,1.751,
0.000000000e+00,0.000000000e+00
2.696167942e-12,-1.042178234e-11,-2.495129316e-11,1.702330754e-09,3.500529554e-08,3.620796031e-07,1.972588377e-06,5.419928670e-06,5.839568580e-06,
1.561391453e-13,-2.814740092e-12,-1.170312811e-11,-1.603667406e-09,-2.932854413e-08,-2.946534497e-07,-1.558310847e-06,-4.082461328e-06,-4.214385529e-06,
1.524457270e-01
l,4.5,1.5
1.411,1.651,1.891,
0.000000000e+00,0.000000000e+00
1.277263961e-09,-3.540596139e-09,3.957023526e-09,1.749108594e-06,3.478164309e-05,3.287995347e-04,1.632672395e-03,4.124821327e-03,4.165987123e-03,
8.354791119e-11,-1.509661277e-09,-1.761226040e-08,-1.397842953e-06,-2.638761300e-05,-2.625297122e-04,-1.384442060e-03,-3.659394721e-03,-3.837262236e-03,
1.544098112e-01
l,4.5,2.5
1.551,1.811,2.071,
0.000000000e+00,0.000000000e+00
4.096334862e-07,-7.297270948e-07,-3.005531633e-06,5.849217399e-04,1.173600061e-02,1.005608254e-01,4.409404519e-01,9.788384608e-01,8.716585286e-01,
2.150314631e-08,-3.895374251e-07,-2.917542315e-06,-2.837443707e-04,-4.996290936e-03,-4.762306565e-02,-2.406374117e-01,-6.064233914e-01,-6.045194403e-01,
1.560913878e-01
l,4.5,3.5
1.711,1.971,2.251,
0.000000000e+00,0.000000000e+00
7.715020183e-05,4.053956926e-05,4.267050879e-04,3.954768383e-02,6.588771421e-01,5.988358480e+00,2.937019889e+01,7.270956578e+01,7.108879809e+01,
5.430151227e-06,-9.857730318e-05,-1.198554505e-04,-3.943380305e-02,-6.545320227e-01,-6.462897340e+00,-3.406047472e+01,-8.649478675e+01,-8.388433143e+01,
1.559999458e-01
l,4.5,4.5
1.691,2.071,2.471,
6.061318257e-07,1.460606797e+01
6.368781906e-03,1.916919183e-02,-3.141319699e-01,-7.759194208e+00,-7.946395305e+01,-4.341330563e+02,-1.313477307e+03,-2.076488334e+03,-1.338937765e+03,
6.647120122e-04,-1.207237569e-02,8.772119595e-02,1.062711842e+00,4.198121190e+01,3.707288350e+02,1.362798343e+03,2.318589693e+03,1.515431014e+03,
1.577224916e-01
l,5.5,-5.5
1.051,1.251,1.451,
0.000000000e+00,0.000000000e+00
5.936948095e-33,-4.464148275e-32,7.843538780e-32,5.286391831e-30,5.982194279e-29,3.968654713e-28,8.902228815e-28,-1.766268536e-27,-8.532586584e-27,
4.063999723e-34,-7.278236863e-33,-4.580948039e-32,-5.110358767e-30,-1.045784707e-28,-1.191435466e-27,-7.290193552e-27,-2.268558214e-26,-2.840329970e-26,
1.508570611e-01
l,5.5,-4.5
1.131,1.331,1.531,
0.000000000e+00,0.000000000e+00
9.640584641e-30,-7.483054488e-29,1.243748226e-28,8.614915527e-27,1.120055795e-25,7.946112958e-25,1.940865377e-24,-2.678409292e-24,-1.432292115e-23,
6.419427290e-31,-1.151970121e-29,-6.483089589e-29,-7.755484834e-27,-1.576777657e-25,-1.792316532e-24,-1.093335204e-23,-3.392330659e-23,-4.238148571e-23,
1.512570631e-01
l,5.5,-3.5
1.191,1.391,1.611,
0.000000000e+00,0.000000000e+00
1.646516953e-26,-9.773508731e-26,2.109791441e-26,1.190260248e-23,1.661811488e-22,1.335464252e-21,4.699611264e-21,3.566130315e-21,-1.167767264e-20,
1.005507373e-27,-1.807650480e-26,-1.110858719e-25,-1.208978358e-23,-2.336622823e-22,-2.474749815e-21,-1.391193424e-20,-3.932440362e-20,-4.436508547e-20,
1.507990287e-01
l,5.5,-2.5
1.271,1.491,1.711,
0.000000000e+00,0.000000000e+00
1.924001929e-23,-1.218730648e-22,4.510358903e-24,1.285698196e-20,1.773972140e-19,1.298218850e-18,4.154936019e-18,3.893089383e-18,-4.490736395e-18,
1.105809227e-24,-1.991979857e-23,-9.329266455e-23,-1.211591402e-20,-2.312577719e-19,-2.444056584e-18,-1.364889558e-17,-3.820051074e-17,-4.262922936e-17,
1.517037168e-01
l,5.5,-1.5
1.371,1.591,1.811,
0.000000000e+00,0.000000000e+00
1.986441929e-20,-1.164538675e-19,2.898281504e-20,1.597541018e-17,2.868601576e-16,3.080366579e-15,1.837522835e-14,5.705073699e-14,7.055022885e-14,
1.203322443e-21,-2.171521383e-20,-1.131306861e-19,-1.368135324e-17,-2.631611281e-16,-2.793404714e-15,-1.572571098e-14,-4.440716089e-14,-4.996019903e-14,
1.515258696e-01
l,5.5,-0.5
1.471,1.691,1.931,
0.000000000e+00,0.000000000e+00
1.755809964e-17,-8.233540752e-17,-1.560423322e-16,8.975794418e-15,1.464731695e-13,1.149097478e-12,3.793117856e-12,2.809566511e-12,-6.895554406e-12,
9.157780676e-19,-1.655759908e-17,-6.027584615e-17,-9.104345040e-15,-1.652216665e-13,-1.658005775e-12,-8.712240118e-12,-2.265381394e-11,-2.324186783e-11,
1.524159409e-01
l,5.5,0.5
1.591,1.811,2.051,
0.000000000e+00,0.000000000e+00
1.159939031e-14,-4.315051162e-14,6.706275593e-14,1.374579856e-11,2.658236833e-10,2.688051290e-09,1.455896859e-08,4.024283935e-08,4.406218914e-08,
6.973204566e-16,-1.262893474e-14,-1.492958289e-13,-1.181369555e-11,-2.255580527e-10,-2.267747697e-09,-1.201093861e-08,-3.177940314e-08,-3.329028303e-08,
1.539888652e-01
l,5.5,1.5
1.731,1.951,2.191,
0.000000000e+00,0.000000000e+00
5.625474912e-12,-1.753452016e-11,3.137025240e-11,5.333482379e-09,9.929995921e-08,1.032452309e-06,5.836257850e-06,1.673276032e-05,1.886466558e-05,
3.650335840e-13,-6.622372082e-12,-7.071922207e-11,-5.876968962e-09,-1.138332408e-07,-1.163040440e-06,-6.241859720e-06,-1.663761459e-05,-1.745661060e-05,
1.542599900e-01
l,5.5,2.5
1.871,2.111,2.351,
0.000000000e+00,0.000000000e+00
1.952259021e-09,-5.195622344e-09,1.447418115e-08,9.752856159e-07,1.279889338e-05,1.448126083e-04,9.450664847e-04,2.954753774e-03,3.443510641e-03,
1.327721702e-10,-2.412852398e-09,-2.031075191e-08,-1.920356111e-06,-3.853198722e-05,-4.117751639e-04,-2.288886898e-03,-6.237523501e-03,-6.617926213e-03,
1.550605956e-01
l,5.5,3.5
2.031,2.271,2.531,
0.000000000e+00,0.000000000e+00
5.097751909e-07,-1.849934987e-07,-5.080650619e-06,3.261044072e-04,8.366528171e-03,8.530326684e-02,4.302788182e-01,1.080252544e+00,1.076541945e+00,
3.329512161e-08,-6.060752994e-07,-4.628114238e-06,-4.441084373e-04,-7.789276009e-03,-7.176113097e-02,-3.484117990e-01,-8.387100049e-01,-7.936978453e-01,
1.553673705e-01
l,5.5,4.5
2.191,2.471,2.751,
0.000000000e+00,0.000000000e+00
7.935424219e-05,-7.900309381e-05,-6.643128859e-03,-1.529053140e-01,-1.980300714e+00,-1.403358863e+01,-5.582985885e+01,-1.176690474e+02,-1.026623572e+02,
4.039724243e-06,-7.366255510e-05,1.817999559e-04,-1.968471884e-02,-2.782929747e-01,-2.592410551e+00,-1.214334301e+01,-2.483299073e+01,-1.698537827e+01,
1.569808618e-01
l,5.5,5.5
2.151,2.551,2.971,
0.000000000e+00,0.000000000e+00
5.626202095e-03,-9.037158497e-03,-1.742913368e+00,-3.765516401e+01,-3.844055701e+02,-2.093946953e+03,-6.243433440e+03,-9.619011124e+03,-5.992207371e+03,
4.826559684e-04,-8.804822626e-03,2.821185484e-01,8.306362708e+00,1.269978571e+02,8.447232021e+02,2.752641153e+03,4.388215331e+03,2.749570746e+03,
1.573531181e-01
l,6.5,-6.5
1.271,1.471,1.671,
0.000000000e+00,0.000000000e+00
1.997888954e-38,-1.711934609e-37,3.599107600e-37,2.146342224e-35,3.934965817e-34,5.127649465e-33,3.639413346e-32,1.310894575e-31,1.841894849e-31,
1.195156737e-39,-2.151256367e-38,-7.134837377e-38,-1.233154202e-35,-2.447510673e-34,-2.765965580e-33,-1.663652776e-32,-5.080709888e-32,-6.266310805e-32,
1.523861779e-01
l,6.5,-5.5
1.351,1.531,1.731,
0.000000000e+00,0.000000000e+00
3.814994021e-35,-2.800526878e-34,5.724459602e-34,5.106167650e-32,1.005003697e-30,1.249735187e-29,8.595440401e-29,3.079790225e-28,4.413076297e-28,
2.651472012e-36,-4.778092495e-35,-3.236153709e-34,-3.446529279e-32,-7.044086888e-31,-7.981274917e-30,-4.851715847e-29,-1.497287542e-28,-1.856325810e-28,
1.506813089e-01
l,6.5,-4.5
1.411,1.611,1.811,
0.000000000e+00,0.000000000e+00
5.772025797e-32,-4.099871720e-31,9.973252195e-31,7.715981113e-29,1.455560365e-27,1.732906426e-26,1.138419964e-25,3.851690812e-25,5.155057133e-25,
4.132946490e-33,-7.458334822e-32,-5.569478084e-31,-5.610260997e-29,-1.152020183e-27,-1.307278934e-26,-7.978083771e-26,-2.474098349e-25,-3.081269194e-25,
1.503577863e-01
l,6.5,-3.5
1.491,1.691,1.911,
0.000000000e+00,0.000000000e+00
8.016230198e-29,-5.149959514e-28,2.981119185e-28,6.504308887e-26,9.935545519e-25,1.031474426e-23,6.190328847e-23,1.985002951e-22,2.504000275e-22,
4.528249053e-30,-8.184784024e-29,-4.039311219e-28,-5.091108432e-26,-9.759619571e-25,-1.039533584e-23,-5.865938118e-23,-1.662548156e-22,-1.881050055e-22,
1.516740930e-01
l,6.5,-2.5
1.591,1.791,2.011,
0.000000000e+00,0.000000000e+00
8.820809065e-26,-5.727714176e-25,1.132434251e-25,6.927099451e-23,1.135793096e-21,1.141814846e-20,6.449094950e-20,1.969204854e-19,2.464454312e-19,
4.916361990e-27,-8.899088866e-26,-3.903658798e-25,-5.335839869e-23,-1.018471511e-21,-1.085074170e-20,-6.118278234e-20,-1.730601433e-19,-1.952837116e-19,
1.520301876e-01
l,6.5,-1.5
1.691,1.891,2.111,
0.000000000e+00,0.000000000e+00
8.685164191e-23,-5.030325148e-22,2.692952744e-22,8.139009401e-20,1.439364267e-18,1.509591949e-17,8.935766569e-17,2.812667529e-16,3.579055742e-16,
5.292240605e-24,-9.591931741e-23,-5.406521604e-22,-6.237752839e-20,-1.201995932e-18,-1.278255457e-17,-7.230571447e-17,-2.055103466e-16,-2.328218854e-16,
1.514633412e-01
l,6.5,-0.5
1.791,2.011,2.231,
0.000000000e+00,0.000000000e+00
6.671112766e-20,-3.862651750e-19,-7.847009486e-20,4.941157149e-17,7.717068297e-16,6.480129407e-15,2.807683573e-14,5.956158177e-14,4.454501158e-14,
3.985926552e-21,-7.234456295e-20,-3.336883819e-19,-4.398257564e-17,-8.422563183e-16,-8.966774954e-15,-5.064183206e-14,-1.432401413e-13,-1.612060245e-13,
1.521192504e-01
l,6.5,0.5
1.911,2.131,2.351,
0.000000000e+00,0.000000000e+00
4.435114143e-17,-2.103280005e-16,5.105244271e-16,6.272479505e-14,1.181875939e-12,1.157061621e-11,6.009097568e-11,1.583435856e-10,1.647803340e-10,
3.010053001e-18,-5.470132478e-17,-7.291426087e-16,-5.643732675e-14,-1.129223380e-12,-1.198927740e-11,-6.773390840e-11,-1.928817528e-10,-2.189310735e-10,
1.536300309e-01
l,6.5,1.5
2.031,2.251,2.491,
0.000000000e+00,0.000000000e+00
2.442308034e-14,-7.253252551e-14,1.288589225e-13,3.610879570e-11,7.620913223e-10,7.781956339e-09,4.185424164e-08,1.154611170e-07,1.281158311e-07,
1.563447671e-15,-2.844971847e-14,-3.686809249e-13,-2.793529478e-11,-5.248758220e-10,-5.165999863e-09,-2.695449300e-08,-7.067619756e-08,-7.371761953e-08,
1.539587951e-01
l,6.5,2.5
2.191,2.411,2.651,
0.000000000e+00,0.000000000e+00
9.373325033e-12,-2.364561810e-11,-1.021160548e-10,1.275900970e-08,3.055755810e-07,2.985282462e-06,1.447248681e-05,3.498615247e-05,3.366715964e-05,
5.635077188e-13,-1.026768111e-11,-1.065449132e-10,-8.907909038e-09,-1.590692616e-07,-1.488078324e-06,-7.399656564e-06,-1.860179453e-05,-1.879414654e-05,
1.546212546e-01
l,6.5,3.5
2.331,2.571,2.811,
0.000000000e+00,0.000000000e+00
2.697581047e-09,-5.683651132e-09,6.795289848e-08,5.136904570e-06,8.670952649e-05,7.619714974e-04,3.695585092e-03,9.346387171e-03,9.546380823e-03,
2.017924061e-10,-3.681194584e-09,-4.628183234e-08,-3.568355258e-06,-6.960788870e-05,-7.214370207e-04,-3.977004232e-03,-1.094986335e-02,-1.187884156e-02,
1.548485691e-01
l,6.5,4.5
2.511,2.751,3.011,
0.000000000e+00,0.000000000e+00
5.619394869e-07,-2.318323196e-07,-8.301837721e-06,2.520225662e-04,7.346774664e-03,7.805577945e-02,4.029410626e-01,1.027055441e+00,1.032892785e+00,
3.485770114e-08,-6.367146570e-07,-3.669871888e-06,-4.193399932e-04,-7.316716495e-03,-6.801811694e-02,-3.323145897e-01,-7.999044168e-01,-7.532323103e-01,
1.558179700e-01
l,6.5,5.5
2.691,2.951,3.231,
0.000000000e+00,0.000000000e+00
7.594315684e-05,-4.621709848e-05,-8.483960414e-03,-2.991040578e-01,-5.232995772e+00,-4.633517563e+01,-2.171564550e+02,-5.156464127e+02,-4.896466722e+02,
4.160888084e-06,-7.609671021e-05,1.464818217e-04,-2.224560986e-02,-3.304856638e-01,-3.155274345e+00,-1.548213182e+01,-3.451684388e+01,-2.765950881e+01,
1.568889526e-01
l,6.5,6.5
2.611,3.031,3.451,
0.000000000e+00,0.000000000e+00
4.780242220e-03,-2.417712182e-02,-1.805368993e+00,-3.060837719e+01,-2.597301076e+02,-1.236012247e+03,-3.345253379e+03,-4.806499125e+03,-2.843707670e+03,
4.929756422e-04,-9.017316381e-03,2.495122281e-01,7.404440933e+00,1.175759494e+02,8.125584597e+02,2.738812224e+03,4.496650809e+03,2.890745543e+03,
1.576609353e-01
l,7.5,-7.5
1.491,1.631,1.771,
0.000000000e+00,0.000000000e+00
1.008934894e-43,-6.155582118e-43,-1.900576119e-41,-7.144466013e-40,-1.592053066e-38,-1.905515697e-37,-1.338040345e-36,-5.241481891e-36,-8.971915869e-36,
2.603098069e-44,-4.694316628e-43,-2.795398184e-41,-1.588117886e-39,-3.765004474e-38,-4.690317869e-37,-3.183932239e-36,-1.107614622e-35,-1.534765933e-35,
1.329639505e-01
l,7.5,-6.5
1.571,1.751,1.951,
0.000000000e+00,0.000000000e+00
1.261490917e-40,-1.063147569e-39,2.028724494e-39,1.394972861e-37,2.744001382e-36,3.880203398e-35,3.030461275e-34,1.215591895e-33,1.923456270e-33,
7.631435316e-42,-1.380196272e-40,-5.189442416e-40,-8.220957910e-38,-1.647150859e-36,-1.880236263e-35,-1.146688136e-34,-3.552776484e-34,-4.437771685e-34,
1.522075306e-01
l,7.5,-5.5
1.631,1.831,2.031,
0.000000000e+00,0.000000000e+00
1.937285934e-37,-1.611551703e-36,2.674299900e-36,1.859776549e-34,2.891047136e-33,2.989674908e-32,1.693857301e-31,5.134404634e-31,6.337310502e-31,
1.185475732e-38,-2.146405787e-37,-8.406629762e-37,-1.291100236e-34,-2.579775435e-33,-2.926156136e-32,-1.774146157e-31,-5.467247975e-31,-6.796518673e-31,
1.521192504e-01
l,7.5,-4.5
1.711,1.911,2.111,
0.000000000e+00,0.000000000e+00
2.785720951e-34,-2.136873333e-33,3.847412792e-33,3.273627970e-31,6.284515977e-30,7.578676187e-29,4.989950622e-28,1.698895423e-27,2.300291825e-27,
1.831442944e-35,-3.319402314e-34,-1.776340080e-33,-2.197848892e-31,-4.437808183e-30,-5.008075751e-29,-3.025939142e-28,-9.282313774e-28,-1.146115789e-27,
1.514337643e-01
l,7.5,-3.5
1.791,1.991,2.211,
0.000000000e+00,0.000000000e+00
3.685543895e-31,-2.439655409e-30,5.943914710e-31,2.954822165e-28,5.423381069e-27,6.700976551e-26,4.597967872e-25,1.642136211e-24,2.313482245e-24,
1.984122958e-32,-3.600378501e-31,-1.324108477e-30,-2.048951966e-28,-3.867796724e-27,-4.083216832e-26,-2.268659092e-25,-6.306428059e-25,-6.996584298e-25,
1.521786256e-01
l,7.5,-2.5
1.891,2.091,2.311,
0.000000000e+00,0.000000000e+00
3.872903081e-28,-2.484400049e-27,-7.531575888e-28,2.259358214e-25,3.107265564e-24,2.503442374e-23,8.627289381e-23,7.205981364e-23,-1.725336954e-22,
2.134625269e-29,-3.877656824e-28,-1.488208661e-27,-2.235451654e-25,-4.245482926e-24,-4.505948880e-23,-2.521475576e-22,-7.058559847e-22,-7.876788512e-22,
1.521786256e-01
l,7.5,-1.5
1.991,2.191,2.411,
0.000000000e+00,0.000000000e+00
3.672623049e-25,-2.049857033e-24,5.466175998e-25,3.482815175e-22,6.876795429e-21,8.013133673e-20,5.114788828e-19,1.700450411e-18,2.263423023e-18,
2.279249702e-26,-4.144465229e-25,-2.373600505e-24,-2.708169007e-22,-5.223556217e-21,-5.536655393e-20,-3.115101377e-19,-8.787770491e-19,-9.865410650e-19,
1.513153238e-01
l,7.5,-0.5
2.111,2.311,2.531,
0.000000000e+00,0.000000000e+00
2.757843083e-22,-1.518560344e-21,-4.408433176e-22,2.310353601e-19,4.377278644e-18,4.664032215e-17,2.687724711e-16,8.065765048e-16,9.737549768e-16,
1.702831065e-23,-3.099685140e-22,-1.597663855e-21,-1.954290103e-19,-3.755282525e-18,-3.985117018e-17,-2.245742536e-16,-6.341019131e-16,-7.122353415e-16,
1.517629993e-01
l,7.5,0.5
2.231,2.431,2.651,
0.000000000e+00,0.000000000e+00
1.815194992e-19,-8.264171058e-19,3.165472111e-18,3.005193280e-16,5.759480880e-15,5.978748926e-14,3.370186856e-13,9.789449040e-13,1.136652037e-12,
1.278618091e-20,-2.329771605e-19,-3.458170345e-18,-2.562233317e-16,-5.159734143e-15,-5.502314105e-14,-3.127537069e-13,-8.968000892e-13,-1.024629886e-12,
1.533266864e-01
l,7.5,1.5
2.351,2.571,2.791,
0.000000000e+00,0.000000000e+00
9.240975930e-17,-3.931268877e-16,9.683927917e-16,1.013140238e-13,1.973204508e-12,2.201291826e-11,1.309697138e-10,3.901985169e-10,4.542747895e-10,
6.606984667e-18,-1.205109641e-16,-1.542851625e-15,-1.213308565e-13,-2.461563297e-12,-2.649268663e-11,-1.509819427e-10,-4.307619899e-10,-4.868059262e-10,
1.538403889e-01
l,7.5,2.5
2.491,2.711,2.951,
0.000000000e+00,0.000000000e+00
3.937529895e-14,-1.551049923e-13,6.809202309e-13,3.684296000e-11,3.600762725e-10,2.918964055e-09,1.897653842e-08,6.809366904e-08,9.244804699e-08,
2.376802943e-15,-4.339890136e-14,-3.759263352e-13,-3.537681377e-11,-7.206773003e-10,-7.908166869e-09,-4.513835622e-08,-1.263691569e-07,-1.377752718e-07,
1.552154845e-01
l,7.5,3.5
2.651,2.871,3.111,
0.000000000e+00,0.000000000e+00
1.301034020e-11,-2.849584052e-11,-1.915400379e-10,4.696736581e-09,1.503623797e-07,1.835426659e-06,1.055765088e-05,2.935460024e-05,3.165144026e-05,
8.424807640e-13,-1.539784271e-11,-1.220763203e-10,-1.180627947e-08,-2.186270550e-07,-2.126068464e-06,-1.081459527e-05,-2.718562610e-05,-2.683816518e-05,
1.547587571e-01
l,7.5,4.5
2.811,3.051,3.291,
0.000000000e+00,0.000000000e+00
3.158661999e-09,-7.740913814e-09,2.840765944e-08,4.557968137e-06,7.871884654e-05,7.001940276e-04,3.471304645e-03,9.048520884e-03,9.565004419e-03,
2.084020132e-10,-3.812583431e-09,-3.482973764e-08,-3.161128205e-06,-6.116657085e-05,-6.395755960e-04,-3.546164316e-03,-9.771744099e-03,-1.058254488e-02,
1.556659288e-01
l,7.5,5.5
2.991,3.231,3.491,
0.000000000e+00,0.000000000e+00
5.765107858e-07,-1.747089371e-07,-9.551954642e-06,1.894449190e-04,6.025510146e-03,6.373031065e-02,3.210702509e-01,7.939485241e-01,7.725786953e-01,
3.550475648e-08,-6.501551625e-07,-3.206572792e-06,-4.068559455e-04,-7.079643094e-03,-6.610608002e-02,-3.242307526e-01,-7.812079264e-01,-7.344911314e-01,
1.559999458e-01
l,7.5,6.5
3.171,3.431,3.711,
0.000000000e+00,0.000000000e+00
6.922760076e-05,-8.723337848e-06,-6.145979009e-03,-2.178045477e-01,-3.812862692e+00,-3.374051180e+01,-1.583920112e+02,-3.775413478e+02,-3.605940056e+02,
4.189485267e-06,-7.678750608e-05,9.893300852e-05,-2.408132994e-02,-3.677474910e-01,-3.544887760e+00,-1.793968336e+01,-4.229218388e+01,-3.692005420e+01,
1.567367260e-01
l,7.5,7.5
3.091,3.511,3.951,
0.000000000e+00,0.000000000e+00
3.950742073e-03,-8.369682061e-03,-9.836306031e-01,-1.666368881e+01,-1.399662802e+02,-6.608141642e+02,-1.780157114e+03,-2.552375450e+03,-1.509437818e+03,
3.407409893e-04,-6.247462450e-03,1.943442982e-01,5.538520320e+00,8.315157876e+01,5.392546446e+02,1.702142565e+03,2.615353062e+03,1.573560974e+03,
1.572916520e-01
l,8.5,-8.5
3.591,6.531,9.991,
0.000000000e+00,0.000000000e+00
-7.718594495e-224,3.958184281e-211,2.118105789e-210,4.377073172e-210,4.624830292e-210,2.737621893e-210,9.175215454e-211,1.625202906e-211,1.181106744e-212,
1.640616979e-212,-3.034836000e-211,-1.907550510e-210,-4.111354677e-210,-4.414882086e-210,-2.629872076e-210,-8.827391344e-211,-1.561784624e-211,-1.131887937e-212,
2.431885086e-100
l,8.5,-7.5
3.591,6.531,9.991,
0.000000000e+00,0.000000000e+00
-2.788782856e-223,5.716767839e-211,3.059160007e-210,6.321765073e-210,6.679598321e-210,3.953921213e-210,1.325167625e-210,2.347265071e-211,1.705861215e-212,
2.369527470e-212,-4.383184715e-211,-2.755057025e-210,-5.937990382e-210,-6.376372128e-210,-3.798299179e-210,-1.274931720e-210,-2.255670650e-211,-1.634774961e-212,
5.313048796e-104
l,8.5,-6.5
1.851,2.031,2.231,
0.000000000e+00,0.000000000e+00
7.454907830e-43,-5.924111347e-42,-1.918754649e-41,-1.078242625e-39,-3.751024407e-38,-5.346549627e-37,-3.971650459e-36,-1.478362473e-35,-2.197443343e-35,
4.822791516e-44,-8.753366122e-43,-1.557315322e-41,-1.227026701e-39,-2.719162240e-38,-3.141827172e-37,-1.916294712e-36,-5.900077616e-36,-7.258241325e-36,
1.536300309e-01
l,8.5,-5.5
1.931,2.111,2.311,
0.000000000e+00,0.000000000e+00
1.087844813e-39,-8.053344479e-39,1.380619838e-38,1.044167087e-36,1.312225393e-35,1.026817196e-34,3.107144240e-34,-1.431388251e-34,-1.960098623e-33,
7.333795149e-41,-1.332221688e-39,-8.294495568e-39,-9.363746408e-37,-1.912603627e-35,-2.180367912e-34,-1.334876375e-33,-4.150894824e-33,-5.187748473e-33,
1.510504969e-01
l,8.5,-4.5
2.011,2.211,2.411,
0.000000000e+00,0.000000000e+00
1.275951980e-36,-1.035375727e-35,1.789067476e-35,1.233171729e-33,2.030683302e-32,2.345955282e-31,1.499169907e-30,4.976106014e-30,6.514450274e-30,
7.931070306e-38,-1.442143223e-36,-6.220762068e-36,-8.946073484e-34,-1.798477232e-32,-2.049687339e-31,-1.249119530e-30,-3.860306319e-30,-4.797830585e-30,
1.521192504e-01
l,8.5,-3.5
2.111,2.311,2.511,
0.000000000e+00,0.000000000e+00
1.398898981e-33,-1.151837358e-32,2.152766547e-32,1.250722700e-30,1.851744815e-29,2.057908428e-28,1.331296738e-27,4.537272490e-27,6.078957955e-27,
8.521988407e-35,-1.551000253e-33,-5.748949725e-33,-9.234440698e-31,-1.849848219e-29,-2.113576053e-28,-1.290601176e-27,-3.996898262e-27,-4.981561727e-27,
1.524755016e-01
l,8.5,-2.5
2.211,2.411,2.611,
0.000000000e+00,0.000000000e+00
1.429775032e-30,-1.119729646e-29,1.730595942e-29,1.319484583e-27,1.982370954e-26,1.972468745e-25,1.115208142e-24,3.371710483e-24,4.103461029e-24,
9.105030556e-32,-1.658502576e-30,-7.457340669e-30,-1.044157346e-27,-2.105189909e-26,-2.402152132e-25,-1.468867653e-24,-4.555664618e-24,-5.679198604e-24,
1.522083654e-01
l,8.5,-1.5
2.311,2.511,2.711,
0.000000000e+00,0.000000000e+00
1.340975042e-27,-9.092239939e-27,1.707041893e-26,1.634928443e-24,2.863360276e-23,3.062698590e-22,1.855254797e-21,5.952335439e-21,7.702691136e-21,
9.656759902e-29,-1.760365617e-27,-1.201822347e-26,-1.281985215e-24,-2.626346436e-23,-2.987512469e-22,-1.831716343e-21,-5.704838063e-21,-7.130373493e-21,
1.510504969e-01
l,8.5,-0.5
2.411,2.611,2.831,
0.000000000e+00,0.000000000e+00
1.119086955e-24,-5.734179997e-24,1.489937135e-23,1.670939048e-21,3.136725554e-20,3.233826298e-19,1.792981371e-18,5.112730943e-18,5.788156708e-18,
7.270608695e-26,-1.326522298e-24,-1.808931938e-23,-1.390273198e-21,-2.784700092e-20,-2.964730760e-19,-1.679290493e-18,-4.797082526e-18,-5.465100131e-18,
1.534798258e-01
l,8.5,0.5
2.531,2.751,2.971,
0.000000000e+00,0.000000000e+00
6.581514243e-22,-3.860808263e-21,-4.027254977e-21,4.326021279e-19,7.257756746e-18,6.659351544e-17,3.191454372e-16,7.694357683e-16,6.950260846e-16,
3.719282559e-23,-6.792020471e-22,-2.083144402e-21,-3.708628335e-19,-6.979232742e-18,-7.407578880e-17,-4.155513977e-16,-1.163913205e-15,-1.297516765e-15,
1.529386281e-01
l,8.5,1.5
2.671,2.891,3.111,
0.000000000e+00,0.000000000e+00
3.439671087e-19,-2.067249405e-18,-8.919383987e-19,3.425785991e-16,4.837452132e-15,3.263989344e-14,1.114402858e-13,1.860997407e-13,1.032054414e-13,
1.910665265e-20,-3.492082487e-19,-1.095778590e-18,-1.939312256e-16,-3.669396802e-15,-3.991060841e-14,-2.324865258e-13,-6.813767673e-13,-7.969369769e-13,
1.533866030e-01
l,8.5,2.5
2.811,3.031,3.251,
0.000000000e+00,0.000000000e+00
1.591863031e-16,-7.150591446e-16,-8.926071535e-16,2.975790677e-13,6.347705965e-12,5.754074959e-11,2.598677416e-10,5.834327428e-10,5.173414033e-10,
9.830289890e-18,-1.798022034e-16,-1.773668065e-15,-1.585583704e-13,-2.987742230e-12,-3.000691549e-11,-1.622876324e-10,-4.504910511e-10,-5.093097837e-10,
1.543805056e-01
l,8.5,3.5
2.951,3.171,3.411,
0.000000000e+00,0.000000000e+00
5.921202114e-14,-2.037973340e-13,4.889585285e-13,9.524903739e-11,1.644352895e-09,1.449013309e-08,7.141284150e-08,1.884593626e-07,2.045849281e-07,
3.500372460e-15,-6.407452563e-14,-6.299232141e-13,-5.491438301e-11,-1.055733202e-09,-1.096679617e-08,-6.041667577e-08,-1.660558521e-07,-1.801125736e-07,
1.553673705e-01
l,8.5,4.5
3.111,3.331,3.571,
0.000000000e+00,0.000000000e+00
1.657285940e-11,-2.817442218e-11,4.336637968e-11,1.280143916e-08,2.824651572e-07,3.307796907e-06,2.006959883e-05,6.047135521e-05,7.129549045e-05,
1.229596808e-12,-2.252399400e-11,-2.222706148e-10,-1.925070598e-08,-3.720800196e-07,-3.776954388e-06,-2.017184361e-05,-5.341141026e-05,-5.552159955e-05,
1.545910433e-01
l,8.5,5.5
3.291,3.531,3.771,
0.000000000e+00,0.000000000e+00
3.433664908e-09,-9.044178178e-09,2.813473524e-09,4.089173676e-06,6.823495519e-05,5.678330830e-04,2.627557928e-03,6.443202248e-03,6.452588103e-03,
2.101610191e-10,-3.852891809e-09,-2.754672212e-08,-2.881641699e-06,-5.540728267e-05,-5.834193057e-04,-3.248513471e-03,-8.955348944e-03,-9.685280792e-03,
1.561253335e-01
l,8.5,6.5
3.471,3.711,3.971,
0.000000000e+00,0.000000000e+00
5.610671110e-07,-6.154618112e-08,-8.901064943e-06,1.928988565e-04,6.292964410e-03,6.915254612e-02,3.637962762e-01,9.411899652e-01,9.587656479e-01,
3.545259685e-08,-6.504275833e-07,-3.180665168e-06,-4.066595957e-04,-7.087273067e-03,-6.627591208e-02,-3.259733864e-01,-7.877234263e-01,-7.424242458e-01,
1.560609071e-01
l,8.5,7.5
3.671,3.931,4.191,
0.000000000e+00,0.000000000e+00
6.164461956e-05,2.380957020e-05,-7.360582259e-04,5.683470610e-03,3.135261136e-01,3.978015250e+00,2.222657594e+01,5.853473670e+01,5.930478533e+01,
4.144437254e-06,-7.608981409e-05,-2.434122017e-04,-4.279023094e-02,-7.772797485e-01,-7.700377194e+00,-3.978326630e+01,-9.967856000e+01,-9.631651567e+01,
1.564612481e-01
l,8.5,8.5
3.591,4.011,4.431,
0.000000000e+00,0.000000000e+00
3.416313091e-03,-1.156608009e-03,-5.324451215e-01,-8.679384086e+00,-7.115635888e+01,-3.340457657e+02,-9.047433506e+02,-1.310659017e+03,-7.841220231e+02,
3.342895046e-04,-6.138757841e-03,1.613709338e-01,4.504690377e+00,7.015731455e+01,4.724349454e+02,1.541952826e+03,2.443404695e+03,1.514244707e+03,
1.567979034e-01
