l,0.5,-0.5
0.091,0.331,0.591,
6.924146105e-04,2.217203945e+00
1.043283009e-05,-6.104531988e-05,5.294072830e-05,7.901673697e-03,1.079556000e-01,1.055183096e+00,5.660229459e+00,1.496627405e+01,1.555984669e+01,
7.953010936e-07,-9.697641167e-06,-5.202331990e-05,-5.003597017e-03,-9.152211338e-02,-8.558427158e-01,-4.139038282e+00,-1.001706154e+01,-9.666958973e+00,
1.562475211e-01
l,0.5,0.5
0.171,0.391,0.631,
1.078254364e-01,2.618373266e+00
4.311268218e-03,-1.038291078e-02,-8.288327885e-02,4.184421589e+00,7.169998834e+01,6.191391956e+02,3.034243971e+03,7.787644678e+03,8.087173643e+03,
4.943813924e-04,-6.047525452e-03,-3.274799512e-02,-3.272399768e+00,-6.290684380e+01,-6.240453454e+02,-3.237587100e+03,-8.384780452e+03,-8.633448247e+03,
1.587232991e-01
l,1.5,-1.5
0.251,0.511,0.811,
2.289276984e-07,4.907827299e+00
8.907055093e-10,-3.393147401e-09,-1.859563047e-08,4.398876411e-08,-1.451508012e-06,-1.944450910e-05,-9.263838054e-05,-1.986509822e-04,-1.576028640e-04,
5.120023860e-11,-6.478260659e-10,5.255294319e-10,-9.938553996e-08,-1.056703210e-06,-7.355943807e-06,-2.672641035e-05,-4.671371223e-05,-3.252450832e-05,
1.561218922e-01
l,1.5,-0.5
0.311,0.591,0.891,
1.109976608e-04,6.233163419e+00
2.916818005e-07,-8.145907284e-07,-5.967176351e-06,7.275623556e-05,1.111070951e-03,8.755165645e-03,4.050580488e-02,9.818530211e-02,9.499977916e-02,
1.861004889e-08,-2.375294182e-07,1.386287244e-07,-3.825990973e-05,-4.157193085e-04,-2.920020915e-03,-1.084092108e-02,-1.915799864e-02,-1.308990154e-02,
1.562780382e-01
l,1.5,0.5
0.391,0.691,1.011,
1.287871627e-02,7.486681900e+00
5.981967115e-05,-5.001147350e-05,-1.651407592e-03,-2.265427893e-03,2.632840299e-02,1.862502005e-01,5.972557075e-01,9.471603755e-01,5.350141659e-01,
4.025882829e-06,-5.191926616e-05,-1.186379579e-05,-9.663724335e-03,-1.076066424e-01,-7.538214191e-01,-2.812863739e+00,-4.958552460e+00,-3.281367617e+00,
1.571037909e-01
l,1.5,1.5
0.511,0.811,1.151,
2.105479823e-02,4.256375881e+00
6.524922792e-03,1.718608840e-02,2.933088605e-03,2.020377809e+00,2.964391585e+01,1.959509025e+02,7.041799727e+02,1.330259699e+03,1.032636676e+03,
6.606125166e-04,-8.565929509e-03,-2.991938197e-03,-1.768207113e+00,-2.245844817e+01,-1.771264213e+02,-7.679085667e+02,-1.610011868e+03,-1.289200016e+03,
1.581844608e-01
l,2.5,-2.5
0.491,0.751,1.031,
9.804140773e-12,8.670137605e+00
4.491352900e-14,-1.870673407e-13,-4.649395035e-13,1.730311630e-11,2.472861426e-10,2.297689726e-09,1.254799556e-08,3.504184234e-08,3.834335919e-08,
3.043672063e-15,-3.931178665e-14,-2.494161382e-14,-7.948972925e-12,-9.528284533e-11,-7.174094770e-10,-2.941164875e-09,-6.062452209e-09,-5.065822120e-09,
1.554889649e-01
l,2.5,-1.5
0.531,0.811,1.111,
1.540740571e-08,1.305098940e+01
1.585435082e-11,-4.132126952e-11,-2.658730219e-10,3.976404200e-09,6.546013721e-08,5.494934694e-07,2.621585761e-06,6.566599997e-06,6.636926225e-06,
1.083174492e-12,-1.406583259e-11,-1.292790552e-11,-2.852491075e-09,-3.291910608e-08,-2.357180514e-07,-9.169788751e-07,-1.752534175e-06,-1.314647903e-06,
1.553673705e-01
l,2.5,-0.5
0.611,0.911,1.231,
7.308915359e-06,1.845434319e+01
3.989719222e-09,-8.316101308e-09,-8.175558352e-08,4.824955445e-07,1.012485657e-05,8.715801361e-05,4.127008780e-04,1.007943435e-03,9.767524310e-04,
2.289063691e-10,-2.992605538e-09,1.622969248e-09,-4.969014878e-07,-5.346726946e-06,-3.749610904e-05,-1.388759987e-04,-2.425983443e-04,-1.604006428e-04,
1.562473064e-01
l,2.5,0.5
0.711,1.031,1.351,
0.000000000e+00,0.000000000e+00
7.285502761e-07,-8.887469089e-07,-1.692283300e-05,-2.090939766e-05,1.723809641e-04,6.403532175e-04,-8.965713219e-04,-7.888810104e-03,-1.149084090e-02,
4.765442370e-08,-6.264480851e-07,1.164649552e-07,-1.120028295e-04,-1.265774580e-03,-9.195173032e-03,-3.598111810e-02,-6.733194390e-02,-4.805336125e-02,
1.562780382e-01
l,2.5,1.5
0.831,1.171,1.511,
3.605030357e-04,1.815336713e+01
8.820145013e-05,2.103998541e-05,-1.916629066e-03,-5.747128574e-03,4.403681433e-02,5.639312726e-01,2.630435533e+00,5.819752464e+00,5.006903216e+00,
5.840092147e-06,-7.722753950e-05,1.150842696e-05,-1.404442286e-02,-1.532203399e-01,-1.085198055e+00,-4.180114928e+00,-7.667817756e+00,-5.321263310e+00,
1.573531181e-01
l,2.5,2.5
0.951,1.311,1.691,
1.620417780e-03,6.571441393e+00
6.043406203e-03,1.929172287e-02,2.575124153e-01,6.262246749e+00,6.754929592e+01,3.823064344e+02,1.187964619e+03,1.916787662e+03,1.255145801e+03,
5.397227993e-04,-7.160184875e-03,8.033005038e-04,-1.459243646e+00,-1.895774889e+01,-1.529715100e+02,-6.541140344e+02,-1.324307425e+03,-1.011779265e+03,
1.579372976e-01
l,3.5,-3.5
0.711,0.991,1.271,
0.000000000e+00,0.000000000e+00
2.017306985e-18,-8.541652482e-18,-2.129184092e-17,6.914270547e-16,9.118674410e-15,7.324260507e-14,3.459747906e-13,8.638545629e-13,8.671698226e-13,
1.334263047e-19,-1.747758835e-18,-1.168677975e-18,-3.590252884e-16,-4.287118297e-15,-3.217412706e-14,-1.311499113e-13,-2.674155839e-13,-2.196743442e-13,
1.554586019e-01
l,3.5,-2.5
0.791,1.071,1.351,
2.416939405e-14,1.975529386e+01
6.713527024e-16,-2.567057442e-15,-7.568713687e-15,1.828945180e-13,2.406979506e-12,2.011977167e-11,1.022583429e-10,2.748952418e-10,2.938006086e-10,
4.682864267e-17,-6.155928084e-16,-7.030714796e-16,-1.347934779e-13,-1.640798514e-12,-1.240120777e-11,-5.138574144e-11,-1.070448897e-10,-8.974478121e-11,
1.553066801e-01
l,3.5,-1.5
0.871,1.151,1.451,
1.776466892e-12,2.416430403e+01
1.948723030e-13,-5.490922889e-13,-3.660975077e-12,-9.757922326e-12,-4.841755626e-10,-6.362006871e-09,-3.638548335e-08,-9.734761513e-08,-1.002417707e-07,
1.261424054e-14,-1.664658390e-13,-1.286611647e-13,-3.393349949e-11,-3.929487343e-10,-2.858720360e-09,-1.133088800e-08,-2.214959197e-08,-1.707073288e-08,
1.555801252e-01
l,3.5,-0.5
0.951,1.251,1.571,
0.000000000e+00,0.000000000e+00
4.452253149e-11,-9.141533921e-11,-9.346960174e-10,-1.185048499e-09,-2.733648829e-08,-4.826069195e-07,-3.256225017e-06,-9.675974433e-06,-1.076472950e-05,
2.598200277e-12,-3.442434086e-11,8.296411565e-12,-6.073125986e-09,-6.663264814e-08,-4.724837791e-07,-1.788567226e-06,-3.225956680e-06,-2.215661541e-06,
1.560609071e-01
l,3.5,0.5
1.071,1.391,1.711,
0.000000000e+00,0.000000000e+00
7.554755932e-09,-1.636048663e-08,-1.784726202e-07,-3.233261543e-07,-1.011358460e-06,-1.426896453e-05,-8.732261297e-05,-2.263592190e-04,-2.247676769e-04,
4.080568952e-10,-5.427722257e-09,7.335690992e-09,-8.152185853e-07,-8.477547904e-06,-5.965485888e-05,-2.169778497e-04,-3.571992722e-04,-2.099471151e-04,
1.566449598e-01
l,3.5,1.5
1.211,1.531,1.851,
0.000000000e+00,0.000000000e+00
9.977570699e-07,-1.232102733e-06,-1.504135484e-05,1.615387499e-04,2.035429283e-03,9.082897691e-03,1.832815518e-02,1.322933088e-02,-2.791828727e-03,
6.342040484e-08,-8.463825914e-07,5.700284672e-09,-1.668621717e-04,-2.042199853e-03,-1.621014064e-02,-6.951580852e-02,-1.443719915e-01,-1.159316997e-01,
1.566449598e-01
l,3.5,2.5
1.351,1.671,2.011,
1.143688584e-08,2.442436124e+01
8.873460320e-05,7.145701964e-05,-1.918535392e-03,-3.447576053e-02,-3.787037067e-01,-2.198400772e+00,-7.028847071e+00,-1.185621668e+01,-8.308790585e+00,
7.517374646e-06,-1.006444455e-04,-1.195436329e-04,-2.368896298e-02,-3.083513382e-01,-2.360734184e+00,-9.607237179e+00,-1.875131126e+01,-1.390560247e+01,
1.570424223e-01
l,3.5,3.5
1.431,1.811,2.231,
6.706820189e-06,1.382752451e+01
4.756685812e-03,2.936981884e-02,7.603942317e-01,1.298980464e+01,1.116711736e+02,5.347731091e+02,1.452826371e+03,2.092904542e+03,1.240538782e+03,
3.964022411e-04,-5.320507523e-03,-3.393092064e-03,-1.301467819e+00,-1.700346231e+01,-1.312299517e+02,-5.293177683e+02,-1.012902168e+03,-7.326083366e+02,
1.579681628e-01
l,4.5,-4.5
0.971,1.231,1.511,
0.000000000e+00,0.000000000e+00
8.484313894e-23,-3.490450836e-22,-8.247303460e-22,2.997085473e-20,4.174733309e-19,3.419624219e-18,1.592802167e-17,3.954390215e-17,4.025289973e-17,
5.638284150e-24,-7.456081719e-23,-7.116209232e-23,-1.596958599e-20,-1.916499390e-19,-1.441827019e-18,-5.917450948e-18,-1.216328495e-17,-1.005098089e-17,
1.553673705e-01
l,4.5,-3.5
1.051,1.311,1.591,
0.000000000e+00,0.000000000e+00
2.830343869e-20,-1.088606557e-19,-2.280218062e-19,1.353135616e-17,2.319534988e-16,2.165897306e-15,1.099308446e-14,2.852877745e-14,2.952070124e-14,
1.960256227e-21,-2.598771273e-20,-3.417495775e-20,-5.835283520e-18,-7.101422713e-17,-5.342604810e-16,-2.199504109e-15,-4.537859724e-15,-3.750890874e-15,
1.552154845e-01
l,4.5,-2.5
1.131,1.411,1.691,
0.000000000e+00,0.000000000e+00
7.927298635e-18,-3.238026911e-17,-8.192579624e-17,1.860338767e-15,1.557517133e-14,4.736641400e-14,-7.718178111e-14,-7.758089215e-13,-1.280579666e-12,
5.228520736e-19,-6.951043020e-18,-5.048252956e-18,-1.462430653e-15,-1.753308101e-14,-1.326943706e-13,-5.498326777e-13,-1.143401138e-12,-9.574423078e-13,
1.555801252e-01
l,4.5,-1.5
1.211,1.491,1.791,
0.000000000e+00,0.000000000e+00
2.128227031e-15,-5.896105266e-15,-2.923359384e-14,4.191085701e-13,6.183771105e-12,4.900828580e-11,2.261172370e-10,5.588860660e-10,5.558714470e-10,
1.385908715e-16,-1.847068765e-15,-1.760229829e-15,-3.906101902e-13,-4.598342186e-12,-3.387563775e-11,-1.361726890e-10,-2.700513654e-10,-2.105488489e-10,
1.555193517e-01
l,4.5,-0.5
1.311,1.611,1.911,
0.000000000e+00,0.000000000e+00
4.372046887e-13,-1.174622554e-12,-7.105756832e-12,4.670576524e-11,6.303052081e-10,4.079343407e-09,1.655473583e-08,3.974224124e-08,4.018987639e-08,
2.809381704e-14,-3.754051274e-13,-1.569391247e-13,-7.426527694e-11,-8.560365489e-10,-6.258562919e-09,-2.490363694e-08,-4.851964442e-08,-3.696777105e-08,
1.557875428e-01
l,4.5,0.5
1.431,1.731,2.051,
0.000000000e+00,0.000000000e+00
7.611718894e-11,-1.471653142e-10,-1.600310841e-09,-2.103016899e-09,1.596057594e-09,-2.499249993e-08,-1.984388038e-07,-2.055791193e-07,1.627861558e-07,
4.347972320e-12,-5.825531804e-11,3.684653894e-11,-9.915690341e-09,-1.077176978e-07,-7.712846221e-07,-2.947796801e-06,-5.336743891e-06,-3.661455373e-06,
1.563696611e-01
l,4.5,1.5
1.571,1.871,2.191,
0.000000000e+00,0.000000000e+00
1.026629004e-08,-1.496985709e-08,-2.535681954e-07,-2.434220229e-06,-3.106726780e-05,-2.078904401e-04,-6.886568970e-04,-1.060591943e-03,-5.827020178e-04,
6.674226940e-10,-8.963104282e-09,-5.790643624e-10,-1.812700698e-06,-2.285579135e-05,-1.790458150e-04,-7.386472956e-04,-1.448865253e-03,-1.077170427e-03,
1.564002020e-01
l,4.5,2.5
1.711,2.031,2.371,
0.000000000e+00,0.000000000e+00
1.079827030e-06,-1.433530221e-07,-3.411620306e-05,-3.112537336e-04,-1.012896470e-03,2.863679572e-03,2.770452327e-02,6.864171976e-02,5.853036651e-02,
5.968127798e-08,-8.035531634e-07,2.498135299e-06,-6.705517650e-05,-2.017562797e-04,9.695989434e-04,1.264949038e-02,4.529716849e-02,5.137644411e-02,
1.567673386e-01
l,4.5,3.5
1.871,2.211,2.551,
0.000000000e+00,0.000000000e+00
7.998383080e-05,1.360135175e-05,-2.935108947e-03,-4.950927179e-02,-4.965597459e-01,-2.786141942e+00,-8.875562965e+00,-1.509292040e+01,-1.067501185e+01,
5.319493757e-06,-7.177940081e-05,6.644287314e-05,-1.253078796e-02,-1.444458214e-01,-1.052271203e+00,-3.970902878e+00,-6.795101940e+00,-4.118256546e+00,
1.575378048e-01
l,4.5,4.5
1.931,2.311,2.751,
3.095960260e-09,1.880311687e+01
3.403699957e-03,2.372589245e-02,6.581265492e-01,1.113404773e+01,9.543001416e+01,4.570260796e+02,1.242849080e+03,1.792517956e+03,1.063635306e+03,
3.580160979e-04,-4.837107750e-03,1.196510255e-02,-4.835875590e-01,-4.843807839e+00,-4.115433442e+01,-1.932189161e+02,-4.053678523e+02,-3.074671238e+02,
1.575685739e-01
l,5.5,-5.5
1.231,1.491,1.751,
0.000000000e+00,0.000000000e+00
3.124986002e-27,-1.523304109e-26,2.605366874e-26,3.141280999e-24,5.315746227e-23,4.990325698e-22,2.524858991e-21,6.480895784e-21,6.603725901e-21,
2.321589329e-28,-3.091135208e-27,-3.328285709e-26,-2.402296707e-24,-4.442658614e-23,-4.157119849e-22,-2.016878538e-21,-4.884817587e-21,-4.696785594e-21,
1.552154845e-01
l,5.5,-4.5
1.311,1.571,1.831,
0.000000000e+00,0.000000000e+00
1.047464991e-24,-4.837176675e-24,9.704461264e-24,1.104774045e-21,1.932500957e-20,1.837420347e-19,9.361932785e-19,2.411594237e-18,2.460355982e-18,
8.015653608e-26,-1.069263333e-24,-1.193503456e-23,-8.470403271e-22,-1.567262016e-20,-1.464294723e-19,-7.093489064e-19,-1.714945786e-18,-1.645468889e-18,
1.550605956e-01
l,5.5,-3.5
1.391,1.651,1.931,
0.000000000e+00,0.000000000e+00
3.266308997e-22,-1.343336380e-21,-1.611310736e-21,1.721889767e-19,2.635052830e-18,2.179868866e-17,9.786982450e-17,2.253015155e-16,2.064825523e-16,
2.122703578e-23,-2.837624441e-22,-1.836858902e-22,-5.896354253e-20,-6.975008528e-19,-5.212922366e-18,-2.128558417e-17,-4.353504957e-17,-3.587204869e-17,
1.555193517e-01
l,5.5,-2.5
1.471,1.751,2.031,
0.000000000e+00,0.000000000e+00
8.566221678e-20,-3.521887532e-19,-8.598854338e-19,2.349510730e-17,2.824832684e-16,2.031321336e-15,8.754429336e-15,2.055839069e-14,1.959927648e-14,
5.593910346e-21,-7.492187719e-20,-5.550870893e-20,-1.595149504e-17,-1.924794819e-16,-1.469239235e-15,-6.127397399e-15,-1.276469846e-14,-1.063656243e-14,
1.556355312e-01
l,5.5,-1.5
1.571,1.851,2.131,
0.000000000e+00,0.000000000e+00
2.042812024e-17,-7.053865450e-17,-2.679751945e-16,2.931377158e-15,2.347461153e-14,4.548316544e-14,-3.307075729e-13,-1.819130342e-12,-2.654188359e-12,
1.466368793e-18,-1.967364876e-17,-2.813342952e-17,-4.521451548e-15,-5.552121852e-14,-4.207680733e-13,-1.754411413e-12,-3.659664320e-12,-3.039978606e-12,
1.553066801e-01
l,5.5,-0.5
1.671,1.951,2.251,
0.000000000e+00,0.000000000e+00
4.293355053e-15,-1.025916406e-14,-5.289698682e-14,1.193531149e-12,2.083498869e-11,1.810465904e-10,8.627134868e-10,2.131028580e-09,2.102516862e-09,
2.940514357e-16,-3.952519576e-15,-4.759491332e-15,-8.674420658e-13,-1.030104371e-11,-7.626464290e-11,-3.115386830e-10,-6.314120316e-10,-5.036087929e-10,
1.554586019e-01
l,5.5,0.5
1.791,2.091,2.391,
0.000000000e+00,0.000000000e+00
7.031235945e-13,-1.815282380e-12,-1.166126769e-11,8.899583057e-11,1.309642234e-09,8.275219974e-09,2.872958479e-08,5.327853037e-08,3.920466172e-08,
4.503738518e-14,-6.065456907e-13,-1.641349237e-13,-1.201277198e-10,-1.402400118e-09,-1.048768861e-08,-4.277649279e-08,-8.536072794e-08,-6.649175472e-08,
1.560304146e-01
l,5.5,1.5
1.931,2.231,2.551,
0.000000000e+00,0.000000000e+00
9.866645695e-11,-1.854679052e-10,-2.839973363e-09,-1.952564715e-08,-8.348612414e-08,-6.005727084e-09,8.035250510e-07,1.461400271e-06,-4.479885983e-08,
5.248883290e-12,-7.082757246e-11,1.688889490e-10,-7.944599448e-09,-5.592884022e-08,-2.338211050e-07,-1.010300401e-07,1.941243577e-06,3.369670670e-06,
1.566143710e-01
l,5.5,2.5
2.071,2.391,2.711,
0.000000000e+00,0.000000000e+00
1.126609028e-08,-1.928549239e-08,-3.936009227e-08,7.856306719e-06,1.010506770e-04,5.748693508e-04,1.713072638e-03,2.629820786e-03,1.638022213e-03,
6.081190989e-10,-8.219928789e-09,4.370655209e-09,-1.531382143e-06,-1.801853246e-05,-1.493861550e-04,-6.885126922e-04,-1.564750937e-03,-1.394059792e-03,
1.568889526e-01
l,5.5,3.5
2.231,2.551,2.871,
0.000000000e+00,0.000000000e+00
9.935599792e-07,-2.958514191e-07,-2.977319282e-05,-2.853434154e-04,-1.620340786e-03,-5.142318818e-03,-1.060342465e-02,-1.570589643e-02,-1.327996714e-02,
7.015479978e-08,-9.497224739e-07,4.587093345e-07,-1.589248591e-04,-1.561990402e-03,-9.568053715e-03,-3.104310521e-02,-4.280916133e-02,-1.581035873e-02,
1.570424223e-01
l,5.5,4.5
2.391,2.731,3.071,
0.000000000e+00,0.000000000e+00
6.480352022e-05,3.480675015e-05,-1.971178375e-03,-3.174496915e-02,-2.936614590e-01,-1.517302324e+00,-4.473734077e+00,-7.066482390e+00,-4.665536914e+00,
4.696367177e-06,-6.368310422e-05,3.089731621e-05,-1.176095564e-02,-1.363930641e-01,-9.925444027e-01,-3.846619670e+00,-6.958159065e+00,-4.629596849e+00,
1.573838511e-01
l,5.5,5.5
2.451,2.851,3.291,
5.432186747e-12,2.055615322e+01
2.538509900e-03,1.537934798e-02,3.982749276e-01,6.398968612e+00,5.221536645e+01,2.389274229e+02,6.214919086e+02,8.569141168e+02,4.855520368e+02,
2.383506671e-04,-3.235753481e-03,2.676310557e-03,-5.713119673e-01,-6.650936002e+00,-4.945388491e+01,-1.983518269e+02,-3.751515985e+02,-2.655655152e+02,
1.576348155e-01
l,6.5,-6.5
1.491,1.731,1.991,
0.000000000e+00,0.000000000e+00
1.228546997e-31,-5.656970630e-31,1.085407982e-30,1.364096543e-28,2.443370530e-27,2.450661981e-26,1.332382058e-25,3.689730559e-25,4.060595666e-25,
9.373965548e-33,-1.254572119e-31,-1.462009713e-30,-1.024835381e-28,-1.897991530e-27,-1.774681555e-26,-8.612259794e-26,-2.087314583e-25,-2.008425205e-25,
1.549695445e-01
l,6.5,-5.5
1.571,1.811,2.071,
0.000000000e+00,0.000000000e+00
4.113619046e-29,-1.822664656e-28,4.219659110e-28,4.576727615e-26,7.826830972e-25,7.253751182e-24,3.594953161e-23,9.025691305e-23,8.987916510e-23,
3.220787679e-30,-4.316815616e-29,-5.312792174e-28,-3.642544261e-26,-6.759820174e-25,-6.324091514e-24,-3.070410822e-23,-7.440891772e-23,-7.153394530e-23,
1.548788129e-01
l,6.5,-4.5
1.651,1.911,2.171,
0.000000000e+00,0.000000000e+00
1.182619979e-26,-5.868707281e-26,8.233229462e-26,1.011748429e-23,1.543048775e-22,1.269286848e-21,5.533658031e-21,1.210539048e-20,1.035964206e-20,
8.483074688e-28,-1.138871635e-26,-1.084707963e-25,-8.253781592e-24,-1.520853855e-22,-1.421889013e-21,-6.886984732e-21,-1.664957654e-20,-1.598879206e-20,
1.554280135e-01
l,6.5,-3.5
1.731,1.991,2.271,
0.000000000e+00,0.000000000e+00
3.503948958e-24,-1.478288525e-23,-2.430194898e-23,1.485486386e-21,2.072461572e-20,1.575194402e-19,6.487404921e-19,1.378397435e-18,1.165613868e-18,
2.225097569e-25,-2.991756017e-24,-1.834526358e-24,-6.287552847e-22,-7.513384058e-21,-5.721666175e-20,-2.388269815e-19,-5.008994511e-19,-4.235809285e-19,
1.556659288e-01
l,6.5,-2.5
1.831,2.091,2.371,
0.000000000e+00,0.000000000e+00
8.755272595e-22,-3.430102145e-21,-6.319186147e-21,3.839830162e-19,6.438292270e-18,6.014864357e-17,3.063270005e-16,7.966082279e-16,8.219194142e-16,
5.812953150e-23,-7.826604631e-22,-6.805685233e-22,-1.696169261e-19,-2.057121336e-18,-1.566628901e-17,-6.501184385e-17,-1.341071285e-16,-1.100116800e-16,
1.555801252e-01
l,6.5,-1.5
1.931,2.211,2.491,
0.000000000e+00,0.000000000e+00
1.861044967e-19,-7.794542277e-19,-2.126091405e-18,3.991701188e-17,4.048375632e-16,2.328792050e-15,8.488584377e-15,1.901729438e-14,1.872034182e-14,
1.161147245e-20,-1.565736731e-19,-1.433257568e-21,-3.042709460e-17,-3.552810225e-16,-2.680119585e-15,-1.099319595e-14,-2.241255049e-14,-1.833219487e-14,
1.559692508e-01
l,6.5,-0.5
2.031,2.311,2.611,
0.000000000e+00,0.000000000e+00
3.861311856e-17,-1.165248353e-16,-6.930316927e-16,3.847873862e-16,-3.106374832e-14,-5.680138800e-13,-3.760849634e-12,-1.110483695e-11,-1.249827358e-11,
2.309604489e-18,-3.118623031e-17,1.706592582e-19,-5.940693741e-15,-6.796298640e-14,-5.012719489e-13,-1.990280774e-12,-3.829224758e-12,-2.859226584e-12,
1.560609071e-01
l,6.5,0.5
2.151,2.431,2.731,
0.000000000e+00,0.000000000e+00
6.604074062e-15,-1.483991037e-14,-1.088932782e-13,3.314034762e-13,2.287568327e-12,-1.178315258e-11,-1.578832821e-10,-5.359717003e-10,-6.380080509e-10,
4.569098288e-16,-6.177271605e-15,-6.477393996e-15,-1.350577837e-12,-1.627101170e-11,-1.225102675e-10,-5.071363764e-10,-1.035247512e-09,-8.260877985e-10,
1.556355312e-01
l,6.5,1.5
2.291,2.591,2.891,
0.000000000e+00,0.000000000e+00
9.044591790e-13,-2.485384423e-12,-8.585666931e-12,4.094388382e-10,5.171410251e-09,2.835010908e-08,7.906977746e-08,1.101170098e-07,5.923428958e-08,
5.290671307e-14,-7.163536392e-13,2.669622697e-13,-1.321591470e-10,-1.492816288e-09,-1.153530832e-08,-5.025455811e-08,-1.103009374e-07,-9.727033271e-08,
1.564307489e-01
l,6.5,2.5
2.431,2.731,3.051,
0.000000000e+00,0.000000000e+00
1.094844007e-10,-2.505202335e-10,-8.814968501e-10,2.472096569e-08,1.784094014e-08,-1.693085855e-06,-1.071069768e-05,-2.569478345e-05,-2.252886963e-05,
6.102530414e-12,-8.273858428e-11,-6.861808555e-11,-2.106630521e-08,-3.045400693e-07,-2.675198294e-06,-1.218322485e-05,-2.665734383e-05,-2.243965431e-05,
1.571037909e-01
l,6.5,3.5
2.591,2.891,3.211,
0.000000000e+00,0.000000000e+00
1.096038016e-08,-8.329517493e-09,-1.302107876e-07,3.763987394e-06,6.480985808e-05,4.534351987e-04,1.648872204e-03,3.110039166e-03,2.403901902e-03,
6.962335702e-10,-9.450959970e-09,7.732682903e-09,-1.531702008e-06,-1.544447512e-05,-1.093366050e-04,-4.485530626e-04,-9.109582884e-04,-7.279705390e-04,
1.564918249e-01
l,6.5,4.5
2.751,3.071,3.411,
0.000000000e+00,0.000000000e+00
8.432814980e-07,-1.689171728e-07,-2.511732353e-05,-2.374136295e-04,-1.401855270e-03,-5.486725498e-03,-1.667811271e-02,-3.430803822e-02,-3.218458549e-02,
4.636714408e-08,-6.302532498e-07,1.735847157e-06,-6.941610604e-05,-5.298299811e-04,-3.046810053e-03,-8.555625704e-03,-6.086976791e-03,5.097542599e-03,
1.571037909e-01
l,6.5,5.5
2.931,3.251,3.591,
0.000000000e+00,0.000000000e+00
4.947197158e-05,4.814204216e-05,-1.165069292e-03,-1.860358864e-02,-1.689213624e-01,-9.041506195e-01,-2.950181649e+00,-5.396378253e+00,-4.219531386e+00,
4.025136561e-06,-5.477110599e-05,-8.662941374e-06,-1.074692688e-02,-1.234406770e-01,-8.783520510e-01,-3.434677944e+00,-6.437634115e+00,-4.542372674e+00,
1.571435482e-01
l,6.5,6.5
2.991,3.391,3.831,
2.169920994e-13,1.946904436e+01
1.834093011e-03,7.932636136e-03,1.411126577e-01,2.132586192e+00,1.710408893e+01,7.869183027e+01,2.076672921e+02,2.908541002e+02,1.671058316e+02,
1.543331202e-04,-2.102211974e-03,2.624225549e-03,-3.539882219e-01,-3.912108345e+00,-2.823423119e+01,-1.104220050e+02,-2.032028396e+02,-1.398261835e+02,
1.576480982e-01
l,7.5,-7.5
1.751,1.991,2.251,
0.000000000e+00,0.000000000e+00
4.267962131e-36,-2.323515715e-35,2.550364584e-35,3.577768368e-33,5.366985518e-32,4.602068703e-31,2.105819429e-30,4.832308369e-30,4.293457999e-30,
2.868179084e-37,-3.855289450e-36,-3.178723826e-35,-2.584736964e-33,-4.733066069e-32,-4.422824555e-31,-2.139136926e-30,-5.165033900e-30,-4.958024868e-30,
1.556659288e-01
l,7.5,-6.5
1.831,2.071,2.331,
0.000000000e+00,0.000000000e+00
1.431999983e-33,-7.571371595e-33,1.138490115e-32,1.230156457e-30,1.895205219e-29,1.694075730e-28,8.186483751e-28,2.005132261e-27,1.934841297e-27,
9.814581389e-35,-1.320732427e-33,-1.175047633e-32,-9.220802278e-31,-1.693982847e-29,-1.585744609e-28,-7.684843610e-28,-1.858173606e-27,-1.784589034e-27,
1.556355312e-01
l,7.5,-5.5
1.911,2.151,2.411,
0.000000000e+00,0.000000000e+00
4.587313102e-31,-2.193557165e-30,3.564484766e-30,4.160248849e-28,6.641473254e-27,5.943751498e-26,2.887832641e-25,7.219615265e-25,7.258244800e-25,
3.348058572e-32,-4.510194436e-31,-4.599671399e-30,-3.399197385e-28,-6.274325225e-27,-5.866699873e-26,-2.841809591e-25,-6.867133096e-25,-6.586952926e-25,
1.553066801e-01
l,7.5,-4.5
1.991,2.251,2.511,
0.000000000e+00,0.000000000e+00
1.258790941e-28,-6.507543792e-28,7.537148579e-28,1.070384200e-25,1.693065697e-24,1.489656722e-23,7.112417240e-23,1.740602326e-22,1.703535057e-22,
8.745420947e-30,-1.179546679e-28,-1.050067424e-27,-8.253156784e-26,-1.515657566e-24,-1.416944700e-23,-6.863453286e-23,-1.659627865e-22,-1.594483092e-22,
1.555801252e-01
l,7.5,-3.5
2.071,2.331,2.611,
0.000000000e+00,0.000000000e+00
3.575269848e-26,-1.484320061e-25,-1.855167893e-25,1.936276351e-23,3.302061654e-22,3.192407145e-21,1.676141742e-20,4.469327790e-20,4.699736582e-20,
2.278441774e-27,-3.076544502e-26,-2.280262370e-26,-6.667031138e-24,-8.153311584e-23,-6.324325965e-22,-2.677857656e-21,-5.669833641e-21,-4.806526964e-21,
1.556963323e-01
l,7.5,-2.5
2.171,2.431,2.711,
0.000000000e+00,0.000000000e+00
8.621542875e-24,-3.140815983e-23,-8.873231937e-23,2.784677727e-21,4.135993130e-20,3.212306996e-19,1.296922986e-18,2.602370058e-18,1.968405020e-18,
5.910390879e-25,-7.989058770e-24,-8.307564812e-24,-1.752710863e-21,-2.105616442e-20,-1.574946481e-19,-6.445549863e-19,-1.312248764e-18,-1.061871677e-18,
1.553673705e-01
l,7.5,-1.5
2.291,2.551,2.831,
0.000000000e+00,0.000000000e+00
1.779097073e-21,-6.842379111e-21,-9.958242699e-21,9.412920800e-19,1.534026521e-17,1.355355039e-16,6.568602895e-16,1.639563902e-15,1.633300509e-15,
1.173482680e-22,-1.588028048e-21,-1.273004769e-21,-3.457267018e-19,-4.210281448e-18,-3.251140968e-17,-1.380304618e-16,-2.935131932e-16,-2.497354949e-16,
1.557571215e-01
l,7.5,-0.5
2.391,2.671,2.951,
0.000000000e+00,0.000000000e+00
3.373032899e-19,-1.185777235e-18,-4.663415555e-18,5.226476647e-17,6.032216822e-16,4.096269926e-15,1.772124077e-14,4.477016479e-14,4.681976160e-14,
2.318542772e-20,-3.140923250e-19,-2.454193589e-19,-6.759939470e-17,-8.177054067e-16,-6.216160601e-15,-2.589693895e-14,-5.358055447e-14,-4.395945311e-14,
1.556659288e-01
l,7.5,0.5
2.511,2.791,3.091,
0.000000000e+00,0.000000000e+00
5.785882878e-17,-1.621160260e-16,-1.067753381e-15,4.363415495e-15,9.162201258e-14,8.480364904e-13,4.290873283e-12,1.135113244e-11,1.186325651e-11,
3.499258228e-18,-4.745805859e-17,1.495216313e-17,-8.626810971e-15,-9.640620266e-14,-6.983498027e-13,-2.711367016e-12,-5.028119881e-12,-3.556020597e-12,
1.561253335e-01
l,7.5,1.5
2.651,2.931,3.231,
0.000000000e+00,0.000000000e+00
8.327341841e-15,-2.299328809e-14,-7.580053366e-14,2.343895249e-12,2.040168800e-11,9.243688131e-11,3.414158095e-10,9.639985279e-10,1.174485918e-09,
5.263149892e-16,-7.145430093e-15,-8.308514513e-15,-1.728085561e-12,-2.305550163e-11,-1.937413773e-10,-8.806665254e-10,-1.967696816e-09,-1.716575602e-09,
1.563696611e-01
l,7.5,2.5
2.791,3.071,3.371,
0.000000000e+00,0.000000000e+00
1.031099034e-12,-2.137378256e-12,-3.409660720e-11,-6.684330913e-10,-8.836154591e-09,-5.201346184e-08,-1.426832661e-07,-1.554196024e-07,-2.047642870e-08,
7.905916377e-14,-1.074350129e-12,-2.891778139e-12,-3.079515187e-10,-4.299963510e-09,-3.491549913e-08,-1.487833054e-07,-3.036943953e-07,-2.346378465e-07,
1.567061014e-01
l,7.5,3.5
2.931,3.231,3.551,
0.000000000e+00,0.000000000e+00
1.110478029e-10,-1.451422668e-10,-2.444802908e-10,5.974058953e-08,7.398991164e-07,4.404723980e-06,1.480345429e-05,2.746701327e-05,2.168112358e-05,
6.864186549e-12,-9.338196382e-11,-4.390078964e-11,-2.057839791e-08,-2.655162054e-07,-2.216763692e-06,-1.004587731e-05,-2.220184295e-05,-1.902133692e-05,
1.566755007e-01
l,7.5,4.5
3.111,3.411,3.731,
0.000000000e+00,0.000000000e+00
9.615317431e-09,-7.965485801e-09,-1.261240587e-07,2.837415316e-06,4.781318648e-05,3.189363887e-04,1.099966392e-03,1.969553230e-03,1.449055255e-03,
5.945588118e-10,-8.096591818e-09,8.639526367e-09,-1.303325928e-06,-1.360862471e-05,-1.006506669e-04,-4.231686188e-04,-8.701687755e-04,-6.985548228e-04,
1.566755007e-01
l,7.5,5.5
3.271,3.591,3.931,
0.000000000e+00,0.000000000e+00
6.745361816e-07,3.369035420e-08,-1.722969464e-05,-1.173439688e-04,-1.759517027e-04,2.166411261e-03,1.218158761e-02,2.534931019e-02,1.907969094e-02,
3.920469861e-08,-5.344169065e-07,1.294446283e-06,-6.431736194e-05,-5.399281062e-04,-3.422033030e-03,-1.174694863e-02,-1.674446402e-02,-6.746868704e-03,
1.570173428e-01
l,7.5,6.5
3.471,3.791,4.131,
0.000000000e+00,0.000000000e+00
3.708022996e-05,2.671401574e-05,-9.655685706e-04,-1.117922360e-02,-7.752341002e-02,-3.672921504e-01,-1.215833481e+00,-2.374756545e+00,-1.978817324e+00,
2.579430336e-06,-3.519300544e-05,3.832750144e-05,-5.559825185e-03,-5.534128141e-02,-3.679055000e-01,-1.357779676e+00,-2.323797371e+00,-1.430735135e+00,
1.574214295e-01
l,7.5,7.5
3.531,3.931,4.351,
4.945447931e-16,2.136238857e+01
1.307407045e-03,4.203147529e-03,2.555657976e-02,3.095818503e-01,2.705600387e+00,1.468884548e+01,4.497771772e+01,7.069040683e+01,4.438669119e+01,
1.283478976e-04,-1.752385481e-03,4.221721009e-03,-1.718316528e-01,-1.282065755e+00,-8.325218973e+00,-3.643257497e+01,-7.419529213e+01,-5.474885744e+01,
1.572407195e-01
l,8.5,-8.5
2.011,2.251,2.491,
0.000000000e+00,0.000000000e+00
1.442244405e-40,-8.836962233e-40,2.262573945e-39,1.475746178e-37,2.228523199e-36,1.994286700e-35,9.710474037e-35,2.421092603e-34,2.405138893e-34,
1.127370384e-41,-1.520190679e-40,-1.431894798e-39,-1.127715673e-37,-2.164228675e-36,-2.145357146e-35,-1.114198483e-34,-2.911845542e-34,-3.038577392e-34,
1.554583883e-01
l,8.5,-7.5
2.091,2.331,2.571,
0.000000000e+00,0.000000000e+00
4.848062768e-38,-2.927481715e-37,8.356242771e-37,5.051592475e-35,7.704975048e-34,7.076039929e-33,3.581851823e-32,9.348338475e-32,9.791964648e-32,
3.844225374e-39,-5.188507098e-38,-5.271952279e-37,-4.025797663e-35,-7.751397150e-34,-7.704272570e-33,-4.014729171e-32,-1.052401269e-31,-1.100530394e-31,
1.553976623e-01
l,8.5,-6.5
2.171,2.411,2.651,
0.000000000e+00,0.000000000e+00
1.570464040e-35,-8.781558590e-35,2.717396732e-34,1.855013983e-32,3.170274391e-31,3.100770812e-30,1.638264402e-29,4.406832537e-29,4.723453737e-29,
1.307788931e-36,-1.766642814e-35,-2.040178769e-34,-1.476079614e-32,-2.853684911e-31,-2.835513844e-30,-1.477311523e-29,-3.869492912e-29,-4.040137304e-29,
1.551246090e-01
l,8.5,-5.5
2.251,2.491,2.751,
0.000000000e+00,0.000000000e+00
4.864917083e-33,-2.439437242e-32,2.673782070e-32,4.419710902e-30,7.766569311e-29,7.726173540e-28,4.170069562e-27,1.150547281e-26,1.264979422e-26,
3.406406300e-34,-4.606256828e-33,-4.199394338e-32,-3.264943463e-30,-5.998394335e-29,-5.600718082e-28,-2.708117932e-27,-6.534769540e-27,-6.264958398e-27,
1.555193517e-01
l,8.5,-4.5
2.331,2.591,2.851,
0.000000000e+00,0.000000000e+00
1.283862987e-30,-6.653397160e-30,9.765758582e-30,1.096343560e-27,1.659002714e-26,1.434721426e-25,6.779171970e-25,1.641602822e-24,1.582483942e-24,
8.848503126e-32,-1.197652456e-30,-1.082477343e-29,-8.463830726e-28,-1.555414290e-26,-1.456709513e-25,-7.068505216e-25,-1.711466606e-24,-1.645533441e-24,
1.556963323e-01
l,8.5,-3.5
2.431,2.691,2.951,
0.000000000e+00,0.000000000e+00
3.219741033e-28,-1.563957044e-27,1.711963545e-27,2.582288715e-25,4.079478794e-24,3.512546024e-23,1.607916791e-22,3.722835134e-22,3.415752093e-22,
2.291799081e-29,-3.104693648e-28,-2.870615475e-27,-2.215504149e-25,-4.078095333e-24,-3.815786787e-23,-1.848335292e-22,-4.462816930e-22,-4.275771613e-22,
1.556105119e-01
l,8.5,-2.5
2.531,2.791,3.051,
0.000000000e+00,0.000000000e+00
7.616811958e-26,-3.261463468e-25,6.459864909e-25,8.207607101e-23,1.387787446e-21,1.240807835e-20,5.958115041e-20,1.458833253e-19,1.424348910e-19,
5.913765446e-27,-8.017929408e-26,-9.153405797e-25,-6.483566695e-23,-1.199553403e-21,-1.120889991e-20,-5.439695781e-20,-1.318072537e-19,-1.267432104e-19,
1.551246090e-01
l,8.5,-1.5
2.631,2.891,3.171,
0.000000000e+00,0.000000000e+00
1.659281035e-23,-5.757192352e-23,-1.729593604e-22,5.398352164e-21,8.088656008e-20,6.542020629e-19,2.835728940e-18,6.261932664e-18,5.393817115e-18,
1.167965892e-24,-1.584985965e-23,-2.281441836e-23,-3.715929729e-21,-4.622512797e-20,-3.571635478e-19,-1.519068719e-18,-3.228065742e-18,-2.723615990e-18,
1.554280135e-01
l,8.5,-0.5
2.751,3.031,3.311,
0.000000000e+00,0.000000000e+00
2.876754032e-21,-1.193147870e-20,-3.389266113e-20,7.687082880e-19,1.009252571e-17,7.524682422e-17,3.249358889e-16,7.535847471e-16,7.045807219e-16,
1.760588798e-22,-2.391551425e-21,7.826723471e-22,-4.484012741e-19,-5.192622719e-18,-3.931966070e-17,-1.608636980e-16,-3.237638005e-16,-2.592359447e-16,
1.561862723e-01
l,8.5,0.5
2.871,3.151,3.431,
0.000000000e+00,0.000000000e+00
4.958066825e-19,-1.655341581e-18,-6.431065275e-18,1.170687031e-16,1.474259830e-15,9.190628538e-15,3.102704024e-14,5.450506987e-14,3.633174805e-14,
3.450547100e-20,-4.690804612e-19,-3.694485527e-19,-1.015286461e-16,-1.227123390e-15,-9.364538640e-15,-3.950061161e-14,-8.321135119e-14,-6.978914409e-14,
1.557571215e-01
l,8.5,1.5
3.011,3.291,3.571,
0.000000000e+00,0.000000000e+00
7.152771708e-17,-2.253757554e-16,-2.027054735e-15,-2.260228378e-14,-2.370575066e-13,-1.042957196e-12,-1.784078369e-12,-1.114717745e-13,1.493057992e-12,
5.165526831e-18,-7.028115561e-17,-2.617631989e-17,-1.417489334e-14,-1.708819699e-13,-1.256432357e-12,-4.734154976e-12,-7.881541840e-12,-4.144210011e-12,
1.559387940e-01
l,8.5,2.5
3.151,3.431,3.731,
0.000000000e+00,0.000000000e+00
9.507635666e-15,-1.753513093e-14,-2.837203845e-13,-1.693913707e-12,5.696452538e-12,1.218175552e-10,4.241130170e-10,2.639335162e-10,-5.580884662e-10,
5.875735261e-16,-8.001467499e-15,2.252972929e-14,-6.857924290e-13,-1.238909885e-12,3.610173821e-11,3.492161769e-10,1.194723265e-09,1.378529653e-09,
1.559999458e-01
l,8.5,3.5
3.291,3.591,3.891,
0.000000000e+00,0.000000000e+00
1.028642015e-12,-2.523614575e-12,-3.205211609e-11,-4.662292988e-10,-6.668721648e-09,-4.727994704e-08,-1.753092298e-07,-3.315982797e-07,-2.574207927e-07,
6.694927494e-14,-9.124407011e-13,6.823413124e-14,-1.858292626e-10,-2.376477014e-09,-1.896177724e-08,-7.862129847e-08,-1.522308578e-07,-1.088429720e-07,
1.566143710e-01
l,8.5,4.5
3.451,3.751,4.071,
0.000000000e+00,0.000000000e+00
1.001239994e-10,-1.530010003e-10,-9.329452060e-10,3.573012148e-08,4.462114679e-07,2.569787193e-06,8.523688621e-06,1.621476804e-05,1.346622151e-05,
5.788027736e-12,-7.894985386e-11,1.869376404e-11,-1.621859306e-08,-2.083662022e-07,-1.749034257e-06,-7.844371349e-06,-1.699359653e-05,-1.422746142e-05,
1.569808618e-01
l,8.5,5.5
3.631,3.931,4.251,
0.000000000e+00,0.000000000e+00
7.964971793e-09,-6.066997109e-09,-9.283192581e-08,2.599330699e-06,4.138314174e-05,2.684546291e-04,9.038858298e-04,1.575632937e-03,1.120054011e-03,
4.974979996e-10,-6.791146565e-09,6.587138199e-09,-1.134788115e-06,-1.231928031e-05,-9.409140312e-05,-4.058516311e-04,-8.548613083e-04,-7.008068942e-04,
1.567423210e-01
l,8.5,6.5
3.811,4.131,4.451,
0.000000000e+00,0.000000000e+00
5.148547189e-07,-2.619293439e-07,-9.619134281e-06,7.258931447e-05,1.738041226e-03,1.239980535e-02,4.387511953e-02,7.949315735e-02,5.880382099e-02,
3.255578994e-08,-4.447501899e-07,7.611742597e-07,-6.410409240e-05,-6.333043683e-04,-4.523837905e-03,-1.831381783e-02,-3.539241971e-02,-2.613671764e-02,
1.568697189e-01
l,8.5,7.5
3.991,4.331,4.671,
0.000000000e+00,0.000000000e+00
2.685706932e-05,9.843348695e-06,-5.292447548e-04,-8.080765955e-05,4.125765129e-02,3.199513607e-01,1.078822676e+00,1.773464180e+00,1.153752297e+00,
1.618743591e-06,-2.213101234e-05,5.239622342e-05,-2.829177069e-03,-2.646024941e-02,-1.901010732e-01,-7.657361935e-01,-1.426545287e+00,-9.857373021e-01,
1.571187266e-01
l,8.5,8.5
4.111,4.491,4.891,
0.000000000e+00,0.000000000e+00
9.772822959e-04,2.714642761e-03,3.743077702e-03,1.146680519e-01,1.852304923e+00,1.219811905e+01,3.912716916e+01,6.153545023e+01,3.822160311e+01,
8.032998655e-05,-1.098908887e-03,1.296539561e-03,-1.504404239e-01,-1.194043399e+00,-6.994204971e+00,-2.684396074e+01,-5.072797088e+01,-3.599737230e+01,
1.574252830e-01
