l,0.5,-0.5
0.151,0.491,0.871,
5.470812780e-03,2.379566064e+00
2.389760048e-04,-6.833267140e-04,-8.984579817e-05,5.228672471e-02,4.125555874e-01,2.444361325e+00,8.916556750e+00,1.650768337e+01,1.200589206e+01,
3.066202229e-05,-2.055622042e-04,-5.759933176e-04,-3.221700067e-02,-3.528898469e-01,-2.089933820e+00,-6.679426580e+00,-1.092224422e+01,-7.224933308e+00,
1.584151906e-01
l,0.5,0.5
0.211,0.531,0.891,
5.610736052e-02,2.602484096e+00
3.973471001e-03,-7.693154401e-03,-2.300057210e-02,9.293833865e-01,8.068169437e+00,4.271692839e+01,1.472057903e+02,2.778072991e+02,2.135357801e+02,
6.196760398e-04,-4.150139952e-03,-9.137493001e-03,-5.968476568e-01,-6.737567262e+00,-4.144243680e+01,-1.385388089e+02,-2.367334154e+02,-1.636561560e+02,
1.589102712e-01
l,1.5,-1.5
0.391,0.791,1.211,
1.365066376e-05,4.175557932e+00
1.257697022e-06,-2.603067362e-06,-9.985965030e-06,1.408914239e-04,8.917373805e-04,3.108801116e-03,8.062927720e-03,1.295239014e-02,8.831073786e-03,
1.275138128e-07,-8.961941804e-07,-9.260955103e-08,-6.343210375e-05,-5.144213624e-04,-2.538785550e-03,-6.848497265e-03,-9.363542184e-03,-5.263992372e-03,
1.583533352e-01
l,1.5,-0.5
0.431,0.851,1.291,
1.939976217e-04,4.926007258e+00
1.752098979e-05,-2.592649706e-05,-1.951705923e-04,1.210376443e-03,7.422852020e-03,1.107069758e-02,-1.330712977e-02,-5.816219405e-02,-5.016474009e-02,
1.679157489e-06,-1.188729963e-05,3.086338764e-06,-7.454494476e-04,-5.669370828e-03,-2.656082601e-02,-6.680468297e-02,-8.237941655e-02,-4.077922162e-02,
1.584461310e-01
l,1.5,0.5
0.491,0.931,1.371,
6.819042863e-04,4.229453647e+00
2.137982956e-04,-2.108962804e-04,-2.530060613e-03,1.423679675e-02,1.340070510e-01,4.799262665e-01,1.003991968e+00,1.214463557e+00,6.505592128e-01,
2.201218614e-05,-1.568102180e-04,-6.789562703e-07,-1.064114162e-02,-8.241400217e-02,-3.875430736e-01,-9.823697209e-01,-1.210851456e+00,-5.861161430e-01,
1.584461413e-01
l,1.5,1.5
0.571,1.011,1.471,
4.239710440e-03,4.463160243e+00
2.307411050e-03,-4.093570055e-06,-3.188284075e-02,3.597260065e-02,9.314625714e-01,3.771098177e+00,7.589492024e+00,7.941557547e+00,3.444260410e+00,
2.492839320e-04,-1.786314619e-03,-1.920779133e-05,-1.214280056e-01,-9.282306662e-01,-4.298757027e+00,-1.073399064e+01,-1.277187304e+01,-5.746945075e+00,
1.586627946e-01
l,2.5,-2.5
0.691,1.131,1.571,
1.324461013e-08,7.201986274e+00
4.766581796e-09,-8.440011422e-09,-4.634077568e-08,3.901749760e-07,2.840067417e-06,9.635133646e-06,2.179438412e-05,3.065311097e-05,1.909486490e-05,
4.227704867e-10,-3.051322471e-09,1.253012437e-09,-1.876634369e-07,-1.409420682e-06,-6.626760354e-06,-1.662681272e-05,-2.035848510e-05,-9.992450968e-06,
1.582914397e-01
l,2.5,-1.5
0.751,1.191,1.651,
1.611043268e-07,9.052124115e+00
6.473418068e-08,-7.985432790e-08,-7.819476740e-07,2.511238723e-06,1.981373091e-05,3.345338637e-05,-3.156949762e-05,-1.620012512e-04,-1.435053529e-04,
5.487142964e-09,-3.977239227e-08,2.547524390e-08,-2.235205989e-06,-1.582468766e-05,-7.060728365e-05,-1.638683550e-04,-1.756481041e-04,-7.017196892e-05,
1.583533352e-01
l,2.5,-0.5
0.811,1.271,1.731,
6.950260213e-07,7.819370922e+00
8.024832141e-07,-7.888135413e-07,-9.775458338e-06,3.238852482e-05,3.567103115e-04,1.293026198e-03,2.696464885e-03,3.256418017e-03,1.743720477e-03,
7.102273961e-08,-5.167812567e-07,2.398531322e-07,-3.091048890e-05,-2.234964678e-04,-1.008410983e-03,-2.393361441e-03,-2.649461421e-03,-1.097235724e-03,
1.583533096e-01
l,2.5,0.5
0.891,1.351,1.831,
4.224393707e-06,8.727925081e+00
9.214209058e-06,-4.130209573e-06,-1.261691696e-04,1.392808544e-05,1.992033528e-03,7.067070750e-03,1.142018911e-02,8.548515870e-03,1.946620653e-03,
7.927835968e-07,-5.793512300e-06,3.998165998e-06,-3.206454652e-04,-2.226623953e-03,-9.750835083e-03,-2.201464291e-02,-2.197769481e-02,-7.370718057e-03,
1.583842483e-01
l,2.5,1.5
0.971,1.451,1.931,
1.906274995e-05,8.937625292e+00
9.567388042e-05,-1.402805245e-05,-1.235529793e-03,6.789126630e-04,2.772550618e-02,1.067079264e-01,1.948819103e-01,1.779082466e-01,6.390946444e-02,
8.826196625e-06,-6.474799624e-05,1.716135958e-05,-4.165918686e-03,-3.055997042e-02,-1.390432690e-01,-3.382571937e-01,-3.879826491e-01,-1.668488368e-01,
1.584769666e-01
l,2.5,2.5
1.071,1.571,2.071,
8.660186596e-05,7.247266392e+00
8.817492053e-04,-1.040922866e-04,-1.219201511e-02,-3.993546174e-02,-2.092807383e-01,-1.085368323e+00,-2.942224999e+00,-3.845393627e+00,-1.956592645e+00,
7.299127577e-05,-5.379002883e-04,1.931277721e-04,-3.541944067e-02,-2.704729764e-01,-1.302110935e+00,-3.268247893e+00,-3.812686558e+00,-1.649292890e+00,
1.586008026e-01
l,3.5,-3.5
1.031,1.471,1.931,
1.522018333e-12,1.768868762e+01
1.613528929e-11,-2.095564757e-11,-1.885834484e-10,6.731366895e-10,5.640377546e-09,1.371528791e-08,1.160800105e-08,-5.393188838e-09,-1.107874199e-08,
1.328604253e-12,-9.746793910e-12,6.157180213e-12,-5.601604288e-10,-3.963802110e-09,-1.776236141e-08,-4.161835558e-08,-4.543088268e-08,-1.873340981e-08,
1.582914411e-01
l,3.5,-2.5
1.091,1.551,2.011,
7.336255401e-12,1.743050919e+01
2.104865032e-10,-2.845655967e-10,-2.334638854e-09,1.037197651e-08,8.956001238e-08,2.768415074e-07,4.742608951e-07,4.578300852e-07,1.943298122e-07,
1.708820470e-11,-1.257130786e-10,8.115086099e-11,-7.272121257e-09,-5.187199672e-08,-2.355469049e-07,-5.589545744e-07,-6.187609422e-07,-2.590116867e-07,
1.583532965e-01
l,3.5,-1.5
1.171,1.631,2.091,
3.909441336e-11,1.592804279e+01
2.634829022e-09,-3.149315408e-09,-3.195399024e-08,6.338858966e-08,6.192640438e-07,1.176903662e-06,-3.827417537e-07,-3.705819873e-06,-3.332427835e-06,
2.193507230e-10,-1.617874246e-09,9.810736952e-10,-9.434474584e-08,-6.718690720e-07,-3.021987801e-06,-7.061508270e-06,-7.552528261e-06,-2.938516140e-06,
1.583533352e-01
l,3.5,-0.5
1.231,1.691,2.171,
1.436789735e-10,1.675331264e+01
3.177526864e-08,-1.086002316e-08,-4.110345838e-07,-1.846473526e-08,7.190857313e-06,3.247195970e-05,7.546556744e-05,9.662571086e-05,5.289521306e-05,
2.810449841e-09,-2.077867964e-08,6.608409474e-09,-1.312056103e-06,-9.507882021e-06,-4.274887181e-05,-1.013984573e-04,-1.113094324e-04,-4.452709697e-05,
1.582912353e-01
l,3.5,0.5
1.331,1.791,2.271,
8.955212565e-10,1.485250124e+01
3.504800077e-07,-1.088042966e-07,-4.683503951e-06,-5.293325176e-06,3.006434576e-05,9.418021389e-05,3.185771944e-05,-1.993612806e-04,-2.190722976e-04,
3.102423831e-08,-2.300027290e-07,8.581264340e-08,-1.437237118e-05,-1.041636244e-04,-4.696878858e-04,-1.113843160e-03,-1.213625246e-03,-4.756797533e-04,
1.583223794e-01
l,3.5,1.5
1.411,1.891,2.391,
2.677009777e-09,1.558765430e+01
3.633746928e-06,-2.295219811e-07,-4.845735388e-05,-3.598917123e-05,7.158560105e-04,3.175196216e-03,6.084234510e-03,5.662262437e-03,2.039127337e-03,
2.946426857e-07,-2.190886546e-06,1.961015976e-06,-1.166039213e-04,-7.845253203e-04,-3.414107728e-03,-7.733617240e-03,-7.788193873e-03,-2.684828776e-03,
1.583841271e-01
l,3.5,2.5
1.511,2.011,2.531,
2.011926569e-08,1.364639685e+01
3.442028174e-05,-1.258278142e-05,-3.345019883e-04,1.421047771e-03,1.145769655e-02,2.202719347e-02,1.470571938e-03,-3.782970960e-02,-3.074848821e-02,
2.404539441e-06,-1.793506000e-05,1.053770612e-05,-1.174669083e-03,-9.174540861e-03,-4.660409507e-02,-1.242174084e-01,-1.576330403e-01,-7.690907543e-02,
1.584501048e-01
l,3.5,3.5
1.611,2.111,2.631,
8.067095797e-08,1.325716580e+01
2.934651857e-04,1.610563564e-04,-3.868960272e-03,-2.916929903e-02,-1.877933501e-01,-7.556997305e-01,-1.696065065e+00,-1.975812259e+00,-9.370908538e-01,
2.638523851e-05,-1.971874733e-04,-2.333527213e-05,-1.516658827e-02,-1.233971504e-01,-6.097199292e-01,-1.571779735e+00,-1.903735425e+00,-8.638062287e-01,
1.585389634e-01
l,4.5,-4.5
1.411,1.851,2.291,
5.668073598e-18,2.168685942e+01
4.806347852e-14,-8.617284931e-14,-4.702549029e-13,3.140625184e-12,2.477720973e-11,8.699204001e-11,1.879756237e-10,2.375575552e-10,1.302161570e-10,
4.031754056e-15,-2.990549942e-14,1.519850076e-14,-1.846006358e-12,-1.364659520e-11,-6.362646389e-11,-1.560953145e-10,-1.821973056e-10,-8.269688051e-11,
1.583535285e-01
l,4.5,-3.5
1.471,1.911,2.351,
1.668789997e-17,2.302965011e+01
6.463037028e-13,-8.523212257e-13,-6.945748691e-12,3.466038052e-11,3.339629958e-10,1.249086580e-09,2.690008192e-09,3.280648127e-09,1.732489696e-09,
5.969401896e-14,-4.434448238e-13,3.181017987e-14,-3.077754167e-11,-2.351430402e-10,-1.104657664e-09,-2.787427396e-09,-3.401419080e-09,-1.618821853e-09,
1.581676550e-01
l,4.5,-2.5
1.531,1.991,2.451,
0.000000000e+00,0.000000000e+00
8.126333807e-12,-1.042237028e-11,-8.922363789e-11,3.762980180e-10,3.512442857e-09,1.144019834e-08,1.995359785e-08,1.861013785e-08,7.134195423e-09,
6.573754896e-13,-4.894807965e-12,2.898104922e-12,-2.936976351e-10,-2.113462694e-09,-9.680564960e-09,-2.333146662e-08,-2.639738220e-08,-1.133945017e-08,
1.583532965e-01
l,4.5,-1.5
1.611,2.071,2.531,
0.000000000e+00,0.000000000e+00
9.837097109e-11,-1.026517143e-10,-1.189984177e-09,1.403460508e-09,1.886367879e-08,4.150870374e-08,1.164031530e-08,-6.941433296e-08,-7.116433460e-08,
8.378743840e-12,-6.249605212e-11,2.234626987e-11,-4.005367393e-09,-2.946839426e-08,-1.356696913e-07,-3.292942415e-07,-3.736192053e-07,-1.579623807e-07,
1.583223947e-01
l,4.5,-0.5
1.691,2.151,2.631,
1.194979180e-15,2.284480480e+01
1.141727046e-09,-7.535969946e-10,-1.489176677e-08,-3.222694291e-09,1.967337454e-07,8.275365339e-07,1.832372589e-06,2.358409284e-06,1.345360729e-06,
9.191242237e-11,-6.869440715e-10,4.925057943e-10,-3.907559346e-08,-2.714335263e-07,-1.200447088e-06,-2.735424059e-06,-2.763555443e-06,-9.446639530e-07,
1.583533096e-01
l,4.5,0.5
1.771,2.251,2.731,
0.000000000e+00,0.000000000e+00
1.241996017e-08,-7.638941783e-09,-1.642274315e-07,-1.547551994e-07,9.053977133e-07,2.032264710e-06,-2.068434456e-06,-1.020472352e-05,-8.637955654e-06,
1.006995074e-09,-7.540193191e-09,4.971258446e-09,-4.396198542e-07,-3.089884317e-06,-1.378280511e-05,-3.172538427e-05,-3.251742411e-05,-1.136185672e-05,
1.584152008e-01
l,4.5,1.5
1.871,2.351,2.831,
7.818391689e-15,2.369316675e+01
1.291600000e-07,-4.306283061e-08,-1.680862027e-06,9.653323170e-08,3.711778396e-05,1.661932164e-04,3.416197735e-04,3.453205339e-04,1.360299985e-04,
1.100491557e-08,-8.254511360e-08,6.144178102e-08,-4.618061721e-06,-3.146612514e-05,-1.355572952e-04,-3.044408045e-04,-3.023345176e-04,-9.988322117e-05,
1.582910142e-01
l,4.5,2.5
1.971,2.471,2.971,
2.436623987e-13,2.024680105e+01
1.263393983e-06,-9.797821412e-07,-8.710747980e-06,1.988126860e-04,1.693914733e-03,5.999477848e-03,1.134545624e-02,1.136928891e-02,4.778334478e-03,
8.892330668e-08,-6.684714552e-07,5.872679391e-07,-4.020836074e-05,-2.979107131e-04,-1.516890739e-03,-4.282018075e-03,-5.969578654e-03,-3.288792053e-03,
1.581529782e-01
l,4.5,3.5
2.071,2.571,3.091,
4.885268212e-13,2.078422920e+01
1.118721957e-05,-1.451042396e-06,-1.303908211e-04,-4.313636427e-04,-3.336856007e-03,-1.914528615e-02,-5.237510841e-02,-6.799184773e-02,-3.429781583e-02,
8.357515465e-07,-6.293583848e-06,2.903863288e-06,-4.314508260e-04,-3.469080106e-03,-1.762080383e-02,-4.630745694e-02,-5.708711925e-02,-2.657064585e-02,
1.584456144e-01
l,4.5,4.5
2.191,2.691,3.191,
1.480384508e-12,2.065412044e+01
9.478665015e-05,5.810618405e-05,-1.601133309e-03,-1.256067208e-02,-6.517576876e-02,-2.255604153e-01,-4.838036043e-01,-5.718005024e-01,-2.822401971e-01,
9.102943218e-06,-6.864036868e-05,1.906804602e-05,-4.359541899e-03,-3.122085228e-02,-1.351638474e-01,-3.012699202e-01,-2.904643950e-01,-8.520288566e-02,
1.584461056e-01
l,5.5,-5.5
1.771,2.211,2.651,
0.000000000e+00,0.000000000e+00
1.423019984e-16,-2.517781017e-16,-1.341536101e-15,1.035518517e-14,8.131249632e-14,2.944602128e-13,6.790924430e-13,9.471372615e-13,5.805292813e-13,
1.192464275e-17,-8.915775745e-17,3.485088581e-17,-5.823743830e-15,-4.396266155e-14,-2.098759065e-13,-5.364137898e-13,-6.667988233e-13,-3.286353590e-13,
1.583105854e-01
l,5.5,-4.5
1.851,2.271,2.711,
0.000000000e+00,0.000000000e+00
1.900402909e-15,-2.450656520e-15,-2.063531442e-14,6.239295733e-14,5.030365250e-13,1.071426469e-12,2.833577155e-13,-2.027776125e-12,-2.237995343e-12,
1.760266493e-16,-1.317579546e-15,-2.725118668e-16,-9.991293662e-14,-7.849457225e-13,-3.776321414e-12,-9.800501036e-12,-1.237176645e-11,-6.090111800e-12,
1.581987776e-01
l,5.5,-3.5
1.911,2.351,2.791,
0.000000000e+00,0.000000000e+00
2.403421937e-14,-2.933501108e-14,-2.653551500e-13,9.574414854e-13,1.062942619e-11,4.310037377e-11,1.005203487e-10,1.316801278e-10,7.359491686e-11,
2.236786975e-15,-1.676625528e-14,-7.662962698e-16,-1.208561853e-12,-9.303657431e-12,-4.382877988e-11,-1.107048916e-10,-1.343680640e-10,-6.276746677e-11,
1.581676550e-01
l,5.5,-2.5
1.991,2.431,2.891,
0.000000000e+00,0.000000000e+00
2.948981120e-13,-3.245108874e-13,-3.246453275e-12,1.376078802e-11,1.566393103e-10,6.502443291e-10,1.525196121e-09,1.988304632e-09,1.104138143e-09,
2.446439235e-14,-1.836806287e-13,8.993456191e-14,-1.143182073e-11,-8.284129808e-11,-3.791597052e-10,-9.185858874e-10,-1.046241822e-09,-4.502640308e-10,
1.582914397e-01
l,5.5,-1.5
2.071,2.511,2.971,
0.000000000e+00,0.000000000e+00
3.484485920e-12,-2.901773683e-12,-4.116966181e-11,3.315774884e-11,5.409209441e-10,7.031405909e-10,-2.600939883e-09,-8.297160818e-09,-6.844532098e-09,
3.103165727e-13,-2.332772134e-12,2.934472496e-14,-1.665389845e-10,-1.269166279e-09,-5.977946171e-09,-1.511441757e-08,-1.830818242e-08,-8.481989075e-09,
1.582603325e-01
l,5.5,-0.5
2.151,2.611,3.071,
0.000000000e+00,0.000000000e+00
3.909390173e-11,-3.529613380e-11,-4.757426946e-10,3.964189912e-10,9.013944220e-09,3.402904471e-08,6.998772415e-08,8.354374371e-08,4.444884979e-08,
3.384927131e-12,-2.548293246e-11,7.910040261e-12,-1.669920511e-09,-1.234028616e-08,-5.687731415e-08,-1.387142697e-07,-1.580474324e-07,-6.671117251e-08,
1.582914529e-01
l,5.5,0.5
2.231,2.691,3.171,
0.000000000e+00,0.000000000e+00
4.269118947e-10,-1.634216982e-10,-5.418162561e-09,-7.463938868e-09,1.814494405e-08,4.792943343e-08,-5.575282937e-08,-2.561980016e-07,-2.150879671e-07,
3.687638621e-11,-2.779971991e-10,7.732886387e-11,-1.840776960e-08,-1.365524640e-07,-6.321231655e-07,-1.551045122e-06,-1.777876611e-06,-7.530714232e-07,
1.582914631e-01
l,5.5,1.5
2.331,2.791,3.271,
0.000000000e+00,0.000000000e+00
4.413217791e-09,-4.078131183e-10,-6.324326337e-08,-2.234122946e-07,-4.943698797e-07,-1.120982433e-06,-3.269893180e-06,-6.239667635e-06,-4.689825889e-06,
4.011061816e-10,-3.027655637e-09,1.378423621e-09,-1.842680941e-07,-1.295929913e-06,-5.599660130e-06,-1.255108764e-05,-1.227675523e-05,-3.758531321e-06,
1.581982278e-01
l,5.5,2.5
2.431,2.911,3.391,
0.000000000e+00,0.000000000e+00
4.483722904e-08,-7.424938250e-09,-4.192317293e-07,7.130041040e-06,8.547526753e-05,3.910056501e-04,9.229210724e-04,1.123060087e-03,5.589730439e-04,
3.741131848e-09,-2.827952736e-08,4.711226813e-08,-1.084609714e-06,-5.083382560e-06,-1.380024269e-05,-1.881256243e-05,-8.511900355e-06,-1.757458784e-06,
1.578465118e-01
l,5.5,3.5
2.531,3.031,3.531,
0.000000000e+00,0.000000000e+00
4.014279966e-07,-2.131194695e-07,-3.555406130e-06,2.405323845e-05,1.954066240e-04,5.168857080e-04,6.051132219e-04,2.497067385e-04,-2.802595368e-05,
3.010492020e-08,-2.279175867e-07,1.213845877e-07,-1.525202176e-05,-1.192287431e-04,-6.079824150e-04,-1.664368064e-03,-2.198023576e-03,-1.124722383e-03,
1.582903644e-01
l,5.5,4.5
2.651,3.131,3.631,
0.000000000e+00,0.000000000e+00
3.443150035e-06,1.308234661e-06,-5.414286214e-05,-4.828867547e-04,-3.082411415e-03,-1.185506630e-02,-2.616145210e-02,-3.079490008e-02,-1.505057861e-02,
3.270720552e-07,-2.478738776e-06,-7.085231144e-07,-1.930078831e-04,-1.532464755e-03,-7.302966732e-03,-1.821890624e-02,-2.113841802e-02,-8.955978237e-03,
1.585076896e-01
l,5.5,5.5
2.751,3.251,3.771,
0.000000000e+00,0.000000000e+00
2.893884994e-05,2.232359805e-05,-2.928604770e-04,-1.449036627e-05,9.430012365e-03,4.749324388e-02,1.099164714e-01,1.284534216e-01,6.117537917e-02,
2.612577692e-06,-1.982623967e-05,1.256644616e-05,-1.172990754e-03,-8.166579640e-03,-3.661747664e-02,-9.061853806e-02,-1.069938313e-01,-4.785004946e-02,
1.581985183e-01
l,6.5,-6.5
2.151,2.571,3.011,
0.000000000e+00,0.000000000e+00
4.098836066e-19,-6.658703625e-19,-4.609620722e-18,1.280429987e-17,7.628313334e-17,-6.490463017e-17,-1.187370445e-15,-2.897382510e-15,-2.322175569e-15,
3.462234160e-20,-2.604246158e-19,1.268507565e-19,-1.631984629e-17,-1.196256035e-16,-5.508032976e-16,-1.332746120e-15,-1.514092247e-15,-6.530131674e-16,
1.582831618e-01
l,6.5,-5.5
2.231,2.651,3.091,
0.000000000e+00,0.000000000e+00
5.305071987e-18,-9.318713387e-18,-5.119556124e-17,3.862017375e-16,3.184763277e-15,1.164172514e-14,2.579339119e-14,3.390167265e-14,1.980530123e-14,
4.383429438e-19,-3.300924770e-18,2.386564648e-18,-1.956078280e-16,-1.432740082e-15,-6.764032443e-15,-1.701459754e-14,-2.056517183e-14,-9.792369804e-15,
1.581260773e-01
l,6.5,-4.5
2.291,2.731,3.171,
0.000000000e+00,0.000000000e+00
6.695174732e-17,-1.175637518e-16,-6.777891731e-16,3.000022816e-15,1.890930563e-14,3.262592793e-14,-8.309810712e-15,-8.694446983e-14,-7.719806203e-14,
5.552996512e-18,-4.186195113e-17,2.464047100e-17,-2.601955488e-15,-1.948362588e-14,-9.347539326e-14,-2.381488681e-13,-2.900993966e-13,-1.372926901e-13,
1.581678854e-01
l,6.5,-3.5
2.371,2.811,3.251,
0.000000000e+00,0.000000000e+00
8.286348093e-16,-1.320930572e-15,-9.115294893e-15,2.617933548e-14,2.249604985e-13,6.180363223e-13,8.253504624e-13,4.564566579e-13,-1.916352586e-14,
7.035150628e-17,-5.308994789e-16,2.169247368e-16,-3.430214012e-14,-2.550978016e-13,-1.190214592e-12,-2.919600085e-12,-3.357121847e-12,-1.451836263e-12,
1.583223574e-01
l,6.5,-2.5
2.451,2.891,3.331,
0.000000000e+00,0.000000000e+00
1.001583002e-14,-1.374091426e-14,-1.014269486e-13,6.332022975e-13,6.532220089e-12,2.795566495e-11,6.873508766e-11,9.349190866e-11,5.370187433e-11,
8.893581092e-16,-6.718007934e-15,1.468801210e-15,-4.592320280e-13,-3.482216875e-12,-1.641254679e-11,-4.150455227e-11,-5.054247221e-11,-2.390805250e-11,
1.582294440e-01
l,6.5,-1.5
2.531,2.971,3.431,
0.000000000e+00,0.000000000e+00
1.169948063e-13,-1.279450400e-13,-1.339790973e-12,2.658140359e-12,2.875680590e-11,6.668787957e-11,1.988501680e-11,-1.283333234e-10,-1.404957778e-10,
9.672644932e-15,-7.314958446e-14,2.699494675e-14,-4.798281347e-12,-3.554094364e-11,-1.660565531e-10,-4.124144627e-10,-4.851167574e-10,-2.168795905e-10,
1.583533352e-01
l,6.5,-0.5
2.611,3.071,3.531,
0.000000000e+00,0.000000000e+00
1.295644039e-12,-1.480871307e-12,-1.570770873e-11,1.327963077e-11,2.324456078e-10,6.342392207e-10,7.136328219e-10,2.395367858e-10,-9.997842436e-11,
1.050279175e-13,-7.951428090e-13,4.884074993e-13,-4.820881462e-11,-3.464851674e-10,-1.584020515e-09,-3.774525277e-09,-4.107906460e-09,-1.608268872e-09,
1.583533096e-01
l,6.5,0.5
2.711,3.171,3.631,
0.000000000e+00,0.000000000e+00
1.390419030e-11,-1.524787806e-11,-1.654847169e-10,1.886799723e-10,3.074759117e-09,1.041963207e-08,1.975744881e-08,2.285878085e-08,1.228908229e-08,
1.139724603e-12,-8.637488853e-12,4.378676115e-12,-5.447340681e-10,-3.985286269e-09,-1.848597694e-08,-4.506176509e-08,-5.093997948e-08,-2.121832248e-08,
1.583842483e-01
l,6.5,1.5
2.791,3.251,3.731,
0.000000000e+00,0.000000000e+00
1.458323046e-10,-5.154634851e-11,-2.213226654e-09,-9.986661307e-09,-4.199878874e-08,-1.424772404e-07,-3.242965697e-07,-4.248174346e-07,-2.414023992e-07,
1.234882878e-11,-9.367768374e-11,6.645067213e-11,-5.326095500e-09,-3.655817510e-08,-1.559671352e-07,-3.313584509e-07,-2.788661601e-07,-4.744106633e-08,
1.582910112e-01
l,6.5,2.5
2.891,3.331,3.791,
0.000000000e+00,0.000000000e+00
1.461114008e-09,1.233740180e-09,-4.013777278e-08,-4.870057678e-07,-3.235839243e-06,-1.353960207e-05,-3.526721176e-05,-5.082290716e-05,-3.045147040e-05,
1.805215235e-10,-1.370194283e-09,9.051800134e-10,-6.152027146e-08,-3.265570325e-07,-4.343116071e-07,2.723076890e-06,1.024235504e-05,9.470264400e-06,
1.576561257e-01
l,6.5,3.5
2.991,3.471,3.971,
0.000000000e+00,0.000000000e+00
1.392792015e-08,-2.423535823e-09,-1.250230340e-07,1.360134310e-06,1.548783384e-05,6.560433764e-05,1.452869932e-04,1.685458501e-04,8.100747336e-05,
1.067373664e-09,-8.114340979e-09,8.552085032e-09,-4.322942652e-07,-2.887497860e-06,-1.326524466e-05,-3.415070762e-05,-4.297315310e-05,-2.139255290e-05,
1.581049497e-01
l,6.5,4.5
3.111,3.591,4.091,
0.000000000e+00,0.000000000e+00
1.209624969e-07,-2.131127027e-08,-1.751550677e-06,-1.249262307e-05,-9.000494865e-05,-3.901747859e-04,-9.179334723e-04,-1.108536942e-03,-5.440529490e-04,
9.942552638e-09,-7.565827692e-08,8.287253073e-09,-5.555021488e-06,-4.439736487e-05,-2.186890897e-04,-5.580636256e-04,-6.611338244e-04,-2.887222512e-04,
1.585383221e-01
l,6.5,5.5
3.211,3.711,4.211,
0.000000000e+00,0.000000000e+00
1.058381031e-06,3.761308933e-07,-1.513632964e-05,-5.878871477e-05,-5.420338951e-05,2.485922853e-04,8.089261326e-04,9.341457215e-04,3.920686238e-04,
9.210212721e-08,-7.014965208e-07,6.851452062e-07,-3.599573460e-05,-2.294195163e-04,-9.228870630e-04,-1.902361332e-03,-1.564289976e-03,-2.696558251e-04,
1.582291463e-01
l,6.5,6.5
3.331,3.851,4.371,
0.000000000e+00,0.000000000e+00
8.390800758e-06,-1.798984726e-07,-1.015544587e-04,-4.537735098e-04,-2.818868206e-03,-1.299003553e-02,-3.177722309e-02,-3.846098138e-02,-1.842389366e-02,
6.303782772e-07,-4.806756578e-06,2.948177181e-06,-3.168749884e-04,-2.501754169e-03,-1.256598397e-02,-3.263098820e-02,-3.945120764e-02,-1.784309978e-02,
1.584150780e-01
l,7.5,-7.5
2.531,2.951,3.371,
0.000000000e+00,0.000000000e+00
1.109896042e-21,-2.299331258e-21,-8.843866894e-21,9.661285635e-20,7.485362469e-19,3.203139418e-18,9.032824992e-18,1.461687560e-17,9.821701111e-18,
9.910124799e-23,-7.489412070e-22,2.586294869e-23,-5.570630462e-20,-4.467179916e-19,-2.233243188e-18,-6.042897749e-18,-8.084208536e-18,-4.326437616e-18,
1.582795898e-01
l,7.5,-6.5
2.611,3.031,3.451,
0.000000000e+00,0.000000000e+00
1.433716936e-20,-3.050754927e-20,-1.317440775e-19,8.497253530e-19,5.551542794e-18,1.503275174e-17,2.056351655e-17,1.069412171e-17,-2.380798374e-18,
1.252495909e-21,-9.474142771e-21,3.652349406e-21,-6.308893154e-19,-4.857280814e-18,-2.350999910e-17,-6.052827169e-17,-7.535857592e-17,-3.705687915e-17,
1.582831075e-01
l,7.5,-5.5
2.671,3.091,3.531,
0.000000000e+00,0.000000000e+00
1.894109057e-19,-3.079815963e-19,-1.865929168e-18,1.382800409e-17,1.315757331e-16,5.581093767e-16,1.388907554e-15,1.942833893e-15,1.158137139e-15,
1.582052643e-20,-1.197736576e-19,6.351838852e-20,-7.522921067e-18,-5.526825566e-17,-2.568229586e-16,-6.330568298e-16,-7.433742705e-16,-3.387828060e-16,
1.582796533e-01
l,7.5,-4.5
2.751,3.171,3.611,
0.000000000e+00,0.000000000e+00
2.349514920e-18,-3.754044186e-18,-2.274969171e-17,1.456274176e-16,1.157916541e-15,3.814103402e-15,7.408230166e-15,8.717490474e-15,4.731986759e-15,
1.997488219e-19,-1.513506819e-18,3.514805557e-19,-1.052534706e-16,-8.085827769e-16,-3.907854056e-15,-1.018664621e-14,-1.295648623e-14,-6.506312696e-15,
1.582916716e-01
l,7.5,-3.5
2.831,3.251,3.691,
0.000000000e+00,0.000000000e+00
2.849677908e-17,-4.002538198e-17,-3.197806655e-16,4.931311540e-16,3.165996992e-15,-5.493980144e-15,-5.736885335e-14,-1.258256977e-13,-9.512101494e-14,
2.520582333e-18,-1.911370777e-17,2.888026784e-19,-1.392316738e-15,-1.079375828e-14,-5.180401035e-14,-1.330190337e-13,-1.640195426e-13,-7.781393711e-14,
1.582912235e-01
l,7.5,-2.5
2.911,3.351,3.791,
0.000000000e+00,0.000000000e+00
3.295037045e-16,-5.398837039e-16,-3.468485678e-15,1.729973499e-14,1.702722051e-13,6.880477654e-13,1.624418804e-12,2.161618300e-12,1.227579783e-12,
2.729331770e-17,-2.071617123e-16,1.661386671e-16,-1.192836560e-14,-8.546547053e-14,-3.932246883e-13,-9.442977847e-13,-1.043409821e-12,-4.257129904e-13,
1.581684867e-01
l,7.5,-1.5
2.991,3.431,3.871,
0.000000000e+00,0.000000000e+00
3.823655802e-15,-4.967651552e-15,-3.855232954e-14,2.041996662e-13,1.924116679e-12,6.906915929e-12,1.368256775e-11,1.493992644e-11,6.949249569e-12,
3.441864068e-16,-2.614319638e-15,4.581501697e-17,-1.913665585e-13,-1.487469867e-12,-7.168135681e-12,-1.872860148e-11,-2.386751215e-11,-1.192073717e-11,
1.582294826e-01
l,7.5,-0.5
3.071,3.511,3.971,
0.000000000e+00,0.000000000e+00
4.288376024e-14,-3.667039707e-14,-5.181071936e-13,2.750730849e-14,4.393912599e-12,4.078124446e-12,-3.106804969e-11,-8.517992265e-11,-6.666288320e-11,
3.726683157e-15,-2.833082633e-14,3.942624976e-15,-1.980997161e-12,-1.497281546e-11,-7.036365175e-11,-1.765899215e-10,-2.102000974e-10,-9.446760232e-11,
1.582912353e-01
l,7.5,0.5
3.171,3.611,4.071,
0.000000000e+00,0.000000000e+00
4.582353919e-13,-3.679476024e-13,-5.266972864e-12,6.831372603e-12,1.209052435e-10,4.619391196e-10,9.637432291e-10,1.166883167e-09,6.304755238e-10,
4.030932324e-14,-3.066871069e-13,1.949729641e-14,-2.197687176e-11,-1.677047791e-10,-7.949903176e-10,-2.026238893e-09,-2.472272273e-09,-1.151646455e-09,
1.582912456e-01
l,7.5,1.5
3.271,3.711,4.171,
0.000000000e+00,0.000000000e+00
4.712876790e-12,-2.789423602e-12,-6.532874108e-11,-2.378805833e-10,-9.376473108e-10,-2.616275354e-09,-3.318666170e-09,-2.680829230e-10,1.843785442e-09,
4.357381975e-13,-3.317811280e-12,-3.049133021e-13,-2.435663858e-10,-1.875063128e-09,-8.774997014e-09,-2.156737842e-08,-2.441238807e-08,-9.840267891e-09,
1.582906834e-01
l,7.5,2.5
3.371,3.791,4.231,
0.000000000e+00,0.000000000e+00
4.640758958e-11,1.766259342e-11,-1.761882807e-09,-2.683589320e-08,-2.068697412e-07,-9.237014920e-07,-2.464743679e-06,-3.617133564e-06,-2.223201212e-06,
6.366217713e-12,-4.849549668e-11,-8.586863179e-11,-4.428838890e-09,-3.562347380e-08,-1.531779989e-07,-2.982652804e-07,-1.513134272e-07,1.055691333e-07,
1.578295371e-01
l,7.5,3.5
3.471,3.931,4.411,
0.000000000e+00,0.000000000e+00
4.608421977e-10,-1.192563375e-10,-5.253558287e-09,2.885089127e-08,4.463649811e-07,2.098568293e-06,4.930834822e-06,5.923003854e-06,2.905097083e-06,
3.743754116e-11,-2.855464464e-10,3.706405606e-10,-1.299081773e-08,-7.337202328e-08,-2.611646261e-07,-4.615712226e-07,-2.693375105e-07,2.437022638e-08,
1.581657764e-01
l,7.5,4.5
3.571,4.051,4.551,
0.000000000e+00,0.000000000e+00
4.105502160e-09,-2.571035841e-09,-5.139937474e-08,-1.769038810e-07,-1.600084677e-06,-9.471706420e-06,-2.676589217e-05,-3.626977444e-05,-1.927910784e-05,
2.981858361e-10,-2.276425133e-09,1.324653629e-09,-1.513168668e-07,-1.196939422e-06,-6.061192280e-06,-1.587529068e-05,-1.942354119e-05,-8.928054142e-06,
1.584451467e-01
l,7.5,5.5
3.691,4.171,4.651,
0.000000000e+00,0.000000000e+00
3.647608082e-08,-2.430383008e-09,-5.945569699e-07,-3.313813982e-06,-1.322485945e-05,-3.891922398e-05,-8.130968270e-05,-1.031441461e-04,-5.726198161e-05,
3.212073602e-09,-2.453694697e-08,1.973336295e-08,-1.327859443e-06,-8.720882633e-06,-3.493712979e-05,-6.682407084e-05,-4.031755151e-05,8.312538596e-06,
1.582906763e-01
l,7.5,6.5
3.791,4.291,4.791,
0.000000000e+00,0.000000000e+00
3.070927050e-07,-1.711041916e-08,-2.631044555e-06,1.336874211e-05,1.486788122e-04,5.402485740e-04,1.032555174e-03,1.062923326e-03,4.660195547e-04,
2.550828296e-08,-1.950173705e-07,3.623258255e-08,-1.406339243e-05,-1.091304853e-04,-5.393731135e-04,-1.450533124e-03,-1.889682213e-03,-9.513531278e-04,
1.583529581e-01
l,7.5,7.5
3.931,4.431,4.931,
0.000000000e+00,0.000000000e+00
2.417157020e-06,3.260817027e-07,-4.186391010e-05,-3.336069747e-04,-1.887394419e-03,-6.801393917e-03,-1.465414327e-02,-1.717450366e-02,-8.408788771e-03,
2.023967746e-07,-1.548574354e-06,1.207895144e-06,-8.780674773e-05,-6.098566905e-04,-2.646905192e-03,-5.679558609e-03,-4.809352949e-03,-8.363660631e-04,
1.584150062e-01
l,8.5,-8.5
2.911,3.311,3.731,
0.000000000e+00,0.000000000e+00
3.096979956e-24,-5.967499862e-24,-2.524925664e-23,3.506753473e-22,3.153714898e-21,1.402944506e-20,3.634505555e-20,5.136601267e-20,3.008343455e-20,
2.803203715e-25,-2.126498276e-24,2.787589089e-25,-1.528498199e-22,-1.199474988e-21,-5.851855498e-21,-1.550170548e-20,-2.034239273e-20,-1.075371458e-20,
1.582153744e-01
l,8.5,-7.5
2.991,3.391,3.811,
0.000000000e+00,0.000000000e+00
3.980596861e-23,-8.230275967e-23,-2.772107182e-22,4.833086812e-21,4.163848324e-20,1.954164219e-19,5.659903876e-19,9.085325488e-19,6.030624910e-19,
3.536268970e-24,-2.684588053e-23,9.020054220e-25,-2.018901129e-21,-1.624707872e-20,-8.171280472e-20,-2.240802128e-19,-3.063635596e-19,-1.687566142e-19,
1.582796441e-01
l,8.5,-6.5
3.051,3.471,3.891,
0.000000000e+00,0.000000000e+00
5.042175753e-22,-1.037013825e-21,-4.734909270e-21,2.376919415e-20,1.275665162e-19,1.977499527e-19,-1.157615304e-19,-7.051735572e-19,-6.552877713e-19,
4.458237748e-23,-3.386913541e-22,4.498903868e-23,-2.445870891e-20,-1.931063595e-19,-9.517441181e-19,-2.514488569e-18,-3.236777309e-18,-1.644346677e-18,
1.583140222e-01
l,8.5,-5.5
3.131,3.551,3.971,
0.000000000e+00,0.000000000e+00
6.315500147e-21,-1.251951085e-20,-5.855158481e-20,4.394686659e-19,3.474079781e-18,1.221777268e-17,2.447000611e-17,2.698413627e-17,1.241990200e-17,
5.614668353e-22,-4.268358411e-21,1.348405325e-21,-2.906477423e-19,-2.242602475e-18,-1.081391479e-17,-2.790778567e-17,-3.498344447e-17,-1.737058728e-17,
1.582487453e-01
l,8.5,-4.5
3.211,3.631,4.051,
0.000000000e+00,0.000000000e+00
7.748324229e-20,-1.470120041e-19,-6.250098525e-19,7.467472861e-18,6.035558098e-17,2.360637488e-16,5.648736753e-16,7.865230920e-16,4.756899158e-16,
7.070248444e-21,-5.378429206e-20,-3.203353718e-22,-4.062948250e-18,-3.257836390e-17,-1.622424978e-16,-4.420641893e-16,-6.010077089e-16,-3.292671942e-16,
1.582296758e-01
l,8.5,-3.5
3.291,3.711,4.151,
0.000000000e+00,0.000000000e+00
9.289037688e-19,-1.591360723e-18,-1.010160865e-17,2.147971612e-17,7.403325468e-17,-5.117372879e-16,-2.982623187e-15,-5.754306963e-15,-4.041396234e-15,
7.642268607e-20,-5.818117042e-19,3.430932370e-19,-3.659299403e-17,-2.741808071e-16,-1.317848036e-15,-3.353058189e-15,-4.043817375e-15,-1.867949966e-15,
1.581985472e-01
l,8.5,-2.5
3.371,3.791,4.231,
0.000000000e+00,0.000000000e+00
1.094016009e-17,-1.478771754e-17,-1.209402499e-16,3.705936495e-16,4.357475658e-15,1.885773561e-14,4.738635169e-14,6.671588747e-14,3.960707634e-14,
9.620182432e-19,-7.328299883e-18,1.551843801e-18,-5.045838355e-16,-3.821728867e-15,-1.796672343e-14,-4.480419990e-14,-5.272088186e-14,-2.334836801e-14,
1.582602594e-01
l,8.5,-1.5
3.451,3.891,4.331,
0.000000000e+00,0.000000000e+00
1.224112031e-16,-1.850923958e-16,-1.228934369e-15,7.334175165e-15,6.856373196e-14,2.608833392e-13,5.670939621e-13,6.948177650e-13,3.675777293e-13,
1.039194189e-17,-7.921868824e-17,3.190568923e-17,-5.245984816e-15,-3.943536341e-14,-1.871478805e-13,-4.757226740e-13,-5.814558684e-13,-2.766550985e-13,
1.582914784e-01
l,8.5,-0.5
3.551,3.991,4.431,
0.000000000e+00,0.000000000e+00
1.333182002e-15,-2.077252863e-15,-1.395819278e-14,5.310682945e-14,4.450440230e-13,1.262780077e-12,1.747774881e-12,1.048082878e-12,5.608863864e-14,
1.122175770e-16,-8.560292255e-16,3.264387710e-16,-5.728966367e-14,-4.335787892e-13,-2.072537572e-12,-5.276559399e-12,-6.414212725e-12,-3.002795952e-12,
1.583533096e-01
l,8.5,0.5
3.631,4.071,4.531,
0.000000000e+00,0.000000000e+00
1.459333922e-14,-1.463986214e-14,-1.703227149e-13,2.435555117e-13,3.491086970e-12,1.044336513e-11,1.329186371e-11,5.397211794e-12,-1.907852804e-12,
1.210697954e-15,-9.241596246e-15,3.458543527e-15,-6.121705045e-13,-4.541624135e-12,-2.127840186e-11,-5.308540086e-11,-6.258774165e-11,-2.789120452e-11,
1.583533199e-01
l,8.5,1.5
3.731,4.171,4.631,
0.000000000e+00,0.000000000e+00
1.499423957e-13,-1.299688305e-13,-1.998028379e-12,-6.571911324e-12,-3.948829811e-11,-1.743499890e-10,-3.895467901e-10,-4.065266458e-10,-1.561744615e-10,
1.305560508e-14,-9.971930634e-14,3.063289658e-15,-7.267420356e-12,-5.656843576e-11,-2.720286347e-10,-6.876880614e-10,-8.093054351e-10,-3.485227686e-10,
1.583525527e-01
l,8.5,2.5
3.831,4.271,4.711,
0.000000000e+00,0.000000000e+00
1.461018047e-12,-6.117704161e-13,-5.742862615e-11,-8.210454344e-10,-5.677006689e-09,-2.114327407e-08,-4.591042565e-08,-5.606822567e-08,-2.996801706e-08,
1.637500802e-13,-1.251331031e-12,-8.498049930e-13,-8.919841810e-11,-6.411597384e-10,-2.387096174e-09,-2.328458896e-09,5.930092344e-09,9.828016776e-09,
1.581502657e-01
l,8.5,3.5
3.931,4.371,4.831,
0.000000000e+00,0.000000000e+00
1.480876012e-11,8.957945163e-13,-2.527989853e-10,-1.507810934e-09,-5.500549204e-09,-1.421201216e-08,-3.262312548e-08,-5.358532539e-08,-3.847795122e-08,
1.513698227e-12,-1.157522786e-11,3.284058812e-12,-7.038752932e-10,-4.708478253e-09,-1.757339093e-08,-2.944346116e-08,-8.746969855e-09,1.420201592e-08,
1.581029399e-01
l,8.5,4.5
4.031,4.511,4.991,
0.000000000e+00,0.000000000e+00
1.357715051e-10,-1.257222687e-10,-1.294135547e-09,6.206876046e-09,4.198501860e-08,5.082883116e-08,-1.280098855e-07,-3.722313380e-07,-2.636507843e-07,
1.031164590e-11,-7.892142953e-11,3.728624550e-11,-5.411191279e-09,-4.257824276e-08,-2.178523839e-07,-5.993859888e-07,-7.978890227e-07,-4.128891381e-07,
1.582899592e-01
l,8.5,5.5
4.151,4.611,5.091,
0.000000000e+00,0.000000000e+00
1.214866985e-09,-1.481189637e-10,-2.028844790e-08,-1.632290504e-07,-1.048442446e-06,-4.157492603e-06,-9.622421528e-06,-1.205689265e-05,-6.352694764e-06,
1.110190015e-10,-8.501342845e-10,7.578848277e-11,-5.979456119e-08,-4.567561660e-07,-2.117388805e-06,-5.058755124e-06,-5.384030411e-06,-1.907871175e-06,
1.583523759e-01
l,8.5,6.5
4.271,4.751,5.231,
0.000000000e+00,0.000000000e+00
1.066811972e-08,-4.524697486e-09,-1.073705617e-07,6.179804979e-07,7.429496011e-06,2.969830883e-05,6.137486181e-05,6.649024599e-05,2.992064989e-05,
8.787281556e-10,-6.733530050e-09,4.199001913e-09,-4.183697479e-07,-3.008836998e-06,-1.405184866e-05,-3.609572876e-05,-4.497987872e-05,-2.185795614e-05,
1.582905952e-01
l,8.5,7.5
4.391,4.871,5.371,
0.000000000e+00,0.000000000e+00
8.611417712e-08,-1.246547959e-08,-1.318369522e-06,-9.953912169e-06,-6.698371543e-05,-2.761389797e-04,-6.385884645e-04,-7.742436074e-04,-3.863062884e-04,
6.963853393e-09,-5.339741064e-08,1.850011697e-08,-3.663911051e-06,-2.837693302e-05,-1.366490278e-04,-3.382797080e-04,-3.810575494e-04,-1.531591077e-04,
1.585384784e-01
l,8.5,8.5
4.511,4.991,5.491,
0.000000000e+00,0.000000000e+00
6.946028179e-07,3.382884974e-07,-8.102744293e-06,-1.394307594e-05,1.345048204e-04,8.075590271e-04,1.923865376e-03,2.232547761e-03,1.040190892e-03,
6.404609155e-08,-4.913529599e-07,2.569814640e-07,-2.989293907e-05,-2.069161633e-04,-8.996668345e-04,-2.140514934e-03,-2.393813808e-03,-9.867354616e-04,
1.581682081e-01
