l,0.5,-0.5
0.151,0.531,0.931,
6.700940782e-03,2.351818718e+00
3.641778021e-04,-1.043101944e-03,1.511405409e-04,6.706676312e-02,5.161663101e-01,3.025834993e+00,1.058299534e+01,1.851130867e+01,1.265896235e+01,
4.747949103e-05,-2.949443988e-04,-7.287096207e-04,-4.128658922e-02,-4.397951157e-01,-2.507085812e+00,-7.663185196e+00,-1.194611278e+01,-7.514855913e+00,
1.586318238e-01
l,0.5,0.5
0.211,0.551,0.931,
4.864186374e-02,2.598807517e+00
3.611800959e-03,-6.738323873e-03,-1.360899625e-02,8.039120708e-01,6.898605804e+00,3.656632988e+01,1.222269334e+02,2.190970927e+02,1.586570294e+02,
5.850429094e-04,-3.618817499e-03,-9.633801699e-03,-5.289307652e-01,-5.831746856e+00,-3.446121059e+01,-1.100428728e+02,-1.793098211e+02,-1.179016243e+02,
1.589103033e-01
l,1.5,-1.5
0.411,0.851,1.291,
4.225062058e-05,4.615577468e+00
3.683521072e-06,-7.630591558e-06,-2.725274915e-05,2.849502568e-04,1.034960503e-03,5.603919927e-05,-5.097824757e-03,-9.605405177e-03,-5.935184544e-03,
3.866685568e-07,-2.518715615e-06,-3.260351102e-07,-1.636298250e-04,-1.297274790e-03,-6.184309340e-03,-1.609626208e-02,-2.131962043e-02,-1.161882307e-02,
1.585389543e-01
l,1.5,-0.5
0.451,0.891,1.351,
1.678547384e-04,4.398500777e+00
3.078081863e-05,-3.873424310e-05,-2.950454318e-04,2.371650682e-03,1.721214896e-02,5.252045884e-02,9.786462742e-02,1.105256630e-01,5.705136050e-02,
3.226466411e-06,-2.112752382e-05,-3.243789492e-06,-1.351262994e-03,-1.031598528e-02,-4.699519067e-02,-1.156777248e-01,-1.415262355e-01,-6.976836005e-02,
1.585699308e-01
l,1.5,0.5
0.511,0.971,1.431,
7.114268730e-04,4.380419218e+00
2.267225063e-04,-2.752841084e-04,-2.283002358e-03,1.521834075e-02,1.138791310e-01,3.317662225e-01,5.551942222e-01,5.421321773e-01,2.421722855e-01,
2.355214247e-05,-1.551833376e-04,5.462019963e-06,-9.458443558e-03,-7.139794078e-02,-3.241389223e-01,-7.917642113e-01,-9.524054062e-01,-4.582135885e-01,
1.586008984e-01
l,1.5,1.5
0.571,1.031,1.511,
2.840249549e-03,4.419384363e+00
1.584263053e-03,-5.020280215e-04,-1.887412083e-02,5.366443372e-02,6.732814339e-01,2.349047108e+00,4.311983464e+00,4.266881143e+00,1.805374435e+00,
1.713294891e-04,-1.134453568e-03,-3.582017757e-05,-6.988704313e-02,-5.189997040e-01,-2.304100055e+00,-5.482296085e+00,-6.274132857e+00,-2.765418002e+00,
1.586628360e-01
l,2.5,-2.5
0.731,1.191,1.671,
8.691768435e-08,9.560337350e+00
2.760092066e-08,-3.102354447e-08,-2.917707229e-07,1.301317125e-06,9.655413004e-06,2.076815608e-05,9.401703051e-06,-2.748760882e-05,-3.120668960e-05,
2.540300030e-09,-1.699473636e-08,4.413467697e-09,-9.657826583e-07,-6.914697535e-06,-3.011789431e-05,-6.938248657e-05,-7.691174157e-05,-3.343316287e-05,
1.584770524e-01
l,2.5,-1.5
0.791,1.251,1.731,
2.058544545e-07,7.330730224e+00
2.166564030e-07,-1.859302006e-07,-2.273921422e-06,1.069261171e-05,1.023038532e-04,3.649673842e-04,7.646962606e-04,9.292687021e-04,4.978079063e-04,
2.097494946e-08,-1.407585572e-07,-6.606705789e-10,-8.696697334e-06,-6.376802321e-05,-2.814967409e-04,-6.625277349e-04,-7.535403762e-04,-3.342114706e-04,
1.584461329e-01
l,2.5,-0.5
0.851,1.331,1.811,
1.058443976e-06,8.431264968e+00
1.601404961e-06,-1.484771093e-06,-1.727742858e-05,6.572957331e-05,6.149856559e-04,1.878122731e-03,3.001706905e-03,2.478282251e-03,7.996086984e-04,
1.512444736e-07,-1.018829660e-06,2.325988926e-07,-5.892127030e-05,-4.244205486e-04,-1.858238879e-03,-4.305687747e-03,-4.762464845e-03,-2.031693213e-03,
1.584770369e-01
l,2.5,0.5
0.911,1.391,1.891,
3.748234773e-06,7.843553426e+00
1.142930978e-05,-3.504860305e-06,-1.368694669e-04,1.182903066e-04,2.942462862e-03,1.099502168e-02,2.139129467e-02,2.287265739e-02,1.061725097e-02,
1.088451060e-06,-7.357545778e-06,1.372788685e-06,-4.271631747e-04,-3.028770608e-03,-1.298488665e-02,-2.928337492e-02,-3.086743770e-02,-1.207172530e-02,
1.585080408e-01
l,2.5,1.5
0.991,1.491,1.991,
1.337810402e-05,8.291934643e+00
7.545619155e-05,-3.814600386e-05,-8.721159315e-04,1.410093648e-03,2.046120800e-02,6.250481830e-02,8.970517745e-02,5.826797162e-02,1.029083746e-02,
6.828351040e-06,-4.633771704e-05,1.850497631e-05,-2.566546122e-03,-1.804948494e-02,-7.817997769e-02,-1.781440793e-01,-1.901977250e-01,-7.614349032e-02,
1.585698509e-01
l,2.5,2.5
1.051,1.551,2.071,
4.562971892e-05,7.688284159e+00
4.648934118e-04,2.637483395e-04,-6.312261068e-03,-3.350114752e-02,-1.522700391e-01,-5.398849940e-01,-1.170838480e+00,-1.351151564e+00,-6.378906418e-01,
4.896621070e-05,-3.331930454e-04,-1.318543882e-04,-2.288863112e-02,-1.708030820e-01,-7.516671801e-01,-1.740695051e+00,-1.889074480e+00,-7.550853766e-01,
1.586627807e-01
l,3.5,-3.5
1.111,1.571,2.051,
8.010645361e-12,1.270422342e+01
1.732690935e-10,-1.817053068e-10,-1.743518818e-09,8.443745463e-09,7.675129789e-08,2.715636007e-07,5.771072130e-07,7.217458954e-07,3.985385597e-07,
1.583210114e-11,-1.076729790e-10,8.227809402e-12,-6.630571043e-09,-4.835041111e-08,-2.141857762e-07,-5.041414204e-07,-5.720839252e-07,-2.529886591e-07,
1.584770314e-01
l,3.5,-2.5
1.171,1.631,2.111,
2.649728553e-11,1.407582529e+01
1.350125012e-09,-1.061559119e-09,-1.477893166e-08,3.713263740e-08,4.012958992e-07,1.158552030e-06,1.477807274e-06,5.426555213e-07,-2.965866730e-07,
1.298588700e-10,-8.849603866e-10,-5.318959584e-11,-5.625525853e-08,-4.123251120e-07,-1.814500059e-06,-4.248328368e-06,-4.771854670e-06,-2.063350949e-06,
1.584151654e-01
l,3.5,-1.5
1.231,1.711,2.191,
1.353614941e-10,1.250135883e+01
1.000084993e-08,-9.381003859e-09,-1.034376625e-07,3.963309602e-07,3.858889232e-06,1.291330503e-05,2.429119455e-05,2.596402191e-05,1.224287011e-05,
9.291129736e-10,-6.347776336e-09,4.267988470e-10,-3.941366116e-07,-2.881031731e-06,-1.278137170e-05,-3.020755949e-05,-3.438247092e-05,-1.518543836e-05,
1.584770794e-01
l,3.5,-0.5
1.291,1.771,2.271,
3.397015394e-10,1.401656557e+01
7.270398328e-08,-3.228373112e-08,-8.459856225e-07,5.081162067e-07,1.486945631e-05,5.031931958e-05,8.140827601e-05,6.487170283e-05,1.883981425e-05,
6.636150342e-09,-4.544542032e-08,9.620449074e-09,-2.666037920e-06,-1.888352881e-05,-8.134730101e-05,-1.841408997e-04,-1.947665202e-04,-7.644395855e-05,
1.584770369e-01
l,3.5,0.5
1.351,1.851,2.351,
8.845007824e-10,1.474720411e+01
5.010227824e-07,-1.483452187e-07,-5.869907018e-06,-5.174858745e-07,8.026856177e-05,2.883950635e-04,4.888937752e-04,4.285792185e-04,1.554423975e-04,
4.733956936e-08,-3.248982402e-07,1.647393592e-08,-2.006566039e-05,-1.445680321e-04,-6.291504474e-04,-1.448587189e-03,-1.571827586e-03,-6.380210201e-04,
1.584771426e-01
l,3.5,1.5
1.431,1.931,2.451,
2.585466737e-09,1.475499045e+01
3.313846946e-06,-1.128007530e-07,-3.832756666e-05,3.654864457e-06,7.133512045e-04,2.751059944e-03,4.844633048e-03,4.124061051e-03,1.302577429e-03,
2.940694679e-07,-2.023342827e-06,7.848236032e-07,-1.132984649e-04,-7.839500076e-04,-3.340870339e-03,-7.508054487e-03,-7.869054222e-03,-3.056090324e-03,
1.585388862e-01
l,3.5,2.5
1.511,2.031,2.551,
1.261223193e-08,1.332742625e+01
2.036493061e-05,-1.615436591e-06,-2.677071885e-04,-1.376324064e-03,-8.053149735e-03,-3.194939339e-02,-6.901052554e-02,-7.554361396e-02,-3.318855833e-02,
1.824730911e-06,-1.258418189e-05,-1.545284517e-06,-8.358543568e-04,-6.251814781e-03,-2.819341686e-02,-6.581369196e-02,-7.115810063e-02,-2.811638088e-02,
1.586915627e-01
l,3.5,3.5
1.611,2.111,2.631,
3.899515040e-08,1.315912003e+01
1.223222062e-04,9.376581367e-05,-1.973785355e-03,-1.459056147e-02,-7.088460014e-02,-2.395470682e-01,-5.164438725e-01,-6.200244012e-01,-3.110823458e-01,
1.295544740e-05,-8.949862694e-05,3.183583402e-06,-5.234179591e-03,-3.600601665e-02,-1.433045917e-01,-2.868444471e-01,-2.373458431e-01,-4.842400717e-02,
1.585387776e-01
l,4.5,-4.5
1.491,1.951,2.431,
0.000000000e+00,0.000000000e+00
1.022733981e-12,-8.850882037e-13,-1.126638456e-11,2.279265465e-11,2.533633645e-10,6.649116499e-10,5.901049285e-10,-3.173952817e-10,-6.493349371e-10,
9.524742971e-14,-6.550300614e-13,2.147403408e-14,-4.093928777e-11,-2.974067475e-10,-1.303423187e-09,-3.022759114e-09,-3.335567613e-09,-1.403697500e-09,
1.584151264e-01
l,4.5,-3.5
1.551,2.031,2.511,
3.361524148e-17,2.392136105e+01
7.766193071e-12,-9.097184921e-12,-7.854965806e-11,3.251623095e-10,2.821263417e-09,8.643915369e-09,1.482351269e-08,1.472199093e-08,6.656952309e-09,
6.778026517e-13,-4.670227845e-12,1.899181766e-12,-2.649877849e-10,-1.891806311e-09,-8.377798656e-09,-1.963386789e-08,-2.198277615e-08,-9.532261506e-09,
1.583841919e-01
l,4.5,-2.5
1.611,2.091,2.571,
0.000000000e+00,0.000000000e+00
5.873868753e-11,-4.758520778e-11,-6.266992886e-10,1.385023506e-09,1.686424652e-08,5.760442983e-08,1.051576869e-07,1.037503977e-07,4.271997020e-08,
5.534873717e-12,-3.818808956e-11,-3.374331742e-12,-2.489553494e-09,-1.835411869e-08,-8.150593457e-08,-1.924298996e-07,-2.174231711e-07,-9.406046278e-08,
1.584461059e-01
l,4.5,-1.5
1.691,2.171,2.651,
4.344914298e-15,1.867809211e+01
4.258451924e-10,-3.789085518e-10,-4.418273294e-09,1.473769128e-08,1.596580677e-07,5.706320794e-07,1.141670738e-06,1.290474662e-06,6.375951095e-07,
3.932678611e-11,-2.717983836e-10,1.976856208e-11,-1.705152608e-08,-1.245499080e-07,-5.529011245e-07,-1.309287239e-06,-1.490403884e-06,-6.554844558e-07,
1.584461162e-01
l,4.5,-0.5
1.751,2.231,2.731,
1.162468150e-15,2.313191547e+01
3.031320084e-09,-1.141281482e-09,-3.406707207e-08,8.777041520e-09,5.230031805e-07,1.762228196e-06,2.608359370e-06,1.569405765e-06,6.551755847e-08,
2.792276251e-10,-1.932905404e-09,4.778168938e-11,-1.218555645e-07,-8.813903365e-07,-3.860723430e-06,-8.963297168e-06,-9.850538079e-06,-4.076741856e-06,
1.584770913e-01
l,4.5,0.5
1.831,2.311,2.811,
4.094095367e-14,1.883267537e+01
2.063539029e-08,-4.633298785e-09,-2.307320098e-07,-5.404293243e-08,3.152954430e-06,1.292117397e-05,2.700208253e-05,3.184592803e-05,1.650858540e-05,
1.980089629e-09,-1.372746569e-08,-2.330391692e-09,-9.156476141e-07,-6.745401156e-06,-2.988138317e-05,-7.070802326e-05,-7.996055017e-05,-3.434659140e-05,
1.584460695e-01
l,4.5,1.5
1.911,2.411,2.911,
7.120077127e-14,1.965735054e+01
1.355900991e-07,-5.217386305e-08,-1.557097839e-06,1.381946309e-06,3.797901080e-05,1.490310104e-04,2.839880973e-04,2.751286823e-04,1.075358815e-04,
1.221566341e-08,-8.483741836e-08,3.237853544e-08,-4.788868340e-06,-3.320363112e-05,-1.409209899e-04,-3.146921330e-04,-3.258958350e-04,-1.237243061e-04,
1.584770114e-01
l,4.5,2.5
1.971,2.491,3.031,
1.722610545e-14,2.323575898e+01
8.452287830e-07,-2.399103106e-07,-8.442984543e-06,-9.773321638e-06,-1.014406896e-04,-8.535825857e-04,-2.575545143e-03,-3.409440576e-03,-1.703715408e-03,
6.555726793e-08,-4.561848270e-07,4.084059489e-08,-3.031202244e-05,-2.338937711e-04,-1.115130858e-03,-2.768572819e-03,-3.262580156e-03,-1.466545392e-03,
1.586599547e-01
l,4.5,3.5
2.071,2.591,3.111,
1.182305933e-13,2.157231859e+01
5.067916845e-06,7.590141939e-07,-8.744892114e-05,-7.753344089e-04,-4.624315504e-03,-1.620584027e-02,-3.250666957e-02,-3.490494974e-02,-1.561444813e-02,
4.636711777e-07,-3.230419381e-06,3.278912709e-07,-1.941068837e-04,-1.376778117e-03,-5.782129031e-03,-1.185839934e-02,-9.776643564e-03,-1.813418181e-03,
1.586611189e-01
l,4.5,4.5
2.151,2.671,3.211,
6.574883434e-13,2.053861932e+01
3.014765025e-05,1.821538939e-05,-2.735071541e-04,7.734183811e-04,1.400456770e-02,5.923484862e-02,1.235973071e-01,1.319101289e-01,5.746458911e-02,
2.844924124e-06,-1.984910592e-05,7.516969785e-06,-1.127594011e-03,-7.729205325e-03,-3.296564142e-02,-7.739296676e-02,-8.798674895e-02,-3.855172280e-02,
1.583531730e-01
l,5.5,-5.5
1.891,2.351,2.831,
0.000000000e+00,0.000000000e+00
5.674444814e-15,-6.812581164e-15,-5.660373597e-14,2.586138618e-13,2.283722438e-12,7.673248124e-12,1.528255300e-11,1.832747676e-11,1.000307225e-11,
4.867216253e-16,-3.375542427e-15,1.431336702e-15,-1.924376321e-13,-1.372138885e-12,-6.090248268e-12,-1.432107884e-11,-1.611753786e-11,-7.045316273e-12,
1.583841587e-01
l,5.5,-4.5
1.951,2.411,2.891,
0.000000000e+00,0.000000000e+00
4.380035153e-14,-4.141178091e-14,-4.707216365e-13,7.901920715e-13,8.616121709e-12,1.968611185e-11,7.673825658e-12,-3.212596231e-11,-3.635744588e-11,
3.964819930e-15,-2.752613461e-14,1.005653953e-15,-1.748020460e-12,-1.277491797e-11,-5.664362160e-11,-1.327137768e-10,-1.477436440e-10,-6.255314746e-11,
1.584770134e-01
l,5.5,-3.5
2.011,2.491,2.971,
0.000000000e+00,0.000000000e+00
3.262454868e-13,-3.765615668e-13,-3.359053395e-12,1.288384977e-11,1.243369198e-10,4.212532974e-10,8.031528446e-10,8.769570266e-10,4.253070825e-10,
2.805509528e-14,-1.950364397e-13,1.060540902e-13,-1.066085408e-11,-7.481320271e-11,-3.276937961e-10,-7.558946834e-10,-8.234429370e-10,-3.429376314e-10,
1.583532336e-01
l,5.5,-2.5
2.091,2.551,3.031,
0.000000000e+00,0.000000000e+00
2.414135081e-12,-1.862964228e-12,-2.473944672e-11,5.472315204e-11,6.286803538e-10,1.945970842e-09,2.926823609e-09,1.972204680e-09,2.637752684e-10,
2.283125234e-13,-1.588728865e-12,-3.955294301e-13,-1.099207133e-10,-8.252294075e-10,-3.729622685e-09,-9.031177534e-09,-1.057154090e-08,-4.781236562e-09,
1.584461059e-01
l,5.5,-1.5
2.151,2.631,3.111,
0.000000000e+00,0.000000000e+00
1.723949976e-11,-1.333434576e-11,-1.823176600e-10,4.424595536e-10,5.837053742e-09,2.247631915e-08,4.745361647e-08,5.552778771e-08,2.787981677e-08,
1.614475147e-12,-1.124813700e-11,-1.624761304e-13,-7.263542584e-10,-5.327495610e-09,-2.362683467e-08,-5.591543069e-08,-6.341720554e-08,-2.757512363e-08,
1.584151757e-01
l,5.5,-0.5
2.231,2.711,3.191,
0.000000000e+00,0.000000000e+00
1.197045935e-10,-8.548783070e-11,-1.224839790e-09,2.891112201e-09,3.636230891e-08,1.289382315e-07,2.424898142e-07,2.454917548e-07,1.041537116e-07,
1.141342825e-11,-7.960995823e-11,-1.760962258e-11,-5.478935311e-09,-4.104714162e-08,-1.851734684e-07,-4.484831328e-07,-5.253010161e-07,-2.376901118e-07,
1.584461448e-01
l,5.5,0.5
2.291,2.791,3.291,
0.000000000e+00,0.000000000e+00
8.109420913e-10,-4.700733751e-10,-9.102153148e-09,3.948837163e-09,1.457638675e-07,5.214047427e-07,9.603729687e-07,9.902253130e-07,4.496747689e-07,
7.009680578e-11,-4.896006686e-10,2.016031073e-10,-2.793619503e-08,-1.972979855e-07,-8.642145434e-07,-1.987955115e-06,-2.130377851e-06,-8.457571556e-07,
1.584151291e-01
l,5.5,1.5
2.371,2.871,3.371,
0.000000000e+00,0.000000000e+00
5.340652809e-09,-1.311069984e-09,-6.564821704e-08,-1.104441692e-07,3.402510174e-07,2.054381766e-06,4.387304961e-06,4.546185616e-06,1.867933215e-06,
4.948640901e-10,-3.460014041e-09,7.652062351e-10,-2.047546083e-07,-1.437146919e-06,-6.089758758e-06,-1.345777890e-05,-1.354351655e-05,-4.783117399e-06,
1.584459555e-01
l,5.5,2.5
2.451,2.971,3.491,
0.000000000e+00,0.000000000e+00
3.388068848e-08,-2.363949149e-08,-2.461465315e-07,2.648275472e-06,1.828780112e-05,4.325418868e-05,3.888871198e-05,-2.932424866e-06,-1.752701404e-05,
2.639323550e-09,-1.848065974e-08,1.587395951e-09,-1.246657837e-06,-9.494345526e-06,-4.572562999e-05,-1.192038646e-04,-1.523287637e-04,-7.626685072e-05,
1.585030786e-01
l,5.5,3.5
2.551,3.071,3.591,
0.000000000e+00,0.000000000e+00
2.011361033e-07,-1.085392030e-07,-2.679793382e-06,-2.029207000e-05,-1.558871592e-04,-6.357715175e-04,-1.342650846e-03,-1.429737227e-03,-6.135417141e-04,
1.619266487e-08,-1.135109175e-07,-1.224806335e-08,-7.879856251e-06,-6.097654210e-05,-2.860232349e-04,-6.833624118e-04,-7.509450759e-04,-3.001982354e-04,
1.587203151e-01
l,5.5,4.5
2.631,3.131,3.651,
0.000000000e+00,0.000000000e+00
1.230336011e-06,9.210500857e-07,-1.598130709e-05,-7.671373156e-05,-1.616194302e-04,-1.329212264e-04,-9.272649006e-06,-2.909787972e-05,-7.986811644e-05,
1.309446363e-07,-9.185236883e-07,3.356229086e-08,-5.515191591e-05,-3.763949635e-04,-1.494384925e-03,-3.127102700e-03,-2.955291489e-03,-9.346228667e-04,
1.583527072e-01
l,5.5,5.5
2.731,3.251,3.791,
0.000000000e+00,0.000000000e+00
6.850286809e-06,1.665373791e-06,-7.074506198e-05,-3.414580734e-04,-2.064030324e-03,-8.798562742e-03,-2.034194762e-02,-2.380623253e-02,-1.121680727e-02,
6.062203639e-07,-4.258519197e-06,-1.134543040e-06,-3.081065105e-04,-2.389122557e-03,-1.117168000e-02,-2.744027479e-02,-3.201223394e-02,-1.414859524e-02,
1.586626257e-01
l,6.5,-6.5
2.311,2.751,3.211,
0.000000000e+00,0.000000000e+00
3.043019133e-17,-4.268300532e-17,-2.766346835e-16,1.633544678e-15,1.473819528e-14,6.020153427e-14,1.496167315e-13,2.092265068e-13,1.227628977e-13,
2.804791678e-18,-1.956921523e-17,-9.551922158e-19,-1.301964661e-15,-9.812605514e-15,-4.491571498e-14,-1.096016335e-13,-1.296077769e-13,-5.990731097e-14,
1.584769762e-01
l,6.5,-5.5
2.371,2.811,3.271,
0.000000000e+00,0.000000000e+00
2.363770112e-16,-2.838230404e-16,-2.231276230e-15,1.259185103e-14,1.116491060e-13,3.808568224e-13,7.092265755e-13,7.167362220e-13,3.053986829e-13,
2.276493176e-17,-1.589624656e-16,-3.172835499e-17,-1.100027843e-14,-8.344517616e-14,-3.812069356e-13,-9.413676460e-13,-1.142971043e-12,-5.493040602e-13,
1.583841112e-01
l,6.5,-4.5
2.431,2.891,3.351,
0.000000000e+00,0.000000000e+00
1.745510017e-15,-2.480708443e-15,-1.563097634e-14,8.562239674e-14,6.804148846e-13,2.276880470e-12,4.621636482e-12,5.510511070e-12,2.869507844e-12,
1.608003572e-16,-1.124006811e-15,-1.068818829e-16,-7.642840340e-14,-5.813490833e-13,-2.692207324e-12,-6.688083035e-12,-8.112710857e-12,-3.871058673e-12,
1.584769282e-01
l,6.5,-3.5
2.491,2.951,3.431,
0.000000000e+00,0.000000000e+00
1.311235971e-14,-1.393144288e-14,-1.417273344e-13,3.338639270e-13,3.880240042e-12,1.307330291e-11,2.301155437e-11,2.163885670e-11,8.506792765e-12,
1.133619360e-15,-7.931974047e-15,4.254114653e-15,-4.344699127e-13,-3.027991117e-12,-1.310007061e-11,-2.957418846e-11,-3.089147390e-11,-1.190894880e-11,
1.583532336e-01
l,6.5,-2.5
2.551,3.031,3.511,
0.000000000e+00,0.000000000e+00
9.386377309e-14,-1.099566179e-13,-9.495385190e-13,2.829119573e-12,2.501713172e-11,6.702167212e-11,8.614191676e-11,4.940990567e-11,5.508632805e-12,
7.996872611e-15,-5.600750326e-14,2.321389820e-14,-3.251030566e-12,-2.336271976e-11,-1.047365352e-10,-2.480729632e-10,-2.791708434e-10,-1.204026863e-10,
1.584151396e-01
l,6.5,-1.5
2.631,3.111,3.591,
0.000000000e+00,0.000000000e+00
6.617231177e-13,-7.384252810e-13,-7.004008021e-12,1.719019254e-11,1.941687399e-10,6.539915899e-10,1.163345626e-09,1.099383528e-09,4.253563161e-10,
5.636080546e-14,-3.950904299e-13,2.256149993e-13,-2.152923476e-11,-1.501317981e-10,-6.528378661e-10,-1.476310500e-09,-1.538378068e-09,-5.881459324e-10,
1.584151757e-01
l,6.5,-0.5
2.711,3.191,3.671,
0.000000000e+00,0.000000000e+00
4.566979173e-12,-4.814355305e-12,-4.766251756e-11,1.173665552e-10,1.283110773e-09,4.212106168e-09,7.667787307e-09,8.070042409e-09,3.826907889e-09,
3.970263332e-13,-2.785572334e-12,1.062751457e-12,-1.629071128e-10,-1.168767165e-09,-5.202566777e-09,-1.223704404e-08,-1.361905937e-08,-5.761523252e-09,
1.584152043e-01
l,6.5,0.5
2.771,3.251,3.751,
0.000000000e+00,0.000000000e+00
3.127894124e-11,-1.341947602e-11,-3.375059202e-10,2.084500207e-10,6.240091814e-09,2.190488606e-08,3.558592998e-08,2.699067257e-08,6.332161409e-09,
2.796561223e-12,-1.963717151e-11,1.733498038e-12,-1.243283323e-09,-9.001846056e-09,-3.980711391e-08,-9.368204608e-08,-1.048160516e-07,-4.444937212e-08,
1.584769616e-01
l,6.5,1.5
2.851,3.331,3.831,
0.000000000e+00,0.000000000e+00
2.041558034e-10,-3.168110484e-11,-2.469910052e-09,-7.829897432e-09,-2.368924566e-08,-7.093247594e-08,-1.376885896e-07,-1.345866061e-07,-5.034465229e-08,
1.967779937e-11,-1.382850761e-10,-3.173741880e-11,-9.455274535e-09,-7.025230216e-08,-3.119361406e-07,-7.327775340e-07,-8.105479111e-07,-3.324496874e-07,
1.584458644e-01
l,6.5,2.5
2.931,3.431,3.951,
0.000000000e+00,0.000000000e+00
1.335242028e-09,-4.711819122e-10,-1.082378750e-08,1.583716236e-07,1.637966504e-06,6.618947938e-06,1.401625768e-05,1.549154473e-05,7.070932713e-06,
1.043725602e-10,-7.343021332e-10,6.434389533e-10,-3.660687869e-08,-2.338418826e-07,-9.908269769e-07,-2.376190896e-06,-2.867709565e-06,-1.412196105e-06,
1.582839149e-01
l,6.5,3.5
3.031,3.551,4.071,
0.000000000e+00,0.000000000e+00
7.841195249e-09,-9.173164175e-09,-7.046952392e-08,-5.988956366e-08,-2.982232976e-06,-2.207082359e-05,-6.315467651e-05,-8.258763649e-05,-4.153745398e-05,
5.545256020e-10,-3.905443444e-09,9.366863329e-10,-2.616604679e-07,-2.069253641e-06,-1.031435206e-05,-2.681881264e-05,-3.336291094e-05,-1.597825358e-05,
1.585329895e-01
l,6.5,4.5
3.111,3.611,4.111,
0.000000000e+00,0.000000000e+00
4.812745047e-08,1.634698757e-08,-7.131313784e-07,-5.044760677e-06,-2.439057251e-05,-7.691154244e-05,-1.518889949e-04,-1.701649200e-04,-8.202060785e-05,
5.161948882e-09,-3.636719499e-08,-1.769927398e-08,-2.560174957e-06,-1.885980803e-05,-8.025407974e-05,-1.770567345e-04,-1.760264797e-04,-5.855040839e-05,
1.584449134e-01
l,6.5,5.5
3.211,3.731,4.251,
0.000000000e+00,0.000000000e+00
2.803789982e-07,-8.663876501e-08,-2.437268254e-06,5.799528557e-06,5.355617461e-05,1.075032708e-04,5.004409247e-05,-7.135006401e-05,-6.627020868e-05,
2.375260117e-08,-1.675331750e-07,7.563676543e-09,-1.129547721e-05,-8.598466979e-05,-4.069176702e-04,-1.033252836e-03,-1.267880977e-03,-6.007816882e-04,
1.584455732e-01
l,6.5,6.5
3.311,3.831,4.351,
0.000000000e+00,0.000000000e+00
1.585451969e-06,4.366063211e-07,-2.217596015e-05,-1.081661111e-04,-3.391434043e-04,-8.502923524e-04,-1.698622174e-03,-2.122808236e-03,-1.137039769e-03,
1.448024458e-07,-1.022111405e-06,6.339847343e-07,-5.225588422e-05,-3.402760339e-04,-1.336686153e-03,-2.625287581e-03,-2.055005989e-03,-3.320147736e-04,
1.584458494e-01
l,7.5,-7.5
2.711,3.151,3.591,
0.000000000e+00,0.000000000e+00
1.604579945e-19,-2.645993501e-19,-1.334031572e-18,1.114073981e-17,7.885416780e-17,2.215687142e-16,2.953687852e-16,1.337930203e-16,-4.012535999e-17,
1.591475836e-20,-1.115627903e-19,-3.014459238e-20,-8.056802098e-18,-6.328503079e-17,-2.996541583e-16,-7.734938667e-16,-9.984361341e-16,-5.195598692e-16,
1.583529432e-01
l,7.5,-6.5
2.771,3.211,3.671,
0.000000000e+00,0.000000000e+00
1.237257986e-18,-1.824365924e-18,-1.095339787e-17,6.759218961e-17,5.619218701e-16,2.200929531e-15,5.529936617e-15,8.112501337e-15,5.040353098e-15,
1.121096042e-19,-7.865710303e-19,7.679920406e-20,-5.094828756e-17,-3.847275349e-16,-1.788275106e-15,-4.453666631e-15,-5.400287736e-15,-2.572832748e-15,
1.583532083e-01
l,7.5,-5.5
2.831,3.271,3.731,
0.000000000e+00,0.000000000e+00
9.461543309e-18,-1.090022476e-17,-9.449156648e-17,3.554580087e-16,3.445896091e-15,1.147224324e-14,1.918583686e-14,1.489137337e-14,3.070689947e-15,
9.087268552e-19,-6.379689892e-18,-1.289013439e-18,-4.412865885e-16,-3.332678809e-15,-1.511061296e-14,-3.672984887e-14,-4.334951591e-14,-1.995298126e-14,
1.584150638e-01
l,7.5,-4.5
2.891,3.351,3.811,
0.000000000e+00,0.000000000e+00
6.912187882e-17,-9.522877647e-17,-6.030466543e-16,3.919696812e-15,3.121102215e-14,1.055326102e-13,2.143182894e-13,2.575623824e-13,1.373139902e-13,
6.397411726e-18,-4.494883306e-17,-6.655097728e-18,-3.130890278e-15,-2.396845122e-14,-1.117953138e-13,-2.820811025e-13,-3.506057639e-13,-1.726721970e-13,
1.584460361e-01
l,7.5,-3.5
2.971,3.431,3.891,
0.000000000e+00,0.000000000e+00
4.982228208e-16,-7.071894575e-16,-4.825628966e-15,2.025521814e-14,1.819471438e-13,6.171695017e-13,1.150561564e-12,1.142767915e-12,4.551683434e-13,
4.498266185e-17,-3.162952097e-16,1.019584568e-16,-1.892454123e-14,-1.384258560e-13,-6.237929927e-13,-1.484722666e-12,-1.680578181e-12,-7.299081974e-13,
1.583532137e-01
l,7.5,-2.5
3.031,3.491,3.971,
0.000000000e+00,0.000000000e+00
3.631574987e-15,-3.758808123e-15,-3.655239499e-14,1.326865209e-13,1.359357802e-12,4.871887137e-12,9.931411880e-12,1.168785422e-11,6.091134281e-12,
3.163421018e-16,-2.225994730e-15,7.588899915e-16,-1.325927455e-13,-9.569835691e-13,-4.289089207e-12,-1.024175427e-11,-1.170829826e-11,-5.164016256e-12,
1.583532587e-01
l,7.5,-1.5
3.111,3.571,4.051,
0.000000000e+00,0.000000000e+00
2.529438078e-14,-2.458485908e-14,-2.699792960e-13,4.265164873e-13,5.833123332e-12,2.001864551e-11,3.615697820e-11,3.476108053e-11,1.337264543e-11,
2.224214164e-15,-1.566212062e-14,5.065123804e-15,-9.304834007e-13,-6.695578135e-12,-2.971467810e-11,-6.933087938e-11,-7.576973384e-11,-3.090705333e-11,
1.583842232e-01
l,7.5,-0.5
3.191,3.651,4.131,
0.000000000e+00,0.000000000e+00
1.737394950e-13,-1.528371282e-13,-1.801045453e-12,4.159911253e-12,5.057519122e-11,1.746585027e-10,3.194606180e-10,3.190184873e-10,1.362555460e-10,
1.563857551e-14,-1.101960154e-13,6.810665518e-15,-7.109710926e-12,-5.215472761e-11,-2.334732540e-10,-5.576425194e-10,-6.384889958e-10,-2.807418138e-10,
1.584770913e-01
l,7.5,0.5
3.251,3.731,4.211,
0.000000000e+00,0.000000000e+00
1.168417034e-12,-8.211592242e-13,-1.192455231e-11,2.807299692e-11,3.746441130e-10,1.395998141e-09,2.730762972e-09,2.856943557e-09,1.249038131e-09,
1.098071114e-13,-7.742523223e-13,-9.901206033e-14,-5.253018947e-11,-3.910561149e-10,-1.761150569e-09,-4.263688903e-09,-4.985616588e-09,-2.248854908e-09,
1.584151291e-01
l,7.5,1.5
3.331,3.811,4.311,
0.000000000e+00,0.000000000e+00
7.631109286e-12,-3.936740984e-12,-8.961093081e-11,-2.067196731e-10,-8.519333788e-10,-4.452053924e-09,-1.237709392e-08,-1.661269928e-08,-8.863621386e-09,
6.695584543e-13,-4.724759459e-12,8.974471540e-13,-2.938162677e-10,-2.157744679e-09,-9.735709932e-09,-2.303462826e-08,-2.544019977e-08,-1.038582025e-08,
1.584148329e-01
l,7.5,2.5
3.431,3.891,4.371,
0.000000000e+00,0.000000000e+00
5.024486036e-11,7.652177512e-12,-6.553000042e-10,-1.075684084e-10,2.442261219e-08,1.372359576e-07,3.406104210e-07,4.164333808e-07,2.053506084e-07,
5.403408204e-12,-3.814651842e-11,1.441986108e-11,-2.006818250e-09,-1.258312056e-08,-4.186479185e-08,-6.049803290e-08,-9.560150132e-09,3.062734975e-08,
1.581584024e-01
l,7.5,3.5
3.511,4.011,4.511,
0.000000000e+00,0.000000000e+00
3.089881129e-10,-3.072495482e-10,-1.882596643e-09,4.665192129e-08,3.675992886e-07,1.209034241e-06,2.105856984e-06,1.932607576e-06,7.420983150e-07,
2.482939591e-11,-1.754647382e-10,8.093570050e-11,-1.072569775e-08,-7.833727448e-08,-3.729980140e-07,-1.006291207e-06,-1.375092320e-06,-7.537246010e-07,
1.582515725e-01
l,7.5,4.5
3.591,4.091,4.591,
0.000000000e+00,0.000000000e+00
1.825403051e-09,-3.430252320e-10,-2.580115947e-08,-1.860978080e-07,-1.135634093e-06,-4.114436211e-06,-8.377054321e-06,-9.065444954e-06,-4.114211254e-06,
1.744781821e-10,-1.233678955e-09,-5.085725340e-10,-8.938904876e-08,-6.833643916e-07,-3.095584015e-06,-7.259650998e-06,-7.821683652e-06,-2.998780222e-06,
1.585679739e-01
l,7.5,5.5
3.691,4.191,4.711,
0.000000000e+00,0.000000000e+00
1.110647041e-08,-2.288690526e-09,-1.003084450e-07,6.085851460e-07,6.991234288e-06,2.723160819e-05,5.536910932e-05,5.943778565e-05,2.664322260e-05,
9.204813051e-10,-6.513533549e-09,3.843732631e-09,-3.621401896e-07,-2.502483001e-06,-1.107875439e-05,-2.678685775e-05,-3.143458813e-05,-1.440047705e-05,
1.583523283e-01
l,7.5,6.5
3.791,4.291,4.811,
0.000000000e+00,0.000000000e+00
6.220753335e-08,5.844457361e-09,-9.038451640e-07,-6.539271932e-06,-3.704145196e-05,-1.329114156e-04,-2.794068085e-04,-3.162900930e-04,-1.494174781e-04,
5.606578405e-09,-3.969815156e-08,7.441536642e-09,-2.424371645e-06,-1.744659489e-05,-7.559706739e-05,-1.670110443e-04,-1.632650304e-04,-5.277144166e-05,
1.585692851e-01
l,7.5,7.5
3.871,4.391,4.931,
0.000000000e+00,0.000000000e+00
3.520061114e-07,6.158807607e-08,-2.903800690e-06,1.100299103e-05,1.385253998e-04,5.056698320e-04,9.406508782e-04,9.158030590e-04,3.701783063e-04,
2.955505070e-08,-2.094181065e-07,6.609655523e-08,-1.285518946e-05,-9.307011244e-05,-4.254679158e-04,-1.052000765e-03,-1.254754481e-03,-5.770647348e-04,
1.584147635e-01
l,8.5,-8.5
3.111,3.551,3.991,
0.000000000e+00,0.000000000e+00
8.241715815e-22,-1.568267030e-21,-6.422314179e-21,5.211906855e-20,3.362623484e-19,1.100790011e-18,2.534594485e-18,3.717288688e-18,2.378360253e-18,
7.763083969e-23,-5.463605075e-22,-2.807276479e-23,-3.775416154e-20,-2.957326813e-19,-1.421930551e-18,-3.702409051e-18,-4.783012333e-18,-2.473853738e-18,
1.583565221e-01
l,8.5,-7.5
3.171,3.611,4.051,
0.000000000e+00,0.000000000e+00
6.409282961e-21,-1.048447354e-20,-5.465269544e-20,4.111837402e-19,3.226467439e-18,1.086145289e-17,1.997071251e-17,1.902216905e-17,6.876142957e-18,
6.284257958e-22,-4.425149688e-21,-1.083596993e-21,-3.169696514e-19,-2.473791361e-18,-1.162431189e-17,-2.951133619e-17,-3.705715084e-17,-1.858782827e-17,
1.584148240e-01
l,8.5,-6.5
3.231,3.671,4.131,
0.000000000e+00,0.000000000e+00
4.895583152e-20,-7.189451679e-20,-4.248889283e-19,3.091894494e-18,2.481426943e-17,9.029319840e-17,2.051021024e-16,2.789045821e-16,1.664445612e-16,
4.414188424e-21,-3.110423805e-20,3.365757487e-21,-2.027215820e-18,-1.530870775e-17,-7.134615201e-17,-1.795665965e-16,-2.221398724e-16,-1.090818423e-16,
1.583531351e-01
l,8.5,-5.5
3.311,3.751,4.211,
0.000000000e+00,0.000000000e+00
3.579717934e-19,-5.665290951e-19,-3.408309869e-18,1.509929938e-17,1.277783439e-16,4.459563769e-16,9.096656432e-16,1.041752350e-15,5.012450788e-16,
3.101871409e-20,-2.187136252e-19,1.080584962e-19,-1.247176445e-17,-8.972499851e-17,-4.018371126e-16,-9.404873103e-16,-1.033745339e-15,-4.310838527e-16,
1.584150638e-01
l,8.5,-4.5
3.371,3.811,4.271,
0.000000000e+00,0.000000000e+00
2.673560030e-18,-3.375322419e-18,-2.387276224e-17,1.640718232e-16,1.452658203e-15,5.412200756e-15,1.173975506e-14,1.459059204e-14,7.921777168e-15,
2.508119073e-19,-1.769316921e-18,-2.749839086e-19,-1.232510212e-16,-9.377356605e-16,-4.330850559e-15,-1.084988069e-14,-1.340831135e-14,-6.575992422e-15,
1.584150496e-01
l,8.5,-3.5
3.451,3.891,4.351,
0.000000000e+00,0.000000000e+00
1.901345941e-17,-2.482466794e-17,-1.781715134e-16,7.702418080e-16,7.251089560e-15,2.856178063e-14,6.805538579e-14,9.230913496e-14,5.296725430e-14,
1.761369540e-18,-1.243291352e-17,-1.649515685e-18,-8.580008445e-16,-6.523672565e-15,-3.009962304e-14,-7.425571618e-14,-8.872590105e-14,-4.122238803e-14,
1.584769815e-01
l,8.5,-2.5
3.511,3.971,4.431,
0.000000000e+00,0.000000000e+00
1.344221964e-16,-1.783121446e-16,-1.247720726e-15,6.985676037e-15,6.081945621e-14,2.049533512e-13,3.788854511e-13,3.838789826e-13,1.659674465e-13,
1.235805118e-17,-8.728259563e-17,2.858858523e-18,-5.769070184e-15,-4.325044397e-14,-1.978629923e-13,-4.873580874e-13,-5.867618335e-13,-2.787319399e-13,
1.584460542e-01
l,8.5,-1.5
3.591,4.051,4.511,
0.000000000e+00,0.000000000e+00
9.295735551e-16,-1.188029870e-15,-8.690308937e-15,3.678559295e-14,3.315242249e-13,1.182029392e-12,2.522431720e-12,3.136632034e-12,1.695366113e-12,
8.671196445e-17,-6.127773787e-16,-1.090883891e-16,-4.298754019e-14,-3.285014054e-13,-1.523323816e-12,-3.796683815e-12,-4.610168547e-12,-2.188545823e-12,
1.584770292e-01
l,8.5,-0.5
3.671,4.131,4.591,
0.000000000e+00,0.000000000e+00
6.365804964e-15,-7.335574822e-15,-5.961116858e-14,2.808581726e-13,2.654435981e-12,9.287510605e-12,1.760326083e-11,1.783483214e-11,7.432725108e-12,
6.078789394e-16,-4.298115934e-15,-8.464412472e-16,-3.018446881e-13,-2.302933063e-12,-1.061880311e-11,-2.642474937e-11,-3.213752019e-11,-1.532388789e-11,
1.584152043e-01
l,8.5,0.5
3.731,4.211,4.691,
0.000000000e+00,0.000000000e+00
4.277610913e-14,-4.265564770e-14,-4.567048533e-13,9.253888122e-13,1.206053899e-11,4.351571570e-11,8.503695027e-11,9.277726204e-11,4.392898961e-11,
3.698760647e-15,-2.616991811e-14,1.210543118e-14,-1.499573947e-12,-1.063303187e-11,-4.688525268e-11,-1.087829824e-10,-1.180530571e-10,-4.787044950e-11,
1.583841765e-01
l,8.5,1.5
3.811,4.291,4.791,
0.000000000e+00,0.000000000e+00
2.806480092e-13,-2.407691505e-13,-3.056527166e-12,-3.620969636e-13,4.665204999e-12,-9.000544300e-11,-4.090462943e-10,-6.536502422e-10,-3.785916509e-10,
2.251754695e-14,-1.594190592e-13,7.275157724e-14,-9.341096739e-12,-6.755781229e-11,-3.077320429e-10,-7.344858807e-10,-8.232495888e-10,-3.473824389e-10,
1.585075085e-01
l,8.5,2.5
3.911,4.371,4.831,
0.000000000e+00,0.000000000e+00
1.820211083e-12,-1.459841049e-13,-3.057373060e-11,-1.944235783e-10,-7.504947146e-10,-1.917633503e-09,-4.098445263e-09,-6.382045685e-09,-4.437969577e-09,
2.090353162e-13,-1.480283272e-12,-5.837373352e-13,-9.648254123e-11,-6.831007763e-10,-2.633685220e-09,-4.608610953e-09,-2.013934124e-09,1.441657819e-09,
1.582160314e-01
l,8.5,3.5
3.991,4.451,4.931,
0.000000000e+00,0.000000000e+00
1.174261036e-11,2.591443885e-12,-1.475327184e-10,2.177091813e-10,8.296966924e-09,4.454911203e-08,1.119651509e-07,1.416512862e-07,7.306067028e-08,
1.269593299e-12,-8.995952599e-12,4.699586395e-12,-4.487859510e-10,-2.713107023e-09,-8.415954822e-09,-1.033116080e-08,2.448938775e-09,9.139452435e-09,
1.580639687e-01
l,8.5,4.5
4.071,4.571,5.071,
0.000000000e+00,0.000000000e+00
6.820490006e-11,-4.927609461e-11,-7.727318609e-10,-3.520827181e-09,-3.074685321e-08,-1.479986664e-07,-3.514821869e-07,-4.103037097e-07,-1.910373483e-07,
5.828484184e-12,-4.133150190e-11,-9.985293671e-12,-3.015334879e-09,-2.370287805e-08,-1.135111459e-07,-2.851528164e-07,-3.398632659e-07,-1.531321113e-07,
1.585671502e-01
l,8.5,5.5
4.171,4.651,5.151,
0.000000000e+00,0.000000000e+00
4.226881900e-10,2.223133803e-11,-4.921870451e-09,-1.905177930e-10,1.415313888e-07,7.141973673e-07,1.623006723e-06,1.823466437e-06,8.202785462e-07,
4.072546996e-11,-2.889210594e-10,1.082406977e-10,-1.618994261e-08,-1.079663099e-07,-4.289196648e-07,-8.953522262e-07,-8.364332175e-07,-2.595588977e-07,
1.582897150e-01
l,8.5,6.5
4.271,4.771,5.271,
0.000000000e+00,0.000000000e+00
2.391977949e-09,-1.076709276e-09,-2.740888415e-08,-1.115180819e-07,-6.874066379e-07,-2.888794760e-06,-6.394372258e-06,-7.095808228e-06,-3.179303428e-06,
2.149693637e-10,-1.526019710e-09,-5.245189156e-10,-1.122977309e-07,-8.684028785e-07,-4.054205956e-06,-9.978257879e-06,-1.164503189e-05,-5.114208351e-06,
1.585998011e-01
l,8.5,7.5
4.351,4.851,5.371,
0.000000000e+00,0.000000000e+00
1.397684990e-08,4.100332034e-09,-1.459910594e-07,6.683280879e-08,4.752401306e-06,2.296137788e-05,5.207493522e-05,5.993833661e-05,2.817812456e-05,
1.302648156e-09,-9.251810857e-09,3.030217301e-09,-5.363930155e-07,-3.635105204e-06,-1.506274032e-05,-3.381969838e-05,-3.600572726e-05,-1.436827797e-05,
1.583525267e-01
l,8.5,8.5
4.471,4.971,5.491,
0.000000000e+00,0.000000000e+00
7.525694201e-08,5.056590760e-09,-9.584581992e-07,-6.311144563e-06,-3.693179393e-05,-1.375888353e-04,-2.926326133e-04,-3.290221994e-04,-1.530605669e-04,
6.865547140e-09,-4.878917806e-08,-8.137159978e-09,-3.383172670e-06,-2.565402223e-05,-1.169262470e-04,-2.783293360e-04,-3.091701217e-04,-1.264670033e-04,
1.585693133e-01
