l,1.0,-1.0
3.5000000149e-02,7.0349998474e+00,1.4035000801e+01,2.1034999847e+01,2.8034999847e+01,
2.0831328155e+00,3.2264113920e+00,1.0330311785e-01,3.1765931428e-01,-8.5950315426e-02,8.5355042958e-03,-2.9486243692e-04,
4.1061953315e+01,6.0375250268e+00,-1.0403267759e-02,2.0814444144e-03,-2.2920057051e-04,1.0207446890e-05,-2.0032264203e-12,
8.3149837235e+01,6.0048647607e+00,-4.0552011519e-04,3.7332487159e-05,-3.3160894390e-06,1.5952430099e-07,-3.9283343817e-14,
1.2517152263e+02,6.0019601516e+00,-8.5579785672e-05,1.1520589427e-06,8.7075910821e-08,3.3548764987e-09,-3.2248357397e-14,
1.6718166758e+02,6.0012983515e+00,-3.2045847803e-04,1.2574127836e-04,-2.2754219537e-05,1.4519169880e-06,2.6429727577e-13,
l,1.0,0.0
3.5000000149e-02,7.0349998474e+00,1.4035000801e+01,2.1034999847e+01,2.8034999847e+01,
2.0144258486e+00,-7.6996345440e-02,8.0810170026e-01,-1.2580363482e-01,1.6216212100e-03,1.4802912725e-03,-1.0743576625e-04,
1.4069999895e+01,1.9999996784e+00,2.2247671296e-07,-7.3633391406e-08,1.1221561418e-08,-6.3017277744e-10,4.6365365165e-17,
2.8069999013e+01,2.0000066072e+00,-5.2719522328e-06,1.8128601318e-06,-2.8049714331e-07,1.6007538530e-08,1.4660557696e-16,
4.2069997426e+01,2.0000058718e+00,-4.7933840334e-06,1.6805819651e-06,-2.6395202259e-07,1.5235331428e-08,3.1574662098e-19,
5.6070000238e+01,1.9999996937e+00,-4.9537883791e-07,3.7858764656e-07,-8.1267816176e-08,5.4597292488e-09,-4.2147994359e-16,
l,1.0,1.0
3.5000000149e-02,7.0349998474e+00,1.4035000801e+01,2.1034999847e+01,2.8034999847e+01,
1.8970575254e+00,-2.9898493256e+00,5.0252875210e-01,-1.4347159523e-01,2.3358992473e-02,-2.0216254216e-03,7.2085825684e-05,
-1.3031658629e+01,-2.0058338355e+00,8.5245610232e-04,-1.0371935481e-04,8.3941350897e-06,-3.1112036832e-07,5.8714643248e-14,
-2.7051369867e+01,-2.0013521032e+00,1.0932314779e-04,-1.0006863278e-05,8.5981394296e-07,-3.7978598238e-08,3.5611555059e-15,
-4.1057478317e+01,-2.0005552942e+00,2.4218739805e-05,8.3138746226e-07,-3.0355880634e-07,1.9081288368e-08,5.6723555827e-15,
-5.5060300964e+01,-2.0002860036e+00,1.1713641108e-05,2.9154850418e-07,-1.2954422876e-07,8.7941953047e-09,2.9938530257e-15,
l,2.0,-2.0
3.5000000149e-02,7.0349998474e+00,1.4035000801e+01,2.1034999847e+01,2.8034999847e+01,
6.1718722567e+00,4.6396135953e+00,8.3407351249e-01,-8.5016190392e-02,3.6629710509e-02,-6.9192483651e-03,3.8951050566e-04,
6.7834337930e+01,1.0201633087e+01,-7.1364106046e-02,1.5578706228e-02,-1.7734114751e-03,8.0293739588e-05,-1.7875383497e-11,
1.3818210376e+02,1.0014231245e+01,-1.1867982846e-03,8.6674767807e-05,-4.2897182871e-06,8.9463503964e-08,-3.6665622192e-14,
2.0824450119e+02,1.0005647416e+01,-3.6177218803e-04,4.0704364768e-05,-4.8018468201e-06,2.5646330958e-07,-1.9329738459e-14,
2.7827297902e+02,1.0002991351e+01,-1.1215876224e-04,1.4769062521e-06,3.3435519298e-07,-2.0977522881e-08,5.8685430688e-14,
l,2.0,-1.0
3.5000000149e-02,7.0349998474e+00,1.4035000801e+01,2.1034999847e+01,2.8034999847e+01,
6.0858421077e+00,2.4535666137e+00,3.3565577511e-01,2.4461000176e-01,-1.0593890906e-01,1.6671792196e-02,-9.2301169884e-04,
4.1061953315e+01,6.0375250268e+00,-1.0403267759e-02,2.0814444144e-03,-2.2920057051e-04,1.0207446890e-05,-2.0032264203e-12,
8.3149837235e+01,6.0048647607e+00,-4.0552011519e-04,3.7332487159e-05,-3.3160894390e-06,1.5952430099e-07,-3.9283343817e-14,
1.2517152263e+02,6.0019601516e+00,-8.5579785672e-05,1.1520589427e-06,8.7075910821e-08,3.3548764987e-09,-3.2248357397e-14,
1.6718166758e+02,6.0012983515e+00,-3.2045847803e-04,1.2574127836e-04,-2.2754219537e-05,1.4519169880e-06,2.6429727577e-13,
l,2.0,0.0
3.5000000149e-02,7.0349998474e+00,1.4035000801e+01,2.1034999847e+01,2.8034999847e+01,
5.9984362493e+00,6.1413593963e-02,6.0054562021e-01,-1.1778986865e-02,3.3909267889e-02,-7.5360603418e-03,4.3229637786e-04,
3.7427203324e+01,6.3078959408e+00,-1.0781846369e-01,2.3147091369e-02,-2.5893313885e-03,1.1532898425e-04,-2.1899563441e-11,
7.9957891860e+01,6.0214459342e+00,-1.8358530734e-03,1.5006147418e-04,-9.7537471126e-06,3.3330772297e-07,-5.3820857206e-14,
1.2205172116e+02,6.0083673234e+00,-4.4193345668e-04,2.5360270125e-05,-1.7465930328e-06,8.2021300355e-08,-2.9601293247e-14,
1.6409447790e+02,6.0044189775e+00,-1.0101507494e-04,-2.4380250279e-05,4.9168496222e-06,-2.8742541359e-07,3.2043022245e-14,
l,2.0,1.0
3.5000000149e-02,7.0349998474e+00,1.4035000801e+01,2.1034999847e+01,2.8034999847e+01,
5.9055022080e+00,-2.1539037257e+00,3.5370405318e-01,2.7839445952e-01,-8.5323023654e-02,9.4042524815e-03,-3.7239373137e-04,
1.3031792785e+01,2.0058618701e+00,-8.3751251670e-04,9.9631529929e-05,-7.7883512288e-06,2.7872945889e-07,-3.8438940389e-14,
2.7051940973e+01,2.0014454460e+00,-1.1108140124e-04,1.1385796668e-05,-1.0280360200e-06,4.4992568468e-08,-1.0430556525e-15,
4.1058807628e+01,2.0006938907e+00,-2.9223129582e-05,2.2524056410e-06,-1.7140382339e-07,6.5460243035e-09,2.5011520156e-15,
5.5062703781e+01,2.0004639451e+00,-1.3478791049e-05,1.8360353502e-06,-2.1568461305e-07,1.0540401205e-08,-9.4653111146e-15,
l,2.0,2.0
3.5000000149e-02,7.0349998474e+00,1.4035000801e+01,2.1034999847e+01,2.8034999847e+01,
5.8417872173e+00,-4.6538457530e+00,7.2718163687e-01,-6.3698945640e-02,-8.3403103704e-03,2.0228117197e-03,-1.0991478703e-04,
-1.1903173908e+01,-2.0278366573e+00,4.4100939419e-03,-5.7119672885e-04,4.7954826292e-05,-1.8133016991e-06,2.5640168649e-13,
-2.5993169240e+01,-2.0059156724e+00,4.5564273758e-04,-3.3613887649e-05,1.9844384410e-06,-6.2080395020e-08,6.0811548330e-15,
-4.0020054099e+01,-2.0025038640e+00,1.3194155761e-04,-8.7445400846e-06,6.7903786923e-07,-3.0687041374e-08,6.0129925345e-16,
-5.4032999899e+01,-2.0013608903e+00,4.3614359464e-05,4.6361845765e-07,-2.7762448128e-07,1.7048173439e-08,-8.3986188876e-16,
l,3.0,-3.0
3.5000000149e-02,7.0349998474e+00,1.4035000801e+01,2.1034999847e+01,2.8034999847e+01,
1.2232320933e+01,6.5228604089e+00,8.3927953235e-01,-1.8731382821e-02,7.5092653990e-03,-1.2118128330e-03,3.2421630532e-05,
9.4079648822e+01,1.4685776740e+01,-2.2195555668e-01,4.0410838441e-02,-3.7991723647e-03,1.4374818501e-04,1.3446337065e-11,
1.9315922797e+02,1.4029865322e+01,-2.7980815175e-03,2.5897882110e-04,-1.8675809624e-05,6.6845394799e-07,-4.1432842139e-14,
2.9128638788e+02,1.4011108746e+01,-5.9427858518e-04,2.8035705198e-05,-9.2822788959e-07,1.4899743411e-08,3.2646403063e-14,
3.8934270166e+02,1.4005746799e+01,-2.0457929049e-04,7.1860729311e-06,-8.3257997274e-07,6.8321892450e-08,2.6192047835e-14,
l,3.0,-2.0
3.5000000149e-02,7.0349998474e+00,1.4035000801e+01,2.1034999847e+01,2.8034999847e+01,
1.2060828741e+01,5.0287051096e+00,-2.9932153155e-01,5.1110522378e-01,-1.2287516764e-01,1.1925543593e-02,-3.8373482651e-04,
6.7834337930e+01,1.0201633087e+01,-7.1364106046e-02,1.5578706228e-02,-1.7734114751e-03,8.0293739588e-05,-1.7875383497e-11,
1.3818210376e+02,1.0014231245e+01,-1.1867982846e-03,8.6674767807e-05,-4.2897182871e-06,8.9463503964e-08,-3.6665622192e-14,
2.0824450119e+02,1.0005647416e+01,-3.6177218803e-04,4.0704364768e-05,-4.8018468201e-06,2.5646330958e-07,-1.9329738459e-14,
2.7827297902e+02,1.0002991351e+01,-1.1215876224e-04,1.4769062521e-06,3.3435519298e-07,-2.0977522881e-08,5.8685430688e-14,
l,3.0,-1.0
3.5000000149e-02,7.0349998474e+00,1.4035000801e+01,2.1034999847e+01,2.8034999847e+01,
1.2099866696e+01,2.0071454309e+00,9.5060499243e-01,-2.5919574704e-01,7.2268891565e-02,-7.2868176405e-03,2.1815202744e-04,
6.0553488246e+01,1.1218473047e+01,-3.1746150188e-01,4.1337553593e-02,-2.1943220796e-03,1.5340319191e-05,1.1201507273e-10,
1.3270266321e+02,1.0060395927e+01,-6.9693681488e-03,1.1157404082e-03,-1.4086387731e-04,7.4718719776e-06,3.2516996455e-13,
2.0295379801e+02,1.0023030758e+01,-1.5931040305e-03,7.0563368240e-05,4.6036306800e-06,-4.9635107800e-07,-1.7374241422e-13,
2.7306383026e+02,1.0011366584e+01,-4.6309368295e-04,1.9907025270e-05,-8.4682433326e-07,2.7510291110e-08,-5.8171586168e-14,
l,3.0,0.0
3.5000000149e-02,7.0349998474e+00,1.4035000801e+01,2.1034999847e+01,2.8034999847e+01,
1.2068166453e+01,-4.9376905424e-01,1.4673914716e+00,-5.8715523533e-01,1.7835236653e-01,-2.4867095750e-02,1.2577681500e-03,
3.7427203324e+01,6.3078959408e+00,-1.0781846369e-01,2.3147091369e-02,-2.5893313885e-03,1.1532898425e-04,-2.1899563441e-11,
7.9957891860e+01,6.0214459342e+00,-1.8358530734e-03,1.5006147418e-04,-9.7537471126e-06,3.3330772297e-07,-5.3820857206e-14,
1.2205172116e+02,6.0083673234e+00,-4.4193345668e-04,2.5360270125e-05,-1.7465930328e-06,8.2021300355e-08,-2.9601293247e-14,
1.6409447790e+02,6.0044189775e+00,-1.0101507494e-04,-2.4380250279e-05,4.9168496222e-06,-2.8742541359e-07,3.2043022245e-14,
l,3.0,1.0
3.5000000149e-02,7.0349998474e+00,1.4035000801e+01,2.1034999847e+01,2.8034999847e+01,
1.1936614963e+01,-2.2338852376e+00,8.0306729775e-01,-1.3732970764e-01,5.0351224061e-02,-6.1702838895e-03,2.2911624862e-04,
3.2685477477e+01,7.1062467348e+00,-2.9879853299e-01,4.1931195960e-02,-2.6691238293e-03,5.0359007563e-05,9.0064014423e-11,
7.6613397143e+01,6.0543747146e+00,-5.2817997297e-03,5.8329370397e-04,-6.0898770735e-05,3.2443398661e-06,-3.1320047551e-12,
1.1884319320e+02,6.0200616867e+00,-1.0702010456e-03,4.3442827786e-05,1.0784523946e-07,-1.0012966080e-07,4.1529431179e-14,
1.6094468221e+02,6.0104526989e+00,-3.9901382352e-04,1.0784938193e-05,2.9984850008e-07,-3.9890153403e-08,2.4262786268e-14,
l,3.0,2.0
3.5000000149e-02,7.0349998474e+00,1.4035000801e+01,2.1034999847e+01,2.8034999847e+01,
1.1843435287e+01,-4.2476492992e+00,6.1592664426e-01,2.3222958852e-02,1.3322511461e-02,-4.4516797259e-03,2.9328405862e-04,
1.1903706528e+01,2.0268737396e+00,-3.7915377439e-03,3.9154119141e-04,-2.3912488676e-05,6.0878741718e-07,2.4688363343e-13,
2.5993169240e+01,2.0059156724e+00,-4.5564273758e-04,3.3613887649e-05,-1.9844384410e-06,6.2080395020e-08,-6.0811548330e-15,
4.0020053375e+01,2.0025030468e+00,-1.3141525115e-04,8.7215174382e-06,-6.9732589065e-07,3.2587920679e-08,9.2975872219e-16,
5.4032999751e+01,2.0013624073e+00,-4.5833698817e-05,4.9063477139e-07,1.1233033760e-07,-6.9880333863e-09,-1.7366392827e-15,
l,3.0,3.0
3.5000000149e-02,7.0349998474e+00,1.4035000801e+01,2.1034999847e+01,2.8034999847e+01,
1.1769486086e+01,-6.4064153926e+00,6.9804080734e-01,4.5087611128e-02,-2.7639290018e-02,3.1955248066e-03,-1.2404112084e-04,
-1.0655854561e+01,-2.0769473636e+00,1.3501086350e-02,-1.8907393096e-03,1.6713990450e-04,-6.5331725582e-06,9.9371903264e-13,
-2.4889855513e+01,-2.0144754435e+00,1.1618690715e-03,-8.8856512752e-05,5.4240688612e-06,-1.7562911644e-07,-2.9665850578e-16,
-3.8954650174e+01,-2.0059248662e+00,3.0571056322e-04,-1.5765174457e-05,7.3495607294e-07,-2.0947330855e-08,7.4020106221e-15,
-5.2985139190e+01,-2.0032025001e+00,1.2128676471e-04,-4.7800120433e-06,1.9805776446e-07,-5.5842237259e-09,6.8787316967e-15,
l,4.0,-4.0
3.5000000149e-02,7.0349998474e+00,1.4035000801e+01,2.1034999847e+01,2.8034999847e+01,
2.0294585084e+01,8.4628930606e+00,8.3042454754e-01,1.7693523920e-02,-4.6714021859e-03,6.2913818519e-04,-5.0225885204e-05,
1.1971999837e+02,1.8924088723e+01,2.5589518896e-03,-6.2140710993e-02,1.1854256950e-02,-6.7915183772e-04,2.5631519460e-10,
2.4807130477e+02,1.8053883589e+01,-5.4296627000e-03,5.3538505557e-04,-4.0466583254e-05,1.5061816158e-06,-1.9310313983e-13,
3.7429415278e+02,1.8019040217e+01,-1.1292142696e-03,7.6623943705e-05,-5.2902613304e-06,2.0779033244e-07,2.5196009171e-14,
5.0038919725e+02,1.8009650774e+01,-3.1759751437e-04,-1.6621605038e-05,5.0265540034e-06,-3.2347882464e-07,-1.2857830557e-14,
l,4.0,-3.0
3.5000000149e-02,7.0349998474e+00,1.4035000801e+01,2.1034999847e+01,2.8034999847e+01,
2.0309722705e+01,5.6910197156e+00,1.7530250732e+00,-6.3894144757e-01,1.7451417091e-01,-2.1969495704e-02,9.9269321444e-04,
9.4079648822e+01,1.4685776740e+01,-2.2195555668e-01,4.0410838441e-02,-3.7991723647e-03,1.4374818501e-04,1.3446337065e-11,
1.9315922797e+02,1.4029865322e+01,-2.7980815175e-03,2.5897882110e-04,-1.8675809624e-05,6.6845394799e-07,-4.1432842139e-14,
2.9128638788e+02,1.4011108746e+01,-5.9427858518e-04,2.8035705198e-05,-9.2822788959e-07,1.4899743411e-08,3.2646403063e-14,
3.8934270166e+02,1.4005746799e+01,-2.0457929049e-04,7.1860729311e-06,-8.3257997274e-07,6.8321892450e-08,2.6192047835e-14,
l,4.0,-2.0
3.5000000149e-02,7.0349998474e+00,1.4035000801e+01,2.1034999847e+01,2.8034999847e+01,
2.0139647819e+01,4.3208874966e+00,4.5626040112e-01,1.1584697896e-01,-4.4338103195e-02,7.5544246121e-03,-4.2621649869e-04,
8.2837616729e+01,1.4720121073e+01,6.5864476993e-01,-2.7926884968e-01,4.0504525417e-02,-2.0471101907e-03,3.4694223988e-10,
1.8525421138e+02,1.4123950755e+01,-1.3849734528e-02,1.6322504719e-03,-1.4599658920e-04,6.0888758868e-06,-7.4955121308e-13,
2.8375473943e+02,1.4042061873e+01,-2.4180370862e-03,1.3471470411e-04,-6.3955195215e-06,1.7895602431e-07,-8.5611243909e-14,
3.8196453385e+02,1.4021395456e+01,-8.9767342319e-04,4.1694181316e-05,-1.8718564310e-06,4.1118233567e-08,-3.4756142215e-14,
l,4.0,-1.0
3.5000000149e-02,7.0349998474e+00,1.4035000801e+01,2.1034999847e+01,2.8034999847e+01,
2.0076558298e+01,2.1186217362e+00,5.9741908698e-01,-3.3186950106e-02,9.5220116641e-03,-9.0860740988e-04,1.7477230655e-05,
6.2616125117e+01,7.1892000260e+00,2.3601721193e+00,-7.4888071448e-01,1.0439004460e-01,-5.3453407081e-03,2.0237249335e-09,
1.3270266321e+02,1.0060395927e+01,-6.9693681488e-03,1.1157404082e-03,-1.4086387731e-04,7.4718719776e-06,3.2516996455e-13,
2.0295379801e+02,1.0023030758e+01,-1.5931040305e-03,7.0563368240e-05,4.6036306800e-06,-4.9635107800e-07,-1.7374241422e-13,
2.7306383026e+02,1.0011366584e+01,-4.6309368295e-04,1.9907025270e-05,-8.4682433326e-07,2.7510291110e-08,-5.8171586168e-14,
l,4.0,0.0
3.5000000149e-02,7.0349998474e+00,1.4035000801e+01,2.1034999847e+01,2.8034999847e+01,
1.9989402981e+01,1.3902325869e-01,3.4831242810e-01,1.4308525565e-01,-4.7412723982e-02,7.4744258135e-03,-3.9841871411e-04,
5.2008883614e+01,1.0473873351e+01,9.1653325606e-01,-3.4916540047e-01,4.8522567852e-02,-2.3862055594e-03,2.7750498419e-10,
1.2691482474e+02,1.0145642713e+01,-1.6610577614e-02,1.9981948883e-03,-1.8082260871e-04,7.5843520461e-06,-7.4109168358e-13,
1.9749890075e+02,1.0048938224e+01,-2.8818942475e-03,1.8050908886e-04,-1.1200571889e-05,4.2596635248e-07,1.2616016186e-14,
2.6774239395e+02,1.0024773451e+01,-1.0261784682e-03,4.5675422357e-05,-2.1351772503e-06,6.2795191713e-08,-5.4161501833e-15,
l,4.0,1.0
3.5000000149e-02,7.0349998474e+00,1.4035000801e+01,2.1034999847e+01,2.8034999847e+01,
1.9928743726e+01,-2.0745577333e+00,5.8698131348e-01,-1.2506447110e-02,7.3771594329e-03,-1.0322568694e-03,3.5140953452e-05,
3.4606347946e+01,4.2772759385e+00,1.2117021017e+00,-3.3213151263e-01,4.0994378933e-02,-1.8939335807e-03,-5.3586503611e-10,
7.6613397143e+01,6.0543747146e+00,-5.2817997297e-03,5.8329370397e-04,-6.0898770735e-05,3.2443398661e-06,-3.1320047551e-12,
1.1884319320e+02,6.0200616867e+00,-1.0702010456e-03,4.3442827786e-05,1.0784523946e-07,-1.0012966080e-07,4.1529431179e-14,
1.6094468221e+02,6.0104526989e+00,-3.9901382352e-04,1.0784938193e-05,2.9984850008e-07,-3.9890153403e-08,2.4262786268e-14,
l,4.0,2.0
3.5000000149e-02,7.0349998474e+00,1.4035000801e+01,2.1034999847e+01,2.8034999847e+01,
1.9854342685e+01,-4.1547731633e+00,5.9804641546e-01,3.5208168702e-02,-1.2324308741e-02,2.8802291069e-03,-2.0266515514e-04,
2.7122673476e+01,6.7960745042e+00,4.9356169378e-01,-2.2661536334e-01,3.3719211379e-02,-1.7293376225e-03,3.4034856976e-10,
7.3087465872e+01,6.1098429328e+00,-1.1561940533e-02,1.2384652390e-03,-1.0225279093e-04,4.0695505266e-06,-8.5873513819e-13,
1.1553740259e+02,6.0381589395e+00,-2.2067258459e-03,1.3068503364e-04,-6.9407827702e-06,2.0759942177e-07,2.2300137655e-15,
1.5772807114e+02,6.0194065405e+00,-7.2787440744e-04,6.2358809438e-06,3.2938402830e-06,-2.4736749937e-07,9.5907351195e-15,
l,4.0,3.0
3.5000000149e-02,7.0349998474e+00,1.4035000801e+01,2.1034999847e+01,2.8034999847e+01,
1.9788476720e+01,-6.3249409094e+00,8.5487348058e-01,-1.0639804832e-01,3.8729687532e-02,-5.4281455393e-03,2.3799041257e-04,
1.0674543432e+01,2.0455613199e+00,5.7499335657e-03,-3.5348735253e-03,5.4416796493e-04,-2.8583516522e-05,1.1900232367e-11,
2.4889855513e+01,2.0144754435e+00,-1.1618690715e-03,8.8856512752e-05,-5.4240688612e-06,1.7562911644e-07,2.9665850578e-16,
3.8954650174e+01,2.0059248662e+00,-3.0571056322e-04,1.5765174457e-05,-7.3495607294e-07,2.0947330855e-08,-7.4020106221e-15,
5.2985139190e+01,2.0032025001e+00,-1.2128676471e-04,4.7800120433e-06,-1.9805776446e-07,5.5842237259e-09,-6.8787316967e-15,
l,4.0,4.0
3.5000000149e-02,7.0349998474e+00,1.4035000801e+01,2.1034999847e+01,2.8034999847e+01,
1.9704458792e+01,-8.3206087400e+00,8.0189450224e-01,9.3478239480e-03,-6.8495037216e-03,-8.2501696598e-05,3.9423074929e-05,
-9.2419879176e+00,-2.1760920565e+00,3.5078928192e-02,-5.3883098252e-03,5.0459634143e-04,-2.0421824647e-05,3.4471681754e-12,
-2.3735312094e+01,-2.0281903376e+00,2.3709811054e-03,-1.8799439139e-04,1.1668659194e-05,-3.7807656313e-07,1.7800816911e-14,
-3.7859272926e+01,-2.0111382673e+00,5.9277258541e-04,-3.1837622248e-05,1.5909226688e-06,-5.0139335816e-08,-1.2159618767e-15,
-5.1916133521e+01,-2.0059275980e+00,2.2945984984e-04,-9.1667746994e-06,3.8077100401e-07,-1.1418553857e-08,-1.4906938467e-15,
l,5.0,-5.0
3.5000000149e-02,7.0349998474e+00,1.4035000801e+01,2.1034999847e+01,2.8034999847e+01,
3.0362380526e+01,1.0397596964e+01,8.6721782081e-01,1.1213343755e-02,-2.7674664577e-03,3.4320466425e-04,-2.5012900879e-05,
1.4568495872e+02,2.1815206629e+01,8.5267028383e-01,-2.7047236592e-01,3.3864808212e-02,-1.5362309752e-03,-4.0228861036e-11,
3.0290244833e+02,2.2093543008e+01,-1.1786420670e-02,1.5348691376e-03,-1.4222220363e-04,5.9350901417e-06,-3.2042213323e-13,
4.5726429640e+02,2.2029667145e+01,-1.7685035214e-03,1.0173231666e-04,-4.5336242411e-06,1.0205081495e-07,5.1934950650e-14,
6.1141101412e+02,2.2014763805e+01,-5.5079520710e-04,4.1963741178e-07,3.0738983405e-06,-2.0732744115e-07,1.7801853689e-14,
l,5.0,-4.0
3.5000000149e-02,7.0349998474e+00,1.4035000801e+01,2.1034999847e+01,2.8034999847e+01,
3.0290388593e+01,8.3179327918e+00,7.5037277795e-01,-2.3419335982e-03,1.2245049199e-05,-1.3154049618e-04,2.0694472290e-06,
1.2289250944e+02,1.2786573856e+01,4.0545921941e+00,-1.2524187728e+00,1.7184515144e-01,-8.7045862456e-03,2.9553135686e-09,
2.4807130477e+02,1.8053883589e+01,-5.4296627000e-03,5.3538505557e-04,-4.0466583254e-05,1.5061816158e-06,-1.9310313983e-13,
3.7429415278e+02,1.8019040217e+01,-1.1292142696e-03,7.6623943705e-05,-5.2902613304e-06,2.0779033244e-07,2.5196009171e-14,
5.0038919725e+02,1.8009650774e+01,-3.1759751437e-04,-1.6621605038e-05,5.0265540034e-06,-3.2347882464e-07,-1.2857830557e-14,
l,5.0,-3.0
3.5000000149e-02,7.0349998474e+00,1.4035000801e+01,2.1034999847e+01,2.8034999847e+01,
3.0213903747e+01,6.2776986383e+00,5.9567589749e-01,3.2658628178e-02,-1.0816083834e-02,1.3695917487e-03,-4.2661621916e-05,
1.0663214592e+02,1.6164608039e+01,1.6789325160e+00,-3.5591598366e-01,2.9180437021e-02,-7.3856755022e-04,-7.6875887163e-10,
2.3755997789e+02,1.8234879893e+01,-3.0385511228e-02,3.6760105949e-03,-2.9556598128e-04,1.0543455108e-05,2.1734578934e-13,
3.6444362982e+02,1.8070765416e+01,-4.3018569645e-03,2.6058901409e-04,-1.3708986864e-05,4.1796709488e-07,-3.0607238236e-14,
4.9079168027e+02,1.8035000919e+01,-1.4900065162e-03,6.9610935241e-05,-3.5782624667e-06,1.1998623677e-07,-4.0079793330e-14,
l,5.0,-2.0
3.5000000149e-02,7.0349998474e+00,1.4035000801e+01,2.1034999847e+01,2.8034999847e+01,
3.0145066583e+01,4.1775821402e+00,5.7488672005e-01,2.2174885401e-03,-2.4029565439e-03,6.5352311258e-04,-4.6137979371e-05,
8.8021809884e+01,1.3566572419e+01,-1.3234860461e+00,7.3364873431e-01,-1.2973093627e-01,7.5753151760e-03,-3.2951462017e-09,
1.8525421138e+02,1.4123950755e+01,-1.3849734528e-02,1.6322504719e-03,-1.4599658920e-04,6.0888758868e-06,-7.4955121308e-13,
2.8375473943e+02,1.4042061873e+01,-2.4180370862e-03,1.3471470411e-04,-6.3955195215e-06,1.7895602431e-07,-8.5611243909e-14,
3.8196453385e+02,1.4021395456e+01,-8.9767342319e-04,4.1694181316e-05,-1.8718564310e-06,4.1118233567e-08,-3.4756142215e-14,
l,5.0,-1.0
3.5000000149e-02,7.0349998474e+00,1.4035000801e+01,2.1034999847e+01,2.8034999847e+01,
3.0072694739e+01,2.1060794243e+00,5.4169377890e-01,-5.3417947080e-03,2.5383629122e-03,-4.1914953955e-04,4.3224650040e-05,
7.3733729477e+01,1.1168175561e+01,1.8304401804e+00,-2.7854906680e-01,8.8857574314e-03,5.6614264707e-04,-1.0309980288e-09,
1.7680495057e+02,1.4317176593e+01,-4.4541235421e-02,6.0937381390e-03,-5.6275605658e-04,2.3016093746e-05,-3.1352755530e-12,
2.7596832700e+02,1.4091577531e+01,-5.5599670753e-03,3.1245844514e-04,-1.2253444775e-05,1.7699292213e-07,-2.2691903486e-13,
3.7441769885e+02,1.4045003931e+01,-1.8661233191e-03,6.7856565821e-05,-1.4543524176e-06,-1.2720539961e-09,2.2347223269e-14,
l,5.0,0.0
3.5000000149e-02,7.0349998474e+00,1.4035000801e+01,2.1034999847e+01,2.8034999847e+01,
3.0000099118e+01,4.2303383653e-02,5.1711965382e-01,9.2081355355e-03,-2.7471148271e-03,6.5206092920e-04,-4.4214760235e-05,
5.7717130932e+01,9.6472721446e+00,-1.0191761369e+00,5.1296718990e-01,-8.3573079526e-02,4.5459668264e-03,1.2322375913e-09,
1.2691482474e+02,1.0145642713e+01,-1.6610577614e-02,1.9981948883e-03,-1.8082260871e-04,7.5843520461e-06,-7.4109168358e-13,
1.9749890075e+02,1.0048938224e+01,-2.8818942475e-03,1.8050908886e-04,-1.1200571889e-05,4.2596635248e-07,1.2616016186e-14,
2.6774239395e+02,1.0024773451e+01,-1.0261784682e-03,4.5675422357e-05,-2.1351772503e-06,6.2795191713e-08,-5.4161501833e-15,
l,5.0,1.0
3.5000000149e-02,7.0349998474e+00,1.4035000801e+01,2.1034999847e+01,2.8034999847e+01,
2.9927490923e+01,-2.0226533635e+00,5.3405983596e-01,6.4822088865e-03,7.2870377285e-04,-2.9779928512e-04,3.9909934756e-05,
4.5669892400e+01,7.3130791262e+00,1.8009774880e+00,-2.8592790765e-01,1.1188762222e-02,4.1234854376e-04,-9.9531420204e-10,
1.2073078013e+02,1.0307467963e+01,-4.3034322195e-02,5.8863238034e-03,-5.4343245233e-04,2.2216625727e-05,-2.8333472588e-12,
1.9186156010e+02,1.0089466895e+01,-5.4883850030e-03,3.3724824186e-04,-1.8241362936e-05,5.7772831179e-07,3.7177863503e-14,
2.6230045344e+02,1.0044032199e+01,-1.8719117498e-03,8.2500031004e-05,-3.6902706415e-06,1.1258600347e-07,7.0000147322e-14,
l,5.0,2.0
3.5000000149e-02,7.0349998474e+00,1.4035000801e+01,2.1034999847e+01,2.8034999847e+01,
2.9856215560e+01,-4.0935126267e+00,5.8479947317e-01,5.2407788992e-03,1.2242506732e-04,1.3526204214e-04,-2.0408008155e-05,
3.1674099891e+01,5.4560913437e+00,-4.4174950909e-01,2.6565298845e-01,-4.4741262127e-02,2.4517246545e-03,9.8554114184e-10,
7.3087465872e+01,6.1098429328e+00,-1.1561940533e-02,1.2384652390e-03,-1.0225279093e-04,4.0695505266e-06,-8.5873513819e-13,
1.1553740259e+02,6.0381589395e+00,-2.2067258459e-03,1.3068503364e-04,-6.9407827702e-06,2.0759942177e-07,2.2300137655e-15,
1.5772807114e+02,6.0194065405e+00,-7.2787440744e-04,6.2358809438e-06,3.2938402830e-06,-2.4736749937e-07,9.5907351195e-15,
l,5.0,3.0
3.5000000149e-02,7.0349998474e+00,1.4035000801e+01,2.1034999847e+01,2.8034999847e+01,
2.9779700594e+01,-6.1191947635e+00,5.8858515892e-01,4.9734058242e-02,-1.4085163171e-02,2.1636783845e-03,-1.0873546086e-04,
2.2649586457e+01,4.6716383403e+00,1.4525611387e+00,-3.3244920063e-01,3.0204994855e-02,-9.3045035667e-04,-6.2729949349e-10,
6.9334883493e+01,6.2067617799e+00,-2.6138375146e-02,3.1837803339e-03,-2.6433628985e-04,9.8408360688e-06,-2.2180196851e-13,
1.1212413002e+02,6.0639725614e+00,-3.8455662785e-03,2.3270773372e-04,-1.2342979595e-05,3.7270339303e-07,-2.4523068382e-14,
1.5443998229e+02,6.0318087592e+00,-1.2754047624e-03,3.8367026745e-05,2.4620215944e-07,-7.0812852669e-08,5.0993639077e-14,
l,5.0,4.0
3.5000000149e-02,7.0349998474e+00,1.4035000801e+01,2.1034999847e+01,2.8034999847e+01,
2.9714410981e+01,-8.2368555155e+00,7.8588733253e-01,-2.0868391165e-02,4.5792693336e-03,3.4818646225e-05,-4.6741429711e-05,
9.4886344125e+00,1.8139201488e+00,1.6763707839e-01,-4.8269366844e-02,6.2254222481e-03,-3.0128027345e-04,8.3617926094e-11,
2.3735312094e+01,2.0281903376e+00,-2.3709811054e-03,1.8799439139e-04,-1.1668659194e-05,3.7807656313e-07,-1.7800816911e-14,
3.7859272926e+01,2.0111382673e+00,-5.9277258541e-04,3.1837622248e-05,-1.5909226688e-06,5.0139335816e-08,1.2159618767e-15,
5.1916133521e+01,2.0059275980e+00,-2.2945984984e-04,9.1667746994e-06,-3.8077100401e-07,1.1418553857e-08,1.4906938467e-15,
l,5.0,5.0
3.5000000149e-02,7.0349998474e+00,1.4035000801e+01,2.1034999847e+01,2.8034999847e+01,
2.9640362638e+01,-1.0281914777e+01,8.9238283457e-01,-2.4453063240e-02,5.6207166739e-03,-1.3970377200e-03,7.9960437770e-05,
-7.5727145689e+00,-2.3776399232e+00,8.6946143910e-02,-1.4634761412e-02,1.4412474618e-03,-5.9950247826e-05,1.0598519639e-11,
-2.2521658106e+01,-2.0486621769e+00,4.3177899558e-03,-3.5707046088e-04,2.2558134852e-05,-7.2767263110e-07,3.9279159282e-14,
-3.6731249403e+01,-2.0184525513e+00,1.0146391233e-03,-5.6545155106e-05,2.8916632541e-06,-8.9210106927e-08,6.9401137021e-15,
-5.0824648836e+01,-2.0096535415e+00,3.8028003671e-04,-1.4848137918e-05,5.2685939802e-07,-1.1606774185e-08,3.7956549432e-16,
l,6.0,-6.0
3.5000000149e-02,7.0349998474e+00,1.4035000801e+01,2.1034999847e+01,2.8034999847e+01,
4.2430951222e+01,1.2349701806e+01,8.9369622385e-01,6.2316609288e-03,-1.3583436874e-03,1.4656084809e-04,-1.0664707495e-05,
1.7279402382e+02,2.4361041249e+01,1.0179534783e+00,-1.4428596158e-01,2.6792083484e-03,4.4864857646e-04,-5.6826870186e-10,
3.5762395566e+02,2.6163456636e+01,-2.6169972261e-02,3.9667173466e-03,-3.8460462015e-04,1.6063120980e-05,-1.8658978316e-12,
5.4019256285e+02,2.6043789825e+01,-2.7426967672e-03,1.7187528570e-04,-9.0562727056e-06,2.6107752753e-07,-9.2002591895e-16,
7.2240628777e+02,2.6021296870e+01,-8.7470687162e-04,2.3822851675e-05,1.2521787389e-06,-1.4517322002e-07,1.0724818355e-14,
l,6.0,-5.0
3.5000000149e-02,7.0349998474e+00,1.4035000801e+01,2.1034999847e+01,2.8034999847e+01,
4.2359296811e+01,1.0292738316e+01,7.8090934270e-01,2.0834588307e-04,-4.9728520059e-04,-1.3976576298e-05,-2.8089813961e-06,
1.5105792517e+02,2.0942990784e+01,-1.7181844295e+00,1.0099075559e+00,-1.8223724188e-01,1.0778249490e-02,-6.5944344882e-09,
3.0290244833e+02,2.2093543008e+01,-1.1786420670e-02,1.5348691376e-03,-1.4222220363e-04,5.9350901417e-06,-3.2042213323e-13,
4.5726429640e+02,2.2029667145e+01,-1.7685035214e-03,1.0173231666e-04,-4.5336242411e-06,1.0205081495e-07,5.1934950650e-14,
6.1141101412e+02,2.2014763805e+01,-5.5079520710e-04,4.1963741178e-07,3.0738983405e-06,-2.0732744115e-07,1.7801853689e-14,
l,6.0,-4.0
3.5000000149e-02,7.0349998474e+00,1.4035000801e+01,2.1034999847e+01,2.8034999847e+01,
4.2287976444e+01,8.2340881769e+00,6.9607804931e-01,-9.7766284222e-03,2.8148813990e-03,-5.7663396227e-04,4.5676158539e-05,
1.3313423202e+02,1.8037490644e+01,9.6101963701e-01,1.4544352080e-01,-5.1787701751e-02,3.4242602522e-03,-3.6919796396e-10,
2.8950649642e+02,2.2469976225e+01,-8.9436983054e-02,1.5257396185e-02,-1.5773569015e-03,6.8341951154e-05,-6.9715062509e-12,
4.4500711607e+02,2.2109984518e+01,-7.0937090061e-03,4.6655328693e-04,-2.6784472705e-05,8.6716295431e-07,-3.5769826918e-14,
5.9953966602e+02,2.2052795740e+01,-2.3034822913e-03,1.0857919266e-04,-5.8959847715e-06,2.2803294919e-07,1.4830397094e-14,
l,6.0,-3.0
3.5000000149e-02,7.0349998474e+00,1.4035000801e+01,2.1034999847e+01,2.8034999847e+01,
4.2215212735e+01,6.1906405011e+00,6.0464983520e-01,3.7378684549e-03,-2.1572848790e-03,3.8860117338e-04,-2.0168296426e-05,
1.1515150146e+02,1.6077585356e+01,-2.2554549771e-01,1.1526727926e-01,-6.9276439400e-04,-1.0346494109e-03,6.6281895534e-09,
2.3755997789e+02,1.8234879893e+01,-3.0385511228e-02,3.6760105949e-03,-2.9556598128e-04,1.0543455108e-05,2.1734578934e-13,
3.6444362982e+02,1.8070765416e+01,-4.3018569645e-03,2.6058901409e-04,-1.3708986864e-05,4.1796709488e-07,-3.0607238236e-14,
4.9079168027e+02,1.8035000919e+01,-1.4900065162e-03,6.9610935241e-05,-3.5782624667e-06,1.1998623677e-07,-4.0079793330e-14,
l,6.0,-2.0
3.5000000149e-02,7.0349998474e+00,1.4035000801e+01,2.1034999847e+01,2.8034999847e+01,
4.2144647733e+01,4.1290788973e+00,5.7206702252e-01,-1.0286991854e-02,3.0287162619e-03,-3.9161090321e-04,2.6679333266e-05,
9.9353533499e+01,1.3025955273e+01,4.1873524897e-01,4.1202513786e-01,-8.6777412466e-02,4.8828030479e-03,5.8641456887e-11,
2.2605481879e+02,1.8728311276e+01,-1.5385673195e-01,2.7471877698e-02,-2.8739607847e-03,1.2452463335e-04,-1.1037664279e-11,
3.5422697656e+02,1.8152366143e+01,-9.9460783151e-03,6.4596121489e-04,-3.5358744184e-05,1.0729666326e-06,-4.0977587156e-14,
4.8096086001e+02,1.8072384165e+01,-3.1900254457e-03,1.4148900800e-04,-5.5007397012e-06,1.1672974239e-07,4.4451212673e-14,
l,6.0,-1.0
3.5000000149e-02,7.0349998474e+00,1.4035000801e+01,2.1034999847e+01,2.8034999847e+01,
4.2072033788e+01,2.0876763783e+00,5.2519264135e-01,2.4122075708e-03,-7.6681637488e-04,2.3579889070e-04,-1.2939111626e-05,
8.4004929749e+01,9.1597977488e+00,2.1903412180e+00,-7.0381590104e-01,1.1651641578e-01,-6.9833091069e-03,4.8546429287e-10,
1.7680495057e+02,1.4317176593e+01,-4.4541235421e-02,6.0937381390e-03,-5.6275605658e-04,2.3016093746e-05,-3.1352755530e-12,
2.7596832700e+02,1.4091577531e+01,-5.5599670753e-03,3.1245844514e-04,-1.2253444775e-05,1.7699292213e-07,-2.2691903486e-13,
3.7441769885e+02,1.4045003931e+01,-1.8661233191e-03,6.7856565821e-05,-1.4543524176e-06,-1.2720539961e-09,2.2347223269e-14,
l,6.0,0.0
3.5000000149e-02,7.0349998474e+00,1.4035000801e+01,2.1034999847e+01,2.8034999847e+01,
4.2001190042e+01,3.1633231730e-02,5.2930366568e-01,-6.4583456563e-03,2.8286216205e-03,-3.5932317759e-04,2.3573207327e-05,
6.9425860712e+01,8.8029194883e+00,2.4418214254e-01,4.7580944878e-01,-9.3031226411e-02,5.0378439515e-03,2.4456819038e-10,
1.6750199543e+02,1.4818630820e+01,-1.7780591045e-01,3.2048245232e-02,-3.3549604637e-03,1.4509290410e-04,-1.2578186370e-11,
2.6789303953e+02,1.4165409769e+01,-1.0862985305e-02,7.1559362280e-04,-4.0664974049e-05,1.3125810806e-06,-4.4166642641e-14,
3.6668841725e+02,1.4078350423e+01,-3.4732909967e-03,1.5939576356e-04,-7.1605888628e-06,2.0971868587e-07,1.8371971648e-14,
l,6.0,1.0
3.5000000149e-02,7.0349998474e+00,1.4035000801e+01,2.1034999847e+01,2.8034999847e+01,
4.1928646431e+01,-2.0070600050e+00,5.2460338786e-01,6.2728712500e-03,-9.8831422707e-04,2.1427594606e-04,-1.1298629592e-05,
5.5809743273e+01,5.2692899447e+00,1.9895146058e+00,-5.6661451416e-01,8.6315565794e-02,-4.9088776970e-03,-1.4334347787e-09,
1.2073078013e+02,1.0307467963e+01,-4.3034322195e-02,5.8863238034e-03,-5.4343245233e-04,2.2216625727e-05,-2.8333472588e-12,
1.9186156010e+02,1.0089466895e+01,-5.4883850030e-03,3.3724824186e-04,-1.8241362936e-05,5.7772831179e-07,3.7177863503e-14,
2.6230045344e+02,1.0044032199e+01,-1.8719117498e-03,8.2500031004e-05,-3.6902706415e-06,1.1258600347e-07,7.0000147322e-14,
l,6.0,2.0
3.5000000149e-02,7.0349998474e+00,1.4035000801e+01,2.1034999847e+01,2.8034999847e+01,
4.1858044671e+01,-4.0620036393e+00,5.7402090678e-01,-5.9037979209e-03,3.5120690061e-03,-5.4229949509e-04,3.5129102609e-05,
4.2957591397e+01,5.1591575646e+00,5.2293002380e-01,3.6491917893e-01,-8.0598679650e-02,4.6192115992e-03,4.5270796393e-13,
1.1393974286e+02,1.0689613518e+01,-1.4352570427e-01,2.5488187096e-02,-2.6642901788e-03,1.1553164738e-04,-1.0713627301e-11,
1.8601919402e+02,1.0147040782e+01,-9.5264574962e-03,6.0876079314e-04,-3.2420965922e-05,9.5317258819e-07,-2.4413971520e-14,
2.5672864464e+02,1.0070075291e+01,-3.0725105956e-03,1.3484496391e-04,-5.1649606437e-06,1.0741445921e-07,2.5098326903e-14,
l,6.0,3.0
3.5000000149e-02,7.0349998474e+00,1.4035000801e+01,2.1034999847e+01,2.8034999847e+01,
4.1785477423e+01,-6.0973530031e+00,6.0959706513e-01,6.9964074709e-03,-1.1528473984e-03,2.5411230875e-04,-1.7999083655e-05,
3.0853427598e+01,2.5085981924e+00,1.4291944137e+00,-3.8320798494e-01,5.6700268478e-02,-3.2096965963e-03,-3.3222029542e-10,
6.9334883493e+01,6.2067617799e+00,-2.6138375146e-02,3.1837803339e-03,-2.6433628985e-04,9.8408360688e-06,-2.2180196851e-13,
1.1212413002e+02,6.0639725614e+00,-3.8455662785e-03,2.3270773372e-04,-1.2342979595e-05,3.7270339303e-07,-2.4523068382e-14,
1.5443998229e+02,6.0318087592e+00,-1.2754047624e-03,3.8367026745e-05,2.4620215944e-07,-7.0812852669e-08,5.0993639077e-14,
l,6.0,4.0
3.5000000149e-02,7.0349998474e+00,1.4035000801e+01,2.1034999847e+01,2.8034999847e+01,
4.1713984835e+01,-8.1412185773e+00,6.8620355265e-01,2.4211062400e-03,2.3417131478e-04,-3.7376199419e-05,1.0634716843e-05,
2.0371309515e+01,2.7216641215e+00,1.0008825730e+00,5.9707678922e-02,-3.6296501158e-02,2.5901721482e-03,-3.2661459724e-10,
6.5262573633e+01,6.4039043237e+00,-7.3229168153e-02,1.2212208886e-02,-1.2534824104e-03,5.4232503192e-05,-5.8424190054e-12,
1.0859112633e+02,6.0994046423e+00,-6.2599126955e-03,3.9528208995e-04,-2.1774793434e-05,6.9225283586e-07,-5.4188217013e-14,
1.5107514704e+02,6.0482242020e+00,-2.0884630892e-03,9.8760559466e-05,-5.3713954649e-06,2.0372030601e-07,4.9873601923e-15,
l,6.0,5.0
3.5000000149e-02,7.0349998474e+00,1.4035000801e+01,2.1034999847e+01,2.8034999847e+01,
4.1641470658e+01,-1.0172166432e+01,7.5737925719e-01,1.9243006015e-02,-7.8673907366e-03,1.4382610818e-03,-8.8908456641e-05,
8.9722553590e+00,7.4707944862e-01,6.6747007503e-01,-1.5704019374e-01,1.7676770511e-02,-7.7191624835e-04,5.8207390139e-11,
2.2521658106e+01,2.0486621769e+00,-4.3177899558e-03,3.5707046088e-04,-2.2558134852e-05,7.2767263110e-07,-3.9279159282e-14,
3.6731249403e+01,2.0184525513e+00,-1.0146391233e-03,5.6545155106e-05,-2.8916632541e-06,8.9210106927e-08,-6.9401137021e-15,
5.0824648836e+01,2.0096535415e+00,-3.8028003671e-04,1.4848137918e-05,-5.2685939802e-07,1.1606774185e-08,-3.7956549432e-16,
l,6.0,6.0
3.5000000149e-02,7.0349998474e+00,1.4035000801e+01,2.1034999847e+01,2.8034999847e+01,
4.1572132917e+01,-1.2232194118e+01,9.1248714301e-01,-1.7489384677e-02,3.6153039003e-03,-7.5200144648e-04,3.2504284674e-05,
-5.4745817977e+00,-2.7902795454e+00,2.0385033841e-01,-3.5855022283e-02,3.5646612203e-03,-1.4777993169e-04,2.2152480904e-11,
-2.1238769546e+01,-2.0781963296e+00,7.3809770115e-03,-6.4434298794e-04,4.2179765347e-05,-1.3848138449e-06,7.1104271231e-14,
-3.5567465893e+01,-2.0282635781e+00,1.6004562683e-03,-8.9000656377e-05,4.2053662074e-06,-1.1213120722e-07,2.2480111912e-15,
-4.9709201221e+01,-2.0145259518e+00,5.9449720861e-04,-2.6283799823e-05,1.2405468683e-06,-3.8485517531e-08,-3.4295196534e-15,
l,7.0,-7.0
3.5000000149e-02,7.0349998474e+00,1.4035000801e+01,2.1034999847e+01,2.8034999847e+01,
5.6499811958e+01,1.4314350434e+01,9.1138752163e-01,3.7787037590e-03,-7.2200727495e-04,6.5152147703e-05,-4.7924029076e-06,
2.0143753699e+02,2.7048804307e+01,6.4080212151e-01,9.4948677681e-02,-3.1806607337e-02,2.0114817188e-03,3.3604126675e-11,
4.1216314028e+02,3.0320978629e+01,-7.2631526238e-02,1.3318012277e-02,-1.4007113920e-03,6.0633412207e-05,-5.4090796120e-12,
6.2307386840e+02,3.0062136264e+01,-4.0246515805e-03,2.4422913782e-04,-1.0963365306e-05,2.3285428791e-07,-1.6137621410e-14,
8.3337301652e+02,3.0029199876e+01,-9.9278323296e-04,-7.3607985978e-05,2.0874109400e-05,-1.3796456984e-06,-2.9392833671e-13,
l,7.0,-6.0
3.5000000149e-02,7.0349998474e+00,1.4035000801e+01,2.1034999847e+01,2.8034999847e+01,
5.6428473160e+01,1.2270919025e+01,8.0645617277e-01,7.7023578540e-04,-4.9964865013e-04,9.6471216185e-06,-2.8064977573e-06,
1.8012923890e+02,2.5936308160e+01,-2.4131217822e+00,8.9982058316e-01,-1.1648066394e-01,5.0533108174e-03,8.0891194967e-09,
3.5762395566e+02,2.6163456636e+01,-2.6169972261e-02,3.9667173466e-03,-3.8460462015e-04,1.6063120980e-05,-1.8658978316e-12,
5.4019256285e+02,2.6043789825e+01,-2.7426967672e-03,1.7187528570e-04,-9.0562727056e-06,2.6107752753e-07,-9.2002591895e-16,
7.2240628777e+02,2.6021296870e+01,-8.7470687162e-04,2.3822851675e-05,1.2521787389e-06,-1.4517322002e-07,1.0724818355e-14,
l,7.0,-5.0
3.5000000149e-02,7.0349998474e+00,1.4035000801e+01,2.1034999847e+01,2.8034999847e+01,
5.6357499445e+01,1.0225506062e+01,7.2390482620e-01,-5.9023841336e-03,1.5029028874e-03,-3.1146525563e-04,2.1834092157e-05,
1.6227449980e+02,2.0385844224e+01,2.1998513463e-01,3.5355072238e-01,-5.8780911884e-02,2.6688432895e-03,5.2495552363e-10,
3.4079552505e+02,2.7041285185e+01,-2.6067879274e-01,4.7913989388e-02,-4.9026029166e-03,2.0570271095e-04,-1.3245587014e-11,
5.2542872902e+02,2.6162575637e+01,-1.1120391351e-02,7.7519510815e-04,-4.6348615525e-05,1.5323025671e-06,-5.5871527387e-15,
7.0820221412e+02,2.6075295420e+01,-3.2484992610e-03,1.0363111897e-04,1.2247556525e-06,-2.5039448088e-07,-3.6805139069e-14,
l,7.0,-4.0
3.5000000149e-02,7.0349998474e+00,1.4035000801e+01,2.1034999847e+01,2.8034999847e+01,
5.6285620621e+01,8.1894549613e+00,6.4197397345e-01,-2.6117446819e-05,-5.9194203987e-04,7.9521113193e-05,-1.7639715734e-06,
1.4518206006e+02,1.4795198136e+01,3.3788898835e+00,-1.0962471133e+00,1.7141537794e-01,-9.5437736036e-03,-5.8264585246e-09,
2.8950649642e+02,2.2469976225e+01,-8.9436983054e-02,1.5257396185e-02,-1.5773569015e-03,6.8341951154e-05,-6.9715062509e-12,
4.4500711607e+02,2.2109984518e+01,-7.0937090061e-03,4.6655328693e-04,-2.6784472705e-05,8.6716295431e-07,-3.5769826918e-14,
5.9953966602e+02,2.2052795740e+01,-2.3034822913e-03,1.0857919266e-04,-5.8959847715e-06,2.2803294919e-07,1.4830397094e-14,
l,7.0,-3.0
3.5000000149e-02,7.0349998474e+00,1.4035000801e+01,2.1034999847e+01,2.8034999847e+01,
5.6214595368e+01,6.1472378746e+00,5.8994614780e-01,-3.4134420546e-03,6.7003453139e-04,-6.6165637376e-05,6.0073321759e-06,
1.2810588100e+02,1.5132343793e+01,7.7711452666e-02,3.0875425302e-01,-3.3271898810e-02,5.9919995470e-04,1.0477130029e-09,
2.7404591357e+02,2.3782140351e+01,-4.5691852924e-01,8.0426650893e-02,-7.7685606635e-03,3.0838105872e-04,-7.4345218197e-12,
4.3224613066e+02,2.2236162553e+01,-1.6443371605e-02,1.1262756710e-03,-6.2460229169e-05,1.8386861306e-06,8.3644825120e-15,
5.8736080831e+02,2.2107906420e+01,-4.9335709024e-03,2.2824276639e-04,-9.5397160208e-06,2.4141110951e-07,2.9016411702e-15,
l,7.0,-2.0
3.5000000149e-02,7.0349998474e+00,1.4035000801e+01,2.1034999847e+01,2.8034999847e+01,
5.6143119193e+01,4.1102063832e+00,5.4675427982e-01,-1.0349474682e-03,1.6618706577e-04,4.2943133682e-05,-1.2357551576e-06,
1.1235306642e+02,1.2273521206e+01,3.7899672909e-01,2.5539874188e-01,-6.5217280461e-02,4.6968423172e-03,-3.4145677956e-09,
2.2605481879e+02,1.8728311276e+01,-1.5385673195e-01,2.7471877698e-02,-2.8739607847e-03,1.2452463335e-04,-1.1037664279e-11,
3.5422697656e+02,1.8152366143e+01,-9.9460783151e-03,6.4596121489e-04,-3.5358744184e-05,1.0729666326e-06,-4.0977587156e-14,
4.8096086001e+02,1.8072384165e+01,-3.1900254457e-03,1.4148900800e-04,-5.5007397012e-06,1.1672974239e-07,4.4451212673e-14,
l,7.0,-1.0
3.5000000149e-02,7.0349998474e+00,1.4035000801e+01,2.1034999847e+01,2.8034999847e+01,
5.6072071055e+01,2.0715026228e+00,5.2492317458e-01,-1.9810887261e-03,8.2056981872e-04,-4.8070015463e-05,3.6532853380e-06,
9.7137764446e+01,1.0443662065e+01,2.4130861171e-01,1.9231791968e-01,-8.1796337016e-03,-9.5449653972e-04,1.0868901983e-09,
2.1248574830e+02,2.0209164605e+01,-5.5772175060e-01,9.3608915848e-02,-8.5588185935e-03,3.2189455735e-04,7.0772317096e-12,
3.4358864910e+02,1.8274143656e+01,-1.9762469897e-02,1.5244865244e-03,-1.0514396508e-04,3.9432376977e-06,-2.5712374041e-13,
4.7087591891e+02,1.8124071107e+01,-5.6660785739e-03,2.5285572809e-04,-9.5967898134e-06,2.1271791776e-07,-3.3475949518e-14,
l,7.0,0.0
3.5000000149e-02,7.0349998474e+00,1.4035000801e+01,2.1034999847e+01,2.8034999847e+01,
5.6000594791e+01,3.6375550271e-02,5.1482134422e-01,4.3148916679e-04,3.5817066621e-04,1.5931869441e-05,-1.6606826777e-07,
8.2578332230e+01,8.9631890401e+00,-6.2247894909e-01,6.3371756658e-01,-1.2086654291e-01,7.4955271672e-03,1.4396155600e-09,
1.6750199543e+02,1.4818630820e+01,-1.7780591045e-01,3.2048245232e-02,-3.3549604637e-03,1.4509290410e-04,-1.2578186370e-11,
2.6789303953e+02,1.4165409769e+01,-1.0862985305e-02,7.1559362280e-04,-4.0664974049e-05,1.3125810806e-06,-4.4166642641e-14,
3.6668841725e+02,1.4078350423e+01,-3.4732909967e-03,1.5939576356e-04,-7.1605888628e-06,2.0971868587e-07,1.8371971648e-14,
l,7.0,1.0
3.5000000149e-02,7.0349998474e+00,1.4035000801e+01,2.1034999847e+01,2.8034999847e+01,
5.5929561058e+01,-1.9998477275e+00,5.2500053004e-01,-8.3564896465e-05,8.0096755743e-04,-7.0639853242e-05,5.0129436399e-06,
6.8882841968e+01,6.5017301087e+00,2.2881277634e-01,2.0290256965e-01,-1.0557079774e-02,-8.0442641882e-04,1.0823061349e-09,
1.5646745512e+02,1.6169160336e+01,-5.4822673720e-01,9.2396736430e-02,-8.4908648192e-03,3.2098850061e-04,5.6519701124e-12,
2.5948753225e+02,1.4270769688e+01,-1.9071635010e-02,1.3288389388e-03,-7.6202253913e-05,2.3730638892e-06,-1.1471985425e-13,
3.5876107752e+02,1.4122797716e+01,-5.6017301963e-03,2.5079204299e-04,-9.8943982129e-06,2.4975034278e-07,-1.0063612466e-14,
l,7.0,2.0
3.5000000149e-02,7.0349998474e+00,1.4035000801e+01,2.1034999847e+01,2.8034999847e+01,
5.5858115155e+01,-4.0326458099e+00,5.4715863641e-01,2.1876515643e-03,2.1296182087e-04,1.8778097696e-07,8.5536618536e-07,
5.5673671057e+01,5.1320953687e+00,-3.5247475486e-01,4.9969509141e-01,-9.5849950736e-02,5.8695216605e-03,1.5206731402e-09,
1.1393974286e+02,1.0689613518e+01,-1.4352570427e-01,2.5488187096e-02,-2.6642901788e-03,1.1553164738e-04,-1.0713627301e-11,
1.8601919402e+02,1.0147040782e+01,-9.5264574962e-03,6.0876079314e-04,-3.2420965922e-05,9.5317258819e-07,-2.4413971520e-14,
2.5672864464e+02,1.0070075291e+01,-3.0725105956e-03,1.3484496391e-04,-5.1649606437e-06,1.0741445921e-07,2.5098326903e-14,
l,7.0,3.0
3.5000000149e-02,7.0349998474e+00,1.4035000801e+01,2.1034999847e+01,2.8034999847e+01,
5.5787182567e+01,-6.0678153434e+00,5.9190077464e-01,-4.6170100487e-04,1.0747203856e-03,-1.4386154024e-04,8.9918271473e-06,
4.3302205381e+01,3.2906465836e+00,1.0193282571e-01,3.2055706982e-01,-3.8310483430e-02,9.8604976065e-04,9.4798476352e-10,
1.0597650899e+02,1.1665057922e+01,-4.2553944657e-01,7.5410082049e-02,-7.3517723285e-03,2.9464189461e-04,-9.7306283109e-12,
1.7994356343e+02,1.0226645396e+01,-1.5606191785e-02,1.0456589196e-03,-5.6038552516e-05,1.5919758597e-06,-5.4834636553e-14,
2.5101622548e+02,1.0104083104e+01,-4.7408493212e-03,2.1979770019e-04,-9.3008140529e-06,2.3437707880e-07,-9.8090044322e-15,
l,7.0,4.0
3.5000000149e-02,7.0349998474e+00,1.4035000801e+01,2.1034999847e+01,2.8034999847e+01,
5.5715654856e+01,-8.0964998862e+00,6.4276298277e-01,3.6892606254e-03,-5.9413215000e-04,1.2426082137e-04,-7.3038673723e-06,
3.1574145372e+01,1.6077449013e+00,3.5910312135e-01,1.8139873493e-01,-4.4464898048e-02,2.9541803670e-03,-4.3723046057e-10,
6.5262573633e+01,6.4039043237e+00,-7.3229168153e-02,1.2212208886e-02,-1.2534824104e-03,5.4232503192e-05,-5.8424190054e-12,
1.0859112633e+02,6.0994046423e+00,-6.2599126955e-03,3.9528208995e-04,-2.1774793434e-05,6.9225283586e-07,-5.4188217013e-14,
1.5107514704e+02,6.0482242020e+00,-2.0884630892e-03,9.8760559466e-05,-5.3713954649e-06,2.0372030601e-07,4.9873601923e-15,
l,7.0,5.0
3.5000000149e-02,7.0349998474e+00,1.4035000801e+01,2.1034999847e+01,2.8034999847e+01,
5.5644860026e+01,-1.0130321266e+01,7.2153413671e-01,-1.5225367573e-03,7.1361934070e-04,-1.0176200362e-04,9.8569435351e-06,
2.0698373636e+01,7.0605976371e-01,6.0482026135e-01,2.1592784819e-01,-4.3459210474e-02,2.1179146816e-03,3.7580809743e-10,
6.0630213324e+01,6.8728810451e+00,-2.1164337062e-01,3.8760427585e-02,-3.9824614918e-03,1.6797788665e-04,-1.1134138181e-11,
1.0492343320e+02,6.1469865446e+00,-9.7914917414e-03,6.5717355378e-04,-3.7747895843e-05,1.2084272255e-06,-1.5191702480e-14,
1.4762758663e+02,6.0691810316e+00,-3.1005443113e-03,1.4515535748e-04,-6.4508353489e-06,1.7347044738e-07,5.0875608209e-15,
l,7.0,6.0
3.5000000149e-02,7.0349998474e+00,1.4035000801e+01,2.1034999847e+01,2.8034999847e+01,
5.5572429942e+01,-1.2148495356e+01,7.8913567963e-01,1.2360119902e-02,-4.7349002281e-03,7.1626983069e-04,-3.5922230255e-05,
9.9066534214e+00,-9.8740380140e-01,1.0315937911e+00,-1.5376383789e-01,9.5833610945e-03,-1.5180306078e-04,-2.6047818617e-10,
2.1238780657e+01,2.0781744213e+00,-7.3663100518e-03,6.3998973758e-04,-4.1589977643e-05,1.3550449912e-06,-6.5267772225e-14,
3.5567465893e+01,2.0282635781e+00,-1.6004562683e-03,8.9000656377e-05,-4.2053662074e-06,1.1213120722e-07,-2.2480111912e-15,
4.9709201221e+01,2.0145259518e+00,-5.9449720861e-04,2.6283799823e-05,-1.2405468683e-06,3.8485517531e-08,3.4295196534e-15,
l,7.0,7.0
3.5000000149e-02,7.0349998474e+00,1.4035000801e+01,2.1034999847e+01,2.8034999847e+01,
5.5502693605e+01,-1.4188934356e+01,9.1662463351e-01,-6.6663398498e-03,5.6345304851e-04,-1.7514661209e-04,1.0773065184e-06,
-2.6551710260e+00,-3.5499821574e+00,4.0319268062e-01,-6.6679532173e-02,6.1218937176e-03,-2.3528212376e-04,1.3403155454e-11,
-1.9873243423e+01,-2.1202681406e+00,1.2196267636e-02,-1.1353485334e-03,7.7744574271e-05,-2.6217895319e-06,1.2968935877e-13,
-3.4364296598e+01,-2.0410672660e+00,2.4054447951e-03,-1.3699523977e-04,6.5583625506e-06,-1.7896882699e-07,-2.5944959835e-15,
-4.8568148563e+01,-2.0206649257e+00,8.5618087046e-04,-3.5828151182e-05,1.4248374047e-06,-3.6945526364e-08,-2.2257331208e-15,
l,8.0,-8.0
3.5000000149e-02,7.0349998474e+00,1.4035000801e+01,2.1034999847e+01,2.8034999847e+01,
7.2420800242e+01,2.0238652780e+01,-1.0500234313e+01,1.0335424286e+01,-3.6954725351e+00,5.3162713838e-01,-2.6998377501e-02,
1.3332818556e+02,9.5966195893e-03,1.2918067667e-02,-5.4579907017e-03,8.6992628217e-04,-4.6650540129e-05,-1.0782459258e-11,
1.3345341228e+02,2.7981755335e-02,-5.1094790245e-03,9.4407900803e-04,-7.4900248721e-05,1.2977661771e-06,8.4020963020e-13,
1.3355769203e+02,3.4982457260e-02,-2.5698996217e-02,1.0292742791e-02,-1.7107746700e-03,9.7364276072e-05,3.3657062465e-11,
1.3360408157e+02,5.4915069102e-02,-4.1897345856e-02,1.7076616488e-02,-3.0398400291e-03,1.8678277117e-04,1.4512695652e-11,
l,8.0,-7.0
3.5000000149e-02,7.0349998474e+00,1.4035000801e+01,2.1034999847e+01,2.8034999847e+01,
7.2497809258e+01,1.4252474841e+01,8.2735048400e-01,7.6765279584e-04,-3.9906901381e-04,1.0280394400e-05,-2.0175339923e-06,
2.1239095905e+02,2.2910461561e+01,4.0004643349e+00,-1.5720018646e+00,2.7506058077e-01,-1.6578863575e-02,9.9280079594e-10,
4.1216314028e+02,3.0320978629e+01,-7.2631526238e-02,1.3318012277e-02,-1.4007113920e-03,6.0633412207e-05,-5.4090796120e-12,
6.2307386840e+02,3.0062136264e+01,-4.0246515805e-03,2.4422913782e-04,-1.0963365306e-05,2.3285428791e-07,-1.6137621410e-14,
8.3337301652e+02,3.0029199876e+01,-9.9278323296e-04,-7.3607985978e-05,2.0874109400e-05,-1.3796456984e-06,-2.9392833671e-13,
l,8.0,-6.0
3.5000000149e-02,7.0349998474e+00,1.4035000801e+01,2.1034999847e+01,2.8034999847e+01,
7.2426880430e+01,1.2217509203e+01,7.4609796355e-01,-2.3246455554e-03,4.1440478060e-04,-1.2069879613e-04,8.1619990590e-06,
1.9359745784e+02,2.2501385442e+01,4.3189949975e-01,1.0966098665e-01,-1.5400184024e-03,-9.1456911789e-04,6.1797976597e-10,
3.9088137719e+02,3.2105141124e+01,-4.8022834324e-01,6.5031742047e-02,-4.3401098406e-03,1.0181426089e-04,4.3450810056e-11,
6.0568764635e+02,3.0232774980e+01,-1.7119267834e-02,1.3058029422e-03,-8.5241150888e-05,3.0024823523e-06,-2.7889321299e-13,
8.1677186193e+02,3.0103690557e+01,-4.7084639465e-03,1.7507845174e-04,-2.7830403200e-07,-3.5622164245e-07,-1.8591421166e-13,
l,8.0,-5.0
3.5000000149e-02,7.0349998474e+00,1.4035000801e+01,2.1034999847e+01,2.8034999847e+01,
7.2355663128e+01,1.0186177914e+01,6.7254888586e-01,-1.0160513992e-03,-1.1210309595e-04,-1.0379203901e-05,2.3446844888e-06,
1.7584451905e+02,2.1010445456e+01,-1.4496614160e+00,1.0159525570e+00,-1.9452483275e-01,1.2397453620e-02,1.7347748415e-09,
3.4079552505e+02,2.7041285185e+01,-2.6067879274e-01,4.7913989388e-02,-4.9026029166e-03,2.0570271095e-04,-1.3245587014e-11,
5.2542872902e+02,2.6162575637e+01,-1.1120391351e-02,7.7519510815e-04,-4.6348615525e-05,1.5323025671e-06,-5.5871527387e-15,
7.0820221412e+02,2.6075295420e+01,-3.2484992610e-03,1.0363111897e-04,1.2247556525e-06,-2.5039448088e-07,-3.6805139069e-14,
l,8.0,-4.0
3.5000000149e-02,7.0349998474e+00,1.4035000801e+01,2.1034999847e+01,2.8034999847e+01,
7.2284654848e+01,8.1540539364e+00,6.1505949406e-01,-1.5562843945e-03,1.1445745357e-04,-1.0771788388e-05,2.1873414044e-06,
1.5933419596e+02,1.6647131162e+01,9.0360413847e-01,-1.4559473978e-01,4.3726563952e-02,-3.2804167697e-03,5.3254602663e-11,
3.2006752954e+02,2.9084576981e+01,-4.1519709692e-01,-1.5238963288e-02,9.6356815063e-03,-6.7041690937e-04,1.7713889205e-10,
5.0998657356e+02,2.6352710795e+01,-2.7654208953e-02,2.3682502280e-03,-1.7575537113e-04,6.7850495078e-06,-7.8847449776e-13,
6.9360466964e+02,2.6153133018e+01,-7.2715037360e-03,3.5229632512e-04,-1.6029471355e-05,4.6779460566e-07,-3.3026676827e-14,
l,8.0,-3.0
3.5000000149e-02,7.0349998474e+00,1.4035000801e+01,2.1034999847e+01,2.8034999847e+01,
7.2213598903e+01,6.1233426155e+00,5.6960008864e-01,-1.1871617607e-03,1.4940107990e-04,1.1829052475e-05,4.5790925416e-07,
1.4310134931e+02,1.4739113306e+01,2.4169717152e-01,1.3927650110e-01,-1.1669139365e-02,-3.0342557305e-04,3.5267133530e-09,
2.7404591357e+02,2.3782140351e+01,-4.5691852924e-01,8.0426650893e-02,-7.7685606635e-03,3.0838105872e-04,-7.4345218197e-12,
4.3224613066e+02,2.2236162553e+01,-1.6443371605e-02,1.1262756710e-03,-6.2460229169e-05,1.8386861306e-06,8.3644825120e-15,
5.8736080831e+02,2.2107906420e+01,-4.9335709024e-03,2.2824276639e-04,-9.5397160208e-06,2.4141110951e-07,2.9016411702e-15,
l,8.0,-2.0
3.5000000149e-02,7.0349998474e+00,1.4035000801e+01,2.1034999847e+01,2.8034999847e+01,
7.2142623710e+01,4.0930274692e+00,5.3793789488e-01,-1.2013104498e-03,3.6034557916e-04,-1.7965566079e-06,8.0527548220e-07,
1.2771572353e+02,1.1699565349e+01,1.0747211010e+00,-2.1505818957e-01,5.1254308153e-02,-3.3640397287e-03,-4.5794295779e-10,
2.5497140912e+02,2.5349732570e+01,-1.1426879518e-01,-1.3694110754e-01,2.7093291819e-02,-1.5507867458e-03,2.6286877273e-10,
4.1888800607e+02,2.2431086552e+01,-3.5408721948e-02,3.2587970773e-03,-2.5587990644e-04,1.0127842550e-05,-9.6004187179e-13,
5.7484392763e+02,2.2183758335e+01,-8.8369679148e-03,4.3431245730e-04,-1.9979353963e-05,5.8330087050e-07,-2.2543442738e-14,
l,8.0,-1.0
3.5000000149e-02,7.0349998474e+00,1.4035000801e+01,2.1034999847e+01,2.8034999847e+01,
7.2071733844e+01,2.0639992617e+00,5.1849099208e-01,-5.9519271249e-04,3.8883964872e-04,6.4866600258e-07,4.2616203457e-07,
1.1286527087e+02,8.9879916135e+00,1.6337161209e+00,-4.2894906968e-01,8.3002258333e-02,-5.6488270754e-03,-3.5258662175e-09,
2.1248574830e+02,2.0209164605e+01,-5.5772175060e-01,9.3608915848e-02,-8.5588185935e-03,3.2189455735e-04,7.0772317096e-12,
3.4358864910e+02,1.8274143656e+01,-1.9762469897e-02,1.5244865244e-03,-1.0514396508e-04,3.9432376977e-06,-2.5712374041e-13,
4.7087591891e+02,1.8124071107e+01,-5.6660785739e-03,2.5285572809e-04,-9.5967898134e-06,2.1271791776e-07,-3.3475949518e-14,
l,8.0,0.0
3.5000000149e-02,7.0349998474e+00,1.4035000801e+01,2.1034999847e+01,2.8034999847e+01,
7.2000642318e+01,3.5712085969e-02,5.1222120252e-01,-1.1309122667e-04,4.3746350872e-04,-9.4227854863e-06,9.2554368353e-07,
9.8361240080e+01,7.4475373371e+00,1.0906791289e+00,-2.1755584496e-01,5.0093209540e-02,-3.1878131432e-03,-5.6754728352e-10,
1.9593301551e+02,2.1357888887e+01,2.0946618626e-02,-1.8417352278e-01,3.3472488111e-02,-1.8603615329e-03,2.8041011010e-10,
3.3245051666e+02,1.8455402541e+01,-3.7356013992e-02,3.3275371493e-03,-2.4646824884e-04,9.2182713223e-06,-1.5858745001e-13,
4.6051221590e+02,1.8193307755e+01,-9.3875103964e-03,4.8435465502e-04,-2.4960263421e-05,8.1970099666e-07,-3.3213703349e-15,
l,8.0,1.0
3.5000000149e-02,7.0349998474e+00,1.4035000801e+01,2.1034999847e+01,2.8034999847e+01,
7.1929783271e+01,-1.9915018545e+00,5.1853378132e-01,5.6716554804e-04,3.7633627821e-04,-9.9555058340e-06,9.9299348649e-07,
8.4439016160e+01,5.8835306686e+00,6.0002622174e-01,2.9988696626e-02,-1.2359956869e-03,-2.3132682855e-04,9.7498370336e-11,
1.5707419823e+02,1.4646932720e+01,6.1668877209e-01,-2.8382416007e-01,4.5520144073e-02,-2.5223894071e-03,1.0348582535e-09,
2.5948753225e+02,1.4270769688e+01,-1.9071635010e-02,1.3288389388e-03,-7.6202253913e-05,2.3730638892e-06,-1.1471985425e-13,
3.5876107752e+02,1.4122797716e+01,-5.6017301963e-03,2.5079204299e-04,-9.8943982129e-06,2.4975034278e-07,-1.0063612466e-14,
l,8.0,2.0
3.5000000149e-02,7.0349998474e+00,1.4035000801e+01,2.1034999847e+01,2.8034999847e+01,
7.1858729319e+01,-4.0180637668e+00,5.3816233781e-01,8.4165687584e-04,3.7808833341e-04,-2.3497541537e-05,1.8252125135e-06,
7.1161018406e+01,3.7734893514e+00,1.0695441986e+00,-2.1080574794e-01,5.0873652744e-02,-3.3781827396e-03,-4.0339664768e-10,
1.4299582399e+02,1.7323554880e+01,-1.4956425151e-01,-1.2300542428e-01,2.5117560817e-02,-1.4519949851e-03,2.5440827193e-10,
2.5069399770e+02,1.4423214479e+01,-3.4510565066e-02,3.1194770919e-03,-2.3861892534e-04,9.2058291807e-06,-6.0764327104e-13,
3.5061710041e+02,1.4180770133e+01,-8.5524272204e-03,3.7392610339e-04,-1.0809673031e-05,4.7904409566e-08,-7.4817017687e-14,
l,8.0,3.0
3.5000000149e-02,7.0349998474e+00,1.4035000801e+01,2.1034999847e+01,2.8034999847e+01,
7.1787792440e+01,-6.0435354206e+00,5.7029541869e-01,1.2112230965e-03,2.5538543897e-04,-1.7326209634e-05,1.4626325453e-06,
5.8329318874e+01,2.4560696395e+00,6.0190683451e-01,3.8374374576e-02,-4.2496892408e-03,-3.7589886141e-05,1.0969619572e-10,
1.0597650899e+02,1.1665057922e+01,-4.2553944657e-01,7.5410082049e-02,-7.3517723285e-03,2.9464189461e-04,-9.7306283109e-12,
1.7994356343e+02,1.0226645396e+01,-1.5606191785e-02,1.0456589196e-03,-5.6038552516e-05,1.5919758597e-06,-5.4834636553e-14,
2.5101622548e+02,1.0104083104e+01,-4.7408493212e-03,2.1979770019e-04,-9.3008140529e-06,2.3437707880e-07,-9.8090044322e-15,
l,8.0,4.0
3.5000000149e-02,7.0349998474e+00,1.4035000801e+01,2.1034999847e+01,2.8034999847e+01,
7.1716915184e+01,-8.0684757244e+00,6.1594039002e-01,8.9485291749e-04,2.3900132729e-04,-2.2925531714e-05,1.7517832461e-06,
4.6125548935e+01,8.4458523204e-01,8.5243009719e-01,-1.0968431546e-01,3.7375523140e-02,-2.9636979766e-03,1.9105187179e-10,
9.6138835713e+01,1.2955514352e+01,-4.4082381723e-01,1.7485342219e-03,6.8883238584e-03,-5.2327176991e-04,1.5531282836e-10,
1.7359786131e+02,1.0336663713e+01,-2.5522920976e-02,1.9925823875e-03,-1.2976131593e-04,4.4666101682e-06,-3.5487682767e-13,
2.4515079517e+02,1.0147382069e+01,-6.9268140358e-03,3.2461642659e-04,-1.3521664118e-05,3.4155574839e-07,-2.9001784058e-14,
l,8.0,5.0
3.5000000149e-02,7.0349998474e+00,1.4035000801e+01,2.1034999847e+01,2.8034999847e+01,
7.1645909087e+01,-1.0091304405e+01,6.7219232916e-01,1.8713472711e-03,-3.2898622700e-04,5.8355021210e-05,-2.5688678146e-06,
3.4523129689e+01,-6.9288538173e-01,1.0551251300e+00,-1.4572174033e-01,2.5607285457e-02,-1.9357250375e-03,-9.3285616425e-10,
6.0630213324e+01,6.8728810451e+00,-2.1164337062e-01,3.8760427585e-02,-3.9824614918e-03,1.6797788665e-04,-1.1134138181e-11,
1.0492343320e+02,6.1469865446e+00,-9.7914917414e-03,6.5717355378e-04,-3.7747895843e-05,1.2084272255e-06,-1.5191702480e-14,
1.4762758663e+02,6.0691810316e+00,-3.1005443113e-03,1.4515535748e-04,-6.4508353489e-06,1.7347044738e-07,5.0875608209e-15,
l,8.0,6.0
3.5000000149e-02,7.0349998474e+00,1.4035000801e+01,2.1034999847e+01,2.8034999847e+01,
7.1575129358e+01,-1.2115010275e+01,7.4458208616e-01,2.8909454613e-05,-5.1048161743e-05,-4.5005318425e-06,3.0391741988e-06,
2.3399577772e+01,-1.3447787934e+00,6.1248192967e-01,1.2319421780e-01,-1.3164261698e-02,1.7536468986e-05,3.0280091418e-10,
5.4972872688e+01,7.7869282628e+00,-4.1946842003e-01,6.1427384803e-02,-4.6943434141e-03,1.4125621184e-04,2.3962263362e-11,
1.0110233470e+02,6.2099822622e+00,-1.4661154950e-02,9.7828089929e-04,-5.0672035999e-05,1.3595220288e-06,3.7843881549e-14,
1.4409057632e+02,6.0952278623e+00,-4.2597972148e-03,1.5674111902e-04,-9.6916730261e-07,-2.1541194528e-07,-2.7174808223e-14,
l,8.0,7.0
3.5000000149e-02,7.0349998474e+00,1.4035000801e+01,2.1034999847e+01,2.8034999847e+01,
7.1503895946e+01,-1.4133875523e+01,8.2271976048e-01,2.6302109267e-03,-1.3092681209e-03,1.4727568745e-04,-3.8187452179e-06,
1.2672425666e+01,-2.6886458243e+00,8.6443332733e-01,1.4553274380e-02,-1.7364415260e-02,1.2136211625e-03,-2.0541579829e-10,
1.9873462500e+01,2.1198930462e+00,-1.1963042220e-02,1.0689907991e-03,-6.8985991510e-05,2.1872379405e-06,-4.6200742219e-14,
3.4364296598e+01,2.0410672660e+00,-2.4054447951e-03,1.3699523977e-04,-6.5583625506e-06,1.7896882699e-07,2.5944959835e-15,
4.8568148563e+01,2.0206649257e+00,-8.5618087046e-04,3.5828151182e-05,-1.4248374047e-06,3.6945526364e-08,2.2257331208e-15,
l,8.0,8.0
3.5000000149e-02,7.0349998474e+00,1.4035000801e+01,2.1034999847e+01,2.8034999847e+01,
7.1433373706e+01,-1.6157665756e+01,9.2398870244e-01,-2.2824972853e-03,-4.2358575723e-04,1.1128139025e-05,-6.4216082483e-06,
1.2414323595e+00,-4.6833497846e+00,6.1441751218e-01,-8.0863105846e-02,5.5130879662e-03,-1.4691168020e-04,-3.8594491380e-11,
-1.8406705846e+01,-2.1803487186e+00,1.9885553154e-02,-1.9932320265e-03,1.4359372015e-04,-4.9882798896e-06,2.6930661859e-13,
-3.3117441077e+01,-2.0575199293e+00,3.5105731757e-03,-2.0905988408e-04,1.0444737086e-05,-2.9398438885e-07,1.1609127914e-15,
-4.7399630377e+01,-2.0282852666e+00,1.2005541728e-03,-5.0306774920e-05,1.8520708655e-06,-4.0732891624e-08,-1.9852559428e-15,
l,9.0,-9.0
3.5000000149e-02,7.0349998474e+00,1.4035000801e+01,2.1034999847e+01,2.8034999847e+01,
9.0658835109e+01,2.8354147155e-01,-2.3802203188e-01,1.1086910686e-01,-2.6498266876e-02,3.0875322210e-03,-1.3868550079e-04,
9.0972792225e+01,1.6839987219e-03,9.9377549960e-03,-2.4293650741e-03,9.2477570777e-05,1.1685007062e-05,-8.1783058398e-11,
9.1051442433e+01,3.7692600447e-02,-1.6477555563e-02,5.6493040341e-03,-8.5536601162e-04,4.5403629936e-05,4.6598361794e-12,
9.1153624711e+01,9.8941129317e-03,-2.5425274112e-02,1.0742719630e-02,-1.6790372289e-03,8.8853447962e-05,2.8254897658e-11,
9.1134792236e+01,-2.4393065532e-02,1.8132154250e-02,-3.4120083670e-03,1.8448054977e-04,1.9950810950e-06,9.2589267838e-12,
l,9.0,-8.0
3.5000000149e-02,7.0349998474e+00,1.4035000801e+01,2.1034999847e+01,2.8034999847e+01,
9.1691866198e+01,7.9305795473e+00,1.3014835530e+01,-6.3198685500e+00,1.4410212880e+00,-1.7052417083e-01,8.0807519735e-03,
1.6103789001e+02,1.9132694038e-02,-2.6987966876e-03,2.2734857486e-03,-5.6119885615e-04,4.0639495414e-05,-1.5880230436e-11,
1.6115051599e+02,2.9913026394e-02,-2.2969106696e-02,1.0784502848e-02,-1.9148333183e-03,1.1329657475e-04,1.6179377537e-11,
1.6123786659e+02,1.5183222106e-02,9.0721327413e-03,-6.2123460973e-03,1.1489768520e-03,-6.6060479708e-05,8.5288290862e-12,
1.6130931580e+02,1.7228188378e-02,2.9670737698e-03,-4.0710074305e-03,8.2294632144e-04,-4.9667128540e-05,2.1997082393e-11,
l,9.0,-7.0
3.5000000149e-02,7.0349998474e+00,1.4035000801e+01,2.1034999847e+01,2.8034999847e+01,
9.0496440234e+01,1.4208674916e+01,7.6693531164e-01,-9.5891430906e-04,4.3987392469e-05,-5.0342701839e-05,3.1682106500e-06,
2.2685844332e+02,2.4445633213e+01,9.2194019774e-01,-1.3198003765e-01,3.4239557039e-02,-2.3944380296e-03,-8.3388016318e-11,
4.3983751505e+02,3.6482249661e+01,5.4175939849e-02,-1.4772592330e-01,2.5985024728e-02,-1.4204467240e-03,1.9155399035e-10,
6.8575499591e+02,3.4329381917e+01,-2.7518426771e-02,2.5301670191e-03,-1.9313208101e-04,7.3760556830e-06,-2.4462045731e-13,
9.2524019842e+02,3.4138792281e+01,-6.4887595867e-03,1.9990816545e-04,1.1848592724e-05,-1.3817088365e-06,1.4366186121e-13,
l,9.0,-6.0
3.5000000149e-02,7.0349998474e+00,1.4035000801e+01,2.1034999847e+01,2.8034999847e+01,
9.0425529468e+01,1.2182086982e+01,6.9812642791e-01,-9.2379800614e-04,-4.4840643754e-05,-2.2768484838e-05,2.2218870705e-06,
2.0950039356e+02,2.0848878457e+01,1.8053964485e+00,-5.5249681550e-01,1.1277709179e-01,-8.0912905931e-03,-1.3385104739e-09,
3.9088137719e+02,3.2105141124e+01,-4.8022834324e-01,6.5031742047e-02,-4.3401098406e-03,1.0181426089e-04,4.3450810056e-11,
6.0568764635e+02,3.0232774980e+01,-1.7119267834e-02,1.3058029422e-03,-8.5241150888e-05,3.0024823523e-06,-2.7889321299e-13,
8.1677186193e+02,3.0103690557e+01,-4.7084639465e-03,1.7507845174e-04,-2.7830403200e-07,-3.5622164245e-07,-1.8591421166e-13,
l,9.0,-5.0
3.5000000149e-02,7.0349998474e+00,1.4035000801e+01,2.1034999847e+01,2.8034999847e+01,
9.0354680320e+01,1.0155877982e+01,6.4043304092e-01,-1.0622091434e-03,1.2098925606e-05,-9.5293884286e-06,1.5769114981e-06,
1.9255172367e+02,1.8816103192e+01,9.1947460928e-01,-1.2417310971e-01,2.5620312238e-02,-1.3494313527e-03,-5.2089903926e-10,
3.6550650656e+02,3.1907774716e+01,1.1488722295e+00,-4.5724820524e-01,6.1871616691e-02,-2.9465024573e-03,7.9907893262e-11,
5.8739161436e+02,3.0517863780e+01,-4.5617804686e-02,4.1863737539e-03,-2.9628799752e-04,1.0197155909e-05,-8.2526602808e-14,
7.9967721601e+02,3.0210135516e+01,-1.0401224431e-02,5.1332463603e-04,-2.1809772835e-05,5.4107207444e-07,-3.7720738934e-14,
l,9.0,-4.0
3.5000000149e-02,7.0349998474e+00,1.4035000801e+01,2.1034999847e+01,2.8034999847e+01,
9.0283837071e+01,8.1304223278e+00,5.9323308017e-01,-1.0225928126e-03,8.6714645218e-05,5.7641511273e-07,8.5290998010e-07,
1.7623375115e+02,1.6487712716e+01,6.4737590620e-01,-4.9651518420e-03,4.4870982070e-03,-4.4145989018e-04,2.6025683094e-12,
3.2577969651e+02,1.8615016781e+01,6.2494117760e+00,-1.9228119026e+00,2.6114203940e-01,-1.3100341346e-02,1.6741765563e-09,
5.0998657356e+02,2.6352710795e+01,-2.7654208953e-02,2.3682502280e-03,-1.7575537113e-04,6.7850495078e-06,-7.8847449776e-13,
6.9360466964e+02,2.6153133018e+01,-7.2715037360e-03,3.5229632512e-04,-1.6029471355e-05,4.6779460566e-07,-3.3026676827e-14,
l,9.0,-3.0
3.5000000149e-02,7.0349998474e+00,1.4035000801e+01,2.1034999847e+01,2.8034999847e+01,
9.0213013228e+01,6.1056771933e+00,5.5652373772e-01,-8.2980029084e-04,1.5910944673e-04,6.5722401272e-06,2.9509676277e-07,
1.6048176873e+02,1.4007209912e+01,7.3194947165e-01,-3.7905099454e-02,7.8181949270e-03,-1.4813711397e-04,-3.1667096431e-10,
2.9767697489e+02,2.6829131862e+01,1.9380013104e+00,-6.0028370287e-01,7.0541222212e-02,-2.9872805561e-03,-1.9391346304e-10,
4.9370408160e+02,2.6661668043e+01,-6.2191648097e-02,6.2073702111e-03,-4.7507708224e-04,1.7469873326e-05,-1.1502197512e-12,
6.7857021666e+02,2.6260079578e+01,-1.3056579843e-02,6.4950313078e-04,-2.7313889026e-05,6.4803002423e-07,-1.6298630036e-14,
l,9.0,-2.0
3.5000000149e-02,7.0349998474e+00,1.4035000801e+01,2.1034999847e+01,2.8034999847e+01,
9.0142213877e+01,4.0815366433e+00,5.3054579651e-01,-6.8768217649e-04,2.6347675271e-04,2.7633322510e-06,2.6117262669e-07,
1.4518661357e+02,1.1808452873e+01,6.4423553225e-01,-8.7012277401e-03,5.3560872396e-03,-4.5485546527e-04,-2.6788456136e-11,
2.6216930081e+02,1.9762999479e+01,5.3350322642e-01,2.2369833717e-01,-7.0854724704e-02,5.1216250448e-03,-3.8857170025e-09,
4.1888800607e+02,2.2431086552e+01,-3.5408721948e-02,3.2587970773e-03,-2.5587990644e-04,1.0127842550e-05,-9.6004187179e-13,
5.7484392763e+02,2.2183758335e+01,-8.8369679148e-03,4.3431245730e-04,-1.9979353963e-05,5.8330087050e-07,-2.2543442738e-14,
l,9.0,-1.0
3.5000000149e-02,7.0349998474e+00,1.4035000801e+01,2.1034999847e+01,2.8034999847e+01,
9.0071582730e+01,2.0582023784e+00,5.1490810095e-01,-3.8361289485e-04,3.1835728537e-04,-5.1310260553e-07,3.0044623010e-07,
1.3037728965e+02,9.6280564106e+00,6.5521674256e-01,-4.4922116420e-03,1.4700029162e-03,2.4001364765e-04,-1.8790185246e-10,
2.3593829812e+02,2.2180815376e+01,2.2464580234e+00,-6.2277927757e-01,6.6737156262e-02,-2.5630752237e-03,-3.5252213502e-10,
4.0478894301e+02,2.2739380812e+01,-7.3260394250e-02,7.9264965120e-03,-6.5087953071e-04,2.5099192511e-05,-1.0961510444e-12,
5.6195230359e+02,2.2285367983e+01,-1.4566321443e-02,7.7134291876e-04,-3.7841488274e-05,1.1208749382e-06,-7.8392306151e-15,
l,9.0,0.0
3.5000000149e-02,7.0349998474e+00,1.4035000801e+01,2.1034999847e+01,2.8034999847e+01,
9.0000623481e+01,3.5663285175e-02,5.0965939734e-01,5.0340283646e-06,3.2774480333e-04,-2.8497077136e-06,3.7161771226e-07,
1.1601139179e+02,7.6018381310e+00,6.4405459644e-01,-9.1639185393e-03,5.4199255122e-03,-4.4636727455e-04,-3.3774071862e-11,
2.0326588265e+02,1.7805403220e+01,-1.1934142057e+00,7.7367802118e-01,-1.4617536356e-01,8.8730680311e-03,-3.1922801024e-09,
3.3245051666e+02,1.8455402541e+01,-3.7356013992e-02,3.3275371493e-03,-2.4646824884e-04,9.2182713223e-06,-1.5858745001e-13,
4.6051221590e+02,1.8193307755e+01,-9.3875103964e-03,4.8435465502e-04,-2.4960263421e-05,8.1970099666e-07,-3.3213703349e-15,
l,9.0,1.0
3.5000000149e-02,7.0349998474e+00,1.4035000801e+01,2.1034999847e+01,2.8034999847e+01,
8.9930025057e+01,-1.9862211993e+00,5.1496603505e-01,3.4624678094e-04,3.1593336880e-04,-6.6133732414e-06,5.9151910934e-07,
1.0210445575e+02,5.6409196870e+00,6.6418942310e-01,-7.0699383110e-03,1.8977493107e-03,2.1469562602e-04,-1.9731973567e-10,
1.7990983848e+02,1.8226685009e+01,2.2233598148e+00,-6.2074124414e-01,6.6945506110e-02,-2.5900748795e-03,-3.4198358367e-10,
3.2069745058e+02,1.8734241119e+01,-7.2847635057e-02,7.9445390219e-03,-6.5918512112e-04,2.5646437502e-05,-1.1741964832e-12,
4.4984052659e+02,1.8283697664e+01,-1.4438108460e-02,7.5478791417e-04,-3.5874493877e-05,1.0204815320e-06,1.6603360480e-14,
l,9.0,2.0
3.5000000149e-02,7.0349998474e+00,1.4035000801e+01,2.1034999847e+01,2.8034999847e+01,
8.9859096163e+01,-4.0073308943e+00,5.3068381488e-01,6.5714380079e-04,2.7176714719e-04,-8.9972931524e-06,7.7836636245e-07,
8.8632343666e+01,3.8424495845e+00,6.5221476016e-01,-8.9332538640e-03,5.2726346001e-03,-4.5246549744e-04,-2.4241219068e-11,
1.4944804773e+02,1.4376484401e+01,-1.2566587950e+00,6.9765426050e-01,-1.2567422566e-01,7.4383311609e-03,-1.9907730419e-09,
2.5069399770e+02,1.4423214479e+01,-3.4510565066e-02,3.1194770919e-03,-2.3861892534e-04,9.2058291807e-06,-6.0764327104e-13,
3.5061710041e+02,1.4180770133e+01,-8.5524272204e-03,3.7392610339e-04,-1.0809673031e-05,4.7904409566e-08,-7.4817017687e-14,
l,9.0,3.0
3.5000000149e-02,7.0349998474e+00,1.4035000801e+01,2.1034999847e+01,2.8034999847e+01,
8.9788359254e+01,-6.0277673516e+00,5.5693757408e-01,8.3899754493e-04,2.1243947087e-04,-1.0352856717e-05,9.0898159383e-07,
7.5633718814e+01,2.0426509782e+00,7.6592928706e-01,-4.8140114087e-02,9.6382229519e-03,-2.6469959663e-04,-3.4671592854e-10,
1.2963480306e+02,1.4956380555e+01,1.8517897089e+00,-5.8618297064e-01,6.9929004590e-02,-3.0034830959e-03,-1.6300361827e-10,
2.4142805790e+02,1.4645992027e+01,-6.0038191576e-02,5.8895129829e-03,-4.4258098102e-04,1.6023684281e-05,-8.9417619607e-13,
3.4223471173e+02,1.4255179786e+01,-1.2729512540e-02,6.1645545051e-04,-2.3768091069e-05,4.6799114517e-07,-4.0473457843e-15,
l,9.0,4.0
3.5000000149e-02,7.0349998474e+00,1.4035000801e+01,2.1034999847e+01,2.8034999847e+01,
8.9717627884e+01,-8.0474364005e+00,5.9359320603e-01,9.3112401779e-04,1.1902492572e-04,-6.1345423616e-06,7.2068780005e-07,
6.3059019526e+01,5.5611110637e-01,6.6640290712e-01,-3.8323263047e-03,3.8748533866e-03,-4.0953566287e-04,9.7689991585e-12,
1.0083564957e+02,9.7093001620e+00,-3.0557992373e-01,3.0891085311e-01,-6.4352246907e-02,4.0810761089e-03,-1.8610672957e-09,
1.7359786131e+02,1.0336663713e+01,-2.5522920976e-02,1.9925823875e-03,-1.2976131593e-04,4.4666101682e-06,-3.5487682767e-13,
2.4515079517e+02,1.0147382069e+01,-6.9268140358e-03,3.2461642659e-04,-1.3521664118e-05,3.4155574839e-07,-2.9001784058e-14,
l,9.0,5.0
3.5000000149e-02,7.0349998474e+00,1.4035000801e+01,2.1034999847e+01,2.8034999847e+01,
8.9646901064e+01,-1.0066323063e+01,6.4060138684e-01,9.3153856019e-04,-1.2223398180e-05,4.9827129724e-06,2.1864801977e-07,
5.1007761972e+01,-1.1187081111e+00,9.7699899192e-01,-1.3809689316e-01,2.8636478294e-02,-1.5946819063e-03,-5.0822280736e-10,
8.5583377048e+01,1.2037660959e+01,9.7789130784e-01,-4.1307757369e-01,5.7174304395e-02,-2.7647841349e-03,1.0967260463e-10,
1.6692870070e+02,1.0493425335e+01,-4.2818112370e-02,3.8763901674e-03,-2.7187319070e-04,9.3007395423e-06,7.7612136807e-14,
2.3911770498e+02,1.0202014874e+01,-9.8793717823e-03,4.7200684518e-04,-1.8642115173e-05,4.1091215839e-07,-8.3021251735e-15,
l,9.0,6.0
3.5000000149e-02,7.0349998474e+00,1.4035000801e+01,2.1034999847e+01,2.8034999847e+01,
8.9576165071e+01,-1.2084254828e+01,6.9763196567e-01,1.0249776019e-03,-2.3596872182e-04,2.9395623696e-05,-7.4335604432e-07,
3.9358155495e+01,-2.1898168913e+00,6.9277679977e-01,1.7311231771e-02,-2.4947204499e-03,-5.3228292717e-05,5.3915323167e-11,
5.7280791004e+01,4.8333357117e+00,9.3980438295e-01,-2.2510559658e-01,2.3277603434e-02,-8.7475871367e-04,-7.0420937211e-10,
1.0110233470e+02,6.2099822622e+00,-1.4661154950e-02,9.7828089929e-04,-5.0672035999e-05,1.3595220288e-06,3.7843881549e-14,
1.4409057632e+02,6.0952278623e+00,-4.2597972148e-03,1.5674111902e-04,-9.6916730261e-07,-2.1541194528e-07,-2.7174808223e-14,
l,9.0,7.0
3.5000000149e-02,7.0349998474e+00,1.4035000801e+01,2.1034999847e+01,2.8034999847e+01,
8.9505498610e+01,-1.4101969972e+01,7.6608114858e-01,1.3605986602e-04,-1.7689962787e-04,4.0069647527e-06,1.7143340743e-06,
2.8215982058e+01,-3.3629852789e+00,7.9763368515e-01,-1.1448193110e-02,1.1925314964e-02,-1.2048767801e-03,1.3768199306e-10,
4.8211551180e+01,8.3223774830e+00,-8.6326349180e-02,-8.9850220280e-02,1.7758456049e-02,-1.0107499585e-03,1.6029620332e-10,
9.7101998901e+01,6.2973803490e+00,-2.4318980388e-02,2.2512035517e-03,-1.7692535838e-04,6.9497886836e-06,-4.6602956430e-13,
1.4045607629e+02,6.1277632370e+00,-6.0470775570e-03,2.8281580691e-04,-1.1445682275e-05,2.7358251198e-07,1.3317437311e-14,
l,9.0,8.0
3.5000000149e-02,7.0349998474e+00,1.4035000801e+01,2.1034999847e+01,2.8034999847e+01,
8.9434789053e+01,-1.6118536570e+01,8.4430131170e-01,-6.4269875027e-04,-1.8084531700e-04,-1.9919176765e-05,3.7051393743e-06,
1.7404621027e+01,-4.3878418041e+00,6.5981241297e-01,1.0711165435e-01,-2.3998489939e-02,1.2055598583e-03,1.7183547403e-10,
1.8410544503e+01,2.1741102581e+00,-1.6132343455e-02,9.4794207944e-04,-7.6095882665e-06,-1.6896431087e-06,9.1107505173e-13,
3.3117441077e+01,2.0575199293e+00,-3.5105731757e-03,2.0905988408e-04,-1.0444737086e-05,2.9398438885e-07,-1.1609127914e-15,
4.7399630377e+01,2.0282852666e+00,-1.2005541728e-03,5.0306774920e-05,-1.8520708655e-06,4.0732891624e-08,1.9852559428e-15,
l,9.0,9.0
3.5000000149e-02,7.0349998474e+00,1.4035000801e+01,2.1034999847e+01,2.8034999847e+01,
8.9364104656e+01,-1.8134291981e+01,9.3247312298e-01,-1.0933179268e-03,-4.9497204872e-04,3.7944390348e-05,-5.7110548140e-06,
6.5231792657e+00,-6.0753001652e+00,7.3502441381e-01,-5.7020311454e-02,5.0802287774e-05,1.5584486479e-04,-7.1901191070e-11,
-1.6812771213e+01,-2.2676356074e+00,3.2606823403e-02,-3.5663866568e-03,2.7290703049e-04,-9.8407216458e-06,6.0049918681e-13,
-3.1821765695e+01,-2.0784425718e+00,5.0040608454e-03,-3.1111270177e-04,1.6032167163e-05,-4.5753396275e-07,8.0381214684e-15,
-4.6201568916e+01,-2.0375911347e+00,1.6402507700e-03,-7.0771762705e-05,2.6850799643e-06,-6.0920176488e-08,3.7606957471e-16,
