l,1.0,-1.0
3.9999999106e-02,8.0399999619e+00,1.6040000916e+01,2.4040000916e+01,3.2040000916e+01,
2.0927621474e+00,3.2771208318e+00,2.7123320925e-02,3.6697701318e-01,-1.0055366993e-01,1.0521439420e-02,-3.9568594056e-04,
4.7120941365e+01,6.0222854536e+00,-5.0568588612e-03,9.3451783118e-04,-9.7235361850e-05,4.0483839717e-06,-1.1332436056e-12,
9.5188206242e+01,6.0036049520e+00,-2.6048746820e-04,1.9961148025e-05,-1.2939358384e-06,4.2304886191e-08,1.2097870295e-14,
1.4320667201e+02,6.0015032262e+00,-7.2978287436e-05,3.2575517716e-06,-3.6914523707e-08,-2.9709799155e-09,1.5168540836e-14,
1.9121563620e+02,5.9998408139e+00,7.4034840353e-04,-1.6579975254e-04,1.2675046286e-05,-2.3012325813e-07,-3.9700325128e-13,
l,1.0,0.0
3.9999999106e-02,8.0399999619e+00,1.6040000916e+01,2.4040000916e+01,3.2040000916e+01,
2.0226165494e+00,-1.3216832898e-01,9.0619433745e-01,-1.8698878339e-01,1.8936118568e-02,-7.8670272573e-04,4.0402834796e-06,
1.6079999924e+01,2.0000000000e+00,-1.5848407301e-11,5.3221154060e-12,-7.5075034844e-13,3.7599481624e-14,-4.9083711591e-20,
3.2080001832e+01,2.0000000001e+00,-5.3487587240e-11,1.7777451976e-11,-2.4908355744e-12,1.2416266411e-13,-2.0527906872e-19,
4.8080001834e+01,2.0000000000e+00,2.4883744809e-11,-8.2113919533e-12,1.1456848986e-12,-5.6958036005e-14,5.0572419903e-20,
6.4080001832e+01,2.0000000001e+00,-5.9051666787e-11,1.9365014809e-11,-2.6922645525e-12,1.3356573554e-13,-1.5802782115e-19,
l,1.0,1.0
3.9999999106e-02,8.0399999619e+00,1.6040000916e+01,2.4040000916e+01,3.2040000916e+01,
1.8807991651e+00,-2.9751308637e+00,4.8521071198e-01,-1.3383008830e-01,2.0751870728e-02,-1.6888050824e-03,5.6014944605e-05,
-1.5046762011e+01,-2.0043804426e+00,5.5884747286e-04,-5.9597531425e-05,4.2411554660e-06,-1.3826066905e-07,2.0725130076e-15,
-3.1063709096e+01,-2.0010125574e+00,6.7943360245e-05,-4.2397120191e-06,2.2882119484e-07,-7.1895500469e-09,-3.1433159695e-16,
-4.7068926554e+01,-2.0004122840e+00,1.9260145361e-05,-7.4099298024e-07,4.2194023746e-08,-2.1359839730e-09,-3.0336915880e-15,
-6.3071266248e+01,-2.0001945716e+00,2.8459911931e-06,1.7227349350e-06,-2.6730200375e-07,1.3430872452e-08,-7.1507200283e-16,
l,2.0,-2.0
3.9999999106e-02,8.0399999619e+00,1.6040000916e+01,2.4040000916e+01,3.2040000916e+01,
6.1778374068e+00,4.7731086093e+00,6.3895432981e-01,3.1927086013e-02,4.3577053015e-03,-2.7927807664e-03,1.9131661584e-04,
7.8030331586e+01,1.0089258149e+01,-2.2807217830e-02,4.0678390100e-03,-3.9401791006e-04,1.5366544907e-05,-3.7777709964e-12,
1.5825647121e+02,1.0010388252e+01,-7.4618617031e-04,4.8605946656e-05,-2.3885150426e-06,6.4044143809e-08,2.2175706974e-14,
2.3830897854e+02,1.0004199862e+01,-2.2312712355e-04,1.8889887428e-05,-1.7931554150e-06,8.3156511897e-08,9.2733411766e-16,
3.1833332471e+02,1.0002242000e+01,-8.5179246165e-05,5.8870798206e-06,-5.8218425489e-07,2.9225502337e-08,-5.8263955779e-15,
l,2.0,-1.0
3.9999999106e-02,8.0399999619e+00,1.6040000916e+01,2.4040000916e+01,3.2040000916e+01,
6.2068760601e+00,1.6374704693e+00,1.6389726121e+00,-5.4642784555e-01,1.1343900258e-01,-1.1525882035e-02,4.4132229312e-04,
4.7120941365e+01,6.0222854536e+00,-5.0568588612e-03,9.3451783118e-04,-9.7235361850e-05,4.0483839717e-06,-1.1332436056e-12,
9.5188206242e+01,6.0036049520e+00,-2.6048746820e-04,1.9961148025e-05,-1.2939358384e-06,4.2304886191e-08,1.2097870295e-14,
1.4320667201e+02,6.0015032262e+00,-7.2978287436e-05,3.2575517716e-06,-3.6914523707e-08,-2.9709799155e-09,1.5168540836e-14,
1.9121563620e+02,5.9998408139e+00,7.4034840353e-04,-1.6579975254e-04,1.2675046286e-05,-2.3012325813e-07,-3.9700325128e-13,
l,2.0,0.0
3.9999999106e-02,8.0399999619e+00,1.6040000916e+01,2.4040000916e+01,3.2040000916e+01,
5.9828733852e+00,1.8226435554e-01,4.2289279976e-01,9.5089000787e-02,4.4441625427e-03,-3.7768905346e-03,2.5217721421e-04,
4.3680659576e+01,6.1379652293e+00,-3.6088634787e-02,6.5606714609e-03,-6.4516449801e-04,2.5467749193e-05,-6.2657134704e-12,
9.2024574343e+01,6.0155899660e+00,-1.1235125042e-03,7.5831708950e-05,-3.9619248673e-06,1.0487094252e-07,-2.9088871789e-14,
1.4010340967e+02,6.0063425165e+00,-3.7031942195e-04,3.9219196131e-05,-4.0041330421e-06,1.7907536801e-07,-2.1549809826e-14,
1.8813997395e+02,6.0033488664e+00,-1.2131281731e-04,7.4769225861e-06,-6.8532069472e-07,3.1384369071e-08,-1.1042800472e-14,
l,2.0,1.0
3.9999999106e-02,8.0399999619e+00,1.6040000916e+01,2.4040000916e+01,3.2040000916e+01,
5.8996994954e+00,-2.1859951533e+00,4.1239928359e-01,2.4444686918e-01,-7.6312976750e-02,8.2857241587e-03,-3.1993175204e-04,
1.5046934832e+01,2.0044273847e+00,-5.5407241120e-04,5.8987789978e-05,-4.1530149173e-06,1.3391467562e-07,-1.6794907679e-14,
3.1064469091e+01,2.0011107717e+00,-6.5282332796e-05,4.4439763826e-06,-2.5008847671e-07,7.7502667870e-09,6.0172983129e-16,
4.7070677463e+01,2.0005716839e+00,-2.4802112458e-05,3.6568135552e-06,-4.5383837390e-07,2.2913591196e-08,-1.1371104050e-15,
6.3074423135e+01,2.0003956872e+00,-4.3127136116e-08,-1.5411830422e-06,2.3840496329e-07,-1.2145640907e-08,8.4870200814e-16,
l,2.0,2.0
3.9999999106e-02,8.0399999619e+00,1.6040000916e+01,2.4040000916e+01,3.2040000916e+01,
5.8239820051e+00,-4.6866948813e+00,7.8936305470e-01,-1.0234598434e-01,2.5195235193e-03,6.0992778938e-04,-4.0829117109e-05,
-1.3937250280e+01,-2.0203593471e+00,2.7638261391e-03,-3.0895786061e-04,2.2563698217e-05,-7.4628779680e-07,9.3687235323e-14,
-3.0013436656e+01,-2.0044437935e+00,3.0220856816e-04,-2.1204615236e-05,1.3093173058e-06,-4.4041243520e-08,-2.0913151901e-15,
-4.6036577685e+01,-2.0018880280e+00,8.2817917322e-05,-3.7796149857e-06,1.7420883017e-07,-5.3535486278e-09,-1.5714478798e-15,
-6.2047777670e+01,-2.0010420171e+00,3.7169009362e-05,-2.3698855370e-06,2.2125081128e-07,-1.0499588663e-08,-1.1661897036e-15,
l,3.0,-3.0
3.9999999106e-02,8.0399999619e+00,1.6040000916e+01,2.4040000916e+01,3.2040000916e+01,
1.2277344020e+01,6.4401673665e+00,9.8198200742e-01,-1.0547843471e-01,3.1816395916e-02,-4.3748848597e-03,1.8701066488e-04,
1.0865558370e+02,1.4333757036e+01,-1.0774883000e-01,2.0945462763e-02,-2.0983113589e-03,8.3129694585e-05,-1.4861225699e-11,
2.2127961555e+02,1.4021319954e+01,-1.6719108856e-03,1.3109568904e-04,-8.2706287678e-06,2.6615392040e-07,-3.2236141793e-14,
3.3338508713e+02,1.4008216198e+01,-3.9515001535e-04,2.1487394239e-05,-1.3974727773e-06,5.9735485973e-08,-1.2761360112e-14,
4.4543275300e+02,1.4004343873e+01,-1.6336489924e-04,9.8906883085e-06,-7.1498926063e-07,2.3520161410e-08,-1.2347730725e-14,
l,3.0,-2.0
3.9999999106e-02,8.0399999619e+00,1.6040000916e+01,2.4040000916e+01,3.2040000916e+01,
1.2060412164e+01,5.2875976591e+00,-8.0598837689e-01,8.7836420451e-01,-2.4014958178e-01,2.8731350336e-02,-1.2687638737e-03,
7.8030331586e+01,1.0089258149e+01,-2.2807217830e-02,4.0678390100e-03,-3.9401791006e-04,1.5366544907e-05,-3.7777709964e-12,
1.5825647121e+02,1.0010388252e+01,-7.4618617031e-04,4.8605946656e-05,-2.3885150426e-06,6.4044143809e-08,2.2175706974e-14,
2.3830897854e+02,1.0004199862e+01,-2.2312712355e-04,1.8889887428e-05,-1.7931554150e-06,8.3156511897e-08,9.2733411766e-16,
3.1833332471e+02,1.0002242000e+01,-8.5179246165e-05,5.8870798206e-06,-5.8218425489e-07,2.9225502337e-08,-5.8263955779e-15,
l,3.0,-1.0
3.9999999106e-02,8.0399999619e+00,1.6040000916e+01,2.4040000916e+01,3.2040000916e+01,
1.2127436723e+01,1.8870608245e+00,1.1516771301e+00,-3.8329704197e-01,1.0753217292e-01,-1.1925991315e-02,4.4699339967e-04,
7.1550712136e+01,1.0704056778e+01,-2.2296169015e-01,4.2058770344e-02,-4.0995105584e-03,1.5876823870e-04,-2.1779889751e-11,
1.5285315702e+02,1.0040259486e+01,-1.6800291427e-03,-2.4221878925e-04,4.5022664032e-05,-2.0298881008e-06,-6.3518099351e-13,
2.3306111546e+02,1.0015481945e+01,-4.6546968548e-04,-7.7710920137e-05,1.6975566739e-05,-9.7782337046e-07,3.8085996502e-13,
3.1315303791e+02,1.0008406865e+01,-2.7309507618e-04,6.5880963549e-06,-1.0706695244e-09,-5.4323863067e-09,-5.8225022952e-15,
l,3.0,0.0
3.9999999106e-02,8.0399999619e+00,1.6040000916e+01,2.4040000916e+01,3.2040000916e+01,
1.1929972806e+01,4.9494804311e-01,-2.9573605714e-02,2.9358498150e-01,-5.9761468122e-02,4.9440257169e-03,-1.4359698994e-04,
4.3680659576e+01,6.1379652293e+00,-3.6088634787e-02,6.5606714609e-03,-6.4516449801e-04,2.5467749193e-05,-6.2657134704e-12,
9.2024574343e+01,6.0155899660e+00,-1.1235125042e-03,7.5831708950e-05,-3.9619248673e-06,1.0487094252e-07,-2.9088871789e-14,
1.4010340967e+02,6.0063425165e+00,-3.7031942195e-04,3.9219196131e-05,-4.0041330421e-06,1.7907536801e-07,-2.1549809826e-14,
1.8813997395e+02,6.0033488664e+00,-1.2131281731e-04,7.4769225861e-06,-6.8532069472e-07,3.1384369071e-08,-1.1042800472e-14,
l,3.0,1.0
3.9999999106e-02,8.0399999619e+00,1.6040000916e+01,2.4040000916e+01,3.2040000916e+01,
1.1932184685e+01,-2.2750818151e+00,8.7820819252e-01,-1.8323284528e-01,6.3338049161e-02,-7.8726434474e-03,3.1267985785e-04,
3.9568917838e+01,6.6246621802e+00,-1.9786453335e-01,3.7534177812e-02,-3.6810129768e-03,1.4335929141e-04,-1.9688709989e-11,
8.8735271546e+01,6.0368003426e+00,-1.3198641601e-03,-3.6814851549e-04,7.2082170369e-05,-3.8884405121e-06,1.4537230745e-12,
1.3692499208e+02,6.0147592841e+00,-6.7200334667e-04,2.3006181147e-05,1.3313964766e-07,-4.6518293699e-08,-1.4849899744e-14,
1.8501087941e+02,6.0077720493e+00,-2.3890124364e-04,-2.0201385420e-07,1.0163288084e-06,-5.9660646267e-08,8.4191362837e-15,
l,3.0,2.0
3.9999999106e-02,8.0399999619e+00,1.6040000916e+01,2.4040000916e+01,3.2040000916e+01,
1.1801622586e+01,-4.0901989682e+00,3.7890181264e-01,1.6768916098e-01,-2.7159300777e-02,8.0373550242e-04,3.7024597210e-05,
1.3937279523e+01,2.0203074253e+00,-2.7328158104e-03,3.0079337691e-04,-2.1586021105e-05,7.0277538752e-07,-7.6317422462e-14,
3.0013436637e+01,2.0044437464e+00,-3.0202632822e-04,2.1094052452e-05,-1.2882177055e-06,4.2779487327e-08,2.6052748123e-15,
4.6036577315e+01,2.0018892903e+00,-8.3576313730e-05,3.8935708430e-06,-1.7791124521e-07,5.2757562142e-09,3.7120130412e-15,
6.2047777187e+01,2.0010368257e+00,-3.2429280864e-05,8.1344499364e-07,-3.4519616209e-09,-5.3565302296e-10,2.4531475590e-16,
l,3.0,3.0
3.9999999106e-02,8.0399999619e+00,1.6040000916e+01,2.4040000916e+01,3.2040000916e+01,
1.1738415765e+01,-6.4061117810e+00,7.0875085559e-01,3.8714673573e-02,-2.6008393397e-02,3.0005194652e-03,-1.1520310698e-04,
-1.2731388462e+01,-2.0542997660e+00,8.0095426153e-03,-9.5332706171e-04,7.2438353493e-05,-2.4517595529e-06,3.0922720662e-13,
-2.8924839333e+01,-2.0107330317e+00,7.4462165603e-04,-5.0201661301e-05,2.7833957105e-06,-8.3101902695e-08,2.5625442803e-15,
-4.4980064124e+01,-2.0044536668e+00,2.0550823097e-04,-1.1170400625e-05,6.8191169475e-07,-2.5004081542e-08,-1.2414882687e-15,
-6.1006282853e+01,-2.0024215909e+00,8.4707319979e-05,-4.6082138533e-06,3.7513483268e-07,-1.6539071634e-08,4.7367392317e-17,
l,4.0,-4.0
3.9999999106e-02,8.0399999619e+00,1.6040000916e+01,2.4040000916e+01,3.2040000916e+01,
2.0339413350e+01,8.4533512614e+00,8.5799264538e-01,1.4316405889e-03,-2.4499881449e-04,6.9357757153e-05,-2.3682172229e-05,
1.3867668032e+02,1.8892450742e+01,-2.5570954950e-01,4.0688890833e-02,-3.3087692007e-03,1.0740614381e-04,1.7143232763e-11,
2.8425119747e+02,1.8037430656e+01,-3.0498494032e-03,2.3934684011e-04,-1.4666063830e-05,4.5737252900e-07,2.0182762978e-14,
4.2843288338e+02,1.8013891535e+01,-7.1863877230e-04,4.7756131563e-05,-3.4920212668e-06,1.3748523485e-07,-8.8189506897e-15,
5.7251268853e+02,1.8007197063e+01,-2.6115120553e-04,1.2767381141e-05,-8.8381638507e-07,3.7212047107e-08,-1.1362143775e-14,
l,4.0,-3.0
3.9999999106e-02,8.0399999619e+00,1.6040000916e+01,2.4040000916e+01,3.2040000916e+01,
2.0216404799e+01,6.4944686574e+00,6.7368681606e-01,-8.5639823054e-02,4.8234334403e-02,-9.2438832433e-03,5.4630882140e-04,
1.0865558370e+02,1.4333757036e+01,-1.0774883000e-01,2.0945462763e-02,-2.0983113589e-03,8.3129694585e-05,-1.4861225699e-11,
2.2127961555e+02,1.4021319954e+01,-1.6719108856e-03,1.3109568904e-04,-8.2706287678e-06,2.6615392040e-07,-3.2236141793e-14,
3.3338508713e+02,1.4008216198e+01,-3.9515001535e-04,2.1487394239e-05,-1.3974727773e-06,5.9735485973e-08,-1.2761360112e-14,
4.4543275300e+02,1.4004343873e+01,-1.6336489924e-04,9.8906883085e-06,-7.1498926063e-07,2.3520161410e-08,-1.2347730725e-14,
l,4.0,-2.0
3.9999999106e-02,8.0399999619e+00,1.6040000916e+01,2.4040000916e+01,3.2040000916e+01,
2.0177699235e+01,4.2063678523e+00,6.4221747149e-01,4.6554926552e-03,-1.3720052333e-02,3.6459663616e-03,-2.3882529422e-04,
9.7999832259e+01,1.5650667173e+01,-3.1217234238e-01,1.9075604968e-02,1.2701976548e-03,-1.4317086044e-04,1.4560178129e-10,
2.1352796349e+02,1.4084056029e+01,-6.9687308367e-03,5.4709984071e-04,-3.2950383451e-05,1.0067473670e-06,-5.6359525600e-14,
3.2593246460e+02,1.4030619954e+01,-1.5551519199e-03,9.1545355441e-05,-5.8213301837e-06,2.1994809880e-07,-6.0163238554e-15,
4.3810809221e+02,1.4015759924e+01,-5.3948264631e-04,1.5187466133e-05,-2.1264765897e-09,-2.3054400619e-08,-9.8065245763e-15,
l,4.0,-1.0
3.9999999106e-02,8.0399999619e+00,1.6040000916e+01,2.4040000916e+01,3.2040000916e+01,
2.0139818893e+01,1.7893301294e+00,1.0506869744e+00,-2.6666711080e-01,6.3570576615e-02,-6.5104517029e-03,2.2399208339e-04,
7.1550712136e+01,1.0704056778e+01,-2.2296169015e-01,4.2058770344e-02,-4.0995105584e-03,1.5876823870e-04,-2.1779889751e-11,
1.5285315702e+02,1.0040259486e+01,-1.6800291427e-03,-2.4221878925e-04,4.5022664032e-05,-2.0298881008e-06,-6.3518099351e-13,
2.3306111546e+02,1.0015481945e+01,-4.6546968548e-04,-7.7710920137e-05,1.6975566739e-05,-9.7782337046e-07,3.8085996502e-13,
3.1315303791e+02,1.0008406865e+01,-2.7309507618e-04,6.5880963549e-06,-1.0706695244e-09,-5.4323863067e-09,-5.8225022952e-15,
l,4.0,0.0
3.9999999106e-02,8.0399999619e+00,1.6040000916e+01,2.4040000916e+01,3.2040000916e+01,
1.9997838689e+01,8.7965881326e-02,4.3255737213e-01,9.4381627766e-02,-3.4450834259e-02,5.8796185049e-03,-3.2488845312e-04,
6.3090071778e+01,1.1780315273e+01,-2.5899368746e-01,-6.1384796148e-03,4.8365136953e-03,-3.1299677752e-04,2.0205732100e-10,
1.4720343055e+02,1.0097961899e+01,-8.1003037295e-03,6.1588422873e-04,-3.4458650697e-05,9.5107557021e-07,-1.7920531086e-14,
2.2767403649e+02,1.0035430016e+01,-1.7144282381e-03,7.3869570922e-05,-2.0943539555e-06,1.9447948766e-08,-5.8629286832e-15,
3.0787763718e+02,1.0018167043e+01,-5.4441135293e-04,-1.1737787688e-05,4.4058286289e-06,-2.5980743212e-07,5.3194482718e-15,
l,4.0,1.0
3.9999999106e-02,8.0399999619e+00,1.6040000916e+01,2.4040000916e+01,3.2040000916e+01,
1.9874345824e+01,-1.7532234153e+00,1.0420789445e-01,2.7308661404e-01,-7.0336326528e-02,8.7677540178e-03,-4.2858690331e-04,
3.9568917838e+01,6.6246621802e+00,-1.9786453335e-01,3.7534177812e-02,-3.6810129768e-03,1.4335929141e-04,-1.9688709989e-11,
8.8735271546e+01,6.0368003426e+00,-1.3198641601e-03,-3.6814851549e-04,7.2082170369e-05,-3.8884405121e-06,1.4537230745e-12,
1.3692499208e+02,6.0147592841e+00,-6.7200334667e-04,2.3006181147e-05,1.3313964766e-07,-4.6518293699e-08,-1.4849899744e-14,
1.8501087941e+02,6.0077720493e+00,-2.3890124364e-04,-2.0201385420e-07,1.0163288084e-06,-5.9660646267e-08,8.4191362837e-15,
l,4.0,2.0
3.9999999106e-02,8.0399999619e+00,1.6040000916e+01,2.4040000916e+01,3.2040000916e+01,
1.9846907591e+01,-4.2464796120e+00,7.5153663989e-01,-5.7769862542e-02,1.3655293246e-02,-4.8581313810e-04,-3.8899814354e-05,
3.4210519128e+01,7.4857298207e+00,-3.0849209081e-01,2.7042419476e-02,-1.6925937123e-04,-6.7842293417e-05,1.1154986348e-10,
8.5299678333e+01,6.0754452142e+00,-6.1179858264e-03,4.6129183007e-04,-2.6137558916e-05,7.4504199563e-07,-5.5478827779e-14,
1.3366518929e+02,6.0277704686e+00,-1.3589667348e-03,6.7392605395e-05,-3.0295043858e-06,8.1054029663e-08,9.3524622455e-15,
1.8182512835e+02,6.0143480246e+00,-4.5748485139e-04,2.9955785398e-06,1.5387605784e-06,-9.9684911464e-08,-5.8165221142e-15,
l,4.0,3.0
3.9999999106e-02,8.0399999619e+00,1.6040000916e+01,2.4040000916e+01,3.2040000916e+01,
1.9758804933e+01,-6.3315510925e+00,8.7858834804e-01,-1.2193488126e-01,4.3423622542e-02,-6.0829115134e-03,2.7199042444e-04,
1.2732912151e+01,2.0518306742e+00,-6.6032631931e-03,5.9311335072e-04,-3.0044439715e-05,5.8687336389e-07,3.9388736824e-13,
2.8924839333e+01,2.0107330317e+00,-7.4462165603e-04,5.0201661301e-05,-2.7833957105e-06,8.3101902695e-08,-2.5625442803e-15,
4.4980064124e+01,2.0044536668e+00,-2.0550823097e-04,1.1170400625e-05,-6.8191169475e-07,2.5004081542e-08,1.2414882687e-15,
6.1006282853e+01,2.0024215909e+00,-8.4707319979e-05,4.6082138533e-06,-3.7513483268e-07,1.6539071634e-08,-4.7367392317e-17,
l,4.0,4.0
3.9999999106e-02,8.0399999619e+00,1.6040000916e+01,2.4040000916e+01,3.2040000916e+01,
1.9657739882e+01,-8.2747988326e+00,7.4264145090e-01,4.5354753954e-02,-1.6989046562e-02,1.2386256076e-03,-2.5168475433e-05,
-1.1398762349e+01,-2.1180299807e+00,1.9257191841e-02,-2.4699937097e-03,1.9673900796e-04,-6.8517040662e-06,9.6612128596e-13,
-2.7793641481e+01,-2.0205953550e+00,1.4729525743e-03,-9.8220162376e-05,5.0548252558e-06,-1.3499753522e-07,2.3607193539e-15,
-4.3898137097e+01,-2.0082870407e+00,3.7838863959e-04,-1.7085772031e-05,6.9158606996e-07,-1.7382474130e-08,1.1942579962e-15,
-5.9946698839e+01,-2.0044474388e+00,1.4881412861e-04,-4.9194544168e-06,1.2723262046e-07,-6.8025481487e-10,-8.5872936350e-16,
l,5.0,-5.0
3.9999999106e-02,8.0399999619e+00,1.6040000916e+01,2.4040000916e+01,3.2040000916e+01,
3.0413678666e+01,1.0411482616e+01,8.5920996157e-01,1.6123748305e-02,-4.1488454957e-03,5.2305012406e-04,-3.3830894134e-05,
1.6818764525e+02,2.3026148350e+01,1.8780834220e-02,-6.0994133445e-02,1.0130129796e-02,-5.1077315297e-04,1.8472049888e-10,
3.4716300425e+02,2.2060305181e+01,-5.0319753659e-03,3.7110246681e-04,-1.9580819064e-05,5.1155000183e-07,1.3529224966e-14,
5.2344990207e+02,2.2021354899e+01,-1.0488796527e-03,4.3812738207e-05,-9.3707426691e-07,-7.7637780090e-09,-1.0492441846e-14,
6.9957196357e+02,2.2010867150e+01,-3.6495243007e-04,6.1196526982e-06,6.6879437206e-07,-4.7772356743e-08,-3.3452903960e-14,
l,5.0,-4.0
3.9999999106e-02,8.0399999619e+00,1.6040000916e+01,2.4040000916e+01,3.2040000916e+01,
3.0458293247e+01,7.5020873496e+00,1.8934148359e+00,-6.0905397022e-01,1.4581757612e-01,-1.6016509947e-02,6.3137295930e-04,
1.3867668032e+02,1.8892450742e+01,-2.5570954950e-01,4.0688890833e-02,-3.3087692007e-03,1.0740614381e-04,1.7143232763e-11,
2.8425119747e+02,1.8037430656e+01,-3.0498494032e-03,2.3934684011e-04,-1.4666063830e-05,4.5737252900e-07,2.0182762978e-14,
4.2843288338e+02,1.8013891535e+01,-7.1863877230e-04,4.7756131563e-05,-3.4920212668e-06,1.3748523485e-07,-8.8189506897e-15,
5.7251268853e+02,1.8007197063e+01,-2.6115120553e-04,1.2767381141e-05,-8.8381638507e-07,3.7212047107e-08,-1.1362143775e-14,
l,5.0,-3.0
3.9999999106e-02,8.0399999619e+00,1.6040000916e+01,2.4040000916e+01,3.2040000916e+01,
3.0232401637e+01,6.3784533256e+00,4.4744585290e-01,1.2277625209e-01,-3.6068388221e-02,4.6540335585e-03,-2.0311280497e-04,
1.2423811090e+02,1.8492191762e+01,9.0352333288e-01,-3.1113609945e-01,3.8933757086e-02,-1.7157922605e-03,2.4522705235e-10,
2.7402377019e+02,1.8148150633e+01,-1.3548499603e-02,1.2080335332e-03,-8.2151738780e-05,2.7389454094e-06,-3.7228172724e-13,
4.1871346400e+02,1.8050756224e+01,-2.6501663748e-03,1.5003400551e-04,-8.1806206372e-06,2.5751495507e-07,8.9140967480e-15,
5.6300163609e+02,1.8025644485e+01,-9.1111811695e-04,2.8446039546e-05,-4.0087217481e-07,-1.1513990006e-08,3.3617982634e-15,
l,5.0,-2.0
3.9999999106e-02,8.0399999619e+00,1.6040000916e+01,2.4040000916e+01,3.2040000916e+01,
3.0167444016e+01,4.1726385667e+00,5.9145419156e-01,-7.7287379917e-03,3.4391597080e-04,3.0251509578e-04,-2.9315790157e-05,
1.0135881734e+02,9.9169580435e+00,3.0188305840e+00,-8.4053211995e-01,1.0267262058e-01,-4.6040892465e-03,1.5265515273e-09,
2.1352796349e+02,1.4084056029e+01,-6.9687308367e-03,5.4709984071e-04,-3.2950383451e-05,1.0067473670e-06,-5.6359525600e-14,
3.2593246460e+02,1.4030619954e+01,-1.5551519199e-03,9.1545355441e-05,-5.8213301837e-06,2.1994809880e-07,-6.0163238554e-15,
4.3810809221e+02,1.4015759924e+01,-5.3948264631e-04,1.5187466133e-05,-2.1264765897e-09,-2.3054400619e-08,-9.8065245763e-15,
l,5.0,-1.0
3.9999999106e-02,8.0399999619e+00,1.6040000916e+01,2.4040000916e+01,3.2040000916e+01,
3.0072532314e+01,2.1891790438e+00,4.2117878515e-01,6.6999727679e-02,-1.7467685410e-02,2.1492874769e-03,-8.0627213185e-05,
8.6577685620e+01,1.3694855283e+01,1.4936863169e+00,-4.4294959523e-01,5.1556170434e-02,-2.1608976656e-03,1.0743674956e-10,
2.0537294076e+02,1.4195064321e+01,-1.8351808182e-02,1.6529651874e-03,-1.0880692097e-04,3.3943026777e-06,-4.9030581312e-13,
3.1827078650e+02,1.4065471104e+01,-3.4049683333e-03,1.8698650146e-04,-1.0014900846e-05,3.2628705568e-07,1.4368640589e-14,
4.3064199017e+02,1.4032970720e+01,-1.2017358570e-03,4.4962033119e-05,-1.5177019082e-06,2.6067768856e-08,-1.5402684480e-14,
l,5.0,0.0
3.9999999106e-02,8.0399999619e+00,1.6040000916e+01,2.4040000916e+01,3.2040000916e+01,
3.0001194703e+01,4.1242575889e-02,5.2678546540e-01,3.5137431833e-03,-1.1928979303e-03,4.5612562001e-04,-3.4964226419e-05,
6.7127876654e+01,7.6196701504e+00,1.2428871749e+00,-2.4313901787e-01,2.0614058097e-02,-6.1920922708e-04,-1.1941242013e-09,
1.4720343055e+02,1.0097961899e+01,-8.1003037295e-03,6.1588422873e-04,-3.4458650697e-05,9.5107557021e-07,-1.7920531086e-14,
2.2767403649e+02,1.0035430016e+01,-1.7144282381e-03,7.3869570922e-05,-2.0943539555e-06,1.9447948766e-08,-5.8629286832e-15,
3.0787763718e+02,1.0018167043e+01,-5.4441135293e-04,-1.1737787688e-05,4.4058286289e-06,-2.5980743212e-07,5.3194482718e-15,
l,5.0,1.0
3.9999999106e-02,8.0399999619e+00,1.6040000916e+01,2.4040000916e+01,3.2040000916e+01,
2.9905823547e+01,-1.9332105924e+00,4.0351038877e-01,8.5074603534e-02,-2.1057549069e-02,2.5052579529e-03,-9.5549494814e-05,
5.4599155714e+01,9.7980451427e+00,1.4164340682e+00,-4.2556101079e-01,4.9879359743e-02,-2.1013150054e-03,1.2341420240e-10,
1.4126348598e+02,1.0189768738e+01,-1.7769311438e-02,1.6018924019e-03,-1.0740457794e-04,3.4840378399e-06,-3.9585288598e-13,
2.2213868600e+02,1.0063820361e+01,-3.2399266739e-03,1.5508976705e-04,-5.8171282168e-06,1.1628308751e-07,1.8624607482e-14,
3.0250123301e+02,1.0032206492e+01,-1.1445832917e-03,3.4083064597e-05,-2.0972639731e-07,-2.9880600870e-08,9.0117183044e-15,
l,5.0,2.0
3.9999999106e-02,8.0399999619e+00,1.6040000916e+01,2.4040000916e+01,3.2040000916e+01,
2.9837217547e+01,-4.0982658566e+00,6.0138662005e-01,-4.7103991439e-03,2.8915491315e-03,-2.2208401095e-04,-3.1158009625e-06,
3.7099030167e+01,4.5803502244e+00,7.1218751734e-01,-1.2796044034e-01,9.4325483452e-03,-2.1586734234e-04,-8.2034391977e-10,
8.5299678333e+01,6.0754452142e+00,-6.1179858264e-03,4.6129183007e-04,-2.6137558916e-05,7.4504199563e-07,-5.5478827779e-14,
1.3366518929e+02,6.0277704686e+00,-1.3589667348e-03,6.7392605395e-05,-3.0295043858e-06,8.1054029663e-08,9.3524622455e-15,
1.8182512835e+02,6.0143480246e+00,-4.5748485139e-04,2.9955785398e-06,1.5387605784e-06,-9.9684911464e-08,-5.8165221142e-15,
l,5.0,3.0
3.9999999106e-02,8.0399999619e+00,1.6040000916e+01,2.4040000916e+01,3.2040000916e+01,
2.9745612421e+01,-6.0869258194e+00,5.4698085639e-01,7.5763623159e-02,-2.1561165439e-02,3.1603433123e-03,-1.5861294684e-04,
2.8490990914e+01,6.6840635904e+00,6.7141151749e-01,-2.4865417780e-01,3.1957570793e-02,-1.4310659794e-03,2.4470930207e-10,
8.1696196891e+01,6.1319206381e+00,-1.1632142903e-02,9.8008535101e-04,-6.2864130609e-05,2.0058827076e-06,-2.2455771884e-13,
1.3031700966e+02,6.0460643894e+00,-2.3682385931e-03,1.2865030796e-04,-6.5790933384e-06,1.9900032085e-07,-2.1904144795e-14,
1.7857938207e+02,6.0233701142e+00,-8.1219946324e-04,2.5861253919e-05,-7.9047201042e-07,2.4040010858e-08,8.3317955272e-15,
l,5.0,4.0
3.9999999106e-02,8.0399999619e+00,1.6040000916e+01,2.4040000916e+01,3.2040000916e+01,
2.9682412550e+01,-8.2960525748e+00,8.9038452677e-01,-8.4212773827e-02,2.2275343091e-02,-2.2579941293e-03,6.4776393396e-05,
1.1433617896e+01,2.0653509832e+00,9.4926878255e-03,-4.6947012597e-03,6.3089083759e-04,-2.9074069306e-05,1.1001549698e-11,
2.7793641481e+01,2.0205953550e+00,-1.4729525743e-03,9.8220162376e-05,-5.0548252558e-06,1.3499753522e-07,-2.3607193539e-15,
4.3898137097e+01,2.0082870407e+00,-3.7838863959e-04,1.7085772031e-05,-6.9158606996e-07,1.7382474130e-08,-1.1942579962e-15,
5.9946698839e+01,2.0044474388e+00,-1.4881412861e-04,4.9194544168e-06,-1.2723262046e-07,6.8025481487e-10,8.5872936350e-16,
l,5.0,5.0
3.9999999106e-02,8.0399999619e+00,1.6040000916e+01,2.4040000916e+01,3.2040000916e+01,
2.9587087892e+01,-1.0259367512e+01,8.7100834623e-01,-1.1802211129e-02,2.1379746671e-03,-9.5467240116e-04,5.8867069841e-05,
-9.8886653907e+00,-2.2357429429e+00,4.3523671955e-02,-6.0938691761e-03,5.1210478527e-04,-1.8416066863e-05,2.8694647607e-12,
-2.6614404350e+01,-2.0349702934e+00,2.6218223958e-03,-1.8394123351e-04,9.9648986230e-06,-2.7890867162e-07,1.3146460827e-14,
-4.2788858779e+01,-2.0136080200e+00,6.3577351021e-04,-2.8434366739e-05,1.0158974104e-06,-1.8663338541e-08,1.0865171845e-15,
-5.8868044048e+01,-2.0071992803e+00,2.4314199311e-04,-7.6126007572e-06,1.5519796449e-07,3.8276006465e-10,-2.7342987972e-16,
l,6.0,-6.0
3.9999999106e-02,8.0399999619e+00,1.6040000916e+01,2.4040000916e+01,3.2040000916e+01,
4.2492286403e+01,1.2361809043e+01,8.8886058138e-01,9.1716237601e-03,-2.1776682337e-03,2.5220159715e-04,-1.5791910700e-05,
1.9819262208e+02,2.5762185014e+01,8.8076607030e-01,-2.5636640585e-01,2.9402519732e-02,-1.2164750405e-03,3.6513669519e-11,
4.1000271995e+02,2.6095018407e+01,-9.4968590327e-03,9.4953613394e-04,-7.0221981676e-05,2.4391572513e-06,-2.9306427796e-13,
6.1843341672e+02,2.6031065264e+01,-1.5970157150e-03,7.8443868759e-05,-3.2100192396e-06,7.8419605546e-08,-4.8173896376e-16,
8.2660933092e+02,2.6015439410e+01,-4.5763373044e-04,-1.7207094482e-05,5.0104259720e-06,-2.9504002826e-07,-4.1824537636e-14,
l,6.0,-5.0
3.9999999106e-02,8.0399999619e+00,1.6040000916e+01,2.4040000916e+01,3.2040000916e+01,
4.2410924633e+01,1.0299506839e+01,7.8251599692e-01,-7.5805422578e-04,-2.3482655643e-04,-4.7589111174e-05,-1.2008097447e-06,
1.7122540561e+02,1.7075966745e+01,3.7715322289e+00,-1.0832366354e+00,1.3539843035e-01,-6.1792173614e-03,2.9655750405e-09,
3.4716300425e+02,2.2060305181e+01,-5.0319753659e-03,3.7110246681e-04,-1.9580819064e-05,5.1155000183e-07,1.3529224966e-14,
5.2344990207e+02,2.2021354899e+01,-1.0488796527e-03,4.3812738207e-05,-9.3707426691e-07,-7.7637780090e-09,-1.0492441846e-14,
6.9957196357e+02,2.2010867150e+01,-3.6495243007e-04,6.1196526982e-06,6.6879437206e-07,-4.7772356743e-08,-3.3452903960e-14,
l,6.0,-4.0
3.9999999106e-02,8.0399999619e+00,1.6040000916e+01,2.4040000916e+01,3.2040000916e+01,
4.2326590085e+01,8.2594723837e+00,6.6774534963e-01,6.9716195681e-03,-1.7533254302e-03,1.1824458461e-06,1.8264977716e-05,
1.5245146877e+02,1.9545397454e+01,1.9179465225e+00,-3.8106807690e-01,3.0693785368e-02,-8.4833447223e-04,-5.2208694461e-10,
3.3429864682e+02,2.2249324439e+01,-2.6972640862e-02,2.8692638558e-03,-2.1635146020e-04,7.4658848033e-06,-3.1467965172e-13,
5.1139426595e+02,2.2077488392e+01,-4.1417490578e-03,2.2801669591e-04,-1.1514711532e-05,3.4239401904e-07,1.4674521170e-14,
6.8782984891e+02,2.2038391487e+01,-1.4508877270e-03,6.5584591231e-05,-3.7677708035e-06,1.4251764931e-07,7.1594525884e-16,
l,6.0,-3.0
3.9999999106e-02,8.0399999619e+00,1.6040000916e+01,2.4040000916e+01,3.2040000916e+01,
4.2245402644e+01,6.2024198894e+00,5.9568334158e-01,9.1950359701e-03,-3.6931234589e-03,5.8961392896e-04,-3.0053147906e-05,
1.3106865792e+02,1.6732418927e+01,-8.7584476018e-01,5.4973686641e-01,-9.1591791418e-02,4.8637335421e-03,-2.7677683270e-09,
2.7402377019e+02,1.8148150633e+01,-1.3548499603e-02,1.2080335332e-03,-8.2151738780e-05,2.7389454094e-06,-3.7228172724e-13,
4.1871346400e+02,1.8050756224e+01,-2.6501663748e-03,1.5003400551e-04,-8.1806206372e-06,2.5751495507e-07,8.9140967480e-15,
5.6300163609e+02,1.8025644485e+01,-9.1111811695e-04,2.8446039546e-05,-4.0087217481e-07,-1.1513990006e-08,3.3617982634e-15,
l,6.0,-2.0
3.9999999106e-02,8.0399999619e+00,1.6040000916e+01,2.4040000916e+01,3.2040000916e+01,
4.2166268811e+01,4.1276760240e+00,5.8320142752e-01,-1.7152868557e-02,4.9771265211e-03,-6.4774035143e-04,3.9345689620e-05,
1.1335115955e+02,1.4026154092e+01,2.0616898520e+00,-2.6572844803e-01,5.9554913438e-03,5.3400297343e-04,-8.3524250923e-10,
2.6316543595e+02,1.8357229680e+01,-4.0644096762e-02,4.4577635555e-03,-3.3779467211e-04,1.1580728234e-05,-6.8978141073e-13,
4.0869991231e+02,1.8106802224e+01,-5.8346264683e-03,3.3735124013e-04,-1.8434194081e-05,5.8940310359e-07,1.6600079497e-14,
5.5329742142e+02,1.8052342040e+01,-1.9207787044e-03,6.3621337602e-05,-1.1856544716e-06,-1.2588664581e-08,-7.8439924482e-15,
l,6.0,-1.0
3.9999999106e-02,8.0399999619e+00,1.6040000916e+01,2.4040000916e+01,3.2040000916e+01,
4.2081654252e+01,2.0990243319e+00,5.1568776272e-01,8.1785702919e-03,-2.3754167242e-03,4.4467557483e-04,-2.3132396917e-05,
9.4495726599e+01,1.3469189437e+01,-1.2454514131e+00,5.6795867370e-01,-8.2956280976e-02,4.0292456822e-03,4.3861240970e-10,
2.0537294076e+02,1.4195064321e+01,-1.8351808182e-02,1.6529651874e-03,-1.0880692097e-04,3.3943026777e-06,-4.9030581312e-13,
3.1827078650e+02,1.4065471104e+01,-3.4049683333e-03,1.8698650146e-04,-1.0014900846e-05,3.2628705568e-07,1.4368640589e-14,
4.3064199017e+02,1.4032970720e+01,-1.2017358570e-03,4.4962033119e-05,-1.5177019082e-06,2.6067768856e-08,-1.5402684480e-14,
l,6.0,0.0
3.9999999106e-02,8.0399999619e+00,1.6040000916e+01,2.4040000916e+01,3.2040000916e+01,
4.2002537606e+01,2.8240589993e-02,5.4286619147e-01,-1.4714854128e-02,5.1508557382e-03,-6.6205747486e-04,3.8416150123e-05,
7.9060470788e+01,9.6548678681e+00,1.9918218072e+00,-1.9926384994e-01,-4.9834053338e-03,1.0856748801e-03,-8.9247060296e-10,
1.9670723250e+02,1.4392234427e+01,-4.5717087822e-02,5.1647625975e-03,-4.0174695430e-04,1.4066102835e-05,-1.0793020845e-12,
3.1037841604e+02,1.4115695654e+01,-6.3112636176e-03,3.5529326624e-04,-1.8246740980e-05,5.4750759666e-07,-8.9538654725e-15,
4.2302511285e+02,1.4056643612e+01,-2.1179395371e-03,7.9228751770e-05,-2.5394551164e-06,4.3353288032e-08,-7.0908689402e-15,
l,6.0,1.0
3.9999999106e-02,8.0399999619e+00,1.6040000916e+01,2.4040000916e+01,3.2040000916e+01,
4.1917711915e+01,-1.9951462725e+00,5.1427333896e-01,1.2567461057e-02,-2.7461633490e-03,4.4252460998e-04,-2.2437035865e-05,
6.2395911350e+01,9.0137706317e+00,-6.1840638262e-01,3.3331087123e-01,-4.9042194805e-02,2.3377610257e-03,9.8181996932e-10,
1.4126348598e+02,1.0189768738e+01,-1.7769311438e-02,1.6018924019e-03,-1.0740457794e-04,3.4840378399e-06,-3.9585288598e-13,
2.2213868600e+02,1.0063820361e+01,-3.2399266739e-03,1.5508976705e-04,-5.8171282168e-06,1.1628308751e-07,1.8624607482e-14,
3.0250123301e+02,1.0032206492e+01,-1.1445832917e-03,3.4083064597e-05,-2.0972639731e-07,-2.9880600870e-08,9.0117183044e-15,
l,6.0,2.0
3.9999999106e-02,8.0399999619e+00,1.6040000916e+01,2.4040000916e+01,3.2040000916e+01,
4.1838356440e+01,-4.0608653697e+00,5.8135556254e-01,-1.0464242211e-02,4.8285171809e-03,-7.1841377709e-04,4.3990966078e-05,
4.9106315029e+01,6.2710091064e+00,2.0387859677e+00,-2.8352503352e-01,9.7613978603e-03,3.2207794740e-04,-7.8656052560e-10,
1.3496142997e+02,1.0342234611e+01,-3.8506763234e-02,4.1989144402e-03,-3.1863110372e-04,1.0984083068e-05,-7.2061760603e-13,
2.1643914565e+02,1.0103124373e+01,-5.5057828955e-03,2.8600178514e-04,-1.2300151473e-05,2.9523119104e-07,8.2903270338e-15,
2.9701746182e+02,1.0050776783e+01,-1.8940682615e-03,7.3787974303e-05,-2.8745909524e-06,7.1614644756e-08,5.1136182766e-15,
l,6.0,3.0
3.9999999106e-02,8.0399999619e+00,1.6040000916e+01,2.4040000916e+01,3.2040000916e+01,
4.1754908552e+01,-6.0904958160e+00,6.0844483455e-01,7.7747593214e-03,-1.3812928710e-03,2.8543354393e-04,-1.9620649309e-05,
3.4343732101e+01,5.1118768956e+00,-2.3594340600e-01,1.8037067960e-01,-2.8682664921e-02,1.4265402044e-03,4.3583245137e-10,
8.1696196891e+01,6.1319206381e+00,-1.1632142903e-02,9.8008535101e-04,-6.2864130609e-05,2.0058827076e-06,-2.2455771884e-13,
1.3031700966e+02,6.0460643894e+00,-2.3682385931e-03,1.2865030796e-04,-6.5790933384e-06,1.9900032085e-07,-2.1904144795e-14,
1.7857938207e+02,6.0233701142e+00,-8.1219946324e-04,2.5861253919e-05,-7.9047201042e-07,2.4040010858e-08,8.3317955272e-15,
l,6.0,4.0
3.9999999106e-02,8.0399999619e+00,1.6040000916e+01,2.4040000916e+01,3.2040000916e+01,
4.1669351171e+01,-8.1057139504e+00,6.4180694251e-01,2.9112449443e-02,-7.1527866275e-03,9.1180375143e-04,-3.5173424741e-05,
2.4244167362e+01,4.2268744681e+00,1.6439618571e+00,-3.5131637095e-01,3.0771718168e-02,-9.6123699242e-04,-4.0255690029e-10,
7.7887675369e+01,6.2210929801e+00,-2.3246795052e-02,2.4378709580e-03,-1.8408930618e-04,6.4049817480e-06,-2.9561852283e-13,
1.2687240146e+02,6.0704761930e+00,-3.7183234976e-03,1.9720247329e-04,-8.8469302475e-06,2.1264519081e-07,1.0195512162e-14,
1.7526996079e+02,6.0350792530e+00,-1.2383384433e-03,3.0682965225e-05,9.4644155263e-07,-1.0542884989e-07,3.2006491205e-15,
l,6.0,5.0
3.9999999106e-02,8.0399999619e+00,1.6040000916e+01,2.4040000916e+01,3.2040000916e+01,
4.1592596996e+01,-1.0178708504e+01,7.7931147609e-01,6.2400630801e-03,-4.3194595894e-03,9.9009380065e-04,-6.7680362954e-05,
1.0238168822e+01,1.7694296126e+00,1.9060201713e-01,-4.9034321770e-02,5.6068858716e-03,-2.3957919363e-04,6.1735337578e-11,
2.6614404350e+01,2.0349702934e+00,-2.6218223958e-03,1.8394123351e-04,-9.9648986230e-06,2.7890867162e-07,-1.3146460827e-14,
4.2788858792e+01,2.0136084431e+00,-6.3658990464e-04,2.8776701573e-05,-1.0686820479e-06,2.1413314561e-08,-1.6995284975e-15,
5.8868044048e+01,2.0071992803e+00,-2.4314199311e-04,7.6126007572e-06,-1.5519796449e-07,-3.8276006465e-10,2.7342987972e-16,
l,6.0,6.0
3.9999999106e-02,8.0399999619e+00,1.6040000916e+01,2.4040000916e+01,3.2040000916e+01,
4.1512382779e+01,-1.2233346409e+01,9.2845179500e-01,-2.7334743640e-02,6.3896041856e-03,-1.1161546862e-03,5.0441715253e-05,
-8.1080081451e+00,-2.4607296974e+00,9.7765965913e-02,-1.4922735389e-02,1.3145629300e-03,-4.8503003868e-05,7.9230518843e-12,
-2.5380438897e+01,-2.0550872593e+00,4.3425051130e-03,-3.1916166306e-04,1.7913637092e-05,-5.1306764787e-07,1.8370576931e-14,
-4.1650046286e+01,-2.0206479300e+00,9.9587495079e-04,-4.7296069151e-05,1.9644369054e-06,-4.8695796007e-08,-1.0449693263e-15,
-5.7769252916e+01,-2.0107608973e+00,3.7407551705e-04,-1.2721194216e-05,3.4636657251e-07,-3.7554333201e-09,1.7460469114e-16,
l,7.0,-7.0
3.9999999106e-02,8.0399999619e+00,1.6040000916e+01,2.4040000916e+01,3.2040000916e+01,
5.6571222390e+01,1.4324783086e+01,9.0939854513e-01,4.9969283146e-03,-1.0631878160e-03,1.0928341026e-04,-6.9415485377e-06,
2.2940619994e+02,2.8140932239e+01,1.1769970571e+00,-1.9620049764e-01,1.1692872981e-02,-1.3656564524e-04,-3.8770322117e-10,
4.7275128909e+02,3.0148641810e+01,-1.7735595258e-02,2.0411443722e-03,-1.5869304628e-04,5.4879211011e-06,-2.7388808825e-13,
7.1338000092e+02,3.0043646535e+01,-2.4780722929e-03,1.6710710480e-04,-1.1406478662e-05,4.2605257898e-07,-7.3035521985e-15,
9.5362337383e+02,3.0021153395e+01,-7.5327993966e-04,4.0603613469e-05,-5.5108340336e-06,3.7840960671e-07,8.3169987624e-14,
l,7.0,-6.0
3.9999999106e-02,8.0399999619e+00,1.6040000916e+01,2.4040000916e+01,3.2040000916e+01,
5.6489839628e+01,1.2279041705e+01,8.0637438923e-01,8.2049289845e-04,-5.1738167393e-04,1.2043641945e-05,-2.9346159323e-06,
2.0486819833e+02,2.2358692683e+01,3.3460080400e-01,2.8140615625e-01,-6.5015335901e-02,3.8960480788e-03,-4.3479340512e-09,
4.1000271995e+02,2.6095018407e+01,-9.4968590327e-03,9.4953613394e-04,-7.0221981676e-05,2.4391572513e-06,-2.9306427796e-13,
6.1843341672e+02,2.6031065264e+01,-1.5970157150e-03,7.8443868759e-05,-3.2100192396e-06,7.8419605546e-08,-4.8173896376e-16,
8.2660933092e+02,2.6015439410e+01,-4.5763373044e-04,-1.7207094482e-05,5.0104259720e-06,-2.9504002826e-07,-4.1824537636e-14,
l,7.0,-5.0
3.9999999106e-02,8.0399999619e+00,1.6040000916e+01,2.4040000916e+01,3.2040000916e+01,
5.6409355506e+01,1.0227525302e+01,7.3201263513e-01,-1.0860111771e-02,2.8944977789e-03,-4.9308269286e-04,3.0756417134e-05,
1.8333082053e+02,2.1520379272e+01,1.0970816872e+00,9.6989947335e-02,-3.9251496531e-02,2.4368933041e-03,-4.6776666284e-10,
3.9427937451e+02,2.6424440520e+01,-5.9217189464e-02,7.8371044937e-03,-6.6868489958e-04,2.4622594044e-05,-2.5893912750e-12,
6.0396443545e+02,2.6112537935e+01,-6.3522257769e-03,3.7787587458e-04,-2.0400206553e-05,6.2076806772e-07,3.1590917527e-14,
8.1258844740e+02,2.6054183745e+01,-1.9630672233e-03,4.4427955457e-05,2.4038648221e-06,-2.1326279308e-07,-2.5326324125e-14,
l,7.0,-4.0
3.9999999106e-02,8.0399999619e+00,1.6040000916e+01,2.4040000916e+01,3.2040000916e+01,
5.6326020818e+01,8.1999912761e+00,6.3555699884e-01,3.8345164212e-03,-1.6672920278e-03,2.1861691633e-04,-8.5184771774e-06,
1.6211212990e+02,2.0937577806e+01,-1.4131827443e+00,5.5349007677e-01,-6.8125205016e-02,2.7631973260e-03,3.3949424539e-09,
3.3429864682e+02,2.2249324439e+01,-2.6972640862e-02,2.8692638558e-03,-2.1635146020e-04,7.4658848033e-06,-3.1467965172e-13,
5.1139426595e+02,2.2077488392e+01,-4.1417490578e-03,2.2801669591e-04,-1.1514711532e-05,3.4239401904e-07,1.4674521170e-14,
6.8782984891e+02,2.2038391487e+01,-1.4508877270e-03,6.5584591231e-05,-3.7677708035e-06,1.4251764931e-07,7.1594525884e-16,
l,7.0,-3.0
3.9999999106e-02,8.0399999619e+00,1.6040000916e+01,2.4040000916e+01,3.2040000916e+01,
5.6245923950e+01,6.1489481270e+00,5.9639924340e-01,-7.3113584665e-03,1.7524257828e-03,-2.0545225514e-04,1.2750288216e-05,
1.4361285677e+02,1.6539319336e+01,2.3954954627e-01,4.4863575870e-01,-8.2174975397e-02,4.1554605110e-03,-7.6498083793e-11,
3.2042665676e+02,2.2677022410e+01,-1.0895369533e-01,1.6024531197e-02,-1.4487714359e-03,5.5095401779e-05,-5.4564721180e-12,
4.9894322673e+02,2.2161902477e+01,-9.2145785351e-03,5.3247282915e-04,-2.6962482616e-05,7.7773649111e-07,-3.0484768513e-14,
6.7583633290e+02,2.2077156584e+01,-2.8994645990e-03,9.7779819125e-05,-2.1553170620e-06,1.2916246154e-08,2.6104742326e-14,
l,7.0,-2.0
3.9999999106e-02,8.0399999619e+00,1.6040000916e+01,2.4040000916e+01,3.2040000916e+01,
5.6163401585e+01,4.1177155193e+00,5.4358030378e-01,8.6060195730e-04,-3.5511429558e-04,1.0983872286e-04,-4.4584859708e-06,
1.2528744608e+02,1.3327714455e+01,1.3986592259e+00,-3.7410698694e-01,6.0571356482e-02,-3.5239197779e-03,2.3445069863e-09,
2.6316543595e+02,1.8357229680e+01,-4.0644096762e-02,4.4577635555e-03,-3.3779467211e-04,1.1580728234e-05,-6.8978141073e-13,
4.0869991231e+02,1.8106802224e+01,-5.8346264683e-03,3.3735124013e-04,-1.8434194081e-05,5.8940310359e-07,1.6600079497e-14,
5.5329742142e+02,1.8052342040e+01,-1.9207787044e-03,6.3621337602e-05,-1.1856544716e-06,-1.2588664581e-08,-7.8439924482e-15,
l,7.0,-1.0
3.9999999106e-02,8.0399999619e+00,1.6040000916e+01,2.4040000916e+01,3.2040000916e+01,
5.6082885650e+01,2.0735196179e+00,5.2990745716e-01,-4.9759539405e-03,1.6528597808e-03,-1.5505625848e-04,8.8250087366e-06,
1.0793860877e+02,1.2247197268e+01,-1.8391964435e-01,5.7728527922e-01,-9.3683063109e-02,4.4385304709e-03,2.5532699615e-10,
2.5139298021e+02,1.8826633138e+01,-1.4174115713e-01,2.1560305093e-02,-1.9722816687e-03,7.5252997241e-05,-7.1602311601e-12,
3.9835780504e+02,1.8186838784e+01,-1.0658574541e-02,5.9908488240e-04,-2.8056779065e-05,7.2688611797e-07,-4.2293885894e-14,
5.4338596687e+02,1.8088579469e+01,-3.3408824571e-03,1.0821446704e-04,-1.4272710964e-06,-5.4279505870e-08,-1.0426765794e-14,
l,7.0,0.0
3.9999999106e-02,8.0399999619e+00,1.6040000916e+01,2.4040000916e+01,3.2040000916e+01,
5.6000553538e+01,4.3229563856e-02,5.1218772990e-01,2.0223560027e-03,-7.9333274699e-05,7.2134835286e-05,-2.8774151100e-06,
9.1642351700e+01,8.2173155566e+00,2.0484633930e+00,-5.1930982410e-01,7.2831239572e-02,-3.8027018710e-03,2.7450516928e-11,
1.9670723250e+02,1.4392234427e+01,-4.5717087822e-02,5.1647625975e-03,-4.0174695430e-04,1.4066102835e-05,-1.0793020845e-12,
3.1037841604e+02,1.4115695654e+01,-6.3112636176e-03,3.5529326624e-04,-1.8246740980e-05,5.4750759666e-07,-8.9538654725e-15,
4.2302511285e+02,1.4056643612e+01,-2.1179395371e-03,7.9228751770e-05,-2.5394551164e-06,4.3353288032e-08,-7.0908689402e-15,
l,7.0,1.0
3.9999999106e-02,8.0399999619e+00,1.6040000916e+01,2.4040000916e+01,3.2040000916e+01,
5.5920005319e+01,-1.9977270644e+00,5.2985409513e-01,-2.9833244125e-03,1.6062588277e-03,-1.7418634194e-04,1.0020334588e-05,
7.5724288892e+01,8.2712044797e+00,-1.4056946546e-01,5.6391218575e-01,-9.2420140897e-02,4.4031020059e-03,2.2402502080e-10,
1.8730379956e+02,1.4812842856e+01,-1.3841734540e-01,2.0926180906e-02,-1.9041875022e-03,7.2321263266e-05,-6.6964561091e-12,
3.0222940434e+02,1.4184854817e+01,-1.0559299531e-02,5.9947643133e-04,-2.8652035702e-05,7.5900928396e-07,-1.5857272765e-14,
4.1524685843e+02,1.4087778762e+01,-3.3760790021e-03,1.3097955051e-04,-4.7539072669e-06,1.1112530125e-07,-1.1016840121e-14,
l,7.0,2.0
3.9999999106e-02,8.0399999619e+00,1.6040000916e+01,2.4040000916e+01,3.2040000916e+01,
5.5837644845e+01,-4.0248189613e+00,5.4353465373e-01,4.3890591775e-03,-3.9542864994e-04,7.8420237272e-05,-2.9229161176e-06,
6.1020593022e+01,4.7949901149e+00,1.7597551672e+00,-4.0637534529e-01,5.3790616920e-02,-2.7333751807e-03,-2.1682990854e-10,
1.3496142997e+02,1.0342234611e+01,-3.8506763234e-02,4.1989144402e-03,-3.1863110372e-04,1.0984083068e-05,-7.2061760603e-13,
2.1643914565e+02,1.0103124373e+01,-5.5057828955e-03,2.8600178514e-04,-1.2300151473e-05,2.9523119104e-07,8.2903270338e-15,
2.9701746182e+02,1.0050776783e+01,-1.8940682615e-03,7.3787974303e-05,-2.8745909524e-06,7.1614644756e-08,5.1136182766e-15,
l,7.0,3.0
3.9999999106e-02,8.0399999619e+00,1.6040000916e+01,2.4040000916e+01,3.2040000916e+01,
5.5757592993e+01,-6.0672216089e+00,6.0016825625e-01,-5.4223495886e-03,2.4541571581e-03,-3.2185317272e-04,1.7628077022e-05,
4.6959120710e+01,4.6573964588e+00,3.9766339917e-01,3.8913217618e-01,-7.5132338812e-02,3.8791326668e-03,-1.3959614706e-10,
1.2815424477e+02,1.0639198021e+01,-1.0068245167e-01,1.4614381302e-02,-1.3127602649e-03,4.9754426753e-05,-4.9682752553e-12,
2.1055790621e+02,1.0155762730e+01,-8.7658185331e-03,4.9010055977e-04,-2.3145080145e-05,6.0680464774e-07,1.0662175534e-15,
2.9141903822e+02,1.0074549087e+01,-2.8249203809e-03,1.0552729556e-04,-3.6296672679e-06,8.5351003852e-08,1.8076239212e-14,
l,7.0,4.0
3.9999999106e-02,8.0399999619e+00,1.6040000916e+01,2.4040000916e+01,3.2040000916e+01,
5.5674858403e+01,-8.0876586957e+00,6.3904395906e-01,5.9626814917e-03,-1.2286208869e-03,2.0661037992e-04,-1.1322175925e-05,
3.3756175986e+01,2.3489476834e+00,1.1976412971e+00,-2.5001960955e-01,3.1110875617e-02,-1.5540382330e-03,2.8734788085e-10,
7.7887675369e+01,6.2210929801e+00,-2.3246795052e-02,2.4378709580e-03,-1.8408930618e-04,6.4049817480e-06,-2.9561852283e-13,
1.2687240146e+02,6.0704761930e+00,-3.7183234976e-03,1.9720247329e-04,-8.8469302475e-06,2.1264519081e-07,1.0195512162e-14,
1.7526996079e+02,6.0350792530e+00,-1.2383384433e-03,3.0682965225e-05,9.4644155263e-07,-1.0542884989e-07,3.2006491205e-15,
l,7.0,5.0
3.9999999106e-02,8.0399999619e+00,1.6040000916e+01,2.4040000916e+01,3.2040000916e+01,
5.5594234686e+01,-1.0123256061e+01,7.2187517000e-01,-1.8051067342e-03,8.1515618133e-04,-1.1769225103e-04,1.0779951958e-05,
2.2233029128e+01,2.2578849660e+00,1.1666434083e+00,6.3336162342e-03,-2.4510310340e-02,1.7133498284e-03,-4.0852459014e-10,
7.3813252836e+01,6.3709606656e+00,-4.9446200209e-02,6.3865335844e-03,-5.4095163812e-04,1.9896605635e-05,-2.0292440365e-12,
1.2332175927e+02,6.1023346777e+00,-5.5719260240e-03,2.9926590629e-04,-1.3607428306e-05,3.4999405149e-07,1.4721719776e-14,
1.7189276346e+02,6.0498853347e+00,-1.8539725006e-03,6.4766192128e-05,-1.5902343900e-06,8.1348947881e-09,-4.9749740318e-15,
l,7.0,6.0
3.9999999106e-02,8.0399999619e+00,1.6040000916e+01,2.4040000916e+01,3.2040000916e+01,
5.5510105183e+01,-1.2128794889e+01,7.7072585251e-01,2.3604350604e-02,-7.9037179968e-03,1.1309558369e-03,-5.6308394863e-05,
9.8112039209e+00,6.1250243677e-01,6.8992144512e-01,-1.4851595045e-01,1.5141732663e-02,-5.9462536326e-04,5.6477658430e-11,
2.5380438897e+01,2.0550872593e+00,-4.3425051130e-03,3.1916166306e-04,-1.7913637092e-05,5.1306764787e-07,-1.8370576931e-14,
4.1650046286e+01,2.0206479300e+00,-9.9587495079e-04,4.7296069151e-05,-1.9644369054e-06,4.8695796007e-08,1.0449693263e-15,
5.7769252916e+01,2.0107608973e+00,-3.7407551705e-04,1.2721194216e-05,-3.4636657251e-07,3.7554333201e-09,-1.7460469114e-16,
l,7.0,7.0
3.9999999106e-02,8.0399999619e+00,1.6040000916e+01,2.4040000916e+01,3.2040000916e+01,
5.5432955391e+01,-1.4188393685e+01,9.2996552784e-01,-1.4766504357e-02,2.8151643660e-03,-4.6641622226e-04,1.5213219836e-05,
-5.8810839558e+00,-2.8975119533e+00,2.1299671229e-01,-3.4033668668e-02,3.0374698735e-03,-1.1211900218e-04,1.6027406384e-11,
-2.4083336669e+01,-2.0826779757e+00,6.8831585393e-03,-5.2892300753e-04,3.0379748479e-05,-8.7344235416e-07,3.6534992028e-14,
-4.0479209442e+01,-2.0296839128e+00,1.4731864308e-03,-7.0934206631e-05,2.8435957320e-06,-6.3671276636e-08,2.1789035480e-15,
-5.6649153638e+01,-2.0152112928e+00,5.3940919852e-04,-1.9194761456e-05,6.4509497474e-07,-1.4430364388e-08,6.1709203829e-16,
l,8.0,-8.0
3.9999999106e-02,8.0399999619e+00,1.6040000916e+01,2.4040000916e+01,3.2040000916e+01,
7.3963725588e+01,3.5734013467e+00,2.3610998426e+01,-1.3328743921e+01,2.9750450572e+00,-3.0252633334e-01,1.1642219711e-02,
1.1248680979e+02,1.3311420718e-02,-4.2020482354e-03,1.9703296581e-03,-3.1316454803e-04,1.6823085931e-05,-1.3488025689e-12,
1.1259392644e+02,4.1786197286e-02,-2.8500000873e-02,8.7241420286e-03,-1.1224705130e-03,5.2089181515e-05,5.0027631026e-13,
1.1267947643e+02,-4.6898078186e-03,4.2129535526e-03,1.6574198546e-04,-2.3049630933e-04,1.9741664638e-05,-1.1839575615e-11,
1.1268711901e+02,9.0192089967e-03,6.6425609390e-03,-3.1225817355e-03,5.2606348053e-04,-3.1885247092e-05,4.6965735610e-12,
l,8.0,-7.0
3.9999999106e-02,8.0399999619e+00,1.6040000916e+01,2.4040000916e+01,3.2040000916e+01,
7.2569058773e+01,1.4260987632e+01,8.2698153318e-01,9.9212079834e-04,-4.6355221743e-04,1.8525687709e-05,-2.4160215598e-06,
2.3738910243e+02,3.0869456445e+01,-3.6913773964e+00,1.3663037519e+00,-1.8437990265e-01,8.5653710570e-03,1.2466202450e-09,
4.7275128909e+02,3.0148641810e+01,-1.7735595258e-02,2.0411443722e-03,-1.5869304628e-04,5.4879211011e-06,-2.7388808825e-13,
7.1338000092e+02,3.0043646535e+01,-2.4780722929e-03,1.6710710480e-04,-1.1406478662e-05,4.2605257898e-07,-7.3035521985e-15,
9.5362337383e+02,3.0021153395e+01,-7.5327993966e-04,4.0603613469e-05,-5.5108340336e-06,3.7840960671e-07,8.3169987624e-14,
l,8.0,-6.0
3.9999999106e-02,8.0399999619e+00,1.6040000916e+01,2.4040000916e+01,3.2040000916e+01,
7.2488438115e+01,1.2221699980e+01,7.5115081617e-01,-5.3863540326e-03,1.2655336786e-03,-2.3077738859e-04,1.3517196630e-05,
2.1666135027e+02,2.4260757266e+01,5.9307223200e-02,3.9850638042e-01,-6.2609964554e-02,2.7960080985e-03,3.2878616252e-10,
4.5378481000e+02,3.0803266097e+01,-1.5888613794e-01,2.5869363248e-02,-2.4228087089e-03,9.3140772182e-05,-8.1580767029e-12,
6.9641178030e+02,3.0157256099e+01,-9.1670229923e-03,5.3601043738e-04,-2.6623089492e-05,7.3109697603e-07,4.7475426044e-16,
9.3727247959e+02,3.0073747688e+01,-2.6891967959e-03,3.7616665855e-05,7.3643984260e-06,-4.9355221905e-07,-2.2820097751e-14,
l,8.0,-5.0
3.9999999106e-02,8.0399999619e+00,1.6040000916e+01,2.4040000916e+01,3.2040000916e+01,
7.2406456956e+01,1.0194003476e+01,6.7083403710e-01,3.3378560536e-07,-3.9404332313e-04,2.5860312241e-05,5.9960976198e-07,
1.9656807418e+02,1.8927940002e+01,2.9504685082e+00,-9.3871843035e-01,1.4469916531e-01,-7.7966524211e-03,9.9036193220e-10,
3.9427937451e+02,2.6424440520e+01,-5.9217189464e-02,7.8371044937e-03,-6.6868489958e-04,2.4622594044e-05,-2.5893912750e-12,
6.0396443545e+02,2.6112537935e+01,-6.3522257769e-03,3.7787587458e-04,-2.0400206553e-05,6.2076806772e-07,3.1590917527e-14,
8.1258844740e+02,2.6054183745e+01,-1.9630672233e-03,4.4427955457e-05,2.4038648221e-06,-2.1326279308e-07,-2.5326324125e-14,
l,8.0,-4.0
3.9999999106e-02,8.0399999619e+00,1.6040000916e+01,2.4040000916e+01,3.2040000916e+01,
7.2325549683e+01,8.1594287810e+00,6.1623621679e-01,-2.2758004299e-03,3.1432691609e-04,-3.6456111379e-05,3.4320081363e-06,
1.7671799345e+02,1.8977049353e+01,-2.1980324689e-01,3.9268214890e-01,-4.4180439282e-02,1.2810365502e-03,8.5955569794e-10,
3.7674111417e+02,2.7444245688e+01,-3.2143535321e-01,5.3895106898e-02,-5.0247779288e-03,1.9070457559e-04,-1.3570899794e-11,
5.8897841941e+02,2.6234382529e+01,-1.4070047047e-02,8.5363283847e-04,-4.4264698869e-05,1.2710789141e-06,-3.9249724502e-14,
7.9825039817e+02,2.6108107520e+01,-4.0681680279e-03,9.2408164324e-05,6.0608949246e-06,-5.4635576701e-07,-8.1422706836e-14,
l,8.0,-3.0
3.9999999106e-02,8.0399999619e+00,1.6040000916e+01,2.4040000916e+01,3.2040000916e+01,
7.2244190805e+01,6.1293158307e+00,5.6916828944e-01,-9.4270673489e-04,8.4360524012e-05,2.0083189731e-05,6.6290900896e-08,
1.5867714655e+02,1.3662772636e+01,2.5503233242e+00,-5.9373638380e-01,7.4432667795e-02,-3.3962092571e-03,-3.9122039988e-09,
3.2042665676e+02,2.2677022410e+01,-1.0895369533e-01,1.6024531197e-02,-1.4487714359e-03,5.5095401779e-05,-5.4564721180e-12,
4.9894322673e+02,2.2161902477e+01,-9.2145785351e-03,5.3247282915e-04,-2.6962482616e-05,7.7773649111e-07,-3.0484768513e-14,
6.7583633290e+02,2.2077156584e+01,-2.8994645990e-03,9.7779819125e-05,-2.1553170620e-06,1.2916246154e-08,2.6104742326e-14,
l,8.0,-2.0
3.9999999106e-02,8.0399999619e+00,1.6040000916e+01,2.4040000916e+01,3.2040000916e+01,
7.2163173418e+01,4.0978807992e+00,5.3873525585e-01,-1.6813555426e-03,4.9437632169e-04,-1.8901072950e-05,1.6281288571e-06,
1.4026800915e+02,1.3987977944e+01,4.4933762028e-02,2.3211916698e-01,-1.3541273628e-02,-4.2882839304e-04,9.2588438031e-10,
3.0464516801e+02,2.3951296351e+01,-4.5381736700e-01,7.5909489523e-02,-6.9733285213e-03,2.6055028329e-04,-1.5155414509e-11,
4.8604386698e+02,2.2282820409e+01,-1.7119107523e-02,1.0100205423e-03,-4.7769937625e-05,1.1975244218e-06,-4.1084153379e-14,
6.6357153413e+02,2.2129421286e+01,-5.0934253721e-03,1.8352425736e-04,-4.1960450960e-06,3.1894148363e-09,-1.2634817249e-14,
l,8.0,-1.0
3.9999999106e-02,8.0399999619e+00,1.6040000916e+01,2.4040000916e+01,3.2040000916e+01,
7.2082056212e+01,2.0692628604e+00,5.1835567191e-01,-5.0949689603e-04,3.6689999706e-04,3.5178038147e-06,2.8702260846e-07,
1.2333138844e+02,1.0924151458e+01,6.7688998485e-01,1.1436187540e-01,-3.1093931570e-02,2.0441584880e-03,-2.2522197169e-09,
2.5139298021e+02,1.8826633138e+01,-1.4174115713e-01,2.1560305093e-02,-1.9722816687e-03,7.5252997241e-05,-7.1602311601e-12,
3.9835780504e+02,1.8186838784e+01,-1.0658574541e-02,5.9908488240e-04,-2.8056779065e-05,7.2688611797e-07,-4.2293885894e-14,
5.4338596687e+02,1.8088579469e+01,-3.3408824571e-03,1.0821446704e-04,-1.4272710964e-06,-5.4279505870e-08,-1.0426765794e-14,
l,8.0,0.0
3.9999999106e-02,8.0399999619e+00,1.6040000916e+01,2.4040000916e+01,3.2040000916e+01,
7.2000891826e+01,4.0398253488e-02,5.1290713540e-01,-5.2161331924e-04,5.5357059409e-04,-2.4425639692e-05,1.6544917305e-06,
1.0667001972e+02,9.6570783347e+00,1.6918993093e-01,1.7175931143e-01,-3.3686067854e-03,-9.5559374689e-04,8.8797855238e-10,
2.3785982334e+02,2.0123355001e+01,-4.9779020770e-01,8.2855046419e-02,-7.5534425104e-03,2.8019375721e-04,-1.4805965754e-11,
3.8764418749e+02,1.8298118330e+01,-1.8234678662e-02,1.1102602744e-03,-5.5989138708e-05,1.5323437264e-06,-4.2848958766e-14,
5.3325141121e+02,1.8135947331e+01,-5.3499823466e-03,1.9089215701e-04,-4.2550178495e-06,2.0408167666e-09,-3.0850115636e-15,
l,8.0,1.0
3.9999999106e-02,8.0399999619e+00,1.6040000916e+01,2.4040000916e+01,3.2040000916e+01,
7.1919819394e+01,-1.9861684085e+00,5.1831182618e-01,7.1178914902e-04,3.3869714753e-04,-5.2021039230e-06,7.6895942793e-07,
9.0937063926e+01,7.5756492148e+00,1.0230270099e-01,3.0633775174e-01,-5.6645836921e-02,3.2069249863e-03,-8.2398360552e-10,
1.8730379956e+02,1.4812842856e+01,-1.3841734540e-01,2.0926180906e-02,-1.9041875022e-03,7.2321263266e-05,-6.6964561091e-12,
3.0222940434e+02,1.4184854817e+01,-1.0559299531e-02,5.9947643133e-04,-2.8652035702e-05,7.5900928396e-07,-1.5857272765e-14,
4.1524685843e+02,1.4087778762e+01,-3.3760790021e-03,1.3097955051e-04,-4.7539072669e-06,1.1112530125e-07,-1.1016840121e-14,
l,8.0,2.0
3.9999999106e-02,8.0399999619e+00,1.6040000916e+01,2.4040000916e+01,3.2040000916e+01,
7.1838734640e+01,-4.0132505669e+00,5.3904333093e-01,3.3214457024e-04,5.1973588303e-04,-4.1626241017e-05,2.6994642646e-06,
7.5742148470e+01,6.0886864456e+00,1.7614877440e-02,2.4988003957e-01,-1.6959884740e-02,-2.3785459701e-04,9.2071578505e-10,
1.7651823490e+02,1.5894180160e+01,-4.3880752770e-01,7.3473753147e-02,-6.7645459891e-03,2.5331370272e-04,-1.4926818068e-11,
2.9379170903e+02,1.4278036767e+01,-1.6741956585e-02,9.7656416773e-04,-4.5442754659e-05,1.1247974256e-06,-4.2576392338e-14,
4.0729516717e+02,1.4127708561e+01,-5.2018411621e-03,2.4408026560e-04,-1.3052493076e-05,4.4597077446e-07,1.0084740854e-13,
l,8.0,3.0
3.9999999106e-02,8.0399999619e+00,1.6040000916e+01,2.4040000916e+01,3.2040000916e+01,
7.1757559073e+01,-6.0376170319e+00,5.6998747763e-01,1.4079239705e-03,2.0300705304e-04,-1.0741479520e-05,1.1531165622e-06,
6.1408028178e+01,4.0358812163e+00,2.9562936730e-01,2.1673826002e-01,-4.2178348386e-02,2.3746475519e-03,-6.0026132191e-10,
1.2815424477e+02,1.0639198021e+01,-1.0068245167e-01,1.4614381302e-02,-1.3127602649e-03,4.9754426753e-05,-4.9682752553e-12,
2.1055790621e+02,1.0155762730e+01,-8.7658185331e-03,4.9010055977e-04,-2.3145080145e-05,6.0680464774e-07,1.0662175534e-15,
2.9141903822e+02,1.0074549087e+01,-2.8249203809e-03,1.0552729556e-04,-3.6296672679e-06,8.5351003852e-08,1.8076239212e-14,
l,8.0,4.0
3.9999999106e-02,8.0399999619e+00,1.6040000916e+01,2.4040000916e+01,3.2040000916e+01,
7.1676800251e+01,-8.0638755471e+00,6.1837731908e-01,-5.5678174495e-04,6.4170031896e-04,-7.4706616980e-05,4.2556719276e-06,
4.7612630202e+01,3.1368635738e+00,-1.8021519942e-01,4.0028904176e-01,-4.8198311863e-02,1.5742849708e-03,7.6920861241e-10,
1.2046612439e+02,1.1342566298e+01,-2.9402300987e-01,4.9141755094e-02,-4.5856264290e-03,1.7434040719e-04,-1.2712694442e-11,
2.0447368807e+02,1.0224907318e+01,-1.3291922127e-02,7.6831822957e-04,-3.6154280761e-05,9.2125225563e-07,-2.5410401569e-14,
2.8569768392e+02,1.0104489003e+01,-4.1152303473e-03,1.6518314030e-04,-6.2492376148e-06,1.5158828472e-07,8.3458393438e-15,
l,8.0,5.0
3.9999999106e-02,8.0399999619e+00,1.6040000916e+01,2.4040000916e+01,3.2040000916e+01,
7.1595318832e+01,-1.0083468121e+01,6.7048213515e-01,2.9127689197e-03,-6.1859525300e-04,9.5799907407e-05,-4.3866312576e-06,
3.4855674139e+01,7.5086145823e-01,9.3188863516e-01,-4.8579472832e-02,-3.6046898915e-03,4.0254734456e-04,-1.0067477256e-09,
7.3813252836e+01,6.3709606656e+00,-4.9446200209e-02,6.3865335844e-03,-5.4095163812e-04,1.9896605635e-05,-2.0292440365e-12,
1.2332175927e+02,6.1023346777e+00,-5.5719260240e-03,2.9926590629e-04,-1.3607428306e-05,3.4999405149e-07,1.4721719776e-14,
1.7189276346e+02,6.0498853347e+00,-1.8539725006e-03,6.4766192128e-05,-1.5902343900e-06,8.1348947881e-09,-4.9749740318e-15,
l,8.0,6.0
3.9999999106e-02,8.0399999619e+00,1.6040000916e+01,2.4040000916e+01,3.2040000916e+01,
7.1514825812e+01,-1.2109426910e+01,7.4749008998e-01,-1.7267824454e-03,4.3655523278e-04,-6.7319105250e-05,6.0882829266e-06,
2.2723780261e+01,5.4135181054e-01,4.9824516103e-01,2.5152319186e-01,-4.6696779312e-02,2.2234011140e-03,2.2153645455e-10,
6.9327219769e+01,6.6833763933e+00,-1.2826873047e-01,2.0468743729e-02,-1.9051024431e-03,7.3086027584e-05,-6.3671582847e-12,
1.1965367893e+02,6.1434601526e+00,-8.2071229924e-03,4.6950347709e-04,-2.2854683111e-05,6.2285468589e-07,-1.1563054043e-14,
1.6844329704e+02,6.0680244587e+00,-2.5269760236e-03,6.9347569911e-05,1.0822220205e-06,-1.6164678633e-07,-3.8066060457e-15,
l,8.0,7.0
3.9999999106e-02,8.0399999619e+00,1.6040000916e+01,2.4040000916e+01,3.2040000916e+01,
7.1432034725e+01,-1.4116821642e+01,8.0901442638e-01,1.0893815371e-02,-3.6099965904e-03,4.4453850862e-04,-1.8241567855e-05,
1.0883442457e+01,-1.2072060804e+00,1.0958081050e+00,-1.6732129672e-01,1.1808241339e-02,-3.0366397520e-04,-1.4821464815e-10,
2.4083337630e+01,2.0826773111e+00,-6.8831513310e-03,5.2899014394e-04,-3.0393679122e-05,8.7425777125e-07,-3.7325235881e-14,
4.0479209442e+01,2.0296839128e+00,-1.4731864308e-03,7.0934206631e-05,-2.8435957320e-06,6.3671276636e-08,-2.1789035480e-15,
5.6649153638e+01,2.0152112928e+00,-5.3940919852e-04,1.9194761456e-05,-6.4509497474e-07,1.4430364388e-08,-6.1709203829e-16,
l,8.0,8.0
3.9999999106e-02,8.0399999619e+00,1.6040000916e+01,2.4040000916e+01,3.2040000916e+01,
7.1352979435e+01,-1.6151094164e+01,9.2807038313e-01,-4.7536222089e-03,2.5612741759e-04,-7.6101233447e-05,-2.2310150935e-06,
-2.9224652973e+00,-3.6727923526e+00,4.0600941361e-01,-6.2296922540e-02,5.2535155627e-03,-1.8367314707e-04,1.3456932098e-11,
-2.2712279064e+01,-2.1202682119e+00,1.0672539443e-02,-8.6964839829e-04,5.2152017265e-05,-1.5409392367e-06,6.4984765267e-14,
-3.9273481265e+01,-2.0410726970e+00,2.1084740879e-03,-1.0603581139e-04,4.5525230173e-06,-1.1289543637e-07,6.4508578204e-15,
-5.5506452768e+01,-2.0206760216e+00,7.5734198670e-04,-3.0028030871e-05,1.3179590267e-06,-3.9966572585e-08,1.7401818418e-15,
l,9.0,-9.0
3.9999999106e-02,8.0399999619e+00,1.6040000916e+01,2.4040000916e+01,3.2040000916e+01,
9.1655846334e+01,2.1083506811e+00,-1.9340569205e+00,8.0138965843e-01,-1.6484550880e-01,1.6475919654e-02,-6.3817143491e-04,
9.2553901542e+01,2.3382337916e-02,-9.0241502516e-03,3.4599808015e-03,-5.3970737462e-04,2.9123417223e-05,3.2533389496e-12,
9.2681935851e+01,-4.2705381367e-03,1.4169925386e-02,-5.6620887157e-03,8.4720821245e-04,-4.2430469427e-05,-1.6590709189e-11,
9.2748489844e+01,-3.4313917649e-02,3.1245322517e-02,-8.6768914013e-03,1.0200466076e-03,-4.2534717917e-05,-1.1625584986e-11,
9.2813841369e+01,1.3422487772e-02,-5.2709225873e-03,-2.8993930579e-04,2.0005131903e-04,-1.5641988129e-05,-2.0548364385e-13,
l,9.0,-8.0
3.9999999106e-02,8.0399999619e+00,1.6040000916e+01,2.4040000916e+01,3.2040000916e+01,
8.9395174194e+01,2.6931591932e+01,-1.2941897928e+01,3.4996948963e+00,-5.4914779605e-01,4.6263551476e-02,-1.6061320983e-03,
1.1422937854e+02,4.2561481050e-02,-2.3599888115e-02,6.9144231215e-03,-8.4150069210e-04,3.6381107788e-05,1.4385330619e-11,
1.1434635459e+02,2.0481833459e-02,-1.5547798809e-02,5.9125459678e-03,-8.3247460913e-04,3.9896559529e-05,2.0729981364e-12,
1.1443791723e+02,1.1220478118e-02,-1.0757959911e-02,4.7720550315e-03,-7.8394175402e-04,4.2472711112e-05,-4.3880374256e-12,
1.1446164575e+02,2.4912808400e-02,-8.0746199046e-03,-1.2682125542e-03,5.9353864764e-04,-4.4655841988e-05,7.9837737628e-12,
l,9.0,-7.0
3.9999999106e-02,8.0399999619e+00,1.6040000916e+01,2.4040000916e+01,3.2040000916e+01,
9.0567691337e+01,1.4214976401e+01,7.6899285315e-01,-2.1842129385e-03,3.7964766088e-04,-9.3419220685e-05,5.2529538556e-06,
2.5216764631e+02,2.6471407813e+01,1.9928458269e-01,1.9843623331e-01,-1.6517921632e-02,4.9260955743e-05,5.5085271643e-10,
5.1240020047e+02,3.5635956314e+01,-3.8740570739e-01,6.3388102891e-02,-5.6541246771e-03,2.0559407231e-04,-7.9449808719e-12,
7.8872099756e+02,3.4214813803e+01,-1.3349724764e-02,8.6641031244e-04,-5.0113092044e-05,1.6312351107e-06,7.9496018711e-14,
1.0618767350e+03,3.4097308860e+01,-3.6247916412e-03,6.5573919887e-05,7.0796875242e-06,-5.1814516904e-07,-1.2899173279e-13,
l,9.0,-6.0
3.9999999106e-02,8.0399999619e+00,1.6040000916e+01,2.4040000916e+01,3.2040000916e+01,
9.0486457292e+01,1.2189106155e+01,6.9802223660e-01,-8.6382096047e-04,-6.3035336053e-05,-2.0394509201e-05,2.1098024520e-06,
2.3225924995e+02,2.1363299173e+01,2.1110919107e+00,-3.9639917988e-01,3.8704956491e-02,-1.1932682487e-03,-4.9349740745e-09,
4.5378481000e+02,3.0803266097e+01,-1.5888613794e-01,2.5869363248e-02,-2.4228087089e-03,9.3140772182e-05,-8.1580767029e-12,
6.9641178030e+02,3.0157256099e+01,-9.1670229923e-03,5.3601043738e-04,-2.6623089492e-05,7.3109697603e-07,4.7475426044e-16,
9.3727247959e+02,3.0073747688e+01,-2.6891967959e-03,3.7616665855e-05,7.3643984260e-06,-4.9355221905e-07,-2.2820097751e-14,
l,9.0,-5.0
3.9999999106e-02,8.0399999619e+00,1.6040000916e+01,2.4040000916e+01,3.2040000916e+01,
9.0405492465e+01,1.0162167479e+01,6.4057978567e-01,-1.1570744989e-03,3.8083104986e-05,-1.2851914559e-05,1.7391098783e-06,
2.1229187750e+02,2.0314405936e+01,8.0135726951e-01,-9.7992914672e-02,3.2847650699e-02,-2.4195535132e-03,2.7107404035e-10,
4.3130457760e+02,3.2941503714e+01,-6.4636210528e-01,8.9160323597e-02,-6.4688624203e-03,1.8768518313e-04,2.4360606364e-11,
6.7877773258e+02,3.0329197252e+01,-2.0994658459e-02,1.3390103610e-03,-7.0431679137e-05,1.9920153351e-06,-2.7164960190e-14,
9.2052994385e+02,3.0146551257e+01,-5.9351455584e-03,2.3186976299e-04,-7.3062857077e-06,1.2775203161e-07,-6.1113829959e-14,
l,9.0,-4.0
3.9999999106e-02,8.0399999619e+00,1.6040000916e+01,2.4040000916e+01,3.2040000916e+01,
9.0324487632e+01,8.1364717042e+00,5.9303565225e-01,-9.1303894978e-04,5.7410668183e-05,4.2996459753e-06,6.7742042026e-07,
1.9303549134e+02,1.9961115084e+01,-1.7102631962e+00,9.4754021315e-01,-1.4949559911e-01,7.9742162819e-03,2.7073205307e-09,
3.7674111417e+02,2.7444245688e+01,-3.2143535321e-01,5.3895106898e-02,-5.0247779288e-03,1.9070457559e-04,-1.3570899794e-11,
5.8897841941e+02,2.6234382529e+01,-1.4070047047e-02,8.5363283847e-04,-4.4264698869e-05,1.2710789141e-06,-3.9249724502e-14,
7.9825039817e+02,2.6108107520e+01,-4.0681680279e-03,9.2408164324e-05,6.0608949246e-06,-5.4635576701e-07,-8.1422706836e-14,
l,9.0,-3.0
3.9999999106e-02,8.0399999619e+00,1.6040000916e+01,2.4040000916e+01,3.2040000916e+01,
9.0243568169e+01,6.1111023907e+00,5.5676424759e-01,-9.8725706611e-04,2.0458262579e-04,7.3985526971e-07,5.7647599598e-07,
1.7533654740e+02,1.4988210196e+01,1.1606099802e+00,-2.3349537585e-01,4.9744650002e-02,-3.0001496464e-03,-2.0766993560e-10,
3.5539838483e+02,2.9785354279e+01,-6.8456580029e-01,6.1124703417e-02,-1.1840452999e-03,-8.9952009489e-05,8.6516305647e-11,
5.7339493746e+02,2.6411165918e+01,-2.6681067970e-02,1.6929502132e-03,-8.5351851376e-05,2.2584857501e-06,2.3152438041e-14,
7.8356781584e+02,2.6180565776e+01,-7.4754114590e-03,3.1838565768e-04,-1.2902862568e-05,3.3197234644e-07,2.2759002830e-14,
l,9.0,-2.0
3.9999999106e-02,8.0399999619e+00,1.6040000916e+01,2.4040000916e+01,3.2040000916e+01,
9.0162629087e+01,4.0868741657e+00,5.3048772526e-01,-6.5607043442e-04,2.5708185772e-04,3.4706627723e-06,2.3492871671e-07,
1.5745598250e+02,1.4219708394e+01,-4.4718759004e-01,3.9382421144e-01,-5.1782748956e-02,2.1780830233e-03,3.0321004470e-09,
3.0464516801e+02,2.3951296351e+01,-4.5381736700e-01,7.5909489523e-02,-6.9733285213e-03,2.6055028329e-04,-1.5155414509e-11,
4.8604386698e+02,2.2282820409e+01,-1.7119107523e-02,1.0100205423e-03,-4.7769937625e-05,1.1975244218e-06,-4.1084153379e-14,
6.6357153413e+02,2.2129421286e+01,-5.0934253721e-03,1.8352425736e-04,-4.1960450960e-06,3.1894148363e-09,-1.2634817249e-14,
l,9.0,-1.0
3.9999999106e-02,8.0399999619e+00,1.6040000916e+01,2.4040000916e+01,3.2040000916e+01,
9.0081899649e+01,2.0632625911e+00,5.1504535289e-01,-4.6581346213e-04,3.4297256818e-04,-3.6240165523e-06,4.4733801278e-07,
1.4079934521e+02,1.0450028145e+01,1.2358525058e+00,-2.5443883870e-01,5.0412158083e-02,-2.8774493859e-03,-3.9949478462e-10,
2.8532225509e+02,2.6103852434e+01,-6.1926183920e-01,2.4089945214e-02,4.1636652718e-03,-3.4563920638e-04,1.2785291424e-10,
4.7262754324e+02,2.2453248943e+01,-2.9913668937e-02,1.9581819644e-03,-1.0322204578e-04,2.8616437507e-06,-5.6039776926e-14,
6.5101255449e+02,2.2197518443e+01,-8.2061807038e-03,3.4014350781e-04,-1.2093245883e-05,2.4198588426e-07,1.6639958585e-14,
l,9.0,0.0
3.9999999106e-02,8.0399999619e+00,1.6040000916e+01,2.4040000916e+01,3.2040000916e+01,
9.0000823923e+01,4.0708617006e-02,5.0972412954e-01,-2.1618381026e-05,3.3598774895e-04,-3.8649875385e-06,4.2184318497e-07,
1.2437130547e+02,8.4716712031e+00,1.1358378714e+00,-2.0360645091e-01,4.0741904736e-02,-2.7738245318e-03,-2.0517242119e-10,
2.3785982334e+02,2.0123355001e+01,-4.9779020770e-01,8.2855046419e-02,-7.5534425104e-03,2.8019375721e-04,-1.4805965754e-11,
3.8764418749e+02,1.8298118330e+01,-1.8234678662e-02,1.1102602744e-03,-5.5989138708e-05,1.5323437264e-06,-4.2848958766e-14,
5.3325141121e+02,1.8135947331e+01,-5.3499823466e-03,1.9089215701e-04,-4.2550178495e-06,2.0408167666e-09,-3.0850115636e-15,
l,9.0,1.0
3.9999999106e-02,8.0399999619e+00,1.6040000916e+01,2.4040000916e+01,3.2040000916e+01,
8.9920114377e+01,-1.9811241077e+00,5.1505175656e-01,3.0372819443e-04,3.2946068187e-04,-8.3762952318e-06,6.7847826650e-07,
1.0852506687e+02,6.4802727702e+00,1.2336986420e+00,-2.5342707722e-01,5.0394169840e-02,-2.8868670039e-03,-3.8574201334e-10,
2.2129376462e+02,2.2080171697e+01,-6.2383977514e-01,2.6770096679e-02,3.7744761295e-03,-3.2700016250e-04,1.2497129800e-10,
3.7650426460e+02,1.8450455805e+01,-2.9690638624e-02,1.9384055789e-03,-1.0159837394e-04,2.7919702080e-06,-5.8264484448e-14,
5.2287549247e+02,1.8196401487e+01,-8.1295641780e-03,3.3527197329e-04,-1.2361822038e-05,2.8647425814e-07,-1.3810328309e-15,
l,9.0,2.0
3.9999999106e-02,8.0399999619e+00,1.6040000916e+01,2.4040000916e+01,3.2040000916e+01,
8.9839080682e+01,-4.0020649442e+00,5.3074948216e-01,6.3118214098e-04,2.7991494089e-04,-1.0025878143e-05,8.2850613160e-07,
9.3241756735e+01,4.6552627848e+00,1.1984671108e+00,-2.1597972780e-01,4.0877508969e-02,-2.6995694341e-03,-6.1313535533e-10,
1.7651823490e+02,1.5894180160e+01,-4.3880752770e-01,7.3473753147e-02,-6.7645459891e-03,2.5331370272e-04,-1.4926818068e-11,
2.9379170903e+02,1.4278036767e+01,-1.6741956585e-02,9.7656416773e-04,-4.5442754659e-05,1.1247974256e-06,-4.2576392338e-14,
4.0729516717e+02,1.4127708561e+01,-5.2018411621e-03,2.4408026560e-04,-1.3052493076e-05,4.4597077446e-07,1.0084740854e-13,
l,9.0,3.0
3.9999999106e-02,8.0399999619e+00,1.6040000916e+01,2.4040000916e+01,3.2040000916e+01,
8.9758248212e+01,-6.0223303065e+00,5.5716742819e-01,7.0980968705e-04,2.4953203673e-04,-1.5156935273e-05,1.1433802009e-06,
7.8483089317e+01,3.1006913725e+00,1.1369148813e+00,-2.2245187903e-01,4.8391572641e-02,-2.9618355067e-03,-1.5176114883e-10,
1.6331406406e+02,1.7693263143e+01,-6.8435121954e-01,6.5575696364e-02,-1.9403535247e-03,-5.1521675181e-05,7.8583619591e-11,
2.8502471650e+02,1.4403108288e+01,-2.6230291127e-02,1.7025298298e-03,-9.0004704813e-05,2.5245683341e-06,-9.7900672244e-14,
3.9915651355e+02,1.4177358738e+01,-7.2899828482e-03,2.9708062236e-04,-1.0467090671e-05,2.1423554903e-07,-8.0273416877e-15,
l,9.0,4.0
3.9999999106e-02,8.0399999619e+00,1.6040000916e+01,2.4040000916e+01,3.2040000916e+01,
8.9677414594e+01,-8.0415975214e+00,5.9376839744e-01,8.3333460498e-04,1.4724045245e-04,-9.8240920547e-06,9.0268240152e-07,
6.4287456024e+01,1.8844865740e+00,7.1616391830e-01,-1.9633012822e-02,7.9689824377e-03,-8.5700045503e-04,3.2162131952e-10,
1.2046612439e+02,1.1342566298e+01,-2.9402300987e-01,4.9141755094e-02,-4.5856264290e-03,1.7434040719e-04,-1.2712694442e-11,
2.0447368807e+02,1.0224907318e+01,-1.3291922127e-02,7.6831822957e-04,-3.6154280761e-05,9.2125225563e-07,-2.5410401569e-14,
2.8569768392e+02,1.0104489003e+01,-4.1152303473e-03,1.6518314030e-04,-6.2492376148e-06,1.5158828472e-07,8.3458393438e-15,
l,9.0,5.0
3.9999999106e-02,8.0399999619e+00,1.6040000916e+01,2.4040000916e+01,3.2040000916e+01,
8.9596635759e+01,-1.0060282895e+01,6.4117760225e-01,5.9518230661e-04,8.0731928746e-05,-6.9224682956e-06,7.9314197915e-07,
5.0742921213e+01,5.5741539731e-01,7.2140491029e-01,-5.2705125116e-02,2.5412926682e-02,-2.0588919068e-03,3.5051511277e-10,
1.1114725961e+02,1.2746390259e+01,-6.1178683788e-01,8.7089602306e-02,-6.5984733961e-03,2.0236962431e-04,1.7058239977e-11,
1.9816007789e+02,1.0315367664e+01,-1.9853482976e-02,1.2338311160e-03,-6.1992403136e-05,1.6511814744e-06,-6.8375978451e-14,
2.7984426625e+02,1.0141339049e+01,-5.7396381711e-03,2.3719497026e-04,-9.2124913578e-06,2.2973687969e-07,6.7938104697e-15,
l,9.0,6.0
3.9999999106e-02,8.0399999619e+00,1.6040000916e+01,2.4040000916e+01,3.2040000916e+01,
8.9515697374e+01,-1.2076838592e+01,6.9696431169e-01,1.4329765460e-03,-3.5022819473e-04,4.4242969378e-05,-1.4656842654e-06,
3.7770399214e+01,-2.5913929476e-01,2.1658607366e-01,2.0098406682e-01,-3.2989139693e-02,1.5812800289e-03,1.0068429917e-09,
6.9327219769e+01,6.6833763933e+00,-1.2826873047e-01,2.0468743729e-02,-1.9051024431e-03,7.3086027584e-05,-6.3671582847e-12,
1.1965367893e+02,6.1434601526e+00,-8.2071229924e-03,4.6950347709e-04,-2.2854683111e-05,6.2285468589e-07,-1.1563054043e-14,
1.6844329704e+02,6.0680244587e+00,-2.5269760236e-03,6.9347569911e-05,1.0822220205e-06,-1.6164678633e-07,-3.8066060457e-15,
l,9.0,7.0
3.9999999106e-02,8.0399999619e+00,1.6040000916e+01,2.4040000916e+01,3.2040000916e+01,
8.9435061736e+01,-1.4094714810e+01,7.6671638547e-01,-2.4783113846e-04,-7.1824409472e-05,-9.3674112780e-06,2.3589907786e-06,
2.5584500681e+01,-1.4464662268e+00,4.7031949889e-01,1.7610890650e-01,-2.1428208761e-02,5.3371694189e-04,3.0760789679e-10,
6.4094207169e+01,7.3671730249e+00,-3.1577444868e-01,5.1855043165e-02,-4.6723421509e-03,1.7166909732e-04,-8.2902131320e-12,
1.1585446697e+02,6.1957812239e+00,-1.1687692646e-02,6.7640211681e-04,-3.1051195519e-05,7.4576881577e-07,1.7903835919e-14,
1.6491630345e+02,6.0902567549e+00,-3.5003019269e-03,1.1808063470e-04,-1.7235059468e-06,-5.8705398962e-08,-2.1166605845e-14,
l,9.0,8.0
3.9999999106e-02,8.0399999619e+00,1.6040000916e+01,2.4040000916e+01,3.2040000916e+01,
8.9353863619e+01,-1.6107504620e+01,8.4028122351e-01,1.7562145958e-03,-8.4440119518e-04,6.5123211355e-05,-3.8289017026e-07,
1.3772676943e+01,-2.9418816356e+00,9.7205188730e-01,-2.7115201299e-02,-9.4787544189e-03,7.0283047955e-04,-2.1129002729e-10,
2.2712311475e+01,2.1202191565e+00,-1.0646042238e-02,8.6312641214e-04,-5.1407319026e-05,1.5089395891e-06,-6.0739218972e-14,
3.9273481265e+01,2.0410726970e+00,-2.1084740879e-03,1.0603581139e-04,-4.5525230173e-06,1.1289543637e-07,-6.4508578204e-15,
5.5506452768e+01,2.0206760216e+00,-7.5734198670e-04,3.0028030871e-05,-1.3179590267e-06,3.9966572585e-08,-1.7401818418e-15,
l,9.0,9.0
3.9999999106e-02,8.0399999619e+00,1.6040000916e+01,2.4040000916e+01,3.2040000916e+01,
8.9273474072e+01,-1.8125087794e+01,9.3264007989e-01,-1.2085590463e-03,-4.6660199086e-04,3.4499929961e-05,-5.5658834106e-06,
1.1091094221e+00,-4.8149202766e+00,6.2050200356e-01,-8.0224672007e-02,5.5225639135e-03,-1.5558827141e-04,-1.7798362202e-11,
-2.1252971272e+01,-2.1715886792e+00,1.6371118708e-02,-1.4225550570e-03,8.9188424167e-05,-2.7054719807e-06,1.2899007144e-13,
-3.8029550535e+01,-2.0552301201e+00,2.9288760682e-03,-1.5074952317e-04,6.4874538572e-06,-1.5831747707e-07,1.7510968148e-15,
-5.4339730153e+01,-2.0272529325e+00,1.0137309238e-03,-3.8455487336e-05,1.4036051782e-06,-3.3773238052e-08,8.0704661816e-16,
