l,1.0,-1.0
0.130,0.930,1.730,
2.865118490e-01,2.504907841e+00
7.911807857e-03,-8.668741238e-03,1.825739948e-02,1.956028085e-01,9.640279520e-01,2.875486592e+00,4.834495120e+00,4.425747611e+00,1.689981148e+00,
2.224272697e-03,-4.220148555e-03,-8.288764444e-03,-1.358153025e-01,-6.877569670e-01,-1.866934166e+00,-2.794493017e+00,-2.173153608e+00,-6.863874748e-01,
1.590201844e-01
l,1.0,0.0
0.150,0.290,0.450,
8.290056718e+00,3.575076560e+00
3.681765869e-02,1.358899064e-01,7.689857787e+00,4.082537508e+02,9.556809192e+03,1.246342381e+05,9.141893332e+05,3.510697143e+06,5.490240553e+06,
3.546777814e-02,-5.140638103e-02,-5.553572289e+00,-3.215306831e+02,-8.274479868e+03,-1.125755530e+05,-8.428552372e+05,-3.279157327e+06,-5.180456453e+06,
1.591435925e-01
l,1.0,1.0
0.170,0.250,0.350,
0.000000000e+00,0.000000000e+00
6.232783794e-01,-1.574815954e+01,-5.472399238e+03,-5.014225446e+05,-1.131339913e+07,-9.388981841e+07,-2.562867594e+08,0.000000000e+00,0.000000000e+00,
1.712125553e-01,-1.223504385e+00,-1.165866438e+01,-9.927107348e+02,-1.563824807e+04,-1.141690985e+05,-1.242747891e+05,0.000000000e+00,0.000000000e+00,
1.591435666e-01
l,2.0,-2.0
0.310,1.190,2.110,
4.426097597e-02,3.583263255e+00
2.733757021e-03,-3.121660658e-03,3.295280915e-03,2.805020089e-02,8.397854469e-02,1.645609796e-01,1.531851069e-01,7.811982423e-02,2.507294903e-02,
5.946855735e-04,-1.180997150e-03,-1.375669705e-03,-2.375429282e-02,-1.016346869e-01,-2.378821715e-01,-3.087283052e-01,-2.087016093e-01,-5.743779913e-02,
1.589271699e-01
l,2.0,-1.0
0.350,1.030,1.730,
2.873170872e-01,5.046945293e+00
6.977071986e-03,-8.478678369e-03,-8.669938689e-02,-1.168363872e+00,-7.427095795e+00,-2.424721668e+01,-4.380731224e+01,-4.122023326e+01,-1.566331608e+01,
2.224707125e-03,-4.220972802e-03,-9.423298403e-03,-1.602706739e-01,-8.910151358e-01,-2.694195016e+00,-4.545104976e+00,-4.019053559e+00,-1.451874069e+00,
1.590512430e-01
l,2.0,0.0
0.370,1.170,2.030,
2.914147036e-01,4.458370826e+00
9.760254994e-03,-1.336353179e-02,1.455776414e-02,4.181456664e-02,-9.529771336e-02,-7.901834401e-01,-1.941568733e+00,-1.700395952e+00,-4.316455360e-01,
2.222620493e-03,-4.400351548e-03,-5.050342634e-03,-9.106667260e-02,-4.074418565e-01,-1.004741003e+00,-1.381040245e+00,-9.946994444e-01,-2.926903811e-01,
1.589271276e-01
l,2.0,1.0
0.350,0.550,0.770,
6.613852592e+00,5.955046265e+00
5.755722895e-02,1.256012507e-01,7.850564479e+00,3.699415416e+02,7.160916172e+03,7.313741475e+04,4.052735859e+05,1.149899858e+06,1.309974160e+06,
4.509819822e-02,-9.292417100e-02,-5.848710594e+00,-3.003088910e+02,-6.371376052e+03,-6.783236216e+04,-3.830256339e+05,-1.097495030e+06,-1.258041490e+06,
1.591435666e-01
l,2.0,2.0
0.410,0.490,0.590,
3.762418734e+08,2.034537705e+01
8.958373070e-01,-1.716233980e+01,4.152602468e+03,3.745795765e+05,1.246868169e+07,1.571522532e+08,6.567406607e+08,0.000000000e+00,0.000000000e+00,
2.744669880e-01,-2.186714974e+00,-4.707997085e+01,-3.078073217e+03,-5.845448668e+04,-5.258509209e+05,-1.617634615e+06,0.000000000e+00,0.000000000e+00,
1.585076474e-01
l,3.0,-3.0
0.470,1.430,2.390,
7.336347054e-03,4.716222337e+00
9.975320427e-04,-1.239376032e-03,1.068343447e-03,7.418690656e-03,1.537072623e-02,1.581142129e-02,-1.627200828e-02,-3.487630690e-02,-1.390846361e-02,
1.897596294e-04,-3.867898574e-04,-3.835964452e-04,-7.131758015e-03,-2.942048281e-02,-6.648107037e-02,-8.293530059e-02,-5.378202597e-02,-1.418723800e-02,
1.588788779e-01
l,3.0,-2.0
0.530,1.330,2.130,
6.712804767e-02,8.261403897e+00
2.277188003e-03,-2.998789555e-03,-2.792420540e-02,-3.017767187e-01,-1.579252705e+00,-4.264861109e+00,-6.430035861e+00,-5.116586507e+00,-1.663200878e+00,
5.718387966e-04,-1.138050529e-03,-2.050549805e-03,-3.550045693e-02,-1.789224884e-01,-4.859855894e-01,-7.273944774e-01,-5.656773824e-01,-1.786895256e-01,
1.590202731e-01
l,3.0,-1.0
0.570,1.490,2.430,
1.865405339e-02,5.950693304e+00
2.940956037e-03,-4.015874684e-03,3.720510927e-03,1.677068530e-02,3.179024577e-03,-1.198492489e-01,-4.247350531e-01,-4.976106053e-01,-1.897547900e-01,
5.557999951e-04,-1.138006461e-03,-1.091228550e-03,-2.099188397e-02,-8.809242870e-02,-2.031901834e-01,-2.589240654e-01,-1.718173015e-01,-4.641917380e-02,
1.588478525e-01
l,3.0,0.0
0.590,1.310,2.050,
8.023879633e-02,7.577494440e+00
7.618144155e-03,-1.280091699e-02,-8.223973511e-02,-7.459314566e-01,-3.912676354e+00,-1.094883003e+01,-1.794946662e+01,-1.610363120e+01,-5.993428472e+00,
2.137916654e-03,-4.241184761e-03,-6.351185941e-03,-1.062732954e-01,-4.512544613e-01,-9.139839375e-01,-7.427595955e-01,4.362644481e-02,2.504953361e-01,
1.590512894e-01
l,3.0,1.0
0.590,1.430,2.290,
7.671962523e-02,5.671926564e+00
1.122700982e-02,-1.720913945e-02,1.672933596e-02,-2.990023017e-02,-7.112157062e-01,-3.191404488e+00,-6.850754924e+00,-6.564260076e+00,-2.268650809e+00,
2.357574816e-03,-4.797030086e-03,-5.814116613e-03,-1.042249083e-01,-4.653859059e-01,-1.149547579e+00,-1.580739865e+00,-1.139862211e+00,-3.359803379e-01,
1.588478730e-01
l,3.0,2.0
0.570,0.810,1.070,
1.346772283e+00,7.820652688e+00
7.391557842e-02,1.035042771e-01,7.569465248e+00,3.405020578e+02,6.040370014e+03,5.456760023e+04,2.613513784e+05,6.325593405e+05,6.100714804e+05,
5.072028073e-02,-1.142376571e-01,-5.719857470e+00,-2.798739998e+02,-5.429945480e+03,-5.100012463e+04,-2.484399163e+05,-6.062384374e+05,-5.873490851e+05,
1.591435283e-01
l,3.0,3.0
0.590,0.730,0.870,
0.000000000e+00,0.000000000e+00
1.082810044e+00,-1.763124449e+01,-1.764882862e+03,-2.604883469e+05,-1.213769517e+07,-2.796392122e+08,-3.290395160e+09,-1.878219684e+10,-4.122238961e+10,
2.787620931e-01,-1.743309242e+00,-3.940075173e+01,-3.019472705e+03,-8.270633589e+04,-1.250214936e+06,-1.046825565e+07,-4.598588315e+07,-8.181731785e+07,
1.590202206e-01
l,4.0,-4.0
0.690,1.630,2.610,
9.942776458e-04,5.951944444e+00
3.858114942e-04,-4.657287790e-04,1.494150020e-03,1.318500047e-02,5.330929734e-02,1.224908123e-01,1.482816624e-01,9.089268156e-02,2.270260847e-02,
6.771515020e-05,-1.403570504e-04,-1.159262437e-04,-2.396843352e-03,-1.004275029e-02,-2.345221216e-02,-3.036931585e-02,-2.047463315e-02,-5.609037498e-03,
1.588478115e-01
l,4.0,-3.0
0.730,1.570,2.410,
4.922786577e-03,1.160860396e+01
8.211063105e-04,-1.157744042e-03,-1.181131181e-02,-1.122948381e-01,-5.285746354e-01,-1.306071232e+00,-1.822767266e+00,-1.359710983e+00,-4.189397978e-01,
1.823351879e-04,-3.722788996e-04,-4.149588084e-04,-7.882419105e-03,-3.583560691e-02,-9.032812982e-02,-1.269574347e-01,-9.347205795e-02,-2.812163339e-02,
1.590201849e-01
l,4.0,-2.0
0.790,1.750,2.710,
1.281949974e-03,7.642575353e+00
1.005333033e-03,-1.419629958e-03,1.307256515e-03,8.495239026e-03,2.217070746e-02,3.855359949e-02,-5.026946988e-04,-4.817085423e-02,-2.640010438e-02,
1.746761247e-04,-3.646347667e-04,-3.251185850e-04,-6.493049159e-03,-2.668518109e-02,-6.038913770e-02,-7.525093747e-02,-4.877797740e-02,-1.287780669e-02,
1.588167553e-01
l,4.0,-1.0
0.850,1.630,2.450,
1.288837109e-03,6.385972644e+00
2.267652890e-03,-2.152332580e-03,1.538124552e-02,1.690753738e-01,7.762635003e-01,2.131732637e+00,3.226479564e+00,2.474579613e+00,7.560920223e-01,
5.340613161e-04,-1.095199773e-03,-2.091307584e-03,-3.933522520e-02,-2.180185217e-01,-6.519175115e-01,-1.063707662e+00,-8.896240683e-01,-2.982351645e-01,
1.590201844e-01
l,4.0,0.0
0.850,1.770,2.710,
2.925588529e-03,8.134348495e+00
3.141269088e-03,-4.627989730e-03,4.725129889e-03,2.650102422e-02,5.873837176e-02,6.897412772e-02,-1.393929168e-01,-3.127373215e-01,-1.491379389e-01,
5.552095742e-04,-1.160200140e-03,-1.167000233e-03,-2.218441248e-02,-9.273308861e-02,-2.136779176e-01,-2.717095190e-01,-1.801096889e-01,-4.867393293e-02,
1.588168149e-01
l,4.0,1.0
0.830,1.570,2.330,
6.322577519e-03,7.723728847e+00
8.376969025e-03,-1.067889906e-02,4.256982808e-04,1.100188938e-01,4.819660774e-01,1.953658196e+00,3.638459256e+00,2.888296598e+00,8.014770961e-01,
2.175390661e-03,-4.439384838e-03,-6.851984171e-03,-1.217546986e-01,-5.772965742e-01,-1.483235264e+00,-2.114389773e+00,-1.580276377e+00,-4.863567237e-01,
1.590202049e-01
l,4.0,2.0
0.790,1.670,2.570,
3.360376227e-02,9.884297089e+00
1.293203980e-02,-2.111679531e-02,1.834730820e-02,-5.039972194e-02,-9.097515112e-01,-4.010245862e+00,-8.895643449e+00,-8.973572350e+00,-3.291305651e+00,
2.368238732e-03,-4.927458950e-03,-5.100921263e-03,-9.771516485e-02,-4.200165853e-01,-1.000610366e+00,-1.319690517e+00,-9.105151726e-01,-2.564887351e-01,
1.587855666e-01
l,4.0,3.0
0.790,1.070,1.370,
1.621775903e-01,9.164771753e+00
8.756078035e-02,3.995454247e-02,1.609091057e+00,6.887856261e+01,8.012284921e+02,5.336653110e+03,2.087692865e+04,4.354073382e+04,3.712263905e+04,
5.307821280e-02,-1.233196496e-01,-1.675278729e+00,-5.342354841e+01,-7.121515014e+02,-5.079380468e+03,-2.010434714e+04,-4.151124998e+04,-3.491971856e+04,
1.591435824e-01
l,4.0,4.0
0.810,0.970,1.130,
0.000000000e+00,0.000000000e+00
1.221709013e+00,-1.726867870e+01,1.559038213e+02,-1.604234094e+04,-8.702573207e+05,-2.454690644e+07,-3.200381424e+08,-1.846587003e+09,-3.874069989e+09,
3.045095110e-01,-1.745838487e+00,-3.459056256e+01,-2.473475058e+03,-6.201102557e+04,-8.427352774e+05,-6.272475146e+06,-2.428946658e+07,-3.795719806e+07,
1.589581510e-01
l,5.0,-5.0
0.910,1.830,2.810,
1.014077650e-04,7.089170653e+00
1.493353047e-04,-2.104419304e-04,2.760099005e-04,3.618842345e-03,1.896810436e-02,5.348364983e-02,7.634336150e-02,5.424481582e-02,1.543967624e-02,
2.502266007e-05,-5.254166877e-05,-2.201404812e-05,-6.011886521e-04,-2.097725331e-03,-4.200391211e-03,-4.706270040e-03,-2.779068827e-03,-6.786647736e-04,
1.587856597e-01
l,5.0,-4.0
0.950,1.770,2.630,
7.821104078e-05,7.453928855e+00
2.994611859e-04,-1.132230381e-04,5.251845217e-03,4.754790482e-02,2.025245540e-01,4.989054290e-01,6.902493199e-01,4.951469101e-01,1.435175270e-01,
6.503396204e-05,-1.349878355e-04,-1.652048056e-04,-3.160822666e-03,-1.509296880e-02,-4.053386380e-02,-6.165001986e-02,-4.986269996e-02,-1.667422545e-02,
1.590201434e-01
l,5.0,-3.0
1.010,1.970,2.930,
7.046644889e-05,9.029840352e+00
3.676543129e-04,-5.287037442e-04,5.489557590e-04,4.752686202e-03,1.851755588e-02,5.081760677e-02,6.371188057e-02,3.403330887e-02,5.976765180e-03,
6.172818638e-05,-1.305258869e-04,-1.313905888e-04,-2.484702720e-03,-1.019564782e-02,-2.307130654e-02,-2.875457266e-02,-1.865316221e-02,-4.931698811e-03,
1.588167828e-01
l,5.0,-2.0
1.110,1.890,2.730,
7.712438756e-05,7.677742175e+00
7.567115244e-04,-5.549304720e-04,8.617156751e-03,8.973517336e-02,4.113495668e-01,1.094182876e+00,1.621924194e+00,1.236208242e+00,3.785257752e-01,
1.677108645e-04,-3.505402151e-04,-6.161740783e-04,-1.212450270e-02,-6.791441274e-02,-2.056581776e-01,-3.392375775e-01,-2.861277866e-01,-9.647183212e-02,
1.589890535e-01
l,5.0,-1.0
1.110,2.050,3.010,
9.211434449e-05,9.097192566e+00
1.011118991e-03,-1.503561464e-03,1.520463188e-03,1.323909687e-02,5.287273402e-02,1.492326537e-01,1.914352429e-01,1.048749670e-01,1.911524215e-02,
1.654692548e-04,-3.514768692e-04,-3.108665318e-04,-6.332480512e-03,-2.595074547e-02,-5.875778857e-02,-7.316639777e-02,-4.743552477e-02,-1.254510060e-02,
1.587858025e-01
l,5.0,0.0
1.110,1.930,2.750,
1.705196808e-04,8.041881198e+00
2.262075897e-03,-2.797764476e-03,1.154186006e-03,3.666843069e-02,1.465091404e-01,4.945720844e-01,8.709277732e-01,7.086003322e-01,2.165882667e-01,
5.111901974e-04,-1.070806602e-03,-1.515591221e-03,-2.820639414e-02,-1.326410011e-01,-3.378339516e-01,-4.747838431e-01,-3.479119623e-01,-1.043507358e-01,
1.589891131e-01
l,5.0,1.0
1.110,2.050,2.990,
2.846550590e-04,9.879044084e+00
3.274373012e-03,-5.065198489e-03,5.507353034e-03,3.917579920e-02,1.456270316e-01,3.801353140e-01,4.011348475e-01,1.299528701e-01,-1.105642026e-02,
5.485998061e-04,-1.165164244e-03,-1.128167942e-03,-2.207449077e-02,-9.164239924e-02,-2.106102969e-01,-2.668659519e-01,-1.763927218e-01,-4.758995662e-02,
1.587545799e-01
l,5.0,2.0
1.070,1.830,2.610,
8.945187068e-04,7.952569520e+00
9.003070183e-03,-1.061953142e-02,2.196796947e-02,3.422519813e-01,1.616515993e+00,5.215016722e+00,9.117666481e+00,7.762720558e+00,2.559466104e+00,
2.182136918e-03,-4.550335935e-03,-8.516051433e-03,-1.615373853e-01,-8.709845969e-01,-2.509974737e+00,-3.953335529e+00,-3.218668655e+00,-1.062473076e+00,
1.590201666e-01
l,5.0,3.0
1.030,1.930,2.830,
2.701617379e-03,1.238711755e+01
1.408533007e-02,-2.408857304e-02,2.416112691e-02,2.854754564e-03,-5.498442937e-01,-2.767446327e+00,-6.800526288e+00,-7.256168104e+00,-2.739532739e+00,
2.452052122e-03,-5.187433062e-03,-5.103953229e-03,-1.015814273e-01,-4.352244712e-01,-1.037964102e+00,-1.369018136e+00,-9.446688095e-01,-2.662003283e-01,
1.586926547e-01
l,5.0,4.0
1.010,1.310,1.630,
1.796953303e-02,1.085392955e+01
9.936489910e-02,6.914478048e-02,2.210797967e+00,8.355045916e+01,9.493779045e+02,6.000056940e+03,2.188415302e+04,4.236884846e+04,3.354648637e+04,
5.859459561e-02,-1.404308848e-01,-2.147324510e+00,-6.581450637e+01,-8.407397052e+02,-5.697910125e+03,-2.129094948e+04,-4.132189352e+04,-3.257102319e+04,
1.591435754e-01
l,5.0,5.0
1.030,1.190,1.390,
0.000000000e+00,0.000000000e+00
1.753460050e+00,-2.546002612e+01,7.971288765e+02,5.286114485e+04,2.156990054e+06,3.895115803e+07,3.307278880e+08,1.329402669e+09,2.053133796e+09,
3.207903845e-01,-1.699650423e+00,-3.046402843e+01,-1.973769219e+03,-4.319407358e+04,-4.943794833e+05,-3.021326453e+06,-9.446718810e+06,-1.176674839e+07,
1.590823361e-01
l,6.0,-6.0
1.090,2.010,2.990,
7.880090013e-06,9.689989648e+00
5.914908979e-05,-7.873060442e-05,3.476772363e-04,3.946763799e-03,1.955063472e-02,5.154265441e-02,7.137629317e-02,4.975485265e-02,1.384727486e-02,
9.603034405e-06,-2.036898873e-05,-1.408025466e-05,-3.174525254e-04,-1.287052332e-03,-2.958034099e-03,-3.786455504e-03,-2.536686829e-03,-6.938817704e-04,
1.587853672e-01
l,6.0,-5.0
1.150,1.970,2.830,
6.756117389e-06,7.792239535e+00
1.128629010e-04,-8.212433890e-06,2.601869445e-03,2.191199581e-02,8.649594193e-02,1.965825057e-01,2.534980375e-01,1.712136920e-01,4.707511137e-02,
2.402839951e-05,-5.051422941e-05,-6.517113722e-05,-1.270940788e-03,-6.327577726e-03,-1.771520462e-02,-2.793806922e-02,-2.326989141e-02,-7.956361933e-03,
1.590200413e-01
l,6.0,-4.0
1.230,2.190,3.150,
4.305981867e-06,9.014189942e+00
1.345976052e-04,-1.996293330e-04,1.796831117e-04,1.610296876e-03,5.882664705e-03,1.696462161e-02,2.306139224e-02,1.392139096e-02,3.058620060e-03,
2.169063612e-05,-4.637770095e-05,-4.038051556e-05,-8.371252881e-04,-3.427093752e-03,-7.758159854e-03,-9.658025172e-03,-6.262103555e-03,-1.657613013e-03,
1.587854942e-01
l,6.0,-3.0
1.350,2.130,2.970,
4.678186264e-06,8.637305355e+00
2.621182066e-04,-1.400798498e-04,4.241603934e-03,4.301701915e-02,1.974733013e-01,5.190662512e-01,7.633061265e-01,5.809430248e-01,1.783987328e-01,
5.677818852e-05,-1.203182407e-04,-2.437007227e-04,-4.887652681e-03,-2.869300138e-02,-8.983747076e-02,-1.518098461e-01,-1.303127774e-01,-4.449777410e-02,
1.589890810e-01
l,6.0,-2.0
1.350,2.290,3.250,
4.270021379e-06,9.547290945e+00
3.499139857e-04,-5.187458616e-04,5.103647755e-04,5.701966653e-03,2.506326320e-02,7.707618776e-02,1.153551246e-01,7.999303569e-02,2.102223577e-02,
5.559962850e-05,-1.194318915e-04,-1.046149031e-04,-2.166565766e-03,-8.866410888e-03,-2.009772093e-02,-2.503691606e-02,-1.624215573e-02,-4.303540330e-03,
1.587855243e-01
l,6.0,-1.0
1.370,2.210,3.050,
5.386205885e-06,9.934645170e+00
7.115030894e-04,-1.018928206e-03,-3.352976145e-03,-1.864554964e-02,-8.464315693e-02,-1.610949821e-01,-1.526507961e-01,-7.688876846e-02,-1.784596751e-02,
1.521724314e-04,-3.238837135e-04,-6.753633696e-05,-1.935413825e-03,2.692859538e-03,3.311150014e-02,8.019668593e-02,8.099620440e-02,2.994636461e-02,
1.589891136e-01
l,6.0,0.0
1.390,2.350,3.310,
8.680893761e-06,9.799368598e+00
9.954069974e-04,-1.533106388e-03,1.459981722e-03,1.334450572e-02,5.461744993e-02,1.663284371e-01,2.375975029e-01,1.526868935e-01,3.631581447e-02,
1.551916538e-04,-3.342995971e-04,-2.667457403e-04,-5.837608051e-03,-2.381995314e-02,-5.400243436e-02,-6.728098233e-02,-4.366693664e-02,-1.157354280e-02,
1.587545589e-01
l,6.0,1.0
1.390,2.210,3.030,
2.189751945e-05,8.952865151e+00
2.281472087e-03,-2.844819555e-03,-2.597633643e-04,2.712461240e-02,9.859455950e-02,3.801808002e-01,7.526807642e-01,6.671489476e-01,2.191419424e-01,
5.046206156e-04,-1.073851260e-03,-1.493625369e-03,-2.756895565e-02,-1.248767604e-01,-3.057412044e-01,-4.129102229e-01,-2.911618832e-01,-8.436768252e-02,
1.589891342e-01
l,6.0,2.0
1.370,2.310,3.270,
2.887757319e-05,1.070647700e+01
3.462401917e-03,-5.444802705e-03,5.603187537e-03,4.565686912e-02,1.844944312e-01,5.443820689e-01,7.214057404e-01,4.066206742e-01,7.664309788e-02,
5.374282986e-04,-1.156669234e-03,-1.030681322e-03,-2.116156056e-02,-8.647986685e-02,-1.960637757e-01,-2.443227736e-01,-1.586121653e-01,-4.202275459e-02,
1.587235954e-01
l,6.0,3.0
1.330,2.110,2.890,
1.473733423e-04,8.789702798e+00
9.269952774e-03,-1.147656879e-02,2.555222564e-02,3.591611540e-01,1.656886806e+00,5.191758861e+00,8.854569417e+00,7.392567314e+00,2.398595824e+00,
2.163850267e-03,-4.589609767e-03,-8.435351049e-03,-1.662683836e-01,-9.113518293e-01,-2.659712954e+00,-4.226857269e+00,-3.464285248e+00,-1.149157203e+00,
1.590202206e-01
l,6.0,4.0
1.250,2.170,3.090,
1.124541267e-04,1.577946859e+01
1.562029961e-02,-2.736237848e-02,3.171806555e-02,1.204620418e-01,2.482157482e-01,-5.649999927e-03,-2.161312496e+00,-3.549272664e+00,-1.599717194e+00,
2.517465287e-03,-5.398670889e-03,-4.725809625e-03,-1.001021459e-01,-4.206867646e-01,-9.870355677e-01,-1.276957856e+00,-8.633497574e-01,-2.382982656e-01,
1.586005518e-01
l,6.0,5.0
1.230,1.550,1.910,
1.702692495e-03,1.210419783e+01
1.098070964e-01,7.993912861e-02,1.725710228e+00,7.178676920e+01,7.876339517e+02,4.702647604e+03,1.609626304e+04,2.918925539e+04,2.163578110e+04,
6.011013175e-02,-1.453175604e-01,-1.861908895e+00,-5.484908416e+01,-6.495963773e+02,-4.014537457e+03,-1.350661938e+04,-2.339653711e+04,-1.636778211e+04,
1.591435744e-01
l,6.0,6.0
1.310,1.430,1.630,
4.393416831e-03,2.424635033e+01
1.810549974e+00,-2.284491789e+01,5.272388411e+02,2.870548591e+04,1.113028745e+06,1.939253361e+07,1.576384476e+08,6.052123944e+08,8.936568126e+08,
3.657608228e-01,-1.940578643e+00,-4.432587597e+01,-2.740974663e+03,-6.035473727e+04,-6.917510031e+05,-4.243532308e+06,-1.333072094e+07,-1.677265299e+07,
1.590824091e-01
l,7.0,-7.0
1.310,2.210,3.190,
8.684651504e-07,8.717514730e+00
2.266691990e-05,-3.931566558e-05,-9.080211501e-05,-6.351180612e-04,-2.076387547e-03,-2.816644078e-03,-1.692070381e-03,-1.741746788e-04,1.781465281e-04,
3.518194819e-06,-7.536096944e-06,8.887649455e-07,-2.907310468e-05,3.133191553e-05,3.377325845e-04,7.254470009e-04,6.496601775e-04,2.130854730e-04,
1.587851213e-01
l,7.0,-6.0
1.350,2.190,3.030,
1.044317554e-07,1.459655158e+01
4.129887020e-05,-8.973229629e-05,-8.337286593e-04,-6.509615235e-03,-2.821913838e-02,-6.647391761e-02,-8.945842589e-02,-6.497454244e-02,-1.967034796e-02,
8.832407359e-06,-1.877336769e-05,-4.016622323e-06,-1.020561891e-04,3.577064236e-04,3.249201649e-03,8.380409081e-03,9.269420159e-03,3.756316103e-03,
1.589888962e-01
l,7.0,-5.0
1.450,2.390,3.350,
1.712772444e-07,1.148500981e+01
5.045826038e-05,-7.530560198e-05,4.898397944e-05,3.356130592e-04,3.548501522e-04,9.191216161e-04,3.363466628e-04,-1.349309085e-03,-9.565587659e-04,
7.921225189e-06,-1.708629503e-05,-1.470286433e-05,-3.091780573e-04,-1.260902539e-03,-2.859004606e-03,-3.567148288e-03,-2.317547950e-03,-6.146056476e-04,
1.587853539e-01
l,7.0,-4.0
1.510,2.330,3.170,
1.922043927e-07,1.071311902e+01
9.548488742e-05,-1.406206993e-04,-9.069800552e-04,-6.530012547e-03,-3.028722385e-02,-6.913675897e-02,-8.424404009e-02,-5.377674607e-02,-1.427855812e-02,
2.080885801e-05,-4.453390439e-05,2.607335239e-06,1.996064715e-05,2.546071172e-03,1.209886637e-02,2.425205540e-02,2.258511116e-02,8.005950006e-03,
1.589890234e-01
l,7.0,-3.0
1.590,2.530,3.470,
2.789546405e-07,9.770688396e+00
1.211320996e-04,-1.821122521e-04,1.774903085e-04,2.221833213e-03,1.019887630e-02,3.217287362e-02,5.031206424e-02,3.694438442e-02,1.036805533e-02,
1.940694807e-05,-4.206261456e-05,-3.505736857e-05,-7.552679354e-04,-3.102911702e-03,-7.118703201e-03,-9.006621123e-03,-5.950820111e-03,-1.610282320e-03,
1.587857258e-01
l,7.0,-2.0
1.650,2.450,3.290,
2.995484421e-07,1.005285600e+01
2.392823953e-04,-2.392305698e-04,7.719333153e-04,1.084021332e-02,4.569450654e-02,1.260833135e-01,2.014813838e-01,1.641758422e-01,5.294700685e-02,
5.108342850e-05,-1.099206134e-04,-1.693628893e-04,-3.417885204e-03,-1.771749217e-02,-4.893352590e-02,-7.350688005e-02,-5.687195947e-02,-1.780537445e-02,
1.589890535e-01
l,7.0,-1.0
1.650,2.590,3.550,
3.513880914e-07,1.046842174e+01
3.366587043e-04,-4.973260070e-04,3.962612325e-04,5.188385611e-03,2.129483063e-02,6.899219899e-02,1.110795400e-01,8.243180886e-02,2.305573188e-02,
5.179912345e-05,-1.126130167e-04,-9.252451345e-05,-2.013533245e-03,-8.210768232e-03,-1.862760417e-02,-2.322295733e-02,-1.508397339e-02,-4.007458524e-03,
1.587545594e-01
l,7.0,0.0
1.690,2.510,3.350,
1.092051371e-06,9.174272569e+00
6.805356825e-04,-7.317957151e-04,1.720477204e-03,2.395462561e-02,9.473800805e-02,2.612257504e-01,4.181488340e-01,3.365756433e-01,1.061667785e-01,
1.425798090e-04,-3.076369781e-04,-4.406955350e-04,-9.134422359e-03,-4.705478081e-02,-1.295367842e-01,-1.941456776e-01,-1.500188981e-01,-4.694385411e-02,
1.589891131e-01
l,7.0,1.0
1.670,2.630,3.590,
1.189728759e-06,1.017626637e+01
9.964444907e-04,-1.539561065e-03,1.347937630e-03,1.396480403e-02,5.745769587e-02,1.813980777e-01,2.741578555e-01,1.884833094e-01,4.851727551e-02,
1.507863373e-04,-3.283517168e-04,-2.501685286e-04,-5.679585253e-03,-2.311243240e-02,-5.245649780e-02,-6.537767945e-02,-4.244644914e-02,-1.126500591e-02,
1.587235792e-01
l,7.0,2.0
1.650,2.470,3.310,
3.771465100e-06,9.330733603e+00
2.336479956e-03,-2.706858098e-03,1.096520895e-04,3.726061092e-02,1.296569525e-01,4.260771258e-01,8.124259532e-01,7.277158343e-01,2.450273478e-01,
4.937912713e-04,-1.064459609e-03,-7.992025482e-04,-1.824516105e-02,-7.851641910e-02,-1.923010487e-01,-2.646725577e-01,-1.917268755e-01,-5.741115063e-02,
1.589580494e-01
l,7.0,3.0
1.610,2.570,3.530,
3.909610422e-06,1.112393983e+01
3.615169087e-03,-5.719389306e-03,5.836141606e-03,5.468970364e-02,2.375167305e-01,7.396378059e-01,1.085571113e+00,7.231869135e-01,1.798295071e-01,
5.457670921e-04,-1.186827486e-03,-1.046087114e-03,-2.179749650e-02,-8.893654629e-02,-2.018155545e-01,-2.515565527e-01,-1.633530470e-01,-4.332088653e-02,
1.586625363e-01
l,7.0,4.0
1.570,2.350,3.150,
2.274906851e-05,9.737543341e+00
9.949236177e-03,-1.245162214e-02,5.756798949e-03,2.067804507e-01,8.692132979e-01,3.095450225e+00,5.983502305e+00,5.437568342e+00,1.871603818e+00,
2.218646525e-03,-4.767683712e-03,-5.802508454e-03,-1.162015964e-01,-5.583042701e-01,-1.482730404e+00,-2.183599737e+00,-1.678311679e+00,-5.280658087e-01,
1.589891430e-01
l,7.0,5.0
1.490,2.410,3.330,
5.894062392e-06,1.653060374e+01
1.710424013e-02,-3.031415055e-02,3.891289544e-02,2.209369768e-01,8.787445744e-01,2.168347047e+00,1.513896883e+00,-6.132837108e-01,-7.055003066e-01,
2.681146486e-03,-5.811828394e-03,-5.519356683e-03,-1.130446766e-01,-4.752363306e-01,-1.115787588e+00,-1.444175380e+00,-9.769159759e-01,-2.698732529e-01,
1.585696346e-01
l,7.0,6.0
1.450,1.810,2.190,
1.384788476e-04,1.354032950e+01
1.195200980e-01,3.580352512e-02,1.361076651e+00,5.907104739e+01,5.968166759e+02,3.261914815e+03,1.015234781e+04,1.662557788e+04,1.106855306e+04,
6.051255530e-02,-1.467557938e-01,-1.592866307e+00,-4.668194613e+01,-5.347059801e+02,-3.170535735e+03,-1.016916060e+04,-1.672595161e+04,-1.108407888e+04,
1.591436475e-01
l,7.0,7.0
1.530,1.670,1.890,
0.000000000e+00,0.000000000e+00
1.855101943e+00,-2.097850812e+01,3.388661117e+02,1.404227165e+04,5.205603794e+05,8.752594071e+06,6.680073876e+07,2.372259935e+08,3.213742603e+08,
3.685405757e-01,-1.819197583e+00,-3.619909333e+01,-2.177333639e+03,-4.546595625e+04,-4.851549755e+05,-2.739252660e+06,-7.863863211e+06,-9.010672788e+06,
1.590823593e-01
l,8.0,-8.0
0.850,0.870,0.910,
0.000000000e+00,0.000000000e+00
7.288336928e-05,1.092168119e-03,-4.866301605e-02,0.000000000e+00,0.000000000e+00,0.000000000e+00,0.000000000e+00,0.000000000e+00,0.000000000e+00,
1.525798637e-04,-2.073840633e-04,-1.324957760e-01,-1.937522002e+00,0.000000000e+00,0.000000000e+00,0.000000000e+00,0.000000000e+00,0.000000000e+00,
1.591435795e-01
l,8.0,-7.0
1.570,2.370,3.210,
7.630878511e-08,8.519981128e+00
1.580695061e-05,-5.254961791e-06,2.914737868e-04,2.675807107e-03,1.156531556e-02,2.920437585e-02,4.171207092e-02,3.094579715e-02,9.267283443e-03,
3.374910357e-06,-7.235765513e-06,-1.612785561e-05,-3.289364413e-04,-1.996031157e-03,-6.390924097e-03,-1.096046197e-02,-9.500571763e-03,-3.265184292e-03,
1.589886500e-01
l,8.0,-6.0
1.630,2.570,3.530,
2.389523421e-09,1.510550880e+01
1.941539085e-05,-2.827956835e-05,1.595505559e-05,1.770642692e-04,3.564320885e-04,1.201686535e-03,1.950359802e-03,1.210470490e-03,2.196810542e-04,
3.010536528e-06,-6.539562029e-06,-5.653694358e-06,-1.200919133e-04,-4.901071492e-04,-1.112529948e-03,-1.389914401e-03,-9.046478617e-04,-2.406426143e-04,
1.587850862e-01
l,8.0,-5.0
1.750,2.550,3.390,
2.840700264e-08,9.591971311e+00
3.406795076e-05,-3.130615051e-05,1.299096658e-04,1.727320145e-03,6.702513871e-03,1.640129739e-02,2.368660896e-02,1.776798203e-02,5.329633344e-03,
7.276646464e-06,-1.572152657e-05,-2.711574264e-05,-5.487185081e-04,-2.922555572e-03,-8.189773624e-03,-1.242597438e-02,-9.691044510e-03,-3.054057921e-03,
1.590199536e-01
l,8.0,-4.0
1.810,2.730,3.670,
1.179172079e-08,1.117729252e+01
4.437757161e-05,-6.404792093e-05,2.510332575e-05,2.244964833e-04,-6.133667531e-04,-1.788673161e-03,-2.330833602e-03,-2.059951855e-03,-8.107315477e-04,
7.048256833e-06,-1.538668190e-05,-1.202461541e-05,-2.784900827e-04,-1.174455809e-03,-2.763768940e-03,-3.574285490e-03,-2.403734574e-03,-6.597794883e-04,
1.587855748e-01
l,8.0,-3.0
1.870,2.670,3.510,
3.759047612e-08,9.540171478e+00
8.292456187e-05,-8.710927718e-05,-9.388882278e-05,9.428274523e-04,3.325594704e-03,1.237878758e-02,2.673191159e-02,2.619739042e-02,9.449974581e-03,
1.781692886e-05,-3.867477662e-05,-2.072993652e-05,-5.473427266e-04,-2.219645899e-03,-5.242103016e-03,-7.042254772e-03,-5.006282128e-03,-1.483611824e-03,
1.589890368e-01
l,8.0,-2.0
1.910,2.830,3.770,
1.144399680e-08,1.178631867e+01
1.139996966e-04,-1.638550504e-04,7.833673252e-05,1.122763844e-03,2.058419056e-03,6.510735474e-03,1.133427970e-02,7.964111134e-03,1.857586013e-03,
1.798721893e-05,-3.939775634e-05,-3.133086267e-05,-7.117992057e-04,-2.963816914e-03,-6.900646029e-03,-8.844521246e-03,-5.907352011e-03,-1.614548956e-03,
1.587857425e-01
l,8.0,-1.0
1.950,2.770,3.590,
6.769563163e-08,9.588846784e+00
2.180830052e-04,-2.454807956e-04,-4.448330698e-05,3.329412566e-03,1.060274736e-02,3.260350339e-02,6.229301444e-02,5.652644011e-02,1.924804687e-02,
4.755209169e-05,-1.035280716e-04,-1.081038213e-04,-2.219770357e-03,-1.017088506e-02,-2.595809745e-02,-3.683897292e-02,-2.730476994e-02,-8.307621375e-03,
1.589891136e-01
l,8.0,0.0
1.950,2.890,3.850,
3.195060032e-08,1.138920366e+01
3.199868079e-04,-4.725816284e-04,2.840627553e-04,4.149005480e-03,1.478696521e-02,5.022814950e-02,8.549147910e-02,6.573269707e-02,1.880188224e-02,
4.792320971e-05,-1.052369709e-04,-7.539203541e-05,-1.800256323e-03,-7.307589776e-03,-1.659190526e-02,-2.069074115e-02,-1.344257843e-02,-3.576011251e-03,
1.587545121e-01
l,8.0,1.0
1.970,2.790,3.630,
7.667780368e-08,1.091283481e+01
6.628326955e-04,-7.589209970e-04,-3.280344160e-04,7.616570012e-03,2.143024787e-02,7.788160039e-02,1.697652621e-01,1.649514552e-01,5.848553468e-02,
1.384038097e-04,-3.018039839e-04,-1.599985204e-04,-4.354414286e-03,-1.791862062e-02,-4.281056050e-02,-5.783387955e-02,-4.121846071e-02,-1.220785057e-02,
1.589580877e-01
l,8.0,2.0
1.950,2.890,3.850,
1.370849918e-07,1.107125310e+01
1.018414972e-03,-1.532964536e-03,1.132231019e-03,1.428878820e-02,5.513650949e-02,1.817337965e-01,2.969618536e-01,2.216267584e-01,6.203306606e-02,
1.521563809e-04,-3.341915524e-04,-2.735402828e-04,-6.018507053e-03,-2.448890517e-02,-5.557880020e-02,-6.928437067e-02,-4.499715655e-02,-1.195643551e-02,
1.586926008e-01
l,8.0,3.0
1.930,2.750,3.590,
4.236945630e-07,1.057908938e+01
2.316952916e-03,-2.669691221e-03,8.451555152e-04,4.130499580e-02,1.404156098e-01,4.341083511e-01,8.031392299e-01,7.111447705e-01,2.383357038e-01,
4.798360867e-04,-1.045568044e-03,-1.117279737e-03,-2.256202773e-02,-1.016358460e-01,-2.556941812e-01,-3.586135454e-01,-2.634354015e-01,-7.953660243e-02,
1.589581034e-01
l,8.0,4.0
1.870,2.830,3.810,
6.479004617e-07,1.142942349e+01
3.736899002e-03,-5.985727755e-03,4.606156177e-03,4.767336307e-02,2.054692688e-01,6.895676056e-01,1.075856601e+00,7.568965084e-01,1.991321069e-01,
5.277629145e-04,-1.158531578e-03,-5.222907617e-04,-1.533007363e-02,-5.700082374e-02,-1.226135151e-01,-1.464063320e-01,-9.205651512e-02,-2.390089594e-02,
1.586625294e-01
l,8.0,5.0
1.830,2.610,3.410,
2.374241260e-06,1.123503779e+01
1.030318998e-02,-1.273204721e-02,1.124490052e-02,2.607582012e-01,1.078303959e+00,3.521409144e+00,6.460833952e+00,5.714098841e+00,1.934665898e+00,
2.259369809e-03,-4.908430364e-03,-8.107998627e-03,-1.516129180e-01,-7.574992865e-01,-2.056773909e+00,-3.074785001e+00,-2.388725357e+00,-7.565448571e-01,
1.589580955e-01
l,8.0,6.0
1.730,2.650,3.590,
4.669439811e-07,1.684005217e+01
1.853672974e-02,-3.316709491e-02,4.237280391e-02,2.875385982e-01,1.329909557e+00,3.867821318e+00,4.570570595e+00,1.941188043e+00,1.007769181e-01,
2.719003670e-03,-5.951020109e-03,-4.976503126e-03,-1.091473092e-01,-4.501852299e-01,-1.039745774e+00,-1.320355168e+00,-8.755314113e-01,-2.370795439e-01,
1.585387428e-01
l,8.0,7.0
1.690,2.050,2.450,
1.206928699e-05,1.456178623e+01
1.282815933e-01,5.157043009e-02,1.524136729e+00,6.371782745e+01,6.522948174e+02,3.587423128e+03,1.116273704e+04,1.822898011e+04,1.209654084e+04,
6.306738904e-02,-1.541692446e-01,-1.714569908e+00,-4.912321157e+01,-5.459826023e+02,-3.113528614e+03,-9.544252603e+03,-1.494431387e+04,-9.403826001e+03,
1.591435977e-01
l,8.0,8.0
1.690,1.890,2.130,
0.000000000e+00,0.000000000e+00
2.344129086e+00,-2.497172093e+01,2.122510437e+02,2.596131681e+03,5.431168654e+04,1.698722322e+06,1.656765554e+07,6.479769529e+07,9.041377414e+07,
4.050239258e-01,-1.992693314e+00,-4.718485883e+01,-2.675792222e+03,-5.353616038e+04,-5.367258346e+05,-2.819346788e+06,-7.488459538e+06,-7.925156870e+06,
1.591444471e-01
l,9.0,-9.0
0.630,0.670,0.730,
7.551636914e-01,2.106694152e+01
9.131900151e-05,1.055410840e-03,1.933322643e-02,9.633458592e-01,1.029884573e+01,0.000000000e+00,0.000000000e+00,0.000000000e+00,0.000000000e+00,
1.068450657e-04,-1.162360023e-04,-1.700733528e-02,-4.756978084e-01,-4.940165228e+00,0.000000000e+00,0.000000000e+00,0.000000000e+00,0.000000000e+00,
1.591435840e-01
l,9.0,-8.0
0.870,0.890,0.930,
0.000000000e+00,0.000000000e+00
8.595154213e-05,1.711698111e-03,-2.553237614e-02,0.000000000e+00,0.000000000e+00,0.000000000e+00,0.000000000e+00,0.000000000e+00,0.000000000e+00,
1.484528982e-04,-2.052646125e-04,-8.466071214e-02,-1.011644306e+00,0.000000000e+00,0.000000000e+00,0.000000000e+00,0.000000000e+00,0.000000000e+00,
1.591435795e-01
l,9.0,-7.0
1.870,2.790,3.710,
8.156405639e-10,1.222925120e+01
6.993328043e-06,-1.049315775e-05,9.983532583e-06,1.783375472e-04,9.532898671e-04,3.002766085e-03,4.684056048e-03,3.460925649e-03,9.783273323e-04,
1.141216733e-06,-2.494654915e-06,-1.909922241e-06,-4.342385019e-05,-1.739341731e-04,-3.882791472e-04,-4.782427047e-04,-3.090393287e-04,-8.252643290e-05,
1.587850891e-01
l,9.0,-6.0
2.010,2.770,3.590,
1.314285630e-09,1.094373791e+01
1.207749028e-05,-1.186795148e-05,3.595129312e-05,5.422989776e-04,2.300848343e-03,6.431434482e-03,1.046044840e-02,8.676380243e-03,2.847764873e-03,
2.646183846e-06,-5.760629900e-06,-1.107895106e-05,-2.309845795e-04,-1.301625581e-03,-3.792628985e-03,-5.909124288e-03,-4.689906310e-03,-1.494506356e-03,
1.590196855e-01
l,9.0,-5.0
2.050,2.930,3.850,
6.821356853e-10,1.192530898e+01
1.615511974e-05,-2.206661759e-05,1.706464102e-05,3.218896263e-04,1.439892499e-03,4.918342886e-03,8.662755539e-03,7.131007749e-03,2.217393052e-03,
2.666854518e-06,-5.855794216e-06,-4.509323576e-06,-1.076080394e-04,-4.619790995e-04,-1.106988779e-03,-1.456275603e-03,-9.947447834e-04,-2.774795395e-04,
1.587854144e-01
l,9.0,-4.0
2.110,2.890,3.710,
3.453875471e-09,9.832522850e+00
2.877693078e-05,-2.782019409e-05,-2.579885785e-05,4.013409773e-04,1.011053969e-03,2.730591143e-03,5.966573702e-03,6.221409071e-03,2.366887271e-03,
6.468049446e-06,-1.413904517e-05,-1.073008280e-05,-2.438030438e-04,-1.073482113e-03,-2.711242226e-03,-3.860224127e-03,-2.882693362e-03,-8.873948227e-04,
1.590199563e-01
l,9.0,-3.0
2.150,3.070,3.990,
1.764995308e-10,1.398335054e+01
3.855058822e-05,-5.524745555e-05,1.237632662e-05,2.506969355e-04,-2.632435440e-04,-8.799588283e-04,-9.470025857e-04,-9.353898416e-04,-4.593426500e-04,
6.226245421e-06,-1.372821903e-05,-9.913846803e-06,-2.414424609e-04,-1.005118649e-03,-2.356192536e-03,-3.053670965e-03,-2.069296791e-03,-5.758312215e-04,
1.588476432e-01
l,9.0,-2.0
2.210,2.990,3.810,
2.833360807e-09,1.065541465e+01
7.362692850e-05,-6.647257690e-05,3.643766430e-05,1.966305397e-03,7.067704037e-03,1.854104530e-02,3.166461896e-02,2.806896237e-02,9.746146209e-03,
1.650177579e-05,-3.619000141e-05,-6.933661073e-05,-1.222218363e-03,-6.085700114e-03,-1.634350708e-02,-2.408917267e-02,-1.837216884e-02,-5.695195390e-03,
1.590201243e-01
l,9.0,-1.0
2.210,3.130,4.050,
1.856231465e-09,1.166419531e+01
1.061781004e-04,-1.464124147e-04,3.242754533e-05,7.900842264e-04,-2.618220494e-04,-5.149931239e-04,2.194484875e-03,2.799937049e-03,8.683514750e-04,
1.731413164e-05,-3.824086116e-05,-3.201420574e-05,-7.202160445e-04,-3.041197266e-03,-7.197155336e-03,-9.397823891e-03,-6.398662327e-03,-1.784655153e-03,
1.587855009e-01
l,9.0,0.0
2.270,3.070,3.890,
4.820901582e-09,1.105463470e+01
2.028121962e-04,-2.124072752e-04,8.034533072e-05,4.718819131e-03,1.768423316e-02,5.051140489e-02,8.854533677e-02,7.766767850e-02,2.633353245e-02,
4.395580215e-05,-9.664135064e-05,-1.626999235e-04,-2.964659774e-03,-1.445864104e-02,-3.819953109e-02,-5.547637339e-02,-4.178998042e-02,-1.283217784e-02,
1.589890663e-01
l,9.0,1.0
2.250,3.170,4.110,
6.306717166e-09,1.139299338e+01
3.110113903e-04,-4.432178783e-04,2.255635200e-04,4.453818565e-03,1.547174237e-02,5.041051501e-02,8.696212387e-02,6.892050384e-02,2.042263917e-02,
4.813859556e-05,-1.065003802e-04,-8.002687635e-05,-1.885742615e-03,-7.763429322e-03,-1.792159317e-02,-2.277656681e-02,-1.509877443e-02,-4.105499858e-03,
1.587235267e-01
l,9.0,2.0
2.250,3.070,3.910,
6.301920779e-09,1.212471665e+01
6.429899950e-04,-6.873888506e-04,7.538426153e-06,1.053749094e-02,2.892651029e-02,7.873011538e-02,1.526105787e-01,1.450120370e-01,5.176033301e-02,
1.335772533e-04,-2.939061524e-04,-3.268397082e-04,-6.501528683e-03,-2.927572562e-02,-7.361084008e-02,-1.032603671e-01,-7.585383897e-02,-2.290780057e-02,
1.589580494e-01
l,9.0,3.0
2.230,3.170,4.130,
2.246309084e-08,1.150946220e+01
1.000944991e-03,-1.514826208e-03,9.712302413e-04,1.308878921e-02,4.772367040e-02,1.586338068e-01,2.634678357e-01,1.991023240e-01,5.632535840e-02,
1.462491781e-04,-3.237832336e-04,-2.286414195e-04,-5.545061862e-03,-2.248070568e-02,-5.105024111e-02,-6.362241116e-02,-4.131336429e-02,-1.098752262e-02,
1.586926547e-01
l,9.0,4.0
2.190,3.010,3.870,
4.294527835e-08,1.177045171e+01
2.341320971e-03,-2.596750162e-03,3.268240443e-05,3.710780158e-02,1.073594152e-01,3.124197699e-01,6.039781082e-01,5.614280051e-01,1.958447925e-01,
4.634435666e-04,-1.019089065e-03,-1.010710892e-03,-2.102233948e-02,-9.267062163e-02,-2.283723161e-01,-3.132433801e-01,-2.247820946e-01,-6.631708299e-02,
1.589581510e-01
l,9.0,5.0
2.110,3.090,4.070,
6.203513930e-08,1.266093994e+01
3.831085982e-03,-6.087520994e-03,5.857705742e-03,5.991519140e-02,2.479443491e-01,7.811537323e-01,1.198728570e+00,8.448901711e-01,2.242125232e-01,
5.304620519e-04,-1.173283899e-03,-5.305593376e-04,-1.604645131e-02,-6.106850026e-02,-1.344301785e-01,-1.641180942e-01,-1.053617233e-01,-2.787318014e-02,
1.586315275e-01
l,9.0,6.0
2.070,2.870,3.690,
3.099437523e-07,1.214890286e+01
1.059207041e-02,-1.330933733e-02,9.037015966e-03,2.383873492e-01,9.341581343e-01,3.034476653e+00,5.589872528e+00,4.934190909e+00,1.658787498e+00,
2.189761239e-03,-4.803596007e-03,-7.009356942e-03,-1.370784144e-01,-6.716547895e-01,-1.788562564e+00,-2.614917223e+00,-1.983335702e+00,-6.129242644e-01,
1.589582230e-01
l,9.0,7.0
1.970,2.890,3.830,
5.629711040e-08,1.686454003e+01
1.991811953e-02,-3.574679920e-02,4.598645731e-02,3.495714100e-01,1.712268569e+00,5.303723304e+00,7.206536745e+00,4.192394586e+00,8.253935454e-01,
2.866171763e-03,-6.322764213e-03,-5.199963029e-03,-1.160756118e-01,-4.781894366e-01,-1.105059821e+00,-1.403825255e+00,-9.314100829e-01,-2.524918566e-01,
1.584768184e-01
l,9.0,8.0
1.910,2.290,2.710,
1.021303469e-06,1.561161319e+01
1.362991035e-01,5.549339100e-02,1.014277766e+00,5.228391161e+01,5.196083787e+02,2.719776349e+03,8.017925979e+03,1.238528534e+04,7.767281396e+03,
6.503483850e-02,-1.597757320e-01,-1.000998770e+00,-2.403942963e+01,-2.223778968e+02,-1.114053661e+03,-3.120161718e+03,-4.568022054e+03,-2.731379702e+03,
1.591435742e-01
l,9.0,9.0
1.990,2.150,2.390,
0.000000000e+00,0.000000000e+00
1.918323040e+00,-1.787872977e+01,2.024152880e+02,5.336000269e+03,1.599543568e+05,2.428268135e+06,1.625994514e+07,4.964418885e+07,5.714498763e+07,
3.996083840e-01,-1.844943845e+00,-3.901005114e+01,-2.224907372e+03,-4.448247588e+04,-4.446249022e+05,-2.326946685e+06,-6.149453029e+06,-6.472531567e+06,
1.591444530e-01
