l,1.0,-1.0
0.350,1.210,2.070,
5.964721518e-02,3.120040616e+00
1.205962989e-02,-8.484894571e-03,1.951047870e-02,2.233083005e-01,8.139815925e-01,1.854962959e+00,2.196976369e+00,1.234237074e+00,2.622685386e-01,
4.475427257e-03,-6.178172205e-03,-1.311750337e-02,-1.710403054e-01,-7.833330437e-01,-1.936898334e+00,-2.666496454e+00,-1.921210950e+00,-5.653535428e-01,
1.590822680e-01
l,1.0,0.0
0.370,1.050,1.730,
1.005299575e-01,3.126748802e+00
2.487250045e-02,-1.151071787e-02,1.112879349e-01,1.683163859e+00,9.119978508e+00,2.884204621e+01,5.002743233e+01,4.412277132e+01,1.560313929e+01,
1.193710978e-02,-1.599871451e-02,-8.210610934e-02,-1.279235030e+00,-7.892456182e+00,-2.558051191e+01,-4.535961426e+01,-4.161348839e+01,-1.546516209e+01,
1.591444898e-01
l,1.0,1.0
0.390,0.950,1.550,
3.048881376e-01,3.701568156e+00
5.199826881e-02,-2.296490877e-02,2.314376590e-01,4.541777175e+00,2.743061293e+01,1.031810365e+02,2.189318771e+02,2.360219861e+02,1.011823307e+02,
2.618525194e-02,-3.636030820e-02,-1.863494070e-01,-3.108552682e+00,-2.076745239e+01,-7.425637488e+01,-1.471658610e+02,-1.522116039e+02,-6.417294088e+01,
1.591436033e-01
l,2.0,-2.0
0.810,1.890,2.990,
1.162382387e-03,4.292455952e+00
2.834148007e-03,-2.078761335e-03,1.306921160e-03,2.625143480e-02,7.948768142e-02,1.749379520e-01,2.174652417e-01,1.326607362e-01,3.139092926e-02,
7.092234524e-04,-1.068703258e-03,-1.196784018e-03,-1.600655068e-02,-5.804686002e-02,-1.140464879e-01,-1.237499207e-01,-6.980821906e-02,-1.604775956e-02,
1.590202346e-01
l,2.0,-1.0
0.830,1.870,2.910,
1.708064674e-03,4.262528873e+00
4.844023846e-03,-3.336139998e-03,2.338668629e-03,5.159885777e-02,1.598236360e-01,3.585845549e-01,4.651072340e-01,2.992503713e-01,7.493698597e-02,
1.328405610e-03,-1.992879385e-03,-2.444511566e-03,-3.234474759e-02,-1.220837708e-01,-2.507723803e-01,-2.861304807e-01,-1.703437150e-01,-4.142502284e-02,
1.590512579e-01
l,2.0,0.0
0.870,1.830,2.810,
2.628174880e-03,4.284547097e+00
8.480245247e-03,-5.165516841e-03,5.370596303e-03,1.256270066e-01,4.353011751e-01,1.019758709e+00,1.391808390e+00,9.600566787e-01,2.605393814e-01,
2.564970990e-03,-3.830136073e-03,-5.366126089e-03,-6.959813206e-02,-2.744324240e-01,-5.911603425e-01,-7.113670611e-01,-4.482343913e-01,-1.156477896e-01,
1.590823239e-01
l,2.0,1.0
0.890,1.790,2.710,
4.099322855e-03,4.263088709e+00
1.507098973e-02,-8.132307907e-03,1.091467908e-02,2.751821776e-01,9.922669909e-01,2.401362602e+00,3.470870124e+00,2.572437592e+00,7.541844259e-01,
4.961479392e-03,-7.396161434e-03,-1.397785475e-02,-1.844954699e-01,-8.011418263e-01,-1.871785675e+00,-2.421875138e+00,-1.631648850e+00,-4.480528188e-01,
1.591444761e-01
l,2.0,2.0
0.930,1.750,2.590,
6.975434192e-03,4.875529706e+00
2.743381076e-02,-1.366853554e-02,2.079382264e-02,6.002257345e-01,2.234937406e+00,5.635700664e+00,8.739850773e+00,7.038246092e+00,2.248831042e+00,
9.928747792e-03,-1.486092248e-02,-3.031865919e-02,-4.115976322e-01,-1.903264855e+00,-4.782971801e+00,-6.713800669e+00,-4.935039032e+00,-1.484586139e+00,
1.591444854e-01
l,3.0,-3.0
1.350,2.530,3.710,
2.465350574e-05,5.018685605e+00
6.565807853e-04,-4.596608192e-04,-4.246036607e-06,4.014696183e-03,9.072287695e-03,1.701411629e-02,2.090603866e-02,1.290659498e-02,3.066366396e-03,
1.410167950e-04,-2.213212554e-04,-1.674894717e-04,-2.461730508e-03,-8.035087985e-03,-1.450633224e-02,-1.454800923e-02,-7.605812405e-03,-1.628362981e-03,
1.590202232e-01
l,3.0,-2.0
1.370,2.530,3.690,
3.535045856e-05,5.015058282e+00
1.075873966e-03,-6.947015380e-04,-7.985681983e-05,6.958364332e-03,1.567979617e-02,2.820904034e-02,3.462184940e-02,2.183787355e-02,5.332661774e-03,
2.413976728e-04,-3.785896009e-04,-3.059693478e-04,-4.378036921e-03,-1.448065294e-02,-2.648703074e-02,-2.696472696e-02,-1.432047976e-02,-3.115917527e-03,
1.590202346e-01
l,3.0,-1.0
1.410,2.550,3.690,
5.084023536e-05,5.092895066e+00
1.745510963e-03,-1.131503400e-03,-1.745350185e-04,1.138074650e-02,2.551879314e-02,4.622999382e-02,5.793759522e-02,3.736228194e-02,9.316359191e-03,
4.005906578e-04,-6.284553883e-04,-4.854836806e-04,-7.170826445e-03,-2.399340486e-02,-4.449856228e-02,-4.600835591e-02,-2.483975626e-02,-5.499367214e-03,
1.590512579e-01
l,3.0,0.0
1.430,2.530,3.650,
7.199097191e-05,5.217788820e+00
2.925394103e-03,-1.640397447e-03,-3.425578137e-04,2.374227546e-02,6.024762226e-02,1.082798377e-01,1.308602505e-01,8.378971002e-02,2.117184685e-02,
7.077906602e-04,-1.108993761e-03,-9.438393611e-04,-1.337042190e-02,-4.539090608e-02,-8.532665512e-02,-8.959588139e-02,-4.914903661e-02,-1.105942439e-02,
1.590513138e-01
l,3.0,1.0
1.450,2.530,3.630,
1.066730643e-04,5.261815027e+00
4.873677157e-03,-2.609124702e-03,-7.325826710e-04,4.171508963e-02,1.059055034e-01,1.871222877e-01,2.269245268e-01,1.479513251e-01,3.824465392e-02,
1.212607136e-03,-1.900092719e-03,-1.998041189e-03,-2.779735745e-02,-1.002484822e-01,-1.964179327e-01,-2.126077662e-01,-1.194085577e-01,-2.734423621e-02,
1.590823649e-01
l,3.0,2.0
1.470,2.510,3.570,
1.569099854e-04,5.367432183e+00
8.295228705e-03,-3.862382038e-03,-1.585511714e-03,8.040581441e-02,2.129508846e-01,3.719653311e-01,4.495521443e-01,2.992627053e-01,8.001199345e-02,
2.213188976e-03,-3.465015324e-03,-4.004863921e-03,-5.445189672e-02,-2.016625979e-01,-4.066450076e-01,-4.547974105e-01,-2.644882226e-01,-6.279527849e-02,
1.591133903e-01
l,3.0,3.0
1.510,2.510,3.510,
2.459398509e-04,5.396907636e+00
1.415427960e-02,-6.750298283e-03,-2.029646534e-03,1.526736289e-01,4.148949385e-01,7.509433097e-01,9.460597400e-01,6.574924723e-01,1.835535941e-01,
4.044461047e-03,-6.337594978e-03,-7.638550892e-03,-1.053620785e-01,-4.067119243e-01,-8.596007230e-01,-1.013367163e+00,-6.235658531e-01,-1.570387925e-01,
1.591444710e-01
l,4.0,-4.0
1.910,3.150,4.390,
4.693660808e-07,6.083253119e+00
1.484193053e-04,-9.301547174e-05,-4.575929089e-05,7.386808601e-04,1.336065035e-03,1.800340531e-03,1.985489663e-03,1.215668408e-03,2.898938173e-04,
2.881001794e-05,-4.640876424e-05,-2.937768720e-05,-4.704136933e-04,-1.471923541e-03,-2.549406793e-03,-2.438830623e-03,-1.210077193e-03,-2.455641094e-04,
1.590202224e-01
l,4.0,-3.0
1.950,3.170,4.390,
6.498558274e-07,6.123209797e+00
2.364506072e-04,-1.396180341e-04,-7.459517042e-05,1.269688662e-03,2.433316442e-03,3.275307585e-03,3.498454724e-03,2.114937371e-03,5.058373141e-04,
4.778819814e-05,-7.698225113e-05,-5.423536259e-05,-8.239926226e-04,-2.612785356e-03,-4.581715498e-03,-4.446476629e-03,-2.240051425e-03,-4.615837026e-04,
1.590202232e-01
l,4.0,-2.0
1.970,3.190,4.410,
8.755375662e-07,6.206430987e+00
3.777041857e-04,-2.132497921e-04,-1.450151611e-04,1.999555796e-03,3.774726160e-03,4.775904948e-03,4.950041721e-03,2.999270684e-03,7.247230979e-04,
7.675528303e-05,-1.237305536e-04,-8.286173108e-05,-1.293072637e-03,-4.094853324e-03,-7.176664942e-03,-6.960784901e-03,-3.502830611e-03,-7.210507878e-04,
1.590202346e-01
l,4.0,-1.0
2.010,3.210,4.410,
1.214829662e-06,6.275536529e+00
6.053359830e-04,-3.285123019e-04,-2.347455772e-04,3.376467554e-03,6.593712005e-03,8.375089407e-03,8.545889395e-03,5.153977763e-03,1.252855286e-03,
1.273223984e-04,-2.052623066e-04,-1.463489761e-04,-2.223239726e-03,-7.131037948e-03,-1.265969038e-02,-1.246187245e-02,-6.370557070e-03,-1.332536576e-03,
1.590201993e-01
l,4.0,0.0
2.030,3.210,4.410,
1.626162503e-06,6.394806926e+00
9.849745547e-04,-4.695492960e-04,-4.609241712e-04,5.744987971e-03,1.180612195e-02,1.459039360e-02,1.411876726e-02,8.349388219e-03,2.039094710e-03,
2.112550199e-04,-3.406204178e-04,-2.526584462e-04,-3.754577924e-03,-1.204906552e-02,-2.137184604e-02,-2.102074987e-02,-1.072888696e-02,-2.239647901e-03,
1.590513138e-01
l,4.0,1.0
2.070,3.230,4.410,
2.341498261e-06,6.442768021e+00
1.592757995e-03,-7.560677504e-04,-7.617347196e-04,9.540253858e-03,1.986714941e-02,2.489460161e-02,2.447672532e-02,1.472655639e-02,3.660662108e-03,
3.504761633e-04,-5.652237592e-04,-4.140864991e-04,-6.242263503e-03,-2.026589356e-02,-3.642648290e-02,-3.637204032e-02,-1.886423652e-02,-4.004271399e-03,
1.590513002e-01
l,4.0,2.0
2.090,3.250,4.410,
3.345558812e-06,6.503489132e+00
2.590986900e-03,-1.257693193e-03,-1.272284274e-03,1.562059751e-02,3.186290375e-02,3.887372450e-02,3.815003998e-02,2.327762835e-02,5.869695779e-03,
5.816364387e-04,-9.383753457e-04,-6.636768752e-04,-1.029145723e-02,-3.380325904e-02,-6.160652741e-02,-6.247636308e-02,-3.294407850e-02,-7.116025414e-03,
1.590823742e-01
l,4.0,3.0
2.110,3.230,4.370,
4.609309535e-06,6.634083704e+00
4.330461845e-03,-1.675419383e-03,-2.437654653e-03,2.919019915e-02,6.611981770e-02,8.271382493e-02,7.711295812e-02,4.529156020e-02,1.137382117e-02,
1.029631028e-03,-1.660238611e-03,-1.327823365e-03,-1.942329276e-02,-6.473650870e-02,-1.195108859e-01,-1.230203651e-01,-6.585930607e-02,-1.443764697e-02,
1.590823052e-01
l,4.0,4.0
2.130,3.230,4.350,
6.139893686e-06,6.824968865e+00
7.228428964e-03,-2.639629689e-03,-3.948971067e-03,5.725900650e-02,1.460029113e-01,2.064155663e-01,2.014074520e-01,1.167197806e-01,2.857244965e-02,
1.765928382e-03,-2.849105603e-03,-2.181965369e-03,-3.293760162e-02,-1.110772556e-01,-2.079117045e-01,-2.173471896e-01,-1.182252105e-01,-2.635302161e-02,
1.591133819e-01
l,5.0,-5.0
2.490,3.750,5.030,
9.886546809e-09,6.838351076e+00
3.288124935e-05,-1.628612550e-05,-1.949775649e-05,1.435617009e-04,2.555947072e-04,2.541692123e-04,2.238309148e-04,1.336178178e-04,3.318068502e-05,
6.135348481e-06,-1.006060096e-05,-4.581814083e-06,-8.377717484e-05,-2.437845071e-04,-4.008762850e-04,-3.665676481e-04,-1.739639015e-04,-3.392602979e-05,
1.590202282e-01
l,5.0,-4.0
2.530,3.790,5.070,
1.026506886e-08,7.177281045e+00
5.131688158e-05,-2.559945552e-05,-3.262172566e-05,2.015237576e-04,2.959519074e-04,1.678802443e-04,8.756027117e-05,5.991236673e-05,1.861925179e-05,
9.530311933e-06,-1.564260362e-05,-6.400743685e-06,-1.255396240e-04,-3.640487605e-04,-5.979682700e-04,-5.461167419e-04,-2.587687234e-04,-5.041573003e-05,
1.590202224e-01
l,5.0,-3.0
2.570,3.830,5.090,
7.906163883e-09,7.826227594e+00
8.028397133e-05,-4.073209056e-05,-4.974352352e-05,3.227066419e-04,4.713411832e-04,2.463835592e-04,8.728175082e-05,4.998027777e-05,1.619277681e-05,
1.529733347e-05,-2.512037481e-05,-1.099607758e-05,-2.076403341e-04,-6.090729395e-04,-1.011522038e-03,-9.356852518e-04,-4.495729759e-04,-8.883565288e-05,
1.590202232e-01
l,5.0,-2.0
2.590,3.850,5.110,
2.092985192e-08,7.166681236e+00
1.272852969e-04,-5.946779357e-05,-8.300895693e-05,5.406354883e-04,9.119556199e-04,7.075795467e-04,4.740834954e-04,2.719993484e-04,7.132840904e-05,
2.455384182e-05,-4.034025574e-05,-1.806252179e-05,-3.359399800e-04,-9.867966155e-04,-1.639993855e-03,-1.518482986e-03,-7.297841749e-04,-1.441570803e-04,
1.590202114e-01
l,5.0,-1.0
2.630,3.870,5.130,
1.971015491e-08,7.614815534e+00
2.022986009e-04,-8.802396617e-05,-1.316871255e-04,9.746502118e-04,1.939962349e-03,1.955643336e-03,1.476206789e-03,7.531047674e-04,1.709552449e-04,
3.941118225e-05,-6.478121312e-05,-2.892056189e-05,-5.383705486e-04,-1.580158265e-03,-2.622195240e-03,-2.423548530e-03,-1.161384002e-03,-2.286107005e-04,
1.590201993e-01
l,5.0,0.0
2.670,3.910,5.150,
2.983641802e-08,7.571654326e+00
3.194166929e-04,-1.473632253e-04,-1.836115222e-04,1.644228263e-03,3.306410408e-03,3.539765805e-03,2.844559104e-03,1.486531349e-03,3.374371139e-04,
6.327069099e-05,-1.040509875e-04,-6.543548378e-05,-1.059804973e-03,-3.302475965e-03,-5.697778259e-03,-5.427620258e-03,-2.672032180e-03,-5.372508304e-04,
1.590513138e-01
l,5.0,1.0
2.690,3.910,5.150,
3.878020154e-08,7.691479388e+00
5.159106222e-04,-1.980467037e-04,-3.287205423e-04,2.794800824e-03,6.117882070e-03,6.802675735e-03,5.295565753e-03,2.631577733e-03,5.791914134e-04,
1.049518156e-04,-1.726069549e-04,-1.170662859e-04,-1.813236706e-03,-5.657533613e-03,-9.750899204e-03,-9.280628874e-03,-4.560400524e-03,-9.142628888e-04,
1.590513002e-01
l,5.0,2.0
2.710,3.930,5.170,
4.836711441e-08,7.857024165e+00
8.287988021e-04,-3.105700504e-04,-5.742065017e-04,4.366419595e-03,9.481417889e-03,1.011594811e-02,7.528464494e-03,3.666008025e-03,8.063475332e-04,
1.684621102e-04,-2.772082315e-04,-1.713951690e-04,-2.795596221e-03,-8.701853836e-03,-1.498767695e-02,-1.425208367e-02,-6.992107314e-03,-1.399751748e-03,
1.590512727e-01
l,5.0,3.0
2.750,3.950,5.170,
6.926865769e-08,7.902748367e+00
1.337895053e-03,-4.975621955e-04,-9.250588713e-04,7.288754003e-03,1.604645590e-02,1.744305274e-02,1.323344967e-02,6.552358869e-03,1.463040207e-03,
2.794642285e-04,-4.599341003e-04,-2.906033371e-04,-4.715486604e-03,-1.485306258e-02,-2.591347506e-02,-2.500947740e-02,-1.246691153e-02,-2.537182858e-03,
1.590512951e-01
l,5.0,4.0
2.770,3.970,5.170,
9.888794311e-08,7.954688586e+00
2.171657048e-03,-8.251341999e-04,-1.491937166e-03,1.216271600e-02,2.667724151e-02,2.884367359e-02,2.181340089e-02,1.082997933e-02,2.431895158e-03,
4.637389865e-04,-7.633991140e-04,-4.852004323e-04,-7.917537919e-03,-2.524080016e-02,-4.463289887e-02,-4.373818804e-02,-2.216544071e-02,-4.589460811e-03,
1.590823657e-01
l,5.0,5.0
2.790,3.970,5.150,
1.346657727e-07,8.066170720e+00
3.577029100e-03,-1.205344652e-03,-2.577382895e-03,2.113859111e-02,4.867444979e-02,5.407875615e-02,4.056997823e-02,1.968460768e-02,4.358781326e-03,
7.952462079e-04,-1.309118048e-03,-8.789674009e-04,-1.400041872e-02,-4.521524842e-02,-8.099026278e-02,-8.055816396e-02,-4.146303742e-02,-8.719219788e-03,
1.590823099e-01
l,6.0,-6.0
3.090,4.390,5.690,
1.512903156e-10,7.864786564e+00
6.948696864e-06,-3.244987937e-06,-4.805496255e-06,2.791628070e-05,4.845289203e-05,3.656513603e-05,2.040704349e-05,9.686042145e-06,2.331744534e-06,
1.243420741e-06,-2.067591423e-06,-7.624739709e-07,-1.604976767e-05,-4.568912839e-05,-7.378979868e-05,-6.606698818e-05,-3.057613186e-05,-5.811592987e-06,
1.590201440e-01
l,6.0,-5.0
3.130,4.410,5.710,
1.735023490e-11,1.005905236e+01
1.089116995e-05,-4.383277081e-06,-8.403447453e-06,3.881121007e-05,5.598368170e-05,5.117991283e-06,-3.547729945e-05,-2.614054402e-05,-6.035130217e-06,
1.994977174e-06,-3.318529523e-06,-1.397962056e-06,-2.685507243e-05,-7.679169498e-05,-1.242075942e-04,-1.114651165e-04,-5.167666314e-05,-9.825282480e-06,
1.590201092e-01
l,6.0,-4.0
3.170,4.450,5.750,
5.637064732e-11,9.310421147e+00
1.694264029e-05,-6.843094119e-06,-1.260811677e-05,6.905402714e-05,1.278270169e-04,9.657566474e-05,4.473361104e-05,1.575478209e-05,3.195845530e-06,
3.095967824e-06,-5.153742598e-06,-2.032788082e-06,-4.081224865e-05,-1.163736732e-04,-1.878761802e-04,-1.681908122e-04,-7.772360912e-05,-1.473007476e-05,
1.590201586e-01
l,6.0,-3.0
3.190,4.470,5.770,
7.731426933e-11,9.336627308e+00
2.663954911e-05,-9.324880284e-06,-2.170131957e-05,1.017993293e-04,1.840410549e-04,1.051420934e-04,4.995420818e-06,-1.665246567e-05,-4.732921623e-06,
4.967077625e-06,-8.271522315e-06,-3.587537911e-06,-6.747523925e-05,-1.928785488e-04,-3.114578527e-04,-2.790290739e-04,-1.289348136e-04,-2.439876744e-05,
1.590201368e-01
l,6.0,-2.0
3.230,4.510,5.810,
4.673209693e-11,1.005601506e+01
4.163708945e-05,-1.503512515e-05,-3.378527889e-05,1.594573670e-04,2.835719047e-04,1.528102810e-04,-6.221723193e-06,-3.469637193e-05,-9.585225141e-06,
7.707769244e-06,-1.284475047e-05,-5.049929205e-06,-1.015554969e-04,-2.895607909e-04,-4.672815848e-04,-4.181790986e-04,-1.929398651e-04,-3.647276407e-05,
1.590201535e-01
l,6.0,-1.0
3.270,4.550,5.830,
4.264128852e-10,8.480040505e+00
6.524557830e-05,-2.461411230e-05,-4.915967507e-05,2.899852262e-04,6.138793120e-04,6.109253385e-04,4.189075124e-04,1.929035661e-04,4.116280115e-05,
1.236571237e-05,-2.061447839e-05,-8.758771085e-06,-1.681770073e-04,-4.850299051e-04,-7.914379196e-04,-7.176138370e-04,-3.360072790e-04,-6.448599610e-05,
1.590201993e-01
l,6.0,0.0
3.310,4.570,5.850,
5.841289508e-10,8.532381674e+00
1.033528024e-04,-3.498733232e-05,-8.195493918e-05,4.391169982e-04,9.003004614e-04,7.773010983e-04,4.201196621e-04,1.620438343e-04,3.341144537e-05,
1.983834857e-05,-3.308379287e-05,-1.465339173e-05,-2.741725845e-04,-7.937156213e-04,-1.298383660e-03,-1.180439589e-03,-5.538890639e-04,-1.064279785e-04,
1.590201541e-01
l,6.0,1.0
3.330,4.610,5.890,
2.971320725e-10,9.402344208e+00
1.628962054e-04,-6.025661264e-05,-1.304644605e-04,6.781366338e-04,1.337277602e-03,1.069039511e-03,5.030349179e-04,1.655425622e-04,3.097158180e-05,
3.078796358e-05,-5.138051744e-05,-1.985302281e-05,-4.074300121e-04,-1.173398650e-03,-1.915455003e-03,-1.736788833e-03,-8.125387607e-04,-1.558361838e-04,
1.590512392e-01
l,6.0,2.0
3.370,4.630,5.890,
1.187010494e-09,8.576038751e+00
2.596336126e-04,-8.901403607e-05,-2.024304860e-04,1.168841663e-03,2.501459558e-03,2.400558850e-03,1.522245971e-03,6.602026450e-04,1.391029965e-04,
5.106880264e-05,-8.522824449e-05,-3.961803129e-05,-7.245822188e-04,-2.124116996e-03,-3.518978048e-03,-3.246142488e-03,-1.547473649e-03,-3.022118792e-04,
1.590512360e-01
l,6.0,3.0
3.390,4.650,5.910,
5.718324218e-10,9.494425069e+00
4.152216134e-04,-1.363522133e-04,-3.403590053e-04,1.854015593e-03,4.004905525e-03,3.699135595e-03,2.090685748e-03,7.718300624e-04,1.421314925e-04,
8.192902723e-05,-1.367825728e-04,-5.999125618e-05,-1.138359402e-03,-3.328355461e-03,-5.503162145e-03,-5.064544245e-03,-2.405995554e-03,-4.681147445e-04,
1.590512508e-01
l,6.0,4.0
3.410,4.650,5.910,
1.280878477e-09,9.161265053e+00
6.710910238e-04,-1.721394599e-04,-5.549405963e-04,3.376442856e-03,8.401485717e-03,9.502186412e-03,6.660783608e-03,2.830790619e-03,5.446779816e-04,
1.359027323e-04,-2.269073789e-04,-1.077292195e-04,-1.936896699e-03,-5.672149096e-03,-9.368960898e-03,-8.615186766e-03,-4.083491597e-03,-7.912197527e-04,
1.590513010e-01
l,6.0,5.0
3.450,4.690,5.930,
1.939387909e-09,9.156257050e+00
1.075063017e-03,-3.392682367e-04,-8.220801090e-04,5.639787731e-03,1.338496627e-02,1.484102246e-02,1.049326917e-02,4.592570658e-03,9.131515050e-04,
2.180787388e-04,-3.642701371e-04,-2.215628078e-04,-3.678207067e-03,-1.142142834e-02,-1.964072577e-02,-1.863916240e-02,-9.104570229e-03,-1.811706069e-03,
1.590822893e-01
l,6.0,6.0
3.470,4.690,5.930,
2.492955358e-09,9.289331942e+00
1.754001947e-03,-4.586039234e-04,-1.453000841e-03,9.288277123e-03,2.329927848e-02,2.672417392e-02,1.909308682e-02,8.302165122e-03,1.636062580e-03,
3.617803249e-04,-6.044049307e-04,-3.618609638e-04,-6.053599314e-03,-1.878374005e-02,-3.226669262e-02,-3.058581832e-02,-1.490287571e-02,-2.955362299e-03,
1.590823491e-01
l,7.0,-7.0
3.690,5.010,6.330,
3.968268255e-14,1.188416176e+01
1.455784968e-06,-5.531563052e-07,-1.184259430e-06,5.335106608e-06,9.367794042e-06,4.564606664e-06,-1.179025250e-06,-1.894671198e-06,-5.180770528e-07,
2.571081007e-07,-4.320938801e-07,-1.529006934e-07,-3.297798312e-06,-9.225041479e-06,-1.463762700e-05,-1.284518594e-05,-5.798317822e-06,-1.072064196e-06,
1.590199748e-01
l,7.0,-6.0
3.730,5.050,6.370,
1.253663788e-12,9.486821705e+00
2.251669002e-06,-8.351740926e-07,-1.797212958e-06,9.580394043e-06,2.176095935e-05,2.375615340e-05,1.738327994e-05,7.956499906e-06,1.614751087e-06,
3.987287820e-07,-6.704961435e-07,-2.356763028e-07,-5.120887851e-06,-1.435905003e-05,-2.282732026e-05,-2.006006272e-05,-9.060314343e-06,-1.674656397e-06,
1.590199467e-01
l,7.0,-5.0
3.770,5.070,6.390,
7.610576719e-12,8.387995914e+00
3.514335958e-06,-1.059361507e-06,-2.870180587e-06,1.469366756e-05,3.326277140e-05,3.366932937e-05,2.202737845e-05,9.433824836e-06,1.917883940e-06,
6.394917597e-07,-1.075673928e-06,-4.412873721e-07,-8.583877643e-06,-2.413044745e-05,-3.833501806e-05,-3.370595776e-05,-1.522610639e-05,-2.810482352e-06,
1.590199903e-01
l,7.0,-4.0
3.810,5.110,6.430,
2.388968041e-12,9.524329421e+00
5.455135124e-06,-1.649899885e-06,-4.650842421e-06,2.226845323e-05,5.038510181e-05,4.843247833e-05,2.767709885e-05,9.726628464e-06,1.637949216e-06,
9.916791587e-07,-1.669046048e-06,-6.601129826e-07,-1.316665479e-05,-3.694864842e-05,-5.860087900e-05,-5.139905436e-05,-2.313702090e-05,-4.253214020e-06,
1.590199355e-01
l,7.0,-3.0
3.850,5.150,6.470,
3.149276066e-13,1.128171151e+01
8.485233593e-06,-2.580169172e-06,-7.486505741e-06,3.224463286e-05,6.935059839e-05,5.777577551e-05,2.425198305e-05,4.640686433e-06,1.750037651e-07,
1.537767983e-06,-2.589621118e-06,-9.768965560e-07,-2.019442366e-05,-5.678724223e-05,-9.035144880e-05,-7.949042815e-05,-3.588709731e-05,-6.616499228e-06,
1.590199254e-01
l,7.0,-2.0
3.890,5.190,6.490,
1.690568203e-12,1.029039306e+01
1.322544995e-05,-4.050752882e-06,-1.092476584e-05,5.355649224e-05,1.168115919e-04,1.073879657e-04,5.939688314e-05,2.112118284e-05,3.746125784e-06,
2.466194524e-06,-4.154282094e-06,-1.802761433e-06,-3.412342121e-05,-9.739780045e-05,-1.571135200e-04,-1.405653376e-04,-6.471218183e-05,-1.217494313e-05,
1.590199218e-01
l,7.0,-1.0
3.910,5.210,6.530,
1.279854361e-12,1.076030054e+01
2.079718070e-05,-5.485785382e-06,-1.884742396e-05,8.164717217e-05,1.898173316e-04,1.782999586e-04,9.220308676e-05,2.645345086e-05,3.326977573e-06,
3.824036482e-06,-6.445172879e-06,-2.493837418e-06,-5.054518044e-05,-1.419416731e-04,-2.252649431e-04,-1.976705651e-04,-8.887642712e-05,-1.629532502e-05,
1.590198780e-01
l,7.0,0.0
3.950,5.250,6.550,
1.269231549e-12,1.102178721e+01
3.257326898e-05,-9.026596616e-06,-2.836723362e-05,1.299974249e-04,2.934807872e-04,2.703630927e-04,1.402726925e-04,4.254887084e-05,6.075621943e-06,
6.132634346e-06,-1.033906181e-05,-4.442901784e-06,-8.454847705e-05,-2.410305265e-04,-3.882036894e-04,-3.467013895e-04,-1.591150822e-04,-2.981040632e-05,
1.590199688e-01
l,7.0,1.0
3.990,5.290,6.590,
1.129762773e-11,9.704850618e+00
5.113832958e-05,-1.530913119e-05,-4.335416982e-05,2.098318467e-04,4.717391122e-04,4.529694602e-04,2.666520916e-04,1.013646197e-04,1.892629329e-05,
9.510499041e-06,-1.604270236e-05,-6.347741043e-06,-1.280330946e-04,-3.643388107e-04,-5.868691445e-04,-5.239593254e-04,-2.404037666e-04,-4.507015294e-05,
1.590509549e-01
l,7.0,2.0
4.010,5.310,6.610,
2.185551177e-12,1.116060132e+01
8.103333676e-05,-2.177351763e-05,-7.271239148e-05,3.235450788e-04,7.443149311e-04,6.899628364e-04,3.509663911e-04,9.948195125e-05,1.253877332e-05,
1.525167571e-05,-2.573431112e-05,-1.052798679e-05,-2.072135714e-04,-5.895034529e-04,-9.481578604e-04,-8.451824607e-04,-3.867403980e-04,-7.221698773e-05,
1.590510033e-01
l,7.0,3.0
4.050,5.330,6.630,
1.384929248e-11,1.010751175e+01
1.287233026e-04,-3.104794526e-05,-1.136661724e-04,5.595792525e-04,1.405682154e-03,1.554370988e-03,1.050522909e-03,4.299848760e-04,8.023854549e-05,
2.445846030e-05,-4.128056725e-05,-1.709936012e-05,-3.335908338e-04,-9.491637685e-04,-1.525579279e-03,-1.358822467e-03,-6.207425809e-04,-1.156208267e-04,
1.590509998e-01
l,7.0,4.0
4.070,5.350,6.650,
3.474466291e-12,1.137376605e+01
2.051008050e-04,-4.512462638e-05,-1.940725877e-04,7.864963870e-04,1.826581563e-03,1.570549985e-03,6.208968876e-04,7.645284955e-05,-1.011017536e-05,
3.922284794e-05,-6.621843991e-05,-2.688686404e-05,-5.315717632e-04,-1.512466787e-03,-2.431690304e-03,-2.166832434e-03,-9.896331161e-04,-1.841888001e-04,
1.590510518e-01
l,7.0,5.0
4.110,5.390,6.670,
8.421358274e-12,1.102020373e+01
3.260945959e-04,-8.717219511e-05,-2.916802621e-04,1.359893264e-03,3.156915785e-03,2.989477829e-03,1.592042785e-03,4.953503391e-04,7.289755737e-05,
6.289969404e-05,-1.062220869e-04,-4.199804376e-05,-8.528149341e-04,-2.452923605e-03,-3.994947433e-03,-3.612683245e-03,-1.678414421e-03,-3.184043024e-04,
1.590509992e-01
l,7.0,6.0
4.130,5.390,6.670,
1.645707351e-11,1.083370125e+01
5.262403865e-04,-1.032793344e-04,-4.938113150e-04,2.209133782e-03,5.505843594e-03,5.508069110e-03,3.016956258e-03,9.166691286e-04,1.241619518e-04,
1.043352247e-04,-1.762039823e-04,-7.733341020e-05,-1.460331875e-03,-4.210015803e-03,-6.851181519e-03,-6.192534367e-03,-2.871507748e-03,-5.424651709e-04,
1.590510515e-01
l,7.0,7.0
4.150,5.410,6.690,
6.505794598e-11,1.015394132e+01
8.480380056e-04,-1.670321439e-04,-8.131778555e-04,3.656712773e-03,9.556950688e-03,1.059497603e-02,7.012564718e-03,2.798294755e-03,5.158958336e-04,
1.673544971e-04,-2.827256659e-04,-1.141192582e-04,-2.283375265e-03,-6.571093190e-03,-1.069141133e-02,-9.656040105e-03,-4.469869923e-03,-8.430062473e-04,
1.590821294e-01
l,8.0,-8.0
4.310,5.630,6.970,
4.544522008e-17,1.418058426e+01
3.000527045e-07,-8.651613297e-08,-2.671150998e-07,1.029920059e-06,1.930742100e-06,7.884212036e-07,-6.813816837e-07,-7.497108569e-07,-2.026136901e-07,
5.261988598e-08,-8.919584878e-08,-3.101693038e-08,-6.762595204e-07,-1.871175459e-06,-2.933066565e-06,-2.536091046e-06,-1.122213704e-06,-2.025993771e-07,
1.590192447e-01
l,8.0,-7.0
4.350,5.670,7.010,
3.797630011e-15,1.136176134e+01
4.626400880e-07,-1.290760200e-07,-4.099008636e-07,1.952092043e-06,5.078515975e-06,6.073767447e-06,4.499862572e-06,1.953069732e-06,3.683726671e-07,
8.155694154e-08,-1.383137585e-07,-4.802314193e-08,-1.043949030e-06,-2.875029631e-06,-4.483851577e-06,-3.855532143e-06,-1.693894131e-06,-3.032195134e-07,
1.590192476e-01
l,8.0,-6.0
4.410,5.710,7.050,
6.830043161e-14,9.632124519e+00
7.144594178e-07,-1.892496460e-07,-6.459376831e-07,2.873645102e-06,7.534235023e-06,9.246711146e-06,7.315127757e-06,3.477717147e-06,7.210631327e-07,
1.264031834e-07,-2.144715551e-07,-7.586853518e-08,-1.635172371e-06,-4.529440171e-06,-7.103884613e-06,-6.146023726e-06,-2.718243445e-06,-4.897723417e-07,
1.590191904e-01
l,8.0,-5.0
4.430,5.750,7.090,
1.717910629e-14,1.080354072e+01
1.105089950e-06,-2.798553193e-07,-1.021563826e-06,3.687374370e-06,7.592711465e-06,4.806601395e-06,2.640235881e-07,-9.024848998e-07,-2.750911534e-07,
1.959030453e-07,-3.325505637e-07,-1.172223249e-07,-2.540774732e-06,-7.061887052e-06,-1.111428281e-05,-9.651877797e-06,-4.286299612e-06,-7.755962074e-07,
1.590191576e-01
l,8.0,-4.0
4.470,5.790,7.130,
3.149340102e-16,1.369883603e+01
1.712454946e-06,-4.333149508e-07,-1.580876613e-06,6.007838441e-06,1.285803840e-05,8.787491363e-06,7.572649666e-07,-1.786513725e-06,-6.247386365e-07,
3.036060470e-07,-5.156195237e-07,-1.738718228e-07,-3.875134643e-06,-1.070902666e-05,-1.676666736e-05,-1.447686359e-05,-6.383969542e-06,-1.146505157e-06,
1.590190749e-01
l,8.0,-3.0
4.510,5.830,7.150,
1.988775389e-14,1.115502092e+01
2.658952098e-06,-6.760225199e-07,-2.309902208e-06,1.148177971e-05,3.016168009e-05,3.608123094e-05,2.641339759e-05,1.128940951e-05,2.105531314e-06,
4.867684745e-07,-8.268786260e-07,-3.371054849e-07,-6.620841301e-06,-1.857395301e-05,-2.943065542e-05,-2.578123624e-05,-1.156019969e-05,-2.110610542e-06,
1.590189742e-01
l,8.0,-2.0
4.550,5.870,7.190,
8.441682834e-13,8.917615086e+00
4.136441021e-06,-1.062746940e-06,-3.648448146e-06,1.696561764e-05,4.362978640e-05,5.124459769e-05,3.802710726e-05,1.706233259e-05,3.400807027e-06,
7.543474242e-07,-1.282005011e-06,-5.007755540e-07,-1.016256061e-05,-2.859063998e-05,-4.549135622e-05,-4.002324278e-05,-1.802976719e-05,-3.308423088e-06,
1.590189371e-01
l,8.0,-1.0
4.590,5.910,7.230,
3.721758836e-14,1.121854778e+01
6.446949101e-06,-1.705278198e-06,-5.875391009e-06,2.267980818e-05,4.864274292e-05,3.618029680e-05,9.589278586e-06,-1.263753206e-06,-8.185641110e-07,
1.168979970e-06,-1.987568649e-06,-7.214270832e-07,-1.539958685e-05,-4.320591250e-05,-6.870089861e-05,-6.041342328e-05,-2.720321096e-05,-4.993296700e-06,
1.590189281e-01
l,8.0,0.0
4.610,5.930,7.270,
3.830552180e-13,9.921835017e+00
1.012755001e-05,-2.261952258e-06,-9.583643724e-06,4.039583668e-05,1.100175033e-04,1.337351665e-04,1.001388041e-04,4.423342742e-05,8.575795161e-06,
1.811815923e-06,-3.081936859e-06,-1.037123438e-06,-2.315028145e-05,-6.388734584e-05,-9.984727645e-05,-8.602351451e-05,-3.777976205e-05,-6.744866899e-06,
1.590498819e-01
l,8.0,1.0
4.650,5.970,7.290,
4.013561786e-13,1.014439625e+01
1.585509926e-05,-3.749748466e-06,-1.466304293e-05,5.937274004e-05,1.442170846e-04,1.440322718e-04,8.410250645e-05,2.995541787e-05,5.133103367e-06,
2.904145196e-06,-4.941112795e-06,-1.822016318e-06,-3.846979429e-05,-1.080161158e-04,-1.717236427e-04,-1.509522377e-04,-6.786639713e-05,-1.242146102e-05,
1.590187590e-01
l,8.0,2.0
4.690,6.010,7.330,
1.407514266e-14,1.256131362e+01
2.487598067e-05,-6.470982122e-06,-2.318000465e-05,8.802006372e-05,1.922587215e-04,1.436770966e-04,3.430744026e-05,-9.903838131e-06,-4.918550247e-06,
4.500971096e-06,-7.661332943e-06,-2.586394514e-06,-5.814285640e-05,-1.625200212e-04,-2.577493245e-04,-2.259250382e-04,-1.012724864e-04,-1.849954639e-05,
1.590497909e-01
l,8.0,3.0
4.710,6.030,7.350,
1.070777572e-12,1.000433179e+01
3.935028144e-05,-8.949304131e-06,-3.675073948e-05,1.550164520e-04,4.020008605e-04,4.512168953e-04,3.082385190e-04,1.269217242e-04,2.372582278e-05,
7.215831569e-06,-1.228514508e-05,-4.449290641e-06,-9.518970147e-05,-2.668993634e-04,-4.237099335e-04,-3.717313933e-04,-1.666395749e-04,-3.039414865e-05,
1.590498185e-01
l,8.0,4.0
4.750,6.050,7.370,
3.306171626e-13,1.101695238e+01
6.237471825e-05,-1.243097105e-05,-5.921835359e-05,2.458156553e-04,6.447184882e-04,7.037939908e-04,4.439129989e-04,1.623915215e-04,2.685763680e-05,
1.156814771e-05,-1.969942873e-05,-7.378159377e-06,-1.537542635e-04,-4.303223283e-04,-6.811035201e-04,-5.957428920e-04,-2.659548634e-04,-4.824696485e-05,
1.590498054e-01
l,8.0,5.0
4.770,6.070,7.390,
3.828579672e-13,1.116972285e+01
9.912387759e-05,-1.724893576e-05,-9.540820238e-05,3.830521934e-04,1.020583583e-03,1.130155996e-03,7.326176604e-04,2.801258192e-04,4.886656721e-05,
1.854550351e-05,-3.158819764e-05,-1.197153857e-05,-2.476764731e-04,-6.948171632e-04,-1.102012670e-03,-9.662575461e-04,-4.322931472e-04,-7.854148960e-05,
1.590496467e-01
l,8.0,6.0
4.790,6.090,7.410,
7.194002066e-14,1.249257973e+01
1.579941018e-04,-2.501850415e-05,-1.581706705e-04,5.934088257e-04,1.602197605e-03,1.726866696e-03,1.031678321e-03,3.408728086e-04,4.880592219e-05,
2.973120095e-05,-5.065195510e-05,-1.884311795e-05,-3.946684698e-04,-1.106013230e-03,-1.751827025e-03,-1.533328111e-03,-6.839380311e-04,-1.237549839e-04,
1.590497313e-01
l,8.0,7.0
4.830,6.130,7.430,
2.292930076e-13,1.200722724e+01
2.515497908e-04,-5.209098282e-05,-2.426281121e-04,9.765503321e-04,2.497571601e-03,2.605335698e-03,1.552353817e-03,5.382869746e-04,8.562998441e-05,
4.766346050e-05,-8.122112533e-05,-2.958850819e-05,-6.343711871e-04,-1.798010665e-03,-2.887211607e-03,-2.567820978e-03,-1.167459096e-03,-2.159263602e-04,
1.590498162e-01
l,8.0,8.0
4.850,6.130,7.430,
1.653563741e-13,1.247577249e+01
4.053798912e-04,-5.551586273e-05,-4.071606827e-04,1.534341983e-03,4.115096297e-03,4.280332350e-03,2.368343798e-03,6.883491127e-04,8.152910966e-05,
7.906106153e-05,-1.347282048e-04,-5.556909016e-05,-1.091007388e-03,-3.101749705e-03,-4.978814900e-03,-4.428439142e-03,-2.011079251e-03,-3.705802958e-04,
1.590498947e-01
l,9.0,-9.0
4.930,6.270,7.610,
1.912827231e-19,1.541446898e+01
6.067317315e-08,-1.556254773e-08,-6.034104912e-08,1.679908921e-07,3.052694771e-07,5.048567472e-08,-2.234058447e-07,-1.876117078e-07,-4.694544119e-08,
1.067827289e-08,-1.822955915e-08,-6.538050926e-09,-1.404618190e-07,-3.899158102e-07,-6.131015464e-07,-5.318527388e-07,-2.357618443e-07,-4.254237372e-08,
1.590164781e-01
l,9.0,-8.0
4.970,6.310,7.650,
3.725348027e-20,1.660706588e+01
9.332001127e-08,-2.180808349e-08,-8.433752182e-08,3.101509376e-07,6.354843644e-07,3.647622721e-07,-6.412460978e-08,-1.461580458e-07,-4.298040700e-08,
1.654257815e-08,-2.825225421e-08,-1.049200417e-08,-2.203656926e-07,-6.138648012e-07,-9.676784392e-07,-8.418516271e-07,-3.743377351e-07,-6.774709239e-08,
1.590162139e-01
l,9.0,-7.0
5.030,6.350,7.690,
8.875613282e-16,1.053418234e+01
1.437560968e-07,-3.247180108e-08,-1.215656560e-07,6.568610115e-07,1.848955953e-06,2.440866357e-06,1.975123444e-06,9.158772093e-07,1.815328468e-07,
2.562675228e-08,-4.378409271e-08,-1.611235322e-08,-3.379632424e-07,-9.332080724e-07,-1.457481916e-06,-1.255308463e-06,-5.514452638e-07,-9.844896573e-08,
1.590159749e-01
l,9.0,-6.0
5.070,6.390,7.730,
3.936258852e-15,9.839681162e+00
2.218197039e-07,-4.863509623e-08,-2.091973138e-07,8.910676980e-07,2.510695306e-06,3.168160392e-06,2.430345245e-06,1.080264337e-06,2.086116726e-07,
3.969830216e-08,-6.785248152e-08,-2.508501849e-08,-5.234186485e-07,-1.442271044e-06,-2.247272173e-06,-1.930597999e-06,-8.450404660e-07,-1.501473011e-07,
1.590156390e-01
l,9.0,-5.0
5.090,6.430,7.770,
7.442287375e-19,1.532659200e+01
3.427747970e-07,-7.058628957e-08,-3.438032028e-07,1.007310052e-06,2.167762541e-06,1.191155758e-06,-3.720379445e-07,-6.207252179e-07,-1.780005819e-07,
6.149480649e-08,-1.051481016e-07,-3.975141050e-08,-8.218348593e-07,-2.282429764e-06,-3.584190536e-06,-3.105505731e-06,-1.372647526e-06,-2.464203157e-07,
1.590152190e-01
l,9.0,-4.0
5.130,6.470,7.810,
7.328077544e-19,1.552095838e+01
5.304876822e-07,-1.052805589e-07,-4.914347466e-07,1.829690304e-06,4.262174598e-06,3.525776253e-06,1.163320073e-06,-3.407566166e-08,-7.870199950e-08,
9.525626314e-08,-1.629385841e-07,-6.095260292e-08,-1.271430769e-06,-3.535627468e-06,-5.560082505e-06,-4.824787489e-06,-2.135990175e-06,-3.841354524e-07,
1.590148359e-01
l,9.0,-3.0
5.190,6.510,7.850,
1.929963910e-15,1.092371554e+01
8.224985208e-07,-1.673079926e-07,-7.305868675e-07,3.552450124e-06,1.008253865e-05,1.304494773e-05,1.024461747e-05,4.622844520e-06,8.982710247e-07,
1.475493134e-07,-2.524836319e-07,-9.002375246e-08,-1.932494300e-06,-5.334150284e-06,-8.330975880e-06,-7.174357107e-06,-3.146699528e-06,-5.601385149e-07,
1.590144297e-01
l,9.0,-2.0
5.210,6.550,7.890,
2.833682909e-14,9.525708636e+00
1.277669980e-06,-2.682838593e-07,-1.234091659e-06,4.849875645e-06,1.341235775e-05,1.606049454e-05,1.154613825e-05,4.847071580e-06,8.985340282e-07,
2.285438730e-07,-3.912276366e-07,-1.333638417e-07,-2.954230779e-06,-8.135096367e-06,-1.268713307e-05,-1.090625443e-05,-4.771405212e-06,-8.468730651e-07,
1.590140251e-01
l,9.0,-1.0
5.250,6.590,7.930,
5.202577105e-18,1.493912363e+01
1.988162012e-06,-4.228385275e-07,-1.985961634e-06,6.090827523e-06,1.373715509e-05,9.453731018e-06,7.130510134e-07,-1.989804510e-06,-6.778810921e-07,
3.540589383e-07,-6.063141661e-07,-2.086883648e-07,-4.618364913e-06,-1.278712777e-05,-2.005694725e-05,-1.734753246e-05,-7.646230422e-06,-1.368738724e-06,
1.590446494e-01
l,9.0,0.0
5.290,6.610,7.970,
9.929795235e-15,1.060248055e+01
3.113595994e-06,-5.214583647e-07,-3.028404613e-06,1.231856982e-05,3.644945032e-05,4.726863096e-05,3.665795945e-05,1.627478973e-05,3.120913204e-06,
5.483850710e-07,-9.394384311e-07,-2.894841832e-07,-6.873745231e-06,-1.870463644e-05,-2.882021835e-05,-2.439906330e-05,-1.046893983e-05,-1.817543109e-06,
1.590441879e-01
l,9.0,1.0
5.310,6.650,7.990,
5.000654793e-16,1.262477373e+01
4.864506991e-06,-8.719136095e-07,-4.888841679e-06,1.634011177e-05,4.271144321e-05,4.289096093e-05,2.287697681e-05,6.402788109e-06,7.310899706e-07,
8.789592253e-07,-1.506021467e-06,-5.450953303e-07,-1.160486168e-05,-3.209043868e-05,-5.018955286e-05,-4.328299983e-05,-1.899449495e-05,-3.378808085e-06,
1.590437540e-01
l,9.0,2.0
5.350,6.690,8.030,
7.320642270e-18,1.535865593e+01
7.614149126e-06,-1.489021227e-06,-7.551137215e-06,2.432825293e-05,5.751055520e-05,4.568198447e-05,1.221463972e-05,-2.764545091e-06,-1.597887275e-06,
1.361327360e-06,-2.333367662e-06,-7.684278066e-07,-1.756824988e-05,-4.861182479e-05,-7.624673902e-05,-6.593262780e-05,-2.902400707e-05,-5.185213796e-06,
1.590433127e-01
l,9.0,3.0
5.370,6.710,8.050,
2.373769617e-14,1.077110542e+01
1.199693997e-05,-1.936856595e-06,-1.193810492e-05,4.408613552e-05,1.250162583e-04,1.475497989e-04,1.014752152e-04,4.015128034e-05,7.027853332e-06,
2.181914898e-06,-3.740564048e-06,-1.331989677e-06,-2.864497027e-05,-7.906788808e-05,-1.234235783e-04,-1.062149735e-04,-4.645720760e-05,-8.227343397e-06,
1.590430408e-01
l,9.0,4.0
5.410,6.730,8.070,
6.295268163e-17,1.451688917e+01
1.893708941e-05,-2.335493454e-06,-1.878631184e-05,6.570801809e-05,1.761717850e-04,1.762838339e-04,8.706476663e-05,1.864920275e-05,6.371605757e-07,
3.497120650e-06,-5.996369146e-06,-2.319871269e-06,-4.711065146e-05,-1.306163216e-04,-2.043847446e-04,-1.764170917e-04,-7.740657785e-05,-1.374041199e-05,
1.590425412e-01
l,9.0,5.0
5.450,6.770,8.110,
1.239687396e-15,1.297568150e+01
2.985518040e-05,-4.743668391e-06,-2.971586493e-05,1.125254827e-04,3.230099736e-04,3.877547556e-04,2.702363471e-04,1.071574307e-04,1.854320100e-05,
5.416054848e-06,-9.290011635e-06,-3.064570846e-06,-6.964130360e-05,-1.918007684e-04,-2.991457546e-04,-2.570678904e-04,-1.121501816e-04,-1.980470336e-05,
1.590419396e-01
l,9.0,6.0
5.470,6.790,8.130,
6.263309206e-16,1.361217137e+01
4.734746835e-05,-6.169972110e-06,-4.837151371e-05,1.570287522e-04,4.186169793e-04,4.094025483e-04,1.969720189e-04,4.171853834e-05,1.738344643e-06,
8.680572199e-06,-1.489222278e-05,-5.147685646e-06,-1.133604969e-04,-3.135844303e-04,-4.907296852e-04,-4.233463132e-04,-1.854418010e-04,-3.286172152e-05,
1.590416290e-01
l,9.0,7.0
5.510,6.830,8.150,
5.388193788e-16,1.392635938e+01
7.501216896e-05,-1.297192098e-05,-7.344742008e-05,2.802473911e-04,7.578790312e-04,8.258975001e-04,4.998065017e-04,1.666043961e-04,2.386810641e-05,
1.391274813e-05,-2.387274542e-05,-8.488595926e-06,-1.843015875e-04,-5.147323564e-04,-8.140396135e-04,-7.112561391e-04,-3.164137168e-04,-5.706720863e-05,
1.590415137e-01
l,9.0,8.0
5.530,6.850,8.170,
8.415253443e-15,1.255522112e+01
1.196399971e-04,-1.876289397e-05,-1.202762949e-04,4.213189609e-04,1.127197354e-03,1.174117591e-03,6.667489714e-04,2.089692766e-04,2.899283777e-05,
2.229848414e-05,-3.826870737e-05,-1.343089384e-05,-2.947370004e-04,-8.247617722e-04,-1.307143098e-03,-1.144750649e-03,-5.103038349e-04,-9.219144868e-05,
1.590414456e-01
l,9.0,9.0
5.550,6.870,8.190,
2.505172366e-14,1.215352522e+01
1.913815067e-04,-2.861487289e-05,-1.933909912e-04,7.301099580e-04,2.117284115e-03,2.567003241e-03,1.818918218e-03,7.401818527e-04,1.324345768e-04,
3.573860448e-05,-6.134602856e-05,-2.050730314e-05,-4.655546513e-04,-1.299505975e-03,-2.055200131e-03,-1.795032966e-03,-7.969231937e-04,-1.432562781e-04,
1.590413967e-01
