l,1.0,-1.0
0.170,1.090,2.010,
1.191407588e-01,2.467850403e+00
5.406618118e-03,-6.748473099e-03,8.959837744e-03,6.819484032e-02,2.814965841e-01,7.441743072e-01,1.101221894e+00,9.058126826e-01,3.152437643e-01,
1.191967893e-03,-2.283732927e-03,-2.795816892e-03,-4.661340896e-02,-1.997120651e-01,-4.667406371e-01,-6.038005122e-01,-4.072390776e-01,-1.118910412e-01,
1.589099619e-01
l,1.0,0.0
0.190,0.390,0.630,
3.131046648e+00,3.627419089e+00
3.303232044e-02,7.052511907e-02,4.027260728e+00,1.856870715e+02,3.602318776e+03,3.692993877e+04,2.047588068e+05,5.801778429e+05,6.596241136e+05,
2.825354723e-02,-4.223219548e-02,-2.901249492e+00,-1.438333793e+02,-2.915566666e+03,-2.909728607e+04,-1.522031806e+05,-4.012551677e+05,-4.214836791e+05,
1.591435799e-01
l,1.0,1.0
0.210,0.330,0.470,
0.000000000e+00,0.000000000e+00
6.594222188e-01,-1.200228338e+01,9.086420437e+02,8.088628695e+04,3.617069942e+06,6.949491876e+07,5.733012848e+08,1.696427740e+09,0.000000000e+00,
1.678686226e-01,-9.523518944e-01,-2.619802152e+01,-1.947671842e+03,-5.343239219e+04,-8.071070492e+05,-6.746811960e+06,-2.956001767e+07,-5.227142071e+07,
1.591435570e-01
l,2.0,-2.0
0.370,1.390,2.430,
1.416996247e-02,3.769157620e+00
1.459512045e-03,-1.911945218e-03,9.298797316e-04,1.970760529e-03,-1.346105667e-02,-5.417848487e-02,-1.057256791e-01,-8.916962544e-02,-2.608437528e-02,
2.440503302e-04,-4.867518391e-04,-3.084745394e-04,-6.421988267e-03,-2.344551050e-02,-4.791346882e-02,-5.427469601e-02,-3.210913210e-02,-7.764116618e-03,
1.587236593e-01
l,2.0,-1.0
0.430,1.230,2.050,
3.294841584e-02,4.273289505e+00
4.280975088e-03,-5.008718241e-03,4.253626357e-03,5.913459071e-02,2.008242639e-01,4.804724502e-01,4.738964057e-01,8.652131041e-02,-6.401310127e-02,
1.104599978e-03,-2.126152691e-03,-3.473167068e-03,-5.926126876e-02,-2.842654159e-01,-7.319365894e-01,-1.038880842e+00,-7.678249850e-01,-2.315048962e-01,
1.590202196e-01
l,2.0,0.0
0.450,1.390,2.350,
7.395404459e-02,4.318276503e+00
7.217044011e-03,-1.065129774e-02,9.996235678e-03,1.120795594e-02,-1.498700242e-01,-7.573061577e-01,-1.620061678e+00,-1.452164845e+00,-4.548209554e-01,
1.315730413e-03,-2.614916435e-03,-2.780887503e-03,-4.969085100e-02,-2.052993878e-01,-4.646763083e-01,-5.786723435e-01,-3.749065250e-01,-9.881726967e-02,
1.586926522e-01
l,2.0,1.0
0.450,0.750,1.070,
1.012898911e+00,5.791810247e+00
5.100060999e-02,2.639580186e-02,1.177128718e+00,4.058803972e+01,4.617521554e+02,3.003002731e+03,1.121045309e+04,2.196960356e+04,1.747023077e+04,
3.327333496e-02,-6.454122285e-02,-1.042700195e+00,-3.143428724e+01,-4.026752478e+02,-2.732625494e+03,-1.021808100e+04,-1.985233632e+04,-1.566728003e+04,
1.591435570e-01
l,2.0,2.0
0.490,0.670,0.850,
2.186792057e+06,2.202612196e+01
7.114170790e-01,-7.904436535e+00,1.899825183e+02,9.499429460e+03,3.439380840e+05,5.361565954e+06,3.807568977e+07,1.249999729e+08,1.540178174e+08,
1.980426830e-01,-9.403488832e-01,-2.219901160e+01,-1.427282514e+03,-3.352988212e+04,-4.164442559e+05,-2.803178432e+06,-9.735608621e+06,-1.362365171e+07,
1.591444584e-01
l,3.0,-3.0
0.590,1.650,2.730,
1.194118766e-03,4.834529292e+00
4.238467081e-04,-5.681248847e-04,5.503331432e-04,3.310258510e-03,8.099851775e-03,1.288363657e-02,4.922593483e-03,-4.526007708e-03,-2.749059319e-03,
6.216391959e-05,-1.267223413e-04,-7.286163631e-05,-1.647936943e-03,-5.965226844e-03,-1.213334880e-02,-1.361640020e-02,-7.962353166e-03,-1.900082726e-03,
1.586315289e-01
l,3.0,-2.0
0.670,1.570,2.470,
2.011831082e-03,5.889121933e+00
1.061161980e-03,-1.333168666e-03,-6.829069023e-04,9.506540729e-04,-4.876352693e-03,8.094550765e-03,2.015364112e-02,2.846267759e-03,-5.098102770e-03,
2.255959416e-04,-4.514170094e-04,-3.578060239e-04,-6.797978186e-03,-2.453026609e-02,-4.771295579e-02,-5.035629626e-02,-2.713590201e-02,-5.886500643e-03,
1.589271274e-01
l,3.0,-1.0
0.710,1.750,2.790,
4.070391355e-03,6.928231904e+00
1.678750967e-03,-2.439891309e-03,2.070430282e-03,9.954323658e-03,1.893550405e-02,2.341833782e-02,-2.962191239e-02,-6.844908892e-02,-3.005472810e-02,
2.523140229e-04,-5.165934027e-04,-3.024255550e-04,-6.889202045e-03,-2.531981467e-02,-5.259629301e-02,-6.044490264e-02,-3.632485669e-02,-8.931161355e-03,
1.586006122e-01
l,3.0,0.0
0.730,1.570,2.410,
6.332106863e-03,6.276369562e+00
4.987913184e-03,-6.041089517e-03,3.181718359e-03,6.942804401e-02,2.686168105e-01,8.451800668e-01,1.324885399e+00,9.325430579e-01,2.388448209e-01,
1.169448194e-03,-2.335243878e-03,-1.955224831e-03,-3.940438348e-02,-1.698043128e-01,-4.138300761e-01,-5.680606229e-01,-4.111210875e-01,-1.226659450e-01,
1.589581009e-01
l,3.0,1.0
0.730,1.690,2.670,
2.635636032e-02,7.551276465e+00
9.129155427e-03,-1.443779139e-02,1.328971813e-02,2.546050245e-02,-1.153163524e-01,-7.335034223e-01,-1.930924547e+00,-2.040608607e+00,-7.379681948e-01,
1.481748411e-03,-3.020335767e-03,-2.013294748e-03,-4.357422214e-02,-1.665441755e-01,-3.611371303e-01,-4.353678926e-01,-2.756863164e-01,-7.155691944e-02,
1.585386527e-01
l,3.0,2.0
0.730,1.090,1.470,
1.262938194e-01,7.604430231e+00
6.430452317e-02,1.965186481e-02,1.115930939e+00,3.729441202e+01,3.800004598e+02,2.134867130e+03,6.764867548e+03,1.116886302e+04,7.453121637e+03,
3.613753603e-02,-7.573083970e-02,-1.037359905e+00,-2.947182487e+01,-3.387011684e+02,-2.011079463e+03,-6.455836279e+03,-1.063274511e+04,-7.056088875e+03,
1.591435856e-01
l,3.0,3.0
0.830,0.990,1.210,
1.395666267e+01,1.457346411e+01
8.751153946e-01,-7.897086642e+00,1.106231024e+02,3.691671474e+03,1.166375867e+05,1.790579322e+06,1.245566096e+07,4.011477582e+07,4.913020598e+07,
2.219665051e-01,-9.654753615e-01,-2.265147808e+01,-1.315965245e+03,-2.760601510e+04,-2.944374288e+05,-1.663018095e+06,-4.773613404e+06,-5.479085722e+06,
1.591435763e-01
l,4.0,-4.0
0.830,1.890,2.970,
7.840397164e-05,5.270720295e+00
1.263573067e-04,-1.723306764e-04,2.243582890e-04,1.689981109e-03,5.743304882e-03,1.251384128e-02,1.323267977e-02,6.392056165e-03,1.140054989e-03,
1.771960343e-05,-3.664173943e-05,-2.154728714e-05,-4.940583465e-04,-1.809007313e-03,-3.729002460e-03,-4.235189199e-03,-2.505212003e-03,-6.045325325e-04,
1.585386699e-01
l,4.0,-3.0
0.930,1.850,2.770,
8.848045833e-05,6.806113683e+00
2.885925060e-04,-3.675242235e-04,-3.607705898e-04,-3.932080303e-04,-2.387172613e-03,4.704598662e-03,1.706424099e-02,1.457413562e-02,3.936839018e-03,
5.739068781e-05,-1.172937700e-04,-7.901434348e-05,-1.551317142e-03,-4.840044416e-03,-7.553561275e-03,-5.413778284e-03,-1.106086823e-03,2.665200150e-04,
1.589099564e-01
l,4.0,-2.0
0.990,2.030,3.090,
1.028190598e-04,6.848637342e+00
4.525695113e-04,-6.491026093e-04,3.862782534e-04,3.171144355e-03,1.008388621e-02,3.010488190e-02,3.937746012e-02,2.166853850e-02,4.119187022e-03,
6.337264425e-05,-1.318886644e-04,-6.433829980e-05,-1.653791895e-03,-5.907676731e-03,-1.199921850e-02,-1.344626001e-02,-7.874266884e-03,-1.890752150e-03,
1.585386879e-01
l,4.0,-1.0
1.050,1.950,2.850,
1.559949480e-04,6.330977663e+00
1.096309978e-03,-1.271926424e-03,9.154686320e-04,1.745172771e-02,6.384497925e-02,1.822991775e-01,2.831906749e-01,2.098785640e-01,5.945741861e-02,
2.235563322e-04,-4.593599603e-04,-5.341554072e-04,-9.667573553e-03,-4.174257231e-02,-9.935790755e-02,-1.310538664e-01,-9.018555058e-02,-2.538238846e-02,
1.589271165e-01
l,4.0,0.0
1.050,2.090,3.130,
2.698321636e-04,7.989481376e+00
1.886353013e-03,-2.801729979e-03,2.357528612e-03,1.861830675e-02,6.723889992e-02,1.862796173e-01,2.353172441e-01,1.291560382e-01,2.497371489e-02,
2.675015714e-04,-5.580837159e-04,-2.729321791e-04,-7.160703529e-03,-2.610626471e-02,-5.423977069e-02,-6.225843574e-02,-3.739896156e-02,-9.213423878e-03,
1.585076988e-01
l,4.0,1.0
1.050,1.910,2.790,
6.869348392e-04,6.799725810e+00
5.564869847e-03,-6.566954193e-03,4.400633414e-03,9.694381465e-02,3.743397386e-01,1.164843951e+00,1.956419326e+00,1.553296658e+00,4.688584829e-01,
1.162089096e-03,-2.385017192e-03,-2.492223942e-03,-4.813520301e-02,-2.108465895e-01,-5.116502917e-01,-6.894873791e-01,-4.855962965e-01,-1.401142353e-01,
1.589270922e-01
l,4.0,2.0
1.030,2.010,2.990,
1.932858855e-03,1.113196889e+01
1.075203996e-02,-1.766836791e-02,1.748194669e-02,8.093474791e-02,2.269713557e-01,4.165548455e-01,-1.335944434e-01,-7.507364741e-01,-3.904777434e-01,
1.645380118e-03,-3.419720420e-03,-1.860236017e-03,-4.669536426e-02,-1.766441934e-01,-3.824755069e-01,-4.599447331e-01,-2.908222259e-01,-7.550357168e-02,
1.584458599e-01
l,4.0,3.0
1.030,1.430,1.850,
1.070477604e-02,8.770120119e+00
7.497815043e-02,8.249190752e-03,4.870213818e-01,1.871934458e+01,1.479666837e+02,6.747895065e+02,1.860107019e+03,2.780822029e+03,1.710978363e+03,
3.822888445e-02,-8.319166482e-02,-6.214137018e-01,-1.432872114e+01,-1.331843598e+02,-6.689528207e+02,-1.877049003e+03,-2.758011024e+03,-1.656171514e+03,
1.591435763e-01
l,4.0,4.0
1.130,1.310,1.570,
1.062647668e-01,1.727411406e+01
9.913911223e-01,-7.424514674e+00,7.103012567e+01,1.772053192e+03,3.945651992e+04,5.410000487e+05,3.380492035e+06,9.628042305e+06,1.030448117e+07,
2.330210870e-01,-9.344148811e-01,-2.056556227e+01,-1.120337496e+03,-2.154719904e+04,-2.028377086e+05,-9.894730169e+05,-2.421801702e+06,-2.354564019e+06,
1.591435842e-01
l,5.0,-5.0
1.110,2.130,3.190,
5.582497426e-06,6.374425701e+00
3.733748963e-05,-5.200086115e-05,8.053479498e-05,6.994642666e-04,2.726681228e-03,6.533827564e-03,7.964835420e-03,4.713592105e-03,1.097700836e-03,
5.234780691e-06,-1.094602930e-05,-5.620093131e-06,-1.399382216e-04,-5.055197373e-04,-1.045674467e-03,-1.201047822e-03,-7.230687655e-04,-1.785076569e-04,
1.585076537e-01
l,5.0,-4.0
1.190,2.110,3.030,
4.654726565e-06,6.935391836e+00
8.048087329e-05,-8.582960910e-05,1.897722470e-04,2.071082356e-03,6.824437368e-03,1.549030468e-02,2.028619229e-02,1.329743281e-02,3.401866093e-03,
1.568552033e-05,-3.253992093e-05,-4.813754546e-05,-9.279856488e-04,-4.531170413e-03,-1.164018848e-02,-1.611486390e-02,-1.142392761e-02,-3.262184174e-03,
1.589099549e-01
l,5.0,-3.0
1.310,2.290,3.330,
4.189995660e-06,7.494285385e+00
1.255607058e-04,-1.729524648e-04,1.933664186e-04,2.315790912e-03,9.693128500e-03,2.666216418e-02,3.770074506e-02,2.560775589e-02,6.728339658e-03,
1.790474697e-05,-3.767616438e-05,-1.792750476e-05,-4.809106990e-04,-1.746696049e-03,-3.630926762e-03,-4.180700853e-03,-2.522394067e-03,-6.259563299e-04,
1.585386714e-01
l,5.0,-2.0
1.350,2.250,3.190,
5.591948769e-06,7.491866523e+00
2.761362121e-04,-3.011521162e-04,1.166029262e-04,4.328597182e-03,1.563457253e-02,4.452205282e-02,7.208811401e-02,5.642952355e-02,1.690805602e-02,
5.155998640e-05,-1.078242710e-04,-1.080820128e-04,-2.077423415e-03,-8.663552671e-03,-1.992576164e-02,-2.528544089e-02,-1.668901069e-02,-4.503308199e-03,
1.589099729e-01
l,5.0,-1.0
1.370,2.390,3.430,
8.173226935e-06,7.642047112e+00
4.719535063e-04,-6.466416994e-04,4.675530831e-04,5.894328500e-03,2.087083880e-02,6.026057565e-02,8.927278559e-02,6.149111386e-02,1.601774384e-02,
6.651922251e-05,-1.405699724e-04,-6.446524705e-05,-1.799959063e-03,-6.571433937e-03,-1.372145937e-02,-1.583782040e-02,-9.567402694e-03,-2.376570631e-03,
1.585386769e-01
l,5.0,0.0
1.390,2.310,3.250,
1.839774615e-05,7.076953142e+00
1.129306969e-03,-1.242944656e-03,3.145565112e-04,1.563027636e-02,4.945167093e-02,1.383733002e-01,2.294714508e-01,1.824393086e-01,5.499734260e-02,
2.086399847e-04,-4.376752450e-04,-4.165217382e-04,-8.260840768e-03,-3.443668236e-02,-7.928128073e-02,-1.006708176e-01,-6.647763661e-02,-1.795035889e-02,
1.589099604e-01
l,5.0,1.0
1.390,2.410,3.450,
4.062161748e-05,7.060828506e+00
2.112800023e-03,-3.040942911e-03,1.848401309e-03,2.365788258e-02,9.137714373e-02,2.839608781e-01,4.294910089e-01,2.973755686e-01,7.758603074e-02,
2.924910075e-04,-6.188833683e-04,-2.608794427e-04,-7.647290780e-03,-2.741637365e-02,-5.637398765e-02,-6.401793442e-02,-3.808193217e-02,-9.329259314e-03,
1.584767780e-01
l,5.0,2.0
1.390,2.270,3.150,
9.512336936e-05,7.531553655e+00
5.888483953e-03,-7.155868796e-03,4.151710610e-03,9.549165257e-02,3.445924671e-01,1.060609146e+00,1.804393370e+00,1.453435920e+00,4.445990536e-01,
1.182119087e-03,-2.473810890e-03,-2.505329612e-03,-4.984279339e-02,-2.177592834e-01,-5.284985447e-01,-7.119486416e-01,-5.011982365e-01,-1.446159210e-01,
1.589271207e-01
l,5.0,3.0
1.330,2.310,3.290,
1.117072072e-04,1.128506385e+01
1.272634044e-02,-2.083764758e-02,2.321860542e-02,1.931667697e-01,8.793848178e-01,2.598467122e+00,3.483025486e+00,2.065191257e+00,4.399311898e-01,
1.884369968e-03,-3.974547431e-03,-1.952858456e-03,-5.347331154e-02,-2.016900235e-01,-4.374475707e-01,-5.266187270e-01,-3.335205259e-01,-8.689636302e-02,
1.583839578e-01
l,5.0,4.0
1.330,1.770,2.230,
8.633869299e-04,1.009401284e+01
8.377569169e-02,-1.059237285e-03,3.963710252e-01,1.645273695e+01,1.215414629e+02,5.090079125e+02,1.278528975e+03,1.737001214e+03,9.703841394e+02,
3.886716699e-02,-8.626098052e-02,-5.632798688e-01,-1.264474428e+01,-1.102415660e+02,-5.144280006e+02,-1.329771017e+03,-1.789198091e+03,-9.799973595e+02,
1.591435842e-01
l,5.0,5.0
1.370,1.610,1.910,
1.207740110e-03,1.818580369e+01
1.222000003e+00,-7.403651290e+00,-8.136098867e+00,-1.134745533e+03,-3.502961678e+04,-2.997279130e+05,-1.152809764e+06,-2.088931144e+06,-1.434644540e+06,
2.551252239e-01,-9.947469035e-01,-7.906156891e+00,-3.195718207e+02,-4.182670170e+03,-3.038660335e+04,-1.221499901e+05,-2.590165837e+05,-2.256948002e+05,
1.591435490e-01
l,6.0,-6.0
1.350,2.350,3.410,
3.915822061e-07,6.874305140e+00
1.124449955e-05,-1.613349508e-05,-1.508644778e-06,-2.119547288e-05,-1.696165739e-04,-1.051387281e-04,1.293820201e-04,1.551852951e-04,4.629790205e-05,
1.539150805e-06,-3.249495353e-06,-1.372300709e-06,-3.911865476e-05,-1.374943269e-04,-2.761378884e-04,-3.055205320e-04,-1.763927926e-04,-4.177458250e-05,
1.584766942e-01
l,6.0,-5.0
1.430,2.350,3.270,
1.491000761e-07,9.225364476e+00
2.286492054e-05,-2.586668511e-05,-1.619771054e-05,4.693591117e-05,-4.926015310e-04,-1.578120770e-03,-2.198909382e-03,-1.666602127e-03,-5.377150495e-04,
4.438289289e-06,-9.314569003e-06,-3.190034947e-06,-9.908600527e-05,-3.573819350e-04,-7.704734920e-04,-9.478924130e-04,-6.171094410e-04,-1.673201350e-04,
1.589099152e-01
l,6.0,-4.0
1.570,2.530,3.550,
2.547045953e-07,7.649955616e+00
3.555869989e-05,-4.558072674e-05,5.314284874e-05,7.227538801e-04,2.747473906e-03,7.269972416e-03,1.049057110e-02,7.398762680e-03,2.026044694e-03,
5.252104844e-06,-1.114920318e-05,-6.043270100e-06,-1.564017544e-04,-5.939279675e-04,-1.280186355e-03,-1.524667763e-03,-9.484858725e-04,-2.422069147e-04,
1.585695853e-01
l,6.0,-3.0
1.630,2.550,3.490,
2.795236033e-07,7.919720512e+00
7.029764674e-05,-7.659536735e-05,2.069028617e-05,1.070247856e-03,3.596000008e-03,9.709611143e-03,1.550033866e-02,1.206515464e-02,3.592187830e-03,
1.280207893e-05,-2.711476388e-05,-2.442564903e-05,-5.032825946e-04,-2.101844115e-03,-4.857187435e-03,-6.190020410e-03,-4.101129601e-03,-1.111125682e-03,
1.589099564e-01
l,6.0,-2.0
1.690,2.670,3.670,
5.383248267e-07,7.302269403e+00
1.220378035e-04,-1.547308849e-04,1.175226840e-06,5.866219233e-04,-9.048139344e-05,1.138273051e-03,4.921434787e-03,4.928657609e-03,1.567538720e-03,
1.866687725e-05,-3.979912501e-05,-1.943854015e-05,-5.319365143e-04,-1.989703346e-03,-4.267803922e-03,-5.084167346e-03,-3.174327631e-03,-8.171870331e-04,
1.586006231e-01
l,6.0,-1.0
1.730,2.670,3.610,
5.417179264e-07,8.134711245e+00
2.540631103e-04,-2.854322657e-04,3.726063511e-05,3.138422475e-03,8.755823705e-03,2.345958671e-02,3.947399279e-02,3.184433798e-02,9.675093328e-03,
4.551899277e-05,-9.684879671e-05,-8.093442123e-05,-1.743125241e-03,-7.244729383e-03,-1.669477425e-02,-2.120430034e-02,-1.399800135e-02,-3.779758260e-03,
1.589099619e-01
l,6.0,0.0
1.770,2.750,3.750,
8.760568266e-07,8.352472261e+00
4.784690973e-04,-6.267910443e-04,2.099791715e-04,5.133685198e-03,1.545446243e-02,4.587711941e-02,7.448958371e-02,5.581987271e-02,1.566571381e-02,
7.217165899e-05,-1.543101912e-04,-7.506217561e-05,-2.058893229e-03,-7.632603758e-03,-1.619939225e-02,-1.905752442e-02,-1.174661114e-02,-2.987719025e-03,
1.585696400e-01
l,6.0,1.0
1.770,2.690,3.630,
1.563703835e-06,8.629792349e+00
1.117279986e-03,-1.245050914e-03,7.014137903e-05,1.296868152e-02,3.326759334e-02,8.791457878e-02,1.512470632e-01,1.237722222e-01,3.787662267e-02,
2.001422625e-04,-4.262683048e-04,-3.732895586e-04,-7.805799850e-03,-3.232417629e-02,-7.418291730e-02,-9.385760551e-02,-6.174765798e-02,-1.662750352e-02,
1.589099376e-01
l,6.0,2.0
1.750,2.730,3.750,
3.998150392e-06,8.528204629e+00
2.308758907e-03,-3.100997615e-03,1.245653950e-03,2.450734795e-02,7.693010730e-02,2.443123455e-01,4.080293583e-01,3.107450553e-01,8.838166424e-02,
3.309918302e-04,-7.080401458e-04,-3.412430841e-04,-9.374520479e-03,-3.445248543e-02,-7.255430457e-02,-8.456777502e-02,-5.164065186e-02,-1.300111968e-02,
1.584768063e-01
l,6.0,3.0
1.730,2.610,3.510,
9.073306270e-06,9.032958722e+00
6.269648205e-03,-7.484543425e-03,2.359667733e-03,8.922843398e-02,2.819645327e-01,8.472818545e-01,1.490293943e+00,1.238626266e+00,3.880280937e-01,
1.186690893e-03,-2.521349949e-03,-2.282991901e-03,-4.804553984e-02,-2.056288927e-01,-4.897604625e-01,-6.459110032e-01,-4.444855968e-01,-1.253992519e-01,
1.589099569e-01
l,6.0,4.0
1.650,2.610,3.590,
2.327032788e-05,9.822720872e+00
1.473379973e-02,-2.351940300e-02,2.132421626e-02,2.181480499e-01,9.910551850e-01,3.288759534e+00,5.130155481e+00,3.644671650e+00,9.733284685e-01,
2.140560027e-03,-4.570045465e-03,-1.996535698e-03,-6.026852447e-02,-2.269259951e-01,-4.933305365e-01,-5.950535380e-01,-3.777325832e-01,-9.886450121e-02,
1.583530373e-01
l,6.0,5.0
1.630,2.110,2.610,
6.214370498e-05,1.138859983e+01
9.112408757e-02,-1.218618687e-02,2.724740156e-01,1.382354542e+01,9.566877800e+01,3.700961522e+02,8.554737013e+02,1.067666512e+03,5.471824409e+02,
3.847703797e-02,-8.634514902e-02,-4.775978986e-01,-1.059347188e+01,-8.730930244e+01,-3.813966117e+02,-9.149714605e+02,-1.135693261e+03,-5.717241045e+02,
1.591435490e-01
l,6.0,6.0
1.670,1.950,2.270,
1.220026651e-05,2.008865199e+01
1.134207964e+00,-6.083463481e+00,9.666010510e+00,-1.510171022e+02,-8.292652505e+03,-4.707279851e+04,-6.185582109e+04,1.299162613e+05,2.844724172e+05,
2.523364594e-01,-9.193792509e-01,-6.358267135e+00,-2.509167782e+02,-3.140621871e+03,-2.155382385e+04,-8.127891883e+04,-1.605066204e+05,-1.296138057e+05,
1.591435782e-01
l,7.0,-7.0
1.630,2.570,3.610,
4.491284702e-09,1.099902248e+01
3.343061962e-06,-4.830133233e-06,3.516981869e-06,7.948107432e-05,4.331755772e-04,1.284687324e-03,1.906459670e-03,1.369222911e-03,3.827799652e-04,
4.705381519e-07,-1.001054878e-06,-3.353150291e-07,-1.050116282e-05,-3.286788843e-05,-5.863073795e-05,-5.659360600e-05,-2.796848345e-05,-5.623686587e-06,
1.585385377e-01
l,7.0,-6.0
1.670,2.590,3.530,
3.600563309e-09,1.109781527e+01
6.441628102e-06,-6.579316459e-06,-1.382658181e-06,4.117712369e-05,-1.060794007e-04,-5.735033381e-04,-9.878404382e-04,-8.182881240e-04,-2.682708747e-04,
1.197228024e-06,-2.539552169e-06,-2.974791904e-06,-5.402440381e-05,-2.281126531e-04,-5.294709198e-04,-6.773621706e-04,-4.498355152e-04,-1.218643790e-04,
1.589099082e-01
l,7.0,-5.0
1.870,2.790,3.770,
2.051138380e-09,1.124487172e+01
9.722168215e-06,-1.303846406e-05,-3.783224566e-06,1.127049572e-04,6.328674386e-04,2.281989532e-03,3.975922596e-03,3.218093718e-03,9.871068729e-04,
1.535341181e-06,-3.284445700e-06,-1.315447825e-06,-3.960283258e-05,-1.383494450e-04,-2.760207792e-04,-3.026443214e-04,-1.722336957e-04,-4.038674055e-05,
1.586624887e-01
l,7.0,-4.0
1.910,2.830,3.770,
1.696043743e-08,8.189984439e+00
1.832837916e-05,-1.946888456e-05,-4.079669416e-06,1.863137351e-04,3.985286987e-04,9.519356921e-04,1.701527921e-03,1.449454168e-03,4.567909555e-04,
3.293727478e-06,-7.046059092e-06,-5.662382296e-06,-1.235146162e-04,-5.066620924e-04,-1.154487385e-03,-1.450853445e-03,-9.482847962e-04,-2.541519864e-04,
1.589270601e-01
l,7.0,-3.0
1.990,2.930,3.910,
6.463734618e-09,9.979036281e+00
3.226349872e-05,-3.647374331e-05,-3.542134487e-07,3.695068047e-04,1.040853336e-03,2.972506660e-03,5.237216953e-03,4.340593171e-03,1.341185224e-03,
5.217302786e-06,-1.121062784e-05,-4.924566156e-06,-1.439317203e-04,-5.312535315e-04,-1.130846644e-03,-1.342973199e-03,-8.380630248e-04,-2.171507650e-04,
1.586926252e-01
l,7.0,-2.0
2.030,2.970,3.910,
8.795300436e-09,1.005229020e+01
6.235363253e-05,-6.487136167e-05,-1.698392058e-05,6.404545098e-04,1.150710601e-03,2.239705550e-03,4.114297903e-03,3.666682775e-03,1.179877540e-03,
1.119049775e-05,-2.404572983e-05,-2.019163042e-05,-4.351565680e-04,-1.800840203e-03,-4.133386536e-03,-5.227696817e-03,-3.433167420e-03,-9.226841422e-04,
1.589271274e-01
l,7.0,-1.0
2.110,3.050,4.030,
9.083996342e-09,1.054146149e+01
1.160134998e-04,-1.383125375e-04,-3.045740706e-05,1.331474766e-03,4.620285107e-03,1.390013725e-02,2.372787393e-02,1.913449961e-02,5.813661595e-03,
1.848019599e-05,-3.985078567e-05,-1.511276609e-05,-4.883705290e-04,-1.764088153e-03,-3.670087892e-03,-4.236241637e-03,-2.559088925e-03,-6.417236169e-04,
1.586625353e-01
l,7.0,0.0
2.090,3.030,3.990,
3.485721289e-08,9.588987321e+00
2.478905080e-04,-2.432511454e-04,-1.110243248e-04,2.442327282e-03,3.936532590e-03,5.978582237e-03,1.106026836e-02,1.039227434e-02,3.468563646e-03,
4.321586069e-05,-9.308746864e-05,-7.733776867e-05,-1.660075402e-03,-6.769090364e-03,-1.528119743e-02,-1.896082729e-02,-1.219433756e-02,-3.208224632e-03,
1.589271150e-01
l,7.0,1.0
2.110,3.090,4.090,
3.506202138e-08,1.049955807e+01
4.890870187e-04,-5.753644623e-04,-3.272986761e-05,4.353687965e-03,7.362492830e-03,1.759557834e-02,3.328581184e-02,2.817189417e-02,8.521807988e-03,
7.444806098e-05,-1.608265405e-04,-6.802505173e-05,-2.074706436e-03,-7.671672457e-03,-1.631214328e-02,-1.924405708e-02,-1.188895222e-02,-3.038235061e-03,
1.586005879e-01
l,7.0,2.0
2.110,3.050,4.010,
1.393508100e-07,9.768923986e+00
1.119071036e-03,-1.209748972e-03,-2.108438971e-04,1.211686971e-02,2.743556191e-02,6.463667441e-02,1.117724758e-01,9.333802796e-02,2.893070026e-02,
1.898882895e-04,-4.093638983e-04,-3.062446823e-04,-7.007540312e-03,-2.849945312e-02,-6.437455039e-02,-7.993865485e-02,-5.152266318e-02,-1.359695810e-02,
1.589099661e-01
l,7.0,3.0
2.090,3.070,4.070,
3.625635631e-07,9.779769384e+00
2.412169939e-03,-3.134490499e-03,4.104523459e-04,2.061503961e-02,4.683011567e-02,1.541250502e-01,2.870210568e-01,2.342072430e-01,6.958789360e-02,
3.564315275e-04,-7.699287656e-04,-3.374517461e-04,-1.006847273e-02,-3.731005430e-02,-7.955484344e-02,-9.404997620e-02,-5.827989411e-02,-1.491991913e-02,
1.584767427e-01
l,7.0,4.0
2.050,2.950,3.870,
9.549412873e-07,1.005252536e+01
6.582737900e-03,-7.720603250e-03,7.024265719e-04,8.291247321e-02,2.254249822e-01,6.432982592e-01,1.159128951e+00,9.834963542e-01,3.112833028e-01,
1.178903430e-03,-2.535450808e-03,-2.018120447e-03,-4.551818142e-02,-1.910132900e-01,-4.469043017e-01,-5.774492702e-01,-3.886868769e-01,-1.072822890e-01,
1.589099647e-01
l,7.0,5.0
1.990,2.930,3.890,
2.465451242e-06,1.070474164e+01
1.622333005e-02,-2.542070630e-02,2.095128099e-02,2.379307920e-01,1.005992636e+00,3.399961339e+00,5.553057168e+00,4.143323626e+00,1.162581808e+00,
2.415084805e-03,-5.208932295e-03,-3.590945413e-03,-8.797213054e-02,-3.575179496e-01,-8.131730304e-01,-1.014742412e+00,-6.598709259e-01,-1.755754343e-01,
1.583530023e-01
l,7.0,6.0
1.930,2.430,2.970,
3.498145396e-06,1.287249400e+01
9.790568054e-02,3.081516689e-03,2.352448025e-01,1.367333060e+01,9.488161201e+01,3.547358748e+02,7.780835406e+02,9.178305513e+02,4.451749809e+02,
3.910112910e-02,-8.863003550e-02,-4.796400774e-01,-1.032443281e+01,-8.103361172e+01,-3.333474007e+02,-7.466217200e+02,-8.600448113e+02,-4.002201148e+02,
1.591435782e-01
l,7.0,7.0
1.970,2.270,2.610,
3.870907038e-07,2.021848136e+01
1.175596952e+00,-5.295862497e+00,7.089382289e+00,6.371928568e+01,-5.004363821e+03,-3.802257377e+04,-1.020003022e+05,-9.956811151e+04,-9.311048024e+03,
2.643105355e-01,-9.386673410e-01,-7.094311660e+00,-2.615569781e+02,-3.155833715e+03,-2.059489894e+04,-7.343102121e+04,-1.363527295e+05,-1.033137321e+05,
1.591435521e-01
l,8.0,-8.0
1.950,2.210,2.490,
0.000000000e+00,0.000000000e+00
1.746847033e-06,1.732836617e-05,6.366685658e-05,-3.530791863e-04,-3.937101402e-02,-6.729765548e-01,-4.576297714e+00,-1.387575418e+01,-1.569601670e+01,
2.247736387e-06,-4.501949833e-06,-8.162897906e-05,-2.553616314e-03,-3.625251061e-02,-2.746137304e-01,-1.165718894e+00,-2.572336561e+00,-2.290769092e+00,
1.591436047e-01
l,8.0,-7.0
1.950,2.870,3.810,
6.591483726e-10,9.325128428e+00
1.724229037e-06,-1.863263448e-06,1.210982905e-06,4.041218858e-05,1.745203245e-04,4.882691052e-04,7.554565624e-04,5.759352289e-04,1.701644743e-04,
3.077091459e-07,-6.591155765e-07,-5.703913403e-07,-1.219016017e-05,-5.132468346e-05,-1.198227177e-04,-1.542710499e-04,-1.032702707e-04,-2.826949425e-05,
1.588959425e-01
l,8.0,-6.0
2.070,3.030,3.990,
7.349478498e-10,9.078305923e+00
2.703756081e-06,-3.191842920e-06,3.411868774e-07,3.184935896e-05,8.027459887e-05,1.828814005e-04,2.649950434e-04,1.832111468e-04,4.688311792e-05,
4.471209039e-07,-9.630311395e-07,-7.444408324e-07,-1.681546959e-05,-6.839457355e-05,-1.545259628e-04,-1.921717011e-04,-1.243857614e-04,-3.300584913e-05,
1.586925435e-01
l,8.0,-5.0
2.170,3.090,4.030,
9.339615138e-11,1.181702197e+01
4.878299023e-06,-4.771041328e-06,-6.838522286e-07,6.996651858e-05,1.745862986e-04,3.184341433e-04,4.196966553e-04,2.904203813e-04,7.599762736e-05,
8.799769636e-07,-1.897528413e-06,-1.649355349e-06,-3.545102342e-05,-1.492769384e-04,-3.482119548e-04,-4.475424028e-04,-2.984771647e-04,-8.135118032e-05,
1.589581103e-01
l,8.0,-4.0
2.270,3.210,4.150,
7.556767071e-11,1.212500272e+01
8.300327863e-06,-9.003029109e-06,-1.965603825e-06,8.195384851e-05,1.242179193e-04,2.178366708e-04,4.359096884e-04,4.074567439e-04,1.328878858e-04,
1.452466716e-06,-3.142434730e-06,-2.596960419e-06,-5.718211919e-05,-2.370601406e-04,-5.456055954e-04,-6.913028952e-04,-4.546455582e-04,-1.223193409e-04,
1.587545383e-01
l,8.0,-3.0
2.330,3.250,4.190,
2.007309410e-10,1.125883796e+01
1.572453948e-05,-1.443515888e-05,-5.686387245e-06,2.201461640e-04,5.615723320e-04,1.029716655e-03,1.420734908e-03,1.066153279e-03,3.110168775e-04,
2.855832545e-06,-6.185222692e-06,-5.241902797e-06,-1.137526756e-04,-4.755266976e-04,-1.102185842e-03,-1.407830843e-03,-9.327669690e-04,-2.527769600e-04,
1.589270879e-01
l,8.0,-2.0
2.390,3.330,4.290,
4.103880592e-10,1.084326776e+01
2.887320079e-05,-2.872780730e-05,-1.782826149e-05,2.189366789e-04,5.204082493e-05,-5.460037040e-04,-6.632622309e-04,-3.053429118e-04,-5.719527140e-05,
4.919529306e-06,-1.068222415e-05,-8.157359901e-06,-1.855870523e-04,-7.543267168e-04,-1.700608811e-03,-2.104374120e-03,-1.348963233e-03,-3.540167086e-04,
1.587856305e-01
l,8.0,-1.0
2.430,3.370,4.310,
4.380052487e-10,1.126817842e+01
5.640829113e-05,-5.457351158e-05,-2.824537236e-05,5.976367827e-04,1.066338088e-03,1.602547674e-03,2.749743122e-03,2.551521150e-03,8.605203362e-04,
1.009732940e-05,-2.193635985e-05,-1.785360480e-05,-3.940720045e-04,-1.627713335e-03,-3.733590342e-03,-4.717880476e-03,-3.092547668e-03,-8.298156643e-04,
1.589271165e-01
l,8.0,0.0
2.450,3.410,4.390,
3.484077218e-09,9.597993237e+00
1.116022977e-04,-1.130891935e-04,-7.224849484e-05,9.837662347e-04,1.323807879e-03,1.278247033e-03,2.523635292e-03,2.661834985e-03,9.404576286e-04,
1.814931109e-05,-3.950645060e-05,-1.752810614e-05,-5.281470341e-04,-1.998613602e-03,-4.329402154e-03,-5.201055574e-03,-3.259319932e-03,-8.435716600e-04,
1.587235924e-01
l,8.0,1.0
2.490,3.410,4.370,
2.190909921e-09,1.083241373e+01
2.352642041e-04,-2.216560852e-04,-1.117267023e-04,2.890352178e-03,7.308190138e-03,1.512714061e-02,2.424217569e-02,2.044421037e-02,6.603046829e-03,
4.064841613e-05,-8.844209881e-05,-7.019130523e-05,-1.555301394e-03,-6.322049999e-03,-1.426210261e-02,-1.769544119e-02,-1.138060595e-02,-2.996483916e-03,
1.589099376e-01
l,8.0,2.0
2.450,3.430,4.430,
1.650913677e-09,1.205047937e+01
4.930078285e-04,-5.127511988e-04,-2.976666613e-04,2.977788630e-03,-2.434322629e-03,-1.559741728e-02,-1.759340349e-02,-8.244993495e-03,-1.472041328e-03,
7.628057036e-05,-1.662154912e-04,-6.973664539e-05,-2.148958405e-03,-7.944538660e-03,-1.690260607e-02,-1.996636859e-02,-1.233426138e-02,-3.154670069e-03,
1.586625395e-01
l,8.0,3.0
2.450,3.390,4.350,
1.024806090e-08,1.101022263e+01
1.135773025e-03,-1.112840617e-03,-4.877410027e-04,1.248797501e-02,2.640369904e-02,5.004258596e-02,8.282936556e-02,7.110484299e-02,2.280151980e-02,
1.947441239e-04,-4.236204361e-04,-3.517373501e-04,-7.597596430e-03,-3.091409337e-02,-6.971671509e-02,-8.642057292e-02,-5.553729442e-02,-1.460883704e-02,
1.588789076e-01
l,8.0,4.0
2.430,3.390,4.390,
3.114286277e-08,1.092920501e+01
2.554777078e-03,-3.039884940e-03,-4.082014055e-04,2.254992795e-02,4.123403539e-02,1.099567322e-01,2.159448546e-01,1.886451035e-01,5.922202625e-02,
3.816034189e-04,-8.311331215e-04,-3.752250042e-04,-1.101475348e-02,-4.072476601e-02,-8.652599445e-02,-1.018884151e-01,-6.280307383e-02,-1.601337438e-02,
1.585386797e-01
l,8.0,5.0
2.370,3.270,4.210,
9.843488857e-08,1.100169188e+01
7.000009064e-03,-7.548276721e-03,-2.083273305e-03,7.809823287e-02,1.607656545e-01,3.737253099e-01,7.155912614e-01,6.550613639e-01,2.191939706e-01,
1.212360843e-03,-2.632402558e-03,-2.025416214e-03,-4.630192528e-02,-1.909179999e-01,-4.385060712e-01,-5.548210200e-01,-3.648774776e-01,-9.839370131e-02,
1.588788804e-01
l,8.0,6.0
2.290,3.230,4.190,
2.932212895e-07,1.140957986e+01
1.817815937e-02,-2.688840606e-02,1.415458703e-02,2.307551575e-01,7.882155737e-01,2.769929467e+00,4.942888141e+00,3.970169288e+00,1.183657664e+00,
2.709159731e-03,-5.894120471e-03,-4.045034548e-03,-9.999319386e-02,-4.059733379e-01,-9.230497738e-01,-1.151526829e+00,-7.484925373e-01,-1.993829634e-01,
1.583839596e-01
l,8.0,7.0
2.230,2.770,3.330,
5.234274050e-07,1.294015020e+01
1.032781973e-01,-9.503091036e-03,-1.171939991e-02,8.135115556e+00,4.558834258e+01,1.352891049e+02,2.511873503e+02,2.670285572e+02,1.210984958e+02,
3.918955354e-02,-8.942995321e-02,-3.057212577e-01,-6.100084220e+00,-4.204672084e+01,-1.577884364e+02,-3.309458010e+02,-3.624404955e+02,-1.622477184e+02,
1.591435521e-01
l,8.0,8.0
2.250,2.590,2.950,
1.503689241e-08,2.061211179e+01
1.203106046e+00,-4.551808078e+00,5.344098398e+00,2.163473435e+02,-2.094118698e+03,-2.212399593e+04,-7.036322466e+04,-9.358955341e+04,-4.249003248e+04,
2.730438578e-01,-9.458031265e-01,-7.616672120e+00,-2.660379303e+02,-3.101911028e+03,-1.931575797e+04,-6.531795825e+04,-1.144165039e+05,-8.155988428e+04,
1.591435469e-01
l,9.0,-9.0
1.150,1.210,1.290,
0.000000000e+00,0.000000000e+00
8.014719242e-06,4.978610935e-05,-3.797580715e-03,-8.927665323e-02,-6.446320995e-01,0.000000000e+00,0.000000000e+00,0.000000000e+00,0.000000000e+00,
9.738585480e-06,-1.586799876e-05,-1.891295645e-03,-7.587278753e-02,-1.247438988e+00,-6.518315402e+00,0.000000000e+00,0.000000000e+00,0.000000000e+00,
1.591435782e-01
l,9.0,-8.0
1.930,2.210,2.530,
2.220484794e-11,1.481087220e+01
9.817922546e-07,1.270890583e-05,6.852066416e-04,1.639300423e-02,1.963204897e-01,1.304411922e+00,4.883868973e+00,9.642730657e+00,7.806606720e+00,
2.074418416e-06,-4.167983391e-06,-8.540830209e-05,-2.506117713e-03,-3.319938590e-02,-2.322858789e-01,-9.076470277e-01,-1.837139107e+00,-1.489387908e+00,
1.591436047e-01
l,9.0,-7.0
2.310,3.270,4.230,
2.331258861e-11,1.035671388e+01
7.450486805e-07,-8.046458849e-07,-1.324800543e-07,9.304540007e-06,2.283818161e-05,4.308427743e-05,5.462396241e-05,3.395768511e-05,7.575525443e-06,
1.243564910e-07,-2.696133542e-07,-2.013961442e-07,-4.653964663e-06,-1.886934668e-05,-4.254256717e-05,-5.284766582e-05,-3.417860260e-05,-9.076920370e-06,
1.587854346e-01
l,9.0,-6.0
2.410,3.350,4.290,
2.903650513e-14,1.792953584e+01
1.289526040e-06,-1.187929999e-06,-1.525828631e-06,2.509753790e-06,-4.480501594e-05,-1.709283807e-04,-2.572903047e-04,-1.881969184e-04,-5.541023597e-05,
2.340778222e-07,-5.082707236e-07,-4.202869290e-07,-9.050114748e-06,-3.672323127e-05,-8.265811124e-05,-1.024078162e-04,-6.572247568e-05,-1.727586746e-05,
1.589580466e-01
l,9.0,-5.0
2.530,3.470,4.410,
5.070848508e-11,9.604263833e+00
2.175290092e-06,-2.093395617e-06,-1.940643418e-06,1.194975011e-05,-2.026290232e-05,-1.151892723e-04,-1.679737824e-04,-1.149320828e-04,-3.198025822e-05,
3.859118800e-07,-8.404073726e-07,-6.162537609e-07,-1.426178055e-05,-5.771826828e-05,-1.301474104e-04,-1.617085347e-04,-1.043658358e-04,-2.768348730e-05,
1.588477223e-01
l,9.0,-4.0
2.630,3.550,4.470,
4.991865075e-13,1.467458273e+01
3.892494988e-06,-3.583422206e-06,-2.147866301e-06,3.847533645e-05,1.212302183e-05,-1.829626282e-04,-3.870587044e-04,-3.386512985e-04,-1.133583292e-04,
7.255663035e-07,-1.582288277e-06,-1.296404169e-06,-2.919623406e-05,-1.247635082e-04,-2.969067363e-04,-3.900203503e-04,-2.656676038e-04,-7.393196823e-05,
1.589270601e-01
l,9.0,-3.0
2.690,3.610,4.550,
7.454987783e-13,1.448100330e+01
7.187466963e-06,-6.218962520e-06,-7.928196615e-06,3.086995436e-05,-1.983385979e-04,-9.684371274e-04,-1.637740951e-03,-1.288292674e-03,-3.950007559e-04,
1.304314150e-06,-2.849533175e-06,-2.469955213e-06,-5.288692513e-05,-2.187851482e-04,-5.016834206e-04,-6.334403324e-04,-4.142230120e-04,-1.107900839e-04,
1.588478016e-01
l,9.0,-2.0
2.730,3.670,4.610,
7.028333624e-13,1.487974329e+01
1.351303035e-05,-1.163698283e-05,-1.368377974e-05,9.982109465e-05,-1.261064474e-05,-5.310234892e-04,-8.509181913e-04,-5.785702543e-04,-1.563739862e-04,
2.451275868e-06,-5.362319628e-06,-4.133258666e-06,-9.367377987e-05,-3.828255871e-04,-8.696518866e-04,-1.087875116e-03,-7.047095747e-04,-1.869799373e-04,
1.589271274e-01
l,9.0,-1.0
2.790,3.730,4.670,
7.809195026e-12,1.294117607e+01
2.577312989e-05,-2.354949178e-05,-2.254203248e-05,1.888838641e-04,-1.311145376e-05,-8.839843668e-04,-1.380269967e-03,-9.225726915e-04,-2.479272051e-04,
4.600560305e-06,-1.007686732e-05,-7.992808703e-06,-1.785145277e-04,-7.292709704e-04,-1.656363326e-03,-2.071942618e-03,-1.343720499e-03,-3.572110225e-04,
1.588167904e-01
l,9.0,0.0
2.850,3.750,4.690,
2.274502084e-11,1.237600422e+01
5.200274973e-05,-4.393536068e-05,-3.026541372e-05,7.104455494e-04,1.939991648e-03,3.695298210e-03,5.337692278e-03,4.305640773e-03,1.376372669e-03,
9.437218332e-06,-2.067963693e-05,-1.781973378e-05,-3.822696395e-04,-1.583371584e-03,-3.638577341e-03,-4.608430768e-03,-3.025992464e-03,-8.134549597e-04,
1.589271150e-01
l,9.0,1.0
2.830,3.790,4.750,
1.695000383e-10,1.111030901e+01
1.043883967e-04,-9.880496731e-05,-6.089102350e-05,1.142277057e-03,2.517371592e-03,4.654059910e-03,7.551220040e-03,6.507872570e-03,2.109038108e-03,
1.770457591e-05,-3.884391927e-05,-2.894321730e-05,-6.712083878e-04,-2.720496990e-03,-6.124701750e-03,-7.571474949e-03,-4.847334347e-03,-1.271061477e-03,
1.587855953e-01
l,9.0,2.0
2.830,3.790,4.750,
3.687884689e-10,1.108391942e+01
2.224985947e-04,-2.076237710e-04,-1.379154836e-04,2.386928417e-03,5.084404264e-03,8.805299002e-03,1.404722923e-02,1.216096089e-02,3.962544382e-03,
3.794854288e-05,-8.326171948e-05,-6.048331885e-05,-1.420156760e-03,-5.751953566e-03,-1.294780051e-02,-1.600891827e-02,-1.024910222e-02,-2.687232023e-03,
1.589099661e-01
l,9.0,3.0
2.810,3.790,4.770,
8.890005962e-11,1.327142443e+01
4.822778865e-04,-4.842479840e-04,-3.306601598e-04,3.994631399e-03,4.520514888e-03,2.021115023e-03,5.445888080e-03,7.268555816e-03,2.754884784e-03,
7.768213664e-05,-1.705183123e-04,-7.323394910e-05,-2.223315207e-03,-8.221867550e-03,-1.749869729e-02,-2.070288299e-02,-1.280073700e-02,-3.281463525e-03,
1.586926334e-01
l,9.0,4.0
2.790,3.750,4.710,
3.086486029e-09,1.077707983e+01
1.121656969e-03,-1.091342342e-03,-5.491007389e-04,1.211836755e-02,2.454504568e-02,4.059145444e-02,6.308913919e-02,5.354365679e-02,1.712762419e-02,
1.900254367e-04,-4.166822170e-04,-3.327325641e-04,-7.386713314e-03,-2.999351290e-02,-6.762298538e-02,-8.380422143e-02,-5.383108739e-02,-1.415726721e-02,
1.588789155e-01
l,9.0,5.0
2.770,3.730,4.730,
2.267892814e-09,1.212152079e+01
2.613310935e-03,-2.992445223e-03,-9.085722711e-04,2.128601302e-02,2.883776160e-02,6.208399197e-02,1.406657606e-01,1.354202519e-01,4.503792652e-02,
3.888601335e-04,-8.532775420e-04,-3.179577263e-04,-1.079120239e-02,-3.971618182e-02,-8.440476039e-02,-9.941497014e-02,-6.126233916e-02,-1.563801900e-02,
1.585696093e-01
l,9.0,6.0
2.690,3.610,4.550,
8.250456969e-09,1.210502665e+01
7.210407872e-03,-7.630592118e-03,-2.674190192e-03,7.890897944e-02,1.496085947e-01,2.945262888e-01,5.485016859e-01,5.047979364e-01,1.690192283e-01,
1.238885714e-03,-2.711691501e-03,-2.116984787e-03,-4.823338912e-02,-1.987841707e-01,-4.564811432e-01,-5.773443529e-01,-3.793768770e-01,-1.022141622e-01,
1.588789095e-01
l,9.0,7.0
2.610,3.530,4.490,
3.293960162e-08,1.219425292e+01
2.008624002e-02,-2.745344826e-02,5.364040808e-03,2.255095199e-01,5.484259945e-01,1.888948095e+00,3.774841763e+00,3.320589436e+00,1.062415141e+00,
3.023484497e-03,-6.627411602e-03,-4.668757359e-03,-1.139908484e-01,-4.624898535e-01,-1.050400389e+00,-1.309149666e+00,-8.497139081e-01,-2.263278355e-01,
1.584148861e-01
l,9.0,8.0
2.550,3.110,3.690,
1.840822396e-08,1.476427603e+01
1.078044027e-01,-1.999322660e-02,-2.162549185e-02,7.638301633e+00,4.154844607e+01,1.207950048e+02,2.199373592e+02,2.280034246e+02,1.001816700e+02,
3.885251566e-02,-8.907151797e-02,-2.857697297e-01,-5.696570053e+00,-3.827401217e+01,-1.396109787e+02,-2.836841553e+02,-3.003434094e+02,-1.298016474e+02,
1.591435469e-01
l,9.0,9.0
2.550,2.910,3.290,
6.373356036e-10,2.118096372e+01
1.219766974e+00,-3.865620493e+00,3.967968113e+00,3.078990774e+02,-4.943454352e+01,-9.261036486e+03,-3.504295642e+04,-5.103146231e+04,-2.615013779e+04,
2.791223871e-01,-9.440899238e-01,-7.964419521e+00,-2.661206587e+02,-3.006093276e+03,-1.791878413e+04,-5.764303160e+04,-9.556096099e+04,-6.427722844e+04,
1.591435832e-01
