l,1.0,-1.0
0.130,0.930,1.750,
2.714404331e-01,2.508755766e+00
7.798790000e-03,-8.516891172e-03,1.742397978e-02,1.870041799e-01,9.158063831e-01,2.727714158e+00,4.578290905e+00,4.193924202e+00,1.607349152e+00,
2.125123176e-03,-4.037843670e-03,-7.801529746e-03,-1.271400694e-01,-6.338478580e-01,-1.688890469e+00,-2.474879982e+00,-1.880762038e+00,-5.798122182e-01,
1.590201792e-01
l,1.0,0.0
0.170,0.310,0.470,
3.918060961e+00,3.216040428e+00
3.724988177e-02,9.879053752e-02,6.431367179e+00,3.400260937e+02,7.940631201e+03,1.035476311e+05,7.576292985e+05,2.899569737e+06,4.520922296e+06,
3.451621948e-02,-5.028812291e-02,-4.611751753e+00,-2.676385240e+02,-6.889023576e+03,-9.374478792e+04,-7.019512212e+05,-2.731255163e+06,-4.315357570e+06,
1.591435754e-01
l,1.0,1.0
0.190,0.250,0.350,
0.000000000e+00,0.000000000e+00
7.253717780e-01,-2.010340858e+01,-9.564651645e+03,-8.522441128e+05,-1.831735274e+07,-1.139224969e+08,0.000000000e+00,0.000000000e+00,0.000000000e+00,
1.808547936e-01,-1.368010030e+00,-1.637122788e+01,-1.258354806e+03,-1.940621536e+04,-1.333784034e+05,-8.008892299e+04,0.000000000e+00,0.000000000e+00,
1.590512666e-01
l,2.0,-2.0
0.330,1.230,2.150,
3.530972496e-02,3.463412225e+00
2.531679114e-03,-3.036625033e-03,2.870984225e-03,2.183920685e-02,6.223791773e-02,1.176290606e-01,1.041389796e-01,5.464847619e-02,1.976624684e-02,
5.389418962e-04,-1.073303943e-03,-1.125392143e-03,-2.041946743e-02,-8.671299802e-02,-2.017555814e-01,-2.601841983e-01,-1.748500759e-01,-4.787604575e-02,
1.589271387e-01
l,2.0,-1.0
0.350,1.050,1.770,
3.155235613e-01,5.228403990e+00
6.701693870e-03,-8.341291750e-03,-6.602575611e-02,-7.802558141e-01,-4.605190480e+00,-1.422434828e+01,-2.494595465e+01,-2.314458359e+01,-8.719835993e+00,
2.046167145e-03,-3.899186834e-03,-7.731685375e-03,-1.343211867e-01,-7.305996315e-01,-2.158278696e+00,-3.548743133e+00,-3.053383253e+00,-1.072147893e+00,
1.590512378e-01
l,2.0,0.0
0.390,1.190,2.050,
2.155052325e-01,4.239658456e+00
9.477021173e-03,-1.308446548e-02,1.597424751e-02,6.457221527e-02,7.541537731e-02,-1.775137220e-01,-7.824615900e-01,-6.364485996e-01,-6.283448508e-02,
2.148395117e-03,-4.256225960e-03,-5.085683951e-03,-9.021247529e-02,-4.042978507e-01,-9.986807543e-01,-1.374915671e+00,-9.919026551e-01,-2.923201381e-01,
1.589271106e-01
l,2.0,1.0
0.370,0.570,0.790,
4.468202396e+00,5.709859721e+00
5.738342181e-02,1.019636487e-01,7.494228577e+00,3.501705089e+02,6.781370486e+03,6.942148408e+04,3.851416847e+05,1.093187389e+06,1.245435466e+06,
4.414408450e-02,-9.041317652e-02,-5.518627005e+00,-2.837738765e+02,-6.021357815e+03,-6.411196533e+04,-3.620247549e+05,-1.037340611e+06,-1.189117342e+06,
1.591435697e-01
l,2.0,2.0
0.370,0.490,0.630,
0.000000000e+00,0.000000000e+00
1.127444983e+00,-2.538532125e+01,6.279697826e+03,6.492847451e+05,2.673211032e+07,4.759773112e+08,3.750987440e+09,1.080584962e+10,0.000000000e+00,
2.275057609e-01,-1.463599702e+00,-2.792802164e+01,-2.247189557e+03,-6.027403293e+04,-8.976309544e+05,-7.326276535e+06,-3.109688074e+07,-5.192196352e+07,
1.590823210e-01
l,3.0,-3.0
0.490,1.450,2.410,
5.419173877e-03,4.460235615e+00
9.331775946e-04,-1.172691224e-03,1.022301040e-03,6.751976525e-03,1.410174905e-02,1.437606281e-02,-1.610041018e-02,-3.339873454e-02,-1.324182992e-02,
1.766774440e-04,-3.602354125e-04,-3.533712636e-04,-6.598528776e-03,-2.726991749e-02,-6.175848112e-02,-7.711872857e-02,-5.000766352e-02,-1.318154715e-02,
1.588478728e-01
l,3.0,-2.0
0.550,1.350,2.150,
4.891978755e-02,8.151834884e+00
2.156451112e-03,-2.867475389e-03,-2.769862809e-02,-3.012213424e-01,-1.575295288e+00,-4.262744607e+00,-6.431029832e+00,-5.109700755e+00,-1.656268782e+00,
5.392576208e-04,-1.073932709e-03,-1.960384776e-03,-3.384054125e-02,-1.705759935e-01,-4.630060569e-01,-6.923050788e-01,-5.379253055e-01,-1.698199033e-01,
1.590202419e-01
l,3.0,-1.0
0.590,1.510,2.450,
1.460599050e-02,5.746367929e+00
2.817048924e-03,-3.880174957e-03,3.515045100e-03,1.537351316e-02,1.104287531e-03,-1.174178557e-01,-4.046887545e-01,-4.694257503e-01,-1.779903723e-01,
5.304908728e-04,-1.086408103e-03,-1.104473758e-03,-2.050857196e-02,-8.555358451e-02,-1.960958787e-01,-2.483857766e-01,-1.639625819e-01,-4.410452073e-02,
1.588478472e-01
l,3.0,0.0
0.610,1.330,2.070,
2.440352662e-02,5.569714816e+00
7.369285915e-03,-6.843423973e-03,6.303545793e-02,6.783141497e-01,3.243367695e+00,9.143602310e+00,1.402283133e+01,1.083621993e+01,3.333072526e+00,
2.066063264e-03,-4.101244592e-03,-9.063660718e-03,-1.704750501e-01,-1.019458635e+00,-3.308369163e+00,-5.912607533e+00,-5.453630784e+00,-2.024867491e+00,
1.590202138e-01
l,3.0,1.0
0.570,1.450,2.330,
8.192755666e-02,6.017042868e+00
1.100886986e-02,-1.700923431e-02,1.471285915e-02,-4.884182593e-02,-8.008705006e-01,-3.420180283e+00,-7.152074922e+00,-6.777233391e+00,-2.337842799e+00,
2.214410423e-03,-4.513500033e-03,-5.044688747e-03,-9.287714823e-02,-4.070286876e-01,-9.861138292e-01,-1.326717885e+00,-9.346930074e-01,-2.689606282e-01,
1.588478760e-01
l,3.0,2.0
0.570,0.830,1.110,
1.094566938e+00,7.755391121e+00
7.331757993e-02,5.689230593e-02,1.558398050e+00,6.865605675e+01,8.399766487e+02,5.923723135e+03,2.474988108e+04,5.541411442e+04,5.083892214e+04,
4.806187249e-02,-1.066579717e-01,-1.621621586e+00,-5.295230148e+01,-7.410741216e+02,-5.589614825e+03,-2.354308295e+04,-5.195674597e+04,-4.685157224e+04,
1.591436140e-01
l,3.0,3.0
0.610,0.750,0.890,
0.000000000e+00,0.000000000e+00
1.016437054e+00,-1.539648004e+01,-1.782057714e+03,-2.488178756e+05,-1.119993597e+07,-2.470822096e+08,-2.788050280e+09,-1.534436845e+10,-3.264946691e+10,
2.769873768e-01,-1.698308297e+00,-3.871726277e+01,-2.947968978e+03,-8.090693986e+04,-1.224070568e+06,-1.026799215e+07,-4.520642772e+07,-8.077975345e+07,
1.589581465e-01
l,4.0,-4.0
0.690,1.650,2.630,
6.279982012e-04,5.051765608e+00
3.563929058e-04,-4.977405750e-04,-2.438938666e-04,-2.319253449e-03,-1.265680521e-02,-2.882264614e-02,-4.173042178e-02,-3.216080927e-02,-9.451976225e-03,
6.228077440e-05,-1.291010260e-04,-6.272019263e-05,-1.476492451e-03,-4.915608198e-03,-9.182328559e-03,-9.421621743e-03,-4.976739417e-03,-1.060569525e-03,
1.588478469e-01
l,4.0,-3.0
0.770,1.570,2.430,
7.460021709e-04,6.327648469e+00
7.576412754e-04,-3.811633246e-04,1.087966222e-02,9.891945316e-02,4.200252483e-01,1.041266021e+00,1.449218986e+00,1.044421295e+00,3.042852513e-01,
1.697959597e-04,-3.467751202e-04,-4.378662733e-04,-8.225731847e-03,-3.949454211e-02,-1.057348347e-01,-1.592881240e-01,-1.268930159e-01,-4.164891635e-02,
1.590202048e-01
l,4.0,-2.0
0.810,1.770,2.730,
1.056057376e-03,7.713199987e+00
9.497015853e-04,-1.348273285e-03,1.310528220e-03,8.963110513e-03,2.651733992e-02,5.568612537e-02,3.469017184e-02,-1.480584729e-02,-1.484807083e-02,
1.646399850e-04,-3.436663706e-04,-3.321290328e-04,-6.364466816e-03,-2.615125645e-02,-5.909218859e-02,-7.356592847e-02,-4.767724089e-02,-1.259091842e-02,
1.587858600e-01
l,4.0,-1.0
0.870,1.650,2.470,
1.102809621e-03,6.463198105e+00
2.159649972e-03,-1.952128047e-03,1.653812371e-02,1.789695169e-01,8.232972271e-01,2.243278108e+00,3.378829038e+00,2.591703128e+00,7.948284965e-01,
5.096384547e-04,-1.045306475e-03,-2.086221391e-03,-3.898296393e-02,-2.182614772e-01,-6.589178403e-01,-1.084283227e+00,-9.132765510e-01,-3.079136983e-01,
1.589891084e-01
l,4.0,0.0
0.850,1.790,2.750,
2.632007159e-03,8.458137883e+00
3.036977956e-03,-4.490731485e-03,4.471885669e-03,2.826295894e-02,8.314896503e-02,1.701705735e-01,5.973382786e-02,-1.294561785e-01,-8.572733259e-02,
5.144131142e-04,-1.076153721e-03,-9.902387816e-04,-1.949716029e-02,-8.002299691e-02,-1.810972653e-01,-2.256332506e-01,-1.463577854e-01,-3.868407871e-02,
1.587856136e-01
l,4.0,1.0
0.850,1.610,2.370,
5.388955012e-03,7.823333284e+00
7.954305969e-03,-1.053142381e-02,5.111750464e-04,8.610942312e-02,3.555950127e-01,1.454746158e+00,2.591621713e+00,1.888377384e+00,4.530793536e-01,
2.043008150e-03,-4.176122897e-03,-6.114804410e-03,-1.106037640e-01,-5.201876540e-01,-1.325475287e+00,-1.871902779e+00,-1.385306924e+00,-4.220901807e-01,
1.590202080e-01
l,4.0,2.0
0.810,1.690,2.590,
2.633921928e-02,9.782852092e+00
1.281403005e-02,-2.090220815e-02,1.946729764e-02,-2.395379049e-02,-7.262794686e-01,-3.367368858e+00,-7.737568943e+00,-7.969162229e+00,-2.959171403e+00,
2.344595331e-03,-4.878254471e-03,-5.319902343e-03,-9.926785670e-02,-4.270090390e-01,-1.017516730e+00,-1.342061452e+00,-9.258454735e-01,-2.607713169e-01,
1.587236264e-01
l,4.0,3.0
0.790,1.070,1.390,
1.428460951e-01,9.455533558e+00
8.623100817e-02,9.789427098e-02,1.776219786e+00,7.542770709e+01,8.971543694e+02,5.899649063e+03,2.258912212e+04,4.630635223e+04,3.903616394e+04,
5.330431335e-02,-1.238983207e-01,-1.852567381e+00,-5.662906059e+01,-7.232743437e+02,-4.899299229e+03,-1.830124040e+04,-3.549880958e+04,-2.796122211e+04,
1.591435709e-01
l,4.0,4.0
0.830,0.990,1.150,
0.000000000e+00,0.000000000e+00
1.244433999e+00,-1.714296898e+01,2.694218836e+02,-1.974734492e+03,-2.561704428e+05,-1.126446890e+07,-1.775468208e+08,-1.119974573e+09,-2.465637034e+09,
3.128582813e-01,-1.808368565e+00,-4.230687080e+01,-2.935918574e+03,-7.386823188e+04,-1.004462790e+06,-7.487484349e+06,-2.904155626e+07,-4.552815585e+07,
1.589891232e-01
l,5.0,-5.0
0.910,1.830,2.830,
8.434006658e-05,7.324692819e+00
1.398095046e-04,-1.936225731e-04,2.172292848e-04,3.031945482e-03,1.587734178e-02,4.541209127e-02,6.516379491e-02,4.614952786e-02,1.303385901e-02,
2.273243076e-05,-4.772712350e-05,-2.750344269e-05,-6.256652680e-04,-2.251045985e-03,-4.573167924e-03,-5.157364088e-03,-3.045007002e-03,-7.385767056e-04,
1.587855097e-01
l,5.0,-4.0
0.970,1.790,2.670,
6.069416390e-05,7.751171936e+00
2.745584934e-04,-7.797577546e-05,5.181781226e-03,4.433256054e-02,1.780764431e-01,4.161484447e-01,5.521878774e-01,3.833847564e-01,1.083231736e-01,
5.738069156e-05,-1.192686029e-04,-1.418557910e-04,-2.836295668e-03,-1.389095252e-02,-3.791913877e-02,-5.794321205e-02,-4.657732340e-02,-1.534205453e-02,
1.590201788e-01
l,5.0,-3.0
1.030,1.990,2.970,
5.662841769e-05,8.535219979e+00
3.425749892e-04,-5.091049080e-04,8.657574031e-05,1.019978953e-03,2.355940236e-03,1.107250123e-02,1.091384495e-02,-1.369564730e-03,-3.438724965e-03,
5.509088599e-05,-1.165908228e-04,-5.556205836e-05,-1.415557122e-03,-4.969009869e-03,-9.964377654e-03,-1.109912025e-02,-6.492028981e-03,-1.567182428e-03,
1.587855712e-01
l,5.0,-2.0
1.130,1.930,2.770,
6.177957791e-05,7.691681978e+00
6.919428124e-04,-5.292753303e-04,7.147709221e-03,6.732355358e-02,2.840730213e-01,7.166764140e-01,1.020515670e+00,7.506350699e-01,2.224425560e-01,
1.516296570e-04,-3.172977046e-04,-5.399171154e-04,-1.085869587e-02,-6.122856291e-02,-1.863960590e-01,-3.085930656e-01,-2.609740558e-01,-8.816162731e-02,
1.589891711e-01
l,5.0,-1.0
1.130,2.090,3.050,
7.750786067e-05,8.899231462e+00
9.341643890e-04,-1.411607449e-03,1.395255378e-03,1.077286402e-02,4.016994765e-02,1.089141216e-01,1.282770831e-01,5.897408185e-02,6.625249314e-03,
1.513757149e-04,-3.217714185e-04,-2.775521899e-04,-5.735082427e-03,-2.347294704e-02,-5.318908130e-02,-6.626993879e-02,-4.297833281e-02,-1.136592604e-02,
1.587855791e-01
l,5.0,0.0
1.130,1.950,2.790,
1.312072537e-04,8.746270533e+00
2.169393934e-03,-3.003390453e-03,-8.284956715e-03,-4.876922622e-02,-2.411534044e-01,-4.794516510e-01,-4.879388800e-01,-2.784121553e-01,-7.512985948e-02,
4.736782634e-04,-9.932777375e-04,-4.164972474e-04,-9.388689951e-03,-1.554506840e-02,2.295505392e-02,1.113836154e-01,1.333746144e-01,5.308611219e-02,
1.589891430e-01
l,5.0,1.0
1.130,2.070,3.030,
2.369769772e-04,9.676299372e+00
3.196007106e-03,-4.917663641e-03,5.089933047e-03,3.720320085e-02,1.361862616e-01,3.654123370e-01,4.048488434e-01,1.501388522e-01,-1.186841265e-03,
5.144133128e-04,-1.093303059e-03,-1.036493489e-03,-2.037750185e-02,-8.350128264e-02,-1.891305311e-01,-2.356041499e-01,-1.528584597e-01,-4.044405387e-02,
1.587545829e-01
l,5.0,2.0
1.110,1.870,2.650,
7.459201881e-04,8.037955568e+00
8.613710292e-03,-1.040759878e-02,2.242082826e-02,3.233599362e-01,1.504492708e+00,4.740680047e+00,8.065639769e+00,6.685653330e+00,2.148701948e+00,
2.072874130e-03,-4.327034159e-03,-8.061745529e-03,-1.543887041e-01,-8.370677508e-01,-2.422605781e+00,-3.827844977e+00,-3.124074809e+00,-1.033014051e+00,
1.590202523e-01
l,5.0,3.0
1.050,1.950,2.870,
2.055917416e-03,1.262550230e+01
1.410620008e-02,-2.407445844e-02,2.429343191e-02,2.952867801e-02,-3.468514120e-01,-2.013162481e+00,-5.448412775e+00,-6.129526014e+00,-2.386998063e+00,
2.356538471e-03,-4.988817803e-03,-4.654936876e-03,-9.425440539e-02,-3.969555525e-01,-9.300329602e-01,-1.202368201e+00,-8.122529944e-01,-2.239529086e-01,
1.586616546e-01
l,5.0,4.0
1.030,1.330,1.670,
1.422054582e-02,1.075604862e+01
9.818924963e-02,8.400098053e-02,1.940737875e+00,7.696738875e+01,8.795296477e+02,5.536834926e+03,2.008491134e+04,3.871045812e+04,3.055026398e+04,
5.687873213e-02,-1.353072690e-01,-1.948716967e+00,-5.823101661e+01,-7.152046461e+02,-4.621234873e+03,-1.635922069e+04,-2.994572060e+04,-2.219781854e+04,
1.591435556e-01
l,5.0,5.0
1.050,1.230,1.410,
0.000000000e+00,0.000000000e+00
1.445080042e+00,-1.820503706e+01,4.791040090e+02,2.573806149e+04,9.591367930e+05,1.524351166e+07,1.115724997e+08,3.824339734e+08,4.997183307e+08,
3.388749591e-01,-1.847044258e+00,-4.284250164e+01,-2.779591176e+03,-6.509059188e+04,-8.079049554e+05,-5.432454463e+06,-1.884967353e+07,-2.632495369e+07,
1.590202227e-01
l,6.0,-6.0
1.050,2.030,3.010,
7.331846871e-06,1.225529837e+01
5.316628085e-05,-8.477533810e-05,-2.578634543e-04,-2.807820499e-03,-1.406650773e-02,-3.515164724e-02,-4.862759138e-02,-3.484810067e-02,-9.983874275e-03,
8.615987628e-06,-1.827078827e-05,-5.922580344e-06,-1.667745588e-04,-4.260886164e-04,-4.995894742e-04,-9.536707400e-05,2.493723340e-04,1.384099043e-04,
1.587543502e-01
l,6.0,-5.0
1.150,2.010,2.870,
2.819979711e-06,1.292874579e+01
9.942449105e-05,-1.992304282e-04,-1.626299750e-03,-1.181650661e-02,-4.830982372e-02,-1.053157952e-01,-1.306332731e-01,-8.829129181e-02,-2.524352394e-02,
2.092195167e-05,-4.402878642e-05,-1.496619955e-05,-3.161445811e-04,2.902147866e-04,5.440236561e-03,1.485625453e-02,1.645568249e-02,6.570934846e-03,
1.589579925e-01
l,6.0,-4.0
1.250,2.210,3.190,
3.414454483e-06,9.189346249e+00
1.233827061e-04,-1.676543969e-04,4.563195011e-04,3.965223133e-03,1.623677184e-02,4.185503219e-02,5.623055907e-02,3.660475122e-02,9.229801061e-03,
1.911830144e-05,-4.090098136e-05,-3.319260996e-05,-7.325562249e-04,-3.116605162e-03,-7.405183524e-03,-9.697437095e-03,-6.602103696e-03,-1.826022577e-03,
1.587854782e-01
l,6.0,-3.0
1.310,2.150,3.010,
3.348389446e-06,9.231995658e+00
2.415816998e-04,-3.181201105e-04,-8.179440003e-04,-3.458827375e-03,-1.612768457e-02,-2.348328637e-02,-7.004870348e-03,8.303211017e-03,4.753574982e-03,
5.066965782e-05,-1.074593790e-04,-3.926650990e-05,-9.841464342e-04,-1.627047617e-03,2.176832135e-03,1.073958298e-02,1.266474149e-02,4.936695447e-03,
1.589580540e-01
l,6.0,-2.0
1.370,2.330,3.290,
3.699527882e-06,9.379977405e+00
3.184792877e-04,-4.772408295e-04,4.425300875e-04,4.415276278e-03,1.795819061e-02,5.381658474e-02,7.652448017e-02,4.898084271e-02,1.154302977e-02,
5.022543477e-05,-1.079361772e-04,-9.304490607e-05,-1.943309239e-03,-7.941190230e-03,-1.801046668e-02,-2.244276867e-02,-1.455662248e-02,-3.854554999e-03,
1.587855059e-01
l,6.0,-1.0
1.410,2.230,3.070,
3.183306745e-06,1.068262468e+01
6.715505151e-04,-9.823705590e-04,-4.848925757e-03,-3.543982444e-02,-1.757425745e-01,-4.239793937e-01,-5.577777715e-01,-3.932534035e-01,-1.165539241e-01,
1.452297035e-04,-3.090120364e-04,-2.777617548e-05,-8.997506710e-04,9.886657863e-03,5.727683285e-02,1.218437512e-01,1.166251628e-01,4.194084897e-02,
1.589580619e-01
l,6.0,0.0
1.410,2.370,3.330,
6.978910931e-06,9.808413665e+00
9.567523957e-04,-1.446935316e-03,1.416794669e-03,1.423214190e-02,6.035274429e-02,1.862151167e-01,2.754502521e-01,1.863516095e-01,4.732540408e-02,
1.499825590e-04,-3.229342649e-04,-2.954734415e-04,-5.982345795e-03,-2.445066171e-02,-5.543706659e-02,-6.909811131e-02,-4.484910698e-02,-1.188426380e-02,
1.587235880e-01
l,6.0,1.0
1.430,2.230,3.070,
1.892723638e-05,8.772102540e+00
2.203199081e-03,-2.370649989e-03,5.957709565e-03,8.662829412e-02,3.699683847e-01,1.051174688e+00,1.692448966e+00,1.366233621e+00,4.329785456e-01,
4.730557445e-04,-1.007322294e-03,-1.472393690e-03,-2.925753814e-02,-1.481472679e-01,-4.030190900e-01,-5.993718653e-01,-4.607477918e-01,-1.436659682e-01,
1.589580907e-01
l,6.0,2.0
1.390,2.350,3.310,
2.385325311e-05,1.055975795e+01
3.303172067e-03,-5.229824629e-03,5.418254324e-03,4.428256072e-02,1.837251302e-01,5.447464875e-01,7.365285161e-01,4.372184771e-01,9.257374817e-02,
5.098270232e-04,-1.097665760e-03,-9.341037672e-04,-1.969438843e-02,-8.039657940e-02,-1.823015974e-01,-2.271332566e-01,-1.474234900e-01,-3.905483316e-02,
1.586616976e-01
l,6.0,3.0
1.350,2.130,2.930,
1.121015113e-04,9.035981270e+00
9.176886640e-03,-1.154360229e-02,7.367348671e-03,2.000049340e-01,8.735038827e-01,3.067666245e+00,5.738167345e+00,5.050628180e+00,1.687717853e+00,
2.079386236e-03,-4.413292066e-03,-5.566259150e-03,-1.103266677e-01,-5.354067000e-01,-1.429582353e+00,-2.113185349e+00,-1.628686326e+00,-5.132100605e-01,
1.589891384e-01
l,6.0,4.0
1.290,2.210,3.130,
1.009876908e-04,1.462888504e+01
1.525219996e-02,-2.679249457e-02,3.075429908e-02,1.058137520e-01,1.640674055e-01,-2.453181508e-01,-2.409189098e+00,-3.593983536e+00,-1.563925794e+00,
2.449016101e-03,-5.254024228e-03,-4.737188578e-03,-9.897617424e-02,-4.163458928e-01,-9.776019212e-01,-1.265650766e+00,-8.561821586e-01,-2.364084045e-01,
1.586005865e-01
l,6.0,5.0
1.250,1.590,1.950,
1.225901039e-03,1.237742428e+01
1.087621003e-01,6.343169700e-02,1.842176561e+00,7.033193815e+01,7.437993738e+02,4.269416967e+03,1.394568805e+04,2.399916641e+04,1.682168476e+04,
5.913032017e-02,-1.423430323e-01,-1.900454754e+00,-5.581258896e+01,-6.613377091e+02,-4.088714740e+03,-1.375996292e+04,-2.384630668e+04,-1.669123242e+04,
1.591435844e-01
l,6.0,6.0
1.270,1.450,1.670,
0.000000000e+00,0.000000000e+00
2.081099033e+00,-2.632606973e+01,3.060910303e+02,6.369017104e+03,2.728524329e+05,6.417485072e+06,5.950950515e+07,2.401832498e+08,3.572736593e+08,
3.578604326e-01,-1.845332437e+00,-4.198120299e+01,-2.495718546e+03,-5.219096276e+04,-5.582240880e+05,-3.160432914e+06,-9.104876744e+06,-1.046572397e+07,
1.591444454e-01
l,7.0,-7.0
1.310,2.210,3.190,
6.033707226e-07,9.025392776e+00
2.065692024e-05,-3.509926920e-05,-9.429337790e-05,-6.728869106e-04,-2.366001998e-03,-3.675145254e-03,-2.910920531e-03,-1.066540078e-03,-9.395286999e-05,
3.253998114e-06,-6.961232303e-06,-3.456126316e-07,-3.641685081e-05,-8.370382936e-06,2.350032051e-04,5.825666735e-04,5.486326298e-04,1.845428065e-04,
1.587231292e-01
l,7.0,-6.0
1.350,2.190,3.050,
3.180137087e-08,1.763721859e+01
3.762678170e-05,-8.822869534e-05,-9.907475866e-04,-7.764543963e-03,-3.365034470e-02,-7.977135086e-02,-1.073431317e-01,-7.737742094e-02,-2.315717278e-02,
7.924747851e-06,-1.683946309e-05,-1.835121896e-06,-3.658938828e-05,7.787442747e-04,4.572682695e-03,1.045640203e-02,1.080415970e-02,4.168161252e-03,
1.589578577e-01
l,7.0,-5.0
1.450,2.410,3.390,
2.178529184e-07,1.012485441e+01
4.564087067e-05,-6.870433500e-05,7.624596204e-06,2.871488601e-04,1.227756698e-03,4.865820077e-03,7.684624277e-03,5.003767401e-03,1.128845387e-03,
6.894794621e-06,-1.487755982e-05,-5.298618157e-06,-1.700502491e-04,-5.861507444e-04,-1.170799089e-03,-1.297086919e-03,-7.562831391e-04,-1.833554956e-04,
1.587853465e-01
l,7.0,-4.0
1.550,2.390,3.230,
9.338914833e-08,1.167032627e+01
8.262252959e-05,-1.276582898e-04,-6.256132515e-04,-4.077284378e-03,-1.786511358e-02,-3.721432249e-02,-4.114163155e-02,-2.429816884e-02,-6.195153966e-03,
1.757143931e-05,-3.765974420e-05,7.173719935e-06,4.910408557e-05,2.228510516e-03,1.023900426e-02,2.031179722e-02,1.882788349e-02,6.658388202e-03,
1.589890074e-01
l,7.0,-3.0
1.610,2.550,3.510,
1.355789249e-07,1.089320080e+01
1.118846994e-04,-1.646168864e-04,1.053016935e-04,1.137163199e-03,3.240210626e-03,1.074314390e-02,1.700122437e-02,1.139357915e-02,2.663541751e-03,
1.731316768e-05,-3.753366060e-05,-3.157848199e-05,-6.772708189e-04,-2.760444245e-03,-6.263025532e-03,-7.811213364e-03,-5.072439972e-03,-1.346116273e-03,
1.587854932e-01
l,7.0,-2.0
1.690,2.490,3.330,
1.870600057e-07,1.048627754e+01
2.167655039e-04,-2.181470605e-04,6.473527901e-04,8.609709500e-03,3.411789811e-02,9.348899580e-02,1.513807703e-01,1.247804102e-01,4.048966013e-02,
4.613505561e-05,-9.931323780e-05,-1.592914467e-04,-3.218000003e-03,-1.686011193e-02,-4.688742297e-02,-7.081335601e-02,-5.502999163e-02,-1.728549786e-02,
1.589579886e-01
l,7.0,-1.0
1.670,2.630,3.590,
5.367051829e-07,9.183640989e+00
3.089034872e-04,-4.563597753e-04,3.386421544e-04,4.305292986e-03,1.656299070e-02,5.257038367e-02,8.261729694e-02,5.933922652e-02,1.597921575e-02,
4.736416477e-05,-1.029887374e-04,-8.313006141e-05,-1.828079419e-03,-7.450021920e-03,-1.690322183e-02,-2.106160765e-02,-1.366770633e-02,-3.628117116e-03,
1.587545542e-01
l,7.0,0.0
1.710,2.530,3.370,
9.849338214e-07,8.956770938e+00
6.459407741e-04,-7.287515789e-04,-1.401754391e-04,9.327194735e-03,3.152859011e-02,1.031786133e-01,1.990868864e-01,1.801208156e-01,6.109747720e-02,
1.377994550e-04,-2.971844761e-04,-2.135793832e-04,-4.896464693e-03,-2.074465288e-02,-5.027188417e-02,-6.869226219e-02,-4.948197796e-02,-1.476253890e-02,
1.589580965e-01
l,7.0,1.0
1.690,2.650,3.630,
1.204249946e-06,9.642814035e+00
9.658376803e-04,-1.449875779e-03,1.229113677e-03,1.420512269e-02,5.730980617e-02,1.842053863e-01,2.920194229e-01,2.131172720e-01,5.871055182e-02,
1.413202044e-04,-3.077769316e-04,-1.590567380e-04,-4.296259804e-03,-1.638443426e-02,-3.589721521e-02,-4.366480508e-02,-2.790829894e-02,-7.348088645e-03,
1.587236199e-01
l,7.0,2.0
1.710,2.530,3.370,
2.147696035e-06,9.972769017e+00
2.160819015e-03,-2.665070068e-03,2.208471349e-04,2.979196685e-02,1.020019001e-01,3.546961092e-01,6.841990441e-01,6.078617205e-01,2.020254846e-01,
4.488125470e-04,-9.685683619e-04,-6.207778332e-04,-1.553236384e-02,-6.627910112e-02,-1.618898377e-01,-2.223957606e-01,-1.609518182e-01,-4.818377503e-02,
1.589581895e-01
l,7.0,3.0
1.650,2.610,3.590,
3.196994691e-06,1.101199970e+01
3.479097039e-03,-5.485030191e-03,5.857096449e-03,5.431116465e-02,2.328359173e-01,7.169020799e-01,1.052929494e+00,7.068664106e-01,1.780873593e-01,
5.019667815e-04,-1.092460296e-03,-5.731382452e-04,-1.535972740e-02,-5.886866509e-02,-1.296228378e-01,-1.584277390e-01,-1.017592770e-01,-2.687882356e-02,
1.586625248e-01
l,7.0,4.0
1.610,2.390,3.190,
1.374174709e-05,1.032743206e+01
9.659091942e-03,-1.179957589e-02,1.124513672e-02,2.497310507e-01,1.055011483e+00,3.456799123e+00,6.299915973e+00,5.528839323e+00,1.858560820e+00,
2.157793126e-03,-4.638624025e-03,-7.831741936e-03,-1.444200836e-01,-7.223477385e-01,-1.961524521e+00,-2.933097158e+00,-2.279176853e+00,-7.218319018e-01,
1.589580767e-01
l,7.0,5.0
1.530,2.450,3.390,
5.514344844e-06,1.577533453e+01
1.687005907e-02,-2.995797419e-02,3.625393501e-02,2.019860949e-01,8.002175826e-01,2.021924289e+00,1.467761338e+00,-4.987573616e-01,-6.277734640e-01,
2.527577056e-03,-5.483072036e-03,-4.470701853e-03,-9.875258163e-02,-4.077282621e-01,-9.417855220e-01,-1.196213970e+00,-7.931621647e-01,-2.146539791e-01,
1.585386799e-01
l,7.0,6.0
1.490,1.850,2.230,
1.058576835e-04,1.344896744e+01
1.181512028e-01,3.842505573e-02,1.677591322e+00,6.441403361e+01,6.557417917e+02,3.615303486e+03,1.128236740e+04,1.845929576e+04,1.226036824e+04,
6.033159293e-02,-1.460801955e-01,-1.763673501e+00,-5.115265454e+01,-5.863798671e+02,-3.478151712e+03,-1.115852876e+04,-1.836054123e+04,-1.217155859e+04,
1.591435726e-01
l,7.0,7.0
1.510,1.710,1.930,
0.000000000e+00,0.000000000e+00
1.778108954e+00,-1.887369405e+01,2.674795021e+02,8.942826494e+03,3.096714381e+05,5.019044762e+06,3.627366713e+07,1.205678700e+08,1.517719577e+08,
3.709741120e-01,-1.817106476e+00,-3.977221634e+01,-2.351949667e+03,-4.919675010e+04,-5.248847994e+05,-2.964513833e+06,-8.512715792e+06,-9.766129121e+06,
1.590822550e-01
l,8.0,-8.0
0.710,0.790,0.890,
0.000000000e+00,0.000000000e+00
1.531237940e-04,2.200246644e-04,1.380004231e-02,3.729518079e-01,-3.168829864e+00,-4.641378726e+01,0.000000000e+00,0.000000000e+00,0.000000000e+00,
1.423352363e-04,-1.895363143e-04,-1.626845660e-02,-8.399583658e-01,-1.757832697e+01,-1.638494381e+02,-5.661005655e+02,0.000000000e+00,0.000000000e+00,
1.591435617e-01
l,8.0,-7.0
1.610,2.410,3.250,
1.148704537e-08,1.175691027e+01
1.349864033e-05,-3.816927418e-06,2.773974711e-04,2.497771096e-03,1.068935581e-02,2.695718501e-02,3.893282601e-02,2.948180005e-02,9.057645579e-03,
2.866306977e-06,-6.148432144e-06,-1.509322617e-05,-3.035717331e-04,-1.857554114e-03,-5.981396596e-03,-1.030675737e-02,-8.967633739e-03,-3.090247352e-03,
1.589886834e-01
l,8.0,-6.0
1.690,2.630,3.570,
3.951703381e-09,1.323535660e+01
1.625309960e-05,-2.433402342e-05,1.592602834e-05,9.798329421e-05,-3.654835809e-05,-1.687236991e-04,-5.160046594e-04,-8.480763778e-04,-4.215911085e-04,
2.588002377e-06,-5.622820541e-06,-4.659311906e-06,-1.047319213e-04,-4.441103401e-04,-1.046381106e-03,-1.353023664e-03,-9.085160585e-04,-2.484359292e-04,
1.587852279e-01
l,8.0,-5.0
1.810,2.590,3.410,
3.941051990e-08,8.641717477e+00
2.965669046e-05,-2.898218502e-05,9.240207880e-05,1.369440476e-03,5.844433143e-03,1.630445187e-02,2.644200094e-02,2.189599813e-02,7.178392924e-03,
6.611922726e-06,-1.427860945e-05,-2.927403827e-05,-5.808102126e-04,-3.239093969e-03,-9.387660097e-03,-1.459939348e-02,-1.158865133e-02,-3.696927955e-03,
1.589888755e-01
l,8.0,-4.0
1.850,2.770,3.710,
4.548669773e-09,1.230134081e+01
3.921234020e-05,-5.660595137e-05,3.411257282e-05,5.200525490e-04,1.638052256e-03,4.870989633e-03,7.473123412e-03,5.069511356e-03,1.221953317e-03,
6.210247768e-06,-1.355842309e-05,-1.022302296e-05,-2.374532084e-04,-9.802441426e-04,-2.267779802e-03,-2.892100274e-03,-1.924989069e-03,-5.250963458e-04,
1.587856060e-01
l,8.0,-3.0
1.930,2.730,3.550,
2.222541791e-08,9.932268390e+00
7.220011321e-05,-8.043351084e-05,-2.822102788e-05,1.170468844e-03,5.037144675e-03,1.793514758e-02,3.532145101e-02,3.280190717e-02,1.150110216e-02,
1.589440358e-05,-3.450879560e-05,-3.303607056e-05,-6.832742397e-04,-3.019056661e-03,-7.463597698e-03,-1.028142937e-02,-7.405263933e-03,-2.196458259e-03,
1.589890224e-01
l,8.0,-2.0
1.950,2.870,3.810,
2.411419540e-08,1.018404488e+01
1.029491978e-04,-1.470690246e-04,1.043751116e-04,1.901488533e-03,8.312690966e-03,2.676030436e-02,4.417205600e-02,3.423291914e-02,1.007481819e-02,
1.624465729e-05,-3.558145952e-05,-2.836358249e-05,-6.361478847e-04,-2.602856731e-03,-5.958810515e-03,-7.517999103e-03,-4.952789420e-03,-1.339313856e-03,
1.587855059e-01
l,8.0,-1.0
1.990,2.790,3.630,
2.129905255e-08,1.087532313e+01
2.029416937e-04,-2.035966948e-04,4.941010611e-05,4.541045837e-03,1.756727940e-02,5.239752825e-02,9.499887837e-02,8.554333721e-02,2.965853763e-02,
4.348015177e-05,-9.467596355e-05,-1.152139338e-04,-2.174629302e-03,-9.819633717e-03,-2.469888704e-02,-3.464888337e-02,-2.542579403e-02,-7.660929832e-03,
1.589891084e-01
l,8.0,0.0
2.010,2.930,3.870,
2.650446518e-08,1.118565298e+01
2.958900877e-04,-4.310215830e-04,3.179600232e-04,4.926465982e-03,2.022687230e-02,6.555933236e-02,1.090249319e-01,8.473771141e-02,2.498211650e-02,
4.634474315e-05,-1.017052479e-04,-8.375558122e-05,-1.855824723e-03,-7.657719032e-03,-1.766641525e-02,-2.244528050e-02,-1.487520351e-02,-4.039054046e-03,
1.587235425e-01
l,8.0,1.0
2.010,2.830,3.670,
5.025256044e-08,1.109892431e+01
6.178765907e-04,-6.737922142e-04,1.242443244e-04,1.059884608e-02,3.218546331e-02,9.294817617e-02,1.758343574e-01,1.619465338e-01,5.640695328e-02,
1.297138000e-04,-2.828818750e-04,-3.246229968e-04,-6.326987570e-03,-2.853442649e-02,-7.176907566e-02,-1.007188417e-01,-7.403374296e-02,-2.236182691e-02,
1.589580739e-01
l,8.0,2.0
1.970,2.930,3.910,
2.108752730e-07,1.004307390e+01
9.644962265e-04,-1.465120819e-03,3.752500924e-04,8.329145192e-03,2.972914180e-02,1.172242391e-01,2.088299549e-01,1.617012462e-01,4.605170522e-02,
1.381663153e-04,-3.036262054e-04,-1.135308460e-04,-3.745789282e-03,-1.348622459e-02,-2.821213013e-02,-3.273067983e-02,-1.999656703e-02,-5.072234705e-03,
1.586926862e-01
l,8.0,3.0
1.970,2.790,3.630,
2.905751312e-07,1.077289908e+01
2.210567938e-03,-2.490589338e-03,8.405103329e-04,4.026620022e-02,1.358103169e-01,4.121942714e-01,7.618084147e-01,6.792247057e-01,2.297080611e-01,
4.609470094e-04,-1.004508186e-03,-1.175769060e-03,-2.269524468e-02,-1.024126215e-01,-2.576951196e-01,-3.615892023e-01,-2.657123492e-01,-8.021169560e-02,
1.589581465e-01
l,8.0,4.0
1.910,2.870,3.850,
5.759403432e-07,1.122761778e+01
3.627792932e-03,-5.763370388e-03,4.046270768e-03,4.425623468e-02,1.871597545e-01,6.346919275e-01,1.001336049e+00,7.106875188e-01,1.883541650e-01,
5.130743361e-04,-1.126234313e-03,-5.019348595e-04,-1.480400979e-02,-5.476233062e-02,-1.173294346e-01,-1.395773785e-01,-8.746504184e-02,-2.265367987e-02,
1.586005321e-01
l,8.0,5.0
1.870,2.650,3.470,
2.006067811e-06,1.111039135e+01
1.007420011e-02,-1.224066245e-02,9.017930289e-03,2.406385609e-01,9.688175417e-01,3.145717129e+00,5.806590846e+00,5.168407844e+00,1.759140122e+00,
2.130103411e-03,-4.630924327e-03,-7.237188777e-03,-1.368493720e-01,-6.721207749e-01,-1.790575500e+00,-2.619505832e+00,-1.987933723e+00,-6.145092017e-01,
1.589581054e-01
l,8.0,6.0
1.770,2.690,3.630,
4.843285141e-07,1.611877260e+01
1.846712083e-02,-3.284742024e-02,4.185444197e-02,2.983061215e-01,1.401603714e+00,4.186553518e+00,5.292108128e+00,2.667322946e+00,3.648094886e-01,
2.709415290e-03,-5.930421448e-03,-5.027829019e-03,-1.096181136e-01,-4.524738432e-01,-1.045671366e+00,-1.328686996e+00,-8.814982177e-01,-2.388345601e-01,
1.584767934e-01
l,8.0,7.0
1.710,2.090,2.510,
1.165200593e-05,1.404582659e+01
1.266936064e-01,5.075273643e-02,7.892846373e-01,4.586804953e+01,4.536085178e+02,2.362768948e+03,6.965577127e+03,1.079414399e+04,6.802712279e+03,
6.069967136e-02,-1.473216440e-01,-8.665293314e-01,-2.099971486e+01,-1.941471853e+02,-9.722880912e+02,-2.722194496e+03,-3.983176423e+03,-2.380661071e+03,
1.591435479e-01
l,8.0,8.0
1.730,1.950,2.190,
0.000000000e+00,0.000000000e+00
1.915446043e+00,-1.867772944e+01,2.004654834e+02,4.700836090e+03,1.408421665e+05,2.302615309e+06,1.620545329e+07,5.122095282e+07,6.051413556e+07,
3.801832559e-01,-1.776088321e+00,-3.806174448e+01,-2.172567083e+03,-4.342959685e+04,-4.343604195e+05,-2.274720969e+06,-6.017155555e+06,-6.339048327e+06,
1.591444414e-01
l,9.0,-9.0
0.650,0.690,0.750,
5.220119288e-02,1.628017653e+01
8.373434684e-05,6.671483700e-04,-1.862569023e-03,2.179957636e-01,2.679497004e+00,0.000000000e+00,0.000000000e+00,0.000000000e+00,0.000000000e+00,
9.369917860e-05,-1.050688156e-04,-1.180652102e-02,-3.067784232e-01,-3.088705466e+00,0.000000000e+00,0.000000000e+00,0.000000000e+00,0.000000000e+00,
1.591435401e-01
l,9.0,-8.0
0.930,0.950,0.990,
0.000000000e+00,0.000000000e+00
8.401241939e-05,1.380654491e-03,-3.981008336e-02,-8.629409110e-01,0.000000000e+00,0.000000000e+00,0.000000000e+00,0.000000000e+00,0.000000000e+00,
1.238628627e-04,-1.789294477e-04,-4.914962488e-02,-4.942470033e-01,0.000000000e+00,0.000000000e+00,0.000000000e+00,0.000000000e+00,0.000000000e+00,
1.591435617e-01
l,9.0,-7.0
1.870,2.810,3.750,
1.871142030e-11,1.772259740e+01
6.120677881e-06,-8.839109729e-06,5.937722663e-06,6.506521269e-05,1.218352390e-04,3.764696916e-04,6.391232345e-04,4.333802896e-04,9.333059318e-05,
9.689561863e-07,-2.118222606e-06,-1.606850113e-06,-3.870395466e-05,-1.661832176e-04,-3.973412866e-04,-5.209188196e-04,-3.541251814e-04,-9.794719653e-05,
1.587849333e-01
l,9.0,-6.0
2.030,2.810,3.630,
1.335997023e-09,1.061461987e+01
1.036353024e-05,-1.157155722e-05,-7.745288502e-06,1.709070894e-04,9.197249090e-04,3.551240602e-03,7.106575903e-03,6.656709280e-03,2.354837913e-03,
2.274735353e-06,-4.952729743e-06,-3.639597912e-06,-8.123060604e-05,-3.302830241e-04,-7.570582017e-04,-9.665480178e-04,-6.438744516e-04,-1.777183470e-04,
1.590198274e-01
l,9.0,-5.0
2.090,2.990,3.890,
1.041305562e-09,1.092900192e+01
1.364184027e-05,-1.926400036e-05,1.407120065e-05,2.495989960e-04,1.098988454e-03,3.611578749e-03,6.015008907e-03,4.656082014e-03,1.358493768e-03,
2.321370315e-06,-5.097008602e-06,-4.117052273e-06,-9.451309440e-05,-4.017356109e-04,-9.578807967e-04,-1.260970403e-03,-8.662908309e-04,-2.441189822e-04,
1.588164143e-01
l,9.0,-4.0
2.170,2.950,3.750,
1.504454986e-09,1.053804660e+01
2.469064930e-05,-2.411289446e-05,1.550325541e-05,6.597278245e-04,2.422337364e-03,6.569676984e-03,1.137487613e-02,1.011932904e-02,3.514157232e-03,
5.698989420e-06,-1.245859801e-05,-2.516669747e-05,-4.366984437e-04,-2.186250990e-03,-5.913197020e-03,-8.814583976e-03,-6.828269773e-03,-2.157138512e-03,
1.590199875e-01
l,9.0,-3.0
2.210,3.090,4.010,
4.996583919e-10,1.212639356e+01
3.519261008e-05,-4.694243886e-05,2.306444106e-05,5.907023123e-04,2.330246870e-03,7.991523348e-03,1.457343362e-02,1.233860809e-02,3.921066771e-03,
5.802250964e-06,-1.278465406e-05,-9.467913878e-06,-2.305185922e-04,-9.782214521e-04,-2.321443102e-03,-3.028892472e-03,-2.055126493e-03,-5.708100299e-04,
1.587856112e-01
l,9.0,-2.0
2.270,3.050,3.870,
2.399691480e-09,1.054419873e+01
6.456702249e-05,-6.239223876e-05,3.783708718e-05,1.692425567e-03,6.169150101e-03,1.664052441e-02,2.868881257e-02,2.541075741e-02,8.789343448e-03,
1.426340591e-05,-3.129974157e-05,-5.645117544e-05,-1.015531383e-03,-5.045497138e-03,-1.354831570e-02,-1.997715716e-02,-1.525194749e-02,-4.735276167e-03,
1.590201058e-01
l,9.0,-1.0
2.250,3.170,4.110,
1.211091782e-09,1.183825766e+01
9.654586756e-05,-1.305124331e-04,4.215480236e-05,1.343129446e-03,4.070541283e-03,1.260150207e-02,2.217924727e-02,1.794958621e-02,5.388327552e-03,
1.514761006e-05,-3.346860953e-05,-2.304365507e-05,-5.754805584e-04,-2.375988328e-03,-5.507953237e-03,-7.029933036e-03,-4.677533474e-03,-1.277102019e-03,
1.587857152e-01
l,9.0,0.0
2.290,3.110,3.950,
2.844557409e-09,1.128460284e+01
1.857010939e-04,-1.883573154e-04,-3.600038765e-05,2.945275997e-03,7.192184357e-03,1.590744577e-02,2.866411675e-02,2.667887793e-02,9.407587424e-03,
3.893940927e-05,-8.565647059e-05,-9.418611823e-05,-1.883857808e-03,-8.480003026e-03,-2.128744778e-02,-2.980114407e-02,-2.184444002e-02,-6.588040783e-03,
1.589890974e-01
l,9.0,1.0
2.310,3.210,4.150,
2.992894711e-09,1.189294002e+01
2.894036879e-04,-4.023979027e-04,2.095643012e-04,4.880842520e-03,2.005013083e-02,6.652424543e-02,1.159861034e-01,9.478106434e-02,2.931866537e-02,
4.511870068e-05,-9.980048664e-05,-7.840502786e-05,-1.794684277e-03,-7.345723860e-03,-1.682765357e-02,-2.122060086e-02,-1.395846217e-02,-3.769712974e-03,
1.587235318e-01
l,9.0,2.0
2.290,3.110,3.970,
7.982643611e-09,1.150001822e+01
6.024410250e-04,-6.192970595e-04,-1.945308125e-04,8.771807387e-03,2.166135705e-02,5.300329709e-02,1.017417500e-01,9.692033031e-02,3.450969683e-02,
1.212874319e-04,-2.669939052e-04,-2.757336307e-04,-5.571449796e-03,-2.436836807e-02,-5.950345031e-02,-8.093627462e-02,-5.761303132e-02,-1.688277482e-02,
1.589581895e-01
l,9.0,3.0
2.270,3.210,4.170,
1.468637666e-08,1.170387217e+01
9.552034899e-04,-1.412454436e-03,8.541987038e-04,1.285306842e-02,4.688737625e-02,1.547968839e-01,2.593600797e-01,1.985821234e-01,5.693155427e-02,
1.405022906e-04,-3.109965344e-04,-2.349840178e-04,-5.473798504e-03,-2.221786555e-02,-5.043404908e-02,-6.282467491e-02,-4.075445027e-02,-1.082683373e-02,
1.586926432e-01
l,9.0,4.0
2.210,3.070,3.930,
7.118398511e-08,1.081584841e+01
2.194860019e-03,-2.504843323e-03,7.598179617e-05,3.010977587e-02,6.939468158e-02,1.859934240e-01,3.649876823e-01,3.370755776e-01,1.145549140e-01,
4.312439189e-04,-9.487324564e-04,-9.028911287e-04,-1.926620375e-02,-8.517889820e-02,-2.107395220e-01,-2.900720290e-01,-2.087988522e-01,-6.174831891e-02,
1.589270908e-01
l,9.0,5.0
2.150,3.130,4.110,
1.466155090e-07,1.117880768e+01
3.751545912e-03,-5.879778431e-03,4.218788563e-03,4.683713927e-02,1.824013937e-01,6.183884077e-01,1.003141244e+00,7.343947685e-01,2.009194933e-01,
5.221389363e-04,-1.154661090e-03,-5.230414564e-04,-1.567726460e-02,-5.907629462e-02,-1.288478908e-01,-1.558908464e-01,-9.921887211e-02,-2.606255809e-02,
1.585696192e-01
l,9.0,6.0
2.110,2.910,3.750,
2.501995099e-07,1.207632645e+01
1.043055020e-02,-1.271336930e-02,4.725075063e-03,2.069430482e-01,7.591869426e-01,2.460534867e+00,4.644155921e+00,4.181798386e+00,1.426019520e+00,
2.088745552e-03,-4.584126740e-03,-4.249438613e-03,-9.327736851e-02,-4.185082161e-01,-1.053888689e+00,-1.479082683e+00,-1.088025466e+00,-3.293942132e-01,
1.589271077e-01
l,9.0,7.0
2.010,2.930,3.870,
7.401851203e-08,1.594877588e+01
2.004057914e-02,-3.554057122e-02,4.540055184e-02,3.725479494e-01,1.850456647e+00,5.890409459e+00,8.469545404e+00,5.411261922e+00,1.254263598e+00,
2.891640253e-03,-6.378729035e-03,-5.421921612e-03,-1.189897804e-01,-4.908099709e-01,-1.134777672e+00,-1.442399360e+00,-9.574432177e-01,-2.597221004e-01,
1.584148820e-01
l,9.0,8.0
1.950,2.350,2.770,
1.351755737e-06,1.466662892e+01
1.345745027e-01,2.967652468e-02,5.106311554e-01,3.097190587e+01,2.460204164e+02,1.069733879e+03,2.815701185e+03,4.090710935e+03,2.482771311e+03,
6.342520438e-02,-1.550514454e-01,-9.942061573e-01,-2.379173737e+01,-2.202453378e+02,-1.104166573e+03,-3.094198689e+03,-4.535003971e+03,-2.715385490e+03,
1.591435685e-01
l,9.0,9.0
1.970,2.190,2.450,
0.000000000e+00,0.000000000e+00
2.035922050e+00,-1.825267042e+01,1.634748601e+02,3.659207031e+03,9.449738483e+04,1.566923243e+06,1.120190958e+07,3.569587985e+07,4.233540558e+07,
3.859746934e-01,-1.726317678e+00,-3.498833901e+01,-1.945811309e+03,-3.734730588e+04,-3.520510704e+05,-1.719639554e+06,-4.217859782e+06,-4.108512289e+06,
1.591444572e-01
