l,1.0,-1.0
0.270,1.290,2.330,
3.349625424e-02,2.655418201e+00
4.486689810e-03,-4.919654389e-03,4.345982055e-03,2.698961875e-02,6.173442136e-02,9.283741518e-02,4.178653182e-02,-8.544698954e-03,-4.733795888e-03,
9.888225320e-04,-1.652133918e-03,-1.514491031e-03,-2.385747865e-02,-8.940664603e-02,-1.840393849e-01,-2.101185867e-01,-1.252768318e-01,-3.048902732e-02,
1.587546102e-01
l,1.0,0.0
0.310,0.770,1.270,
2.804962459e-01,3.462243332e+00
2.588889003e-02,-9.196499759e-04,2.574679242e-01,5.512264524e+00,4.200127477e+01,1.853622438e+02,4.593553158e+02,5.882097327e+02,3.039030920e+02,
1.520258842e-02,-2.226465915e-02,-2.038398150e-01,-4.075301317e+00,-3.398101239e+01,-1.490800210e+02,-3.586440714e+02,-4.470309177e+02,-2.259075963e+02,
1.591435532e-01
l,1.0,1.0
0.370,0.670,1.010,
6.876018666e+00,4.958907551e+00
1.853706986e-01,-3.189178690e-01,3.998528272e+00,1.245741113e+02,1.448027318e+03,1.089041471e+04,4.552797041e+04,9.511693026e+04,7.802355664e+04,
8.415595705e-02,-1.852152608e-01,-2.601792409e+00,-8.078608124e+01,-9.912314495e+02,-6.427874568e+03,-2.279184463e+04,-4.183977130e+04,-3.114610617e+04,
1.591436030e-01
l,2.0,-2.0
0.630,1.750,2.890,
1.289085923e-03,4.456972054e+00
7.507770206e-04,-8.237988369e-04,4.522833666e-04,4.078053659e-03,9.860097237e-03,2.015072849e-02,1.871476690e-02,6.335591042e-03,2.894914366e-04,
1.328045384e-04,-2.322726081e-04,-1.269590616e-04,-2.432831907e-03,-8.046669745e-03,-1.499064982e-02,-1.553609923e-02,-8.430088577e-03,-1.876162647e-03,
1.586616859e-01
l,2.0,-1.0
0.670,1.690,2.710,
2.555267874e-03,4.464237387e+00
2.339076949e-03,-2.288119991e-03,1.574197466e-03,2.313665425e-02,7.285338097e-02,1.742324633e-01,2.209990900e-01,1.322235135e-01,3.002567598e-02,
5.187100290e-04,-8.962862322e-04,-8.565138426e-04,-1.356324952e-02,-5.134465856e-02,-1.072066852e-01,-1.244554435e-01,-7.550988547e-02,-1.874603710e-02,
1.589271321e-01
l,2.0,0.0
0.710,1.670,2.650,
6.562429416e-03,4.702098973e+00
7.100482937e-03,-7.165607951e-03,5.723695648e-03,8.938665092e-02,3.187868480e-01,8.387618905e-01,1.162376673e+00,7.630778959e-01,1.910714512e-01,
1.642877197e-03,-2.834306630e-03,-2.583835895e-03,-4.298396606e-02,-1.674249394e-01,-3.615063395e-01,-4.353912257e-01,-2.748103767e-01,-7.113876968e-02,
1.588788845e-01
l,2.0,1.0
0.770,1.410,2.090,
2.155829071e-02,5.070119482e+00
3.078271076e-02,-1.326498850e-02,8.086103713e-02,1.949912762e+00,1.032879697e+01,3.337717295e+01,6.299237043e+01,6.176031883e+01,2.426152547e+01,
1.234596227e-02,-2.090994668e-02,-8.534984419e-02,-1.407590165e+00,-8.626934594e+00,-2.789443725e+01,-4.939670521e+01,-4.523981350e+01,-1.679391132e+01,
1.591436030e-01
l,2.0,2.0
0.810,1.290,1.790,
1.215882767e-01,6.411921329e+00
1.719149947e-01,-1.534782144e-01,7.664091381e-01,2.612093506e+01,1.629418491e+02,6.643244865e+02,1.704282240e+03,2.323523667e+03,1.267598163e+03,
6.733105863e-02,-1.367336467e-01,-8.836318951e-01,-1.944977340e+01,-1.602893829e+02,-7.021833844e+02,-1.686581336e+03,-2.099075105e+03,-1.061230543e+03,
1.591435773e-01
l,3.0,-3.0
1.010,2.170,3.350,
2.288904641e-05,5.256149270e+00
1.283416932e-04,-1.334872602e-04,4.100325932e-05,7.730507127e-04,2.013900393e-03,4.799651117e-03,6.105448774e-03,3.596164049e-03,7.976798835e-04,
2.061270513e-05,-3.701977608e-05,-1.705946127e-05,-3.654711612e-04,-1.170421824e-03,-2.120891398e-03,-2.129609953e-03,-1.116675315e-03,-2.404245856e-04,
1.586926508e-01
l,3.0,-2.0
1.090,2.190,3.310,
4.062643254e-05,5.232395814e+00
3.469841904e-04,-3.244010560e-04,6.659046372e-05,2.614610513e-03,6.943677674e-03,1.587651496e-02,2.109706557e-02,1.345326778e-02,3.267577299e-03,
6.317622367e-05,-1.132453992e-04,-6.362936021e-05,-1.227761723e-03,-4.100447367e-03,-7.734897402e-03,-8.133208048e-03,-4.475798709e-03,-1.013173479e-03,
1.588479086e-01
l,3.0,-1.0
1.150,2.230,3.330,
8.153705068e-05,5.206336549e+00
9.252466843e-04,-8.423432166e-04,1.564986883e-04,7.521797807e-03,1.986779239e-02,4.516438954e-02,6.158200507e-02,4.072451104e-02,1.028116892e-02,
1.737243781e-04,-3.117974988e-04,-2.436905047e-04,-4.203492198e-03,-1.496847138e-02,-2.940476180e-02,-3.186155584e-02,-1.794024388e-02,-4.127905371e-03,
1.588479033e-01
l,3.0,0.0
1.190,2.230,3.290,
1.851855689e-04,5.195202553e+00
2.640509978e-03,-2.278715544e-03,1.292764231e-04,2.301693651e-02,5.977366638e-02,1.359330211e-01,1.950456516e-01,1.371736913e-01,3.680539333e-02,
5.325845763e-04,-9.546986604e-04,-7.549090631e-04,-1.316306801e-02,-4.811796743e-02,-9.731321128e-02,-1.089820692e-01,-6.355471070e-02,-1.517215187e-02,
1.589581288e-01
l,3.0,1.0
1.250,2.210,3.190,
4.275182184e-04,5.785435668e+00
8.027004078e-03,-6.973302126e-03,7.523719690e-04,8.328328385e-02,2.278575885e-01,5.525076352e-01,8.531041930e-01,6.462769951e-01,1.866708647e-01,
1.819059692e-03,-3.253258757e-03,-2.812802705e-03,-4.882484919e-02,-1.891423630e-01,-4.076282913e-01,-4.901434100e-01,-3.084544495e-01,-7.972204245e-02,
1.589581240e-01
l,3.0,2.0
1.270,2.030,2.830,
1.135899128e-03,6.397850727e+00
3.094445914e-02,-1.355245313e-02,1.257130861e-02,9.111513562e-01,3.619206163e+00,8.883620439e+00,1.387575508e+01,1.175442023e+01,4.036970857e+00,
9.966545576e-03,-1.781406004e-02,-4.212416503e-02,-6.473001362e-01,-3.269586569e+00,-8.848646989e+00,-1.320619514e+01,-1.022366242e+01,-3.219640939e+00,
1.591444502e-01
l,3.0,3.0
1.310,1.910,2.550,
3.343869741e-03,7.505647373e+00
1.488727927e-01,-8.171799894e-02,1.584435939e-02,8.514661319e+00,3.825874798e+01,1.017152008e+02,1.856510700e+02,1.968669458e+02,8.699935701e+01,
5.061927124e-02,-9.939000632e-02,-3.203423966e-01,-5.988493507e+00,-3.769036158e+01,-1.274762722e+02,-2.374639799e+02,-2.295084776e+02,-9.037207451e+01,
1.591435717e-01
l,4.0,-4.0
1.430,2.590,3.770,
5.002232307e-07,5.732182900e+00
2.121275975e-05,-2.011568859e-05,-1.092854145e-07,1.199072507e-04,2.499638952e-04,5.522388910e-04,7.688831490e-04,5.040281818e-04,1.235767073e-04,
3.378191042e-06,-6.179234818e-06,-2.990074407e-06,-6.274594583e-05,-2.002872204e-04,-3.621029026e-04,-3.627015255e-04,-1.895212883e-04,-4.072011268e-05,
1.587235725e-01
l,4.0,-3.0
1.510,2.650,3.810,
9.165246989e-07,5.561564616e+00
5.326421160e-05,-4.561057675e-05,-1.024823230e-05,3.194969475e-04,6.445525905e-04,1.278959559e-03,1.798551147e-03,1.236981034e-03,3.196635424e-04,
8.954072160e-06,-1.640349213e-05,-8.116880756e-06,-1.692085979e-04,-5.472489170e-04,-1.002156472e-03,-1.018741338e-03,-5.400528297e-04,-1.177897664e-04,
1.588478848e-01
l,4.0,-2.0
1.590,2.730,3.870,
1.504855031e-06,5.891239250e+00
1.322706958e-04,-1.124384983e-04,-3.360088206e-05,7.337614283e-04,1.215303716e-03,2.098406813e-03,3.059337676e-03,2.196057414e-03,5.823147666e-04,
2.286221431e-05,-4.197674099e-05,-2.072589432e-05,-4.374534082e-04,-1.432262367e-03,-2.658905582e-03,-2.744743488e-03,-1.478704781e-03,-3.279681879e-04,
1.588789336e-01
l,4.0,-1.0
1.650,2.770,3.910,
3.001939742e-06,5.924750017e+00
3.458955034e-04,-2.728596524e-04,-1.376593660e-04,1.974468066e-03,3.292519784e-03,5.116652574e-03,7.406506684e-03,5.522660398e-03,1.526541987e-03,
6.054854260e-05,-1.113393684e-04,-5.210547679e-05,-1.138651427e-03,-3.721640733e-03,-6.901134449e-03,-7.115349119e-03,-3.824882428e-03,-8.467947611e-04,
1.589099775e-01
l,4.0,0.0
1.690,2.810,3.930,
6.399914168e-06,5.997485821e+00
9.239992942e-04,-7.255455999e-04,-4.077372070e-04,5.256252304e-03,8.096261176e-03,1.134594494e-02,1.698194715e-02,1.326105445e-02,3.780687221e-03,
1.663565997e-04,-3.061793248e-04,-1.404840397e-04,-3.142042072e-03,-1.039382146e-02,-1.953832325e-02,-2.045674369e-02,-1.117736378e-02,-2.517535696e-03,
1.589270883e-01
l,4.0,1.0
1.730,2.810,3.890,
1.473029394e-05,6.107065207e+00
2.631854033e-03,-1.938778495e-03,-1.024380096e-03,2.004323414e-02,4.160099103e-02,6.696328444e-02,8.829883368e-02,6.348883922e-02,1.762329009e-02,
5.106227651e-04,-9.390634636e-04,-6.943672991e-04,-1.259138661e-02,-4.515942864e-02,-8.971124443e-02,-9.846126982e-02,-5.609075003e-02,-1.307717717e-02,
1.589581240e-01
l,4.0,2.0
1.770,2.770,3.790,
3.183674481e-05,6.530900699e+00
8.106628433e-03,-5.363859252e-03,-3.881664187e-03,7.402270146e-02,1.628146439e-01,2.523466055e-01,3.331768909e-01,2.540729505e-01,7.618751419e-02,
1.752316066e-03,-3.218360334e-03,-2.775360686e-03,-4.768144839e-02,-1.786530426e-01,-3.714362435e-01,-4.292417555e-01,-2.583245386e-01,-6.375099630e-02,
1.590202156e-01
l,4.0,3.0
1.790,2.670,3.550,
8.337558399e-05,6.835681887e+00
2.855247073e-02,-1.416821157e-02,-1.365609191e-02,4.574674434e-01,1.370436492e+00,2.455501569e+00,3.173935432e+00,2.423976963e+00,7.685611634e-01,
7.822474968e-03,-1.440668308e-02,-1.979933358e-02,-3.193659208e-01,-1.407004162e+00,-3.392292902e+00,-4.548678748e+00,-3.175402551e+00,-9.064372019e-01,
1.591444445e-01
l,4.0,4.0
1.830,2.530,3.270,
1.105699897e-04,8.594350689e+00
1.258524954e-01,-4.185255133e-02,-1.194913718e-01,3.981788732e+00,1.548089234e+01,3.064637231e+01,4.028873293e+01,3.281562262e+01,1.188982095e+01,
3.914367950e-02,-7.617837579e-02,-1.559140339e-01,-2.701099285e+00,-1.420317940e+01,-4.073239105e+01,-6.483738671e+01,-5.367014700e+01,-1.816316859e+01,
1.591435800e-01
l,5.0,-5.0
1.850,3.030,4.230,
9.254768684e-09,6.683148143e+00
3.334040002e-06,-2.924938276e-06,-1.040531782e-06,1.612058834e-05,2.344772498e-05,3.906200822e-05,5.953105417e-05,4.330308556e-05,1.140049765e-05,
5.077499837e-07,-9.433944264e-07,-3.604406612e-07,-8.920623837e-06,-2.789355178e-05,-4.966025002e-05,-4.885047328e-05,-2.500511719e-05,-5.270744236e-06,
1.587856113e-01
l,5.0,-4.0
1.950,3.110,4.290,
1.709230454e-08,6.544346531e+00
8.039295608e-06,-6.352577225e-06,-3.573979523e-06,4.276246758e-05,6.941092896e-05,9.948599373e-05,1.375288064e-04,1.002136379e-04,2.712525762e-05,
1.294656899e-06,-2.409743393e-06,-1.007157014e-06,-2.354863592e-05,-7.461264564e-05,-1.343656303e-04,-1.339668576e-04,-6.945837803e-05,-1.482720987e-05,
1.588478663e-01
l,5.0,-3.0
2.030,3.190,4.370,
2.204749476e-08,7.020790268e+00
1.952049934e-05,-1.434405314e-05,-1.120931789e-05,9.672694757e-05,1.256679617e-04,9.355776711e-05,1.191787161e-04,1.027646343e-04,3.114787259e-05,
3.179619626e-06,-5.931808500e-06,-2.543794692e-06,-5.853661364e-05,-1.855532378e-04,-3.339731284e-04,-3.327404298e-04,-1.721901782e-04,-3.667438114e-05,
1.589099590e-01
l,5.0,-2.0
2.110,3.270,4.430,
4.599044071e-08,6.886948345e+00
4.803119009e-05,-3.452323124e-05,-2.651847934e-05,2.642729322e-04,4.209524615e-04,4.461666927e-04,5.246406983e-04,3.853687182e-04,1.079153416e-04,
8.101482960e-06,-1.513912422e-05,-7.093253824e-06,-1.551483981e-04,-4.990560058e-04,-9.107718823e-04,-9.219221068e-04,-4.850497914e-04,-1.050107611e-04,
1.589271374e-01
l,5.0,-1.0
2.170,3.330,4.490,
8.034566237e-08,7.082451756e+00
1.218791003e-04,-8.429717670e-05,-7.652045134e-05,6.607186077e-04,1.032724243e-03,9.405903956e-04,1.017102924e-03,7.662057981e-04,2.217811602e-04,
2.063629448e-05,-3.862574708e-05,-1.692070254e-05,-3.873038551e-04,-1.242716753e-03,-2.265079540e-03,-2.289493425e-03,-1.201878975e-03,-2.596759046e-04,
1.589271031e-01
l,5.0,0.0
2.230,3.370,4.530,
1.560764452e-07,7.232045840e+00
3.198269114e-04,-2.090451176e-04,-2.278230396e-04,1.755884878e-03,2.859604210e-03,2.496877714e-03,2.505357537e-03,1.892275257e-03,5.624636675e-04,
5.456476433e-05,-1.022436353e-04,-4.209046633e-05,-1.004964919e-03,-3.217136594e-03,-5.855587880e-03,-5.909151334e-03,-3.093934502e-03,-6.668205760e-04,
1.589270883e-01
l,5.0,1.0
2.270,3.390,4.530,
2.913149808e-07,7.513156268e+00
8.713661809e-04,-5.288687902e-04,-6.596735169e-04,5.080044079e-03,8.590667403e-03,6.793388990e-03,5.588059140e-03,4.101365612e-03,1.264297750e-03,
1.555428797e-04,-2.915024389e-04,-1.421033806e-04,-3.049976680e-03,-9.926128505e-03,-1.831519958e-02,-1.877740711e-02,-9.995030187e-03,-2.189017272e-03,
1.589581405e-01
l,5.0,2.0
2.310,3.410,4.510,
7.589140421e-07,7.489750150e+00
2.452075947e-03,-1.557845886e-03,-1.492564451e-03,1.805005656e-02,3.714840854e-02,4.506025744e-02,4.582240585e-02,2.987125461e-02,8.061597181e-03,
4.604494460e-04,-8.628871168e-04,-6.145976678e-04,-1.139356340e-02,-4.019529612e-02,-7.853347730e-02,-8.456066215e-02,-4.710000485e-02,-1.072404851e-02,
1.589891449e-01
l,5.0,3.0
2.330,3.370,4.430,
1.360148494e-06,8.013275726e+00
7.520017214e-03,-4.188403383e-03,-5.837204315e-03,6.119850529e-02,1.342266405e-01,1.574181307e-01,1.516109006e-01,1.002678222e-01,2.855456931e-02,
1.526562093e-03,-2.859556125e-03,-2.082796836e-03,-3.874491594e-02,-1.402211332e-01,-2.817275900e-01,-3.131974391e-01,-1.803728307e-01,-4.251965374e-02,
1.590202100e-01
l,5.0,4.0
2.350,3.290,4.230,
3.779499915e-06,8.160011879e+00
2.559004910e-02,-1.118357858e-02,-1.735241078e-02,3.506423959e-01,1.051287812e+00,1.711751441e+00,1.895647348e+00,1.256184317e+00,3.557027465e-01,
6.364460674e-03,-1.195114231e-02,-1.477168997e-02,-2.425774867e-01,-1.017416968e+00,-2.324073356e+00,-2.932277343e+00,-1.914931188e+00,-5.096014021e-01,
1.591133578e-01
l,5.0,5.0
2.390,3.170,3.970,
3.917666507e-06,9.631417507e+00
1.043460965e-01,-3.251576213e-02,-7.094175889e-02,2.776384709e+00,1.087518211e+01,2.206464223e+01,2.817572141e+01,2.080144538e+01,6.583350947e+00,
3.047559378e-02,-5.923025872e-02,-1.180260386e-01,-1.969460946e+00,-9.843716621e+00,-2.654466833e+01,-3.944057913e+01,-3.030948110e+01,-9.475704134e+00,
1.591444507e-01
l,6.0,-6.0
2.290,3.470,4.670,
1.444331812e-10,7.722446067e+00
5.111879773e-07,-3.999455465e-07,-2.674192680e-07,2.402485392e-06,2.782381710e-06,1.831605944e-06,2.653655597e-06,2.422455402e-06,7.375150217e-07,
7.828926991e-08,-1.472043834e-07,-5.770748853e-08,-1.415716672e-06,-4.430113926e-06,-7.892326383e-06,-7.762866864e-06,-3.963620054e-06,-8.330416400e-07,
1.588168099e-01
l,6.0,-5.0
2.390,3.570,4.750,
2.512075798e-10,7.652834363e+00
1.192722038e-06,-8.606012879e-07,-7.199211348e-07,5.990935845e-06,8.224345086e-06,5.768519470e-06,6.039424752e-06,4.987919557e-06,1.508980553e-06,
1.919880716e-07,-3.616804378e-07,-1.579764371e-07,-3.612106800e-06,-1.142770959e-05,-2.054435745e-05,-2.043734679e-05,-1.055218513e-05,-2.242063097e-06,
1.588789045e-01
l,6.0,-4.0
2.490,3.670,4.850,
4.167188144e-10,7.698760865e+00
2.806917109e-06,-1.950884068e-06,-1.854467487e-06,1.431924839e-05,2.139538063e-05,1.637455893e-05,1.570923521e-05,1.203859702e-05,3.561946179e-06,
4.531490996e-07,-8.556410070e-07,-3.445298745e-07,-8.342825866e-06,-2.631569926e-05,-4.723807526e-05,-4.690699068e-05,-2.415040211e-05,-5.117294423e-06,
1.589099405e-01
l,6.0,-3.0
2.570,3.750,4.930,
3.923818015e-10,8.385575455e+00
6.777499038e-06,-4.334833850e-06,-5.020828943e-06,3.451044635e-05,5.181055599e-05,2.835053254e-05,1.411692926e-05,1.107371382e-05,3.844342860e-06,
1.110245533e-06,-2.100094161e-06,-8.853986042e-07,-2.076741935e-05,-6.558808214e-05,-1.177009394e-04,-1.168343113e-04,-6.005251153e-05,-1.269141509e-05,
1.589271135e-01
l,6.0,-2.0
2.650,3.830,5.010,
9.801387606e-10,8.122234418e+00
1.658212022e-05,-1.035578754e-05,-1.284915521e-05,8.575361139e-05,1.397542446e-04,9.642657484e-05,6.248595787e-05,4.223901419e-05,1.281923402e-05,
2.719166642e-06,-5.152280939e-06,-2.027307910e-06,-4.990635609e-05,-1.571397117e-04,-2.815189597e-04,-2.789073781e-04,-1.429676299e-04,-3.013519263e-05,
1.589271374e-01
l,6.0,-1.0
2.710,3.890,5.070,
1.522100510e-09,8.393027164e+00
4.171517139e-05,-2.435086242e-05,-3.463013149e-05,2.170718554e-04,3.669689081e-04,2.363037046e-04,1.088499736e-04,6.205257415e-05,1.966890162e-05,
6.915527596e-06,-1.311996209e-05,-5.294440101e-06,-1.279909343e-04,-4.031173337e-04,-7.217193404e-04,-7.145153920e-04,-3.656180328e-04,-7.687463797e-05,
1.589271031e-01
l,6.0,0.0
2.770,3.930,5.110,
2.504943082e-09,8.653338418e+00
1.080138973e-04,-5.613777570e-05,-9.679062122e-05,5.837478477e-04,1.096611888e-03,8.124156137e-04,3.866611286e-04,1.746597877e-04,4.804762052e-05,
1.826640319e-05,-3.468328738e-05,-1.532117510e-05,-3.471880853e-04,-1.094658936e-03,-1.956801748e-03,-1.934503435e-03,-9.872242055e-04,-2.067528507e-04,
1.589270883e-01
l,6.0,1.0
2.810,3.970,5.150,
4.383693760e-09,8.905725906e+00
2.853561891e-04,-1.446213174e-04,-2.673640151e-04,1.527082890e-03,2.843861994e-03,1.898817169e-03,6.193028596e-04,1.851736359e-04,5.708148232e-05,
4.825572295e-05,-9.170246423e-05,-3.862627431e-05,-9.058742526e-04,-2.852844683e-03,-5.098266463e-03,-5.036878322e-03,-2.567112041e-03,-5.369754331e-04,
1.589581405e-01
l,6.0,2.0
2.850,3.990,5.150,
1.224747282e-08,8.768193161e+00
7.814869750e-04,-3.753822703e-04,-7.287555649e-04,4.640590119e-03,9.785738952e-03,9.088282212e-03,5.925034950e-03,2.974331572e-03,7.503242573e-04,
1.375270678e-04,-2.613801215e-04,-1.224422977e-04,-2.690336559e-03,-8.602541405e-03,-1.558786040e-02,-1.565092260e-02,-8.114834006e-03,-1.726445463e-03,
1.589580984e-01
l,6.0,3.0
2.870,4.010,5.150,
2.070121495e-08,9.186219140e+00
2.209678991e-03,-1.168094806e-03,-2.123856658e-03,1.247738210e-02,2.232726948e-02,1.252355265e-02,1.556326746e-03,-2.139784832e-04,1.714570569e-04,
3.921795433e-04,-7.456208893e-04,-2.999139821e-04,-7.411454395e-03,-2.392623733e-02,-4.398368946e-02,-4.486286529e-02,-2.366724299e-02,-5.135183109e-03,
1.590202100e-01
l,6.0,4.0
2.890,3.970,5.070,
3.903204027e-08,9.570859894e+00
6.747378036e-03,-2.979585805e-03,-6.608370840e-03,5.070557084e-02,1.214450830e-01,1.320182166e-01,9.506103149e-02,4.662236309e-02,1.103721889e-02,
1.302379380e-03,-2.475223735e-03,-1.600065802e-03,-3.152745865e-02,-1.105842604e-01,-2.151157233e-01,-2.304132801e-01,-1.271063959e-01,-2.861908475e-02,
1.590202051e-01
l,6.0,5.0
2.910,3.890,4.890,
1.571111629e-07,9.342919791e+00
2.253158949e-02,-6.604056710e-03,-2.433424282e-02,2.304343158e-01,6.860665351e-01,9.584188252e-01,8.596400348e-01,4.819026209e-01,1.234375553e-01,
5.247399841e-03,-9.991174396e-03,-8.537193171e-03,-1.501931260e-01,-5.667797473e-01,-1.188667547e+00,-1.387998665e+00,-8.391024952e-01,-2.073545463e-01,
1.590822849e-01
l,6.0,6.0
2.930,3.790,4.670,
2.648704052e-07,1.005702076e+01
8.664336056e-02,-1.778574683e-02,-1.081701842e-01,1.442957196e+00,5.243125741e+00,8.883463193e+00,9.212394066e+00,5.680791937e+00,1.568951602e+00,
2.319803941e-02,-4.513493606e-02,-5.626330928e-02,-9.685152553e-01,-4.221733096e+00,-1.011882694e+01,-1.347018631e+01,-9.282109970e+00,-2.610304429e+00,
1.591444640e-01
l,7.0,-7.0
2.730,3.930,5.130,
1.911459550e-12,8.755478520e+00
7.554724846e-08,-5.534992886e-08,-4.962362238e-08,3.411781757e-07,3.558930743e-07,-2.222233915e-08,-1.016235718e-07,1.520432631e-08,2.239425386e-08,
1.151825181e-08,-2.187849731e-08,-7.796417942e-09,-2.062865983e-07,-6.425077836e-07,-1.142201828e-06,-1.120211491e-06,-5.692345376e-07,-1.190882769e-07,
1.588478158e-01
l,7.0,-6.0
2.830,4.030,5.230,
3.999252162e-12,8.478197183e+00
1.742409950e-07,-1.138243118e-07,-1.258839704e-07,9.233864882e-07,1.562621458e-06,1.350838951e-06,1.153909772e-06,7.643393051e-07,2.110302025e-07,
2.715028783e-08,-5.167217212e-08,-1.920654189e-08,-4.927384783e-07,-1.535506944e-06,-2.725874014e-06,-2.669034573e-06,-1.351238545e-06,-2.813067781e-07,
1.589099212e-01
l,7.0,-5.0
2.950,4.130,5.330,
5.367945409e-12,8.727403470e+00
4.050766904e-07,-2.442341329e-07,-3.291452324e-07,2.082438334e-06,3.522898704e-06,2.442947575e-06,1.395053265e-06,8.505437374e-07,2.544092543e-07,
6.395589538e-08,-1.219496941e-07,-4.500821502e-08,-1.159191444e-06,-3.604901367e-06,-6.383149490e-06,-6.232763849e-06,-3.141725407e-06,-6.507537174e-07,
1.589270586e-01
l,7.0,-4.0
3.030,4.210,5.410,
3.236234073e-12,9.669210261e+00
9.627730151e-07,-4.973216007e-07,-8.894304250e-07,4.956773328e-06,9.293279851e-06,6.612890626e-06,2.709002590e-06,1.019656988e-06,2.727782694e-07,
1.564502380e-07,-2.987499579e-07,-1.249355250e-07,-2.926735227e-06,-9.077310381e-06,-1.597292520e-05,-1.550536612e-05,-7.755091432e-06,-1.591190154e-06,
1.589270951e-01
l,7.0,-3.0
3.110,4.310,5.510,
5.384181419e-12,9.775512323e+00
2.290016027e-06,-1.221076369e-06,-2.168938220e-06,1.080265662e-05,1.737383281e-05,5.050993568e-06,-6.235583572e-06,-5.161532167e-06,-1.150053401e-06,
3.682680253e-07,-7.044627736e-07,-2.545314239e-07,-6.638530014e-06,-2.054663267e-05,-3.619768467e-05,-3.516046279e-05,-1.758725981e-05,-3.610418767e-06,
1.589270841e-01
l,7.0,-2.0
3.190,4.390,5.590,
1.608476659e-11,9.371038836e+00
5.583104212e-06,-2.884266900e-06,-5.129781794e-06,2.986791648e-05,6.139266099e-05,5.629841989e-05,3.648996590e-05,1.775715266e-05,4.245270378e-06,
9.006054725e-07,-1.725115504e-06,-6.379807850e-07,-1.638717755e-05,-5.076209465e-05,-8.944643505e-05,-8.688485128e-05,-4.343499330e-05,-8.906361274e-06,
1.589580678e-01
l,7.0,-1.0
3.270,4.450,5.650,
3.143117115e-11,9.423752589e+00
1.395418985e-05,-6.516881649e-06,-1.341239533e-05,7.486843787e-05,1.598197619e-04,1.442226422e-04,8.285634116e-05,3.452456715e-05,7.623544988e-06,
2.287647474e-06,-4.386356518e-06,-1.783339476e-06,-4.278653154e-05,-1.328482618e-04,-2.340544401e-04,-2.273488872e-04,-1.135329090e-04,-2.321987064e-05,
1.589581050e-01
l,7.0,0.0
3.310,4.510,5.710,
5.077364796e-11,9.644547087e+00
3.542245031e-05,-1.624284296e-05,-3.461568778e-05,1.910091453e-04,4.181799715e-04,3.925442181e-04,2.355553625e-04,9.911843909e-05,2.131873524e-05,
5.810260594e-06,-1.115150047e-05,-4.377840032e-06,-1.077130112e-04,-3.340222925e-04,-5.881457326e-04,-5.708537517e-04,-2.846823016e-04,-5.813451032e-05,
1.589581288e-01
l,7.0,1.0
3.370,4.550,5.750,
9.888214576e-11,9.768344932e+00
9.242533997e-05,-3.900634242e-05,-9.425363903e-05,4.993537635e-04,1.136550176e-03,1.092125107e-03,6.486810990e-04,2.610897679e-04,5.397476577e-05,
1.533346784e-05,-2.944818863e-05,-1.197106899e-05,-2.869546368e-04,-8.895392716e-04,-1.563934331e-03,-1.515651003e-03,-7.539701366e-04,-1.534454461e-04,
1.589580383e-01
l,7.0,2.0
3.410,4.590,5.790,
1.462151889e-10,1.014859455e+01
2.461188124e-04,-1.071200185e-04,-2.596547671e-04,1.277427903e-03,2.783597576e-03,2.381038349e-03,1.143712484e-03,3.708280444e-04,7.166755550e-05,
4.046428378e-05,-7.776327365e-05,-2.704874911e-05,-7.261355181e-04,-2.240978523e-03,-3.935284117e-03,-3.806922405e-03,-1.889110359e-03,-3.838398369e-04,
1.589580984e-01
l,7.0,3.0
3.430,4.610,5.790,
3.564523546e-10,1.017639196e+01
6.780236145e-04,-2.902681580e-04,-7.135621918e-04,3.682254722e-03,8.134747203e-03,7.070321066e-03,3.401553035e-03,1.063381477e-03,1.945676179e-04,
1.153185373e-04,-2.216359957e-04,-8.492481252e-05,-2.141441952e-03,-6.709437360e-03,-1.195138493e-02,-1.175671328e-02,-5.942035452e-03,-1.229924763e-03,
1.589580365e-01
l,7.0,4.0
3.470,4.610,5.770,
9.116191731e-10,1.021322527e+01
1.943740994e-03,-8.017398342e-04,-2.074382169e-03,1.139530962e-02,2.655213428e-02,2.575673721e-02,1.524057496e-02,6.175758372e-03,1.321357939e-03,
3.417096201e-04,-6.567197127e-04,-2.706253192e-04,-6.544263601e-03,-2.080375006e-02,-3.757980813e-02,-3.756445526e-02,-1.931515213e-02,-4.068989597e-03,
1.590201788e-01
l,7.0,5.0
3.470,4.570,5.690,
2.267219786e-09,1.033210419e+01
5.911113229e-03,-1.902516982e-03,-6.468151089e-03,4.291237712e-02,1.193729593e-01,1.499185095e-01,1.171644865e-01,5.619347999e-02,1.232459043e-02,
1.136411847e-03,-2.183363796e-03,-1.063949589e-03,-2.326662807e-02,-7.619531642e-02,-1.414570063e-01,-1.459803214e-01,-7.757258725e-02,-1.687172266e-02,
1.590201423e-01
l,7.0,6.0
3.490,4.510,5.550,
5.342822927e-09,1.057230660e+01
1.931440085e-02,-4.712503058e-03,-2.194686346e-02,1.763358616e-01,5.431468386e-01,7.573835826e-01,6.438708841e-01,3.275770446e-01,7.531464463e-02,
4.251686452e-03,-8.181522806e-03,-6.564375006e-03,-1.176715839e-01,-4.306113291e-01,-8.739655183e-01,-9.832524395e-01,-5.700539627e-01,-1.346611034e-01,
1.590822982e-01
l,7.0,7.0
3.490,4.410,5.350,
3.075772429e-09,1.201913617e+01
7.149528712e-02,-8.193559453e-03,-8.922551902e-02,1.017901318e+00,3.847994669e+00,6.649205578e+00,6.771271108e+00,3.916449624e+00,9.821870338e-01,
1.805204296e-02,-3.523551190e-02,-4.193650049e-02,-7.113140015e-01,-2.962339483e+00,-6.732863368e+00,-8.442427569e+00,-5.446901202e+00,-1.427039314e+00,
1.591444840e-01
l,8.0,-8.0
3.190,4.390,5.590,
1.143018499e-14,1.036427407e+01
1.099387958e-08,-7.427442582e-09,-8.858397091e-09,4.458473636e-08,3.139876208e-08,-7.233630783e-08,-1.181145390e-07,-6.670253869e-08,-1.386770899e-08,
1.680988779e-09,-3.219941126e-09,-1.113919446e-09,-3.022069721e-08,-9.364545941e-08,-1.657648746e-07,-1.617944643e-07,-8.165823011e-08,-1.696391054e-08,
1.588788015e-01
l,8.0,-7.0
3.290,4.490,5.690,
3.799903070e-14,9.707880643e+00
2.511247033e-08,-1.454541332e-08,-2.097804273e-08,1.309687138e-07,2.309828685e-07,1.607955035e-07,7.551031431e-08,3.648297314e-08,1.031194152e-08,
3.955341305e-09,-7.588908432e-09,-2.961479468e-09,-7.362496144e-08,-2.291467224e-07,-4.058613596e-07,-3.963260242e-07,-1.996174031e-07,-4.128206928e-08,
1.589098698e-01
l,8.0,-6.0
3.390,4.590,5.810,
1.014702417e-13,9.299203589e+00
5.778164081e-08,-2.972894303e-08,-5.362039451e-08,3.211961764e-07,7.250049949e-07,8.232212500e-07,6.868660233e-07,3.756582743e-07,9.013808525e-08,
8.952344063e-09,-1.720889477e-08,-5.500413020e-09,-1.566925555e-07,-4.776174601e-07,-8.300546488e-07,-7.929131757e-07,-3.890331160e-07,-7.830817244e-08,
1.589270049e-01
l,8.0,-5.0
3.510,4.710,5.910,
3.555695517e-14,1.062065879e+01
1.327588990e-07,-7.185915198e-08,-1.271132881e-07,6.088330620e-07,9.494952152e-07,1.654423794e-07,-5.278334631e-07,-4.076031714e-07,-9.384012056e-08,
2.104659527e-08,-4.051870331e-08,-1.353729700e-08,-3.763200965e-07,-1.162167329e-06,-2.047769648e-06,-1.988262934e-06,-9.933833078e-07,-2.037026775e-07,
1.589269889e-01
l,8.0,-4.0
3.570,4.790,6.010,
8.344069876e-14,1.040522745e+01
3.154507908e-07,-1.466889544e-07,-3.261164257e-07,1.521419447e-06,3.029808297e-06,2.041262939e-06,4.192649156e-07,-1.069292798e-07,-4.218924149e-08,
4.947514830e-08,-9.538837614e-08,-3.050571765e-08,-8.695223169e-07,-2.648394992e-06,-4.596114519e-06,-4.382305520e-06,-2.141365798e-06,-4.285282509e-07,
1.589580518e-01
l,8.0,-3.0
3.670,4.870,6.090,
8.718958200e-14,1.084708260e+01
7.574827805e-07,-3.154518481e-07,-8.207252829e-07,3.595994167e-06,7.527719828e-06,5.206437438e-06,8.689092871e-07,-5.671197327e-07,-2.104457563e-07,
1.208245977e-07,-2.332146423e-07,-8.121863171e-08,-2.167406341e-06,-6.600042564e-06,-1.142564041e-05,-1.086922207e-05,-5.291611923e-06,-1.053246054e-06,
1.589580364e-01
l,8.0,-2.0
3.750,4.950,6.170,
2.408965536e-13,1.056039020e+01
1.842357960e-06,-7.386378623e-07,-1.947097226e-06,9.647842395e-06,2.334340218e-05,2.453766527e-05,1.619506157e-05,6.911320305e-06,1.414810758e-06,
2.950182172e-07,-5.700699497e-07,-2.003656137e-07,-5.317914093e-06,-1.621379112e-05,-2.809393771e-05,-2.674750939e-05,-1.302404949e-05,-2.590721904e-06,
1.589580678e-01
l,8.0,-1.0
3.830,5.030,6.230,
3.557990339e-13,1.081497413e+01
4.541859198e-06,-1.891581387e-06,-4.657288229e-06,2.334839261e-05,5.220439985e-05,4.574035784e-05,2.105580393e-05,5.395314985e-06,6.949999164e-07,
7.486329592e-07,-1.447768585e-06,-5.978843930e-07,-1.424239888e-05,-4.413249385e-05,-7.758300404e-05,-7.517055812e-05,-3.735250017e-05,-7.585180192e-06,
1.589580374e-01
l,8.0,0.0
3.870,5.090,6.310,
4.615210503e-13,1.116435098e+01
1.146201976e-05,-4.611455718e-06,-1.252803343e-05,5.618183896e-05,1.294419086e-04,1.170965484e-04,5.769314370e-05,1.685484429e-05,2.556905501e-06,
1.827409715e-06,-3.537719585e-06,-1.129838005e-06,-3.222780435e-05,-9.791668277e-05,-1.693983219e-04,-1.609588030e-04,-7.814508875e-05,-1.549839044e-05,
1.589579522e-01
l,8.0,1.0
3.930,5.130,6.350,
1.645923058e-12,1.082045793e+01
2.963237057e-05,-1.033793112e-05,-3.286128268e-05,1.525447367e-04,3.881962422e-04,4.161212421e-04,2.667345831e-04,1.055443423e-04,1.989024577e-05,
4.819370998e-06,-9.334759133e-06,-3.429205254e-06,-8.807232421e-05,-2.684667625e-04,-4.643987638e-04,-4.413777391e-04,-2.141472020e-04,-4.235861165e-05,
1.589579527e-01
l,8.0,2.0
3.970,5.170,6.390,
3.189261771e-12,1.094933836e+01
7.794675184e-05,-2.620973967e-05,-8.745674750e-05,4.058997853e-04,1.060667949e-03,1.180585938e-03,7.927722302e-04,3.265970728e-04,6.296609328e-05,
1.270953303e-05,-2.463014445e-05,-8.929796113e-06,-2.316314675e-04,-7.058427931e-04,-1.220756281e-03,-1.159756547e-03,-5.620829287e-04,-1.110142108e-04,
1.589579381e-01
l,8.0,3.0
4.010,5.210,6.410,
4.697968603e-12,1.132013627e+01
2.091849019e-04,-7.677896690e-05,-2.282549166e-04,1.090792903e-03,2.650201762e-03,2.595491904e-03,1.417291629e-03,4.556554428e-04,7.151281027e-05,
3.484828889e-05,-6.755203064e-05,-2.726971712e-05,-6.606924892e-04,-2.043416655e-03,-3.585156243e-03,-3.465005695e-03,-1.713873598e-03,-3.459655753e-04,
1.589889892e-01
l,8.0,4.0
4.030,5.230,6.430,
1.183372379e-11,1.133186347e+01
5.794771714e-04,-2.199767203e-04,-6.506353154e-04,3.029302232e-03,7.393976891e-03,7.345055907e-03,4.206878356e-03,1.489455038e-03,2.636602589e-04,
9.553456122e-05,-1.852481850e-04,-6.111872069e-05,-1.717813041e-03,-5.288241983e-03,-9.272340880e-03,-8.946780877e-03,-4.413027588e-03,-8.891794785e-04,
1.589889633e-01
l,8.0,5.0
4.050,5.230,6.410,
2.404419480e-11,1.154808461e+01
1.665915945e-03,-6.244876734e-04,-1.912842336e-03,8.944896169e-03,2.168484576e-02,2.064511308e-02,1.065787878e-02,3.205609616e-03,4.881866925e-04,
2.831107684e-04,-5.489434469e-04,-1.879119956e-04,-5.181777957e-03,-1.615999245e-02,-2.871418706e-02,-2.813753993e-02,-1.411371835e-02,-2.893874075e-03,
1.590200869e-01
l,8.0,6.0
4.070,5.190,6.330,
5.560704306e-11,1.171364508e+01
5.055611953e-03,-1.446774519e-03,-6.076067578e-03,3.079491649e-02,8.462077180e-02,9.594754302e-02,6.283800714e-02,2.465390625e-02,4.600166857e-03,
9.426420329e-04,-1.827197090e-03,-8.112111366e-04,-1.882082780e-02,-6.059407153e-02,-1.106971769e-01,-1.121080169e-01,-5.821818919e-02,-1.233974353e-02,
1.590200998e-01
l,8.0,7.0
4.070,5.130,6.210,
9.092387627e-11,1.218553326e+01
1.634781063e-02,-3.297648537e-03,-1.973559970e-02,1.312669849e-01,4.162222914e-01,5.760119686e-01,4.680367992e-01,2.197901799e-01,4.582426023e-02,
3.398064511e-03,-6.594177138e-03,-4.746536354e-03,-8.917703484e-02,-3.166338818e-01,-6.227819347e-01,-6.757611706e-01,-3.759466839e-01,-8.494408233e-02,
1.590823728e-01
l,8.0,8.0
4.070,5.050,6.030,
1.183010624e-10,1.289242650e+01
5.852216110e-02,-8.976144747e-03,-8.160842777e-02,5.978767360e-01,2.067888853e+00,3.055379913e+00,2.599151981e+00,1.266823985e+00,2.751859775e-01,
1.386379078e-02,-2.715660185e-02,-2.103827325e-02,-4.011684300e-01,-1.524534414e+00,-3.236032532e+00,-3.826328243e+00,-2.331400774e+00,-5.791111836e-01,
1.591444733e-01
l,9.0,-9.0
3.650,4.830,6.050,
2.828679304e-16,1.059297971e+01
1.599705035e-09,-8.748973293e-10,-1.332062154e-09,1.001653967e-08,2.489883755e-08,3.478809231e-08,3.436648150e-08,1.995526695e-08,4.799918530e-09,
2.436643230e-10,-4.700542714e-10,-1.643401981e-10,-4.402696445e-09,-1.345503722e-08,-2.343190832e-08,-2.243112847e-08,-1.104391415e-08,-2.231973936e-09,
1.589097040e-01
l,9.0,-8.0
3.750,4.950,6.170,
1.490015934e-16,1.147771383e+01
3.576752894e-09,-1.814418083e-09,-3.707950654e-09,1.548227177e-08,2.360148209e-08,-7.599897011e-10,-2.186258523e-08,-1.613702828e-08,-3.826943841e-09,
5.508216017e-10,-1.064363901e-09,-3.400225256e-10,-9.711569953e-09,-2.950021535e-08,-5.111976362e-08,-4.867727076e-08,-2.379006216e-08,-4.769432338e-09,
1.589269477e-01
l,9.0,-7.0
3.850,5.050,6.270,
1.273418514e-15,1.021405650e+01
8.157213571e-09,-3.446379754e-09,-8.297744672e-09,4.535065768e-08,1.126423427e-07,1.313143450e-07,1.018916586e-07,5.013001751e-08,1.111506142e-08,
1.293680633e-09,-2.503149735e-09,-9.253780521e-10,-2.369065446e-08,-7.224652836e-08,-1.251790811e-07,-1.192050733e-07,-5.813038441e-08,-1.159202483e-08,
1.589269335e-01
l,9.0,-6.0
3.970,5.170,6.390,
1.098161198e-16,1.242407331e+01
1.859488918e-08,-8.123451539e-09,-2.092649291e-08,7.540332112e-08,1.178661465e-07,-2.958117793e-08,-1.678240795e-07,-1.268676584e-07,-3.171665953e-08,
2.922719666e-09,-5.663940144e-09,-1.868875922e-09,-5.209487187e-08,-1.582121857e-07,-2.736613092e-07,-2.600123658e-07,-1.264261967e-07,-2.514871480e-08,
1.589579177e-01
l,9.0,-5.0
4.070,5.270,6.490,
6.980480840e-16,1.147566138e+01
4.327214143e-08,-1.768700537e-08,-4.747612179e-08,2.055559007e-07,4.503588337e-07,3.507304697e-07,1.092295576e-07,-1.420022449e-10,-5.075284206e-09,
6.860641111e-09,-1.331178363e-08,-4.461388644e-09,-1.229605685e-07,-3.736249472e-07,-6.461698420e-07,-6.138190239e-07,-2.980507758e-07,-5.913039750e-08,
1.589578901e-01
l,9.0,-4.0
4.130,5.350,6.590,
1.089299344e-15,1.159272107e+01
1.026500982e-07,-3.482484144e-08,-1.220060657e-07,4.622593566e-07,1.101722214e-06,9.274856728e-07,3.252357231e-07,1.179485120e-08,-1.385752701e-08,
1.610047978e-08,-3.127759817e-08,-9.439918503e-09,-2.790906258e-07,-8.344462083e-07,-1.419606858e-06,-1.322297351e-06,-6.264551680e-07,-1.209055434e-07,
1.589578981e-01
l,9.0,-3.0
4.230,5.450,6.670,
1.312938466e-15,1.189298984e+01
2.443686071e-07,-8.925092652e-08,-2.739893318e-07,1.167719305e-06,2.748648267e-06,2.405666814e-06,9.868571338e-07,1.505114869e-07,-4.887940521e-09,
3.927392466e-08,-7.636697394e-08,-2.691088708e-08,-7.150420403e-07,-2.176495298e-06,-3.765085995e-06,-3.577472943e-06,-1.734872391e-06,-3.430449553e-07,
1.589577564e-01
l,9.0,-2.0
4.310,5.530,6.750,
4.044369730e-15,1.157151797e+01
5.937110927e-07,-2.090501392e-07,-6.549658830e-07,3.042003192e-06,7.899001675e-06,8.779443685e-06,5.880362752e-06,2.399979062e-06,4.550388604e-07,
9.578723124e-08,-1.864256250e-07,-6.638735252e-08,-1.750814288e-06,-5.329726709e-06,-9.217812118e-06,-8.756594214e-06,-4.243090697e-06,-8.377475024e-07,
1.589577243e-01
l,9.0,-1.0
4.390,5.610,6.830,
4.342660084e-15,1.201592290e+01
1.460128033e-06,-5.390462131e-07,-1.639324584e-06,6.948993502e-06,1.665593375e-05,1.530944895e-05,7.187971556e-06,1.699040422e-06,1.590669130e-07,
2.335876682e-07,-4.550247289e-07,-1.491624429e-07,-4.188902418e-06,-1.272623135e-05,-2.200690810e-05,-2.089521912e-05,-1.011787252e-05,-1.997218381e-06,
1.589576738e-01
l,9.0,0.0
4.450,5.670,6.890,
1.100657839e-14,1.189925334e+01
3.668820000e-06,-1.264688027e-06,-4.138564244e-06,1.772877670e-05,4.429361490e-05,4.365832953e-05,2.322351408e-05,6.826403904e-06,9.104244320e-07,
5.921959651e-07,-1.154342930e-06,-4.045670488e-07,-1.080905205e-05,-3.289860127e-05,-5.690467455e-05,-5.405510227e-05,-2.617503885e-05,-5.161461456e-06,
1.589575863e-01
l,9.0,1.0
4.490,5.710,6.950,
1.347879623e-14,1.227718913e+01
9.413577573e-06,-2.657837013e-06,-1.131367243e-05,4.385915462e-05,1.192317298e-04,1.289925264e-04,7.810337615e-05,2.707997544e-05,4.297763488e-06,
1.501234222e-06,-2.928176944e-06,-9.380946610e-07,-2.656799102e-05,-7.961972528e-05,-1.355507991e-04,-1.263408471e-04,-5.974648814e-05,-1.147123106e-05,
1.589575722e-01
l,9.0,2.0
4.550,5.770,6.990,
3.497930454e-14,1.219984691e+01
2.436905925e-05,-7.908605144e-06,-2.789369963e-05,1.184368258e-04,3.066630680e-04,3.184432781e-04,1.838153933e-04,6.058482335e-05,9.211720404e-06,
3.956856713e-06,-7.721176893e-06,-2.744391501e-06,-7.254126046e-05,-2.207059847e-04,-3.814258728e-04,-3.620115595e-04,-1.750127123e-04,-3.442654254e-05,
1.589574841e-01
l,9.0,3.0
4.570,5.790,7.030,
9.387270587e-14,1.212492190e+01
6.504075282e-05,-1.695303398e-05,-7.883657911e-05,3.084877702e-04,8.697501489e-04,9.896575843e-04,6.406994131e-04,2.392519009e-04,4.055471393e-05,
1.043095550e-05,-2.036296859e-05,-6.856945885e-06,-1.872808525e-04,-5.618910858e-04,-9.566089986e-04,-8.914919436e-04,-4.212800898e-04,-8.075574361e-05,
1.589885018e-01
l,9.0,4.0
4.610,5.830,7.050,
1.695666703e-13,1.233926530e+01
1.758563012e-04,-5.454532774e-05,-2.060681779e-04,8.577137643e-04,2.267571462e-03,2.399162083e-03,1.414095182e-03,4.762572506e-04,7.375636871e-05,
2.858678793e-05,-5.581869219e-05,-1.923082710e-05,-5.209620752e-04,-1.583508123e-03,-2.735255943e-03,-2.593486276e-03,-1.251382161e-03,-2.455787061e-04,
1.589885028e-01
l,9.0,5.0
4.630,5.830,7.050,
3.466705650e-13,1.249975764e+01
4.929333809e-04,-1.276194894e-04,-5.977974350e-04,2.457837479e-03,6.935708480e-03,7.909437459e-03,5.111798712e-03,1.901341455e-03,3.215684046e-04,
8.148221379e-05,-1.591105925e-04,-5.865349053e-05,-1.510757868e-03,-4.597496850e-03,-7.934525993e-03,-7.515950981e-03,-3.618200389e-03,-7.072516580e-04,
1.590195697e-01
l,9.0,6.0
4.650,5.830,7.030,
8.526374617e-13,1.257772242e+01
1.420911052e-03,-3.717866428e-04,-1.743458874e-03,7.403367300e-03,2.105945828e-02,2.440495858e-02,1.618876077e-02,6.249781420e-03,1.104799320e-03,
2.414767745e-04,-4.715075501e-04,-1.728851024e-04,-4.503873247e-03,-1.386845937e-02,-2.424847769e-02,-2.332128127e-02,-1.141430117e-02,-2.270557127e-03,
1.590196850e-01
l,9.0,7.0
4.650,5.810,6.970,
1.639617297e-12,1.285635720e+01
4.275145009e-03,-1.083294429e-03,-5.326695177e-03,2.407700726e-02,6.921045204e-02,8.080657827e-02,5.347285126e-02,2.042991205e-02,3.570925922e-03,
7.739807498e-04,-1.511108874e-03,-6.040359608e-04,-1.501641614e-02,-4.753371542e-02,-8.547047482e-02,-8.495374735e-02,-4.311058368e-02,-8.903010545e-03,
1.590198491e-01
l,9.0,8.0
4.650,5.750,6.870,
5.215627547e-12,1.285531986e+01
1.370443031e-02,-2.297498762e-03,-1.815796759e-02,9.273735131e-02,3.065063223e-01,4.270748221e-01,3.456190508e-01,1.604090026e-01,3.289631382e-02,
2.686197834e-03,-5.248783425e-03,-2.140383429e-03,-5.337165656e-02,-1.733915154e-01,-3.201740559e-01,-3.280161332e-01,-1.714754823e-01,-3.643511234e-02,
1.590822726e-01
l,9.0,9.0
4.650,5.670,6.690,
1.196457934e-11,1.312624120e+01
4.793838039e-02,-4.264899144e-03,-6.572903280e-02,4.425275782e-01,1.616517965e+00,2.537571787e+00,2.299603243e+00,1.178708868e+00,2.635282434e-01,
1.095442688e-02,-2.154157002e-02,-1.636188742e-02,-3.085963244e-01,-1.139243212e+00,-2.340414057e+00,-2.668221868e+00,-1.560675247e+00,-3.705661138e-01,
1.591133392e-01
