l,1.0,-1.0
0.270,0.650,1.050,
2.147391966e-03,3.153502803e+00
1.330734958e-04,-3.510201395e-04,-7.048210731e-05,2.391113810e-02,1.739400927e-01,9.373031911e-01,3.162384297e+00,5.434384432e+00,3.648367744e+00,
1.907069314e-05,-1.124612957e-04,-2.749114277e-04,-1.527919709e-02,-1.632117640e-01,-9.300252786e-01,-2.841926341e+00,-4.428017211e+00,-2.783867330e+00,
1.587854373e-01
l,1.0,0.0
0.290,0.650,1.050,
1.045185973e-02,3.409701324e+00
7.941221120e-04,-1.329209289e-03,-3.522095319e-03,1.693213790e-01,1.385303289e+00,6.695534656e+00,2.078198998e+01,3.531909763e+01,2.443861308e+01,
1.257930795e-04,-7.423620321e-04,-2.252149911e-03,-1.113836610e-01,-1.194215518e+00,-6.785728175e+00,-2.068487701e+01,-3.206557607e+01,-2.002219985e+01,
1.589269481e-01
l,1.0,1.0
0.350,0.690,1.070,
4.374592549e-02,3.635908594e+00
4.316687118e-03,-6.858076584e-03,-2.322166372e-02,1.021969918e+00,8.697954294e+00,4.219921393e+01,1.328151245e+02,2.339864702e+02,1.701749632e+02,
7.389759131e-04,-4.392360738e-03,-1.315192682e-02,-6.700964782e-01,-7.396340768e+00,-4.365137668e+01,-1.390630070e+02,-2.259977436e+02,-1.482987226e+02,
1.589579669e-01
l,2.0,-2.0
0.550,1.010,1.490,
3.763023879e-06,4.344939489e+00
1.797975983e-06,-1.623743200e-06,-1.695075533e-05,1.244450410e-04,9.793716816e-04,3.123200029e-03,5.890796455e-03,6.496780335e-03,3.199094882e-03,
2.016701858e-07,-1.245825013e-06,-5.511714296e-07,-8.039520211e-05,-6.074702823e-04,-2.681070565e-03,-6.389348036e-03,-7.570951032e-03,-3.596478021e-03,
1.586623864e-01
l,2.0,-1.0
0.590,1.070,1.550,
1.480110462e-05,4.585036394e+00
8.576643268e-06,-9.347520495e-06,-8.272842134e-05,5.405967312e-04,3.929073741e-03,1.076123553e-02,1.632446361e-02,1.401511609e-02,5.447077904e-03,
9.161230788e-07,-5.683202671e-06,1.659496196e-07,-3.207798822e-04,-2.365182486e-03,-1.037803242e-02,-2.440842512e-02,-2.828607826e-02,-1.312778642e-02,
1.586623533e-01
l,2.0,0.0
0.650,1.110,1.590,
4.913915197e-05,4.598457215e+00
4.082547093e-05,-2.581532124e-05,-4.200503601e-04,2.319586414e-03,2.135979596e-02,7.233589077e-02,1.385916335e-01,1.499058658e-01,7.106765081e-02,
4.707173225e-06,-2.927800056e-05,-9.440528154e-06,-1.837378341e-03,-1.381911771e-02,-6.090315992e-02,-1.445979401e-01,-1.688161448e-01,-7.798913543e-02,
1.586924855e-01
l,2.0,1.0
0.690,1.170,1.650,
1.664768423e-04,4.804002895e+00
1.868327963e-04,-1.101391576e-04,-2.011483542e-03,9.507551872e-03,9.197359030e-02,3.056504615e-01,5.556825906e-01,5.564764038e-01,2.411459546e-01,
2.134490640e-05,-1.332598651e-04,-2.045701272e-05,-8.012233528e-03,-5.971878679e-02,-2.623862546e-01,-6.185014871e-01,-7.109502589e-01,-3.210026038e-01,
1.587854842e-01
l,2.0,2.0
0.750,1.230,1.710,
5.336457152e-04,5.046487931e+00
8.384980028e-04,-3.667619499e-04,-9.699004128e-03,3.455054919e-02,3.868555080e-01,1.326093360e+00,2.425916119e+00,2.408636092e+00,1.025403835e+00,
9.662539113e-05,-6.054850287e-04,3.587807493e-05,-3.423361420e-02,-2.522013330e-01,-1.103718150e+00,-2.577855088e+00,-2.893108156e+00,-1.254149530e+00,
1.587856618e-01
l,3.0,-3.0
0.890,1.410,1.930,
5.833976278e-09,5.825478321e+00
2.026651913e-08,-8.139449590e-09,-2.189079728e-07,4.997159184e-07,6.445644326e-06,2.220027616e-05,4.095278198e-05,4.122241762e-05,1.773931904e-05,
1.948013418e-09,-1.233197160e-08,1.146018549e-09,-6.765726962e-07,-4.694804217e-06,-1.937789108e-05,-4.194745553e-05,-4.293107766e-05,-1.665930712e-05,
1.586313412e-01
l,3.0,-2.0
0.950,1.450,1.970,
2.033605862e-08,5.647689004e+00
9.477894025e-08,-3.015248516e-09,-1.022129201e-06,1.372041344e-06,2.718082227e-05,1.046424763e-04,2.111689089e-04,2.297663883e-04,1.056727246e-04,
9.953675641e-09,-6.311683452e-08,-1.789226679e-08,-3.881846398e-06,-2.782162272e-05,-1.168668920e-04,-2.610416235e-04,-2.797460476e-04,-1.146900933e-04,
1.585694928e-01
l,3.0,-1.0
0.990,1.510,2.030,
6.803680383e-08,6.000315569e+00
4.321946108e-07,-2.593074522e-08,-4.721340153e-06,4.885065646e-06,1.112594570e-04,4.131068802e-04,7.841508251e-04,7.946518084e-04,3.404399196e-04,
4.479851414e-08,-2.847421376e-07,-5.005637710e-08,-1.704607118e-05,-1.215054613e-04,-5.099116825e-04,-1.135140163e-03,-1.206734796e-03,-4.883431912e-04,
1.586004302e-01
l,3.0,0.0
1.050,1.570,2.090,
2.220232656e-07,6.046930870e+00
1.927764060e-06,-8.183118622e-09,-2.122582473e-05,1.504400390e-05,4.675820916e-04,1.797241168e-03,3.495143805e-03,3.610427926e-03,1.567844920e-03,
2.014092879e-07,-1.283018902e-06,-1.838497560e-07,-7.635408158e-05,-5.448429977e-04,-2.293058207e-03,-5.121489699e-03,-5.453215730e-03,-2.203763648e-03,
1.586003897e-01
l,3.0,1.0
1.110,1.630,2.150,
7.019636863e-07,6.038819135e+00
8.398988030e-06,1.184967618e-06,-9.152792271e-05,3.487943330e-05,1.923196464e-03,7.712983507e-03,1.532584860e-02,1.598174217e-02,6.944548253e-03,
9.052940002e-07,-5.779011150e-06,-1.977555219e-06,-3.659321922e-04,-2.648749399e-03,-1.123290080e-02,-2.540721396e-02,-2.757911223e-02,-1.142161167e-02,
1.586925184e-01
l,3.0,2.0
1.170,1.690,2.230,
2.051171275e-06,6.303809969e+00
3.567221938e-05,1.218262136e-05,-4.236210223e-04,-7.121213093e-04,2.259221741e-03,1.042006539e-02,1.634729330e-02,1.103020351e-02,2.205488115e-03,
3.575509672e-06,-2.288437278e-05,4.585602303e-06,-1.230823146e-03,-8.518692337e-03,-3.528535214e-02,-7.654092216e-02,-7.709783346e-02,-2.844958494e-02,
1.586924778e-01
l,3.0,3.0
1.230,1.750,2.290,
5.766247056e-06,6.445581797e+00
1.473682933e-04,9.636257544e-05,-1.676842924e-03,-3.913579891e-03,4.074874734e-03,3.050405769e-02,5.044109171e-02,3.221224713e-02,4.400722290e-03,
1.604051876e-05,-1.028565051e-04,-1.719340479e-05,-6.235468529e-03,-4.472046628e-02,-1.892025128e-01,-4.255223107e-01,-4.544003691e-01,-1.824663432e-01,
1.587544311e-01
l,4.0,-4.0
1.250,1.790,2.350,
6.730695822e-12,6.999822738e+00
2.143775019e-10,7.848208110e-11,-2.947705780e-09,-1.305397333e-08,-5.365504298e-08,-1.990289217e-07,-4.587871659e-07,-5.526371790e-07,-2.677781971e-07,
2.027680745e-11,-1.302407741e-10,1.124383642e-10,-4.804031018e-09,-2.757316282e-08,-1.046028110e-07,-2.033846284e-07,-1.601409029e-07,-3.102766727e-08,
1.585385051e-01
l,4.0,-3.0
1.310,1.850,2.410,
2.601408627e-11,6.603206983e+00
9.872404005e-10,2.857164995e-10,-1.352785417e-08,-5.759110794e-08,-2.312814303e-07,-8.686107985e-07,-2.044900772e-06,-2.508453038e-06,-1.231333721e-06,
9.080579788e-11,-5.842203712e-10,5.842571476e-10,-2.038486574e-08,-1.139830372e-07,-4.274205698e-07,-8.081863846e-07,-5.855714369e-07,-7.358833246e-08,
1.585384839e-01
l,4.0,-2.0
1.350,1.890,2.450,
5.510825030e-11,8.227605898e+00
4.414276944e-09,2.889186908e-09,-6.088744791e-08,-3.468340869e-07,-1.653685385e-06,-6.047689444e-06,-1.333903509e-05,-1.548148212e-05,-7.286453898e-06,
4.623808702e-10,-2.977968034e-09,1.329020157e-09,-1.304801729e-07,-8.110127867e-07,-3.225766860e-06,-6.857497279e-06,-6.574451643e-06,-2.170888167e-06,
1.585694928e-01
l,4.0,-1.0
1.410,1.950,2.510,
2.307471984e-10,7.468654250e+00
1.956052920e-08,1.361069320e-08,-2.613339122e-07,-1.471365370e-06,-6.835576341e-06,-2.469331683e-05,-5.450986396e-05,-6.370404625e-05,-3.024394954e-05,
2.068583001e-09,-1.334290986e-08,5.639057143e-09,-5.942441975e-07,-3.737970591e-06,-1.501975169e-05,-3.236783444e-05,-3.174384477e-05,-1.092594022e-05,
1.585694596e-01
l,4.0,0.0
1.510,2.030,2.590,
7.431059979e-10,7.312885043e+00
8.601094947e-08,3.132176238e-08,-1.187375978e-06,-4.680336177e-06,-1.074026635e-05,-1.430952217e-05,1.895239958e-06,3.355152967e-05,2.938264344e-05,
8.126303043e-09,-5.251681625e-08,5.196589306e-08,-1.858820152e-06,-1.052411275e-05,-4.000818022e-05,-7.751084173e-05,-5.880633239e-05,-9.075403578e-06,
1.585385089e-01
l,4.0,1.0
1.530,2.090,2.650,
4.487838822e-10,1.125809637e+01
3.655748912e-07,1.898386694e-07,-5.282787308e-06,-3.034533004e-05,-1.466785490e-04,-5.478606960e-04,-1.246997462e-03,-1.497732398e-03,-7.272547564e-04,
3.632941583e-08,-2.350990609e-07,1.709977415e-07,-9.373817679e-06,-5.618689076e-05,-2.205202826e-04,-4.541787881e-04,-4.023602519e-04,-1.099189879e-04,
1.586313992e-01
l,4.0,2.0
1.610,2.150,2.710,
3.081496144e-09,9.159930544e+00
1.516409043e-06,1.121985289e-06,-2.119403164e-05,-1.366151263e-04,-6.958467765e-04,-2.556445079e-03,-5.596713887e-03,-6.450785587e-03,-3.017424301e-03,
1.622044358e-07,-1.051031360e-06,4.814338482e-07,-4.690080983e-05,-2.977225013e-04,-1.210995935e-03,-2.647283558e-03,-2.639163656e-03,-9.276324618e-04,
1.586004364e-01
l,4.0,3.0
1.710,2.230,2.790,
1.371278697e-08,8.187249417e+00
6.239551112e-06,3.896496463e-06,-8.082166666e-05,-3.248750391e-04,-5.037540148e-04,7.279514170e-04,5.071066044e-03,8.903623551e-03,5.397778313e-03,
6.361308458e-07,-4.128653872e-06,2.756627138e-06,-1.711090731e-04,-1.052889154e-03,-4.219333641e-03,-8.957461406e-03,-8.394070159e-03,-2.601916279e-03,
1.586623719e-01
l,4.0,4.0
1.770,2.290,2.870,
4.326414149e-08,8.017417067e+00
2.460932956e-05,2.257571801e-05,-3.346978245e-04,-1.979091678e-03,-7.235460588e-03,-1.754288345e-02,-2.446578871e-02,-1.586333087e-02,-2.576804488e-03,
2.491737566e-06,-1.619698536e-05,1.213903929e-05,-6.693762336e-04,-4.206620257e-03,-1.725930064e-02,-3.739102194e-02,-3.620052328e-02,-1.207388872e-02,
1.586614978e-01
l,5.0,-5.0
1.710,2.210,2.770,
4.609216760e-16,1.272072258e+01
2.196026997e-12,6.304308636e-13,-2.357516392e-11,4.815804512e-11,1.377495927e-09,7.802605519e-09,2.136681730e-08,2.886684946e-08,1.532429830e-08,
2.043984475e-13,-1.326067867e-12,1.193790223e-12,-4.862548659e-11,-2.763305462e-10,-1.048968849e-09,-2.043563954e-09,-1.597383723e-09,-2.917683322e-10,
1.585075239e-01
l,5.0,-4.0
1.730,2.250,2.830,
1.041622503e-14,9.364012174e+00
9.933518418e-12,6.020809296e-12,-1.127070567e-10,-2.250407047e-10,1.608530045e-09,1.166472639e-08,3.277621299e-08,4.374954191e-08,2.271895293e-08,
9.120836759e-13,-5.924270858e-12,5.389969498e-12,-2.233044563e-10,-1.317173024e-09,-5.182848720e-09,-1.055570498e-08,-9.160425908e-09,-2.447077197e-09,
1.585385051e-01
l,5.0,-3.0
1.810,2.310,2.890,
5.463232954e-15,1.241616427e+01
4.474624837e-11,2.532233356e-11,-4.782603838e-10,2.584337926e-10,2.222735464e-08,1.337539484e-07,3.723458226e-07,5.049365998e-07,2.677620341e-07,
4.067344008e-12,-2.644851954e-11,2.564439862e-11,-9.724280344e-10,-5.659500120e-09,-2.211102195e-08,-4.443182500e-08,-3.728515693e-08,-9.028679300e-09,
1.585384839e-01
l,5.0,-2.0
1.870,2.370,2.950,
2.276114061e-14,1.189720951e+01
1.982441017e-10,1.122377372e-10,-2.394142118e-09,-4.686457165e-09,4.863230797e-08,3.740355784e-07,1.134103440e-06,1.616328779e-06,8.872764728e-07,
1.813012286e-11,-1.180214602e-10,1.135184981e-10,-4.364095933e-09,-2.547198212e-08,-9.970686526e-08,-2.010772681e-07,-1.696994688e-07,-4.154155923e-08,
1.585385282e-01
l,5.0,-1.0
1.890,2.430,3.010,
5.430643988e-13,8.823305681e+00
8.630386961e-10,5.361883861e-10,-1.210742423e-08,-6.730417182e-08,-2.474478015e-07,-6.110089592e-07,-8.607416275e-07,-5.651688019e-07,-1.011821406e-07,
8.078127119e-11,-5.264067973e-10,4.658423098e-10,-2.020762585e-08,-1.204293626e-07,-4.773036085e-07,-9.844702005e-07,-8.723756433e-07,-2.425915608e-07,
1.585384951e-01
l,5.0,0.0
1.970,2.490,3.070,
4.809883181e-13,1.069403994e+01
3.687248062e-09,2.713776885e-09,-5.034926682e-08,-2.914850837e-07,-1.034547578e-06,-2.090515387e-06,-1.401972290e-06,1.552856792e-06,2.033935398e-06,
3.597892214e-10,-2.346883174e-09,1.704980962e-09,-9.672691746e-08,-5.980557269e-07,-2.421089996e-06,-5.179630484e-06,-4.946174919e-06,-1.619498610e-06,
1.585385089e-01
l,5.0,1.0
2.030,2.550,3.130,
1.740695837e-12,1.043524550e+01
1.543629047e-08,1.407920597e-08,-1.918796274e-07,-1.143000697e-06,-4.223857365e-06,-9.503908800e-06,-9.657051902e-06,1.275197736e-07,4.787894987e-06,
1.602465555e-09,-1.046279118e-08,4.530795814e-09,-4.825175748e-07,-3.114849985e-06,-1.286788233e-05,-2.857139980e-05,-2.934941687e-05,-1.096011850e-05,
1.586004770e-01
l,5.0,2.0
2.070,2.610,3.210,
3.078635195e-11,8.053147176e+00
6.321567270e-08,6.844306632e-08,-7.765953700e-07,-5.365138388e-06,-2.447322897e-05,-7.631110858e-05,-1.434985114e-04,-1.437524895e-04,-5.857411375e-05,
6.255448505e-09,-4.089277763e-08,2.885412866e-08,-1.765464069e-06,-1.142205669e-05,-4.788495109e-05,-1.062798252e-04,-1.080156804e-04,-3.975281451e-05,
1.585385012e-01
l,5.0,3.0
2.190,2.690,3.270,
1.425689585e-11,1.048448710e+01
2.593191084e-07,2.599706730e-07,-2.956754494e-06,-1.511152462e-05,-3.425164921e-05,3.327297196e-06,2.154074068e-04,4.455802348e-04,2.902705446e-04,
2.783245966e-08,-1.821039414e-07,6.736086056e-08,-8.642230913e-06,-5.670879846e-05,-2.369024989e-04,-5.349290057e-04,-5.637034057e-04,-2.184265606e-04,
1.585694782e-01
l,5.0,4.0
2.190,2.770,3.350,
7.184388541e-11,9.850801864e+00
1.040230018e-06,9.927944619e-07,-1.235112623e-05,-7.552371665e-05,-3.209428890e-04,-1.006296638e-03,-1.983711455e-03,-2.121703932e-03,-9.325041838e-04,
1.085955818e-07,-7.113190783e-07,3.330388263e-07,-3.294280762e-05,-2.153731951e-04,-9.022882968e-04,-2.033000699e-03,-2.126024920e-03,-8.135616465e-04,
1.586003905e-01
l,5.0,5.0
2.270,2.850,3.430,
8.421808285e-11,1.088910780e+01
4.080155122e-06,3.814686467e-06,-5.117293421e-05,-3.236966242e-04,-1.357555009e-03,-4.006990741e-03,-7.358260424e-03,-7.379168768e-03,-3.073594466e-03,
4.234719865e-07,-2.776761769e-06,1.429802384e-06,-1.265995981e-04,-8.218120607e-04,-3.428625057e-03,-7.675710787e-03,-7.929875748e-03,-2.972117184e-03,
1.586313809e-01
l,6.0,-6.0
2.110,2.610,3.190,
6.147336658e-21,1.798238920e+01
2.171336942e-14,1.251683309e-14,-2.159483802e-13,6.733913014e-13,1.785791070e-11,1.056008968e-10,2.975796227e-10,4.093110210e-10,2.198642371e-10,
2.013444022e-15,-1.315824400e-14,1.095982894e-14,-5.148625239e-13,-3.065598939e-12,-1.210448646e-11,-2.493807616e-11,-2.219087665e-11,-6.266713637e-12,
1.585075498e-01
l,6.0,-5.0
2.150,2.670,3.250,
3.062410761e-18,1.145725278e+01
9.896528313e-14,4.895778444e-14,-1.429118693e-12,-7.644773920e-12,-2.431978545e-11,-3.828362329e-11,6.033598350e-12,9.237401303e-11,7.682853317e-11,
8.959475347e-15,-5.860374616e-14,5.355297095e-14,-2.218788215e-12,-1.296504177e-11,-5.064962110e-11,-1.021898790e-10,-8.667706353e-11,-2.153050471e-11,
1.585385005e-01
l,6.0,-4.0
2.210,2.730,3.310,
1.111835653e-18,1.419001020e+01
4.448788885e-13,2.123725209e-13,-6.457622140e-12,-3.492809572e-11,-1.024476584e-10,-6.320641701e-11,4.951801796e-10,1.237306110e-09,8.612183668e-10,
3.984673779e-14,-2.608589472e-13,2.502304735e-13,-9.744285384e-12,-5.682810458e-11,-2.226172847e-10,-4.492303214e-10,-3.797699326e-10,-9.339190866e-11,
1.585385051e-01
l,6.0,-3.0
2.270,2.790,3.370,
9.923915025e-18,1.290559178e+01
1.971431915e-12,1.004762428e-12,-2.724032274e-11,-1.491198036e-10,-5.060797123e-10,-8.251122099e-10,3.346059801e-10,2.705439993e-09,2.276424474e-09,
1.771577554e-13,-1.160726288e-12,1.095473217e-12,-4.403290520e-11,-2.608203648e-10,-1.035452684e-09,-2.127762883e-09,-1.867488765e-09,-5.090014455e-10,
1.585384839e-01
l,6.0,-2.0
2.310,2.830,3.430,
4.628708367e-17,1.250164642e+01
8.463538897e-12,7.218904951e-12,-1.178526614e-10,-7.706264331e-10,-2.903594106e-09,-5.818102101e-09,-3.462995057e-09,5.049374213e-09,5.966643079e-09,
7.873890651e-13,-5.163009941e-12,4.334563222e-12,-2.083322679e-10,-1.287967494e-09,-5.265266234e-09,-1.128796193e-08,-1.080238855e-08,-3.586234909e-09,
1.585385282e-01
l,6.0,-1.0
2.370,2.890,3.490,
1.992095450e-17,1.474617339e+01
3.634414991e-11,3.453338272e-11,-4.783352613e-10,-3.166335653e-09,-1.127388936e-08,-1.644977009e-08,1.580569827e-08,7.236278190e-08,5.663372597e-08,
3.498534359e-12,-2.295786888e-11,1.612898208e-11,-9.844174330e-10,-6.265584055e-09,-2.598503578e-08,-5.704373819e-08,-5.709188477e-08,-2.052380624e-08,
1.585384951e-01
l,6.0,0.0
2.430,2.950,3.550,
2.760307065e-16,1.300982261e+01
1.534019994e-10,1.694731127e-10,-1.724043200e-09,-1.129118364e-08,-4.247426878e-08,-8.404124831e-08,-3.553147615e-08,1.167961228e-07,1.226077708e-07,
1.554620126e-11,-1.020916214e-10,4.506462386e-11,-4.832910075e-09,-3.183146511e-08,-1.337224536e-07,-3.008316969e-07,-3.156695729e-07,-1.225015270e-07,
1.586004441e-01
l,6.0,1.0
2.470,3.030,3.630,
2.843266425e-14,9.188796363e+00
6.512315132e-10,5.744502392e-10,-7.982035571e-09,-4.487892492e-08,-1.480047556e-07,-3.192037711e-07,-4.112525274e-07,-2.702591120e-07,-6.210559083e-08,
6.051958572e-11,-3.978067296e-10,3.314534864e-10,-1.637056081e-08,-1.028470852e-07,-4.254442844e-07,-9.233416922e-07,-9.012981088e-07,-3.100738790e-07,
1.585695064e-01
l,6.0,2.0
2.510,3.090,3.690,
1.971753223e-14,1.083075154e+01
2.655420106e-09,2.877628695e-09,-3.100457848e-08,-2.078358438e-07,-8.603129130e-07,-2.356865852e-06,-3.884163058e-06,-3.430898122e-06,-1.242610394e-06,
2.686988395e-10,-1.767412103e-09,8.858154261e-10,-8.200426026e-08,-5.367996975e-07,-2.254729091e-06,-5.070730686e-06,-5.300248576e-06,-2.039576927e-06,
1.586003819e-01
l,6.0,3.0
2.630,3.170,3.770,
2.786297738e-15,1.394759616e+01
1.086938006e-08,1.079804548e-08,-1.163988872e-07,-5.421691234e-07,-6.720266054e-07,3.612356185e-06,1.698799879e-05,2.717191909e-05,1.537205822e-05,
1.044937038e-09,-6.879259400e-09,5.013589177e-09,-2.994562395e-07,-1.945909614e-06,-8.205110612e-06,-1.828135988e-05,-1.866430113e-05,-6.916814440e-06,
1.585385137e-01
l,6.0,4.0
2.690,3.230,3.850,
1.628633893e-15,1.550118744e+01
4.261643127e-08,5.292852803e-08,-3.856300485e-07,-1.411270655e-06,3.610818002e-06,4.288758791e-05,1.355630026e-04,1.894928475e-04,9.982805244e-05,
4.064181579e-09,-2.677861510e-08,2.061271594e-08,-1.177264815e-06,-7.783698285e-06,-3.328867813e-05,-7.486395801e-05,-7.754127055e-05,-2.951831206e-05,
1.585694743e-01
l,6.0,5.0
2.790,3.330,3.930,
3.255431630e-14,1.348404439e+01
1.719034941e-07,1.527697393e-07,-2.024533450e-06,-1.044922573e-05,-2.376176598e-05,2.499235242e-06,1.403683200e-04,2.737214735e-04,1.671474340e-04,
1.580039328e-08,-1.041912573e-07,9.274291881e-08,-4.282774354e-06,-2.719077268e-05,-1.137042221e-04,-2.484140037e-04,-2.439109507e-04,-8.457506669e-05,
1.586004587e-01
l,6.0,6.0
2.850,3.390,4.010,
5.162963513e-14,1.398826805e+01
6.476636827e-07,7.945664879e-07,-6.340175503e-06,-3.202455923e-05,-4.234480707e-05,2.001983783e-04,9.488624841e-04,1.501651662e-03,8.407079022e-04,
6.139002527e-08,-4.051309545e-07,3.191218437e-07,-1.785685462e-05,-1.186173177e-04,-5.094261803e-04,-1.147883123e-03,-1.190028299e-03,-4.531671527e-04,
1.586004407e-01
l,7.0,-7.0
2.510,3.030,3.610,
3.280753496e-24,1.774908080e+01
2.132544014e-16,1.167455489e-16,-2.904648699e-15,-1.614456155e-14,-4.701521696e-14,-4.858240216e-15,3.629814737e-13,8.365108314e-13,5.761275831e-13,
1.949362171e-17,-1.281055255e-16,1.020456113e-16,-5.189061012e-15,-3.157927836e-14,-1.271042337e-13,-2.683030425e-13,-2.501977615e-13,-7.860206046e-14,
1.585385012e-01
l,7.0,-6.0
2.550,3.070,3.670,
2.313911388e-23,1.697035332e+01
9.536082209e-16,7.134292492e-16,-1.428642622e-14,-9.307582992e-14,-3.063172486e-13,-2.759551581e-13,1.109008499e-12,3.008333599e-12,2.110657567e-12,
8.653988891e-17,-5.691029621e-16,5.049400901e-16,-2.237591341e-14,-1.353182600e-13,-5.462966807e-13,-1.151471964e-12,-1.067128326e-12,-3.323283417e-13,
1.585385265e-01
l,7.0,-5.0
2.610,3.130,3.730,
2.097818609e-24,2.057766152e+01
4.283783157e-15,3.199782134e-15,-6.246007507e-14,-4.062245032e-13,-1.260253556e-12,-1.865192758e-13,9.295864044e-12,2.116953061e-11,1.437399887e-11,
3.840825519e-16,-2.527484220e-15,2.288154576e-15,-9.985704000e-14,-6.097395097e-13,-2.481993580e-12,-5.266284461e-12,-4.937237691e-12,-1.577415081e-12,
1.585385005e-01
l,7.0,-4.0
2.590,3.190,3.790,
0.000000000e+00,0.000000000e+00
1.899445973e-14,1.507501339e-14,-2.750195430e-13,-2.397155917e-12,-1.470294905e-11,-5.614189147e-11,-1.214225007e-10,-1.363429261e-10,-6.178164116e-11,
1.704199831e-15,-1.122184869e-14,9.736167045e-15,-4.571038294e-13,-2.852112385e-12,-1.175261244e-11,-2.529035101e-11,-2.437385420e-11,-8.233845400e-12,
1.585385051e-01
l,7.0,-3.0
2.710,3.250,3.850,
6.234326877e-23,1.935879121e+01
8.313210959e-14,7.122351017e-14,-7.912626410e-13,-1.388248902e-12,1.999765061e-11,1.460530464e-10,4.287313282e-10,5.877852842e-10,3.081467142e-10,
7.559751648e-15,-4.981068742e-14,3.953493002e-14,-2.109894687e-12,-1.344822052e-11,-5.603733605e-11,-1.224963685e-10,-1.215840498e-10,-4.329813768e-11,
1.585384839e-01
l,7.0,-2.0
2.770,3.310,3.910,
9.332334664e-25,2.444398424e+01
3.589938134e-13,3.306243039e-13,-2.535892347e-12,1.323023848e-11,2.637416135e-10,1.437592775e-09,3.777911827e-09,4.855523088e-09,2.437742067e-09,
3.352652521e-14,-2.210376153e-13,1.563928366e-13,-9.665205859e-12,-6.229870303e-11,-2.607599748e-10,-5.763444691e-10,-5.838098715e-10,-2.147477350e-10,
1.585385282e-01
l,7.0,-1.0
2.830,3.370,3.970,
1.051595441e-21,1.863530422e+01
1.528352965e-12,1.514098809e-12,-1.211287543e-11,1.603344414e-11,7.258122493e-10,4.151525977e-09,1.094577995e-08,1.398813263e-08,6.973595216e-09,
1.486219268e-13,-9.804265728e-13,5.966761616e-13,-4.420376997e-11,-2.878647271e-10,-1.210441445e-09,-2.710261627e-09,-2.806243277e-09,-1.065415305e-09,
1.585075184e-01
l,7.0,0.0
2.870,3.430,4.050,
5.638832918e-23,2.240827062e+01
6.409357853e-12,6.663857221e-12,-6.594178473e-11,-1.967532335e-10,1.218533330e-09,1.075526326e-08,3.225014449e-08,4.358505717e-08,2.223953284e-08,
5.775575061e-13,-3.812895127e-12,3.362132356e-12,-1.589963494e-10,-1.018468029e-09,-4.284094952e-09,-9.398424488e-09,-9.348316316e-09,-3.347281208e-09,
1.585694735e-01
l,7.0,1.0
2.950,3.510,4.110,
6.569088673e-18,1.251558466e+01
2.707882009e-11,2.539901004e-11,-3.002670636e-10,-1.779434070e-09,-6.394573659e-09,-1.395860193e-08,-1.438075920e-08,-1.936358089e-09,4.549242186e-09,
2.558956218e-12,-1.690283469e-11,1.173758142e-11,-7.474626641e-10,-4.858953074e-09,-2.048254571e-08,-4.569374410e-08,-4.687790175e-08,-1.754541752e-08,
1.585385418e-01
l,7.0,2.0
3.030,3.570,4.170,
2.134492360e-21,2.071138769e+01
1.100707997e-10,1.278665755e-10,-7.357405020e-10,9.267159049e-10,4.486442084e-08,2.621922606e-07,7.066731947e-07,9.211175916e-07,4.667517496e-07,
1.133985082e-11,-7.494353001e-11,2.591778274e-11,-3.721646417e-09,-2.502253239e-08,-1.065204575e-07,-2.441169769e-07,-2.635629588e-07,-1.064592220e-07,
1.585694658e-01
l,7.0,3.0
3.090,3.630,4.250,
3.279132040e-21,2.117047505e+01
4.392100017e-10,5.867336678e-10,-2.458135716e-09,8.494018537e-09,2.204458517e-07,1.227928632e-06,3.229728083e-06,4.137371087e-06,2.069418160e-06,
4.400015749e-11,-2.909896677e-10,1.526683651e-10,-1.396673483e-08,-9.474420863e-08,-4.086875736e-07,-9.380898552e-07,-1.008339544e-06,-4.048797724e-07,
1.585385137e-01
l,7.0,4.0
3.190,3.730,4.330,
1.873968750e-19,1.841314352e+01
1.813731054e-09,1.700453216e-09,-1.731363242e-08,-4.319602549e-08,3.198006232e-07,2.585747305e-06,7.635459388e-06,1.038815960e-05,5.395462352e-06,
1.706993951e-10,-1.129641671e-09,8.691564567e-10,-4.876679312e-08,-3.148231896e-07,-1.326366848e-06,-2.952876111e-06,-3.007929450e-06,-1.110483819e-06,
1.585385097e-01
l,7.0,5.0
3.250,3.790,4.410,
1.813673233e-18,1.732120288e+01
7.004636871e-09,8.338028903e-09,-5.931550593e-08,-1.706788486e-07,1.026791436e-06,8.724722868e-06,2.581830858e-05,3.497937247e-05,1.808209640e-05,
6.621346629e-10,-4.384599201e-09,3.196751139e-09,-1.978661899e-07,-1.321248947e-06,-5.684703186e-06,-1.286984807e-05,-1.346793449e-05,-5.202998281e-06,
1.585694881e-01
l,7.0,6.0
3.250,3.870,4.490,
1.699912898e-16,1.446366566e+01
2.723881032e-08,3.226583741e-08,-3.155594618e-07,-2.667958545e-06,-1.430301041e-05,-4.863533063e-05,-9.576096698e-05,-9.888722261e-05,-4.135009331e-05,
2.567041107e-09,-1.700909847e-08,1.290797836e-08,-7.598811240e-07,-5.051555780e-06,-2.169832927e-05,-4.904357656e-05,-5.116491255e-05,-1.967120562e-05,
1.585694701e-01
l,7.0,7.0
3.410,3.950,4.570,
1.579679243e-16,1.522952075e+01
1.038253998e-07,1.269201240e-07,-9.446739977e-07,-4.554982824e-06,-4.016835185e-06,3.960281194e-05,1.619657554e-04,2.450474159e-04,1.339525694e-04,
9.949015854e-09,-6.596051964e-08,4.719801835e-08,-2.998713815e-06,-2.009249880e-05,-8.660069624e-05,-1.968003296e-04,-2.070702599e-04,-8.054360469e-05,
1.585694748e-01
l,8.0,-8.0
2.910,3.430,4.030,
2.324939414e-29,2.200509344e+01
2.030310057e-18,1.730875891e-18,-2.507513456e-17,-1.605164728e-16,-5.150999579e-16,-1.265850661e-16,3.886991643e-15,9.252022663e-15,6.467306655e-15,
1.861404215e-19,-1.228626002e-18,8.702739722e-19,-5.360126925e-17,-3.435430488e-16,-1.432516082e-15,-3.148636372e-15,-3.164416638e-15,-1.151101497e-15,
1.585385076e-01
l,8.0,-7.0
2.950,3.490,4.090,
0.000000000e+00,0.000000000e+00
9.208316854e-18,7.780476246e-18,-6.359439263e-17,3.489993886e-16,6.799157799e-15,3.773067469e-14,1.013680007e-13,1.328747665e-13,6.778137241e-14,
8.249440345e-19,-5.448073297e-18,4.182775117e-18,-2.353096460e-16,-1.511390286e-15,-6.319468661e-15,-1.385874073e-14,-1.386638516e-14,-5.020224079e-15,
1.585385012e-01
l,8.0,-6.0
3.010,3.550,4.150,
0.000000000e+00,0.000000000e+00
4.132700881e-17,3.313075548e-17,-1.750373064e-16,4.616368138e-15,5.941849164e-14,3.011710506e-13,7.690147627e-13,9.728546670e-13,4.834712482e-13,
3.655231548e-18,-2.415270323e-17,2.015703521e-17,-1.014965690e-15,-6.444318752e-15,-2.683457600e-14,-5.839932692e-14,-5.752143808e-14,-2.026266798e-14,
1.585385265e-01
l,8.0,-5.0
2.990,3.590,4.210,
7.122360743e-24,1.384514429e+01
1.797832063e-16,1.944614791e-16,-2.118208916e-15,-1.788796865e-14,-9.850988822e-14,-3.330892655e-13,-6.328802216e-13,-6.197959182e-13,-2.437291037e-13,
1.619251734e-17,-1.070510363e-16,8.353916300e-17,-4.699310392e-15,-3.079659454e-14,-1.306874648e-13,-2.901549757e-13,-2.958353584e-13,-1.105742934e-13,
1.585385005e-01
l,8.0,-4.0
3.110,3.650,4.270,
0.000000000e+00,0.000000000e+00
7.884105911e-16,8.923791287e-16,-3.958856085e-15,4.486230169e-14,7.190797862e-13,3.882309122e-12,1.028276209e-11,1.334043911e-11,6.751757387e-12,
7.171759412e-17,-4.743745881e-16,3.578228713e-16,-2.108078671e-14,-1.392295053e-13,-5.940516141e-13,-1.328842371e-12,-1.370456119e-12,-5.208722664e-13,
1.585385051e-01
l,8.0,-3.0
3.210,3.730,4.330,
2.094613727e-24,1.690948389e+01
3.497079920e-15,2.597911160e-15,-5.047669060e-14,-3.448299037e-13,-1.313617849e-12,-2.399035850e-12,-3.998348245e-13,4.322597403e-12,3.921550267e-12,
3.175785964e-16,-2.101647848e-15,1.792353243e-15,-8.547546464e-14,-5.280122593e-13,-2.169300784e-12,-4.682201964e-12,-4.520874352e-12,-1.520979124e-12,
1.585384839e-01
l,8.0,-2.0
3.270,3.790,4.390,
2.623397621e-27,2.343664452e+01
1.498304044e-14,1.268322086e-14,-2.003399597e-13,-1.323155016e-12,-3.953428517e-12,7.741408111e-13,3.490299677e-11,7.579268754e-11,5.057775550e-11,
1.406026545e-15,-9.309135206e-15,6.534280647e-15,-4.050711350e-13,-2.585333112e-12,-1.078153992e-11,-2.383154318e-11,-2.409210709e-11,-8.794264741e-12,
1.585385282e-01
l,8.0,-1.0
3.270,3.830,4.450,
0.000000000e+00,0.000000000e+00
6.177996076e-14,7.816831156e-14,-4.234045152e-13,1.013821024e-12,3.716641997e-11,2.235492833e-10,6.105460480e-10,7.942873819e-10,3.976977021e-10,
6.221352236e-15,-4.120994403e-14,2.090583371e-14,-1.959707768e-12,-1.310356132e-11,-5.598059905e-11,-1.278804770e-10,-1.367863094e-10,-5.454181926e-11,
1.584765660e-01
l,8.0,0.0
3.370,3.910,4.530,
4.066530629e-25,2.103293052e+01
2.641533097e-13,2.963988513e-13,-2.223549380e-12,-6.966662016e-12,3.172056467e-11,3.130072220e-10,9.925227859e-10,1.411574332e-09,7.556631913e-10,
2.412986752e-14,-1.599308664e-13,1.192712981e-13,-7.164942140e-12,-4.744614261e-11,-2.028742351e-10,-4.552575721e-10,-4.713602749e-10,-1.799264551e-10,
1.585694735e-01
l,8.0,1.0
3.430,3.970,4.590,
0.000000000e+00,0.000000000e+00
1.085507986e-12,1.412808568e-12,-3.714829722e-12,7.283689407e-11,1.025390188e-09,5.312578763e-09,1.369929991e-08,1.743015548e-08,8.694709851e-09,
1.067456647e-13,-7.078099081e-13,3.725230232e-13,-3.402723225e-11,-2.301834105e-10,-9.915080513e-10,-2.272674413e-09,-2.440596547e-09,-9.799168964e-10,
1.585385418e-01
l,8.0,2.0
3.530,4.070,4.670,
3.388673401e-24,2.089726542e+01
4.613557800e-12,3.756671284e-12,-4.411902862e-11,-9.742221525e-11,8.862784555e-10,6.925888970e-09,2.051822495e-08,2.811961595e-08,1.470126578e-08,
4.136356293e-13,-2.744281808e-12,2.286140675e-12,-1.166294979e-10,-7.469648963e-10,-3.137228165e-09,-6.906308259e-09,-6.903182374e-09,-2.478545631e-09,
1.585694658e-01
l,8.0,3.0
3.590,4.130,4.730,
0.000000000e+00,0.000000000e+00
1.848919975e-11,1.945468140e-11,-1.104090550e-10,6.252263800e-10,1.204502334e-08,6.481688354e-08,1.687631950e-07,2.154151778e-07,1.075956285e-07,
1.828765859e-12,-1.213798625e-11,6.095610864e-12,-5.793390528e-10,-3.873850757e-09,-1.657934227e-08,-3.800767135e-08,-4.080472435e-08,-1.631907705e-08,
1.585075370e-01
l,8.0,4.0
3.610,4.190,4.810,
2.774676653e-21,1.733308191e+01
7.273336794e-11,8.950699166e-11,-5.612104924e-10,-1.618729429e-09,8.302194271e-09,6.671213419e-08,1.814213862e-07,2.247294542e-07,1.061674234e-07,
7.082811619e-12,-4.703533548e-11,2.891693431e-11,-2.200938783e-09,-1.479167135e-08,-6.360115199e-08,-1.449973379e-07,-1.539477872e-07,-6.072088603e-08,
1.585385097e-01
l,8.0,5.0
3.690,4.250,4.890,
0.000000000e+00,0.000000000e+00
2.812179933e-10,4.157415939e-10,-1.587365629e-09,2.922398524e-10,9.566355484e-08,5.945894084e-07,1.620992257e-06,2.095276999e-06,1.042220210e-06,
2.741879144e-11,-1.821751938e-10,1.142315438e-10,-8.688308292e-09,-5.944735805e-08,-2.588046944e-07,-5.946858174e-07,-6.382893812e-07,-2.560890724e-07,
1.585385236e-01
l,8.0,6.0
3.770,4.350,4.970,
3.711242447e-20,1.688151715e+01
1.131254979e-09,1.300847491e-09,-1.028238737e-08,-4.316927019e-08,2.216804697e-08,7.156252855e-07,2.344028957e-06,3.197952814e-06,1.616121549e-06,
1.061351896e-10,-7.055299297e-10,5.239220940e-10,-3.168285842e-08,-2.100017530e-07,-9.004423736e-07,-2.035155469e-06,-2.124649861e-06,-8.175870441e-07,
1.585694701e-01
l,8.0,7.0
3.850,4.410,5.050,
1.976936143e-24,2.488273260e+01
4.229673944e-09,6.195255216e-09,-2.753670829e-08,-8.028541982e-08,6.817389205e-07,5.626410413e-06,1.676718661e-05,2.272983520e-05,1.166024343e-05,
4.106499951e-10,-2.731090291e-09,1.715187064e-09,-1.311704882e-07,-9.020006373e-07,-3.935051282e-06,-9.041289256e-06,-9.697892613e-06,-3.887182085e-06,
1.585694748e-01
l,8.0,8.0
3.950,4.510,5.130,
8.454578641e-21,1.939905406e+01
1.646530912e-08,2.011226236e-08,-1.389022012e-07,-5.877515769e-07,3.387312781e-07,1.018166964e-05,3.380344828e-05,4.688126100e-05,2.407857355e-05,
1.588151287e-09,-1.056714611e-08,7.058076249e-09,-4.894525318e-07,-3.291368827e-06,-1.423073827e-05,-3.260350142e-05,-3.475875813e-05,-1.376759077e-05,
1.585385394e-01
l,9.0,-9.0
3.350,3.870,4.450,
0.000000000e+00,0.000000000e+00
1.974610985e-20,7.881893771e-21,-3.120472467e-19,-1.843380898e-18,-3.801226058e-18,1.563232917e-17,9.942003209e-17,1.852568153e-16,1.168625598e-16,
1.758118491e-21,-1.164569403e-20,1.001823459e-20,-4.633357676e-19,-2.770619739e-18,-1.104683548e-17,-2.296155666e-17,-2.065879246e-17,-5.941984980e-18,
1.585385571e-01
l,9.0,-8.0
3.350,3.890,4.510,
0.000000000e+00,0.000000000e+00
8.616531707e-20,9.935761691e-20,-5.216225376e-20,1.306894947e-17,1.536517191e-16,7.755420147e-16,1.994801890e-15,2.544905746e-15,1.273990445e-15,
7.780879951e-21,-5.156344408e-20,3.720614520e-20,-2.333589325e-18,-1.552172248e-17,-6.649976255e-17,-1.495162753e-16,-1.556326838e-16,-6.004348022e-17,
1.585385076e-01
l,9.0,-7.0
3.450,3.970,4.570,
9.884881330e-32,2.220504061e+01
3.952517896e-19,2.367133551e-19,-6.429073730e-18,-4.495762816e-17,-1.610490361e-16,-1.870332270e-16,4.367422698e-16,1.361403194e-15,9.833863658e-16,
3.442975284e-20,-2.282642213e-19,2.297193463e-19,-8.634169876e-18,-5.109986503e-17,-2.054827692e-16,-4.283374060e-16,-3.848367913e-16,-1.112201201e-16,
1.585385012e-01
l,9.0,-6.0
3.510,4.030,4.630,
0.000000000e+00,0.000000000e+00
1.756153037e-18,1.116711442e-18,-2.658764809e-17,-1.737514139e-16,-4.438721572e-16,9.020732944e-16,7.638499721e-15,1.497398543e-14,9.652794923e-15,
1.523523403e-19,-1.010505733e-18,9.529070752e-19,-3.995272363e-17,-2.434120262e-16,-9.947723964e-16,-2.114411162e-15,-1.981642634e-15,-6.314529448e-16,
1.585694910e-01
l,9.0,-5.0
3.510,4.070,4.690,
0.000000000e+00,0.000000000e+00
7.567824966e-18,7.073945448e-18,-7.159172593e-17,1.334805460e-16,5.979911326e-15,3.731901285e-14,1.040731779e-13,1.372122897e-13,6.933111844e-14,
6.737854768e-19,-4.470871440e-18,3.924729346e-18,-1.858980434e-16,-1.176201330e-15,-4.914320094e-15,-1.073387957e-14,-1.060535291e-14,-3.751101207e-15,
1.585385005e-01
l,9.0,-4.0
3.610,4.150,4.750,
0.000000000e+00,0.000000000e+00
3.359154990e-17,2.714198961e-17,-2.560014508e-16,4.702389505e-16,1.650490167e-14,9.696402245e-14,2.663644700e-13,3.534891475e-13,1.816977280e-13,
2.979943125e-18,-1.978129655e-17,1.546657506e-17,-8.626878092e-16,-5.587683181e-15,-2.357300656e-14,-5.217684087e-14,-5.284262581e-14,-1.946466332e-14,
1.585385051e-01
l,9.0,-3.0
3.670,4.210,4.810,
0.000000000e+00,0.000000000e+00
1.446476046e-16,1.256610582e-16,-5.086468803e-16,1.620073951e-14,2.051320215e-13,1.037916752e-12,2.650263142e-12,3.353630094e-12,1.666944801e-12,
1.317725451e-17,-8.750713979e-17,6.165495803e-17,-3.907458024e-15,-2.544497012e-14,-1.074686283e-13,-2.396744512e-13,-2.461738880e-13,-9.260302504e-14,
1.585384839e-01
l,9.0,-2.0
3.650,4.250,4.870,
0.000000000e+00,0.000000000e+00
6.020500019e-16,7.465804823e-16,-6.302195677e-15,-6.504254345e-14,-4.348721167e-13,-1.728275892e-12,-3.810581598e-12,-4.325010412e-12,-1.974261540e-12,
5.824915453e-17,-3.869685405e-16,2.039542599e-16,-1.872789194e-14,-1.270461723e-13,-5.474945273e-13,-1.253212796e-12,-1.343981968e-12,-5.390666051e-13,
1.585075515e-01
l,9.0,-1.0
3.770,4.310,4.930,
0.000000000e+00,0.000000000e+00
2.527549067e-15,3.545750691e-15,-3.752674207e-15,2.053653943e-13,2.541742753e-12,1.287197653e-11,3.308521152e-11,4.218156913e-11,2.110627866e-11,
2.574473217e-16,-1.710951706e-15,6.439325611e-16,-8.661531585e-14,-5.955950769e-13,-2.581585500e-12,-5.995113568e-12,-6.581863926e-12,-2.722609450e-12,
1.584766203e-01
l,9.0,0.0
3.830,4.390,5.010,
0.000000000e+00,0.000000000e+00
1.077988000e-14,1.121877313e-14,-1.151451680e-13,-4.218746756e-13,2.142473601e-12,2.278972968e-11,7.436441431e-11,1.063844907e-10,5.660737186e-11,
9.966121394e-16,-6.626545069e-15,4.894742622e-15,-2.946769077e-13,-1.927218527e-12,-8.184603756e-12,-1.832367509e-11,-1.889010158e-11,-7.141616692e-12,
1.585385089e-01
l,9.0,1.0
3.930,4.470,5.070,
0.000000000e+00,0.000000000e+00
4.524745989e-14,4.632111369e-14,-2.201366130e-13,2.472137003e-12,3.788765607e-11,1.991023058e-10,5.173257701e-10,6.618097794e-10,3.314513853e-10,
4.402429067e-15,-2.928246344e-14,1.530866395e-14,-1.398764841e-12,-9.375413211e-12,-4.016803686e-11,-9.198416411e-11,-9.862521297e-11,-3.941635166e-11,
1.584766127e-01
l,9.0,2.0
3.990,4.530,5.150,
0.000000000e+00,0.000000000e+00
1.833996008e-13,2.088885822e-13,-7.730191056e-13,1.316363967e-11,1.897904942e-10,9.863007062e-10,2.538534198e-09,3.219581201e-09,1.600992958e-09,
1.703491621e-14,-1.133588027e-13,8.082810196e-14,-5.158448991e-12,-3.439555031e-11,-1.480084165e-10,-3.357966353e-10,-3.530388694e-10,-1.374399921e-10,
1.585385012e-01
l,9.0,3.0
4.030,4.590,5.210,
0.000000000e+00,0.000000000e+00
7.328678137e-13,9.880071377e-13,-3.302355631e-12,2.259682800e-11,4.131719877e-10,2.129106147e-09,5.259365262e-09,6.340996710e-09,2.987515336e-09,
7.522575413e-14,-5.007577906e-13,2.190467871e-13,-2.456369278e-11,-1.659725650e-10,-7.146517455e-10,-1.655280178e-09,-1.807370077e-09,-7.404264379e-10,
1.584766390e-01
l,9.0,4.0
4.090,4.650,5.290,
0.000000000e+00,0.000000000e+00
2.879063958e-12,4.370046205e-12,-1.175849419e-11,8.213092164e-11,1.740953865e-09,9.911373347e-09,2.659374908e-08,3.434739861e-08,1.714265795e-08,
2.909596833e-13,-1.937685601e-12,8.945357914e-13,-9.734859174e-11,-6.736906540e-10,-2.936372633e-09,-6.797690430e-09,-7.401637137e-09,-3.026754140e-09,
1.585385097e-01
l,9.0,5.0
4.190,4.750,5.370,
0.000000000e+00,0.000000000e+00
1.183088957e-11,1.375244096e-11,-9.232587390e-11,-1.263517873e-10,3.358846756e-09,2.246983152e-08,6.184717521e-08,7.966186789e-08,3.933433458e-08,
1.124683345e-12,-7.493149072e-12,5.078608028e-12,-3.430320995e-10,-2.276965843e-09,-9.770038928e-09,-2.223763521e-08,-2.351166184e-08,-9.212523587e-09,
1.585385236e-01
l,9.0,6.0
4.250,4.810,5.450,
0.000000000e+00,0.000000000e+00
4.521991115e-11,6.355560103e-11,-3.189797281e-10,-8.939789451e-10,9.759412445e-09,8.116087462e-08,2.478208688e-07,3.427071044e-07,1.785436154e-07,
4.347264284e-12,-2.897532392e-11,1.829885840e-11,-1.387531809e-09,-9.492765583e-09,-4.128286564e-08,-9.459213467e-08,-1.011176118e-07,-4.035419749e-08,
1.585694701e-01
l,9.0,7.0
4.350,4.910,5.530,
0.000000000e+00,0.000000000e+00
1.802284988e-10,2.007487062e-10,-1.593712569e-09,-5.201609762e-09,2.437852023e-08,2.330044325e-07,7.085173539e-07,9.627321590e-07,4.925318804e-07,
1.679662791e-11,-1.119972302e-10,7.970334267e-11,-5.119212824e-09,-3.413245762e-08,-1.470263886e-07,-3.342396515e-07,-3.520244048e-07,-1.371617696e-07,
1.585694748e-01
l,9.0,8.0
4.410,4.970,5.610,
0.000000000e+00,0.000000000e+00
6.688072873e-10,9.661132347e-10,-4.768890651e-09,-2.182376304e-08,4.225449929e-08,6.781055953e-07,2.330399450e-06,3.399289953e-06,1.827976948e-06,
6.487149304e-11,-4.327200313e-10,2.798320766e-10,-2.062364961e-08,-1.411185160e-07,-6.152189056e-07,-1.416017615e-06,-1.521921164e-06,-6.111971289e-07,
1.585385394e-01
l,9.0,9.0
4.510,5.070,5.690,
0.000000000e+00,0.000000000e+00
2.584146008e-09,3.113350353e-09,-2.162686257e-08,-8.737527733e-08,1.669399219e-07,2.450605691e-06,8.045275338e-06,1.134789500e-05,5.945296702e-06,
2.505428446e-10,-1.671853627e-09,1.015386390e-09,-7.940828338e-08,-5.376037425e-07,-2.328283237e-06,-5.352447624e-06,-5.743484262e-06,-2.295735320e-06,
1.585385059e-01
