l,1.0,-1.0
0.150,0.630,1.130,
1.906860581e-02,2.714469001e+00
3.817607067e-04,-1.104486618e-03,1.653854048e-03,2.374374554e-02,1.228498964e-01,5.032308429e-01,8.301250931e-01,3.406815146e-01,-1.448653024e-01,
5.384453583e-05,-2.443449338e-04,-4.105144309e-04,-1.747035184e-02,-1.386257252e-01,-6.079538632e-01,-1.459766894e+00,-1.816467533e+00,-9.195947385e-01,
1.582599299e-01
l,1.0,0.0
0.190,0.410,0.670,
4.732598084e-01,3.541633115e+00
6.140877958e-03,5.909094382e-04,3.554624998e-01,1.907762521e+01,3.477775831e+02,3.337048594e+03,1.723457133e+04,4.519254670e+04,4.729869130e+04,
2.897573351e-03,-1.181074412e-02,-2.912636618e-01,-1.483502022e+01,-2.874743312e+02,-2.698558373e+03,-1.314327229e+04,-3.206433581e+04,-3.106066635e+04,
1.591434573e-01
l,1.0,1.0
0.290,0.390,0.550,
7.145624162e+03,8.094559868e+00
2.315976024e-01,-3.309041183e+00,1.294128168e+02,1.012892861e+04,4.320606144e+05,8.589603374e+06,8.249498651e+07,3.798404859e+08,6.769304753e+08,
5.097154386e-02,-3.446371024e-01,-5.676465923e+00,-4.227478604e+02,-1.059285213e+04,-1.444850005e+05,-1.079622415e+06,-4.204805514e+06,-6.619661328e+06,
1.590821782e-01
l,2.0,-2.0
0.330,0.830,1.350,
4.322305964e-04,4.021310896e+00
2.157639938e-05,-5.772983286e-05,3.730974456e-05,1.501921798e-03,8.333561720e-03,4.451680102e-02,1.278645995e-01,1.698670054e-01,8.511532386e-02,
2.688169800e-06,-1.258230614e-05,-1.495677029e-05,-7.926385062e-04,-6.047838668e-03,-2.570799681e-02,-5.948730787e-02,-7.110305903e-02,-3.464015466e-02,
1.582908445e-01
l,2.0,-1.0
0.390,0.850,1.330,
1.572080541e-03,4.277359594e+00
1.362215990e-04,-2.855808083e-04,-7.110590523e-05,1.242677887e-02,6.552992165e-02,2.937505868e-01,8.823762304e-01,1.333440629e+00,7.744645459e-01,
2.149712990e-05,-1.003908763e-04,-1.717813593e-04,-7.481570548e-03,-6.077529991e-02,-2.741415243e-01,-6.803625923e-01,-8.747628642e-01,-4.593925920e-01,
1.587855171e-01
l,2.0,0.0
0.430,0.930,1.450,
7.761433500e-03,4.519289535e+00
7.362507167e-04,-1.968631949e-03,6.461650769e-04,5.006016158e-02,2.432328745e-01,1.340198647e+00,4.248066670e+00,6.158005040e+00,3.317536900e+00,
8.848834403e-05,-4.188799356e-04,-4.219044047e-04,-2.537044554e-02,-1.925449886e-01,-8.191995111e-01,-1.895074050e+00,-2.265308784e+00,-1.106184948e+00,
1.582290046e-01
l,2.0,1.0
0.470,0.790,1.130,
1.021735823e-01,5.403606996e+00
9.436068125e-03,-6.198349925e-03,2.111492492e-02,4.064700692e+00,4.089668554e+01,2.296279320e+02,7.782502475e+02,1.429892151e+03,1.079353597e+03,
2.898829325e-03,-1.340339659e-02,-8.312477780e-02,-3.065144567e+00,-3.719667148e+01,-2.397283996e+02,-8.470824272e+02,-1.544795750e+03,-1.141389138e+03,
1.591443439e-01
l,2.0,2.0
0.630,0.750,0.970,
3.114639047e+01,9.824465106e+00
3.492867947e-01,-3.388374265e+00,1.992780435e+01,3.321748737e+02,1.399012334e+02,1.046816295e+05,1.529500883e+06,7.378822204e+06,1.201300976e+07,
5.829191207e-02,-3.753013595e-01,-6.352944471e+00,-3.965908180e+02,-8.278597902e+03,-8.874105836e+04,-5.042905767e+05,-1.461643019e+06,-1.700190210e+06,
1.590822484e-01
l,3.0,-3.0
0.530,1.030,1.550,
7.571617786e-06,5.383806165e+00
1.167446044e-06,-2.778066551e-06,-7.565604281e-07,7.630006103e-05,2.952509560e-04,1.253395545e-03,3.939223605e-03,5.939491918e-03,3.324332240e-03,
1.439008064e-07,-6.872898483e-07,-7.935569572e-07,-4.358974462e-05,-3.312370748e-04,-1.406383646e-03,-3.247465776e-03,-3.866873688e-03,-1.880047078e-03,
1.584456972e-01
l,3.0,-2.0
0.610,1.090,1.610,
1.602335077e-05,5.195534438e+00
5.975385193e-06,-1.076734829e-05,-1.905117819e-05,4.351196395e-04,1.996633813e-03,6.500712752e-03,1.730217230e-02,2.596918849e-02,1.529041526e-02,
7.854993233e-07,-3.770548329e-06,-4.078099942e-06,-2.342997141e-04,-1.774486474e-03,-7.499591369e-03,-1.722324365e-02,-2.029816109e-02,-9.759115926e-03,
1.587855033e-01
l,3.0,-1.0
0.670,1.170,1.710,
4.990219986e-05,5.360940128e+00
2.932975076e-05,-5.167392734e-05,-1.054503416e-04,1.898150157e-03,7.666652908e-03,1.844606081e-02,4.018273038e-02,5.683978884e-02,3.271029053e-02,
3.517294578e-06,-1.701163909e-05,-1.814809966e-05,-1.042334674e-03,-7.671634075e-03,-3.143842916e-02,-6.959072649e-02,-7.879825323e-02,-3.637317482e-02,
1.585695392e-01
l,3.0,0.0
0.690,1.210,1.750,
1.908529606e-04,5.422176118e+00
1.688147022e-04,-2.463695540e-04,-7.915332874e-04,1.099740320e-02,5.140541337e-02,1.233974569e-01,2.293584167e-01,2.870963046e-01,1.569411491e-01,
2.105525937e-05,-1.021238355e-04,-9.837559602e-05,-6.055490724e-03,-4.438244840e-02,-1.812496265e-01,-3.995325015e-01,-4.487684511e-01,-2.051131559e-01,
1.586925300e-01
l,3.0,1.0
0.750,1.270,1.810,
1.153499158e-03,6.017759564e+00
1.020396943e-03,-2.136099922e-03,-2.985574777e-03,5.952922445e-02,1.696031550e-01,2.745607835e-01,7.167207868e-01,1.301790915e+00,8.421638201e-01,
1.139902400e-04,-5.552423781e-04,-4.644213269e-04,-3.210766796e-02,-2.347858875e-01,-9.644551467e-01,-2.137697350e+00,-2.430546515e+00,-1.130455653e+00,
1.583529247e-01
l,3.0,2.0
0.790,1.170,1.570,
1.103185310e-02,6.929142567e+00
1.168533042e-02,-8.787940510e-03,-3.044590986e-02,3.044648612e+00,2.815095762e+01,1.346985951e+02,3.788599234e+02,5.753290354e+02,3.598046859e+02,
2.677308296e-03,-1.296471249e-02,-5.849659041e-02,-2.266661515e+00,-2.469815916e+01,-1.403558365e+02,-4.285290143e+02,-6.658585854e+02,-4.158683790e+02,
1.591443596e-01
l,3.0,3.0
0.950,1.130,1.390,
4.286077746e-01,1.268468682e+01
3.594926000e-01,-2.614086183e+00,1.113678356e+01,3.369099057e+02,1.405505261e+03,1.686942787e+04,1.651483456e+05,6.137009080e+05,7.712330629e+05,
5.673619452e-02,-3.457016074e-01,-4.936186155e+00,-2.938644575e+02,-5.611961769e+03,-5.292387657e+04,-2.587697358e+05,-6.362869349e+05,-6.235415823e+05,
1.590511284e-01
l,4.0,-4.0
0.730,1.230,1.770,
9.199742200e-08,6.631401448e+00
5.958817084e-08,-1.154648549e-07,-1.960289336e-07,3.842433325e-06,1.531698010e-05,4.608456483e-05,1.291933144e-04,2.032932962e-04,1.218096450e-04,
6.871621590e-09,-3.337081187e-08,-2.754186258e-08,-1.914931463e-06,-1.400795400e-05,-5.747631740e-05,-1.272869305e-04,-1.443681653e-04,-6.690359963e-05,
1.585385744e-01
l,4.0,-3.0
0.810,1.330,1.850,
1.802884806e-07,6.551229332e+00
2.648627913e-07,-4.633923070e-07,-1.036318671e-06,1.714419915e-05,6.758943900e-05,1.402643258e-04,2.701959318e-04,3.862184668e-04,2.338266025e-04,
3.383234071e-08,-1.651273461e-07,-1.450315824e-07,-9.795314568e-06,-7.361524707e-05,-3.107566000e-04,-7.115362320e-04,-8.340479276e-04,-3.989267323e-04,
1.587234351e-01
l,4.0,-2.0
0.890,1.410,1.950,
4.301959410e-07,5.854686543e+00
1.227385042e-06,-1.713398243e-06,-6.091334399e-06,8.052651052e-05,4.051606436e-04,9.949015648e-04,1.703601244e-03,1.892321914e-03,9.436684598e-04,
1.505185479e-07,-7.388167484e-07,-7.103437346e-07,-4.425799739e-05,-3.234770865e-04,-1.319080260e-03,-2.899442411e-03,-3.241145068e-03,-1.473155735e-03,
1.586925376e-01
l,4.0,-1.0
0.950,1.490,2.030,
1.331000058e-06,6.100103790e+00
5.944429176e-06,-7.762074448e-06,-3.034126746e-05,3.747018535e-04,1.953028244e-03,4.767737601e-03,7.597433149e-03,7.611222308e-03,3.467216636e-03,
7.374038309e-07,-3.634439224e-06,-3.581212429e-06,-2.194821191e-04,-1.604083807e-03,-6.537131748e-03,-1.436085170e-02,-1.601579552e-02,-7.247574236e-03,
1.587234915e-01
l,4.0,0.0
1.030,1.550,2.110,
4.651065967e-06,7.430445853e+00
3.120242036e-05,-3.672954928e-05,-1.384011617e-04,2.521537903e-03,1.663717450e-02,5.765737835e-02,1.255953153e-01,1.530493411e-01,7.735453242e-02,
3.604929626e-06,-1.783509741e-05,-1.381524069e-06,-6.804327773e-04,-4.193600543e-03,-1.557689353e-02,-3.160936826e-02,-3.249511692e-02,-1.377819091e-02,
1.586624116e-01
l,4.0,1.0
1.050,1.590,2.150,
2.256744412e-05,6.586317500e+00
1.841519988e-04,-2.069145562e-04,-1.057548064e-03,1.041026071e-02,5.879027497e-02,1.488102552e-01,2.364353858e-01,2.297825787e-01,1.010976046e-01,
2.147352360e-05,-1.064339333e-04,-1.991676486e-06,-3.927920101e-03,-2.379673741e-02,-8.708748520e-02,-1.736171740e-01,-1.739744855e-01,-7.156749805e-02,
1.586925437e-01
l,4.0,2.0
1.070,1.610,2.170,
1.257239813e-04,7.090043473e+00
1.250862959e-03,-1.584465470e-03,-6.692980970e-03,7.793223624e-02,4.095396558e-01,9.744816756e-01,1.483844598e+00,1.435446737e+00,6.457648457e-01,
1.409773172e-04,-6.996264594e-04,-9.220056914e-05,-2.710536662e-02,-1.653883141e-01,-6.083095495e-01,-1.220473539e+00,-1.242494525e+00,-5.240033553e-01,
1.584148211e-01
l,4.0,3.0
1.090,1.530,1.990,
9.461267589e-04,8.184127897e+00
1.346193999e-02,-3.586792840e-03,-1.175976976e-01,1.253657078e+00,1.084976284e+01,3.797790975e+01,7.547934149e+01,8.444766521e+01,4.129515937e+01,
2.519738904e-03,-1.250277330e-02,-1.516805345e-02,-8.613335786e-01,-7.030732219e+00,-3.221200680e+01,-8.113166925e+01,-1.036834665e+02,-5.351946547e+01,
1.590821385e-01
l,4.0,4.0
1.190,1.490,1.790,
2.621903834e-03,1.890427336e+01
4.023469090e-01,-2.010164750e+00,-4.270852755e+00,6.976952160e+01,-3.291004020e+03,-4.388902422e+04,-2.155728142e+05,-4.854357521e+05,-4.217708438e+05,
5.811865891e-02,-3.469295645e-01,-1.397341503e+00,-7.627796303e+01,-9.733260700e+02,-7.082201118e+03,-2.847308676e+04,-6.081181516e+04,-5.429151148e+04,
1.590511782e-01
l,5.0,-5.0
0.930,1.430,1.970,
8.202621502e-10,6.406880591e+00
2.880820027e-09,-3.813354071e-09,-1.359214805e-08,2.353974809e-07,1.446672964e-06,4.932398349e-06,1.120699318e-05,1.439477244e-05,7.582915735e-06,
3.563777449e-10,-1.751126240e-09,-2.298853454e-09,-1.154782357e-07,-8.499383251e-07,-3.467202759e-06,-7.631215903e-06,-8.553794596e-06,-3.897427932e-06,
1.586004563e-01
l,5.0,-4.0
1.030,1.530,2.070,
1.724291721e-09,7.541345176e+00
1.227331037e-08,-1.236050912e-08,-6.734288351e-08,9.625584528e-07,6.670140254e-06,2.355902888e-05,5.247652581e-05,6.559678231e-05,3.397679689e-05,
1.582708319e-09,-7.815734243e-09,-9.988965470e-09,-5.116647432e-07,-3.759575280e-06,-1.529833292e-05,-3.355763136e-05,-3.730109882e-05,-1.678078408e-05,
1.587855168e-01
l,5.0,-3.0
1.110,1.650,2.190,
3.367961749e-09,8.501314246e+00
5.176626061e-08,-6.436698554e-08,-2.939718576e-07,3.177081170e-06,1.688091268e-05,3.889581243e-05,5.571502879e-05,5.146409728e-05,2.293643447e-05,
6.340088596e-09,-3.147646937e-08,-2.534789960e-08,-1.813479031e-06,-1.315920605e-05,-5.349409044e-05,-1.169865219e-04,-1.295460959e-04,-5.821683260e-05,
1.587234351e-01
l,5.0,-2.0
1.210,1.730,2.290,
1.130719004e-08,6.957958882e+00
2.365952980e-07,-2.064480971e-07,-1.137292917e-06,1.861755559e-05,1.235560180e-04,3.875235611e-04,7.213974090e-04,7.491067690e-04,3.297244298e-04,
2.799859587e-08,-1.395621791e-07,9.398182752e-09,-5.134763324e-06,-3.183436251e-05,-1.195434161e-04,-2.444789935e-04,-2.508081664e-04,-1.053443217e-04,
1.587855033e-01
l,5.0,-1.0
1.250,1.810,2.370,
5.711674922e-09,1.505081856e+01
1.126030952e-06,-9.519017945e-07,-1.035936787e-05,-3.995408775e-06,-1.694062616e-04,-1.472672577e-03,-4.504814195e-03,-6.187110226e-03,-3.237967949e-03,
1.362850465e-07,-6.813373744e-07,-4.040362032e-09,-2.470706635e-05,-1.454030396e-04,-5.151185316e-04,-9.847691979e-04,-9.183257648e-04,-3.399764390e-04,
1.587235459e-01
l,5.0,0.0
1.310,1.870,2.450,
3.350688787e-09,2.043563814e+01
5.762754881e-06,-3.714272895e-06,-5.764433214e-05,-1.419194360e-04,-1.847492773e-03,-1.210810276e-02,-3.499201203e-02,-4.758310269e-02,-2.498119123e-02,
6.628790032e-07,-3.323105447e-06,3.368848127e-07,-1.149844189e-04,-6.597161956e-04,-2.283231725e-03,-4.215213165e-03,-3.726326774e-03,-1.279794857e-03,
1.587234702e-01
l,5.0,1.0
1.370,1.930,2.510,
4.935313201e-07,7.456555736e+00
3.153560101e-05,-2.353503715e-05,-2.428045538e-04,7.545173829e-04,4.505683944e-03,6.519297999e-03,7.220155599e-04,-5.327134057e-03,-3.024280375e-03,
3.558487824e-06,-1.787405803e-05,9.119994307e-07,-6.353575239e-04,-3.688793099e-03,-1.292923694e-02,-2.431375471e-02,-2.223857732e-02,-8.064074452e-03,
1.586004478e-01
l,5.0,2.0
1.430,1.970,2.550,
1.933503675e-06,8.249532517e+00
1.927903941e-04,-1.672991042e-04,-1.332608261e-03,7.252358024e-03,4.674547393e-02,1.206351621e-01,1.933640493e-01,1.936634221e-01,8.953036849e-02,
2.113812095e-05,-1.063125028e-04,1.361748994e-05,-3.675386863e-03,-2.119527411e-02,-7.431200206e-02,-1.396664561e-01,-1.280372752e-01,-4.691293955e-02,
1.586624409e-01
l,5.0,3.0
1.410,1.970,2.550,
8.908921722e-06,9.252558254e+00
1.387626049e-03,-1.090852161e-03,-9.894219146e-03,5.113502877e-02,3.025649692e-01,5.674745594e-01,3.736229744e-01,-1.348153855e-01,-2.125692973e-01,
1.533284682e-04,-7.714253281e-04,-5.799549960e-05,-2.887529454e-02,-1.686218331e-01,-5.924462702e-01,-1.118769925e+00,-1.037547759e+00,-3.865162843e-01,
1.584765984e-01
l,5.0,4.0
1.450,1.910,2.390,
8.157783333e-05,9.123911937e+00
1.462899987e-02,-4.070291327e-03,-1.198126145e-01,1.158081554e+00,1.014782731e+01,3.582125777e+01,7.127590816e+01,7.863861165e+01,3.733463142e+01,
2.508285167e-03,-1.263838723e-02,-1.586766988e-02,-8.736051926e-01,-6.921483756e+00,-3.070766736e+01,-7.448486834e+01,-9.125947690e+01,-4.495768516e+01,
1.590511782e-01
l,5.0,5.0
1.530,1.850,2.190,
6.811713404e-05,1.631008781e+01
4.200631082e-01,-1.269329710e+00,-5.897448273e+00,2.146228036e+02,1.276153846e+03,-1.040024958e+03,-2.675819502e+04,-7.814629489e+04,-7.376154392e+04,
5.703811283e-02,-3.338206596e-01,-1.237130268e+00,-6.371938261e+01,-7.378235141e+02,-4.766911401e+03,-1.673883888e+04,-3.083152844e+04,-2.377805562e+04,
1.590201086e-01
l,6.0,-6.0
1.170,1.670,2.210,
9.199371151e-12,7.025304126e+00
1.265054034e-10,-1.785811347e-10,-6.041274691e-10,1.041813183e-08,6.915448595e-08,2.595744265e-07,6.270174950e-07,8.271862588e-07,4.403229594e-07,
1.499737382e-11,-7.451903561e-11,-6.859946571e-11,-4.454136465e-09,-3.240244269e-08,-1.319294909e-07,-2.890299529e-07,-3.217246359e-07,-1.457523330e-07,
1.586615047e-01
l,6.0,-5.0
1.270,1.770,2.310,
1.305563966e-11,8.774620620e+00
5.277704940e-10,-5.492483071e-10,-2.964044784e-09,4.110162318e-08,3.051218132e-07,1.166473795e-06,2.757262592e-06,3.568644094e-06,1.884836204e-06,
6.620398816e-11,-3.302515691e-10,-3.263119725e-10,-2.009897703e-08,-1.463280766e-07,-5.942338683e-07,-1.298046076e-06,-1.432347485e-06,-6.393172178e-07,
1.587234379e-01
l,6.0,-4.0
1.370,1.870,2.430,
5.559320237e-13,2.050250789e+01
2.217596995e-09,-1.454137978e-09,1.330146176e-08,7.302622470e-07,6.454959364e-06,2.897078502e-05,7.118817239e-05,9.001699164e-05,4.562193113e-05,
2.638996221e-10,-1.322076859e-09,-1.073684088e-10,-5.470163409e-08,-3.639284034e-07,-1.447681301e-06,-3.145698085e-06,-3.463157788e-06,-1.560524365e-06,
1.587855168e-01
l,6.0,-3.0
1.450,1.970,2.530,
2.759938345e-11,1.092299597e+01
9.565175318e-09,-5.974398581e-09,-2.264795056e-08,1.320489214e-06,1.073503657e-05,4.324312988e-05,9.876118245e-05,1.193028306e-04,5.871479927e-05,
1.159932191e-09,-5.829862586e-09,-2.014642538e-10,-2.284581595e-07,-1.452106559e-06,-5.550826607e-06,-1.157059589e-05,-1.208035871e-05,-5.128580272e-06,
1.587854607e-01
l,6.0,-2.0
1.510,2.070,2.630,
0.000000000e+00,0.000000000e+00
4.272333953e-08,-3.373245782e-08,-4.150930025e-07,-1.105440641e-06,-1.725955444e-05,-1.146347803e-04,-3.342826560e-04,-4.589124297e-04,-2.430960814e-04,
5.090344397e-09,-2.566076342e-08,2.936340969e-09,-9.104471991e-07,-5.409257179e-06,-1.951035060e-05,-3.796243856e-05,-3.604968429e-05,-1.363605376e-05,
1.587855033e-01
l,6.0,-1.0
1.610,2.130,2.710,
3.102955015e-10,1.000631757e+01
2.042494032e-07,-5.738284231e-08,-1.103997886e-06,1.553799953e-05,1.358654155e-04,5.313094079e-04,1.170415880e-03,1.374665711e-03,6.631110765e-04,
2.467427282e-08,-1.246616051e-07,-5.262709496e-09,-4.685017186e-06,-2.801367676e-05,-1.006225473e-04,-1.952193219e-04,-1.842480672e-04,-6.838407111e-05,
1.587544921e-01
l,6.0,0.0
1.690,2.210,2.790,
6.121971099e-10,1.102400777e+01
1.014965051e-06,-4.809927177e-07,-8.252562623e-06,3.016896390e-05,3.166266115e-04,1.256628462e-03,2.935800898e-03,3.731050881e-03,1.936005620e-03,
1.194986381e-07,-6.050064091e-07,1.238227676e-08,-2.176830197e-05,-1.253890443e-04,-4.341133583e-04,-8.028874524e-04,-7.054179778e-04,-2.359133602e-04,
1.587234702e-01
l,6.0,1.0
1.750,2.270,2.870,
3.529757991e-09,1.030360747e+01
5.400821010e-06,-2.647826430e-06,-4.756667683e-05,5.945894117e-05,7.759791493e-04,2.633283339e-03,5.945921414e-03,8.083507598e-03,4.583516725e-03,
5.783752931e-07,-2.934022171e-06,9.286756650e-07,-9.235416222e-05,-5.019286624e-04,-1.666264289e-03,-2.884705152e-03,-2.271620740e-03,-6.395262312e-04,
1.587235384e-01
l,6.0,2.0
1.750,2.310,2.910,
3.919608834e-08,8.826277228e+00
3.111877959e-05,-1.218571394e-05,-2.209439378e-04,1.054248528e-03,9.232035301e-03,3.029766851e-02,5.634839108e-02,5.776311540e-02,2.506395645e-02,
3.425443492e-06,-1.739334683e-05,9.440281909e-07,-6.168385680e-04,-3.505592572e-03,-1.201412649e-02,-2.191270284e-02,-1.901578468e-02,-6.321357953e-03,
1.586314401e-01
l,6.0,3.0
1.770,2.330,2.930,
2.577494064e-07,8.563325412e+00
1.993578044e-04,-6.363882918e-05,-1.599301200e-03,2.999041012e-03,3.049575962e-02,8.018887654e-02,1.165105966e-01,1.024338344e-01,4.347271751e-02,
2.246254041e-05,-1.141155332e-04,-7.473027865e-06,-4.209125013e-03,-2.401145102e-02,-8.206988986e-02,-1.497529531e-01,-1.301726017e-01,-4.316768406e-02,
1.586004083e-01
l,6.0,4.0
1.770,2.350,2.950,
1.295942201e-06,9.123435387e+00
1.462682034e-03,-1.035024720e-03,-1.035366184e-02,5.385033375e-02,3.874223095e-01,1.066579171e+00,1.690071881e+00,1.535204187e+00,6.157268615e-01,
1.472971409e-04,-7.488614175e-04,2.177293978e-04,-2.412998550e-02,-1.324977700e-01,-4.469355504e-01,-7.913401970e-01,-6.606302148e-01,-2.130867240e-01,
1.585385772e-01
l,6.0,5.0
1.830,2.270,2.790,
2.145355981e-07,1.569249770e+01
1.550479978e-02,2.514059343e-03,-1.272793064e-01,1.066714780e+00,1.263112152e+01,6.054836553e+01,1.637671687e+02,2.366923665e+02,1.398060061e+02,
2.427505601e-03,-1.236215437e-02,-1.329576080e-02,-7.928921080e-01,-5.930253146e+00,-2.472921132e+01,-5.566150967e+01,-6.222651180e+01,-2.752188527e+01,
1.590201086e-01
l,6.0,6.0
1.870,2.230,2.590,
3.050790421e-06,1.596061781e+01
4.009887874e-01,-1.058948569e+00,-4.750214705e+00,1.610705819e+02,1.103090226e+03,1.916388660e+03,-3.786746493e+03,-1.692981856e+04,-1.612527782e+04,
5.448182290e-02,-3.133975377e-01,-1.107629993e+00,-5.568500159e+01,-6.214948792e+02,-3.814452587e+03,-1.261740963e+04,-2.164788021e+04,-1.540330379e+04,
1.590201038e-01
l,7.0,-7.0
1.410,1.910,2.430,
9.646012693e-14,7.746951197e+00
5.437574870e-12,-7.971015617e-12,-2.293692788e-11,5.074313545e-10,3.673952483e-09,1.507291702e-08,3.791588361e-08,5.059530708e-08,2.697428961e-08,
6.891748519e-13,-3.452608667e-12,-4.008851655e-12,-2.251193568e-10,-1.681806709e-09,-7.025103066e-09,-1.589062836e-08,-1.832779497e-08,-8.604984228e-09,
1.586615136e-01
l,7.0,-6.0
1.510,2.010,2.550,
7.186492730e-14,1.028873637e+01
2.236479058e-11,-2.400047578e-11,-1.231797778e-10,1.804179973e-09,1.423617783e-08,5.833264103e-08,1.444615938e-07,1.917977204e-07,1.027282035e-07,
2.741533011e-12,-1.378754633e-11,-1.249093979e-11,-8.264522332e-10,-5.994429132e-09,-2.432547034e-08,-5.301698988e-08,-5.827068615e-08,-2.589090622e-08,
1.587854590e-01
l,7.0,-5.0
1.550,2.090,2.650,
1.580348245e-13,1.049215600e+01
9.369430926e-11,-5.522642616e-11,-1.442396264e-09,-6.600886594e-09,-4.525457091e-08,-2.084216440e-07,-4.963493225e-07,-5.860820822e-07,-2.750763902e-07,
1.202760063e-11,-6.066644592e-11,8.193499988e-12,-1.873864957e-09,-9.121377885e-09,-2.516511305e-08,-3.048817452e-08,-2.011600403e-09,1.372092099e-08,
1.587856817e-01
l,7.0,-4.0
1.690,2.210,2.770,
1.114303753e-13,1.219691363e+01
3.882363875e-10,-1.806763875e-10,-4.308140836e-10,6.044978606e-08,4.913723719e-07,1.974753652e-06,4.460142989e-06,5.311252141e-06,2.577360505e-06,
4.762154270e-11,-2.409785061e-10,-2.650459301e-11,-9.964609223e-09,-6.499234948e-08,-2.535170389e-07,-5.396856747e-07,-5.760444817e-07,-2.492505954e-07,
1.587855168e-01
l,7.0,-3.0
1.750,2.310,2.870,
0.000000000e+00,0.000000000e+00
1.679911987e-09,-9.256123316e-10,-2.229837472e-08,-1.823525731e-07,-1.952295023e-06,-1.064749725e-05,-2.902490801e-05,-3.881764239e-05,-2.033159290e-05,
2.082980359e-10,-1.056667243e-09,9.025586947e-12,-3.907219080e-08,-2.325689915e-07,-8.335721310e-07,-1.610530664e-06,-1.499233451e-06,-5.420922376e-07,
1.587854607e-01
l,7.0,-2.0
1.890,2.390,2.970,
2.306788163e-14,1.736936344e+01
7.592307227e-09,-2.042034034e-09,-2.710055400e-08,1.100629449e-06,1.101358138e-05,5.100917190e-05,1.274389905e-04,1.631590618e-04,8.354209606e-05,
9.099951122e-10,-4.626955684e-09,6.560151567e-10,-1.590775749e-07,-9.088917524e-07,-3.154678736e-06,-5.849684105e-06,-5.099442828e-06,-1.668692397e-06,
1.587855033e-01
l,7.0,-1.0
1.930,2.450,3.050,
1.475875496e-13,1.608579106e+01
3.573683927e-08,4.325603861e-09,-3.298644969e-07,6.498936743e-07,1.409799434e-05,7.371819809e-05,1.977818120e-04,2.667138257e-04,1.415312105e-04,
4.396084419e-09,-2.239112853e-08,-1.079618533e-09,-8.240399869e-07,-4.700666636e-06,-1.594839807e-05,-2.870100919e-05,-2.379755860e-05,-7.010172964e-06,
1.587544684e-01
l,7.0,0.0
2.010,2.550,3.130,
1.709057739e-11,1.086520758e+01
1.756762060e-07,-5.106862033e-08,-1.108649169e-06,9.873315181e-06,9.035770164e-05,3.409037654e-04,7.080475083e-04,7.769747848e-04,3.492925797e-04,
2.122650432e-08,-1.082935017e-07,-8.618085088e-09,-4.098716145e-06,-2.407047359e-05,-8.489945308e-05,-1.614537085e-04,-1.474764978e-04,-5.181783252e-05,
1.587544709e-01
l,7.0,1.0
2.090,2.610,3.210,
2.498094115e-11,1.215766359e+01
9.152998928e-07,-2.456583156e-07,-7.521314284e-06,2.063691134e-05,2.695004895e-04,1.142008697e-03,2.715214477e-03,3.431659316e-03,1.758447264e-03,
1.023854544e-07,-5.231660139e-07,9.481208934e-08,-1.768872405e-05,-9.877958358e-05,-3.340314222e-04,-5.953182058e-04,-4.888554456e-04,-1.451515646e-04,
1.586925437e-01
l,7.0,2.0
2.090,2.650,3.270,
2.962773207e-10,1.087539746e+01
5.080667961e-06,-2.736872677e-07,-3.324993869e-05,2.049698463e-04,2.043780956e-03,7.631973375e-03,1.537931069e-02,1.627174242e-02,7.043662666e-03,
5.469386078e-07,-2.797858778e-06,5.832449922e-07,-9.337777608e-05,-5.170174561e-04,-1.741408277e-03,-3.088512884e-03,-2.532152014e-03,-7.586306674e-04,
1.586925593e-01
l,7.0,3.0
2.130,2.690,3.310,
1.419160491e-09,1.092462992e+01
3.034117071e-05,-4.142177799e-06,-2.210601070e-04,7.868712466e-04,8.957850592e-03,3.488234505e-02,7.536142524e-02,8.693471245e-02,4.111841810e-02,
3.235075070e-06,-1.656103805e-05,1.696048161e-06,-5.754327610e-04,-3.196592946e-03,-1.072980629e-02,-1.900087633e-02,-1.566533448e-02,-4.764464615e-03,
1.586623858e-01
l,7.0,4.0
2.130,2.710,3.330,
9.080323367e-09,1.086619566e+01
2.004389971e-04,-3.576453603e-05,-1.481225921e-03,4.657380605e-03,5.140258919e-02,1.846134897e-01,3.654909684e-01,3.890860544e-01,1.715457172e-01,
2.120069601e-05,-1.085732493e-04,8.176777626e-06,-3.798703840e-03,-2.101975290e-02,-7.022783569e-02,-1.237636181e-01,-1.015719667e-01,-3.075850793e-02,
1.586624354e-01
l,7.0,5.0
2.110,2.710,3.330,
1.602616456e-08,1.280599319e+01
1.529032015e-03,-4.599094654e-04,-1.221037116e-02,2.488821402e-02,2.544773106e-01,6.547504808e-01,8.031339487e-01,4.422773270e-01,6.176908645e-02,
1.538308291e-04,-7.880097571e-04,2.280813211e-04,-2.519222799e-02,-1.349171740e-01,-4.418082853e-01,-7.493825412e-01,-5.735249761e-01,-1.546660259e-01,
1.585385662e-01
l,7.0,6.0
2.170,2.650,3.190,
1.737950266e-07,1.255905396e+01
1.608375087e-02,1.899103789e-03,-1.373892299e-01,6.666956358e-01,7.820710077e+00,3.181942844e+01,7.184415100e+01,8.822068606e+01,4.541297310e+01,
2.301474912e-03,-1.181212579e-02,-1.012104150e-02,-7.072987400e-01,-5.127629065e+00,-2.077176723e+01,-4.507271663e+01,-4.819830313e+01,-2.026860853e+01,
1.589890330e-01
l,7.0,7.0
2.210,2.590,2.990,
5.321885343e-07,1.470222652e+01
3.986637890e-01,-5.427209419e-01,-5.963790956e+00,1.297601773e+02,1.347000350e+03,5.747145296e+03,1.322326758e+04,1.623891606e+04,8.404942564e+03,
5.106463338e-02,-2.894896663e-01,-8.905627688e-01,-4.476961592e+01,-4.616182609e+02,-2.558760881e+03,-7.478282918e+03,-1.111356496e+04,-6.794226187e+03,
1.590200996e-01
l,8.0,-8.0
1.570,2.110,2.670,
4.028869773e-18,2.025150715e+01
2.422859005e-13,-2.924389530e-13,-5.795159694e-12,-4.668669538e-11,-3.518054787e-10,-1.517383702e-09,-3.472908014e-09,-4.014877010e-09,-1.857340300e-09,
2.840635968e-14,-1.433601506e-13,1.069681563e-13,-2.475569617e-12,-2.583865899e-12,3.236056478e-11,1.649564393e-10,3.011716104e-10,1.877340740e-10,
1.587235279e-01
l,8.0,-7.0
1.690,2.230,2.790,
8.556856938e-15,5.981059686e+00
9.570885751e-13,-8.157719568e-13,-9.804715993e-12,3.177226361e-12,2.426880070e-12,-3.233363504e-10,-1.069149847e-09,-1.383640659e-09,-6.791151662e-10,
1.124783627e-13,-5.694634827e-13,2.090158744e-13,-1.699096294e-11,-8.828966685e-11,-2.776192569e-10,-4.373790752e-10,-2.661517809e-10,-2.458165210e-11,
1.587854679e-01
l,8.0,-6.0
1.790,2.330,2.890,
3.428998594e-16,1.313010416e+01
3.873876046e-12,-2.646594586e-12,-7.423660469e-11,-4.918119791e-10,-3.462389117e-09,-1.488006095e-08,-3.407942617e-08,-3.944595601e-08,-1.830778788e-08,
4.919570943e-13,-2.496816838e-12,7.898696986e-13,-6.662826664e-11,-2.673989413e-10,-4.948112043e-10,1.757270156e-10,1.830110683e-09,1.578794416e-09,
1.588166900e-01
l,8.0,-5.0
1.930,2.450,3.010,
9.036600757e-16,1.229564009e+01
1.574784921e-11,-5.603190624e-12,-8.719927575e-12,2.384576461e-09,1.843664879e-08,7.004004953e-08,1.496173969e-07,1.694320053e-07,7.869622217e-08,
1.940448390e-12,-9.875074590e-12,-1.711036442e-12,-4.284986109e-10,-2.864188814e-09,-1.138889635e-08,-2.471418755e-08,-2.692614569e-08,-1.187086073e-08,
1.587856817e-01
l,8.0,-4.0
2.010,2.550,3.110,
6.097751668e-14,7.748504242e+00
6.651155321e-11,-2.756053885e-11,-5.747509407e-10,1.418828770e-09,1.358199098e-08,3.907616326e-08,6.478809945e-08,6.168006293e-08,2.517752438e-08,
8.467311876e-12,-4.318118136e-11,-4.798245240e-12,-1.665262361e-09,-9.882321014e-09,-3.503693904e-08,-6.685065679e-08,-6.071717972e-08,-2.085478319e-08,
1.588477850e-01
l,8.0,-3.0
2.170,2.670,3.230,
1.525547785e-18,2.264469566e+01
2.851973102e-10,-1.668064724e-10,1.761261445e-09,9.083643221e-08,8.049791795e-07,3.603827114e-06,8.805410640e-06,1.106571562e-05,5.576666127e-06,
3.331026038e-11,-1.702719513e-10,-5.965841577e-12,-7.142401320e-09,-4.776034137e-08,-1.914738583e-07,-4.182735434e-07,-4.601085002e-07,-2.058104855e-07,
1.588477288e-01
l,8.0,-2.0
2.230,2.730,3.310,
0.000000000e+00,0.000000000e+00
1.305712982e-09,-6.354869829e-11,6.418061311e-09,4.220150584e-07,4.076462728e-06,1.911699079e-05,4.796481875e-05,6.128882116e-05,3.124284212e-05,
1.605468553e-10,-8.218681723e-10,-8.286691432e-12,-3.093457515e-08,-1.863611998e-07,-6.816116432e-07,-1.356495064e-06,-1.315678481e-06,-5.015418444e-07,
1.587855033e-01
l,8.0,-1.0
2.290,2.810,3.410,
2.265656640e-15,1.586581831e+01
6.133240138e-09,-1.076473832e-09,-8.464997446e-08,-4.337612571e-07,-2.243094166e-06,-7.040731538e-06,-9.898052023e-06,-3.617094245e-06,2.092181315e-06,
6.983815942e-10,-3.581328192e-09,1.195129338e-09,-1.100992847e-07,-5.729399261e-07,-1.805057323e-06,-2.876682109e-06,-1.809697065e-06,-2.071502597e-07,
1.588167244e-01
l,8.0,0.0
2.330,2.870,3.490,
1.554086329e-14,1.502244025e+01
2.998040927e-08,4.395536259e-09,-3.188567150e-07,-8.724605623e-07,-1.646318467e-06,-4.228183464e-07,1.315160809e-05,3.314965372e-05,2.371292711e-05,
3.361723806e-09,-1.726164964e-08,4.833904689e-09,-5.610672609e-07,-3.071777861e-06,-1.021445596e-05,-1.769053858e-05,-1.359941156e-05,-3.464112159e-06,
1.587544709e-01
l,8.0,1.0
2.390,2.930,3.550,
1.767031086e-15,1.893117338e+01
1.534527030e-07,4.473586809e-08,-9.638925421e-07,7.297540872e-06,8.973685956e-05,4.168576967e-04,1.020320214e-03,1.270236908e-03,6.287062828e-04,
1.793172998e-08,-9.216199733e-08,-3.209504494e-09,-3.449868245e-06,-1.995464267e-05,-6.914787910e-05,-1.279182951e-04,-1.115842888e-04,-3.630411519e-05,
1.587544846e-01
l,8.0,2.0
2.450,3.010,3.630,
2.745044901e-13,1.478482340e+01
8.298680996e-07,-1.476901470e-07,-6.845179193e-06,1.511632876e-05,2.338033584e-04,1.016595458e-03,2.364385095e-03,2.845520503e-03,1.371325706e-03,
8.625487965e-08,-4.438514849e-07,1.857231106e-07,-1.341261508e-05,-7.056913879e-05,-2.288165346e-04,-3.815594839e-04,-2.750791688e-04,-6.179482924e-05,
1.587234995e-01
l,8.0,3.0
2.470,3.050,3.670,
1.080925524e-11,1.245641279e+01
4.761233868e-06,-3.814974339e-07,-2.945428211e-05,2.047140266e-04,2.058965100e-03,7.996382981e-03,1.673644553e-02,1.825252608e-02,8.076787282e-03,
5.095707824e-07,-2.623687983e-06,3.843973310e-07,-9.069949169e-05,-5.070381959e-04,-1.721639058e-03,-3.092939349e-03,-2.592369542e-03,-8.040636496e-04,
1.586925041e-01
l,8.0,4.0
2.470,3.070,3.710,
4.167470703e-10,1.035365583e+01
2.939083060e-05,8.193540984e-07,-2.659549231e-04,-3.936931269e-04,6.807421929e-05,-7.496169490e-04,-4.338470461e-03,-5.831882705e-03,-2.458641352e-03,
3.008903679e-06,-1.550121059e-05,4.510511280e-06,-4.942790170e-04,-2.629727252e-03,-8.540936060e-03,-1.437462266e-02,-1.074051906e-02,-2.678608022e-03,
1.586005124e-01
l,8.0,5.0
2.470,3.090,3.730,
1.973572531e-09,1.068342647e+01
1.997557993e-04,-1.728314202e-05,-1.618406678e-03,7.580017058e-04,2.241018050e-02,7.025479723e-02,1.135702861e-01,1.006634385e-01,3.857612120e-02,
1.970561090e-05,-1.015504694e-04,3.667939068e-05,-3.146638362e-03,-1.658325293e-02,-5.373203569e-02,-8.984402052e-02,-6.658614115e-02,-1.657408348e-02,
1.586004469e-01
l,8.0,6.0
2.470,3.090,3.710,
1.256787937e-10,1.597429449e+01
1.560110948e-03,-4.126242005e-04,-1.256543772e-02,1.406025146e-02,1.795250433e-01,3.834869771e-01,2.478894760e-01,-1.539829090e-01,-1.967912473e-01,
1.585623799e-04,-8.171058803e-04,1.886957204e-04,-2.702002322e-02,-1.465254611e-01,-4.847733201e-01,-8.364506546e-01,-6.578661681e-01,-1.847904980e-01,
1.585385614e-01
l,8.0,7.0
2.510,3.030,3.590,
3.220807244e-08,1.236154431e+01
1.645830087e-02,8.262197703e-04,-1.629885218e-01,1.226343569e-01,3.041686513e+00,9.793999593e+00,1.559176646e+01,1.335818801e+01,5.077500933e+00,
2.148023782e-03,-1.109056710e-02,3.005664634e-03,-3.802805199e-01,-2.226605342e+00,-7.941841010e+00,-1.499844796e+01,-1.278364954e+01,-3.748273688e+00,
1.589580370e-01
l,8.0,8.0
2.550,2.970,3.390,
1.453438406e-08,1.620149305e+01
3.791987896e-01,-4.684093340e-01,-4.904336670e+00,9.455711059e+01,9.006899437e+02,3.471095169e+03,7.104351760e+03,7.634351319e+03,3.400357845e+03,
4.720032625e-02,-2.643682698e-01,-1.372373442e-01,-1.803354138e+01,-1.404541702e+02,-6.562154933e+02,-1.620539208e+03,-2.034726588e+03,-1.128001792e+03,
1.590201035e-01
l,9.0,-9.0
1.890,2.010,2.170,
0.000000000e+00,0.000000000e+00
6.870644055e-14,2.286236877e-13,3.004361683e-13,4.018137434e-10,1.707814979e-08,3.467515070e-07,3.701619958e-06,1.978022968e-05,4.161989801e-05,
4.795206805e-14,-2.378645477e-13,-8.460921041e-12,-4.876036678e-10,-1.208963184e-08,-1.581102160e-07,-1.139079161e-06,-4.256481727e-06,-6.447673417e-06,
1.591434761e-01
l,9.0,-8.0
1.950,2.450,2.970,
2.730958481e-16,5.347328789e+00
4.020545900e-14,-1.084634565e-14,-1.567105927e-13,5.074297365e-12,4.790189396e-11,2.129991340e-10,5.189756754e-10,6.511236950e-10,3.271193171e-10,
6.228657041e-15,-3.167019212e-14,-1.006522247e-13,-3.182066005e-12,-2.440653115e-11,-1.018541330e-10,-2.316415738e-10,-2.681627472e-10,-1.249413051e-10,
1.591132384e-01
l,9.0,-7.0
2.030,2.570,3.130,
2.253995858e-19,1.674644860e+01
1.590926962e-13,-1.284246844e-13,-3.776133064e-12,-3.101086063e-11,-2.214265505e-10,-9.251436740e-10,-2.082467416e-09,-2.387909101e-09,-1.102000058e-09,
1.998342827e-14,-1.019515645e-13,5.317338342e-14,-2.210264951e-12,-5.636445517e-12,6.391784615e-12,7.767255017e-11,1.689089549e-10,1.142748411e-10,
1.588477095e-01
l,9.0,-6.0
2.130,2.690,3.250,
0.000000000e+00,0.000000000e+00
6.371893031e-13,-1.776688700e-13,-7.847168288e-13,7.281694552e-11,4.707399697e-10,1.358883724e-09,2.009968986e-09,1.364118789e-09,2.593736637e-10,
7.856523388e-14,-4.017513380e-13,-9.113663252e-14,-1.818675097e-11,-1.242246436e-10,-5.021725717e-10,-1.107076314e-09,-1.226457382e-09,-5.490016887e-10,
1.587856772e-01
l,9.0,-5.0
2.310,2.810,3.370,
0.000000000e+00,0.000000000e+00
2.609186955e-12,-1.005961197e-12,5.118726701e-11,1.671824472e-09,1.554235718e-08,7.264060633e-08,1.822965879e-07,2.329749154e-07,1.187461853e-07,
3.087007325e-13,-1.581954933e-12,-2.536908337e-13,-7.201130833e-11,-5.021164757e-10,-2.074875363e-09,-4.670913368e-09,-5.309991741e-09,-2.449881396e-09,
1.588477316e-01
l,9.0,-4.0
2.410,2.910,3.470,
0.000000000e+00,0.000000000e+00
1.109505023e-11,-3.369339059e-12,1.303907888e-10,4.752380382e-09,4.237370134e-08,1.910375574e-07,4.673926320e-07,5.865892546e-07,2.949722321e-07,
1.341626806e-12,-6.886717815e-12,-1.768909080e-12,-3.233922745e-10,-2.260475441e-09,-9.320662967e-09,-2.095447543e-08,-2.375617685e-08,-1.089655877e-08,
1.588167479e-01
l,9.0,-3.0
2.470,2.990,3.570,
0.000000000e+00,0.000000000e+00
4.898461151e-11,-1.920288100e-11,-7.456743446e-10,-2.765336347e-09,-1.594317625e-09,5.418523166e-08,2.620669715e-07,4.664635752e-07,2.905163118e-07,
5.827067616e-12,-2.995801671e-11,7.121707148e-12,-9.737169686e-10,-5.151591145e-09,-1.608833168e-08,-2.486414405e-08,-1.382723280e-08,1.292878368e-10,
1.588166917e-01
l,9.0,-2.0
2.570,3.090,3.670,
3.640256569e-19,1.976796682e+01
2.205805955e-10,-1.002157820e-10,-1.924458880e-09,9.858216897e-09,1.343484404e-07,6.703896310e-07,1.762193451e-06,2.337193922e-06,1.222202458e-06,
2.529368452e-11,-1.302324962e-10,4.176249713e-11,-4.144741426e-09,-2.233040264e-08,-7.307648314e-08,-1.229904527e-07,-8.744007445e-08,-1.725463912e-08,
1.588477715e-01
l,9.0,-1.0
2.630,3.150,3.750,
1.498924305e-20,2.405234063e+01
1.038521047e-09,-8.752843030e-11,-1.374779812e-08,-4.423482115e-08,1.458985744e-08,1.005667472e-06,4.346413615e-06,7.434397073e-06,4.540149535e-06,
1.215559045e-10,-6.265754265e-10,1.520475235e-10,-2.021674358e-08,-1.069023784e-07,-3.391311655e-07,-5.474659085e-07,-3.529340986e-07,-4.370948864e-08,
1.587857116e-01
l,9.0,0.0
2.690,3.230,3.830,
0.000000000e+00,0.000000000e+00
5.047173790e-09,2.441945072e-10,-6.106061541e-09,7.708658676e-07,7.208427918e-06,3.146685214e-05,7.364925878e-05,8.809434218e-05,4.210767324e-05,
5.841333976e-10,-3.014243822e-09,1.956914883e-10,-1.117157657e-07,-6.643167767e-07,-2.394564978e-06,-4.644023094e-06,-4.330850028e-06,-1.560893715e-06,
1.587857140e-01
l,9.0,1.0
2.730,3.290,3.910,
2.088800988e-17,1.911044414e+01
2.558854995e-08,3.699822495e-09,-8.322525131e-08,2.619104077e-06,2.439108208e-05,9.995445602e-05,2.178207570e-04,2.429563514e-04,1.087096223e-04,
2.805256190e-09,-1.449066270e-08,3.757409608e-09,-4.889079766e-07,-2.775327114e-06,-9.643293485e-06,-1.775445346e-05,-1.525782866e-05,-4.872793579e-06,
1.587544846e-01
l,9.0,2.0
2.790,3.350,3.970,
1.406776433e-17,2.073167912e+01
1.357500992e-07,1.006358756e-08,-7.114318583e-07,9.720321300e-06,1.026125322e-04,4.470439367e-04,1.026570724e-03,1.198711447e-03,5.578647428e-04,
1.493340525e-08,-7.719682392e-08,1.613689260e-08,-2.608267233e-06,-1.451235388e-05,-4.927789958e-05,-8.844354026e-05,-7.308235569e-05,-2.175745301e-05,
1.587235540e-01
l,9.0,3.0
2.770,3.390,4.030,
2.439744823e-18,2.409083275e+01
7.562553037e-07,1.593707678e-07,-5.366882769e-06,9.611267644e-06,1.366454126e-04,4.175253417e-04,5.758670849e-04,3.255745143e-04,2.855346492e-05,
7.949319160e-08,-4.112306848e-07,1.168498707e-07,-1.341885468e-05,-7.325517104e-05,-2.452860706e-04,-4.307239648e-04,-3.443583133e-04,-9.752503754e-05,
1.587234988e-01
l,9.0,4.0
2.850,3.430,4.070,
9.194302024e-14,1.526463476e+01
4.473736226e-06,5.418872803e-07,-4.005409242e-05,-5.719381115e-05,2.146438812e-04,1.404528582e-03,3.911769927e-03,5.344930913e-03,2.807854696e-03,
4.691165856e-07,-2.427958872e-06,4.719600220e-07,-8.152198800e-05,-4.423466211e-04,-1.459521215e-03,-2.521214945e-03,-1.971701765e-03,-5.355476691e-04,
1.586925538e-01
l,9.0,5.0
2.850,3.470,4.110,
4.709840328e-11,1.103536710e+01
2.838002911e-05,-3.801079223e-06,-2.450593678e-04,-1.942396422e-04,1.159487649e-03,3.316254237e-03,4.393127146e-03,3.734548252e-03,1.674682623e-03,
2.767631781e-06,-1.433082044e-05,5.708410571e-06,-4.396234701e-04,-2.302439869e-03,-7.431700140e-03,-1.232715969e-02,-8.946406143e-03,-2.102520964e-03,
1.586314236e-01
l,9.0,6.0
2.850,3.470,4.110,
1.702669543e-10,1.162872133e+01
1.978149958e-04,-2.591549980e-06,-1.650541085e-03,-1.068732299e-03,1.080499656e-02,3.338124229e-02,4.777552762e-02,3.835373538e-02,1.429296475e-02,
2.008508651e-05,-1.040036389e-04,2.179091185e-05,-3.458961158e-03,-1.865216749e-02,-6.127896851e-02,-1.052300906e-01,-8.202721518e-02,-2.242497439e-02,
1.585695260e-01
l,9.0,7.0
2.850,3.450,4.090,
7.530759765e-10,1.219020980e+01
1.579290023e-03,1.282986488e-04,-1.274591868e-02,3.800071720e-03,1.944358825e-01,6.881067994e-01,1.233341044e+00,1.179945519e+00,4.743599444e-01,
1.617250745e-04,-8.374363212e-04,1.576293613e-04,-2.813040304e-02,-1.519618213e-01,-4.994422295e-01,-8.565312330e-01,-6.646461699e-01,-1.797844807e-01,
1.585385573e-01
l,9.0,8.0
2.830,3.390,3.970,
1.086697051e-10,1.627244064e+01
1.659866050e-02,6.627457534e-03,-1.639703057e-01,-1.466634791e-01,1.628222356e+00,6.141663766e+00,9.681459870e+00,7.099938624e+00,1.795952614e+00,
2.196669187e-03,-1.139693443e-02,7.938614117e-04,-4.219077727e-01,-2.492978318e+00,-8.885017225e+00,-1.692293379e+01,-1.481017738e+01,-4.577688607e+00,
1.589270004e-01
l,9.0,9.0
2.930,3.330,3.770,
5.958568259e-10,1.719631243e+01
3.673841953e-01,-1.198987735e-01,-5.187527944e+00,5.944282283e+01,6.993812814e+02,3.100136688e+03,7.344155172e+03,9.252065646e+03,4.883999146e+03,
4.824905852e-02,-2.698258932e-01,-2.593796400e-01,-1.972900076e+01,-1.488377861e+02,-6.501776440e+02,-1.463095384e+03,-1.549690899e+03,-6.442156179e+02,
1.590201082e-01
