l,1.0,-1.0
0.230,0.850,1.490,
1.099647753e-02,3.101715936e+00
6.129188114e-04,-1.145540959e-03,9.798326741e-04,2.195621053e-02,1.024156263e-01,3.891933540e-01,7.526884331e-01,6.576227027e-01,2.095929699e-01,
1.050245987e-04,-3.396268263e-04,-4.065102150e-04,-1.322553616e-02,-8.125632386e-02,-2.757099412e-01,-5.149929813e-01,-4.995501499e-01,-1.975996467e-01,
1.586926172e-01
l,1.0,0.0
0.310,0.750,1.210,
6.537339167e-02,3.333567788e+00
5.534118041e-03,-7.136136454e-03,1.914808657e-02,7.498969203e-01,5.403573029e+00,2.586954495e+01,7.143028961e+01,9.997418971e+01,5.537376951e+01,
1.727198689e-03,-5.374617545e-03,-1.892926936e-02,-5.138809702e-01,-4.458357093e+00,-2.083386291e+01,-5.392351728e+01,-7.268197492e+01,-3.992097426e+01,
1.591444209e-01
l,1.0,1.0
0.370,0.710,1.070,
1.189440792e+00,4.430304438e+00
6.065239012e-02,-1.203489084e-01,5.918451076e-01,2.386755432e+01,2.273287656e+02,1.479338217e+03,5.608221430e+03,1.072034398e+04,8.025971203e+03,
1.956653299e-02,-6.686094799e-02,-5.018779761e-01,-1.680220656e+01,-1.977407907e+02,-1.224863329e+03,-4.124357728e+03,-7.158213971e+03,-5.028177557e+03,
1.591443438e-01
l,2.0,-2.0
0.550,1.250,1.950,
4.866101453e-05,3.854881705e+00
2.493312059e-05,-4.209529501e-05,-1.114663205e-05,5.640928311e-04,1.583155337e-03,5.357312304e-03,1.287111707e-02,1.445783117e-02,6.003340094e-03,
3.397912313e-06,-1.152032689e-05,-4.467639682e-06,-2.853773178e-04,-1.474289371e-03,-4.446289812e-03,-7.445888394e-03,-6.509975445e-03,-2.353220811e-03,
1.586624583e-01
l,2.0,-1.0
0.630,1.290,1.970,
2.197487273e-04,4.288792883e+00
1.431176934e-04,-2.116927339e-04,-9.446177591e-05,4.595519426e-03,1.666455164e-02,4.891708394e-02,1.018351852e-01,1.099124875e-01,4.590072590e-02,
2.133036144e-05,-7.243455485e-05,-7.747881639e-05,-2.700850709e-03,-1.575738108e-02,-5.082284880e-02,-8.952902661e-02,-8.130359352e-02,-3.008898041e-02,
1.587858012e-01
l,2.0,0.0
0.690,1.330,1.990,
9.083991425e-04,4.514245471e+00
8.357811021e-04,-1.125034063e-03,-9.267723334e-04,2.909306671e-02,1.055450444e-01,2.803079465e-01,5.662018513e-01,6.274868814e-01,2.735198972e-01,
1.338755084e-04,-4.554888411e-04,-5.299894000e-04,-1.780092731e-02,-1.060620380e-01,-3.496591226e-01,-6.318308961e-01,-5.892552382e-01,-2.241694134e-01,
1.588478545e-01
l,2.0,1.0
0.750,1.330,1.930,
4.264630647e-03,4.912561747e+00
5.583525170e-03,-5.696446225e-03,-1.166155513e-02,2.481744653e-01,1.013558638e+00,2.393582620e+00,4.352024510e+00,4.924845407e+00,2.339793181e+00,
1.106477285e-03,-3.761054937e-03,-4.887713100e-03,-1.601649696e-01,-1.020714480e+00,-3.617148731e+00,-7.103951901e+00,-7.230055352e+00,-3.009844366e+00,
1.590511679e-01
l,2.0,2.0
0.830,1.310,1.830,
2.431359284e-02,5.723650709e+00
4.621852934e-02,-3.488513118e-02,-1.073798730e-01,4.822374509e+00,2.948978512e+01,9.454766884e+01,1.942702024e+02,2.323049572e+02,1.188402680e+02,
1.075482029e-02,-3.765165389e-02,-1.132774326e-01,-3.220069807e+00,-2.533834034e+01,-1.069507616e+02,-2.462977850e+02,-2.917122219e+02,-1.401942924e+02,
1.591133076e-01
l,3.0,-3.0
0.890,1.630,2.370,
3.034855631e-07,5.067965555e+00
9.735385902e-07,-1.299546690e-06,-1.861146145e-06,1.837878099e-05,3.599432031e-05,2.358538361e-05,3.059841890e-05,5.460970121e-05,3.059494929e-05,
1.194181752e-07,-4.157246615e-07,-1.083027125e-07,-9.606880017e-06,-4.684084868e-05,-1.340935015e-04,-2.110694970e-04,-1.715417052e-04,-5.763100555e-05,
1.586624822e-01
l,3.0,-2.0
0.950,1.690,2.430,
1.037202928e-06,5.192363923e+00
5.060801868e-06,-5.506175186e-06,-1.224327975e-05,1.034418977e-04,2.838796484e-04,3.088169952e-04,2.489644208e-04,2.165262142e-04,1.013230889e-04,
6.505525990e-07,-2.271518138e-06,-8.221314021e-07,-5.494796938e-05,-2.684881245e-04,-7.647838378e-04,-1.197810475e-03,-9.637745302e-04,-3.192305826e-04,
1.587235169e-01
l,3.0,-1.0
1.030,1.770,2.510,
3.628723280e-06,5.479666821e+00
2.581081935e-05,-2.721150830e-05,-6.750141297e-05,5.055891668e-04,1.369609058e-03,1.149057698e-03,1.827311208e-04,-9.694171542e-05,2.949932629e-05,
3.302224957e-06,-1.157369363e-05,-3.199525480e-06,-2.699771146e-04,-1.311053327e-03,-3.726749051e-03,-5.815445102e-03,-4.649800162e-03,-1.530364676e-03,
1.587855830e-01
l,3.0,0.0
1.090,1.830,2.570,
1.276584915e-05,5.760392284e+00
1.369357051e-04,-1.228502958e-04,-4.050714212e-04,2.757150710e-03,8.894368407e-03,9.999243234e-03,4.398363297e-03,1.750148085e-04,-1.895386756e-04,
1.796547266e-05,-6.313529834e-05,-1.857882355e-05,-1.486725984e-03,-7.213536858e-03,-2.044129565e-02,-3.176831879e-02,-2.518464938e-02,-8.191448027e-03,
1.588478545e-01
l,3.0,1.0
1.170,1.890,2.610,
4.789442747e-05,5.863960250e+00
7.504699752e-04,-6.271078602e-04,-2.364779015e-03,1.624205252e-02,5.789940848e-02,7.726241365e-02,5.201286090e-02,1.977832654e-02,4.625967734e-03,
1.047914657e-04,-3.689744872e-04,-1.065896796e-04,-8.782333512e-03,-4.345941255e-02,-1.257126959e-01,-2.000993290e-01,-1.624321903e-01,-5.405894269e-02,
1.588477775e-01
l,3.0,2.0
1.230,1.910,2.610,
1.935015127e-04,5.929717994e+00
4.534644075e-03,-2.284850773e-03,-1.706841371e-02,1.248892192e-01,6.435163740e-01,1.419653638e+00,1.872339502e+00,1.448427753e+00,4.990195087e-01,
7.049358541e-04,-2.486083970e-03,-6.331883063e-04,-5.884402643e-02,-2.959136743e-01,-8.690226703e-01,-1.405763697e+00,-1.148689141e+00,-3.817018691e-01,
1.589580509e-01
l,3.0,3.0
1.330,1.930,2.550,
7.131435428e-04,6.769194154e+00
3.140380979e-02,-1.156092495e-02,-1.324035555e-01,1.334382240e+00,7.837177034e+00,1.955707464e+01,2.817551070e+01,2.314673328e+01,8.390641337e+00,
5.921947289e-03,-2.112965667e-02,-2.428313485e-02,-8.666487866e-01,-5.306584527e+00,-1.812658436e+01,-3.402306171e+01,-3.259473185e+01,-1.267246907e+01,
1.590512210e-01
l,4.0,-4.0
1.250,2.010,2.790,
1.418232784e-09,6.242276361e+00
3.551120997e-08,-3.286649097e-08,-1.054952060e-07,6.058750257e-07,1.802754169e-06,1.533205993e-06,-2.255661061e-07,-1.032916600e-06,-4.346339890e-07,
4.065134312e-09,-1.440995788e-08,-2.030552204e-09,-3.087703003e-07,-1.418769220e-06,-3.838187478e-06,-5.632948453e-06,-4.185929433e-06,-1.275980119e-06,
1.586624851e-01
l,4.0,-3.0
1.330,2.090,2.870,
4.384818476e-09,6.447596248e+00
1.738347066e-07,-1.345586208e-07,-5.399227115e-07,3.162618263e-06,1.214143585e-05,1.922838116e-05,1.852542976e-05,1.152389099e-05,3.542138440e-06,
2.054962900e-08,-7.304897821e-08,-1.587286643e-08,-1.629586121e-06,-7.534084836e-06,-2.038764300e-05,-2.993137090e-05,-2.215155954e-05,-6.681167776e-06,
1.587235953e-01
l,4.0,-2.0
1.410,2.190,2.970,
1.534374143e-08,6.344986560e+00
8.393677717e-07,-7.021047197e-07,-2.607213747e-06,1.460843528e-05,5.329846607e-05,7.551188731e-05,5.863126390e-05,2.688686138e-05,6.274375760e-06,
9.665608172e-08,-3.447230783e-07,-3.112978072e-08,-7.256167150e-06,-3.321092970e-05,-8.971302481e-05,-1.311097834e-04,-9.636540805e-05,-2.890702582e-05,
1.587855425e-01
l,4.0,-1.0
1.470,2.250,3.050,
5.248928361e-08,6.400237483e+00
4.215190984e-06,-2.340516508e-06,-1.503559232e-05,6.565715045e-05,3.055801245e-04,5.531694081e-04,5.749232916e-04,3.475140414e-04,9.526100639e-05,
4.875926747e-07,-1.743302740e-06,-1.377094459e-07,-3.596675251e-05,-1.607580529e-04,-4.224415540e-04,-5.961363562e-04,-4.162596946e-04,-1.167980020e-04,
1.587855830e-01
l,4.0,0.0
1.550,2.330,3.110,
1.400459803e-07,7.062780205e+00
2.112920083e-05,-1.052902945e-05,-7.478308577e-05,3.330076216e-04,1.565392251e-03,2.768065721e-03,2.663157079e-03,1.407736870e-03,3.253222504e-04,
2.640623049e-06,-9.457835933e-06,-2.727621006e-06,-2.189458853e-04,-1.014239592e-03,-2.733649589e-03,-3.994282130e-03,-2.911702218e-03,-8.532683572e-04,
1.587855863e-01
l,4.0,1.0
1.630,2.410,3.190,
5.733988874e-07,6.855754634e+00
1.082125964e-04,-5.536007570e-05,-3.940556917e-04,1.707600696e-03,8.298287936e-03,1.539588208e-02,1.600638245e-02,9.416362368e-03,2.466088809e-03,
1.330806022e-05,-4.777345802e-05,-6.909476625e-06,-1.034765887e-03,-4.740470703e-03,-1.273466119e-02,-1.847687383e-02,-1.329731021e-02,-3.839093232e-03,
1.588167404e-01
l,4.0,2.0
1.710,2.470,3.230,
1.799987777e-06,7.251939912e+00
5.786475958e-04,-2.316552390e-04,-2.171187745e-03,9.523602621e-03,5.001954552e-02,9.943935779e-02,1.100782290e-01,6.814889464e-02,1.852649100e-02,
7.740253337e-05,-2.781988064e-04,-8.358920133e-05,-6.572832186e-03,-3.106524102e-02,-8.542849663e-02,-1.278217052e-01,-9.527893844e-02,-2.844784996e-02,
1.588478362e-01
l,4.0,3.0
1.790,2.510,3.250,
6.927582862e-06,7.366939843e+00
3.290439025e-03,-6.279927131e-04,-1.362154419e-02,5.385059461e-02,3.344514704e-01,7.523535454e-01,9.365036604e-01,6.462085421e-01,1.934112636e-01,
4.841568138e-04,-1.742556505e-03,-6.125087706e-04,-4.267980156e-02,-2.065346329e-01,-5.797865339e-01,-8.892017553e-01,-6.771975214e-01,-2.050779399e-01,
1.589270592e-01
l,4.0,4.0
1.910,2.550,3.230,
1.571969430e-05,8.385758676e+00
2.071608044e-02,-2.484186956e-03,-8.258072642e-02,6.326146136e-01,4.257999755e+00,1.197531719e+01,1.926450987e+01,1.713862734e+01,6.477051897e+00,
3.514891009e-03,-1.272497237e-02,-1.417020654e-02,-4.973698959e-01,-2.864715352e+00,-9.118702499e+00,-1.578150019e+01,-1.377272087e+01,-4.817381942e+00,
1.590201490e-01
l,5.0,-5.0
1.610,2.410,3.210,
6.562136479e-12,6.961399126e+00
1.209258027e-09,-8.120254910e-10,-4.095843115e-09,1.880110242e-08,7.744498062e-08,1.206879827e-07,1.020934495e-07,4.798676040e-08,1.010429626e-08,
1.352452788e-10,-4.857556528e-10,-4.529569700e-11,-1.014147698e-08,-4.535054008e-08,-1.194424600e-07,-1.691000106e-07,-1.190982843e-07,-3.391224214e-08,
1.586616285e-01
l,5.0,-4.0
1.710,2.490,3.290,
3.016241993e-11,6.344012057e+00
5.784183799e-09,-2.796145496e-09,-1.999694923e-08,9.484861624e-08,4.896852071e-07,1.048186038e-06,1.323843574e-06,9.507720128e-07,2.946494542e-07,
6.810545449e-10,-2.451278424e-09,-6.060929220e-10,-5.522338924e-08,-2.499637043e-07,-6.594042821e-07,-9.375871840e-07,-6.613823874e-07,-1.868719811e-07,
1.586926035e-01
l,5.0,-3.0
1.790,2.590,3.390,
3.795513917e-11,8.034877858e+00
2.740702065e-08,-1.380456092e-08,-9.735077483e-08,3.894027451e-07,1.883591443e-06,3.423168828e-06,3.456375212e-06,1.962877117e-06,4.951504726e-07,
3.188977580e-09,-1.150648693e-08,-2.015505256e-09,-2.511771767e-07,-1.130760124e-06,-2.979661484e-06,-4.224129182e-06,-2.961928707e-06,-8.305753436e-07,
1.587235408e-01
l,5.0,-2.0
1.870,2.670,3.490,
2.198351112e-10,7.193858888e+00
1.318465053e-07,-4.746769149e-08,-5.015972803e-07,1.539670548e-06,8.510979793e-06,1.643780825e-05,1.734243336e-05,1.006528792e-05,2.528621446e-06,
1.492204348e-08,-5.396792834e-08,-5.050765046e-09,-1.121566726e-06,-4.918929938e-06,-1.265231738e-05,-1.735835466e-05,-1.160465139e-05,-3.057066064e-06,
1.587855425e-01
l,5.0,-1.0
1.950,2.750,3.570,
4.034925731e-10,8.137429515e+00
6.381014828e-07,-1.501800948e-07,-2.482757809e-06,6.586835083e-06,4.086271031e-05,8.397864397e-05,9.376875679e-05,5.749831378e-05,1.522154873e-05,
7.496706731e-08,-2.716116327e-07,-4.579796875e-08,-5.864915100e-06,-2.595823811e-05,-6.703041372e-05,-9.257279160e-05,-6.224633368e-05,-1.639534853e-05,
1.587545581e-01
l,5.0,0.0
2.030,2.850,3.670,
2.064081811e-09,7.631874911e+00
3.104747975e-06,-1.049454367e-06,-1.209054547e-05,3.288276408e-05,1.918153736e-04,3.744272660e-04,3.932395539e-04,2.242132203e-04,5.474380813e-05,
3.502153301e-07,-1.271531583e-06,-1.443177992e-08,-2.542994757e-05,-1.107380059e-04,-2.843213578e-04,-3.881311659e-04,-2.561659415e-04,-6.607106220e-05,
1.587858046e-01
l,5.0,1.0
2.110,2.930,3.750,
4.408461638e-09,8.349548220e+00
1.544068073e-05,-4.497454935e-06,-6.149656968e-05,1.493044623e-04,9.230431093e-04,1.830483906e-03,1.945885690e-03,1.126749059e-03,2.808872683e-04,
1.757864138e-06,-6.392535745e-06,3.724903408e-08,-1.268595976e-04,-5.518074684e-04,-1.416484863e-03,-1.931791741e-03,-1.268622941e-03,-3.236828465e-04,
1.587857276e-01
l,5.0,2.0
2.190,2.990,3.810,
2.128650875e-08,8.038216316e+00
7.872835704e-05,-7.908354020e-06,-3.229129546e-04,6.295615222e-04,4.734511992e-03,1.033646381e-02,1.197565673e-02,7.486761866e-03,1.991319138e-03,
9.489452944e-06,-3.454905677e-05,-5.588086720e-06,-7.487234047e-04,-3.317382188e-03,-8.575636744e-03,-1.184454699e-02,-7.905167618e-03,-2.042166963e-03,
1.588478362e-01
l,5.0,3.0
2.270,3.070,3.870,
5.338591493e-08,8.586720832e+00
4.117847129e-04,-6.707076096e-05,-1.697542174e-03,3.885164949e-03,2.716480169e-02,5.853055307e-02,6.726395862e-02,4.181178969e-02,1.108282912e-02,
5.119685736e-05,-1.866185862e-04,-2.465573313e-05,-4.029428301e-03,-1.811563031e-02,-4.767497094e-02,-6.728907717e-02,-4.605495870e-02,-1.226046064e-02,
1.588478305e-01
l,5.0,4.0
2.350,3.130,3.910,
2.087675845e-07,8.643505415e+00
2.260769019e-03,-2.645426869e-04,-9.790702378e-03,2.184296782e-02,1.626727329e-01,3.641331863e-01,4.331611232e-01,2.781535812e-01,7.606243126e-02,
2.972360187e-04,-1.084704526e-03,-1.123606586e-04,-2.337828044e-02,-1.068529768e-01,-2.865332361e-01,-4.133793089e-01,-2.888012948e-01,-7.824582774e-02,
1.588960115e-01
l,5.0,5.0
2.450,3.170,3.910,
1.408909777e-06,8.177011320e+00
1.343149971e-02,3.449436687e-04,-6.353197710e-02,1.394599048e-01,1.194526049e+00,2.938839785e+00,3.835673068e+00,2.715723698e+00,8.254582551e-01,
2.001494402e-03,-7.325481141e-03,-1.503568335e-03,-1.704554137e-01,-8.158428977e-01,-2.282220226e+00,-3.467484645e+00,-2.562595305e+00,-7.342970569e-01,
1.589580768e-01
l,6.0,-6.0
2.010,2.810,3.630,
3.915027905e-14,7.285163336e+00
3.982899080e-11,-1.652827135e-11,-1.488770798e-10,4.869202316e-10,2.559287162e-09,4.826218058e-09,5.028907940e-09,2.905525876e-09,7.276015248e-10,
4.423410046e-12,-1.604684350e-11,-1.760693619e-12,-3.365130369e-10,-1.473148506e-09,-3.784483892e-09,-5.187747286e-09,-3.474674614e-09,-9.206999781e-10,
1.586925981e-01
l,6.0,-5.0
2.110,2.910,3.730,
1.274163048e-13,7.322703553e+00
1.859503940e-10,-7.489081649e-11,-6.994804817e-10,2.149207427e-09,1.163745869e-08,2.219461698e-08,2.314030238e-08,1.322977953e-08,3.259248483e-09,
2.065099317e-11,-7.506830878e-11,-4.298755178e-12,-1.536459084e-09,-6.707908755e-09,-1.724299413e-08,-2.361805140e-08,-1.574470200e-08,-4.135107298e-09,
1.586926171e-01
l,6.0,-4.0
2.170,2.990,3.830,
4.716226106e-13,7.248093159e+00
8.753394121e-10,-1.965578598e-10,-3.712857391e-09,6.027932958e-09,4.633514947e-08,1.011155030e-07,1.201128817e-07,7.825218397e-08,2.173800388e-08,
9.636007907e-11,-3.509524911e-10,1.058729223e-10,-5.255043953e-09,-1.986820139e-08,-4.678141902e-08,-5.754388846e-08,-3.146552832e-08,-5.841910711e-09,
1.587235981e-01
l,6.0,-3.0
2.270,3.090,3.910,
1.104777068e-12,7.724500173e+00
4.110407126e-09,-8.924021303e-10,-1.580772234e-08,3.951049965e-08,2.532278970e-07,5.239357256e-07,5.768531497e-07,3.392238238e-07,8.386686032e-08,
4.832353952e-10,-1.762570373e-09,-3.942146027e-10,-3.932620581e-08,-1.748101104e-07,-4.525576829e-07,-6.277282180e-07,-4.244461690e-07,-1.123048055e-07,
1.587235408e-01
l,6.0,-2.0
2.370,3.190,4.010,
1.594411692e-12,8.738984243e+00
1.940679972e-08,-4.783040881e-09,-7.537717569e-08,1.672153774e-07,1.042485284e-06,1.950810016e-06,1.827115211e-06,8.465099592e-07,1.469312860e-07,
2.252123539e-09,-8.228841288e-09,-1.455074746e-09,-1.799488309e-07,-7.963403171e-07,-2.058896123e-06,-2.847702326e-06,-1.915593494e-06,-5.034573285e-07,
1.587545175e-01
l,6.0,-1.0
2.430,3.270,4.110,
2.315582052e-12,9.748697766e+00
9.270046775e-08,-1.155779122e-08,-3.955913757e-07,4.162633352e-07,4.092962541e-06,9.064591923e-06,1.058198561e-05,6.652706629e-06,1.757374491e-06,
1.048953231e-08,-3.839044988e-08,9.381155624e-09,-6.009824703e-07,-2.304731822e-06,-5.473282718e-06,-6.839997341e-06,-3.829748508e-06,-7.327761625e-07,
1.587855830e-01
l,6.0,0.0
2.530,3.370,4.210,
7.348471492e-12,9.813470974e+00
4.453459042e-07,-8.943290335e-08,-1.900360002e-06,2.090830422e-06,1.863083450e-05,3.870970638e-05,4.290643880e-05,2.637084346e-05,7.051958965e-06,
4.881776793e-08,-1.789494109e-07,6.296838030e-08,-2.624623515e-06,-9.852718368e-06,-2.317854827e-05,-2.836039135e-05,-1.513766377e-05,-2.606275728e-06,
1.587855863e-01
l,6.0,1.0
2.610,3.450,4.290,
6.831709440e-11,8.829725770e+00
2.172854010e-06,-2.678032515e-07,-9.482493569e-06,6.827585667e-06,7.782788652e-05,1.486708572e-04,1.302132432e-04,5.081792527e-05,5.429134542e-06,
2.443643041e-07,-8.968394869e-07,2.678204162e-07,-1.365263923e-05,-5.205311911e-05,-1.237066058e-04,-1.541791449e-04,-8.511896170e-05,-1.565533398e-05,
1.587857276e-01
l,6.0,2.0
2.690,3.530,4.370,
8.292980289e-11,9.960413877e+00
1.075459022e-05,-8.797477699e-07,-4.761910411e-05,2.592547897e-05,3.842240511e-04,8.300179432e-04,9.115432573e-04,5.403588151e-04,1.376303009e-04,
1.222775763e-06,-4.492924215e-06,1.360959396e-06,-6.830490045e-05,-2.604229717e-04,-6.185080074e-04,-7.697897670e-04,-4.215317676e-04,-7.528664428e-05,
1.587857863e-01
l,6.0,3.0
2.770,3.610,4.450,
5.365947657e-10,9.441756473e+00
5.424875053e-05,-4.348124233e-06,-2.442164794e-04,1.084937168e-04,1.815343013e-03,3.652453344e-03,3.421939871e-03,1.536179231e-03,2.488594578e-04,
6.119024546e-06,-2.250886575e-05,7.544450671e-06,-3.365744078e-04,-1.274810950e-03,-3.018743321e-03,-3.726180583e-03,-1.995971252e-03,-3.363161828e-04,
1.588478305e-01
l,6.0,4.0
2.850,3.670,4.510,
1.004856178e-09,1.015014355e+01
2.809707075e-04,1.443514928e-05,-1.338234905e-03,-3.151133158e-04,6.635102356e-03,1.382291455e-02,1.192676345e-02,4.242662783e-03,2.699305191e-04,
3.293828107e-05,-1.212669212e-04,3.903892913e-05,-1.833164216e-03,-7.004073449e-03,-1.667770575e-02,-2.076324050e-02,-1.117513776e-02,-1.852456555e-03,
1.588478171e-01
l,6.0,5.0
2.930,3.730,4.550,
4.313053091e-09,1.010373812e+01
1.508609043e-03,2.218004551e-04,-6.798195845e-03,3.010859486e-03,6.459089266e-02,1.574807156e-01,1.900640541e-01,1.204443069e-01,3.199451282e-02,
1.908995384e-04,-7.033581620e-04,-5.508040822e-05,-1.485830394e-02,-6.596022908e-02,-1.717967948e-01,-2.388715393e-01,-1.580359921e-01,-3.943856613e-02,
1.588788871e-01
l,6.0,6.0
3.010,3.790,4.570,
1.007595764e-08,1.064546562e+01
8.604657836e-03,1.269725485e-03,-4.058203584e-02,3.238007314e-02,4.830541547e-01,1.203426908e+00,1.503334935e+00,9.872567964e-01,2.715757638e-01,
1.192425221e-03,-4.400980009e-03,-5.388659219e-04,-9.713400935e-02,-4.475301748e-01,-1.209007655e+00,-1.759314589e+00,-1.227250652e+00,-3.253194510e-01,
1.589270389e-01
l,7.0,-7.0
2.410,3.230,4.050,
6.269366831e-16,6.609526255e+00
1.268929948e-12,-4.276018105e-13,-4.678816797e-12,1.616758149e-11,9.834226003e-11,2.244230768e-10,2.869822402e-10,1.995229690e-10,5.813836669e-11,
1.427099863e-13,-5.217872839e-13,-7.832598245e-14,-1.127918976e-11,-4.972392799e-11,-1.283476343e-10,-1.768981752e-10,-1.188032588e-10,-3.134801793e-11,
1.586926116e-01
l,7.0,-6.0
2.510,3.330,4.150,
5.986681935e-16,8.014737373e+00
5.876309855e-12,-1.844396662e-12,-2.247340609e-11,5.734116893e-11,3.370908735e-10,6.311415962e-10,5.960315867e-10,2.757900816e-10,4.613481262e-11,
6.645284089e-13,-2.433653897e-12,-3.775563316e-13,-5.276086441e-11,-2.323630286e-10,-5.990714989e-10,-8.248363402e-10,-5.524614762e-10,-1.449448029e-10,
1.587235383e-01
l,7.0,-5.0
2.570,3.410,4.250,
2.519590828e-16,1.028356326e+01
2.736197033e-11,-3.335608441e-12,-1.138501821e-10,1.593518325e-10,1.450980554e-09,3.415268335e-09,4.178086839e-09,2.634589611e-09,6.630292749e-10,
3.092578540e-12,-1.134325879e-11,2.203186399e-12,-1.832211036e-10,-7.063801500e-10,-1.680243113e-09,-2.111973153e-09,-1.202562780e-09,-2.394478145e-10,
1.587545580e-01
l,7.0,-4.0
2.670,3.510,4.350,
2.503934522e-16,1.143771089e+01
1.271236033e-10,-1.502680452e-11,-5.346023495e-10,5.977775464e-10,6.094518268e-09,1.497228550e-08,1.993840096e-08,1.427393428e-08,4.218953147e-09,
1.438425516e-11,-5.283776806e-11,1.021557552e-11,-8.562983218e-10,-3.304245647e-09,-7.859045406e-09,-9.862743721e-09,-5.582502176e-09,-1.091761453e-09,
1.587855693e-01
l,7.0,-3.0
2.770,3.610,4.450,
8.747070721e-16,1.130047058e+01
5.930910763e-10,-7.608490204e-11,-2.534142580e-09,1.981665943e-09,2.288160278e-08,5.280464772e-08,6.780301295e-08,4.929580983e-08,1.537962837e-08,
6.685588027e-11,-2.459274677e-10,5.325940327e-11,-3.944869559e-09,-1.521377185e-08,-3.626244148e-08,-4.554803045e-08,-2.571230191e-08,-4.976148009e-09,
1.587855664e-01
l,7.0,-2.0
2.850,3.690,4.550,
4.491084758e-14,8.737013175e+00
2.786896935e-09,6.906245042e-11,-1.250386028e-08,-3.088140843e-10,6.812157937e-08,1.219931004e-07,6.311916557e-08,-2.593043307e-08,-2.577285906e-08,
3.104573718e-10,-1.143541994e-09,3.437998651e-10,-1.738727188e-08,-6.598154082e-08,-1.562212187e-07,-1.937926020e-07,-1.059608815e-07,-1.899418885e-08,
1.587235169e-01
l,7.0,-1.0
2.950,3.790,4.650,
4.454434932e-14,9.947333402e+00
1.316533993e-08,-1.632923754e-10,-5.881933741e-08,6.410601423e-09,3.840414800e-07,8.318030987e-07,7.966674499e-07,3.268662779e-07,2.966952234e-08,
1.441816349e-09,-5.317616398e-09,1.843638401e-09,-7.830856354e-08,-2.918882129e-07,-6.825186747e-07,-8.294493423e-07,-4.339478267e-07,-6.966928385e-08,
1.587545581e-01
l,7.0,0.0
3.010,3.870,4.730,
7.562064177e-15,1.269863944e+01
6.267450203e-08,6.129711040e-09,-3.011840209e-07,-4.406897313e-07,-1.004199024e-06,-4.644589963e-06,-1.000018022e-05,-9.511849178e-06,-3.359577640e-06,
7.205882098e-09,-2.660249121e-08,5.313612529e-09,-4.312512950e-07,-1.663230127e-06,-3.958381112e-06,-4.974208455e-06,-2.791989917e-06,-5.246263956e-07,
1.587855863e-01
l,7.0,1.0
3.110,3.970,4.830,
3.297020908e-14,1.246645627e+01
3.017468089e-07,5.769722977e-09,-1.393506511e-06,-8.301285431e-07,2.729649960e-06,2.284464140e-07,-1.223541932e-05,-1.706977051e-05,-7.095172934e-06,
3.343138995e-08,-1.235674889e-07,3.867314169e-08,-1.875668168e-06,-7.088015703e-06,-1.672355606e-05,-2.059586948e-05,-1.104494372e-05,-1.871628121e-06,
1.587855093e-01
l,7.0,2.0
3.210,4.050,4.910,
4.748131382e-13,1.123174699e+01
1.467736979e-06,1.307775546e-07,-6.721941734e-06,-3.313062064e-06,2.926668474e-05,7.368639422e-05,8.253564256e-05,4.615307149e-05,1.018106619e-05,
1.669451352e-07,-6.176178206e-07,1.617865957e-07,-9.661433309e-06,-3.684594031e-05,-8.735712152e-05,-1.088522193e-04,-5.968908255e-05,-1.057690887e-05,
1.587857863e-01
l,7.0,3.0
3.270,4.130,4.990,
5.590890227e-13,1.220833177e+01
7.242726042e-06,9.013035563e-07,-3.393928411e-05,-3.033106419e-05,5.726958925e-05,7.267545576e-05,-1.019152234e-04,-2.108036189e-04,-9.638463928e-05,
8.334457035e-07,-3.086077890e-06,7.839495692e-07,-4.877025619e-05,-1.875611392e-04,-4.477450901e-04,-5.633168484e-04,-3.138124351e-04,-5.736160685e-05,
1.587857806e-01
l,7.0,4.0
3.370,4.210,5.070,
4.585839747e-12,1.154407037e+01
3.635547910e-05,4.717309376e-06,-1.711646221e-04,-1.329510056e-04,5.340409888e-04,1.381079366e-03,1.428441953e-03,6.959149259e-04,1.229813252e-04,
4.160587560e-06,-1.541902262e-05,4.535313612e-06,-2.379412691e-04,-9.065464544e-04,-2.153328419e-03,-2.681630483e-03,-1.455327710e-03,-2.483423581e-04,
1.588167800e-01
l,7.0,5.0
3.430,4.270,5.130,
1.678704801e-11,1.160194264e+01
1.860115008e-04,4.941377550e-05,-9.029784623e-04,-1.189273007e-03,9.588941047e-04,3.394798665e-03,2.480949098e-03,-9.655600920e-06,-4.722437484e-04,
2.235942680e-05,-8.291694311e-05,1.938498574e-05,-1.335539664e-03,-5.208457677e-03,-1.258431805e-02,-1.611934969e-02,-9.191925664e-03,-1.735096387e-03,
1.588168250e-01
l,7.0,6.0
3.510,4.350,5.190,
4.887453920e-11,1.185008527e+01
9.864659514e-04,1.851304328e-04,-4.874549005e-03,-4.816668623e-03,1.178011861e-02,3.211726413e-02,3.130432717e-02,1.377584159e-02,2.138413249e-03,
1.201803776e-04,-4.459991924e-04,1.303845806e-04,-6.989296788e-03,-2.726887257e-02,-6.619817495e-02,-8.483013566e-02,-4.761484519e-02,-8.477772405e-03,
1.588478102e-01
l,7.0,7.0
3.590,4.410,5.230,
3.300428177e-10,1.148727119e+01
5.462431815e-03,1.319879516e-03,-2.597177051e-02,-8.122951466e-03,1.684809521e-01,4.444331469e-01,5.390653075e-01,3.351172168e-01,8.632245447e-02,
6.962649014e-04,-2.586802272e-03,4.991321772e-05,-5.270342039e-02,-2.331447996e-01,-6.096438773e-01,-8.484317584e-01,-5.548115975e-01,-1.342106414e-01,
1.589271331e-01
l,8.0,-8.0
2.810,3.650,4.490,
2.962759304e-20,1.193144258e+01
3.980430081e-14,-1.069845936e-14,-1.588499092e-13,3.452708449e-13,2.610708102e-12,6.404877814e-12,8.429579799e-12,5.741382580e-12,1.558675338e-12,
4.232308342e-15,-1.557689959e-14,5.372440921e-15,-2.296759953e-13,-8.534353373e-13,-1.988652413e-12,-2.404211508e-12,-1.268635374e-12,-2.177611256e-13,
1.587235946e-01
l,8.0,-7.0
2.910,3.750,4.590,
1.504079084e-20,1.354910949e+01
1.830647043e-13,-4.474413560e-14,-7.524402278e-13,1.168955389e-12,1.002680639e-11,2.584601036e-11,3.747439239e-11,2.915222536e-11,9.226557023e-12,
1.965731748e-14,-7.244362234e-14,2.486588583e-14,-1.071419748e-12,-3.992552634e-12,-9.309053701e-12,-1.123392849e-11,-5.855194107e-12,-9.551534600e-13,
1.587235518e-01
l,8.0,-6.0
2.970,3.830,4.690,
4.549338345e-20,1.364639231e+01
8.460206819e-13,-4.160318466e-14,-3.387057356e-12,7.322892102e-12,6.320529546e-11,1.595801627e-10,2.051612570e-10,1.329235095e-10,3.393161534e-11,
9.125693090e-14,-3.367354522e-13,1.080261260e-13,-5.123876322e-12,-1.958838521e-11,-4.685628681e-11,-5.864433376e-11,-3.272010001e-11,-6.215907726e-12,
1.587235383e-01
l,8.0,-5.0
3.110,3.930,4.790,
2.444571013e-19,1.303116666e+01
3.901109904e-12,-1.004947411e-13,-1.440214682e-11,5.762241821e-11,4.870019521e-10,1.456536023e-09,2.268204155e-09,1.794324436e-09,5.659005767e-10,
4.234577333e-13,-1.564431822e-12,5.208823989e-13,-2.346397258e-11,-8.870386653e-11,-2.104431257e-10,-2.610088783e-10,-1.427516909e-10,-2.581878137e-11,
1.587235573e-01
l,8.0,-4.0
3.190,4.030,4.890,
1.156117670e-17,1.076506962e+01
1.804120915e-11,-3.136924513e-13,-7.902594453e-11,2.716078483e-11,6.515804604e-10,1.525651384e-09,1.640409471e-09,7.927675856e-10,1.126632926e-10,
1.964489352e-12,-7.266040832e-12,2.405275512e-12,-1.082936166e-10,-4.038096553e-10,-9.451790573e-10,-1.152856169e-09,-6.092524221e-10,-1.007641687e-10,
1.587545443e-01
l,8.0,-3.0
3.290,4.130,4.990,
4.204620540e-18,1.261824442e+01
8.379150152e-11,-1.977414898e-12,-3.720890365e-10,5.790264725e-11,2.896817932e-09,7.759186341e-09,1.038488949e-08,7.140317062e-09,1.965183532e-09,
9.107996302e-12,-3.372499819e-11,1.196588294e-11,-4.926897958e-10,-1.810237154e-09,-4.179786110e-09,-4.992782379e-09,-2.513708863e-09,-3.585719894e-10,
1.587545415e-01
l,8.0,-2.0
3.350,4.210,5.090,
1.795767604e-19,1.625177631e+01
3.909088886e-10,4.461707869e-11,-1.898020103e-09,-2.759061847e-09,-4.798969079e-09,-2.371272456e-08,-5.606257400e-08,-5.728822164e-08,-2.146776225e-08,
4.221877246e-11,-1.564934733e-10,5.517067012e-11,-2.308682096e-09,-8.543312706e-09,-1.984443349e-08,-2.383169787e-08,-1.211944358e-08,-1.778442678e-09,
1.587855425e-01
l,8.0,-1.0
3.450,4.310,5.190,
3.290706809e-17,1.290523209e+01
1.837334951e-09,1.649919741e-10,-8.192863194e-09,6.059013952e-10,7.075684832e-08,1.992460944e-07,2.698353937e-07,1.844092278e-07,5.032171471e-08,
1.955855546e-10,-7.257226740e-10,2.848375830e-10,-1.048322243e-08,-3.862807956e-08,-8.980386454e-08,-1.076136585e-07,-5.432382642e-08,-7.822864593e-09,
1.587855830e-01
l,8.0,0.0
3.510,4.390,5.270,
1.159754500e-18,1.657717100e+01
8.667459639e-09,1.832073806e-09,-4.292874112e-08,-9.538976622e-08,-2.554620841e-07,-8.074084918e-07,-1.469748122e-06,-1.300431415e-06,-4.430592656e-07,
9.753922944e-10,-3.622058378e-09,1.021282638e-09,-5.598116372e-08,-2.115064694e-07,-4.983001667e-07,-6.156777498e-07,-3.319043958e-07,-5.639958582e-08,
1.587545614e-01
l,8.0,1.0
3.610,4.490,5.370,
2.106598196e-18,1.697276031e+01
4.140365917e-08,5.972569203e-09,-2.004830849e-07,-3.206658873e-07,-4.159320634e-07,-1.411717520e-06,-3.028422789e-06,-2.921991277e-06,-1.047227958e-06,
4.516574047e-09,-1.678797543e-08,5.953682942e-09,-2.479045084e-07,-9.177777410e-07,-2.134874855e-06,-2.572312383e-06,-1.310045603e-06,-1.904229797e-07,
1.587855093e-01
l,8.0,2.0
3.730,4.570,5.450,
3.224228755e-15,1.223175467e+01
1.989937033e-07,4.585692965e-08,-8.871107338e-07,-3.775245804e-07,6.771832664e-06,2.293539573e-05,3.613451479e-05,2.861033789e-05,9.046638307e-06,
2.251286665e-08,-8.374121655e-08,2.289691343e-08,-1.314711315e-06,-5.035904912e-06,-1.202678216e-05,-1.514777038e-05,-8.463754788e-06,-1.562790248e-06,
1.587545431e-01
l,8.0,3.0
3.790,4.650,5.530,
2.158921865e-15,1.353165077e+01
9.658953104e-07,2.750418067e-07,-4.756594414e-06,-1.127712720e-05,-2.877039041e-05,-8.450820984e-05,-1.485620974e-04,-1.284177711e-04,-4.288643313e-05,
1.122348403e-07,-4.177784300e-07,8.293074946e-08,-6.857419029e-06,-2.660188069e-05,-6.390353535e-05,-8.147159325e-05,-4.663492078e-05,-9.023241401e-06,
1.587855623e-01
l,8.0,4.0
3.870,4.730,5.610,
1.062129705e-13,1.160424864e+01
4.755061127e-06,1.533938357e-06,-2.176261777e-05,-2.569924281e-05,7.378251673e-05,3.022926252e-04,4.842220905e-04,3.827232823e-04,1.207211008e-04,
5.593063449e-07,-2.083382693e-06,3.846292076e-07,-3.466463161e-05,-1.358054573e-04,-3.289966363e-04,-4.246501117e-04,-2.483639200e-04,-5.013312654e-05,
1.587855490e-01
l,8.0,5.0
3.950,4.810,5.690,
2.949998154e-14,1.354296705e+01
2.377505916e-05,7.729380471e-06,-1.175623860e-04,-2.691644108e-04,-5.430419246e-04,-1.401257924e-03,-2.416622165e-03,-2.088961732e-03,-6.988253889e-04,
2.786667038e-06,-1.038717874e-05,2.424126114e-06,-1.679326518e-04,-6.520492225e-04,-1.572786466e-03,-2.011937806e-03,-1.150184912e-03,-2.200846987e-04,
1.587858122e-01
l,8.0,6.0
4.030,4.890,5.770,
3.373211187e-13,1.275931660e+01
1.213694995e-04,3.629129252e-05,-5.936349078e-04,-9.622874706e-04,2.262765341e-04,2.694642829e-03,4.205786367e-03,3.111269698e-03,9.340793549e-04,
1.388154703e-05,-5.177733454e-05,1.853961314e-05,-7.777079692e-04,-2.955528094e-03,-7.065259084e-03,-8.847321377e-03,-4.791722942e-03,-8.010733699e-04,
1.587857602e-01
l,8.0,7.0
4.110,4.970,5.830,
4.630367817e-13,1.353215272e+01
6.359905237e-04,1.532683060e-04,-3.204350577e-03,-5.488622721e-03,-4.246380838e-03,-9.072444672e-03,-2.210679303e-02,-2.296416007e-02,-8.431362302e-03,
7.452735583e-05,-2.781344819e-04,9.591834044e-05,-4.235637071e-03,-1.624053756e-02,-3.905096588e-02,-4.924013526e-02,-2.678088742e-02,-4.433455439e-03,
1.588479043e-01
l,8.0,8.0
4.190,5.030,5.870,
7.366522521e-13,1.419460966e+01
3.442480927e-03,1.037399214e-03,-1.770786800e-02,-2.884022335e-02,-3.767263635e-04,3.590221538e-02,2.547696401e-02,-4.681676356e-03,-7.257271317e-03,
4.312309849e-04,-1.610491429e-03,4.552683712e-04,-2.584092839e-02,-1.023849121e-01,-2.524683113e-01,-3.304047604e-01,-1.906790761e-01,-3.544750637e-02,
1.589099017e-01
l,9.0,-9.0
3.210,4.050,4.910,
3.915508778e-24,1.524301799e+01
1.235451023e-15,-3.561934201e-17,-5.432056869e-15,3.502071092e-15,6.534773373e-14,1.993860232e-13,3.056039425e-13,2.336519248e-13,6.975345033e-14,
1.338323754e-16,-4.951162022e-16,1.674857083e-16,-7.139530550e-15,-2.539868206e-14,-5.658033266e-14,-6.437414073e-14,-2.920867203e-14,-2.779470087e-15,
1.587235959e-01
l,9.0,-8.0
3.310,4.150,5.010,
9.479994416e-25,1.721580329e+01
5.649121070e-15,-4.174444777e-17,-2.594375514e-14,-4.931997987e-15,1.804381322e-13,6.229616398e-13,1.096028096e-12,9.746209401e-13,3.380954476e-13,
6.204376400e-16,-2.297846691e-15,7.118513352e-16,-3.397839725e-14,-1.225269311e-13,-2.748719048e-13,-3.154872658e-13,-1.453859908e-13,-1.443119755e-14,
1.587235946e-01
l,9.0,-7.0
3.430,4.270,5.110,
2.029654132e-21,1.191166929e+01
2.584880958e-14,-3.256622739e-15,-1.057941087e-13,1.478015836e-13,1.449819660e-12,3.545101997e-12,4.283221364e-12,2.494821567e-12,5.276199931e-13,
2.875165382e-15,-1.065966462e-14,2.609638101e-15,-1.695928856e-13,-6.508068815e-13,-1.554658897e-12,-1.963439681e-12,-1.117560524e-12,-2.199804666e-13,
1.587236063e-01
l,9.0,-6.0
3.530,4.370,5.210,
2.141344501e-22,1.459596079e+01
1.185281934e-13,-1.220144982e-14,-4.913323809e-13,5.234509002e-13,6.330482860e-12,1.770024806e-11,2.588573011e-11,1.942619568e-11,5.804948593e-12,
1.331867755e-14,-4.942897261e-14,1.156736756e-14,-7.912854773e-13,-3.037974078e-12,-7.232418013e-12,-9.079710473e-12,-5.090717779e-12,-9.608493199e-13,
1.587235928e-01
l,9.0,-5.0
3.590,4.450,5.310,
9.392521012e-25,1.980391657e+01
5.454089871e-13,3.649248090e-14,-2.457551710e-12,-1.642359524e-12,1.763127244e-12,-1.847161680e-11,-6.920062545e-11,-8.272705626e-11,-3.371907423e-11,
6.167362024e-14,-2.291092937e-13,4.547425229e-14,-3.808133345e-12,-1.503591507e-11,-3.666900332e-11,-4.743153309e-11,-2.798451947e-11,-5.821134469e-12,
1.587236118e-01
l,9.0,-4.0
3.690,4.550,5.430,
1.297908002e-20,1.321994957e+01
2.515530102e-12,1.872078037e-13,-1.028884618e-11,1.783314157e-11,2.079873516e-10,6.207296150e-10,9.305270726e-10,7.015788414e-10,2.101476375e-10,
2.651264628e-13,-9.860129520e-13,3.796569963e-13,-1.444267102e-11,-5.366472008e-11,-1.258060785e-10,-1.524728699e-10,-7.901390275e-11,-1.235976812e-11,
1.587855693e-01
l,9.0,-3.0
3.750,4.630,5.530,
2.622582463e-26,2.410525356e+01
1.159691961e-11,2.661932820e-12,-6.184927107e-11,-2.055431700e-10,-8.174852552e-10,-2.528506647e-09,-4.315046004e-09,-3.672727250e-09,-1.225655981e-09,
1.226758538e-12,-4.566435751e-12,1.898061179e-12,-6.465998815e-11,-2.334002989e-10,-5.326030399e-10,-6.203165330e-10,-2.928034003e-10,-3.289993849e-11,
1.587855664e-01
l,9.0,-2.0
3.850,4.730,5.610,
5.215872459e-26,2.423199731e+01
5.398476111e-11,1.165053097e-11,-2.664552081e-10,-5.844916046e-10,-1.445270583e-09,-4.358408751e-09,-7.844169486e-09,-6.967300264e-09,-2.406704292e-09,
6.110984988e-12,-2.276303872e-11,6.138526410e-12,-3.547595040e-10,-1.341126135e-09,-3.161124512e-09,-3.916044298e-09,-2.117450826e-09,-3.596782614e-10,
1.587235169e-01
l,9.0,-1.0
3.970,4.830,5.710,
8.560861127e-23,1.952982492e+01
2.527422993e-10,4.809352618e-11,-1.298599745e-09,-3.667390052e-09,-1.425519982e-08,-4.837228500e-08,-8.860411318e-08,-7.904344254e-08,-2.725194301e-08,
2.826512288e-11,-1.053740606e-10,2.939833199e-11,-1.643069046e-09,-6.228180775e-09,-1.473876485e-08,-1.831523203e-08,-9.961306795e-09,-1.721479642e-09,
1.587545581e-01
l,9.0,0.0
4.070,4.930,5.810,
8.005031987e-21,1.706402238e+01
1.190936016e-09,1.864444332e-10,-5.580773390e-09,-6.934413745e-09,1.684075283e-09,-6.011834713e-09,-4.737278458e-08,-6.557006216e-08,-2.843802576e-08,
1.306944858e-10,-4.876307759e-10,1.497680173e-10,-7.519463151e-09,-2.845735781e-08,-6.744406225e-08,-8.369699035e-08,-4.538826128e-08,-7.829188989e-09,
1.587855863e-01
l,9.0,1.0
4.130,5.010,5.910,
1.029964245e-19,1.612780550e+01
5.624389843e-09,1.487492305e-09,-2.853431223e-08,-7.864074757e-08,-2.356141060e-07,-6.740944078e-07,-1.138047606e-06,-9.638456757e-07,-3.190905862e-07,
6.040180144e-10,-2.255394890e-09,8.749895298e-10,-3.291502744e-08,-1.214537101e-07,-2.834261353e-07,-3.426320716e-07,-1.754238765e-07,-2.602698966e-08,
1.587855093e-01
l,9.0,2.0
4.230,5.110,5.990,
6.577391281e-21,1.886565093e+01
2.691822054e-08,5.372521592e-09,-1.314906365e-07,-2.917820174e-07,-7.200735462e-07,-2.141490039e-06,-3.820890901e-06,-3.356353721e-06,-1.141232903e-06,
3.007277345e-09,-1.123592786e-08,3.104502417e-09,-1.764193368e-07,-6.711262793e-07,-1.594354192e-06,-1.990976698e-06,-1.091817219e-06,-1.921596825e-07,
1.587855479e-01
l,9.0,3.0
4.290,5.190,6.090,
5.999496006e-17,1.345293147e+01
1.294718999e-07,3.424232932e-08,-6.272838950e-07,-1.187337565e-06,-1.242938043e-06,-2.471398609e-06,-5.159150352e-06,-5.179973756e-06,-1.896557953e-06,
1.389135827e-08,-5.193961242e-08,2.079430964e-08,-7.568557251e-07,-2.808837564e-06,-6.606293437e-06,-8.062488118e-06,-4.195259319e-06,-6.496917277e-07,
1.587855623e-01
l,9.0,4.0
4.390,5.270,6.170,
1.986975147e-19,1.819246610e+01
6.282812137e-07,1.984136093e-07,-3.131693593e-06,-8.151327248e-06,-1.966150707e-05,-4.952770112e-05,-8.019661198e-05,-6.689834581e-05,-2.204750030e-05,
6.913480059e-08,-2.586413498e-07,8.928382589e-08,-3.912528240e-06,-1.474037894e-05,-3.496245614e-05,-4.335453024e-05,-2.332792907e-05,-3.924347978e-06,
1.587855490e-01
l,9.0,5.0
4.450,5.350,6.250,
3.004967773e-16,1.414755341e+01
3.088933909e-06,1.072013687e-06,-1.501390468e-05,-3.318710340e-05,-4.695334970e-05,-8.561031271e-05,-1.392433141e-04,-1.222419964e-04,-4.163688271e-05,
3.440138709e-07,-1.287710047e-06,4.253638030e-07,-1.975940395e-05,-7.523548754e-05,-1.801675930e-04,-2.267783385e-04,-1.255421989e-04,-2.256958255e-05,
1.587855939e-01
l,9.0,6.0
4.550,5.430,6.330,
1.101154099e-17,1.720905726e+01
1.539709956e-05,5.451827738e-06,-7.726265733e-05,-2.009580220e-04,-4.312271555e-04,-9.721439915e-04,-1.498988844e-03,-1.219917936e-03,-3.954975376e-04,
1.711528901e-06,-6.410051643e-06,2.347763905e-06,-9.618933023e-05,-3.634784543e-04,-8.667652756e-04,-1.081065283e-03,-5.843580475e-04,-9.854276046e-05,
1.587855420e-01
l,9.0,7.0
4.630,5.510,6.390,
5.607269532e-14,1.248442351e+01
7.815229765e-05,2.688116045e-05,-3.732417399e-04,-7.022901346e-04,-3.456146628e-04,4.707531016e-04,9.487384253e-04,7.502622570e-04,2.477346351e-04,
9.178189919e-06,-3.438821463e-05,7.912129693e-06,-5.648836908e-04,-2.216512079e-03,-5.409667354e-03,-7.028751034e-03,-4.117738002e-03,-8.248027459e-04,
1.588168672e-01
l,9.0,8.0
4.710,5.570,6.450,
1.450589794e-15,1.577582802e+01
4.022941866e-04,1.824446419e-04,-1.979512159e-03,-4.860244614e-03,-7.474728417e-03,-1.249975109e-02,-1.812515891e-02,-1.506463182e-02,-5.055366602e-03,
4.921576978e-05,-1.844774188e-04,3.469305314e-05,-3.123956781e-03,-1.246811632e-02,-3.081389567e-02,-4.079018040e-02,-2.459962171e-02,-5.170695080e-03,
1.588478275e-01
l,9.0,9.0
4.790,5.650,6.510,
2.532109963e-14,1.483605060e+01
2.156459028e-03,7.947545663e-04,-1.108687469e-02,-2.446591010e-02,-3.047653039e-02,-4.468573678e-02,-6.563049748e-02,-5.459629531e-02,-1.776251240e-02,
2.638770020e-04,-9.896910266e-04,3.067682143e-04,-1.566850563e-02,-6.172460701e-02,-1.521730294e-01,-1.991722787e-01,-1.153352795e-01,-2.180250421e-02,
1.588478340e-01
