l,1.0,-1.0
0.170,0.710,1.250,
1.257690794e-02,2.901269572e+00
3.205575049e-04,-8.248827535e-04,1.225673109e-03,1.912276488e-02,1.051698463e-01,4.285115337e-01,8.172446598e-01,6.553349333e-01,1.667155085e-01,
4.741498939e-05,-1.947082187e-04,-3.863765139e-04,-1.378908161e-02,-1.051469787e-01,-4.341719135e-01,-9.738229080e-01,-1.125593479e+00,-5.270352122e-01,
1.582290307e-01
l,1.0,0.0
0.230,0.530,0.850,
1.906527449e-01,3.488391514e+00
5.368162878e-03,-4.664051806e-03,6.597181796e-02,3.052255663e+00,3.348248409e+01,2.212366560e+02,8.458563695e+02,1.679853867e+03,1.341097072e+03,
2.124142527e-03,-8.084167547e-03,-6.627325270e-02,-2.264225882e+00,-2.886574120e+01,-1.956542583e+02,-7.313679373e+02,-1.419964284e+03,-1.120259842e+03,
1.591434829e-01
l,1.0,1.0
0.350,0.510,0.730,
5.439619306e+01,5.870301686e+00
1.530839056e-01,-1.084730132e+00,1.116745271e+01,4.012614187e+02,9.613539329e+03,1.425704325e+05,1.008067379e+06,3.312004107e+06,4.127884888e+06,
3.924874932e-02,-2.038045360e-01,-3.596428177e+00,-2.153418903e+02,-4.514836371e+03,-4.815764306e+04,-2.721769756e+05,-7.819908259e+05,-8.999487946e+05,
1.591443562e-01
l,2.0,-2.0
0.410,0.970,1.550,
1.074307507e-04,4.016764767e+00
1.217210956e-05,-2.843228454e-05,9.971231965e-06,5.879752198e-04,2.700894803e-03,1.260047881e-02,3.351190817e-02,4.161224949e-02,1.948972179e-02,
1.488834543e-06,-6.342676715e-06,-3.043545605e-06,-2.418276521e-04,-1.522735694e-03,-5.607187120e-03,-1.142324008e-02,-1.215462960e-02,-5.338836352e-03,
1.582910413e-01
l,2.0,-1.0
0.470,1.010,1.570,
4.507728932e-04,4.167982454e+00
9.051409870e-05,-1.797396779e-04,-9.590565990e-05,4.437404754e-03,1.720772115e-02,6.774292196e-02,1.946786993e-01,2.740657061e-01,1.449932778e-01,
1.242513937e-05,-5.303789790e-05,-2.751910849e-05,-2.086673805e-03,-1.348477590e-02,-5.081883096e-02,-1.063649824e-01,-1.160815311e-01,-5.236583225e-02,
1.586624378e-01
l,2.0,0.0
0.530,1.070,1.630,
2.480212885e-03,4.414601042e+00
6.545414217e-04,-1.366641052e-03,-5.620044458e-04,3.141489335e-02,1.089071692e-01,4.312017459e-01,1.315302083e+00,1.917589311e+00,1.033112288e+00,
8.706465704e-05,-3.738077663e-04,-2.424768966e-04,-1.556994327e-02,-1.008502506e-01,-3.804169437e-01,-7.964403324e-01,-8.708209562e-01,-3.939011374e-01,
1.584767041e-01
l,2.0,1.0
0.590,0.990,1.430,
2.378359335e-02,5.097843532e+00
7.902299054e-03,-7.340581382e-03,-2.546712499e-02,1.043265606e+00,6.932781962e+00,2.606548893e+01,6.728582869e+01,1.021544251e+02,6.533576137e+01,
1.869234423e-03,-7.937313938e-03,-1.939457678e-02,-6.915300300e-01,-6.039073065e+00,-2.904801924e+01,-7.771596017e+01,-1.079614467e+02,-6.127188149e+01,
1.591132612e-01
l,2.0,2.0
0.710,0.970,1.270,
8.544257516e-01,7.727615558e+00
1.876167953e-01,-7.598988550e-01,1.646614664e-01,4.796457095e+01,-4.022328766e+02,-5.168316363e+03,-1.770469756e+04,-2.227752916e+04,-5.522189811e+03,
3.904988967e-02,-1.978196670e-01,-1.174367948e+00,-5.117919187e+01,-6.632813180e+02,-4.758797428e+03,-1.887837342e+04,-3.929338086e+04,-3.367400193e+04,
1.591132668e-01
l,3.0,-3.0
0.630,1.230,1.830,
9.707736110e-07,5.421043168e+00
4.351190057e-07,-8.810278564e-07,-1.185730417e-06,7.112756012e-06,-3.306990993e-05,-1.972986439e-04,-3.474595395e-04,-2.731127289e-04,-8.404449097e-05,
4.913035363e-08,-2.141516724e-07,-6.280305290e-08,-7.599775535e-06,-4.565593320e-05,-1.614604324e-04,-3.131189924e-04,-3.146454110e-04,-1.309095139e-04,
1.584148853e-01
l,3.0,-2.0
0.730,1.310,1.910,
2.793808887e-06,5.174679539e+00
2.704641929e-06,-4.668189600e-06,-5.919516019e-06,1.296915224e-04,4.975602256e-04,1.327585074e-03,2.920193543e-03,3.697098604e-03,1.852654575e-03,
3.145143359e-07,-1.378119626e-06,-2.985098507e-07,-4.781626301e-05,-2.878857873e-04,-1.024300099e-03,-2.000190405e-03,-2.017184375e-03,-8.421294022e-04,
1.586623985e-01
l,3.0,-1.0
0.770,1.370,1.990,
1.274471452e-05,5.952097761e+00
1.743167923e-05,-2.283947004e-05,-6.541455988e-05,7.020466369e-04,2.582006036e-03,3.876272026e-03,3.527423467e-03,2.332192808e-03,8.482675247e-04,
2.005570226e-06,-8.830149477e-06,-2.821395701e-06,-3.132527372e-04,-1.836707355e-03,-6.306256700e-03,-1.180780153e-02,-1.129884285e-02,-4.450650961e-03,
1.585695441e-01
l,3.0,0.0
0.850,1.450,2.050,
4.646476567e-05,5.110755201e+00
1.152280965e-04,-1.621682759e-04,-4.508572167e-04,4.084655148e-03,1.267190890e-02,1.169028723e-02,3.586055781e-03,5.688475049e-03,6.608722455e-03,
1.396507216e-05,-6.169349253e-05,-2.305193384e-05,-2.271765580e-03,-1.362964798e-02,-4.788971239e-02,-9.218760685e-02,-9.095234317e-02,-3.695105970e-02,
1.586615670e-01
l,3.0,1.0
0.890,1.490,2.090,
2.865052699e-04,6.318591191e+00
8.751857094e-04,-1.158760128e-03,-3.714810489e-03,3.251586536e-02,9.960654096e-02,3.517563208e-02,-2.057008280e-01,-3.114625071e-01,-1.409854596e-01,
1.060796946e-04,-4.697627552e-04,-2.027501339e-04,-1.776167092e-02,-1.067181830e-01,-3.748312298e-01,-7.206282866e-01,-7.096361088e-01,-2.879299994e-01,
1.586005145e-01
l,3.0,2.0
0.950,1.450,1.970,
1.912147814e-03,6.259384493e+00
9.279900230e-03,-5.239804105e-03,-5.181028282e-02,7.308102746e-01,5.076704519e+00,1.600972744e+01,3.029728813e+01,3.295941690e+01,1.559074499e+01,
1.645958549e-03,-7.280811377e-03,-1.154285094e-02,-4.890295871e-01,-3.747501673e+00,-1.571556514e+01,-3.585965316e+01,-4.164828323e+01,-1.954902667e+01,
1.590511859e-01
l,3.0,3.0
1.050,1.430,1.810,
1.971227318e-02,8.497381014e+00
1.905657947e-01,-4.080344347e-01,-1.280434689e+00,5.847968962e+01,3.678712930e+02,8.068924468e+02,3.474802246e+02,-1.118523962e+03,-1.207934122e+03,
3.337160434e-02,-1.642324312e-01,-7.484454292e-01,-3.091428763e+01,-3.418117914e+02,-2.018890336e+03,-6.414163629e+03,-1.046759259e+04,-6.961824488e+03,
1.590822033e-01
l,4.0,-4.0
0.930,1.490,2.110,
5.249305869e-09,6.721287065e+00
1.459846999e-08,-2.265306498e-08,-2.608418839e-08,1.038005591e-06,6.169586485e-06,2.312307061e-05,5.439048721e-05,6.761335932e-05,3.343904350e-05,
1.582698564e-09,-7.013507335e-09,-1.758714194e-09,-2.467269017e-07,-1.455964467e-06,-5.063055172e-06,-9.601388866e-06,-9.354661405e-06,-3.766479738e-06,
1.584767609e-01
l,4.0,-3.0
0.970,1.590,2.210,
1.902110069e-08,1.172618698e+01
8.326406942e-08,-1.155765477e-07,-3.931130548e-07,1.445545114e-06,-4.432556330e-06,-5.611336487e-05,-1.598765442e-04,-1.995528308e-04,-9.518192921e-05,
9.213812488e-09,-4.102731254e-08,-7.169055923e-09,-1.390442126e-06,-8.041280617e-06,-2.745449793e-05,-5.091413627e-05,-4.808648463e-05,-1.870879218e-05,
1.586625052e-01
l,4.0,-2.0
1.090,1.670,2.310,
5.222697924e-08,6.748972375e+00
4.902698265e-07,-4.972527402e-07,-2.123843175e-06,2.248342506e-05,1.348082556e-04,4.230468793e-04,8.563257105e-04,9.763261199e-04,4.595644175e-04,
5.346651882e-08,-2.391233414e-07,-3.809320992e-08,-7.928311145e-06,-4.455350920e-05,-1.473998887e-04,-2.629186386e-04,-2.355710190e-04,-8.611733962e-05,
1.586623985e-01
l,4.0,-1.0
1.130,1.750,2.390,
1.245824112e-07,1.052920808e+01
2.958852065e-06,-2.327037979e-06,-1.635088693e-05,6.359049330e-05,2.070906478e-04,-3.257746906e-04,-2.118693447e-03,-3.256496009e-03,-1.708088877e-03,
3.386981386e-07,-1.519700665e-06,-5.097659755e-07,-5.392353075e-05,-3.057596270e-04,-1.010252334e-03,-1.801984756e-03,-1.606792228e-03,-5.788248097e-04,
1.586314370e-01
l,4.0,0.0
1.190,1.830,2.490,
6.960332249e-07,7.847210957e+00
1.864984915e-05,-1.420872046e-05,-9.991833645e-05,5.210308562e-04,2.754777475e-03,5.168236459e-03,4.523574563e-03,1.288546410e-03,-3.173557688e-04,
1.959403855e-06,-8.824590062e-06,-5.193560489e-07,-2.785171425e-04,-1.514963285e-03,-4.856927190e-03,-8.300800034e-03,-6.996187926e-03,-2.369955731e-03,
1.586624372e-01
l,4.0,1.0
1.250,1.890,2.550,
4.486767140e-06,6.407237824e+00
1.279193966e-04,-8.897490089e-05,-7.298465042e-04,3.191125783e-03,1.823338172e-02,3.765386882e-02,4.321549217e-02,2.912035127e-02,9.391252541e-03,
1.355537349e-05,-6.117948441e-05,-1.679507601e-06,-1.903990377e-03,-1.029915647e-02,-3.287142236e-02,-5.580336923e-02,-4.643096860e-02,-1.543006710e-02,
1.586615674e-01
l,4.0,2.0
1.330,1.930,2.570,
2.283298713e-05,6.957290240e+00
9.850943461e-04,-6.567051391e-04,-5.402677135e-03,3.311812883e-02,2.039529083e-01,5.170344621e-01,7.817689212e-01,6.935804840e-01,2.738314690e-01,
1.122774393e-04,-5.072178146e-04,-1.118641287e-04,-1.733057714e-02,-9.723090204e-02,-3.195816927e-01,-5.642657867e-01,-4.935708543e-01,-1.734683649e-01,
1.586004656e-01
l,4.0,3.0
1.390,1.930,2.490,
1.424011515e-04,7.481998594e+00
9.785237722e-03,-5.381508448e-03,-6.357883660e-02,4.384986182e-01,2.982765162e+00,7.998516296e+00,1.231546346e+01,1.100385152e+01,4.450710418e+00,
1.469195273e-03,-6.643536883e-03,-1.982408199e-03,-2.502834306e-01,-1.561080733e+00,-5.710350596e+00,-1.145824753e+01,-1.151277993e+01,-4.668472733e+00,
1.590201346e-01
l,4.0,4.0
1.470,1.890,2.330,
6.070000363e-04,9.951525555e+00
1.798413992e-01,-1.553053204e-01,-1.833099555e+00,3.065850332e+01,2.563381958e+02,8.497736993e+02,1.464561705e+03,1.284025650e+03,4.423139103e+02,
2.938777250e-02,-1.429744402e-01,-2.355403693e-01,-1.153733342e+01,-9.462232795e+01,-4.426140302e+02,-1.126788494e+03,-1.470534602e+03,-7.981779123e+02,
1.590511945e-01
l,5.0,-5.0
1.190,1.750,2.390,
1.553724836e-11,1.009422373e+01
4.633272099e-10,-4.724643254e-10,-1.169610006e-09,3.985646621e-08,2.931701583e-07,1.151827679e-06,2.614771456e-06,3.098904446e-06,1.469247486e-06,
5.008753459e-11,-2.247369460e-10,-6.433055762e-11,-7.854379010e-09,-4.452705430e-08,-1.483042819e-07,-2.673466615e-07,-2.435903648e-07,-9.088432570e-08,
1.585385396e-01
l,5.0,-4.0
1.290,1.850,2.490,
3.799150696e-11,1.009567195e+01
2.546717948e-09,-1.855713542e-09,-4.027301414e-09,2.684977614e-07,2.041894106e-06,7.900094612e-06,1.720613938e-05,1.953887121e-05,8.933281162e-06,
2.898171411e-10,-1.305245798e-09,-4.765872804e-10,-4.721919290e-08,-2.707171621e-07,-9.082886166e-07,-1.653181652e-06,-1.514460908e-06,-5.638275998e-07,
1.586005708e-01
l,5.0,-3.0
1.370,1.970,2.610,
2.663636056e-10,7.300104924e+00
1.387579029e-08,-1.229838875e-08,-8.261866401e-08,2.637322837e-07,1.215018545e-06,1.512439344e-06,7.139863096e-07,4.767695402e-07,4.930622388e-07,
1.529505570e-09,-6.916656721e-09,-1.337824102e-09,-2.338149253e-07,-1.304249385e-06,-4.266117529e-06,-7.486837257e-06,-6.520441164e-06,-2.286534432e-06,
1.586625052e-01
l,5.0,-2.0
1.410,2.050,2.710,
4.570212584e-10,9.394950557e+00
7.960532855e-08,-3.816069611e-08,-4.017029932e-07,2.670840941e-06,1.719596209e-05,4.387106669e-05,6.075357210e-05,4.403096996e-05,1.276666648e-05,
8.816620916e-09,-3.999475113e-08,-9.366398491e-09,-1.363895933e-06,-7.541218525e-06,-2.437783680e-05,-4.220482137e-05,-3.596598917e-05,-1.219971766e-05,
1.586623985e-01
l,5.0,-1.0
1.510,2.150,2.810,
3.809733721e-09,7.225063360e+00
4.640590987e-07,-2.510685207e-07,-2.797245157e-06,7.921657315e-06,5.035477907e-05,9.790619189e-05,9.736582733e-05,5.431018619e-05,1.543898742e-05,
5.075308215e-08,-2.308972117e-07,-4.315531876e-08,-7.704359768e-06,-4.206862863e-05,-1.345224320e-04,-2.295537274e-04,-1.915354925e-04,-6.317559695e-05,
1.586624378e-01
l,5.0,0.0
1.570,2.230,2.910,
9.983279472e-09,8.320599659e+00
2.847411906e-06,-1.277622684e-06,-1.623150947e-05,6.509021472e-05,4.646607286e-04,1.193965567e-03,1.682460840e-03,1.283570826e-03,4.120011884e-04,
2.917910174e-07,-1.331049747e-06,6.236798376e-08,-4.004172855e-05,-2.106839289e-04,-6.559176874e-04,-1.075412742e-03,-8.456405045e-04,-2.584776960e-04,
1.586624372e-01
l,5.0,1.0
1.630,2.290,2.970,
6.879952000e-09,1.219156043e+01
1.854750917e-05,-4.781157035e-06,-1.166660945e-04,1.792985779e-04,1.405306239e-03,1.641445887e-03,-2.099723038e-03,-5.934675890e-03,-3.554137271e-03,
2.011748293e-06,-9.190902221e-06,-2.298913747e-06,-3.121992883e-04,-1.681394875e-03,-5.270543654e-03,-8.771906740e-03,-7.057353340e-03,-2.205380610e-03,
1.586624376e-01
l,5.0,2.0
1.690,2.350,3.030,
4.151204247e-08,1.167191024e+01
1.297881972e-04,-3.724361840e-05,-8.311291093e-04,1.149917046e-03,9.167977504e-03,9.744444257e-03,-1.603268029e-02,-4.043851630e-02,-2.341003189e-02,
1.386459504e-05,-6.343609937e-05,-9.926740006e-06,-2.082079237e-03,-1.113532308e-02,-3.481651218e-02,-5.760807863e-02,-4.585297143e-02,-1.412239254e-02,
1.586624431e-01
l,5.0,3.0
1.750,2.390,3.050,
8.540742284e-07,9.318223220e+00
1.015188056e-03,-3.167830070e-04,-6.100948859e-03,2.072408589e-02,1.580400000e-01,3.956688805e-01,5.204148097e-01,3.574677511e-01,9.946497172e-02,
1.147374363e-04,-5.253354466e-04,-1.504590934e-04,-1.840072130e-02,-1.014519682e-01,-3.258911824e-01,-5.587846390e-01,-4.664444841e-01,-1.525543021e-01,
1.586624504e-01
l,5.0,4.0
1.810,2.390,2.990,
2.172135599e-05,7.269643601e+00
9.912179783e-03,-1.657766360e-03,-6.944699682e-02,2.498696623e-01,2.188703494e+00,6.198322219e+00,9.406239863e+00,7.778484197e+00,2.785665003e+00,
1.375036089e-03,-6.304591396e-03,-1.592797820e-03,-2.280165381e-01,-1.344267195e+00,-4.638600345e+00,-8.662541901e+00,-7.898245898e+00,-2.818804518e+00,
1.589580732e-01
l,5.0,5.0
1.890,2.370,2.850,
3.469500949e-05,1.029208186e+01
1.620807946e-01,-9.782614881e-02,-1.528248589e+00,1.844214338e+01,1.615587541e+02,5.658709366e+02,1.082319229e+03,1.120958386e+03,4.942354857e+02,
2.484785837e-02,-1.198501062e-01,-1.584644295e-01,-8.395803714e+00,-6.470729746e+01,-2.814620362e+02,-6.585725118e+02,-7.765069548e+02,-3.736863681e+02,
1.590201390e-01
l,6.0,-6.0
1.450,2.050,2.690,
1.374564824e-13,7.914044652e+00
1.355379003e-11,-1.461077895e-11,-8.654412613e-11,1.491078629e-10,2.203854087e-10,-1.922315390e-09,-5.071577792e-09,-4.217466913e-09,-9.430266559e-10,
1.427330171e-12,-6.470867825e-12,-5.287010366e-13,-2.087813948e-10,-1.146135516e-09,-3.714368545e-09,-6.429125282e-09,-5.516212032e-09,-1.913712959e-09,
1.585385462e-01
l,6.0,-5.0
1.590,2.150,2.790,
3.621370105e-14,1.305001156e+01
7.311853900e-11,-5.236914877e-11,-1.274773748e-10,8.029845274e-09,6.595705352e-08,2.721940910e-07,6.214334584e-07,7.302064137e-07,3.425319452e-07,
8.223443680e-12,-3.739093635e-11,-1.245301936e-11,-1.346119926e-09,-7.656641477e-09,-2.551377366e-08,-4.596706119e-08,-4.142156407e-08,-1.508724422e-08,
1.586313970e-01
l,6.0,-4.0
1.690,2.270,2.910,
4.454622969e-13,1.001803795e+01
3.903244949e-10,-3.260065095e-10,-3.057707568e-09,-2.358148783e-09,-1.240892969e-08,-4.703164334e-08,6.992370369e-09,1.709105338e-07,1.483140866e-07,
4.317610265e-11,-1.969543201e-10,-4.047230898e-11,-6.707152951e-09,-3.697670727e-08,-1.189394498e-07,-2.036924450e-07,-1.703324031e-07,-5.618933085e-08,
1.586624939e-01
l,6.0,-3.0
1.750,2.350,3.030,
1.908378249e-13,1.353055583e+01
2.167813040e-09,-6.254683012e-10,-5.449472928e-09,1.868176873e-07,1.520471124e-06,5.839490720e-06,1.224435229e-05,1.322695796e-05,5.725446576e-06,
2.262608334e-10,-1.035202319e-09,-4.103189869e-13,-3.241468419e-08,-1.754195481e-07,-5.615705030e-07,-9.539070981e-07,-7.871942374e-07,-2.561121084e-07,
1.586625052e-01
l,6.0,-2.0
1.850,2.450,3.130,
2.706456600e-12,1.094060091e+01
1.215800971e-08,-2.923211322e-09,-5.965680670e-08,4.717109704e-07,4.046216748e-06,1.488213582e-05,3.057643052e-05,3.300964819e-05,1.441109501e-05,
1.297824105e-09,-5.951568267e-09,-7.183763514e-10,-1.951351903e-07,-1.055440991e-06,-3.346074154e-06,-5.624395923e-06,-4.567814334e-06,-1.445093866e-06,
1.586925169e-01
l,6.0,-1.0
1.890,2.550,3.230,
1.399795855e-11,1.050108565e+01
7.024566173e-08,-2.103927310e-08,-4.852028608e-07,-8.141950685e-08,2.245912121e-07,-1.027327564e-05,-3.531381471e-05,-4.454704767e-05,-2.014892832e-05,
7.435278005e-09,-3.417027993e-08,-3.194713314e-09,-1.102065989e-06,-5.880271979e-06,-1.839190818e-05,-3.036739792e-05,-2.399840272e-05,-7.290895438e-06,
1.586925562e-01
l,6.0,0.0
2.010,2.630,3.330,
6.141367426e-11,1.025340040e+01
4.228020032e-07,-8.030731734e-08,-2.593347245e-06,7.989163458e-06,8.582416037e-05,3.097343328e-04,6.086236941e-04,6.272127462e-04,2.619485301e-04,
4.254804353e-08,-1.959334801e-07,1.114573252e-07,-4.046206268e-06,-1.758527867e-05,-4.890183365e-05,-6.873015898e-05,-3.840712820e-05,-4.736082970e-06,
1.586624372e-01
l,6.0,1.0
2.010,2.710,3.410,
1.116677605e-09,8.388658308e+00
2.657822051e-06,-5.446335557e-07,-1.772116333e-05,1.125921914e-05,1.899156627e-04,4.533618841e-04,5.227239162e-04,3.043044647e-04,7.037670252e-05,
2.668205804e-07,-1.230587480e-06,6.615308675e-07,-2.592490560e-05,-1.134612421e-04,-3.170350855e-04,-4.500685253e-04,-2.589654046e-04,-3.652594126e-05,
1.586624376e-01
l,6.0,2.0
2.070,2.770,3.470,
3.187771627e-09,9.182810184e+00
1.768711991e-05,-1.991408198e-06,-1.190645846e-04,3.083884112e-05,1.108318305e-03,2.751326091e-03,3.231008405e-03,1.912854695e-03,4.526468219e-04,
1.833422987e-06,-8.465144391e-06,3.703185804e-06,-1.883869350e-04,-8.448106588e-04,-2.395937236e-03,-3.508745153e-03,-2.172160694e-03,-3.891848319e-04,
1.586004656e-01
l,6.0,3.0
2.130,2.830,3.530,
1.156240358e-08,9.747699377e+00
1.263064041e-04,-2.647798800e-05,-8.420845139e-04,5.194404897e-04,8.982316849e-03,2.148227068e-02,2.477850557e-02,1.448917252e-02,3.404520538e-03,
1.260441264e-05,-5.825908334e-05,3.120978974e-05,-1.233320874e-03,-5.395269344e-03,-1.507600258e-02,-2.138360013e-02,-1.226861797e-02,-1.707519159e-03,
1.586624504e-01
l,6.0,4.0
2.190,2.870,3.550,
2.431285127e-08,1.115728491e+01
1.000961987e-03,-2.748476001e-04,-6.388806359e-03,1.035578303e-02,9.801223948e-02,2.182736198e-01,2.228137177e-01,9.273409341e-02,3.499980353e-03,
1.042070543e-04,-4.819066872e-04,1.297443824e-05,-1.487862126e-02,-7.850083809e-02,-2.449042275e-01,-4.013923071e-01,-3.116305205e-01,-9.196675858e-02,
1.586624517e-01
l,6.0,5.0
2.270,2.870,3.490,
1.262135442e-06,8.782770962e+00
9.662106633e-03,-1.366137046e-03,-6.666128241e-02,1.753281364e-01,1.738073028e+00,5.118017639e+00,8.166182111e+00,7.192101362e+00,2.746567784e+00,
1.251257885e-03,-5.793108774e-03,-1.010501273e-03,-2.023707116e-01,-1.160348343e+00,-3.907985014e+00,-7.075134750e+00,-6.189540738e+00,-2.092692362e+00,
1.589098813e-01
l,6.0,6.0
2.330,2.850,3.370,
1.527945948e-06,1.134263198e+01
1.453506052e-01,-6.138027855e-02,-1.336124048e+00,1.051167926e+01,9.575015175e+01,3.270156246e+02,6.030716849e+02,5.974333595e+02,2.498721779e+02,
2.045700345e-02,-9.810788672e-02,-9.225543741e-02,-5.907196572e+00,-4.290517787e+01,-1.747892527e+02,-3.779330163e+02,-4.048651710e+02,-1.740768005e+02,
1.590201311e-01
l,7.0,-7.0
1.770,2.350,2.990,
7.420999269e-17,1.235520571e+01
3.884534025e-13,-4.438064751e-13,-3.793134604e-12,-1.349361987e-11,-8.571682065e-11,-2.500936600e-10,-2.242144198e-10,1.247866945e-10,2.076493690e-10,
4.018403347e-14,-1.836750139e-13,-1.149945108e-15,-5.738660856e-12,-3.048595408e-11,-9.483998558e-11,-1.539691973e-10,-1.189243375e-10,-3.522528863e-11,
1.586005352e-01
l,7.0,-6.0
1.810,2.450,3.090,
3.728193011e-16,1.155549567e+01
2.068456951e-12,-1.551530983e-12,-1.403494116e-11,1.358649442e-11,2.908819621e-11,-3.889442129e-10,-1.381720817e-09,-1.777494615e-09,-8.264923334e-10,
2.306392825e-13,-1.056712894e-12,-3.285521213e-13,-3.771458772e-11,-2.103533511e-10,-6.837187403e-10,-1.189533695e-09,-1.017780637e-09,-3.457214482e-10,
1.586624045e-01
l,7.0,-5.0
1.930,2.530,3.210,
5.432612752e-17,1.580795155e+01
1.108530021e-11,-1.392066755e-12,-4.372901801e-11,6.624667519e-10,5.893473816e-09,2.372967593e-08,5.211152901e-08,5.872207520e-08,2.635372856e-08,
1.205849845e-12,-5.539393605e-12,-1.232270225e-12,-1.913610129e-10,-1.055554886e-09,-3.392809620e-09,-5.800801484e-09,-4.822321459e-09,-1.570136625e-09,
1.586615277e-01
l,7.0,-4.0
2.050,2.650,3.330,
4.358482839e-17,1.723468162e+01
5.909001760e-11,-8.954621245e-12,-1.007720339e-11,7.519776992e-09,6.124836440e-08,2.385383392e-07,5.002843920e-07,5.365681654e-07,2.300456575e-07,
6.297001354e-12,-2.899765021e-11,-2.967867295e-12,-9.560190808e-10,-5.251007519e-09,-1.703446797e-08,-2.949567746e-08,-2.493872024e-08,-8.324834836e-09,
1.586926123e-01
l,7.0,-3.0
2.150,2.750,3.430,
9.913948107e-17,1.731092737e+01
3.225233969e-10,-5.172127124e-12,-4.944974370e-10,3.181843511e-08,2.696948084e-07,1.071167250e-06,2.288410905e-06,2.497380399e-06,1.087488660e-06,
3.600157417e-11,-1.661022128e-10,-4.740519957e-11,-5.894304784e-09,-3.284774100e-08,-1.068505986e-07,-1.860996785e-07,-1.583856481e-07,-5.291275027e-08,
1.586616350e-01
l,7.0,-2.0
2.250,2.870,3.550,
1.108206278e-14,1.277143413e+01
1.794912996e-09,-4.951753442e-10,-7.279531483e-09,9.649813256e-08,8.059427063e-07,2.958835945e-06,5.898067886e-06,6.073439284e-06,2.514179663e-06,
1.875314408e-10,-8.670710542e-10,3.091188958e-11,-2.665321507e-08,-1.414206073e-07,-4.456874495e-07,-7.426119419e-07,-5.919576023e-07,-1.819161338e-07,
1.586623985e-01
l,7.0,-1.0
2.250,2.950,3.650,
3.044119735e-12,7.727368698e+00
1.035150010e-08,-7.730920610e-10,-7.192820221e-08,-4.769597018e-09,5.663782041e-07,1.439918825e-06,1.669965267e-06,9.410810838e-07,1.972515848e-07,
1.070437488e-09,-4.957539840e-09,2.529907971e-09,-1.069214954e-07,-4.742624583e-07,-1.339198002e-06,-1.934285297e-06,-1.141229960e-06,-1.687829069e-07,
1.586624378e-01
l,7.0,0.0
2.410,3.030,3.730,
3.468543750e-13,1.185421109e+01
6.142801112e-08,3.736676497e-09,-3.679614314e-07,1.093445317e-06,1.403530531e-05,5.501838424e-05,1.123036069e-04,1.171689809e-04,4.893851352e-05,
6.698919821e-09,-3.106421314e-08,9.153690841e-09,-7.513457166e-07,-3.489681718e-06,-1.013113950e-05,-1.546976111e-05,-1.039455503e-05,-2.257062491e-06,
1.586615670e-01
l,7.0,1.0
2.410,3.110,3.830,
2.334040843e-11,8.896508979e+00
3.787031062e-07,2.827375023e-08,-2.715273865e-06,-2.992206388e-06,7.540626951e-06,2.071167941e-05,1.576205673e-05,-8.618841820e-07,-4.357037851e-06,
3.818741030e-08,-1.773498751e-07,9.432740495e-08,-3.769651884e-06,-1.643972013e-05,-4.579441719e-05,-6.480386750e-05,-3.656574531e-05,-4.508756793e-06,
1.586624376e-01
l,7.0,2.0
2.490,3.190,3.910,
9.719348216e-11,9.093340567e+00
2.439777063e-06,-4.266837744e-08,-1.655483974e-05,-1.672900468e-06,1.682530214e-04,5.719344546e-04,9.678479105e-04,8.592397497e-04,3.136458565e-04,
2.387414060e-07,-1.110038006e-06,6.476441179e-07,-2.298515838e-05,-9.899271071e-05,-2.740584439e-04,-3.818718216e-04,-2.073794703e-04,-2.131395222e-05,
1.586624431e-01
l,7.0,3.0
2.530,3.250,3.970,
1.899847472e-10,1.018639896e+01
1.657818939e-05,4.538948389e-08,-1.147583891e-04,-7.843529354e-05,6.238848392e-04,1.919324003e-03,2.683012727e-03,1.988615637e-03,6.299712915e-04,
1.637491908e-06,-7.619933302e-06,4.001311809e-06,-1.628999183e-04,-7.091371158e-04,-1.972988416e-03,-2.786861888e-03,-1.577319723e-03,-2.017752191e-04,
1.586624504e-01
l,7.0,4.0
2.590,3.290,4.010,
3.409434969e-10,1.142968157e+01
1.205501030e-04,1.301817961e-05,-8.537354188e-04,-1.044247388e-03,1.962281538e-03,5.716436970e-03,4.092794779e-03,-6.480401700e-04,-1.361616571e-03,
1.232248947e-05,-5.737366217e-05,2.533209782e-05,-1.287633301e-03,-5.750877343e-03,-1.628851673e-02,-2.378967544e-02,-1.455071875e-02,-2.469125283e-03,
1.586314508e-01
l,7.0,5.0
2.630,3.330,4.030,
3.945214944e-09,1.086684217e+01
9.676549817e-04,1.066859365e-05,-6.873606254e-03,-4.159616737e-03,3.842237523e-02,1.041888613e-01,1.170885674e-01,6.022265235e-02,1.033192085e-02,
1.018052486e-04,-4.742023332e-04,2.152496507e-04,-1.065095653e-02,-4.799574492e-02,-1.370981935e-01,-2.019195142e-01,-1.237523569e-01,-2.045286812e-02,
1.586314540e-01
l,7.0,6.0
2.690,3.330,3.990,
7.246606522e-09,1.229498664e+01
9.228078648e-03,1.634717511e-03,-6.699411107e-02,1.284016500e-02,8.640739993e-01,2.721445620e+00,4.203348070e+00,3.427506795e+00,1.177893089e+00,
1.115309748e-03,-5.201022972e-03,4.635843842e-06,-1.667695593e-01,-9.114316226e-01,-2.943827886e+00,-5.038108695e+00,-4.047964830e+00,-1.205261854e+00,
1.588477992e-01
l,7.0,7.0
2.770,3.310,3.870,
6.790722151e-08,1.235675343e+01
1.301952004e-01,1.983574597e-02,-1.284523182e+00,3.228297697e+00,4.768451805e+01,1.775806756e+02,3.398652931e+02,3.421245388e+02,1.433514207e+02,
1.817598466e-02,-8.709570713e-02,-6.692577766e-03,-3.184051785e+00,-1.843085747e+01,-6.334528071e+01,-1.123329505e+02,-8.661676817e+01,-2.082000649e+01,
1.589890705e-01
l,8.0,-8.0
2.010,2.610,3.270,
1.265108171e-21,2.028774256e+01
1.129689028e-14,-4.921832282e-15,-4.046692582e-14,8.233112541e-13,7.206652571e-12,3.014894855e-11,6.895040062e-11,8.023113056e-11,3.687470772e-11,
1.227374488e-15,-5.645288574e-15,-1.258570824e-15,-1.925763767e-13,-1.055444613e-12,-3.409149500e-12,-5.904718272e-12,-5.023543680e-12,-1.698092907e-12,
1.586004627e-01
l,8.0,-7.0
2.170,2.750,3.390,
3.506292475e-19,1.357679754e+01
5.779343746e-14,-4.700273883e-14,-6.464202452e-13,-3.096951707e-12,-1.778211983e-11,-5.313410098e-11,-6.593835008e-11,-1.758393921e-11,1.467037216e-11,
6.406407583e-15,-2.953551566e-14,-7.983293550e-15,-1.031379651e-12,-5.581953584e-12,-1.741331081e-11,-2.847882149e-11,-2.199454058e-11,-6.328795254e-12,
1.586624583e-01
l,8.0,-6.0
2.230,2.830,3.510,
0.000000000e+00,0.000000000e+00
3.054547988e-13,1.369695485e-15,8.957891505e-13,5.656716313e-11,4.714833596e-10,1.916879707e-09,4.169109676e-09,4.602555490e-09,2.019278276e-09,
3.338379700e-14,-1.542462789e-13,-4.249460188e-14,-5.576768931e-12,-3.180897548e-11,-1.060775973e-10,-1.897565133e-10,-1.673505851e-10,-5.859340786e-11,
1.586615343e-01
l,8.0,-5.0
2.330,2.950,3.630,
3.279411234e-20,1.881410303e+01
1.606256035e-12,-1.402832460e-13,-1.007176026e-12,1.882400133e-10,1.530625451e-09,5.826898670e-09,1.184657359e-08,1.227666066e-08,5.080318206e-09,
1.737944223e-13,-8.046354511e-13,-9.733495552e-14,-2.654256270e-11,-1.442358061e-10,-4.636668658e-10,-7.960147471e-10,-6.632649312e-10,-2.161426830e-10,
1.586925162e-01
l,8.0,-4.0
2.450,3.070,3.750,
9.548257872e-20,1.848838187e+01
8.583454260e-12,-2.711538551e-12,-8.064647485e-11,-1.835893363e-10,6.639193596e-11,3.397445359e-09,1.320984228e-08,1.988769518e-08,1.053238569e-08,
9.037781389e-13,-4.192289791e-12,1.095490323e-13,-1.263401649e-10,-6.395760036e-10,-1.897839116e-09,-2.902986941e-09,-1.992125788e-09,-4.604385940e-10,
1.587236070e-01
l,8.0,-3.0
2.550,3.170,3.850,
9.187807414e-20,1.956288640e+01
4.683722160e-11,-5.731829530e-12,-2.485692050e-10,1.938375470e-09,2.115380682e-08,9.186177941e-08,2.081078389e-07,2.359180073e-07,1.050162474e-07,
5.150265173e-12,-2.392583253e-11,-3.896391394e-12,-7.919202563e-10,-4.207820760e-09,-1.311225743e-08,-2.164885669e-08,-1.698182802e-08,-5.027735128e-09,
1.586926236e-01
l,8.0,-2.0
2.650,3.270,3.970,
4.992223681e-17,1.421213642e+01
2.611469929e-10,-2.144530732e-11,-1.310474775e-09,1.120254325e-08,1.108014246e-07,4.317864158e-07,8.820833032e-07,9.156978430e-07,3.792558791e-07,
2.672329817e-11,-1.243543193e-10,7.163438309e-11,-2.611586562e-09,-1.147305520e-08,-3.233304600e-08,-4.629437153e-08,-2.635704071e-08,-3.246651150e-09,
1.586615283e-01
l,8.0,-1.0
2.650,3.350,4.070,
1.406555476e-13,7.655762780e+00
1.493728030e-09,2.026440517e-10,-1.111292959e-08,-1.739297510e-08,5.524357389e-09,2.311972503e-08,-2.262891642e-08,-7.302127866e-08,-4.197476729e-08,
1.520956054e-10,-7.087037033e-10,4.102823200e-10,-1.477229594e-08,-6.407049439e-08,-1.784239780e-07,-2.513400602e-07,-1.375275325e-07,-1.357040256e-08,
1.586615676e-01
l,8.0,0.0
2.750,3.450,4.150,
2.408567764e-13,8.583146604e+00
8.803936247e-09,3.630079324e-10,-6.069985984e-08,-4.608225752e-08,2.881901880e-07,8.051689091e-07,8.870722568e-07,4.162851913e-07,4.957575385e-08,
9.499156646e-10,-4.430720084e-09,1.342447354e-09,-1.078896561e-07,-5.024597071e-07,-1.466491559e-06,-2.253421692e-06,-1.527138155e-06,-3.364848249e-07,
1.586925555e-01
l,8.0,1.0
2.850,3.530,4.250,
4.420053034e-13,9.521665077e+00
5.348078957e-08,4.844476721e-09,-3.566433804e-07,1.301545700e-08,4.929023876e-06,1.882058861e-05,3.491466291e-05,3.284022235e-05,1.239605324e-05,
5.399661496e-09,-2.521641764e-08,1.308498041e-08,-5.494815414e-07,-2.443995238e-06,-6.948209009e-06,-1.013240166e-05,-6.101062435e-06,-9.687584611e-07,
1.586624376e-01
l,8.0,2.0
2.910,3.590,4.330,
1.071407820e-12,1.021054800e+01
3.361504923e-07,9.175550351e-08,-2.358995411e-06,-3.078054262e-06,1.470610125e-05,7.410518440e-05,1.514503174e-04,1.508464449e-04,5.918096074e-05,
3.368956609e-08,-1.574767271e-07,8.211867350e-08,-3.411649835e-06,-1.502644557e-05,-4.241367702e-05,-6.139383728e-05,-3.654730963e-05,-5.637582151e-06,
1.586624431e-01
l,8.0,3.0
2.930,3.650,4.390,
5.729858408e-12,1.018688776e+01
2.205438932e-06,7.884321744e-07,-1.570604970e-05,-3.492970635e-05,-1.430197073e-05,8.228765415e-05,2.160883993e-04,2.357036293e-04,9.827257929e-05,
2.306424218e-07,-1.078831076e-06,4.085475505e-07,-2.525501288e-05,-1.154385391e-04,-3.339529738e-04,-5.064732238e-04,-3.354785756e-04,-7.082191121e-05,
1.586004729e-01
l,8.0,4.0
2.990,3.710,4.450,
8.428129455e-13,1.350269734e+01
1.528265966e-05,4.981927148e-06,-1.110140605e-04,-2.910551201e-04,-5.613242622e-04,-1.358485351e-03,-2.516542542e-03,-2.453327522e-03,-9.422625902e-04,
1.579327498e-06,-7.392177638e-06,2.880391071e-06,-1.719700392e-04,-7.817751847e-04,-2.250739093e-03,-3.386588809e-03,-2.211410975e-03,-4.521638898e-04,
1.586004742e-01
l,8.0,5.0
3.030,3.750,4.490,
1.644143432e-10,1.039043284e+01
1.126218995e-04,4.343061714e-05,-8.029936248e-04,-1.894332935e-03,-1.534988665e-03,9.853230975e-04,4.035695924e-03,4.477445304e-03,1.861593291e-03,
1.187431161e-05,-5.560334533e-05,1.851268637e-05,-1.334658708e-03,-6.152687004e-03,-1.787866362e-02,-2.733460663e-02,-1.843582298e-02,-4.063057896e-03,
1.586005318e-01
l,8.0,6.0
3.090,3.790,4.510,
9.705359003e-11,1.257356824e+01
9.145705262e-04,2.548132363e-04,-6.702492581e-03,-1.406617619e-02,-1.188991138e-02,-1.888104209e-02,-5.515821141e-02,-7.182680152e-02,-3.262436409e-02,
9.808607890e-05,-4.594584113e-04,1.551544598e-04,-1.104944065e-02,-5.105498017e-02,-1.484458145e-01,-2.263462957e-01,-1.502924726e-01,-3.134255790e-02,
1.586615767e-01
l,8.0,7.0
3.150,3.810,4.470,
3.477975486e-13,1.921630486e+01
8.683963679e-03,1.780545139e-03,-5.861853967e-02,1.293998844e-02,7.423482292e-01,2.213718067e+00,3.064275769e+00,2.052812004e+00,5.037503020e-01,
1.075269025e-03,-5.041945600e-03,-1.465693390e-03,-1.824942573e-01,-1.023553571e+00,-3.354020472e+00,-5.893958767e+00,-4.973811310e+00,-1.598032278e+00,
1.588478094e-01
l,8.0,8.0
3.210,3.790,4.370,
3.469147729e-09,1.322333581e+01
1.158104017e-01,2.503101607e-02,-1.097794620e+00,9.755893616e-01,2.506328867e+01,9.000447992e+01,1.598257555e+02,1.480531310e+02,5.712032329e+01,
1.590965150e-02,-7.618826544e-02,-9.661671739e-03,-2.796626367e+00,-1.616627157e+01,-5.537080465e+01,-9.923031168e+01,-7.996804020e+01,-2.183703706e+01,
1.589579947e-01
l,9.0,-9.0
2.310,2.910,3.570,
0.000000000e+00,0.000000000e+00
3.139519943e-16,-8.419326058e-17,2.419003213e-15,8.698203400e-14,7.105553261e-13,2.905890515e-12,6.368049180e-12,7.073237420e-12,3.117742752e-12,
3.393966593e-17,-1.569771232e-16,-6.090511171e-17,-6.074643701e-15,-3.609782085e-14,-1.256353626e-13,-2.366625884e-13,-2.237364619e-13,-8.531935909e-14,
1.586624149e-01
l,9.0,-8.0
2.470,3.050,3.690,
7.912342641e-25,2.197006414e+01
1.597698956e-15,-1.368380768e-15,-2.356457837e-14,-1.606550473e-13,-8.426675867e-13,-1.946492580e-12,-9.769960953e-13,2.288817241e-12,2.331386614e-12,
1.765556339e-16,-8.182102005e-16,-1.980345939e-16,-2.812146877e-14,-1.485858059e-13,-4.477235605e-13,-6.913932660e-13,-4.768452738e-13,-1.065229254e-13,
1.586624402e-01
l,9.0,-7.0
2.570,3.150,3.810,
3.441512090e-21,1.399425935e+01
8.330683386e-15,-4.196199589e-15,-1.073021322e-13,-6.677308088e-13,-3.822948203e-12,-1.212380797e-11,-1.902001360e-11,-1.330603403e-11,-2.805803957e-12,
9.174747811e-16,-4.259676316e-15,-4.208761441e-16,-1.337040974e-13,-6.740098613e-13,-1.962934238e-12,-2.917195945e-12,-1.871392677e-12,-3.487663265e-13,
1.586615881e-01
l,9.0,-6.0
2.630,3.250,3.930,
0.000000000e+00,0.000000000e+00
4.349703920e-14,-4.757800864e-15,-1.545630021e-13,3.855577829e-12,3.897892882e-11,1.719133832e-10,3.920709828e-10,4.443237961e-10,1.971976492e-10,
4.763894934e-15,-2.215611726e-14,-2.275712048e-15,-7.086948397e-13,-3.700065470e-12,-1.138905316e-11,-1.851920464e-11,-1.416058693e-11,-4.023778352e-12,
1.586925228e-01
l,9.0,-5.0
2.790,3.390,4.050,
5.168578844e-25,2.458721634e+01
2.275923048e-13,-6.977172243e-14,3.018420746e-13,3.411114376e-11,2.783144017e-10,1.116538639e-09,2.416366195e-09,2.664640888e-09,1.169554263e-09,
2.470816118e-14,-1.151000094e-13,-2.487558493e-14,-4.139650931e-12,-2.386705615e-11,-8.103211235e-11,-1.481642273e-10,-1.342476587e-10,-4.856814778e-11,
1.586925162e-01
l,9.0,-4.0
2.850,3.470,4.170,
0.000000000e+00,0.000000000e+00
1.228966039e-12,-1.461675781e-14,-9.611791207e-12,-1.612234810e-12,2.441795786e-10,1.555185374e-09,4.359768829e-09,5.652742417e-09,2.752578261e-09,
1.280127373e-13,-5.972415879e-13,3.231416378e-13,-1.285759993e-11,-5.722327515e-11,-1.628371034e-10,-2.371727892e-10,-1.399988899e-10,-1.978740809e-11,
1.586616237e-01
l,9.0,-3.0
2.950,3.570,4.270,
3.597242039e-24,2.448918163e+01
6.697572184e-12,6.626515602e-13,-3.440915248e-11,3.141853358e-10,3.682518595e-09,1.652653869e-08,3.775153995e-08,4.273058210e-08,1.893333855e-08,
7.278685104e-13,-3.399947876e-12,1.245015540e-12,-8.057400218e-11,-3.728867530e-10,-1.086242179e-09,-1.658189165e-09,-1.096625695e-09,-2.241076201e-10,
1.586926236e-01
l,9.0,-2.0
2.990,3.690,4.390,
1.484322142e-15,7.633386795e+00
3.736281076e-11,-4.306487712e-12,-2.605649343e-10,-1.064330547e-10,1.539003653e-09,3.895164321e-09,4.029844838e-09,1.659397288e-09,8.388591035e-11,
3.766218947e-12,-1.761650175e-11,1.044751800e-11,-3.702514547e-10,-1.625295790e-09,-4.594693528e-09,-6.592658063e-09,-3.754793201e-09,-4.588337161e-10,
1.586925169e-01
l,9.0,-1.0
3.110,3.770,4.490,
3.347102473e-16,1.031634678e+01
2.128044962e-10,2.517198224e-11,-1.352165433e-09,1.811170150e-09,3.528558460e-08,1.375779620e-07,2.651314629e-07,2.558489100e-07,9.806888869e-08,
2.138506499e-11,-1.001372056e-10,5.743797593e-11,-2.145788700e-09,-9.551556350e-09,-2.731551064e-08,-3.987947730e-08,-2.377350102e-08,-3.581770959e-09,
1.586925562e-01
l,9.0,0.0
3.150,3.850,4.570,
5.047719574e-15,9.223900269e+00
1.243599002e-09,3.101554071e-10,-9.148265223e-09,-2.038317753e-08,-2.558742345e-08,-5.454411904e-08,-1.246219163e-07,-1.445970128e-07,-6.255589076e-08,
1.332936146e-10,-6.246772485e-10,2.210596614e-10,-1.482428818e-08,-6.787272846e-08,-1.961533333e-07,-2.975967336e-07,-1.956097275e-07,-3.963800520e-08,
1.586925555e-01
l,9.0,1.0
3.250,3.930,4.670,
1.561794656e-14,9.625176699e+00
7.465587260e-09,2.373529002e-09,-5.162419690e-08,-5.641900794e-08,4.814203981e-07,2.338619545e-06,4.791131636e-06,4.755825187e-06,1.853418186e-06,
7.560461287e-10,-3.546734143e-09,1.866800638e-09,-7.761241108e-08,-3.462938897e-07,-9.919089236e-07,-1.464967902e-06,-9.039417359e-07,-1.549668424e-07,
1.586615674e-01
l,9.0,2.0
3.270,4.010,4.750,
2.061596967e-13,8.847494813e+00
4.641611895e-08,1.397862967e-08,-3.380477772e-07,-8.210891498e-07,-9.691888969e-07,-7.503938927e-07,-3.156615481e-07,9.579643506e-08,1.252474571e-07,
4.709310288e-09,-2.210911692e-08,1.064228501e-08,-4.953224707e-07,-2.226252109e-06,-6.394193266e-06,-9.514117398e-06,-6.000717708e-06,-1.105226124e-06,
1.586624431e-01
l,9.0,3.0
3.390,4.090,4.830,
4.102536649e-13,9.645164612e+00
2.993085104e-07,6.285382993e-08,-2.087599769e-06,-3.145972910e-06,8.076650707e-06,4.407956799e-05,8.773460467e-05,8.483749571e-05,3.254163938e-05,
2.932518396e-08,-1.377771816e-07,7.598329165e-08,-2.967309555e-06,-1.304448419e-05,-3.692953403e-05,-5.352999686e-05,-3.187462775e-05,-4.918863806e-06,
1.586624504e-01
l,9.0,4.0
3.410,4.150,4.890,
3.490791192e-14,1.299457963e+01
2.003373083e-06,4.906281899e-07,-1.417232605e-05,-3.164817509e-05,-3.275851006e-05,-3.813129777e-05,-7.268700715e-05,-8.146247947e-05,-3.350879772e-05,
2.005576621e-07,-9.427806713e-07,4.128174808e-07,-2.159306728e-05,-9.732768977e-05,-2.796483672e-04,-4.178464095e-04,-2.682858498e-04,-5.256836576e-05,
1.586624517e-01
l,9.0,5.0
3.470,4.210,4.950,
1.537663333e-12,1.139482158e+01
1.411248013e-05,2.413060853e-06,-9.933593855e-05,-1.939316242e-04,-7.538020512e-05,2.030802181e-04,3.200711270e-04,1.928986475e-04,4.715729092e-05,
1.371427501e-06,-6.450210484e-06,3.300156023e-06,-1.418040439e-04,-6.254771457e-04,-1.770822361e-03,-2.574713919e-03,-1.556323560e-03,-2.559806791e-04,
1.586624239e-01
l,9.0,6.0
3.490,4.230,4.990,
3.853097092e-13,1.400770704e+01
1.047287005e-04,4.287177950e-05,-7.753574503e-04,-2.512353893e-03,-6.285448479e-03,-1.490852716e-02,-2.431710324e-02,-2.149354048e-02,-7.708533361e-03,
1.030188373e-05,-4.846991798e-05,2.397450964e-05,-1.083288548e-03,-4.845727079e-03,-1.390550637e-02,-2.063584935e-02,-1.305306563e-02,-2.480176529e-03,
1.586624469e-01
l,9.0,7.0
3.530,4.270,5.010,
1.060705834e-11,1.290361419e+01
8.570955251e-04,2.435399763e-04,-6.412528767e-03,-1.633890181e-02,-2.556794063e-02,-4.638859036e-02,-7.724551457e-02,-7.285850570e-02,-2.733443602e-02,
8.502401009e-05,-4.001415001e-04,2.276169534e-04,-8.590201493e-03,-3.782583351e-02,-1.074312850e-01,-1.558393900e-01,-9.187976993e-02,-1.335374886e-02,
1.586615869e-01
l,9.0,8.0
3.610,4.290,4.970,
4.043088664e-16,2.240390255e+01
8.083156310e-03,1.733948323e-03,-5.585905411e-02,-4.435841181e-02,2.999464624e-01,7.376330711e-01,4.003947301e-01,-4.483623216e-01,-4.459511195e-01,
9.322605034e-04,-4.390836307e-03,-2.274239928e-04,-1.443285905e-01,-7.841123108e-01,-2.516815010e+00,-4.288298412e+00,-3.450655811e+00,-1.036814698e+00,
1.587855119e-01
l,9.0,9.0
3.650,4.250,4.870,
3.377202275e-11,1.536710196e+01
1.019210964e-01,6.197584840e-02,-9.787203785e-01,-1.970370399e+00,3.551178738e+00,2.017954205e+01,3.449615787e+01,2.736057085e+01,8.464429163e+00,
1.376623044e-02,-6.590149908e-02,-8.276728850e-03,-2.368310183e+00,-1.341249127e+01,-4.491318324e+01,-7.881666012e+01,-6.223690979e+01,-1.656433056e+01,
1.589580503e-01
