l,0.5,-0.5
0.191,1.491,2.811,
5.019866327e-02,2.127990487e+00
7.449924015e-03,-6.805532753e-03,3.619349431e-03,2.465059782e-02,5.712626602e-02,9.948519002e-02,9.327457616e-02,4.765953551e-02,1.082297637e-02,
1.329054209e-03,-2.064862193e-03,-1.013456864e-03,-1.656092607e-02,-4.785280272e-02,-7.726390984e-02,-6.934435710e-02,-3.249697675e-02,-6.224764777e-03,
1.587857528e-01
l,0.5,0.5
0.211,0.511,0.851,
3.830092825e-01,2.699168519e+00
2.644075081e-02,6.596775384e-02,1.362942051e+00,3.456991910e+01,4.069521658e+02,2.648731571e+03,9.666570488e+03,1.849056167e+04,1.443193582e+04,
3.136395966e-02,-9.299001494e-03,-9.593162200e-01,-2.619970468e+01,-3.249064777e+02,-2.109472257e+03,-7.485127545e+03,-1.374166468e+04,-1.021450505e+04,
1.591436608e-01
l,1.5,-1.5
0.471,1.811,3.171,
6.645582117e-03,3.402381827e+00
2.080722013e-03,-2.142402850e-03,1.053511258e-03,4.595168076e-03,5.838724406e-03,5.463649321e-03,-2.162876783e-03,-4.745830359e-03,-1.422656145e-03,
3.184232548e-04,-5.090026052e-04,-2.216829903e-04,-3.956583300e-03,-1.110114393e-02,-1.752962483e-02,-1.531254048e-02,-6.978330131e-03,-1.300010729e-03,
1.585386488e-01
l,1.5,-0.5
0.511,1.671,2.851,
1.406856332e-02,3.797129108e+00
5.929045845e-03,-5.260292640e-03,3.020240858e-03,3.089624157e-02,7.171770768e-02,1.249723335e-01,1.039445371e-01,3.311783433e-02,1.893569185e-03,
1.249815957e-03,-1.948517188e-03,-1.468331846e-03,-2.144248320e-02,-7.029688070e-02,-1.271751252e-01,-1.278123083e-01,-6.706710516e-02,-1.438370374e-02,
1.589100953e-01
l,1.5,0.5
0.531,1.851,3.191,
2.741151401e-02,3.698291742e+00
1.093654986e-02,-1.133224983e-02,5.567088047e-03,2.203725481e-02,1.708743893e-02,-8.427751365e-03,-6.586896150e-02,-6.250124442e-02,-1.691513416e-02,
1.720227759e-03,-2.744087354e-03,-1.212423359e-03,-2.159985884e-02,-6.131052832e-02,-9.798473984e-02,-8.674483621e-02,-4.010270437e-02,-7.582493397e-03,
1.585697207e-01
l,1.5,1.5
0.531,1.011,1.511,
1.228429413e-01,4.250198917e+00
4.620847851e-02,5.354153525e-02,7.382856215e-01,1.356452175e+01,1.034836968e+02,4.345483973e+02,1.023032094e+03,1.259066484e+03,6.303455786e+02,
4.030588270e-02,-3.757595562e-02,-5.826494609e-01,-1.079799713e+01,-9.024818490e+01,-3.958380638e+02,-9.520656490e+02,-1.186813562e+03,-5.996430795e+02,
1.591437368e-01
l,2.5,-2.5
0.771,2.131,3.491,
5.403797238e-04,5.450926867e+00
5.637350259e-04,-6.177864480e-04,2.984405860e-04,1.229672761e-03,1.462243351e-03,1.372655035e-03,-1.212408690e-03,-2.157002953e-03,-7.039128006e-04,
8.030957709e-05,-1.307722222e-04,-4.827385924e-05,-9.839575174e-04,-2.740060377e-03,-4.333933003e-03,-3.785314748e-03,-1.725536905e-03,-3.219385318e-04,
1.584457278e-01
l,2.5,-1.5
0.851,2.071,3.291,
6.612176303e-04,5.356411381e+00
1.432496007e-03,-1.386410439e-03,7.111626667e-04,7.403877775e-03,1.870443468e-02,3.778221172e-02,3.840550646e-02,1.758353007e-02,2.917262306e-03,
2.631172154e-04,-4.236864316e-04,-2.637919669e-04,-4.306733902e-03,-1.368309764e-02,-2.412383589e-02,-2.352699522e-02,-1.195761520e-02,-2.483580784e-03,
1.588168224e-01
l,2.5,-0.5
0.891,2.211,3.551,
1.099921813e-03,5.792174378e+00
2.780843992e-03,-2.979387195e-03,1.446345737e-03,1.009682485e-02,2.317366657e-02,4.616197649e-02,4.137251149e-02,1.483502530e-02,1.510588668e-03,
4.070224778e-04,-6.642949771e-04,-2.459848392e-04,-5.063524375e-03,-1.425999372e-02,-2.282736272e-02,-2.021127723e-02,-9.352920668e-03,-1.775022430e-03,
1.584459609e-01
l,2.5,0.5
0.931,2.131,3.331,
2.063885847e-03,5.288249573e+00
7.219523191e-03,-6.753164493e-03,3.282771903e-03,4.104085593e-02,1.078904894e-01,2.257914722e-01,2.457705492e-01,1.240231992e-01,2.347368178e-02,
1.376902645e-03,-2.216657420e-03,-1.422544354e-03,-2.299789232e-02,-7.398515261e-02,-1.321264362e-01,-1.307669853e-01,-6.750604804e-02,-1.425287495e-02,
1.588479670e-01
l,2.5,1.5
0.911,2.231,3.551,
5.499021498e-03,5.984777530e+00
1.483349968e-02,-1.586114751e-02,8.069660828e-03,4.925694867e-02,1.014705242e-01,1.813466292e-01,1.289876148e-01,2.110003493e-02,-5.392828814e-03,
2.268705856e-03,-3.688342937e-03,-1.445206578e-03,-2.862243588e-02,-8.170612480e-02,-1.323074451e-01,-1.187256116e-01,-5.572589960e-02,-1.072452460e-02,
1.584447793e-01
l,2.5,2.5
0.911,1.511,2.131,
1.777402105e-02,5.428226544e+00
6.178126112e-02,4.163240847e-02,3.920056293e-01,6.681312350e+00,3.984761910e+01,1.319242363e+02,2.487393489e+02,2.471405265e+02,1.002195159e+02,
4.301334518e-02,-5.174173801e-02,-3.554667513e-01,-5.289839505e+00,-3.472878235e+01,-1.207073324e+02,-2.321326328e+02,-2.325472548e+02,-9.473159906e+01,
1.591437013e-01
l,3.5,-3.5
1.111,2.411,3.731,
1.513416132e-05,7.687572938e+00
1.550645975e-04,-1.686684308e-04,8.369030859e-05,5.498497777e-04,1.185763898e-03,2.294409496e-03,1.953002977e-03,6.134707121e-04,3.447579904e-05,
2.291881810e-05,-3.774687012e-05,-1.507812416e-05,-2.980625808e-04,-8.478498966e-04,-1.372408157e-03,-1.230581258e-03,-5.773499647e-04,-1.111632353e-04,
1.584147696e-01
l,3.5,-2.5
1.211,2.431,3.671,
1.864574579e-05,6.826384837e+00
3.517940931e-04,-3.457617748e-04,1.478676491e-04,1.925118758e-03,5.021060115e-03,1.093936453e-02,1.248712489e-02,6.644140722e-03,1.338118806e-03,
5.998092733e-05,-9.851736128e-05,-5.896128819e-05,-9.916079130e-04,-3.101102215e-03,-5.397960567e-03,-5.184491632e-03,-2.592746041e-03,-5.302674961e-04,
1.588477595e-01
l,3.5,-1.5
1.271,2.551,3.851,
2.495304944e-05,6.939099913e+00
6.958839949e-04,-7.181317963e-04,2.749831807e-04,3.219000106e-03,8.094742681e-03,1.814891995e-02,2.062310276e-02,1.069684161e-02,2.076592631e-03,
1.052010061e-04,-1.741158348e-04,-6.505342145e-05,-1.376406400e-03,-3.954593385e-03,-6.488178583e-03,-5.902257709e-03,-2.810233013e-03,-5.504090423e-04,
1.585385009e-01
l,3.5,-0.5
1.331,2.551,3.791,
4.895625654e-05,6.297298123e+00
1.603070996e-03,-1.494295733e-03,4.316079508e-04,8.796478294e-03,2.213349019e-02,4.907821994e-02,5.965833347e-02,3.408572560e-02,7.379672459e-03,
2.751332105e-04,-4.540860847e-04,-2.548033900e-04,-4.465864345e-03,-1.394827059e-02,-2.427126736e-02,-2.330896799e-02,-1.165046987e-02,-2.382849397e-03,
1.588169561e-01
l,3.5,0.5
1.351,2.651,3.951,
9.156933968e-05,6.452338338e+00
3.315937938e-03,-3.425700689e-03,1.268160130e-03,1.534189749e-02,3.850692917e-02,8.695195054e-02,1.003456127e-01,5.307577865e-02,1.054170816e-02,
4.980990735e-04,-8.270721473e-04,-3.033203747e-04,-6.520400452e-03,-1.872264182e-02,-3.072036401e-02,-2.794433091e-02,-1.330440626e-02,-2.606266352e-03,
1.585386152e-01
l,3.5,1.5
1.351,2.551,3.771,
2.400224083e-04,6.029584022e+00
8.666682057e-03,-7.437199150e-03,1.708239760e-03,5.121219328e-02,1.287985769e-01,2.799497188e-01,3.464812751e-01,2.043141030e-01,4.580440237e-02,
1.586505709e-03,-2.609523694e-03,-1.659735063e-03,-2.709576080e-02,-8.593182181e-02,-1.513285169e-01,-1.474624654e-01,-7.483349797e-02,-1.554063964e-02,
1.587847590e-01
l,3.5,2.5
1.331,2.631,3.951,
5.405844550e-04,6.742422676e+00
1.878263988e-02,-1.966251321e-02,8.343948597e-03,8.602812622e-02,2.237681100e-01,4.995444973e-01,5.531498689e-01,2.783437804e-01,5.229199415e-02,
2.774702212e-03,-4.587954571e-03,-1.693430880e-03,-3.539869046e-02,-1.005189905e-01,-1.628464367e-01,-1.460836289e-01,-6.856243221e-02,-1.322841044e-02,
1.584949173e-01
l,3.5,3.5
1.311,1.991,2.711,
2.068358401e-03,6.512527137e+00
7.352750748e-02,4.040778914e-02,2.366794700e-01,4.250590952e+00,2.172043491e+01,6.152876283e+01,1.010795342e+02,8.862860333e+01,3.193286569e+01,
4.384498561e-02,-5.926055958e-02,-2.530849490e-01,-3.282981834e+00,-1.810015156e+01,-5.327505709e+01,-8.752400004e+01,-7.523840999e+01,-2.637450178e+01,
1.591436972e-01
l,4.5,-4.5
1.471,2.751,4.051,
1.933533598e-07,9.756915851e+00
3.884412945e-05,-4.245378256e-05,2.054215659e-05,1.638689777e-04,4.048847336e-04,8.635170060e-04,8.803126732e-04,3.955488596e-04,6.389632316e-05,
5.703770250e-06,-9.515091227e-06,-3.425583368e-06,-7.495515801e-05,-2.149822143e-04,-3.529077355e-04,-3.211598481e-04,-1.530124931e-04,-2.995853670e-05,
1.584762564e-01
l,4.5,-3.5
1.591,2.791,3.991,
3.148906978e-07,8.575691164e+00
8.424036059e-05,-8.221717321e-05,3.301620175e-05,4.933124183e-04,1.287312257e-03,2.872836519e-03,3.455383124e-03,1.956512009e-03,4.211510967e-04,
1.493571783e-05,-2.486007733e-05,-1.500458345e-05,-2.575929728e-04,-8.237702911e-04,-1.471526177e-03,-1.455664931e-03,-7.512790861e-04,-1.588151455e-04,
1.587854735e-01
l,4.5,-2.5
1.671,2.911,4.151,
4.676138589e-07,8.218429638e+00
1.656568929e-04,-1.660129224e-04,5.525555608e-05,8.849599222e-04,2.194748088e-03,4.994291496e-03,6.142289267e-03,3.522798189e-03,7.632523740e-04,
2.701972310e-05,-4.523361256e-05,-2.387765552e-05,-4.399843518e-04,-1.369757973e-03,-2.385814248e-03,-2.291510223e-03,-1.146359097e-03,-2.348699855e-04,
1.586623489e-01
l,4.5,-1.5
1.731,2.951,4.171,
8.821093876e-07,7.774523296e+00
3.588011023e-04,-3.271421367e-04,5.505292838e-05,1.964874254e-03,4.387591405e-03,9.365442863e-03,1.190204909e-02,7.184823695e-03,1.638394076e-03,
6.186147578e-05,-1.036273122e-04,-6.287307847e-05,-1.071593986e-03,-3.381340580e-03,-5.957550807e-03,-5.800404255e-03,-2.941717744e-03,-6.113774818e-04,
1.588477114e-01
l,4.5,-0.5
1.791,3.031,4.291,
1.833843836e-06,7.451229778e+00
7.496121107e-04,-7.066432290e-04,8.371828445e-05,3.630954155e-03,7.882791309e-03,1.746723231e-02,2.249513671e-02,1.351180804e-02,3.043584149e-03,
1.194512919e-04,-2.008810620e-04,-6.769801999e-05,-1.585005856e-03,-4.641532500e-03,-7.800989978e-03,-7.291274964e-03,-3.569187273e-03,-7.210975903e-04,
1.586617010e-01
l,4.5,0.5
1.811,3.051,4.291,
4.295589816e-06,7.141403585e+00
1.692714985e-03,-1.519431565e-03,1.145868561e-04,8.600744619e-03,1.786973343e-02,3.726652584e-02,4.793595433e-02,2.921694068e-02,6.689357825e-03,
2.827468497e-04,-4.753653494e-04,-2.598737826e-04,-4.686547134e-03,-1.458254487e-02,-2.535724931e-02,-2.432071017e-02,-1.213549188e-02,-2.481224422e-03,
1.588478258e-01
l,4.5,1.5
1.811,3.111,4.411,
1.024319450e-05,7.017946680e+00
3.699412104e-03,-3.590102593e-03,3.896054886e-04,1.537398685e-02,3.117873775e-02,7.042546420e-02,9.012477846e-02,5.266784968e-02,1.143958327e-02,
5.452763016e-04,-9.198168249e-04,-2.754304059e-04,-6.983357242e-03,-1.991932424e-02,-3.267012968e-02,-2.967667787e-02,-1.409184554e-02,-2.759426696e-03,
1.586292242e-01
l,4.5,2.5
1.811,3.011,4.231,
3.081830830e-05,6.726991229e+00
9.662155062e-03,-7.895163388e-03,8.926792455e-06,5.310563938e-02,1.148606834e-01,2.361487466e-01,3.080585185e-01,1.935652069e-01,4.592089993e-02,
1.744352028e-03,-2.919621232e-03,-1.752050864e-03,-2.963959335e-02,-9.359181131e-02,-1.645689171e-01,-1.601400681e-01,-8.113500931e-02,-1.684170574e-02,
1.587728141e-01
l,4.5,3.5
1.771,3.071,4.391,
8.041773179e-05,6.933276634e+00
2.192359976e-02,-2.231949668e-02,5.525419590e-03,9.636889840e-02,2.229921943e-01,5.222349484e-01,6.462638988e-01,3.649198009e-01,7.701492427e-02,
3.141109421e-03,-5.272987424e-03,-1.723402355e-03,-4.008762579e-02,-1.133045280e-01,-1.836540836e-01,-1.646844036e-01,-7.724820190e-02,-1.493018878e-02,
1.585662462e-01
l,4.5,4.5
1.731,2.491,3.291,
2.005698037e-04,7.630433970e+00
8.300946653e-02,3.339259378e-02,1.733362672e-01,3.490620299e+00,1.656934920e+01,4.273209942e+01,6.341772327e+01,5.001020944e+01,1.615571244e+01,
4.240376173e-02,-6.174711262e-02,-2.119816431e-01,-2.739500087e+00,-1.403141064e+01,-3.794425232e+01,-5.672955738e+01,-4.404848467e+01,-1.387821593e+01,
1.591437299e-01
l,5.5,-5.5
1.851,3.091,4.351,
1.168913367e-09,1.209374704e+01
9.543895430e-06,-1.038413476e-05,4.738464412e-06,4.771510125e-05,1.238098380e-04,2.808423324e-04,3.224478964e-04,1.704396163e-04,3.399242983e-05,
1.459253081e-06,-2.459197750e-06,-9.734632411e-07,-2.031560587e-05,-5.957630674e-05,-1.002007912e-04,-9.368800310e-05,-4.596633345e-05,-9.291775041e-06,
1.585686078e-01
l,5.5,-4.5
1.971,3.171,4.391,
1.932066277e-09,1.116104926e+01
1.948383033e-05,-1.920720416e-05,5.234161273e-06,1.051381306e-04,2.495505249e-04,5.560970723e-04,6.928038421e-04,4.059138241e-04,9.009886360e-05,
3.231469258e-06,-5.452564762e-06,-2.941208451e-06,-5.431768071e-05,-1.708409837e-04,-3.013422233e-04,-2.935028570e-04,-1.489592261e-04,-3.098730744e-05,
1.588473407e-01
l,5.5,-3.5
2.071,3.271,4.491,
3.247500102e-09,1.058898409e+01
3.858630953e-05,-3.636376745e-05,6.048682226e-06,2.065043745e-04,4.696506023e-04,1.029307528e-03,1.315660880e-03,7.950257505e-04,1.815662372e-04,
6.448663081e-06,-1.091368889e-05,-5.673792665e-06,-1.076613882e-04,-3.384992739e-04,-5.969008750e-04,-5.812769260e-04,-2.947821633e-04,-6.128428474e-05,
1.587235369e-01
l,5.5,-2.5
2.151,3.331,4.531,
7.361590715e-09,9.878910439e+00
8.044575225e-05,-6.903123559e-05,1.170119276e-06,4.516698272e-04,9.704871473e-04,1.997777365e-03,2.626064926e-03,1.668650286e-03,4.011620794e-04,
1.426228244e-05,-2.416516531e-05,-1.416668906e-05,-2.502036825e-04,-7.974902158e-04,-1.422289331e-03,-1.404501419e-03,-7.226234972e-04,-1.524887734e-04,
1.588477011e-01
l,5.5,-1.5
2.211,3.411,4.631,
1.658273149e-08,9.398410206e+00
1.663424046e-04,-1.418689577e-04,-1.116127372e-05,8.604802933e-04,1.625075532e-03,3.153251341e-03,4.233636119e-03,2.745721892e-03,6.671239493e-04,
2.845257640e-05,-4.834292670e-05,-2.687889154e-05,-4.865440420e-04,-1.529646400e-03,-2.692126792e-03,-2.617917129e-03,-1.325109161e-03,-2.751568001e-04,
1.587852130e-01
l,5.5,-0.5
2.251,3.471,4.691,
3.963606097e-08,9.009313772e+00
3.548158857e-04,-2.964629489e-04,-4.085205800e-05,1.781617749e-03,3.163419837e-03,5.695639934e-03,7.542557970e-03,4.886686362e-03,1.184249203e-03,
6.078051367e-05,-1.034332440e-04,-5.738611858e-05,-1.040799171e-03,-3.269238013e-03,-5.750498559e-03,-5.588175374e-03,-2.825454121e-03,-5.860594806e-04,
1.588479236e-01
l,5.5,0.5
2.291,3.511,4.751,
1.165707193e-07,8.517791463e+00
7.788438234e-04,-6.433512879e-04,-1.137273097e-04,3.825948411e-03,6.704584856e-03,1.196780451e-02,1.595645449e-02,1.040859341e-02,2.534552541e-03,
1.296844321e-04,-2.210171791e-04,-1.188834891e-04,-2.183455567e-03,-6.777645666e-03,-1.177017865e-02,-1.127261571e-02,-5.611205363e-03,-1.145386222e-03,
1.587542739e-01
l,5.5,1.5
2.291,3.551,4.811,
3.633735682e-07,8.078204287e+00
1.745237969e-03,-1.495283538e-03,-3.901552773e-04,6.851863637e-03,8.396758836e-03,1.338004254e-02,2.063647725e-02,1.459239364e-02,3.670124472e-03,
2.770060090e-04,-4.727189037e-04,-1.646986794e-04,-3.779852255e-03,-1.101588876e-02,-1.845544508e-02,-1.718112120e-02,-8.366912997e-03,-1.685449292e-03,
1.588765988e-01
l,5.5,2.5
2.291,3.551,4.811,
1.026825842e-06,7.889628882e+00
4.057310987e-03,-3.398266341e-03,-7.031063029e-04,1.649442958e-02,2.772958280e-02,5.348604025e-02,7.274911168e-02,4.644671834e-02,1.094418214e-02,
6.535148288e-04,-1.114623772e-03,-3.153300616e-04,-8.562746917e-03,-2.499553254e-02,-4.193824441e-02,-3.913587333e-02,-1.906480158e-02,-3.830737219e-03,
1.585766391e-01
l,5.5,3.5
2.271,3.491,4.731,
3.554727454e-06,7.571033808e+00
1.034539007e-02,-8.222813927e-03,-1.579381826e-03,5.180596124e-02,9.088467261e-02,1.605636640e-01,2.151164481e-01,1.415149045e-01,3.472096174e-02,
1.771359001e-03,-3.009882043e-03,-1.782304696e-03,-3.045710440e-02,-9.475476017e-02,-1.643674556e-01,-1.574179337e-01,-7.838837060e-02,-1.599995278e-02,
1.588134499e-01
l,5.5,4.5
2.211,3.511,4.811,
1.309161143e-05,7.346006720e+00
2.480025962e-02,-2.362301793e-02,1.692501217e-04,9.670002450e-02,1.599994924e-01,3.564419647e-01,4.952266333e-01,3.085832551e-01,7.030786839e-02,
3.640966405e-03,-6.182670931e-03,-1.933428082e-03,-4.736317922e-02,-1.350237444e-01,-2.213173068e-01,-2.009362677e-01,-9.541943412e-02,-1.871006567e-02,
1.585995996e-01
l,5.5,5.5
2.171,2.991,3.851,
1.863308443e-05,8.584511546e+00
9.014593065e-02,2.660287980e-02,7.807629226e-02,2.323861482e+00,9.857141788e+00,2.258833375e+01,3.042134296e+01,2.212010906e+01,6.646490436e+00,
4.078088135e-02,-6.231216824e-02,-1.475882016e-01,-1.815083547e+00,-8.316714091e+00,-2.042424591e+01,-2.807881385e+01,-2.016961390e+01,-5.902622023e+00,
1.591437153e-01
l,6.5,-6.5
2.231,3.431,4.651,
9.640682493e-13,1.621281980e+01
2.288775931e-06,-2.382989280e-06,1.004466819e-06,1.289933858e-05,3.374980327e-05,7.682836626e-05,9.227165405e-05,5.185605385e-05,1.107115890e-05,
3.713431477e-07,-6.313100746e-07,-3.526960214e-07,-6.416787819e-06,-2.019995168e-05,-3.564983116e-05,-3.475085870e-05,-1.766087910e-05,-3.676182720e-06,
1.585691123e-01
l,6.5,-5.5
2.371,3.531,4.691,
4.733149807e-12,1.402215104e+01
4.511031875e-06,-4.309608928e-06,1.246560711e-06,2.812994168e-05,6.948099594e-05,1.552438430e-04,1.998541726e-04,1.230472594e-04,2.887709999e-05,
8.215197338e-07,-1.398147866e-06,-8.836294420e-07,-1.520216810e-05,-4.968033562e-05,-9.109561198e-05,-9.279502544e-05,-4.940907958e-05,-1.079989175e-05,
1.587848026e-01
l,6.5,-4.5
2.471,3.651,4.831,
6.387237079e-12,1.369250127e+01
8.704417269e-06,-8.082077017e-06,9.607532247e-07,4.918206081e-05,1.046670363e-04,2.215481280e-04,2.931514672e-04,1.858596617e-04,4.452253999e-05,
1.530212734e-06,-2.613725990e-06,-1.528037599e-06,-2.737995304e-05,-8.814253756e-05,-1.594103272e-04,-1.597993145e-04,-8.361547108e-05,-1.796819336e-05,
1.587848015e-01
l,6.5,-3.5
2.571,3.751,4.951,
1.906954278e-11,1.271960255e+01
1.726887058e-05,-1.533042107e-05,-7.157606738e-07,9.058620889e-05,1.737019478e-04,3.395418718e-04,4.530344193e-04,2.931701854e-04,7.143847375e-05,
2.949478493e-06,-5.052733569e-06,-2.651853708e-06,-5.062451343e-05,-1.605774729e-04,-2.864446706e-04,-2.825766150e-04,-1.452246353e-04,-3.065102827e-05,
1.589098503e-01
l,6.5,-2.5
2.631,3.831,5.031,
2.989234047e-11,1.258577557e+01
3.516727156e-05,-2.966530894e-05,-4.507089930e-06,1.807830972e-04,3.330329969e-04,6.043314114e-04,7.936381378e-04,5.136678901e-04,1.250937729e-04,
6.078553716e-06,-1.043261111e-05,-5.327905218e-06,-1.036803401e-04,-3.287210202e-04,-5.859631931e-04,-5.777831091e-04,-2.965427966e-04,-6.248201373e-05,
1.588477400e-01
l,6.5,-1.5
2.691,3.891,5.091,
1.007240315e-10,1.180306715e+01
7.386184006e-05,-5.902798633e-05,-1.576670778e-05,3.728379898e-04,6.385613547e-04,1.052244554e-03,1.391225189e-03,9.267007545e-04,2.313552028e-04,
1.296966431e-05,-2.228998524e-05,-1.158310316e-05,-2.221482078e-04,-7.045575832e-04,-1.254796080e-03,-1.236800819e-03,-6.342968221e-04,-1.335276744e-04,
1.588785059e-01
l,6.5,-0.5
2.751,3.951,5.151,
4.901547774e-10,1.079726842e+01
1.572218025e-04,-1.237999402e-04,-3.415430695e-05,8.176344673e-04,1.405701463e-03,2.204641546e-03,2.842118100e-03,1.888437440e-03,4.731885465e-04,
2.765822346e-05,-4.759644647e-05,-2.740511066e-05,-4.929547471e-04,-1.565492624e-03,-2.786884633e-03,-2.745739690e-03,-1.407715430e-03,-2.962298161e-04,
1.588476175e-01
l,6.5,0.5
2.771,3.991,5.211,
1.319792839e-09,1.047371099e+01
3.442557063e-04,-2.638913894e-04,-9.805952428e-05,1.678373712e-03,2.688343348e-03,3.820856126e-03,4.859013715e-03,3.246386767e-03,8.136627077e-04,
5.899585024e-05,-1.016523420e-04,-5.394896352e-05,-1.014144805e-03,-3.177784617e-03,-5.582522078e-03,-5.417141805e-03,-2.730921777e-03,-5.647868673e-04,
1.588785918e-01
l,6.5,1.5
2.791,4.011,5.231,
5.963999361e-09,9.737591403e+00
7.791565149e-04,-5.913363425e-04,-2.418438341e-04,3.751206173e-03,5.329464080e-03,6.467040017e-03,8.527225114e-03,6.087489510e-03,1.598504729e-03,
1.346938913e-04,-2.321586404e-04,-1.296138995e-04,-2.336630057e-03,-7.324067243e-03,-1.285386592e-02,-1.246896272e-02,-6.289919847e-03,-1.302517821e-03,
1.587815651e-01
l,6.5,2.5
2.771,4.071,5.371,
1.557037462e-08,9.639085944e+00
1.733897952e-03,-1.453608929e-03,-6.283616649e-04,6.032834834e-03,5.371116099e-03,4.000847463e-03,7.318280158e-03,6.103639430e-03,1.651289297e-03,
2.502974382e-04,-4.325975079e-04,-1.201397794e-04,-3.279842847e-03,-9.254436039e-03,-1.510510372e-02,-1.361475445e-02,-6.396495906e-03,-1.244944680e-03,
1.589031486e-01
l,6.5,3.5
2.771,4.011,5.251,
6.714523975e-08,9.120143490e+00
4.277418833e-03,-3.169567764e-03,-1.183599943e-03,2.000762177e-02,3.461843498e-02,5.383097278e-02,6.720495366e-02,4.299319348e-02,1.036793063e-02,
7.266327230e-04,-1.251966507e-03,-6.106229301e-04,-1.200924827e-02,-3.722254042e-02,-6.455814985e-02,-6.179827153e-02,-3.067752073e-02,-6.235283100e-03,
1.586532758e-01
l,6.5,4.5
2.731,3.971,5.231,
3.029881444e-07,8.647946186e+00
1.084513031e-02,-8.223593174e-03,-3.616336304e-03,4.830130595e-02,6.643347855e-02,8.449805373e-02,1.163543825e-01,8.295312193e-02,2.147124872e-02,
1.778573059e-03,-3.058813516e-03,-1.160528650e-03,-2.496730810e-02,-7.289319302e-02,-1.218192491e-01,-1.133229313e-01,-5.508503860e-02,-1.106722409e-02,
1.588469281e-01
l,6.5,5.5
2.671,3.951,5.251,
1.371610804e-06,8.306344588e+00
2.735910006e-02,-2.352202797e-02,-6.796417838e-03,9.885359403e-02,1.068144120e-01,1.659975912e-01,2.750610990e-01,1.996676266e-01,5.047530347e-02,
4.048447501e-03,-6.944449164e-03,-2.146602320e-03,-5.344782286e-02,-1.519706844e-01,-2.485196448e-01,-2.250282642e-01,-1.064020330e-01,-2.080286235e-02,
1.586920853e-01
l,6.5,6.5
2.611,3.491,4.411,
1.429798896e-06,9.639526392e+00
9.529498965e-02,2.101586351e-02,3.966658801e-02,1.945219372e+00,7.879841443e+00,1.690597306e+01,2.122879381e+01,1.437718138e+01,4.021227889e+00,
3.828379091e-02,-6.063893792e-02,-1.220191396e-01,-1.534923038e+00,-6.691754412e+00,-1.556247714e+01,-2.013847574e+01,-1.354395869e+01,-3.698474678e+00,
1.591437304e-01
l,7.5,-7.5
2.631,3.831,5.031,
2.694735849e-16,2.037858373e+01
5.096575819e-07,-5.524592166e-07,2.284140998e-07,2.771532201e-06,6.768033318e-06,1.540371532e-05,1.878439825e-05,1.071004275e-05,2.318038181e-06,
8.210490450e-08,-1.409176838e-07,-7.818739855e-08,-1.450307324e-06,-4.606619186e-06,-8.241121296e-06,-8.148777043e-06,-4.206425334e-06,-8.906462366e-07,
1.586921072e-01
l,7.5,-6.5
2.771,3.931,5.111,
1.028978828e-15,1.865107354e+01
9.921398032e-07,-9.663876406e-07,1.821181120e-07,5.561300192e-06,1.275181318e-05,2.798985385e-05,3.607245354e-05,2.218003970e-05,5.187254765e-06,
1.693988170e-07,-2.912683287e-07,-1.489667726e-07,-2.938329885e-06,-9.432349562e-06,-1.707794349e-05,-1.712661767e-05,-8.961988401e-06,-1.925642977e-06,
1.588473575e-01
l,7.5,-5.5
2.891,4.031,5.191,
2.945658939e-15,1.751209894e+01
1.928070105e-06,-1.714904108e-06,9.960607558e-08,1.131514146e-05,2.472033851e-05,5.087141479e-05,6.659807084e-05,4.251513900e-05,1.034179152e-05,
3.490737917e-07,-6.012581494e-07,-3.466022220e-07,-6.387721471e-06,-2.082392978e-05,-3.817683192e-05,-3.887062022e-05,-2.065648316e-05,-4.507645322e-06,
1.588461606e-01
l,7.5,-4.5
2.991,4.131,5.291,
1.058418139e-14,1.638257797e+01
3.789243010e-06,-3.192271581e-06,-3.036641817e-07,2.196618375e-05,4.507094654e-05,8.801885589e-05,1.183909148e-04,7.876801959e-05,1.989566242e-05,
6.948985866e-07,-1.199449633e-06,-6.716161707e-07,-1.251429688e-05,-4.071685489e-05,-7.451946287e-05,-7.576838702e-05,-4.020061751e-05,-8.764466354e-06,
1.588778758e-01
l,7.5,-3.5
3.071,4.231,5.411,
2.656873075e-14,1.575386049e+01
7.530747098e-06,-6.185634654e-06,-1.442752767e-06,4.094160298e-05,7.378502034e-05,1.269453943e-04,1.708757018e-04,1.163552753e-04,2.987959634e-05,
1.335810789e-06,-2.311311661e-06,-1.241344943e-06,-2.355248061e-05,-7.552809572e-05,-1.363029392e-04,-1.363357192e-04,-7.106888540e-05,-1.522796536e-05,
1.589098158e-01
l,7.5,-2.5
3.151,4.331,5.511,
1.380032685e-13,1.462594553e+01
1.510819038e-05,-1.248441106e-05,-3.111425680e-06,7.815954171e-05,1.305696422e-04,2.043169164e-04,2.675135366e-04,1.802698647e-04,4.574885963e-05,
2.656896420e-06,-4.606047118e-06,-2.422446199e-06,-4.679130778e-05,-1.498911818e-04,-2.705274117e-04,-2.704768398e-04,-1.408662344e-04,-3.015403697e-05,
1.589269687e-01
l,7.5,-1.5
3.191,4.371,5.571,
2.537038188e-13,1.449503244e+01
3.216294135e-05,-2.333292108e-05,-1.165638740e-05,1.689348754e-04,2.953220147e-04,4.076847440e-04,4.912543873e-04,3.268083013e-04,8.359069705e-05,
5.660930719e-06,-9.824925802e-06,-5.361196423e-06,-1.003594270e-04,-3.177573043e-04,-5.648551514e-04,-5.554085178e-04,-2.837058542e-04,-5.948069951e-05,
1.588950169e-01
l,7.5,-0.5
3.251,4.431,5.631,
2.244960038e-12,1.312174723e+01
6.830748316e-05,-4.917301991e-05,-2.555318211e-05,3.529585338e-04,5.980210235e-04,7.882729007e-04,9.465364241e-04,6.365483048e-04,1.642367139e-04,
1.206253413e-05,-2.095824638e-05,-1.124817378e-05,-2.123525326e-04,-6.722524230e-04,-1.194887075e-03,-1.175144449e-03,-6.004253223e-04,-1.259126831e-04,
1.588958118e-01
l,7.5,0.5
3.271,4.491,5.711,
7.596639940e-12,1.264714856e+01
1.470350981e-04,-1.095766501e-04,-5.678880027e-05,6.965177456e-04,1.051796162e-03,1.224018712e-03,1.464227192e-03,9.995319381e-04,2.575594481e-04,
2.482334176e-05,-4.319081216e-05,-2.083768988e-05,-4.191848037e-04,-1.307676114e-03,-2.294395091e-03,-2.221751773e-03,-1.116528659e-03,-2.303444965e-04,
1.589089816e-01
l,7.5,1.5
3.291,4.491,5.711,
4.085276487e-11,1.185156897e+01
3.341711126e-04,-2.220669141e-04,-1.499626298e-04,1.623685524e-03,2.727677242e-03,3.400557305e-03,3.985537957e-03,2.672072962e-03,6.873802358e-04,
5.867689013e-05,-1.020893333e-04,-4.979715834e-05,-9.919761123e-04,-3.102662402e-03,-5.440686603e-03,-5.274347980e-03,-2.650387598e-03,-5.456686017e-04,
1.588436134e-01
l,7.5,2.5
3.291,4.531,5.791,
1.857446625e-10,1.127538555e+01
7.627501036e-04,-5.667038685e-04,-3.693971824e-04,3.452515383e-03,3.728297134e-03,9.266073614e-04,6.938782833e-04,1.176693683e-03,4.464367321e-04,
1.207734892e-04,-2.104052193e-04,-8.284266724e-05,-1.743896042e-03,-5.057731544e-03,-8.429584797e-03,-7.802473249e-03,-3.775506645e-03,-7.582356648e-04,
1.589266366e-01
l,7.5,3.5
3.271,4.551,5.831,
6.523753732e-10,1.099460081e+01
1.749048010e-03,-1.296618534e-03,-8.415542138e-04,6.564971715e-03,7.880807524e-03,5.895616243e-03,6.839850747e-03,5.125306734e-03,1.375061838e-03,
2.662920079e-04,-4.641557265e-04,-1.341085052e-04,-3.612376765e-03,-1.031752059e-02,-1.700964727e-02,-1.551493209e-02,-7.354753366e-03,-1.441118059e-03,
1.589015595e-01
l,7.5,4.5
3.251,4.491,5.731,
4.262540601e-09,1.022634365e+01
4.373461939e-03,-2.959294548e-03,-1.678117213e-03,2.081013644e-02,3.513398039e-02,4.498343382e-02,5.128020822e-02,3.272956333e-02,8.028999727e-03,
7.483290885e-04,-1.301355772e-03,-6.993790255e-04,-1.296557211e-02,-4.017954297e-02,-6.957637420e-02,-6.650089760e-02,-3.292886161e-02,-6.673171099e-03,
1.587213418e-01
l,7.5,5.5
3.191,4.451,5.711,
2.332331892e-08,9.688088919e+00
1.118606981e-02,-7.957793487e-03,-5.504990596e-03,4.252260982e-02,3.695954086e-02,3.315459000e-03,1.485546949e-02,2.396555991e-02,8.362802903e-03,
1.831616446e-03,-3.179893429e-03,-1.237164136e-03,-2.631787695e-02,-7.670608317e-02,-1.279841134e-01,-1.188265362e-01,-5.757287905e-02,-1.152898077e-02,
1.588473187e-01
l,7.5,6.5
3.131,4.411,5.691,
1.033907251e-07,9.444543729e+00
2.906342037e-02,-2.292907112e-02,-1.146857665e-02,1.053641441e-01,9.273466246e-02,5.377567295e-02,1.109892982e-01,1.028824993e-01,2.958575077e-02,
4.468116157e-03,-7.729355561e-03,-2.554428551e-03,-6.126780289e-02,-1.760453914e-01,-2.907732195e-01,-2.663197523e-01,-1.272597144e-01,-2.515262533e-02,
1.587206126e-01
l,7.5,7.5
3.071,4.011,4.971,
1.042743764e-07,1.063479763e+01
9.881787002e-02,8.162879674e-03,6.919213113e-03,1.607750758e+00,6.146075522e+00,1.235410921e+01,1.456245536e+01,9.259410774e+00,2.428739674e+00,
3.527843867e-02,-5.745138426e-02,-9.723007496e-02,-1.281030633e+00,-5.407144403e+00,-1.215679237e+01,-1.514008578e+01,-9.762626009e+00,-2.550963225e+00,
1.591437215e-01
l,8.5,-8.5
3.051,4.191,5.331,
1.152844668e-19,2.337698022e+01
1.162895984e-07,-1.222575219e-07,5.424650656e-08,7.380894245e-07,1.942780389e-06,4.465728603e-06,5.580841906e-06,3.310346872e-06,7.510330154e-07,
2.071114052e-08,-3.577846074e-08,-2.146612181e-08,-3.901559327e-07,-1.288519266e-06,-2.398927823e-06,-2.483686072e-06,-1.346156467e-06,-2.996719257e-07,
1.586901722e-01
l,8.5,-7.5
3.191,4.311,5.451,
3.149310274e-19,2.209854008e+01
2.204756981e-07,-2.146568113e-07,4.610314970e-08,1.361789242e-06,3.185427987e-06,7.109117490e-06,9.476623210e-06,6.071640415e-06,1.482744797e-06,
3.983802742e-08,-6.898463557e-08,-3.958528557e-08,-7.363199187e-07,-2.426509274e-06,-4.512978152e-06,-4.667687368e-06,-2.525729049e-06,-5.619930154e-07,
1.588473407e-01
l,8.5,-6.5
3.311,4.451,5.591,
5.684438791e-19,2.141032576e+01
4.102896014e-07,-3.885350472e-07,4.949137183e-08,2.474024018e-06,5.348965846e-06,1.111736602e-05,1.470693795e-05,9.487049591e-06,2.332665597e-06,
7.393392394e-08,-1.283656621e-07,-7.613636898e-08,-1.396427467e-06,-4.601244039e-06,-8.555836972e-06,-8.842876873e-06,-4.778588269e-06,-1.062039017e-06,
1.589095457e-01
l,8.5,-5.5
3.411,4.551,5.711,
4.605559598e-19,2.153578126e+01
7.982384886e-07,-6.915368276e-07,-7.045171388e-08,4.560866512e-06,9.222000711e-06,1.734461202e-05,2.266193924e-05,1.481664578e-05,3.699373454e-06,
1.419405392e-07,-2.469736242e-07,-1.315293296e-07,-2.562524825e-06,-8.315602628e-06,-1.523140337e-05,-1.547891377e-05,-8.203124226e-06,-1.787051667e-06,
1.589253885e-01
l,8.5,-4.5
3.511,4.651,5.791,
3.463546058e-18,1.998396486e+01
1.565634989e-06,-1.291082094e-06,-2.015379465e-07,9.005961039e-06,1.788552136e-05,3.201867456e-05,4.135087198e-05,2.716333615e-05,6.832200077e-06,
2.919622567e-07,-5.087144798e-07,-2.828777229e-07,-5.406052250e-06,-1.780125377e-05,-3.304898379e-05,-3.413098117e-05,-1.838884824e-05,-4.070900907e-06,
1.588938614e-01
l,8.5,-3.5
3.591,4.731,5.871,
2.224298995e-17,1.870654182e+01
3.165195949e-06,-2.457435135e-06,-6.768390356e-07,1.839050131e-05,3.517546839e-05,5.802252347e-05,7.440219602e-05,4.994994950e-05,1.286037938e-05,
6.005592280e-07,-1.047826002e-06,-6.113606455e-07,-1.126986164e-05,-3.712002878e-05,-6.881452368e-05,-7.100733491e-05,-3.822250685e-05,-8.454861673e-06,
1.588959360e-01
l,8.5,-2.5
3.651,4.811,5.971,
7.587875480e-17,1.803812558e+01
6.477604984e-06,-4.881379056e-06,-2.023598154e-06,3.565737128e-05,6.071406089e-05,8.320174167e-05,1.030721172e-04,7.076826554e-05,1.860732991e-05,
1.192904283e-06,-2.084721811e-06,-1.202624712e-06,-2.210200953e-05,-7.174825072e-05,-1.310414328e-04,-1.329174106e-04,-7.024454903e-05,-1.525825135e-05,
1.589268422e-01
l,8.5,-1.5
3.711,4.891,6.071,
6.299584577e-16,1.678614549e+01
1.338054972e-05,-1.011088791e-05,-4.799492939e-06,6.931041470e-05,1.117586291e-04,1.377856296e-04,1.635206101e-04,1.112857345e-04,2.903689945e-05,
2.368818674e-06,-4.146281298e-06,-2.167534709e-06,-4.217505408e-05,-1.348300186e-04,-2.428771930e-04,-2.423506943e-04,-1.257945254e-04,-2.683603227e-05,
1.589570913e-01
l,8.5,-0.5
3.751,4.931,6.131,
2.955345933e-15,1.604221779e+01
2.879329077e-05,-1.993444333e-05,-1.336422102e-05,1.463035142e-04,2.434183834e-04,2.770420901e-04,3.044533432e-04,2.037146467e-04,5.330972859e-05,
5.042148894e-06,-8.833668463e-06,-4.434878567e-06,-8.782177409e-05,-2.771154789e-04,-4.920157193e-04,-4.830437836e-04,-2.460867299e-04,-5.146665389e-05,
1.589258715e-01
l,8.5,0.5
3.771,4.971,6.191,
1.321897894e-14,1.540275983e+01
6.285699055e-05,-4.204382954e-05,-3.359809508e-05,3.072717748e-04,4.844028409e-04,4.543012340e-04,4.485898493e-04,3.034408313e-04,8.135991059e-05,
1.073353159e-05,-1.882162081e-05,-8.992148133e-06,-1.819652815e-04,-5.661905446e-04,-9.910083176e-04,-9.571575787e-04,-4.790850858e-04,-9.844971310e-05,
1.589261361e-01
l,8.5,1.5
3.791,5.031,6.271,
8.619840843e-14,1.455007439e+01
1.364536001e-04,-9.664171737e-05,-6.530763329e-05,6.297713094e-04,1.022813768e-03,1.101681134e-03,1.117032551e-03,6.964050674e-04,1.713315542e-04,
2.206199899e-05,-3.873146881e-05,-1.722517667e-05,-3.677093345e-04,-1.129114931e-03,-1.953689893e-03,-1.858916858e-03,-9.146963444e-04,-1.846020269e-04,
1.589502939e-01
l,8.5,2.5
3.811,4.971,6.151,
1.732190830e-12,1.288685396e+01
3.274111950e-04,-1.788245191e-04,-1.621562562e-04,1.933843016e-03,3.542137836e-03,3.731482547e-03,3.559240026e-03,2.306967690e-03,6.183674225e-04,
6.432660501e-05,-1.127246003e-04,-8.159464325e-05,-1.269556036e-03,-4.091515470e-03,-7.340251451e-03,-7.324264173e-03,-3.801986313e-03,-8.091012343e-04,
1.587853582e-01
l,8.5,3.5
3.771,5.051,6.331,
2.839987460e-12,1.319526148e+01
7.333309040e-04,-5.201936968e-04,-4.683493542e-04,2.790671828e-03,2.205915571e-03,-2.230023869e-03,-3.405139141e-03,-1.429987219e-03,-1.835368000e-04,
1.110247130e-04,-1.950611192e-04,-6.033321024e-05,-1.521505388e-03,-4.325907700e-03,-7.103136447e-03,-6.451771095e-03,-3.052616138e-03,-5.999066156e-04,
1.589417300e-01
l,8.5,4.5
3.751,5.031,6.331,
1.818658165e-11,1.251993852e+01
1.749368035e-03,-1.147943799e-03,-1.116564264e-03,6.455136386e-03,8.405329967e-03,4.600806252e-03,3.378428878e-03,2.614404280e-03,7.678964135e-04,
2.624598533e-04,-4.610443030e-04,-1.115284149e-04,-3.424838157e-03,-9.606862013e-03,-1.558213575e-02,-1.394488455e-02,-6.457774290e-03,-1.235436850e-03,
1.589076527e-01
l,8.5,5.5
3.711,4.971,6.251,
1.680841926e-10,1.159909239e+01
4.413730931e-03,-2.704328070e-03,-2.827480136e-03,1.619790991e-02,1.952540284e-02,9.018649126e-03,8.683913005e-03,8.439981071e-03,2.672898648e-03,
7.134198656e-04,-1.251145507e-03,-3.463448617e-04,-9.511564192e-03,-2.719863820e-02,-4.470755849e-02,-4.080595584e-02,-1.931495998e-02,-3.767982896e-03,
1.587853765e-01
l,8.5,6.5
3.671,4.931,6.211,
1.190976741e-09,1.095833122e+01
1.139289979e-02,-7.564736275e-03,-6.996474210e-03,4.183047614e-02,3.587713065e-02,-1.439296581e-02,-1.750961188e-02,1.962120571e-03,3.072929000e-03,
1.808445350e-03,-3.165801810e-03,-1.003136309e-03,-2.464487779e-02,-7.052043366e-02,-1.159296889e-01,-1.057926729e-01,-5.024312046e-02,-9.867154839e-03,
1.588448496e-01
l,8.5,7.5
3.591,4.871,6.171,
5.016571510e-09,1.080183607e+01
3.039691038e-02,-2.156608652e-02,-1.754628040e-02,1.072065435e-01,8.764483672e-02,-2.919280182e-02,-2.692914715e-02,1.524433211e-02,9.608817469e-03,
4.572531169e-03,-7.974929362e-03,-2.168836695e-03,-5.992118971e-02,-1.690062794e-01,-2.747736266e-01,-2.470469046e-01,-1.155072724e-01,-2.235832688e-02,
1.587797012e-01
l,8.5,8.5
3.511,4.511,5.511,
2.879193721e-08,1.049662524e+01
1.008284986e-01,3.771507780e-03,-3.725759571e-02,1.138941218e+00,4.001663830e+00,7.234241565e+00,7.861328986e+00,4.720514666e+00,1.186196879e+00,
3.311842450e-02,-5.501992964e-02,-6.638610643e-02,-9.001689350e-01,-3.491973355e+00,-7.352204346e+00,-8.681469106e+00,-5.332003150e+00,-1.331857720e+00,
1.591437072e-01
