l,0.5,-0.5
0.151,1.211,2.291,
7.089438291e-02,1.956188565e+00
1.009367034e-02,-6.992034556e-03,5.585500871e-03,8.707208812e-02,2.727123152e-01,5.373746463e-01,6.081212182e-01,3.715349698e-01,9.570192803e-02,
2.561580580e-03,-4.078403899e-03,-4.400953362e-03,-6.060566503e-02,-2.229482384e-01,-4.439184377e-01,-4.895771245e-01,-2.807916475e-01,-6.556615478e-02,
1.590203973e-01
l,0.5,0.5
0.131,0.371,0.611,
5.882455552e-01,2.402482620e+00
2.187594026e-02,4.204744353e-02,1.675021596e-01,1.132945201e+01,2.072137606e+02,1.986381965e+03,1.012838571e+04,2.616276033e+04,2.709226731e+04,
2.656519319e-02,4.032904480e-03,-2.357400334e-01,-9.183139295e+00,-1.865364903e+02,-1.859826047e+03,-9.724066682e+03,-2.562943135e+04,-2.691840201e+04,
1.591437251e-01
l,1.5,-1.5
0.331,1.471,2.611,
2.724801110e-02,3.089273029e+00
4.208085127e-03,-3.574378772e-03,1.896470494e-03,2.260150263e-02,5.997439517e-02,1.079840618e-01,1.081170046e-01,5.951634244e-02,1.467601497e-02,
8.889401117e-04,-1.471753521e-03,-1.034615395e-03,-1.629747113e-02,-5.449942092e-02,-1.011217792e-01,-1.046124425e-01,-5.650969181e-02,-1.247796626e-02,
1.589271948e-01
l,1.5,-0.5
0.371,1.331,2.291,
4.800632243e-01,5.631431060e+00
9.118476883e-03,-7.834437125e-03,-1.648757771e-02,-3.718899343e-01,-2.508216147e+00,-7.171815695e+00,-1.041433088e+01,-7.509829176e+00,-2.131118172e+00,
2.561580580e-03,-4.078403899e-03,-6.438555258e-03,-8.935608172e-02,-3.772403990e-01,-8.533924271e-01,-1.064110140e+00,-6.891510973e-01,-1.813535263e-01,
1.590203973e-01
l,1.5,0.5
0.351,1.471,2.591,
7.166889221e-02,3.158314160e+00
1.212301012e-02,-1.015680057e-02,6.353295555e-03,6.772032322e-02,1.980343340e-01,3.856197630e-01,4.268032917e-01,2.685962411e-01,7.497261500e-02,
2.692179002e-03,-4.425109394e-03,-3.042591733e-03,-4.858210667e-02,-1.649180139e-01,-3.104685049e-01,-3.266317702e-01,-1.795756259e-01,-4.034156405e-02,
1.589272600e-01
l,1.5,1.5
0.331,0.531,0.771,
1.207078002e+00,4.495558671e+00
3.069299087e-02,1.345669767e-01,6.029181940e+00,2.574719491e+02,5.030076372e+03,5.149590323e+04,2.846331988e+05,8.050761710e+05,9.149308332e+05,
3.894715740e-02,-3.797230595e-03,-4.119969492e+00,-2.008621784e+02,-4.074310137e+03,-4.068024591e+04,-2.128295937e+05,-5.611889448e+05,-5.895547939e+05,
1.591437195e-01
l,2.5,-2.5
0.531,1.671,2.831,
7.836580409e-03,4.628604069e+00
1.831257949e-03,-1.700416347e-03,9.546879716e-04,8.239046372e-03,1.894208219e-02,3.115467724e-02,2.524379173e-02,1.037295765e-02,2.157449519e-03,
3.587601029e-04,-6.056361961e-04,-4.108666628e-04,-6.633656652e-03,-2.184166104e-02,-4.000260276e-02,-4.079188892e-02,-2.170290091e-02,-4.714274201e-03,
1.588478789e-01
l,2.5,-1.5
0.631,1.611,2.631,
8.545095615e-03,4.872659023e+00
3.664460965e-03,-3.733738655e-03,1.802684930e-02,2.181739390e-01,9.464715394e-01,2.142087345e+00,2.586558980e+00,1.593887569e+00,3.964752588e-01,
8.601281197e-04,-1.426706182e-03,-1.393242615e-03,-2.132587266e-02,-8.103913945e-02,-1.691724578e-01,-1.963665766e-01,-1.190921270e-01,-2.948981439e-02,
1.589581807e-01
l,2.5,-0.5
0.611,1.771,2.931,
1.090956505e-02,4.762926227e+00
4.674531054e-03,-4.640081962e-03,2.413221847e-03,1.286391014e-02,7.554414311e-03,-2.896238283e-02,-9.162694921e-02,-8.240905959e-02,-2.329074029e-02,
8.900460380e-04,-1.511220614e-03,-9.137289060e-04,-1.583902207e-02,-5.206215623e-02,-9.551411497e-02,-9.752838346e-02,-5.195843300e-02,-1.129714321e-02,
1.588479695e-01
l,2.5,0.5
0.611,1.591,2.591,
2.043070778e-02,4.854932394e+00
1.069836039e-02,-8.402256507e-03,3.004068278e-02,2.532919874e-01,8.414284269e-01,1.695050845e+00,1.834970825e+00,9.833743877e-01,2.077709108e-01,
2.693229813e-03,-4.426836602e-03,-4.898911570e-03,-7.221827322e-02,-2.842050189e-01,-6.157045739e-01,-7.466406221e-01,-4.759406185e-01,-1.245406201e-01,
1.589892925e-01
l,2.5,1.5
0.591,1.711,2.871,
4.176262289e-02,4.629114438e+00
1.451035030e-02,-1.354056108e-02,7.617002486e-03,4.804147803e-02,6.769576329e-02,2.627958497e-02,-1.060142440e-01,-1.133820893e-01,-2.814315626e-02,
2.887792109e-03,-4.856556418e-03,-3.181378806e-03,-5.208210707e-02,-1.718763281e-01,-3.151309896e-01,-3.219339952e-01,-1.715871996e-01,-3.730033258e-02,
1.588789638e-01
l,2.5,2.5
0.531,0.791,1.091,
4.926377958e-01,6.243220771e+00
4.380897060e-02,1.359868380e-01,2.592294539e+00,7.306661118e+01,9.430423253e+02,6.806858180e+03,2.798881642e+04,6.096341259e+04,5.450827782e+04,
5.091180349e-02,-2.684812225e-02,-1.896831508e+00,-5.458125959e+01,-7.323246774e+02,-5.237539985e+03,-2.075698917e+04,-4.294812352e+04,-3.619018795e+04,
1.591437137e-01
l,3.5,-3.5
0.731,1.891,3.071,
1.702896227e-03,7.620879219e+00
7.763361209e-04,-7.982895895e-04,4.518601038e-04,2.875471236e-03,5.244302307e-03,6.592724437e-03,1.166802408e-03,-2.517687611e-03,-9.982274452e-04,
1.390119214e-04,-2.386542626e-04,-1.426433405e-04,-2.493186806e-03,-8.068878600e-03,-1.459838735e-02,-1.467678094e-02,-7.697114027e-03,-1.647856198e-03,
1.588477649e-01
l,3.5,-2.5
0.891,1.851,2.871,
9.993267273e-04,7.197991581e+00
1.509455964e-03,-1.682800188e-03,1.233543383e-02,1.521610713e-01,6.789718838e-01,1.552831304e+00,1.896679647e+00,1.183348428e+00,2.974838870e-01,
3.355331073e-04,-5.681200119e-04,-5.318887470e-04,-8.438838068e-03,-3.199034536e-02,-6.684102469e-02,-7.761650863e-02,-4.709332393e-02,-1.166268122e-02,
1.589580935e-01
l,3.5,-1.5
0.871,2.011,3.171,
1.217207284e-03,7.580917464e+00
1.906129997e-03,-2.064138686e-03,1.275841915e-03,6.144644588e-03,5.436589029e-03,-7.797362695e-03,-4.169406634e-02,-4.506772119e-02,-1.466602779e-02,
3.440667462e-04,-5.939434717e-04,-3.660815832e-04,-6.356322259e-03,-2.085582181e-02,-3.831287236e-02,-3.919606249e-02,-2.096811335e-02,-4.583609363e-03,
1.587858795e-01
l,3.5,-0.5
0.911,1.931,2.951,
1.413813482e-03,6.175436853e+00
3.847806947e-03,-3.227862887e-03,1.641530140e-02,1.262876045e-01,4.294104190e-01,8.714798140e-01,9.644520979e-01,5.391318305e-01,1.204561301e-01,
8.609049973e-04,-1.463866707e-03,-1.440496671e-03,-2.290887188e-02,-8.958054712e-02,-1.943093797e-01,-2.359512231e-01,-1.508559317e-01,-3.964775564e-02,
1.589582388e-01
l,3.5,0.5
0.891,2.051,3.231,
2.688325402e-03,7.334430947e+00
5.211154930e-03,-5.639665536e-03,3.310008178e-03,1.478533755e-02,7.074452138e-03,-3.942508255e-02,-1.365464504e-01,-1.369770191e-01,-4.332488800e-02,
9.116226141e-04,-1.576985845e-03,-9.258420190e-04,-1.642549431e-02,-5.319092242e-02,-9.642426913e-02,-9.718400098e-02,-5.114928024e-02,-1.099030162e-02,
1.587859315e-01
l,3.5,1.5
0.871,1.871,2.891,
6.067014509e-03,7.476088326e+00
1.201238018e-02,-1.300100289e-02,-2.061532852e-02,-9.820945472e-02,-4.329182068e-01,-8.455743568e-01,-1.041305301e+00,-7.589265769e-01,-2.307244783e-01,
2.793587176e-03,-4.706296177e-03,-4.131562960e-03,-6.314320801e-02,-2.204017194e-01,-4.131922684e-01,-4.173835990e-01,-2.119004226e-01,-4.206361188e-02,
1.589582081e-01
l,3.5,2.5
0.811,1.971,3.151,
1.333648108e-02,5.930258273e+00
1.676128991e-02,-1.720250726e-02,9.225883810e-03,3.464209225e-02,-3.355784683e-02,-2.626899462e-01,-5.558267989e-01,-4.535472640e-01,-1.249978260e-01,
3.067257110e-03,-5.254563717e-03,-3.145573776e-03,-5.433994725e-02,-1.764076222e-01,-3.193646431e-01,-3.217169123e-01,-1.691669646e-01,-3.628952571e-02,
1.587852283e-01
l,3.5,3.5
0.751,1.071,1.411,
1.028660160e-01,7.717357075e+00
5.806870013e-02,1.366065827e-01,2.471946326e+00,6.447998171e+01,7.320311156e+02,4.533823463e+03,1.570042259e+04,2.842444135e+04,2.093776837e+04,
6.066267426e-02,-4.746037336e-02,-1.903050540e+00,-5.184313910e+01,-6.407204821e+02,-4.149697620e+03,-1.470764807e+04,-2.698055779e+04,-2.004252765e+04,
1.591436826e-01
l,4.5,-4.5
0.971,2.111,3.271,
1.018438552e-04,1.079410063e+01
3.257739882e-04,-3.626685789e-04,2.422685961e-04,1.298223148e-03,2.445610122e-03,3.248657287e-03,6.724427767e-04,-1.219208536e-03,-5.114212523e-04,
5.736132119e-05,-9.963985028e-05,-6.268344134e-05,-1.079834178e-03,-3.537786264e-03,-6.499044409e-03,-6.642515874e-03,-3.550909002e-03,-7.762098746e-04,
1.588164727e-01
l,4.5,-3.5
1.071,2.091,3.111,
4.524348269e-05,1.386356836e+01
6.146875094e-04,-7.427513034e-04,-3.362169283e-03,-2.758164658e-02,-1.114780899e-01,-2.325811144e-01,-2.756235390e-01,-1.741114941e-01,-4.502199306e-02,
1.298905318e-04,-2.235445079e-04,-1.982607951e-04,-3.272387819e-03,-1.236622592e-02,-2.584966103e-02,-3.001391705e-02,-1.821387242e-02,-4.511221215e-03,
1.589890259e-01
l,4.5,-2.5
1.131,2.271,3.411,
4.060409903e-05,1.139527710e+01
7.539275102e-04,-8.879197515e-04,6.252344654e-04,2.802943190e-03,3.779450103e-03,1.339387360e-03,-1.176900746e-02,-1.592838106e-02,-5.640430975e-03,
1.321916807e-04,-2.312470202e-04,-1.466911606e-04,-2.560030416e-03,-8.486220099e-03,-1.581381266e-02,-1.641596875e-02,-8.931284580e-03,-1.989483724e-03,
1.587857507e-01
l,4.5,-1.5
1.191,2.191,3.211,
4.657953019e-05,1.077964000e+01
1.488675945e-03,-1.908103368e-03,-5.074787993e-03,-3.057633601e-02,-1.185583534e-01,-2.284165921e-01,-2.613435623e-01,-1.691985787e-01,-4.630503590e-02,
3.213703411e-04,-5.560615938e-04,-3.948499715e-04,-6.494378783e-03,-2.040462611e-02,-3.271162939e-02,-2.474753161e-02,-6.237046312e-03,6.782806063e-04,
1.589271583e-01
l,4.5,-0.5
1.191,2.351,3.511,
6.698920361e-05,1.057000958e+01
1.939186011e-03,-2.310057796e-03,1.648097352e-03,8.529519052e-03,1.811627402e-02,2.816366227e-02,3.401790139e-03,-1.997091334e-02,-9.601243795e-03,
3.263032475e-04,-5.733095811e-04,-3.192264428e-04,-5.978267082e-03,-1.949524206e-02,-3.579720493e-02,-3.656339686e-02,-1.956335665e-02,-4.285298114e-03,
1.587857012e-01
l,4.5,0.5
1.211,2.231,3.271,
1.258509375e-04,9.852282039e+00
4.068103153e-03,-5.167870514e-03,-1.379437578e-02,-8.072361037e-02,-3.068474251e-01,-5.722692322e-01,-6.291420574e-01,-3.934701677e-01,-1.049534343e-01,
8.513634034e-04,-1.476209787e-03,-1.002316288e-03,-1.672986921e-02,-5.159058877e-02,-8.076890722e-02,-5.886847641e-02,-1.338170967e-02,2.126828560e-03,
1.589272104e-01
l,4.5,1.5
1.171,2.351,3.531,
2.850464558e-04,9.436305845e+00
5.590020213e-03,-6.500509291e-03,4.480821294e-03,2.252823923e-02,4.330334203e-02,5.665199190e-02,-1.797764641e-02,-6.950901712e-02,-2.885393565e-02,
9.256615881e-04,-1.625849345e-03,-9.254200564e-04,-1.694003863e-02,-5.463638425e-02,-9.900181719e-02,-9.968377234e-02,-5.249427659e-02,-1.130140445e-02,
1.587235694e-01
l,4.5,2.5
1.131,2.151,3.171,
9.545438246e-04,7.465357812e+00
1.321818028e-02,-1.171850734e-02,3.336363346e-02,2.938059331e-01,9.947379998e-01,2.120388691e+00,2.454432229e+00,1.406275660e+00,3.157256073e-01,
2.966508641e-03,-5.089386644e-03,-5.697057906e-03,-8.995543718e-02,-3.707585334e-01,-8.414182294e-01,-1.057733027e+00,-6.900403948e-01,-1.823113419e-01,
1.589265065e-01
l,4.5,3.5
1.051,2.231,3.431,
2.904021938e-03,8.095511693e+00
1.908133924e-02,-2.090624397e-02,1.144919525e-02,3.714145690e-02,-5.213132433e-02,-3.322402552e-01,-7.087367853e-01,-5.992656915e-01,-1.726614476e-01,
3.232649373e-03,-5.622905482e-03,-3.196412930e-03,-5.686665204e-02,-1.815721658e-01,-3.241881168e-01,-3.214290596e-01,-1.664174052e-01,-3.517798388e-02,
1.587170672e-01
l,4.5,4.5
0.991,1.331,1.711,
1.557759982e-02,8.944563173e+00
6.994096935e-02,1.566656233e-01,2.855401281e+00,7.212492077e+01,7.918075694e+02,4.695145278e+03,1.545370480e+04,2.647796887e+04,1.841171735e+04,
6.969519082e-02,-6.520890294e-02,-2.158963547e+00,-5.642045054e+01,-6.511002746e+02,-3.869447859e+03,-1.242775495e+04,-2.049005284e+04,-1.360834355e+04,
1.591436990e-01
l,5.5,-5.5
1.211,2.331,3.471,
1.458759354e-06,1.594760251e+01
1.349886006e-04,-1.595972365e-04,1.095163327e-04,4.809574365e-04,7.272549149e-04,6.597191157e-04,-7.630001952e-04,-1.288587168e-03,-4.316840307e-04,
2.357368710e-05,-4.136734391e-05,-2.461874814e-05,-4.450733246e-04,-1.471269588e-03,-2.736938688e-03,-2.835880075e-03,-1.540223012e-03,-3.426167235e-04,
1.587539473e-01
l,5.5,-4.5
1.311,2.311,3.311,
7.069395445e-08,2.346151786e+01
2.539110137e-04,-3.241367354e-04,-2.186858161e-03,-1.825544167e-02,-7.336838551e-02,-1.544858381e-01,-1.838084129e-01,-1.162279074e-01,-3.014297875e-02,
5.357554993e-05,-9.326257451e-05,-8.974981624e-05,-1.446246845e-03,-5.538278032e-03,-1.175627213e-02,-1.388635254e-02,-8.589974457e-03,-2.171040149e-03,
1.590198413e-01
l,5.5,-3.5
1.411,2.531,3.651,
4.937220775e-07,1.454743111e+01
2.942100109e-04,-3.724907897e-04,2.732361123e-04,1.110461048e-03,1.689565557e-03,1.472305476e-03,-3.404655429e-03,-5.656675398e-03,-2.128019081e-03,
5.052272165e-05,-8.937081934e-05,-5.055639671e-05,-9.602037349e-04,-3.206424709e-03,-6.057213938e-03,-6.374577272e-03,-3.523111540e-03,-7.987632700e-04,
1.587853491e-01
l,5.5,-2.5
1.471,2.451,3.451,
2.768681513e-07,1.567209604e+01
5.717041204e-04,-8.452770916e-04,-3.680482933e-03,-2.416881705e-02,-9.188730793e-02,-1.834794208e-01,-2.124035799e-01,-1.348148440e-01,-3.581801082e-02,
1.233832594e-04,-2.162622668e-04,-1.374531921e-04,-2.219411537e-03,-5.692063534e-03,-5.256000403e-03,3.092390880e-03,8.229413434e-03,3.723185935e-03,
1.589580698e-01
l,5.5,-1.5
1.491,2.611,3.751,
5.682812184e-07,1.415309133e+01
7.497299812e-04,-9.313549700e-04,7.050825610e-04,4.282801207e-03,1.147036240e-02,2.419415979e-02,1.980791328e-02,3.607831146e-03,-1.223835096e-03,
1.244804988e-04,-2.210744102e-04,-1.321041808e-04,-2.416148006e-03,-7.971557634e-03,-1.485078906e-02,-1.538793201e-02,-8.365608352e-03,-1.865645832e-03,
1.587545452e-01
l,5.5,-0.5
1.511,2.511,3.531,
5.180593189e-06,9.607673259e+00
1.496113022e-03,-1.250265241e-03,6.778119925e-03,5.609861707e-02,1.984751776e-01,4.301270068e-01,5.195166126e-01,3.195246484e-01,7.850731792e-02,
3.153116730e-04,-5.545213234e-04,-6.869893176e-04,-1.135998019e-02,-5.004589678e-02,-1.206295080e-01,-1.594109799e-01,-1.082977743e-01,-2.954463683e-02,
1.589271983e-01
l,5.5,0.5
1.511,2.651,3.811,
3.359083571e-06,1.191322108e+01
2.035653917e-03,-2.501200041e-03,1.910076060e-03,1.267326712e-02,3.725745996e-02,8.331337784e-02,8.032678659e-02,2.899691335e-02,1.961403773e-03,
3.290562374e-04,-5.855520283e-04,-3.486919504e-04,-6.324860041e-03,-2.060045506e-02,-3.783135725e-02,-3.859339495e-02,-2.063920344e-02,-4.525598979e-03,
1.587236876e-01
l,5.5,1.5
1.491,2.531,3.571,
2.615707688e-05,8.523662071e+00
4.240225069e-03,-3.797788027e-03,1.501544496e-02,1.248587084e-01,4.290464466e-01,9.154557903e-01,1.080110720e+00,6.424911936e-01,1.515920384e-01,
8.639057251e-04,-1.520349159e-03,-1.712419883e-03,-2.847663019e-02,-1.206958001e-01,-2.809495066e-01,-3.592620768e-01,-2.366689394e-01,-6.274077666e-02,
1.589270374e-01
l,5.5,2.5
1.451,2.631,3.831,
2.424657092e-05,1.086151886e+01
6.053489167e-03,-7.290438476e-03,5.170523532e-03,3.078844719e-02,8.237103329e-02,1.682896416e-01,1.316224453e-01,2.199541700e-02,-7.937573273e-03,
9.331228502e-04,-1.659870755e-03,-8.635817029e-04,-1.678127665e-02,-5.326206630e-02,-9.522957889e-02,-9.437308648e-02,-4.890279070e-02,-1.036658706e-02,
1.586611519e-01
l,5.5,3.5
1.391,2.411,3.451,
1.278209279e-04,9.115108954e+00
1.463499013e-02,-1.466048660e-02,2.407698453e-03,9.928204344e-02,3.046227744e-01,8.306044985e-01,1.140288032e+00,7.034574907e-01,1.596681816e-01,
3.125722792e-03,-5.443705043e-03,-4.762913238e-03,-7.440037612e-02,-2.620572645e-01,-5.097125787e-01,-5.521836025e-01,-3.137561154e-01,-7.340331605e-02,
1.589034276e-01
l,5.5,4.5
1.291,2.511,3.731,
3.343931767e-04,1.032654479e+01
2.095901966e-02,-2.442562364e-02,1.421221972e-02,4.682968237e-02,-1.236428271e-02,-2.256283870e-01,-5.847187397e-01,-5.322619796e-01,-1.584770305e-01,
3.268441749e-03,-5.764544801e-03,-3.088907669e-03,-5.717458621e-02,-1.795569763e-01,-3.163287447e-01,-3.085384465e-01,-1.570960236e-01,-3.267051768e-02,
1.587181705e-01
l,5.5,5.5
1.231,1.611,2.011,
2.045597894e-03,1.014566303e+01
8.330536634e-02,1.583559669e-01,3.076160867e+00,7.440404621e+01,7.671584328e+02,4.202646679e+03,1.261692097e+04,1.955399092e+04,1.223547505e+04,
7.753175115e-02,-8.147045601e-02,-2.352915494e+00,-6.064434788e+01,-6.789992690e+02,-3.880690898e+03,-1.191228855e+04,-1.869762583e+04,-1.179342062e+04,
1.591437416e-01
l,6.5,-6.5
1.471,2.571,3.691,
1.563934195e-08,1.794415023e+01
5.405436968e-05,-6.743191058e-05,5.449398208e-05,2.426273612e-04,5.170366593e-04,7.361374001e-04,1.864448413e-04,-2.444862839e-04,-1.089210782e-04,
9.321237249e-06,-1.651757831e-05,-9.896112467e-06,-1.825183636e-04,-6.103969240e-04,-1.153242328e-03,-1.214004547e-03,-6.705279792e-04,-1.517824246e-04,
1.587226082e-01
l,6.5,-5.5
1.571,2.551,3.531,
3.108368930e-09,1.901380923e+01
9.745018906e-05,-6.523135750e-05,9.697853617e-04,7.126263835e-03,2.556303764e-02,5.318965513e-02,6.164418871e-02,3.713561761e-02,9.124944369e-03,
2.125020199e-05,-3.739431378e-05,-3.675175902e-05,-6.323623028e-04,-2.632071854e-03,-6.152283954e-03,-8.103807438e-03,-5.655716807e-03,-1.627878241e-03,
1.590195712e-01
l,6.5,-4.5
1.671,2.751,3.851,
5.583985753e-10,2.095459775e+01
1.194280994e-04,-1.537075597e-04,1.309111195e-04,6.879442967e-04,1.694816220e-03,3.105540960e-03,1.676876458e-03,-5.889062321e-04,-5.177113892e-04,
2.063845251e-05,-3.680366727e-05,-2.997248330e-05,-5.040306220e-04,-1.795432491e-03,-3.534980384e-03,-3.835312559e-03,-2.168356937e-03,-4.999769984e-04,
1.587230552e-01
l,6.5,-3.5
1.751,2.711,3.671,
1.349637002e-08,1.447938699e+01
2.174739056e-04,-1.851846670e-04,1.442254145e-03,1.207686921e-02,4.624298526e-02,1.034517780e-01,1.275568475e-01,8.059210044e-02,2.050961203e-02,
4.881881206e-05,-8.642993043e-05,-1.463324435e-04,-2.400944592e-03,-1.167933698e-02,-3.066148823e-02,-4.376800644e-02,-3.190628459e-02,-9.288385592e-03,
1.589578863e-01
l,6.5,-2.5
1.791,2.891,3.991,
1.958586334e-09,1.782159340e+01
2.791016886e-04,-3.642391762e-04,3.179401175e-04,1.916730756e-03,5.626379092e-03,1.246393398e-02,1.179619800e-02,4.060805614e-03,1.873229463e-04,
4.730033988e-05,-8.477557811e-05,-7.020725016e-05,-1.175961406e-03,-4.186374963e-03,-8.246664889e-03,-8.947603748e-03,-5.059834870e-03,-1.167542570e-03,
1.587854229e-01
l,6.5,-1.5
1.831,2.811,3.811,
9.673233390e-09,1.543543892e+01
5.358085036e-04,-6.429217643e-04,-5.295225351e-04,-1.211626192e-03,-6.645717296e-03,-4.129275040e-03,3.536152084e-03,2.887407332e-03,9.808472730e-05,
1.120274019e-04,-1.994337332e-04,-1.047879135e-04,-1.946908608e-03,-5.395316124e-03,-7.532549204e-03,-4.699508468e-03,-6.281091791e-04,3.163928834e-04,
1.589581075e-01
l,6.5,-0.5
1.831,2.951,4.091,
1.097986657e-08,1.584144741e+01
7.325717015e-04,-9.425068352e-04,7.066567541e-04,4.939563344e-03,1.540009442e-02,3.737318469e-02,4.066567285e-02,1.851169892e-02,2.711245173e-03,
1.162555936e-04,-2.090501253e-04,-1.056067322e-04,-2.170473070e-03,-7.122512835e-03,-1.328980682e-02,-1.377339122e-02,-7.493561072e-03,-1.674915333e-03,
1.587235799e-01
l,6.5,0.5
1.831,2.851,3.871,
8.879625510e-08,1.325643875e+01
1.455261023e-03,-1.677105506e-03,-8.089204130e-04,2.033118561e-03,2.732587242e-03,3.480771594e-02,6.986303291e-02,5.007950082e-02,1.231076139e-02,
2.960754353e-04,-5.281051677e-04,-3.118133918e-04,-5.691938904e-03,-1.746650584e-02,-2.906641181e-02,-2.597353073e-02,-1.165508751e-02,-2.064063631e-03,
1.589272104e-01
l,6.5,1.5
1.811,2.971,4.131,
1.724505934e-07,1.325537176e+01
2.056142082e-03,-2.623067413e-03,2.032201727e-03,1.431839576e-02,4.597760553e-02,1.108982873e-01,1.229198132e-01,5.949075721e-02,1.015626247e-02,
3.182427295e-04,-5.728162855e-04,-3.226340402e-04,-6.119022346e-03,-1.986844473e-02,-3.653631247e-02,-3.726717469e-02,-1.993318004e-02,-4.375797405e-03,
1.587234683e-01
l,6.5,2.5
1.791,2.831,3.891,
1.637783605e-06,1.076909739e+01
4.371691030e-03,-4.774833233e-03,2.445206898e-04,2.449868121e-02,7.287315465e-02,2.197340930e-01,3.220105739e-01,2.089768559e-01,5.002919848e-02,
8.399485696e-04,-1.497813550e-03,-1.027121916e-03,-1.838865676e-02,-6.215041072e-02,-1.166967071e-01,-1.216361735e-01,-6.646456477e-02,-1.499578335e-02,
1.589257307e-01
l,6.5,3.5
1.731,2.911,4.111,
2.313961956e-06,1.180325576e+01
6.478178781e-03,-7.977519367e-03,5.756100944e-03,3.849632062e-02,1.175698092e-01,2.703477420e-01,2.742469577e-01,1.137723709e-01,1.422514809e-02,
9.688277067e-04,-1.740704871e-03,-8.255725900e-04,-1.721270678e-02,-5.450121844e-02,-9.749937626e-02,-9.660557083e-02,-5.008018623e-02,-1.063157402e-02,
1.585564901e-01
l,6.5,4.5
1.651,2.691,3.751,
1.933274338e-05,9.888727876e+00
1.570411958e-02,-1.615121977e-02,7.357704296e-04,9.669770474e-02,2.927873999e-01,8.491766348e-01,1.234128661e+00,8.045509843e-01,1.943832974e-01,
3.158805825e-03,-5.577112810e-03,-4.564177088e-03,-7.295451343e-02,-2.492780284e-01,-4.708155023e-01,-4.942482025e-01,-2.720349696e-01,-6.174815542e-02,
1.589045322e-01
l,6.5,5.5
1.551,2.771,4.011,
3.335523991e-05,1.165103134e+01
2.330785990e-02,-2.796013970e-02,1.714012193e-02,7.052192585e-02,8.350442255e-02,1.534044732e-02,-3.048531850e-01,-3.858045020e-01,-1.303344264e-01,
3.401114146e-03,-6.063390079e-03,-3.281160169e-03,-6.047958991e-02,-1.873591585e-01,-3.258549303e-01,-3.128920334e-01,-1.567328010e-01,-3.207355669e-02,
1.586593833e-01
l,6.5,6.5
1.471,1.871,2.311,
3.212896421e-04,1.053440289e+01
9.421365708e-02,1.602768520e-01,1.716334835e+00,3.632713746e+01,3.135927558e+02,1.499841032e+03,4.101628187e+03,5.958087601e+03,3.556537057e+03,
8.424696577e-02,-9.623528577e-02,-1.426159524e+00,-2.790796505e+01,-2.533108837e+02,-1.226853378e+03,-3.304752391e+03,-4.655347211e+03,-2.673093861e+03,
1.591437153e-01
l,7.5,-7.5
1.711,2.811,3.911,
0.000000000e+00,0.000000000e+00
2.144537939e-05,-2.805558126e-05,2.483324545e-05,1.040378119e-04,2.338425469e-04,3.525597437e-04,1.358483931e-04,-6.151470558e-05,-3.415457987e-05,
3.673255385e-06,-6.565201023e-06,-5.647474441e-06,-9.247692597e-05,-3.291419547e-04,-6.474874141e-04,-7.017718749e-04,-3.961714075e-04,-9.114876378e-05,
1.587221566e-01
l,7.5,-6.5
1.871,2.791,3.751,
1.113814839e-10,1.833111391e+01
3.825479871e-05,-1.964725263e-05,5.790673555e-04,4.633267478e-03,1.819479548e-02,4.036217577e-02,4.978531317e-02,3.201169060e-02,8.397230138e-03,
8.390696251e-06,-1.490501943e-05,-1.934146982e-05,-3.250474890e-04,-1.457932501e-03,-3.602501571e-03,-4.957907219e-03,-3.581927984e-03,-1.059181585e-03,
1.589260750e-01
l,7.5,-5.5
1.951,3.011,4.091,
1.181047582e-12,2.411906389e+01
4.562245158e-05,-6.109286737e-05,5.314962964e-05,2.560425579e-04,6.081203402e-04,1.071186354e-03,4.604163432e-04,-3.465742635e-04,-2.269955836e-04,
7.827568520e-06,-1.407815805e-05,-1.113131007e-05,-1.945912299e-04,-7.011259713e-04,-1.403208039e-03,-1.549069649e-03,-8.920051065e-04,-2.096323553e-04,
1.587226605e-01
l,7.5,-4.5
2.031,2.951,3.891,
1.470734359e-12,2.297973624e+01
8.403830725e-05,-9.883308827e-05,-1.439787944e-05,2.559857195e-04,4.702743216e-04,2.195183114e-03,3.326680221e-03,1.723753533e-03,2.108692076e-04,
1.924495177e-05,-3.437017512e-05,-3.815058967e-05,-5.951799228e-04,-2.217168989e-03,-4.457828169e-03,-4.934329228e-03,-2.848606063e-03,-6.757724571e-04,
1.589576174e-01
l,7.5,-3.5
2.091,3.151,4.211,
2.458355411e-12,2.192350237e+01
1.054133973e-04,-1.403603086e-04,1.263742805e-04,7.702088649e-04,2.267102663e-03,5.064605853e-03,4.842230584e-03,1.667846768e-03,6.369961707e-05,
1.855808853e-05,-3.350605175e-05,-2.767215901e-05,-4.784168563e-04,-1.747060984e-03,-3.548326411e-03,-3.982733014e-03,-2.335194397e-03,-5.595851845e-04,
1.587541364e-01
l,7.5,-2.5
2.131,3.071,4.031,
1.117821155e-11,1.991174387e+01
1.994970953e-04,-2.294676257e-04,-3.736774499e-05,8.558720335e-04,2.317628207e-03,9.231064585e-03,1.558732555e-02,1.097822334e-02,2.786936134e-03,
4.407363232e-05,-7.910251733e-05,-8.329497412e-05,-1.323124370e-03,-4.864393161e-03,-9.653886027e-03,-1.053780445e-02,-5.998839775e-03,-1.405052279e-03,
1.589579602e-01
l,7.5,-1.5
2.151,3.231,4.331,
1.507158280e-11,1.980636057e+01
2.675896103e-04,-3.508910894e-04,2.846740943e-04,2.115601394e-03,6.858206379e-03,1.722086591e-02,2.017496286e-02,1.041832508e-02,1.922010464e-03,
4.395341306e-05,-7.964247405e-05,-5.961475910e-05,-1.066192645e-03,-3.781983829e-03,-7.456574072e-03,-8.092841928e-03,-4.579027284e-03,-1.058453584e-03,
1.587544358e-01
l,7.5,-0.5
2.171,3.151,4.131,
6.378378016e-10,1.545215235e+01
5.098704132e-04,-5.313146001e-04,9.195693136e-04,9.505467943e-03,3.290067973e-02,7.889635934e-02,1.044674080e-01,6.829703080e-02,1.745797743e-02,
1.083419154e-04,-1.950793361e-04,-2.309649881e-04,-3.951439952e-03,-1.692742352e-02,-3.917530235e-02,-4.966776063e-02,-3.260318650e-02,-8.687259936e-03,
1.589581430e-01
l,7.5,0.5
2.151,3.271,4.391,
2.574739587e-10,1.730849991e+01
7.253459771e-04,-9.378031035e-04,7.233563414e-04,5.838505808e-03,1.952829455e-02,4.997387668e-02,6.078847419e-02,3.336106298e-02,6.775075648e-03,
1.159701210e-04,-2.104765374e-04,-1.179423336e-04,-2.318247529e-03,-7.714206509e-03,-1.461522596e-02,-1.539800774e-02,-8.524964482e-03,-1.941464208e-03,
1.587236257e-01
l,7.5,1.5
2.151,3.151,4.171,
1.804138088e-08,1.260356313e+01
1.468981034e-03,-1.489268104e-03,1.849107454e-03,2.272942118e-02,7.602299281e-02,1.854643832e-01,2.528551599e-01,1.691387540e-01,4.392806069e-02,
2.965008185e-04,-5.343936347e-04,-5.834353703e-04,-9.790194514e-03,-3.976348547e-02,-8.762220399e-02,-1.058394534e-01,-6.621832680e-02,-1.683712354e-02,
1.589269362e-01
l,7.5,2.5
2.111,3.271,4.451,
1.508212401e-08,1.382622322e+01
2.109627938e-03,-2.726011778e-03,1.923909944e-03,1.509323009e-02,4.932560367e-02,1.258382586e-01,1.514143885e-01,8.197672285e-02,1.645059071e-02,
3.059321122e-04,-5.560149688e-04,-2.837294816e-04,-5.723456996e-03,-1.827731462e-02,-3.320018472e-02,-3.335523735e-02,-1.756117340e-02,-3.797928849e-03,
1.587214183e-01
l,7.5,3.5
2.071,3.131,4.191,
2.443145206e-07,1.122591441e+01
4.465361126e-03,-4.703342774e-03,3.719347184e-03,4.944957229e-02,1.581378042e-01,3.856553873e-01,5.090255630e-01,3.217180448e-01,7.796352908e-02,
8.407447475e-04,-1.514864882e-03,-1.256355163e-03,-2.291969098e-02,-8.749988792e-02,-1.829766724e-01,-2.101021961e-01,-1.250935759e-01,-3.031982451e-02,
1.588967822e-01
l,7.5,4.5
1.991,3.171,4.371,
2.657151897e-07,1.249625770e+01
7.046073209e-03,-8.658396849e-03,6.062363670e-03,4.929854390e-02,1.632956447e-01,4.067416247e-01,4.766523689e-01,2.509762487e-01,4.879344455e-02,
1.038472334e-03,-1.880835297e-03,-8.725975405e-04,-1.847577009e-02,-5.842524889e-02,-1.045106590e-01,-1.034842573e-01,-5.364493084e-02,-1.140548706e-02,
1.584971284e-01
l,7.5,5.5
1.931,2.991,4.071,
3.912815639e-06,1.020811401e+01
1.634191908e-02,-1.711702963e-02,1.236884486e-02,1.685976328e-01,5.381895054e-01,1.324190733e+00,1.742168490e+00,1.088915628e+00,2.599334775e-01,
3.060418868e-03,-5.471092422e-03,-4.603305765e-03,-7.965396126e-02,-2.963537579e-01,-6.045250032e-01,-6.776652626e-01,-3.942418404e-01,-9.343961759e-02,
1.589076765e-01
l,7.5,6.5
1.791,3.031,4.291,
2.255630815e-06,1.343031612e+01
2.567848936e-02,-3.147853034e-02,1.935600424e-02,9.775579469e-02,2.122983340e-01,3.667585101e-01,1.465242822e-01,-1.164975415e-01,-6.922521992e-02,
3.521873070e-03,-6.337189244e-03,-2.222357745e-03,-5.178128782e-02,-1.506930935e-01,-2.531440295e-01,-2.365625148e-01,-1.161540712e-01,-2.345881707e-02,
1.585990275e-01
l,7.5,7.5
1.711,2.151,2.611,
4.085107946e-05,1.155055348e+01
1.068421006e-01,1.547360504e-01,1.650553165e+00,3.399716701e+01,2.755309413e+02,1.224638651e+03,3.088163351e+03,4.112699110e+03,2.241761986e+03,
8.991592929e-02,-1.095100548e-01,-1.417539628e+00,-2.734445263e+01,-2.407880174e+02,-1.125264967e+03,-2.912656508e+03,-3.931060179e+03,-2.158408256e+03,
1.591436565e-01
l,8.5,-8.5
0.871,0.991,1.151,
0.000000000e+00,0.000000000e+00
2.021757973e-04,1.699487601e-04,3.145416898e-02,1.612866781e+00,4.115009352e+01,5.978425225e+02,5.041622501e+03,2.381241211e+04,4.851319914e+04,
1.774381273e-04,-2.079947772e-04,-1.883997594e-02,-1.132523441e+00,-2.943148579e+01,-4.030038664e+02,-3.030562615e+03,-1.183133782e+04,-1.874276405e+04,
1.591436455e-01
l,8.5,-7.5
2.111,3.031,3.971,
0.000000000e+00,0.000000000e+00
1.489725037e-05,-2.714434978e-05,-1.661151712e-04,-1.310443253e-03,-5.412059086e-03,-1.207968440e-02,-1.537284239e-02,-1.039017205e-02,-2.874370905e-03,
3.304220925e-06,-5.918396513e-06,-4.986103334e-06,-7.459037918e-05,-1.807211108e-04,-5.027242971e-05,4.787367708e-04,7.122439646e-04,3.023329623e-04,
1.589567176e-01
l,8.5,-6.5
2.211,3.251,4.311,
0.000000000e+00,0.000000000e+00
1.775581950e-05,-2.438145571e-05,2.145660137e-05,1.026061785e-04,2.407117036e-04,4.350402146e-04,1.942868380e-04,-1.413247127e-04,-9.572243107e-05,
3.068266885e-06,-5.556708023e-06,-4.505933628e-06,-7.881460703e-05,-2.871740810e-04,-5.830836209e-04,-6.540055968e-04,-3.832089032e-04,-9.175339120e-05,
1.587531987e-01
l,8.5,-5.5
2.311,3.231,4.151,
0.000000000e+00,0.000000000e+00
3.083232878e-05,-3.953184995e-05,-2.266195094e-05,-9.400151745e-05,-6.225899224e-04,-1.068669099e-03,-1.287947041e-03,-1.097868587e-03,-3.981082501e-04,
7.037865900e-06,-1.268273624e-05,-1.179593748e-05,-1.917361374e-04,-6.522996113e-04,-1.156849104e-03,-1.067398096e-03,-4.696327543e-04,-7.230460454e-05,
1.589882140e-01
l,8.5,-4.5
2.371,3.411,4.471,
0.000000000e+00,0.000000000e+00
3.954944987e-05,-5.375808738e-05,4.446826752e-05,2.681531355e-04,7.494387416e-04,1.697282729e-03,1.590549728e-03,4.834026731e-04,-1.553826750e-05,
6.754361923e-06,-1.228831781e-05,-8.830157769e-06,-1.666627319e-04,-6.058347347e-04,-1.230717454e-03,-1.380652471e-03,-8.091602932e-04,-1.939508069e-04,
1.587847469e-01
l,8.5,-3.5
2.431,3.351,4.271,
4.226586875e-15,2.472083893e+01
7.220367115e-05,-7.619487412e-05,1.814298698e-04,1.816104904e-03,6.814435017e-03,1.650906919e-02,2.187529456e-02,1.448323322e-02,3.793903929e-03,
1.667246193e-05,-3.015734125e-05,-4.821454425e-05,-8.308171524e-04,-3.967129583e-03,-1.000034812e-02,-1.365966422e-02,-9.590854383e-03,-2.718124632e-03,
1.589576982e-01
l,8.5,-2.5
2.471,3.511,4.551,
5.908047560e-15,2.440909803e+01
9.673363093e-05,-1.285481542e-04,1.103807379e-04,8.085521232e-04,2.562787003e-03,6.338277233e-03,7.317461839e-03,3.673874519e-03,6.369403124e-04,
1.717745043e-05,-3.131824385e-05,-2.468652179e-05,-4.472440230e-04,-1.651417490e-03,-3.405903731e-03,-3.887514819e-03,-2.320567797e-03,-5.670468906e-04,
1.587542573e-01
l,8.5,-1.5
2.491,3.431,4.371,
9.047942441e-14,2.167225970e+01
1.821415062e-04,-2.017733136e-04,9.369063074e-05,1.893094308e-03,6.275956346e-03,1.755171897e-02,2.613863944e-02,1.830474323e-02,4.876061438e-03,
4.093110086e-05,-7.425302579e-05,-7.117862128e-05,-1.222342085e-03,-4.913029765e-03,-1.098905720e-02,-1.368251811e-02,-8.912330589e-03,-2.379243735e-03,
1.589579979e-01
l,8.5,-0.5
2.491,3.571,4.651,
1.094665739e-13,2.189744070e+01
2.536787943e-04,-3.327388961e-04,2.658881864e-04,2.207027644e-03,7.380212929e-03,1.926786253e-02,2.428246212e-02,1.393710848e-02,2.988791742e-03,
4.211975224e-05,-7.698963625e-05,-5.886519530e-05,-1.063064083e-03,-3.817424136e-03,-7.639409439e-03,-8.428327910e-03,-4.852605867e-03,-1.142742114e-03,
1.587855099e-01
l,8.5,0.5
2.491,3.471,4.451,
5.656547409e-12,1.815742099e+01
4.934971803e-04,-5.359728548e-04,1.178716107e-04,4.215166595e-03,1.296005331e-02,3.752087962e-02,5.820351571e-02,4.182027725e-02,1.132213954e-02,
1.041283531e-04,-1.893084247e-04,-1.099059021e-04,-2.252084206e-03,-8.238901240e-03,-1.723391230e-02,-2.027562291e-02,-1.256855241e-02,-3.219592596e-03,
1.589271483e-01
l,8.5,1.5
2.471,3.571,4.691,
2.026581727e-11,1.745157733e+01
7.302361191e-04,-9.281954453e-04,6.290699378e-04,6.126670614e-03,2.058710792e-02,5.568446329e-02,7.366840876e-02,4.465975863e-02,1.019210350e-02,
1.151224412e-04,-2.106175190e-04,-1.097929360e-04,-2.278789529e-03,-7.563116225e-03,-1.433343998e-02,-1.510141560e-02,-8.361845333e-03,-1.907200026e-03,
1.586923726e-01
l,8.5,2.5
2.451,3.471,4.491,
8.484988907e-10,1.411991113e+01
1.442395034e-03,-1.563627442e-03,4.671425545e-04,1.265551402e-02,3.797917043e-02,1.057740480e-01,1.605646161e-01,1.136089634e-01,3.032107227e-02,
2.848336553e-04,-5.182594051e-04,-3.531673434e-04,-6.609623495e-03,-2.400397089e-02,-4.927533723e-02,-5.646356204e-02,-3.394488452e-02,-8.401723485e-03,
1.589249381e-01
l,8.5,3.5
2.411,3.591,4.791,
1.424073993e-09,1.447113850e+01
2.090221038e-03,-2.775729827e-03,1.858329178e-03,1.422535228e-02,4.596342852e-02,1.190422023e-01,1.451935643e-01,7.985225521e-02,1.637179818e-02,
2.821263697e-04,-5.172833400e-04,-2.359421421e-04,-5.141349855e-03,-1.614182051e-02,-2.897772637e-02,-2.868404631e-02,-1.486816902e-02,-3.166774841e-03,
1.587655940e-01
l,8.5,4.5
2.351,3.391,4.451,
2.737007720e-08,1.212559944e+01
4.726189189e-03,-4.747963545e-03,9.734715106e-04,3.872301133e-02,1.137130053e-01,3.000973932e-01,4.381716359e-01,3.001019728e-01,7.765996750e-02,
9.001597712e-04,-1.634446271e-03,-9.853484762e-04,-1.987858225e-02,-7.105746143e-02,-1.424342547e-01,-1.585615095e-01,-9.215249353e-02,-2.196982132e-02,
1.588372931e-01
l,8.5,5.5
2.271,3.451,4.651,
4.382082267e-08,1.278481257e+01
7.426220924e-03,-9.232107301e-03,6.218484959e-03,5.350783205e-02,1.778592929e-01,4.551136360e-01,5.560960537e-01,3.086600931e-01,6.408421550e-02,
1.069671933e-03,-1.952179536e-03,-9.142406913e-04,-1.929620773e-02,-6.090608698e-02,-1.090012875e-01,-1.078982336e-01,-5.593057172e-02,-1.190180447e-02,
1.584722565e-01
l,8.5,6.5
2.191,3.271,4.351,
6.405273885e-07,1.091894896e+01
1.723399945e-02,-1.849388577e-02,8.499264759e-03,1.463670305e-01,4.471098414e-01,1.149413969e+00,1.570240933e+00,1.003860402e+00,2.430454756e-01,
3.167191311e-03,-5.713005556e-03,-4.274790067e-03,-7.541062252e-02,-2.690438226e-01,-5.341485363e-01,-5.867108064e-01,-3.360834806e-01,-7.881052974e-02,
1.589084287e-01
l,8.5,7.5
2.051,3.311,4.571,
1.088877987e-07,1.528298334e+01
2.736026049e-02,-3.457910112e-02,2.151154526e-02,1.044846836e-01,2.386380604e-01,4.432987973e-01,2.426986444e-01,-5.998193868e-02,-5.618484286e-02,
3.631340817e-03,-6.587219359e-03,-2.076832262e-03,-5.278388760e-02,-1.530075120e-01,-2.572337964e-01,-2.402585129e-01,-1.179391860e-01,-2.382794569e-02,
1.585374833e-01
l,8.5,8.5
1.951,2.411,2.911,
4.780037498e-06,1.256912580e+01
1.169319972e-01,1.661223457e-01,1.550172117e+00,3.200262138e+01,2.531066382e+02,1.087152286e+03,2.636777935e+03,3.368540086e+03,1.758509377e+03,
9.461341068e-02,-1.213162718e-01,-1.347961182e+00,-2.515717052e+01,-2.097432482e+02,-9.174502902e+02,-2.204635183e+03,-2.746292471e+03,-1.386329426e+03,
1.591437061e-01
