l,0.5,-0.5
0.151,1.151,2.171,
6.713835543e-02,1.841727907e+00
1.113228966e-02,-7.246943379e-03,6.181723580e-03,1.097634348e-01,3.388557558e-01,6.754223754e-01,8.049120587e-01,5.253383952e-01,1.442601952e-01,
3.115206402e-03,-4.917090808e-03,-5.709669455e-03,-7.799273830e-02,-2.993386505e-01,-6.240386483e-01,-7.247303422e-01,-4.395129370e-01,-1.088182924e-01,
1.590203231e-01
l,0.5,0.5
0.111,0.351,0.611,
9.152334407e-01,2.501787940e+00
2.092798986e-02,3.812632173e-02,-7.250696845e-02,1.369628630e+00,2.111506551e+01,1.964033755e+02,9.275745869e+02,2.159422265e+03,2.106525635e+03,
2.566860484e-02,3.137405569e-03,-6.708105027e-02,-9.689871710e-01,-1.931285275e+01,-1.802623719e+02,-8.758105397e+02,-2.133339366e+03,-2.065661614e+03,
1.591437169e-01
l,1.5,-1.5
0.291,1.391,2.491,
4.340887660e-02,3.138177492e+00
5.183901172e-03,-4.133886333e-03,2.430461812e-03,3.892514203e-02,1.129496131e-01,2.088560656e-01,2.215884474e-01,1.290511819e-01,3.263747235e-02,
1.170523698e-03,-1.931448313e-03,-1.815192525e-03,-2.692190089e-02,-9.710490466e-02,-1.905038629e-01,-2.064609679e-01,-1.162185508e-01,-2.663936569e-02,
1.589582531e-01
l,1.5,-0.5
0.391,1.251,2.171,
1.084865578e-01,3.823720898e+00
1.026973035e-02,-8.285330358e-03,3.600972008e-02,5.659830837e-01,3.326201944e+00,9.909517497e+00,1.521602195e+01,1.163252412e+01,3.517774282e+00,
3.115206402e-03,-4.917090808e-03,-8.144753795e-03,-1.129353544e-01,-4.914630635e-01,-1.149888699e+00,-1.489573398e+00,-1.005177778e+00,-2.761615685e-01,
1.590203231e-01
l,1.5,0.5
0.311,1.371,2.431,
1.079104226e-01,3.210207442e+00
1.309357956e-02,-9.817025776e-03,8.020477493e-03,1.140253619e-01,3.794455882e-01,7.759173198e-01,9.151498388e-01,5.998522138e-01,1.687384283e-01,
3.249440964e-03,-5.293168743e-03,-5.408009837e-03,-7.787206123e-02,-2.892562438e-01,-5.843305663e-01,-6.547838742e-01,-3.819170053e-01,-9.076294345e-02,
1.589892843e-01
l,1.5,1.5
0.291,0.471,0.691,
1.397614992e+00,4.173410644e+00
2.842880040e-02,1.047525611e-01,3.134407350e+00,1.451834796e+02,2.986954936e+03,3.281793351e+04,1.972157434e+05,6.108797088e+05,7.635603845e+05,
3.584881381e-02,2.163114167e-03,-2.262831842e+00,-1.115122234e+02,-2.369193652e+03,-2.523652949e+04,-1.425305662e+05,-4.084984539e+05,-4.683510014e+05,
1.591437073e-01
l,2.5,-2.5
0.471,1.571,2.691,
1.751108445e-02,4.787736811e+00
2.506752964e-03,-2.137389779e-03,1.200913580e-03,1.632250412e-02,4.731125261e-02,8.816921723e-02,8.923090813e-02,4.859952422e-02,1.177848608e-02,
5.278554558e-04,-8.886188072e-04,-6.109229056e-04,-9.949250056e-03,-3.361005271e-02,-6.322930874e-02,-6.639661293e-02,-3.643143644e-02,-8.181353492e-03,
1.589271143e-01
l,2.5,-1.5
0.531,1.511,2.491,
1.619294175e+00,1.194610543e+01
4.628325813e-03,-4.491239406e-03,-1.962295077e-02,-3.343383841e-01,-1.953050679e+00,-5.231820667e+00,-7.313159425e+00,-5.151373875e+00,-1.440437452e+00,
1.170751914e-03,-1.931824886e-03,-2.092667112e-03,-3.115452066e-02,-1.221846100e-01,-2.635256409e-01,-3.172388081e-01,-2.000617756e-01,-5.161304487e-02,
1.589892451e-01
l,2.5,-0.5
0.551,1.651,2.751,
1.700873278e-02,4.409727729e+00
5.646952894e-03,-5.063607183e-03,3.298630263e-03,3.116500315e-02,7.240567863e-02,9.377459153e-02,3.778916502e-02,-7.734252667e-03,-4.432518991e-03,
1.203683213e-03,-2.032335691e-03,-1.877084103e-03,-2.851443251e-02,-1.025164943e-01,-2.011075197e-01,-2.177870266e-01,-1.224179130e-01,-2.799039001e-02,
1.589272198e-01
l,2.5,0.5
0.591,1.491,2.431,
3.706477987e-02,4.834457370e+00
1.175174024e-02,-1.073670522e-02,4.644391140e-02,6.093393292e-01,2.814177500e+00,6.846664946e+00,8.847144225e+00,5.816217712e+00,1.544225790e+00,
3.250075992e-03,-5.294203171e-03,-8.186181157e-03,-1.167131809e-01,-4.987252468e-01,-1.146793534e+00,-1.456396180e+00,-9.620061825e-01,-2.584688574e-01,
1.590203551e-01
l,2.5,1.5
0.531,1.591,2.671,
6.788855955e-02,4.490096942e+00
1.508525014e-02,-1.265450963e-02,1.001125930e-02,1.004143365e-01,2.941920308e-01,5.316246267e-01,5.293922843e-01,3.127144744e-01,8.977141534e-02,
3.463539784e-03,-5.771710884e-03,-5.634833249e-03,-8.311671484e-02,-3.036811722e-01,-6.043316797e-01,-6.656581795e-01,-3.809950914e-01,-8.870770719e-02,
1.589272047e-01
l,2.5,2.5
0.471,0.671,0.911,
1.097972556e+00,6.198450154e+00
3.831809014e-02,1.792039661e-01,8.395413441e+00,3.584657039e+02,7.006592235e+03,7.171616606e+04,3.963580297e+05,1.121146004e+06,1.274271809e+06,
4.761181909e-02,-1.353048411e-02,-5.743704039e+00,-2.801754890e+02,-5.679789177e+03,-5.669287609e+04,-2.965597649e+05,-7.819000445e+05,-8.213691163e+05,
1.591437190e-01
l,3.5,-3.5
0.671,1.771,2.891,
4.817387836e-03,7.452968041e+00
1.181169995e-03,-1.115617577e-03,6.641659077e-04,6.457897819e-03,1.700234742e-02,2.982223798e-02,2.629922487e-02,1.209631663e-02,2.681119499e-03,
2.365077241e-04,-4.045794184e-04,-2.536819391e-04,-4.420618844e-03,-1.488261541e-02,-2.802934347e-02,-2.945176159e-02,-1.616585846e-02,-3.628932692e-03,
1.589097894e-01
l,3.5,-2.5
0.751,1.731,2.711,
2.686731248e-01,2.253111014e+01
2.131134039e-03,-2.265173490e-03,-1.631071376e-02,-2.715598756e-01,-1.549123279e+00,-4.123920009e+00,-5.733505438e+00,-4.019724991e+00,-1.120560164e+00,
5.104640843e-04,-8.607929198e-04,-8.459486023e-04,-1.333921901e-02,-5.210186310e-02,-1.123876579e-01,-1.352486321e-01,-8.526304695e-02,-2.198934757e-02,
1.589581548e-01
l,3.5,-1.5
0.791,1.891,2.991,
2.895760150e-03,6.736052208e+00
2.507596044e-03,-2.537315534e-03,1.692377570e-03,1.054393709e-02,1.564473021e-02,-4.395887820e-04,-4.868258124e-02,-5.510998098e-02,-1.748403838e-02,
5.031698138e-04,-8.659980620e-04,-7.220876758e-04,-1.169728512e-02,-4.190746894e-02,-8.231427883e-02,-8.923246881e-02,-5.021643263e-02,-1.149083952e-02,
1.589099638e-01
l,3.5,-0.5
0.851,1.791,2.771,
3.427658645e-03,6.409182144e+00
4.882263020e-03,-5.216368043e-03,2.872419857e-02,3.526397457e-01,1.577061551e+00,3.692501684e+00,4.621027076e+00,2.951449321e+00,7.606092756e-01,
1.164136103e-03,-1.968882567e-03,-1.957529939e-03,-3.078413273e-02,-1.202340870e-01,-2.593247018e-01,-3.119995651e-01,-1.966027821e-01,-5.066922158e-02,
1.589892523e-01
l,3.5,0.5
0.791,1.891,3.011,
6.196747074e-03,6.641447395e+00
6.184881087e-03,-6.057188111e-03,3.484635370e-03,2.127718481e-02,1.446350953e-02,-6.827145406e-02,-2.268613305e-01,-2.216472479e-01,-6.932082689e-02,
1.226575825e-03,-2.109966069e-03,-1.356563459e-03,-2.335449709e-02,-7.869229942e-02,-1.483593796e-01,-1.560946938e-01,-8.577243809e-02,-1.925025337e-02,
1.588789884e-01
l,3.5,1.5
0.771,1.731,2.691,
1.646140423e-02,7.486926631e+00
1.314396970e-02,-1.319976456e-02,-2.814123228e-02,-2.306248574e-01,-1.128167162e+00,-2.619449059e+00,-3.503899154e+00,-2.519109603e+00,-7.339593404e-01,
3.351199533e-03,-5.596080238e-03,-7.839083230e-03,-1.159032879e-01,-4.865749505e-01,-1.100153065e+00,-1.370545110e+00,-8.866635753e-01,-2.330766108e-01,
1.589892372e-01
l,3.5,2.5
0.731,1.811,2.931,
2.706050617e-02,5.733465053e+00
1.713230088e-02,-1.588999519e-02,9.423885184e-03,6.482755596e-02,9.570466942e-02,-3.284430998e-03,-2.654730356e-01,-2.721157065e-01,-7.523248326e-02,
3.540544817e-03,-6.021681441e-03,-3.790889607e-03,-6.509629157e-02,-2.198038855e-01,-4.140389659e-01,-4.355897356e-01,-2.392760450e-01,-5.365649244e-02,
1.589097808e-01
l,3.5,3.5
0.651,0.911,1.191,
2.891573584e-01,7.621237043e+00
5.138890073e-02,1.488072546e-01,2.685710908e+00,7.786097952e+01,1.004147903e+03,7.240106625e+03,2.978408236e+04,6.493751886e+04,5.811600516e+04,
5.763619984e-02,-3.413707101e-02,-2.073592731e+00,-6.171746573e+01,-8.682282455e+02,-6.563209916e+03,-2.767134389e+04,-6.118081228e+04,-5.525374568e+04,
1.591437229e-01
l,4.5,-4.5
0.891,1.991,3.091,
4.485057550e-04,1.023352213e+01
5.401793751e-04,-5.686181505e-04,4.255440941e-04,3.038879519e-03,8.170510840e-03,1.471175615e-02,1.320191767e-02,6.296607924e-03,1.453236693e-03,
1.054280883e-04,-1.827741568e-04,-1.493970150e-04,-2.461264434e-03,-8.803875852e-03,-1.730252620e-02,-1.876299391e-02,-1.056643746e-02,-2.420622270e-03,
1.589094735e-01
l,4.5,-3.5
0.971,1.931,2.911,
0.000000000e+00,0.000000000e+00
9.923781035e-04,-1.118454282e-03,-6.663840938e-03,-1.278278446e-01,-7.883123631e-01,-2.194931164e+00,-3.137205101e+00,-2.239779340e+00,-6.326210993e-01,
2.286167688e-04,-3.916339079e-04,-3.643426250e-04,-5.970377810e-03,-2.325941001e-02,-5.018432540e-02,-6.038049426e-02,-3.805062337e-02,-9.806996735e-03,
1.589579844e-01
l,4.5,-2.5
1.031,2.111,3.191,
2.035564379e-04,1.010528907e+01
1.129965996e-03,-1.240686612e-03,9.530687559e-04,4.865411467e-03,6.667273352e-03,-2.292969995e-03,-2.953795811e-02,-3.387856722e-02,-1.123985663e-02,
2.238404049e-04,-3.902231799e-04,-3.343685322e-04,-5.447249541e-03,-1.976214795e-02,-3.945438729e-02,-4.357100664e-02,-2.503350959e-02,-5.853193674e-03,
1.588787758e-01
l,4.5,-1.5
1.051,2.011,2.991,
1.973347350e-04,1.273946241e+01
2.191091888e-03,-2.477993348e-03,-1.015445760e-02,-8.847889023e-02,-3.953273809e-01,-8.854264633e-01,-1.119635848e+00,-7.557400308e-01,-2.090383146e-01,
5.034205501e-04,-8.664296005e-04,-8.777159372e-04,-1.384180538e-02,-5.397592362e-02,-1.164374678e-01,-1.400786496e-01,-8.825354282e-02,-2.273064540e-02,
1.589891508e-01
l,4.5,-0.5
1.071,2.151,3.251,
3.068805039e-04,9.700320943e+00
2.636057092e-03,-2.860656564e-03,2.192245267e-03,1.222471361e-02,1.881352245e-02,2.138116702e-03,-6.804239625e-02,-8.901005303e-02,-3.204490701e-02,
5.090830150e-04,-8.898636849e-04,-7.784042670e-04,-1.242755802e-02,-4.455003240e-02,-8.770620448e-02,-9.538022101e-02,-5.390949255e-02,-1.239023704e-02,
1.588478844e-01
l,4.5,0.5
1.071,2.051,3.031,
4.709629690e-04,1.082952824e+01
5.177863874e-03,-5.897689969e-03,-1.880725953e-02,-1.463385342e-01,-6.217315503e-01,-1.320120683e+00,-1.627692641e+00,-1.098142238e+00,-3.066696600e-01,
1.185656723e-03,-2.042426566e-03,-1.981359776e-03,-3.189065525e-02,-1.242610227e-01,-2.680438640e-01,-3.224357495e-01,-2.031146397e-01,-5.230536018e-02,
1.589582327e-01
l,4.5,1.5
1.031,2.151,3.271,
1.063084192e-03,9.163728817e+00
6.562991999e-03,-7.015680458e-03,3.983246674e-03,1.560257434e-02,-1.422290819e-02,-1.296800102e-01,-3.161052183e-01,-2.936357777e-01,-9.186338222e-02,
1.240701762e-03,-2.167468199e-03,-1.336582625e-03,-2.391056216e-02,-8.048888562e-02,-1.521841209e-01,-1.606537270e-01,-8.867417152e-02,-1.999191838e-02,
1.588479009e-01
l,4.5,2.5
1.011,1.971,2.931,
2.709317651e-03,6.854918232e+00
1.428627968e-02,-1.180646643e-02,6.201997068e-02,5.390554947e-01,2.005932162e+00,4.377632109e+00,5.172702268e+00,3.079739429e+00,7.319534213e-01,
3.541618612e-03,-6.023507728e-03,-8.596309471e-03,-1.292465238e-01,-5.527493056e-01,-1.281806565e+00,-1.646388014e+00,-1.104312352e+00,-3.025392265e-01,
1.589579758e-01
l,4.5,3.5
0.911,2.031,3.151,
7.784855618e-03,6.783294231e+00
1.924495958e-02,-1.910741983e-02,1.022453947e-02,3.615261613e-02,-8.467525793e-02,-4.777280456e-01,-9.502981421e-01,-7.687525954e-01,-2.144504281e-01,
3.846344558e-03,-6.632745132e-03,-4.620475215e-03,-7.558326963e-02,-2.554578662e-01,-4.821659363e-01,-5.086010800e-01,-2.804759911e-01,-6.314759853e-02,
1.588462040e-01
l,4.5,4.5
0.851,1.131,1.451,
5.588873949e-02,8.873667394e+00
6.203864142e-02,1.669300734e-01,2.790003313e+00,7.851614909e+01,9.678686936e+02,6.600059615e+03,2.550623158e+04,5.202458538e+04,4.344129540e+04,
6.678115728e-02,-5.164613091e-02,-2.142965270e+00,-5.968864183e+01,-7.666069225e+02,-5.203733483e+03,-1.946043487e+04,-3.783304447e+04,-2.986721714e+04,
1.591437540e-01
l,5.5,-5.5
1.091,2.171,3.251,
1.159512261e-05,1.749975337e+01
2.555671963e-04,-2.831267625e-04,2.381345703e-04,1.501900847e-03,3.937693646e-03,7.027834089e-03,5.948272387e-03,2.551093994e-03,5.446260380e-04,
5.017809232e-05,-8.780173259e-05,-7.740891161e-05,-1.241479662e-03,-4.501253562e-03,-8.984288007e-03,-9.918912596e-03,-5.700069880e-03,-1.333850964e-03,
1.588779926e-01
l,5.5,-4.5
1.211,2.151,3.091,
0.000000000e+00,0.000000000e+00
4.468972038e-04,-5.380410032e-04,-4.033905446e-03,-7.832228847e-02,-4.872417007e-01,-1.381043622e+00,-2.012536164e+00,-1.465756451e+00,-4.225950857e-01,
1.054600269e-04,-1.828295267e-04,-2.482132248e-04,-3.844093968e-03,-1.628850130e-02,-3.745803326e-02,-4.751758788e-02,-3.135566569e-02,-8.415477822e-03,
1.589576139e-01
l,5.5,-3.5
1.271,2.331,3.391,
3.784107039e-06,1.457004743e+01
5.060203839e-04,-5.970235536e-04,5.065326761e-04,2.347334525e-03,3.434375695e-03,-4.827535855e-05,-1.325070190e-02,-1.639451615e-02,-5.673737302e-03,
9.917019538e-05,-1.747698847e-04,-1.555156589e-04,-2.524441775e-03,-9.265607258e-03,-1.877845032e-02,-2.109334292e-02,-1.235942889e-02,-2.952105105e-03,
1.588785260e-01
l,5.5,-2.5
1.311,2.271,3.231,
1.300160591e-06,1.802766172e+01
9.292316972e-04,-1.147733174e-03,-5.549887744e-03,-5.065118243e-02,-2.236618903e-01,-5.033971150e-01,-6.374001560e-01,-4.277995842e-01,-1.172550305e-01,
2.089323735e-04,-3.650594428e-04,-4.491464320e-04,-7.210135136e-03,-3.010909678e-02,-6.820773590e-02,-8.505629356e-02,-5.509453226e-02,-1.449858673e-02,
1.590200826e-01
l,5.5,-1.5
1.331,2.391,3.471,
3.612197125e-06,1.460118419e+01
1.142743975e-03,-1.331422386e-03,1.173346433e-03,6.941739039e-03,1.614623410e-02,2.379678122e-02,-2.026344252e-04,-2.234099908e-02,-1.080010786e-02,
2.175411322e-04,-3.847620501e-04,-3.439088195e-04,-5.529789476e-03,-2.005760808e-02,-4.009526599e-02,-4.436480019e-02,-2.558490366e-02,-6.011441807e-03,
1.588477766e-01
l,5.5,-0.5
1.371,2.311,3.271,
1.840184252e-05,1.022054684e+01
2.126628999e-03,-1.666160763e-03,1.497248641e-02,1.261454770e-01,4.845654554e-01,1.080723540e+00,1.324317650e+00,8.290235377e-01,2.085647866e-01,
4.919248349e-04,-8.608370189e-04,-1.207479913e-03,-1.884210050e-02,-8.161308060e-02,-1.929843609e-01,-2.533760077e-01,-1.741857816e-01,-4.899569314e-02,
1.589581536e-01
l,5.5,0.5
1.331,2.431,3.531,
1.516864873e-05,1.259456155e+01
2.682921942e-03,-3.125815838e-03,2.702952409e-03,1.624844262e-02,4.096592194e-02,6.807221409e-02,2.295376890e-02,-3.123151979e-02,-1.823206121e-02,
4.941451799e-04,-8.759123792e-04,-7.463517312e-04,-1.219509197e-02,-4.363114929e-02,-8.596975387e-02,-9.357730115e-02,-5.300886555e-02,-1.222224917e-02,
1.588479634e-01
l,5.5,1.5
1.331,2.311,3.291,
8.971463968e-05,8.666729798e+00
5.320514087e-03,-4.467108384e-03,2.685056108e-02,2.149169928e-01,7.652530757e-01,1.641902434e+00,1.938260442e+00,1.158912691e+00,2.765223477e-01,
1.198673872e-03,-2.096510661e-03,-2.076674811e-03,-3.443172412e-02,-1.391349135e-01,-3.140166180e-01,-3.984262282e-01,-2.670453676e-01,-7.374999075e-02,
1.589271297e-01
l,5.5,2.5
1.271,2.391,3.531,
1.017134781e-04,1.128555558e+01
7.047738880e-03,-7.925214106e-03,5.125588172e-03,2.566550891e-02,3.349766433e-02,3.180639493e-05,-1.573488265e-01,-2.085410803e-01,-7.587537426e-02,
1.246797205e-03,-2.206604354e-03,-1.193351012e-03,-2.314361085e-02,-7.668622691e-02,-1.432389765e-01,-1.492607774e-01,-8.135469213e-02,-1.811493025e-02,
1.587851202e-01
l,5.5,3.5
1.231,2.191,3.171,
4.076734132e-04,9.696996972e+00
1.576310024e-02,-1.766360138e-02,-2.938597199e-02,-1.499605404e-01,-6.889390973e-01,-1.350413547e+00,-1.626270475e+00,-1.177973251e+00,-3.651372567e-01,
3.717706397e-03,-6.420711840e-03,-5.897185294e-03,-9.109555729e-02,-3.265117001e-01,-6.326834057e-01,-6.635692807e-01,-3.512177887e-01,-7.303642285e-02,
1.589254320e-01
l,5.5,4.5
1.131,2.271,3.411,
1.773144901e-03,8.420151966e+00
2.095942944e-02,-2.243377596e-02,1.211031258e-02,2.973711231e-02,-1.323233800e-01,-6.062839632e-01,-1.154768899e+00,-9.283030246e-01,-2.612551922e-01,
3.878865374e-03,-6.786849838e-03,-4.284793202e-03,-7.419108038e-02,-2.465307428e-01,-4.591874327e-01,-4.771333458e-01,-2.591521819e-01,-5.746526715e-02,
1.588395490e-01
l,5.5,5.5
1.051,1.351,1.691,
9.027873457e-03,1.032411839e+01
7.220242172e-02,1.973318173e-01,3.626784369e+00,9.632195128e+01,1.139534506e+03,7.391561476e+03,2.696076105e+04,5.166111712e+04,4.041339749e+04,
7.616691123e-02,-6.732166120e-02,-2.719075565e+00,-7.415664303e+01,-9.159421069e+02,-5.929611450e+03,-2.101246820e+04,-3.854300849e+04,-2.862863376e+04,
1.591437237e-01
l,6.5,-6.5
1.331,2.371,3.431,
2.024634884e-07,1.801508753e+01
1.171908007e-04,-1.373899082e-04,1.203684370e-04,6.551858094e-04,1.639952163e-03,2.840582899e-03,2.180103437e-03,8.248547907e-04,1.798184961e-04,
2.299630860e-05,-4.061269174e-05,-3.434128169e-05,-5.710729398e-04,-2.093321397e-03,-4.238976604e-03,-4.758155332e-03,-2.786146792e-03,-6.651595843e-04,
1.588464444e-01
l,6.5,-5.5
1.431,2.351,3.271,
0.000000000e+00,0.000000000e+00
2.042808046e-04,-2.578615954e-04,-2.694933070e-03,-5.163475691e-02,-3.234525859e-01,-9.329362611e-01,-1.387046558e+00,-1.032057870e+00,-3.043052994e-01,
4.847566363e-05,-8.491438069e-05,-1.144283206e-04,-1.804228356e-03,-7.762285836e-03,-1.819228259e-02,-2.357139413e-02,-1.591276048e-02,-4.372387747e-03,
1.589571819e-01
l,6.5,-4.5
1.511,2.531,3.571,
1.075785533e-08,2.064584624e+01
2.303317015e-04,-2.836021300e-04,2.626191844e-04,1.298346674e-03,2.569288322e-03,2.670252999e-03,-3.060504859e-03,-6.251728767e-03,-2.499463969e-03,
4.535291392e-05,-8.061034077e-05,-7.510222900e-05,-1.204706726e-03,-4.476127440e-03,-9.200848711e-03,-1.050127328e-02,-6.267585796e-03,-1.527737670e-03,
1.588471157e-01
l,6.5,-3.5
1.551,2.491,3.431,
0.000000000e+00,0.000000000e+00
4.110356967e-04,-5.368465518e-04,-3.786545038e-03,-3.507122530e-02,-1.541301182e-01,-3.508248001e-01,-4.474047755e-01,-3.014312777e-01,-8.299807198e-02,
9.249587495e-05,-1.633283504e-04,-2.054611333e-04,-3.313273470e-03,-1.400573680e-02,-3.223547531e-02,-4.093184060e-02,-2.704857936e-02,-7.268962321e-03,
1.590198326e-01
l,6.5,-2.5
1.611,2.651,3.691,
2.213532883e-08,1.797008372e+01
4.792989930e-04,-6.035716854e-04,5.615115756e-04,2.890259356e-03,6.481096877e-03,9.331803715e-03,-1.499406430e-03,-1.078751838e-02,-5.022348582e-03,
9.255319767e-05,-1.653319964e-04,-1.484821177e-04,-2.439761670e-03,-9.052873074e-03,-1.861374280e-02,-2.124437512e-02,-1.268225292e-02,-3.092976702e-03,
1.588475262e-01
l,6.5,-1.5
1.651,2.571,3.511,
2.351808959e-07,1.345906834e+01
8.788820123e-04,-6.182465415e-04,8.589522105e-03,7.109132020e-02,2.771106993e-01,6.218910789e-01,7.717108832e-01,4.930526023e-01,1.272640837e-01,
2.028094681e-04,-3.593850346e-04,-4.777668598e-04,-7.846314027e-03,-3.493501930e-02,-8.550486368e-02,-1.166466395e-01,-8.357621864e-02,-2.454162834e-02,
1.589579912e-01
l,6.5,-0.5
1.631,2.691,3.771,
7.680656005e-08,1.646499199e+01
1.116081025e-03,-1.382425074e-03,1.246449158e-03,7.846859018e-03,2.255656868e-02,4.657358882e-02,3.544122957e-02,2.538962017e-03,-4.393148971e-03,
2.026912857e-04,-3.631663935e-04,-2.957740999e-04,-5.028445393e-03,-1.816612748e-02,-3.630064032e-02,-4.012616843e-02,-2.314328789e-02,-5.445536591e-03,
1.588477777e-01
l,6.5,0.5
1.631,2.591,3.551,
2.109894342e-07,1.544323816e+01
2.116366988e-03,-2.840881449e-03,-8.841634593e-03,-5.876796086e-02,-2.420712487e-01,-4.887488454e-01,-5.690644156e-01,-3.693350240e-01,-1.015993409e-01,
4.772567351e-04,-8.467723623e-04,-9.684355706e-04,-1.464518295e-02,-5.285376418e-02,-9.740076143e-02,-8.932186811e-02,-3.514609712e-02,-3.130373022e-03,
1.589582327e-01
l,6.5,1.5
1.611,2.711,3.811,
1.124095927e-06,1.332290441e+01
2.701696008e-03,-3.327838865e-03,2.973114765e-03,1.797450524e-02,5.139998908e-02,1.030689427e-01,7.604911283e-02,5.467843917e-03,-8.733817010e-03,
4.766233669e-04,-8.548627909e-04,-6.996748131e-04,-1.176758637e-02,-4.197204176e-02,-8.267340214e-02,-8.991756225e-02,-5.094572132e-02,-1.176100288e-02,
1.588478072e-01
l,6.5,2.5
1.571,2.551,3.551,
2.704040995e-06,1.316144382e+01
5.602295976e-03,-7.058098966e-03,-1.782524846e-02,-9.639434113e-02,-3.734432645e-01,-6.669436164e-01,-6.975397082e-01,-4.349926679e-01,-1.213296480e-01,
1.204487498e-03,-2.133866861e-03,-1.556341327e-03,-2.616394528e-02,-8.461339811e-02,-1.420749523e-01,-1.171277338e-01,-3.818982557e-02,-8.673082834e-04,
1.589266167e-01
l,6.5,3.5
1.511,2.631,3.771,
8.491250432e-06,1.276312416e+01
7.506167050e-03,-8.746644118e-03,6.489987222e-03,3.889992913e-02,9.539305413e-02,1.702058071e-01,6.905804334e-02,-6.849346245e-02,-4.322013999e-02,
1.291483766e-03,-2.309144883e-03,-1.226471864e-03,-2.423165385e-02,-8.016786489e-02,-1.497470062e-01,-1.561591974e-01,-8.533775219e-02,-1.907800203e-02,
1.587200584e-01
l,6.5,4.5
1.451,2.431,3.431,
8.721709407e-05,9.655437898e+00
1.686337031e-02,-1.589139668e-02,3.543912561e-02,3.436522321e-01,1.193241637e+00,2.705972303e+00,3.316615707e+00,1.987399221e+00,4.617426797e-01,
3.747257750e-03,-6.565190039e-03,-6.930898384e-03,-1.127663124e-01,-4.624441803e-01,-1.049682986e+00,-1.323886777e+00,-8.693363196e-01,-2.319728396e-01,
1.589187737e-01
l,6.5,5.5
1.331,2.491,3.671,
2.115799362e-04,1.108177022e+01
2.313496917e-02,-2.579477641e-02,1.366909838e-02,3.315008222e-02,-1.398676210e-01,-6.396485203e-01,-1.260751654e+00,-1.050374872e+00,-3.055763658e-01,
3.889069819e-03,-6.889375525e-03,-3.976939493e-03,-7.212660014e-02,-2.330094739e-01,-4.226743466e-01,-4.262654468e-01,-2.244107530e-01,-4.820698144e-02,
1.588441908e-01
l,6.5,6.5
1.251,1.591,1.951,
1.241527163e-03,1.152152739e+01
8.462674171e-02,1.911892585e-01,3.400260757e+00,8.706238842e+01,9.561913179e+02,5.663486658e+03,1.863090500e+04,3.192016310e+04,2.219960869e+04,
8.345266516e-02,-8.278545163e-02,-2.643943688e+00,-7.058444981e+01,-8.413130500e+02,-5.210014992e+03,-1.755022012e+04,-3.047313712e+04,-2.136858064e+04,
1.591437333e-01
l,7.5,-7.5
1.551,2.591,3.631,
5.414622908e-10,2.348938034e+01
5.207061986e-05,-6.462371164e-05,5.972764259e-05,2.918264059e-04,7.633874820e-04,1.372211103e-03,1.135421825e-03,5.200519889e-04,1.350083351e-04,
1.014187108e-05,-1.807440936e-05,-1.493465654e-05,-2.563215962e-04,-9.498817436e-04,-1.952449537e-03,-2.227306853e-03,-1.327562230e-03,-3.229621183e-04,
1.588146991e-01
l,7.5,-6.5
1.711,2.551,3.451,
2.024717150e-09,1.796399964e+01
9.272655734e-05,-1.208209986e-04,1.434130286e-03,2.056955492e-02,1.082755397e-01,2.882814330e-01,4.103971622e-01,2.993059620e-01,8.803969640e-02,
2.221759671e-05,-3.927505179e-05,-5.414381334e-05,-8.627289597e-04,-3.776035342e-03,-9.028042161e-03,-1.196016840e-02,-8.270095431e-03,-2.329702354e-03,
1.589877044e-01
l,7.5,-5.5
1.751,2.751,3.771,
0.000000000e+00,0.000000000e+00
1.014196969e-04,-1.305301800e-04,1.224921671e-04,5.558673535e-04,1.049315861e-03,1.002047089e-03,-1.690435100e-03,-3.074325613e-03,-1.206179260e-03,
1.996279093e-05,-3.578029750e-05,-3.233525040e-05,-5.358992494e-04,-2.013990126e-03,-4.201039858e-03,-4.871708953e-03,-2.959233671e-03,-7.350869438e-04,
1.588465316e-01
l,7.5,-4.5
1.831,2.711,3.611,
3.550819089e-10,1.918128516e+01
1.745342015e-04,-1.169833518e-04,2.057327541e-03,1.723591615e-02,6.997332573e-02,1.633379168e-01,2.121723378e-01,1.433922595e-01,3.953209826e-02,
4.227537605e-05,-7.527200790e-05,-1.061774397e-04,-1.746943786e-03,-8.033843117e-03,-2.041156279e-02,-2.904556894e-02,-2.179512985e-02,-6.721441962e-03,
1.589883762e-01
l,7.5,-3.5
1.871,2.871,3.891,
9.275843717e-12,2.467922552e+01
2.095689997e-04,-2.725560656e-04,2.651973445e-04,1.474898427e-03,3.793175790e-03,6.961138297e-03,3.141293534e-03,-2.645727634e-03,-1.843407113e-03,
4.067037944e-05,-7.322543015e-05,-6.746532802e-05,-1.110106132e-03,-4.175369176e-03,-8.722260453e-03,-1.012384679e-02,-6.156076105e-03,-1.531572202e-03,
1.588471916e-01
l,7.5,-2.5
1.911,2.811,3.731,
1.273671978e-11,2.409485991e+01
3.696740023e-04,-5.662155189e-04,-2.547213187e-03,-1.891558963e-02,-7.962194806e-02,-1.751161980e-01,-2.225431339e-01,-1.540169895e-01,-4.434946340e-02,
8.624222467e-05,-1.543111319e-04,-1.539771526e-04,-2.390463696e-03,-7.905591711e-03,-1.204001180e-02,-5.879051732e-03,3.217406168e-03,2.919103374e-03,
1.589887871e-01
l,7.5,-1.5
1.931,2.951,3.991,
2.113020332e-10,2.005656080e+01
4.606294970e-04,-5.997630838e-04,5.603240559e-04,3.360027659e-03,9.374759493e-03,1.957805236e-02,1.464157568e-02,2.074922867e-04,-2.353883210e-03,
8.582353710e-05,-1.550623075e-04,-1.346119523e-04,-2.268031011e-03,-8.399635491e-03,-1.727691175e-02,-1.970701728e-02,-1.176363505e-02,-2.871748227e-03,
1.588475883e-01
l,7.5,-0.5
1.931,2.851,3.791,
5.017130375e-09,1.580729978e+01
8.585875039e-04,-8.047060135e-04,3.836307094e-03,3.545628870e-02,1.383128847e-01,3.285514087e-01,4.298023134e-01,2.847841100e-01,7.528450641e-02,
1.956894492e-04,-3.509003122e-04,-5.302131025e-04,-8.808214344e-03,-4.151325732e-02,-1.064610390e-01,-1.497131334e-01,-1.083820274e-01,-3.155658789e-02,
1.589579924e-01
l,7.5,0.5
1.911,2.971,4.051,
1.194024374e-09,1.878159523e+01
1.106978045e-03,-1.414101283e-03,1.270394299e-03,8.890464000e-03,2.867117286e-02,6.844133262e-02,7.170559737e-02,2.939765576e-02,2.926802450e-03,
1.945789308e-04,-3.522121654e-04,-2.826328811e-04,-4.869017992e-03,-1.753734660e-02,-3.499860838e-02,-3.860638438e-02,-2.223712565e-02,-5.231966413e-03,
1.588478293e-01
l,7.5,1.5
1.911,2.871,3.831,
1.135688490e-07,1.271910916e+01
2.090781927e-03,-2.059861065e-03,7.630421322e-03,7.067086766e-02,2.689968043e-01,6.304527231e-01,8.080571225e-01,5.199443570e-01,1.325692799e-01,
4.601417340e-04,-8.259620049e-04,-1.204731272e-03,-1.969891612e-02,-8.975802959e-02,-2.225849969e-01,-3.027827681e-01,-2.122860500e-01,-5.995463051e-02,
1.589580763e-01
l,7.5,2.5
1.871,2.971,4.091,
7.114028048e-08,1.458596041e+01
2.767212922e-03,-3.517935638e-03,2.886244423e-03,1.901810174e-02,5.979355629e-02,1.387089385e-01,1.369499537e-01,5.022675762e-02,3.245161764e-03,
4.571457995e-04,-8.282169578e-04,-4.366255742e-04,-8.841231824e-03,-2.943231911e-02,-5.568027096e-02,-5.874396016e-02,-3.256624989e-02,-7.411219998e-03,
1.588160093e-01
l,7.5,3.5
1.811,2.811,3.811,
1.307528654e-06,1.121240044e+01
5.722803064e-03,-5.429638439e-03,1.641914345e-02,1.496816915e-01,5.290733972e-01,1.200774719e+00,1.501802940e+00,9.370052913e-01,2.300331612e-01,
1.203573978e-03,-2.155735405e-03,-2.175790988e-03,-3.842058077e-02,-1.633434196e-01,-3.842449432e-01,-4.997360169e-01,-3.366967711e-01,-9.174357390e-02,
1.588925428e-01
l,7.5,4.5
1.751,2.871,3.991,
7.954909913e-07,1.377050792e+01
7.936649956e-03,-9.503501821e-03,7.841117278e-03,5.197349531e-02,1.542363667e-01,3.333781162e-01,2.940360603e-01,7.731688154e-02,-7.365079939e-03,
1.381191505e-03,-2.489663094e-03,-1.419291127e-03,-2.707164487e-02,-9.061796214e-02,-1.712532643e-01,-1.809932052e-01,-1.005244586e-01,-2.289332176e-02,
1.586449471e-01
l,7.5,5.5
1.671,2.671,3.691,
1.713249058e-05,1.022978923e+01
1.789670065e-02,-1.692807376e-02,4.329551404e-02,4.064502625e-01,1.418715348e+00,3.209579560e+00,3.970450692e+00,2.430007956e+00,5.820235204e-01,
3.756224140e-03,-6.661652490e-03,-7.092885035e-03,-1.165192883e-01,-4.783497125e-01,-1.085843221e+00,-1.364565265e+00,-8.899791774e-01,-2.352116370e-01,
1.589544575e-01
l,7.5,6.5
1.551,2.731,3.911,
2.243833927e-05,1.262839860e+01
2.475805022e-02,-2.885917086e-02,1.696898107e-02,4.670244228e-02,-8.568346259e-02,-5.032420047e-01,-1.095880716e+00,-9.523604843e-01,-2.821284627e-01,
4.019330481e-03,-7.188947037e-03,-4.117628143e-03,-7.564173041e-02,-2.437937177e-01,-4.421662679e-01,-4.456880793e-01,-2.347293588e-01,-5.048479865e-02,
1.587837781e-01
l,7.5,7.5
1.451,1.811,2.191,
1.375364257e-04,1.297414503e+01
9.421987832e-02,2.183314582e-01,4.036215866e+00,9.936614294e+01,1.057999291e+03,6.018109920e+03,1.887559235e+04,3.070107332e+04,2.021897606e+04,
9.166330078e-02,-9.718855353e-02,-3.090736696e+00,-8.098859754e+01,-9.341944629e+02,-5.550229530e+03,-1.782404214e+04,-2.938558047e+04,-1.951523148e+04,
1.591437119e-01
l,8.5,-8.5
0.611,0.791,0.991,
2.187377373e+01,2.443330359e+01
4.692969087e-04,1.756627201e-04,5.911824276e-02,2.582392883e+00,5.423620592e+01,6.182180747e+02,3.831131840e+03,1.235769824e+04,1.639696095e+04,
3.978701445e-04,-4.151086996e-04,-3.776698790e-02,-2.054947061e+00,-4.645023350e+01,-5.339578605e+02,-3.286334209e+03,-1.033002473e+04,-1.304123471e+04,
1.591436880e-01
l,8.5,-7.5
1.931,2.771,3.671,
1.585213017e-12,2.417745250e+01
4.074492972e-05,-5.587331099e-05,6.843929374e-04,9.910142024e-03,5.253973446e-02,1.404925889e-01,2.007844266e-01,1.470063279e-01,4.340352883e-02,
9.455586160e-06,-1.687974382e-05,-2.172906193e-05,-3.584499379e-04,-1.561023278e-03,-3.719961594e-03,-4.908700728e-03,-3.380867250e-03,-9.487323001e-04,
1.590180654e-01
l,8.5,-6.5
1.991,2.991,3.991,
0.000000000e+00,0.000000000e+00
4.319172876e-05,-5.833404854e-05,5.734744080e-05,2.311241228e-04,4.226010457e-04,3.601717494e-04,-7.731898223e-04,-1.265040158e-03,-4.715325700e-04,
8.451070124e-06,-1.527115542e-05,-1.352065456e-05,-2.318285037e-04,-8.849168312e-04,-1.882717531e-03,-2.227867730e-03,-1.381924735e-03,-3.506960500e-04,
1.588458347e-01
l,8.5,-5.5
2.071,2.931,3.811,
0.000000000e+00,0.000000000e+00
7.555163756e-05,-4.083058263e-05,1.128956215e-03,9.491970071e-03,3.916629671e-02,9.267537776e-02,1.226447563e-01,8.486959889e-02,2.402884812e-02,
1.859715604e-05,-3.338446556e-05,-4.767478831e-05,-8.053104170e-04,-3.813681664e-03,-1.001068792e-02,-1.475070694e-02,-1.147971038e-02,-3.674291909e-03,
1.589877916e-01
l,8.5,-4.5
2.131,3.111,4.111,
0.000000000e+00,0.000000000e+00
8.852245810e-05,-1.193595776e-04,1.138128983e-04,5.685746968e-04,1.284351108e-03,2.042585770e-03,-7.454765529e-05,-2.185089556e-03,-1.090719789e-03,
1.718852413e-05,-3.118506564e-05,-2.673090199e-05,-4.662007854e-04,-1.777068910e-03,-3.778949882e-03,-4.468456400e-03,-2.770736715e-03,-7.034823018e-04,
1.588466426e-01
l,8.5,-3.5
2.171,3.051,3.931,
0.000000000e+00,0.000000000e+00
1.544638071e-04,-2.685925791e-04,-1.658715019e-03,-1.289773057e-02,-5.474106397e-02,-1.246791843e-01,-1.631093024e-01,-1.148540235e-01,-3.343898041e-02,
3.787600783e-05,-6.829372946e-05,-6.218817313e-05,-9.413926445e-04,-2.576919640e-03,-1.759513731e-03,4.627299263e-03,8.674660401e-03,4.104488206e-03,
1.589884522e-01
l,8.5,-2.5
2.211,3.211,4.211,
0.000000000e+00,0.000000000e+00
1.881572971e-04,-2.557120715e-04,2.451234792e-04,1.339389207e-03,3.512150646e-03,6.970654503e-03,4.047069777e-03,-1.642422331e-03,-1.533181661e-03,
3.622453061e-05,-6.592918801e-05,-5.609960853e-05,-9.810139168e-04,-3.731606046e-03,-7.926609994e-03,-9.362182327e-03,-5.800732667e-03,-1.472465018e-03,
1.588472567e-01
l,8.5,-1.5
2.231,3.131,4.031,
1.241682859e-11,1.943030007e+01
3.388331097e-04,-3.094383554e-04,2.248468448e-03,1.972655549e-02,7.904869520e-02,1.879630279e-01,2.468074788e-01,1.658681876e-01,4.486404058e-02,
7.990681866e-05,-1.445726701e-04,-2.366392791e-04,-4.106131679e-03,-2.079036090e-02,-5.717264111e-02,-8.599471725e-02,-6.638170970e-02,-2.053872075e-02,
1.589888492e-01
l,8.5,-0.5
2.231,3.251,4.291,
1.525453868e-12,2.250550298e+01
4.385442007e-04,-5.860986792e-04,5.355412956e-04,3.496532742e-03,1.073251313e-02,2.529125977e-02,2.512267210e-02,8.550342506e-03,5.047201197e-05,
7.913327902e-05,-1.443640192e-04,-1.150658536e-04,-2.045545988e-03,-7.561514303e-03,-1.557705805e-02,-1.777699331e-02,-1.061744005e-02,-2.595019332e-03,
1.588476711e-01
l,8.5,0.5
2.211,3.131,4.071,
1.511688326e-11,2.028504732e+01
8.339607157e-04,-9.307666574e-04,3.285615937e-04,8.322919383e-03,2.916148080e-02,8.722955416e-02,1.334295259e-01,9.393683864e-02,2.485746088e-02,
1.877885562e-04,-3.401531864e-04,-3.980047602e-04,-6.422183333e-03,-2.575085743e-02,-5.639504043e-02,-6.842356447e-02,-4.341919486e-02,-1.130745779e-02,
1.589580439e-01
l,8.5,1.5
2.191,3.251,4.311,
4.428252398e-11,1.972911448e+01
1.089102007e-03,-1.423132633e-03,1.339748049e-03,9.924832771e-03,3.395467571e-02,8.527568072e-02,9.909924195e-02,5.013239575e-02,8.788726798e-03,
1.927733712e-04,-3.518221201e-04,-3.014704458e-04,-5.088755033e-03,-1.857843741e-02,-3.765254229e-02,-4.221979856e-02,-2.475065416e-02,-5.933844439e-03,
1.588166389e-01
l,8.5,2.5
2.191,3.131,4.111,
8.764841241e-09,1.386847384e+01
2.102598082e-03,-1.857559237e-03,1.138255208e-02,1.020347449e-01,3.914221451e-01,9.026461625e-01,1.156112489e+00,7.546059705e-01,1.967583132e-01,
4.412645838e-04,-7.999952413e-04,-1.004917977e-03,-1.737093545e-02,-7.926273001e-02,-1.984692467e-01,-2.728118319e-01,-1.930583743e-01,-5.492552625e-02,
1.589572603e-01
l,8.5,3.5
2.111,3.231,4.371,
1.707670293e-09,1.710875749e+01
2.815569052e-03,-3.655026583e-03,2.888702954e-03,2.061120705e-02,6.842550606e-02,1.685013843e-01,1.858275285e-01,8.646008176e-02,1.319319291e-02,
4.364812100e-04,-7.976804482e-04,-3.964960303e-04,-8.335829616e-03,-2.728821261e-02,-5.089190895e-02,-5.277108199e-02,-2.873217218e-02,-6.425304592e-03,
1.588113847e-01
l,8.5,4.5
2.091,3.051,4.031,
2.245319776e-07,1.173446946e+01
5.935858004e-03,-4.919118939e-03,2.747975197e-02,2.359554695e-01,8.497110728e-01,1.890570332e+00,2.362102329e+00,1.505874456e+00,3.833104851e-01,
1.286796152e-03,-2.323165892e-03,-2.866198587e-03,-4.934234561e-02,-2.237386707e-01,-5.564812397e-01,-7.611440954e-01,-5.364294691e-01,-1.520934997e-01,
1.588621718e-01
l,8.5,5.5
1.991,3.111,4.231,
9.124480827e-08,1.445574468e+01
8.346390910e-03,-1.023716049e-02,8.721130592e-03,6.181373295e-02,1.987323427e-01,4.639849533e-01,4.835080241e-01,2.053290747e-01,2.526768181e-02,
1.420872276e-03,-2.581573792e-03,-1.547295505e-03,-2.863418014e-02,-9.568100923e-02,-1.805073695e-01,-1.902778125e-01,-1.054994993e-01,-2.401680978e-02,
1.586552076e-01
l,8.5,6.5
1.891,2.911,3.951,
1.681573521e-06,1.192688048e+01
1.886126027e-02,-2.026408964e-02,7.037442879e-03,1.566017395e-01,5.129417118e-01,1.413170332e+00,1.975645290e+00,1.262371399e+00,3.011885690e-01,
3.745610235e-03,-6.712986324e-03,-5.304017400e-03,-9.084960985e-02,-3.251335592e-01,-6.469628295e-01,-7.159417358e-01,-4.151252992e-01,-9.898900694e-02,
1.589563135e-01
l,8.5,7.5
1.771,2.951,4.151,
2.011879422e-06,1.410789494e+01
2.694875002e-02,-3.210652416e-02,1.944412318e-02,6.877393312e-02,6.008625916e-03,-2.679655271e-01,-8.245702184e-01,-8.159387796e-01,-2.581610007e-01,
4.138260142e-03,-7.464470125e-03,-3.980547508e-03,-7.622713893e-02,-2.419245292e-01,-4.327850483e-01,-4.294629400e-01,-2.226174726e-01,-4.714097349e-02,
1.587223491e-01
l,8.5,8.5
1.671,2.051,2.451,
1.933498941e-05,1.358649060e+01
1.062863022e-01,2.054318416e-01,3.661068295e+00,9.006916097e+01,9.299517544e+02,5.088922720e+03,1.526625708e+04,2.365319647e+04,1.479994049e+04,
9.723945023e-02,-1.105280180e-01,-2.858142882e+00,-7.363525017e+01,-8.240584490e+02,-4.707558243e+03,-1.444796345e+04,-2.267499944e+04,-1.430035162e+04,
1.591437119e-01
