l,0.5,-0.5
0.271,1.511,2.771,
4.383169987e-02,2.202712671e+00
1.320101973e-02,-8.285041231e-03,7.262951323e-03,6.940626583e-02,1.791502330e-01,2.991114258e-01,2.709303447e-01,1.267919564e-01,2.507181300e-02,
3.636172684e-03,-4.554616678e-03,-4.007244583e-03,-4.462051599e-02,-1.369278673e-01,-2.296672658e-01,-2.152247691e-01,-1.056345790e-01,-2.120314005e-02,
1.589582201e-01
l,0.5,0.5
0.291,1.031,1.811,
9.265686193e-02,2.373000553e+00
2.923396043e-02,5.816046852e-03,1.058026166e-01,1.397516869e+00,6.651870336e+00,1.799095441e+01,2.742478945e+01,2.188298819e+01,7.135964346e+00,
1.873972661e-02,-1.815752549e-02,-8.747454123e-02,-1.063110912e+00,-5.579428441e+00,-1.547129777e+01,-2.369238057e+01,-1.888696905e+01,-6.120980367e+00,
1.591437118e-01
l,1.5,-1.5
0.671,2.031,3.391,
3.604163724e-03,3.858868898e+00
4.302897025e-03,-3.187990408e-03,1.630386329e-03,1.671322003e-02,3.735983538e-02,6.233117309e-02,5.428595813e-02,2.192251229e-02,3.290485246e-03,
9.319613683e-04,-1.238748637e-03,-8.821524438e-04,-1.077039127e-02,-3.094436597e-02,-4.880333749e-02,-4.265931707e-02,-1.943908036e-02,-3.616818731e-03,
1.589270197e-01
l,1.5,-0.5
0.711,2.011,3.311,
5.227563858e-03,3.847234261e+00
7.624754217e-03,-5.279269831e-03,2.655148850e-03,3.381642291e-02,7.942208143e-02,1.381611765e-01,1.296510834e-01,5.790315886e-02,9.856822415e-03,
1.813905816e-03,-2.393025574e-03,-1.746232451e-03,-2.143137427e-02,-6.367752504e-02,-1.040938193e-01,-9.476113826e-02,-4.508735975e-02,-8.774948250e-03,
1.589892667e-01
l,1.5,0.5
0.731,1.951,3.191,
7.790871905e-03,3.785062183e+00
1.383388042e-02,-8.136530501e-03,5.592429781e-03,8.681512624e-02,2.307369463e-01,4.215928208e-01,4.310477908e-01,2.179419760e-01,4.312466817e-02,
3.710256173e-03,-4.829340897e-03,-5.012507989e-03,-5.699323415e-02,-1.832356049e-01,-3.183750641e-01,-3.061188644e-01,-1.531347681e-01,-3.120900739e-02,
1.590202639e-01
l,1.5,1.5
0.751,1.811,2.871,
1.184388181e-02,3.615389126e+00
2.626284957e-02,-8.623393626e-03,1.871481286e-02,3.148454504e-01,1.010622769e+00,2.010102937e+00,2.310012162e+00,1.368318171e+00,3.246808257e-01,
9.714900422e-03,-1.208527505e-02,-2.084476750e-02,-2.270008776e-01,-8.569675679e-01,-1.732752269e+00,-1.944424439e+00,-1.137156032e+00,-2.709000520e-01,
1.591445952e-01
l,2.5,-2.5
1.171,2.531,3.911,
1.054075763e-04,4.915377050e+00
1.295128022e-03,-9.072204245e-04,2.617476443e-04,5.385502475e-03,1.221507470e-02,2.213483037e-02,2.277541515e-02,1.132439408e-02,2.161641276e-03,
2.635083293e-04,-3.611427149e-04,-2.404090615e-04,-3.072132370e-03,-8.694856208e-03,-1.354741255e-02,-1.168039539e-02,-5.242019740e-03,-9.611241290e-04,
1.588957744e-01
l,2.5,-1.5
1.211,2.571,3.931,
1.522472992e-04,4.841025039e+00
2.161954064e-03,-1.514027760e-03,3.934037417e-04,8.963380070e-03,2.005288076e-02,3.644723830e-02,3.807079048e-02,1.924860731e-02,3.734342225e-03,
4.493235448e-04,-6.161745143e-04,-3.934537044e-04,-5.167856329e-03,-1.476182089e-02,-2.326372660e-02,-2.031748994e-02,-9.244840483e-03,-1.719987984e-03,
1.589580601e-01
l,2.5,-0.5
1.231,2.571,3.931,
2.243433315e-04,4.791018377e+00
3.719592001e-03,-2.408191751e-03,3.517108221e-04,1.581577721e-02,3.449500863e-02,6.128942935e-02,6.541980697e-02,3.426275940e-02,6.899596580e-03,
7.871330593e-04,-1.078733602e-03,-7.156994913e-04,-9.200517713e-03,-2.629783063e-02,-4.142104605e-02,-3.616160855e-02,-1.644114988e-02,-3.056708638e-03,
1.589892667e-01
l,2.5,0.5
1.271,2.591,3.911,
3.418424721e-04,4.766887477e+00
6.321118213e-03,-3.965605989e-03,6.579943957e-04,2.863889570e-02,6.356089930e-02,1.119933982e-01,1.196427508e-01,6.331317461e-02,1.294106028e-02,
1.416590182e-03,-1.937189156e-03,-1.359206947e-03,-1.721982375e-02,-5.034699852e-02,-8.120159670e-02,-7.282249515e-02,-3.406965864e-02,-6.523262669e-03,
1.590202639e-01
l,2.5,1.5
1.291,2.571,3.851,
5.334200757e-04,4.734073174e+00
1.106868032e-02,-6.186693597e-03,4.833223528e-04,5.405678199e-02,1.209358262e-01,2.089281233e-01,2.270489174e-01,1.245735063e-01,2.655165132e-02,
2.689303205e-03,-3.657664399e-03,-2.719733262e-03,-3.369032496e-02,-1.008707087e-01,-1.665955252e-01,-1.535539615e-01,-7.395383885e-02,-1.458984466e-02,
1.590199674e-01
l,2.5,2.5
1.311,2.531,3.751,
8.541325025e-04,4.725305373e+00
1.974809915e-02,-9.038479790e-03,1.621214220e-03,1.272808578e-01,3.157733629e-01,5.371114217e-01,5.744699923e-01,3.200783437e-01,7.060272954e-02,
5.379497276e-03,-7.238849396e-03,-7.449050077e-03,-8.626254117e-02,-2.792820584e-01,-4.904612237e-01,-4.776903735e-01,-2.420506121e-01,-5.002232130e-02,
1.591134569e-01
l,3.5,-3.5
1.711,3.111,4.511,
2.625792733e-06,5.822367071e+00
3.452973906e-04,-2.396254375e-04,-1.051360595e-05,1.118234541e-03,1.935489062e-03,3.280357127e-03,3.661750469e-03,1.976683819e-03,4.025618348e-04,
6.539187968e-05,-9.188000505e-05,-4.095744897e-05,-6.281655627e-04,-1.678247399e-03,-2.529840480e-03,-2.125540540e-03,-9.339973482e-04,-1.688811534e-04,
1.589579203e-01
l,3.5,-2.5
1.751,3.131,4.531,
3.526976114e-06,5.917539249e+00
5.782166845e-04,-3.716176548e-04,-4.600060153e-05,2.061795329e-03,3.787802297e-03,6.069530055e-03,6.532570280e-03,3.506660267e-03,7.189422640e-04,
1.114101107e-04,-1.566362333e-04,-6.931380223e-05,-1.067663435e-03,-2.852274998e-03,-4.296024042e-03,-3.607460351e-03,-1.582814190e-03,-2.857144598e-04,
1.589577449e-01
l,3.5,-1.5
1.791,3.171,4.551,
5.366662759e-06,5.826339474e+00
9.567618254e-04,-6.026860572e-04,-5.687058984e-05,3.590635477e-03,6.674864596e-03,1.049448824e-02,1.114262071e-02,5.961809035e-03,1.223788459e-03,
1.898380983e-04,-2.670523585e-04,-1.595981713e-04,-2.192905812e-03,-6.169889239e-03,-9.598368341e-03,-8.259005925e-03,-3.693889862e-03,-6.757104140e-04,
1.589889199e-01
l,3.5,-0.5
1.831,3.191,4.571,
7.986123842e-06,5.812989319e+00
1.610036008e-03,-9.587996561e-04,-1.861321317e-04,6.111953005e-03,1.123011915e-02,1.701150993e-02,1.808727462e-02,9.864331268e-03,2.071336107e-03,
3.233825390e-04,-4.551291541e-04,-2.730515926e-04,-3.733354681e-03,-1.050151127e-02,-1.632577463e-02,-1.404101403e-02,-6.275109921e-03,-1.147077928e-03,
1.589891158e-01
l,3.5,0.5
1.851,3.211,4.591,
1.183004020e-05,5.831723390e+00
2.717562020e-03,-1.531605423e-03,-4.402722957e-04,1.041063199e-02,1.875565263e-02,2.666938665e-02,2.769512069e-02,1.512067948e-02,3.197957619e-03,
5.508971687e-04,-7.755811800e-04,-4.833309941e-04,-6.475742201e-03,-1.822362939e-02,-2.831785951e-02,-2.434233508e-02,-1.086893304e-02,-1.984780734e-03,
1.590201778e-01
l,3.5,1.5
1.891,3.231,4.591,
1.790694458e-05,5.865984638e+00
4.593785852e-03,-2.469277100e-03,-8.035866496e-04,1.820152422e-02,3.426400523e-02,4.911205615e-02,5.050003356e-02,2.748322804e-02,5.833631375e-03,
9.648535540e-04,-1.357480069e-03,-8.485459171e-04,-1.143685710e-02,-3.254209428e-02,-5.115025991e-02,-4.455667906e-02,-2.016800027e-02,-3.733244544e-03,
1.590197147e-01
l,3.5,2.5
1.911,3.211,4.531,
2.884878480e-05,5.816352334e+00
7.971694693e-03,-3.655479916e-03,-1.576241587e-03,3.525553470e-02,7.012599466e-02,9.882624363e-02,1.002879284e-01,5.535451196e-02,1.208274757e-02,
1.837558146e-03,-2.576339601e-03,-1.829027301e-03,-2.310479819e-02,-6.737331548e-02,-1.083080466e-01,-9.692182756e-02,-4.515721994e-02,-8.606990963e-03,
1.590182022e-01
l,3.5,3.5
1.931,3.231,4.531,
4.792298331e-05,5.753909465e+00
1.373512018e-02,-6.485410972e-03,-2.868870500e-03,6.168668693e-02,1.164182638e-01,1.545799803e-01,1.556806660e-01,8.735608951e-02,1.942663681e-02,
3.215301188e-03,-4.498004509e-03,-3.313639016e-03,-4.125243653e-02,-1.215202561e-01,-1.977041302e-01,-1.792233986e-01,-8.470373776e-02,-1.639916335e-02,
1.590821171e-01
l,4.5,-4.5
2.271,3.651,5.051,
3.969393990e-08,7.166098690e+00
8.991992217e-05,-5.202755080e-05,-1.872303769e-05,3.155041086e-04,5.208980672e-04,6.976171257e-04,7.324988088e-04,4.078773149e-04,8.728182433e-05,
1.735732883e-05,-2.480154750e-05,-1.125233740e-05,-1.714361203e-04,-4.571486662e-04,-6.872228020e-04,-5.762214567e-04,-2.522231914e-04,-4.543233277e-05,
1.589582952e-01
l,4.5,-3.5
2.331,3.711,5.111,
5.745401892e-08,7.139622105e+00
1.459526975e-04,-8.557817633e-05,-3.274568477e-05,5.023779176e-04,8.011182171e-04,1.029156780e-03,1.075853106e-03,6.036634244e-04,1.300979442e-04,
2.792126293e-05,-3.996046112e-05,-1.756894297e-05,-2.732276244e-04,-7.272905592e-04,-1.092909775e-03,-9.156310960e-04,-4.004568712e-04,-7.211499812e-05,
1.589889122e-01
l,4.5,-2.5
2.371,3.771,5.171,
9.277398334e-08,7.000279639e+00
2.372081944e-04,-1.415625657e-04,-6.290454383e-05,7.168355681e-04,9.551736302e-04,1.056816576e-03,1.158612566e-03,6.934336257e-04,1.554634535e-04,
4.490808171e-05,-6.437219428e-05,-2.711847867e-05,-4.349925249e-04,-1.156553357e-03,-1.738631175e-03,-1.456429098e-03,-6.367672253e-04,-1.146640649e-04,
1.590196800e-01
l,4.5,-1.5
2.411,3.811,5.211,
1.275996280e-07,7.067660538e+00
3.908924118e-04,-2.258155225e-04,-1.162522706e-04,1.169897564e-03,1.560484647e-03,1.615572234e-03,1.702824932e-03,1.015137405e-03,2.282689566e-04,
7.430750339e-05,-1.066200142e-04,-4.409569426e-05,-7.169885080e-04,-1.904946950e-03,-2.862078565e-03,-2.395894127e-03,-1.046016607e-03,-1.880370160e-04,
1.590197828e-01
l,4.5,-0.5
2.451,3.831,5.231,
1.660517606e-07,7.209657506e+00
6.534467102e-04,-3.471647224e-04,-1.981677013e-04,2.255995675e-03,3.664859345e-03,4.198545461e-03,4.000563366e-03,2.179767274e-03,4.673536876e-04,
1.265253351e-04,-1.816246765e-04,-7.881890010e-05,-1.241488167e-03,-3.302072348e-03,-4.957113302e-03,-4.147767816e-03,-1.808494620e-03,-3.244382315e-04,
1.590200356e-01
l,4.5,0.5
2.471,3.851,5.251,
2.465908117e-07,7.213699051e+00
1.096762950e-03,-5.420449520e-04,-3.765584085e-04,3.873154379e-03,6.326694864e-03,6.711146182e-03,6.004361751e-03,3.225709831e-03,6.946959489e-04,
2.154252265e-04,-3.093584999e-04,-1.425196200e-04,-2.156260885e-03,-5.739299409e-03,-8.607649784e-03,-7.196974624e-03,-3.134547971e-03,-5.615713321e-04,
1.590200917e-01
l,4.5,1.5
2.511,3.891,5.291,
3.746586945e-07,7.224879234e+00
1.828973996e-03,-9.091910376e-04,-6.463858126e-04,6.489266954e-03,1.061879619e-02,1.092378220e-02,9.409210771e-03,4.961397815e-03,1.060880722e-03,
3.563643986e-04,-5.121693822e-04,-2.357040584e-04,-3.576222074e-03,-9.507822731e-03,-1.425658012e-02,-1.190904855e-02,-5.180471246e-03,-9.273148690e-04,
1.590191250e-01
l,4.5,2.5
2.531,3.931,5.331,
5.869281075e-07,7.217457630e+00
3.042150056e-03,-1.520060243e-03,-1.204585719e-03,9.181500530e-03,1.378352461e-02,1.333181226e-02,1.185112838e-02,6.501232138e-03,1.416994390e-03,
5.895213021e-04,-8.478394908e-04,-3.270018535e-04,-5.622139224e-03,-1.492243979e-02,-2.239898787e-02,-1.872328699e-02,-8.134823203e-03,-1.452512391e-03,
1.590468724e-01
l,4.5,3.5
2.551,3.891,5.231,
1.012752065e-06,7.109659945e+00
5.291906185e-03,-2.040973156e-03,-1.775323541e-03,2.149075340e-02,4.184313130e-02,5.042027727e-02,4.485787722e-02,2.321249414e-02,4.902531339e-03,
1.191465146e-03,-1.707843031e-03,-1.100972803e-03,-1.461962231e-02,-4.200727065e-02,-6.659819669e-02,-5.872248243e-02,-2.687913322e-02,-5.024921045e-03,
1.589855771e-01
l,4.5,4.5
2.591,3.931,5.271,
1.724270945e-06,7.041831314e+00
9.038055316e-03,-4.033831626e-03,-2.968493049e-03,3.633561594e-02,6.302530097e-02,6.809849042e-02,6.035711414e-02,3.270102457e-02,7.213432973e-03,
1.970354290e-03,-2.824217645e-03,-1.861697331e-03,-2.441401461e-02,-7.001842105e-02,-1.110147726e-01,-9.778062017e-02,-4.476601950e-02,-8.387397329e-03,
1.590505248e-01
l,5.5,-5.5
2.871,4.271,5.691,
2.806369231e-10,8.939443151e+00
2.150980072e-05,-1.191376272e-05,-7.692461357e-06,6.254584231e-05,8.572619545e-05,8.259606909e-05,8.055477911e-05,4.694256539e-05,1.051618056e-05,
3.940518628e-06,-5.718374503e-06,-2.135971255e-06,-3.726800307e-05,-9.757488206e-05,-1.447810263e-04,-1.194407837e-04,-5.125997273e-05,-9.052822510e-06,
1.589889105e-01
l,5.5,-4.5
2.911,4.311,5.711,
3.437663860e-10,9.050823845e+00
3.506799112e-05,-1.824079870e-05,-1.296121002e-05,1.050742862e-04,1.470397083e-04,1.338729852e-04,1.222606427e-04,7.006346523e-05,1.570017814e-05,
6.707864440e-06,-9.738366866e-06,-4.048968499e-06,-6.618566513e-05,-1.756885645e-04,-2.636315324e-04,-2.204745284e-04,-9.597233525e-05,-1.717770259e-05,
1.589892872e-01
l,5.5,-3.5
2.971,4.351,5.751,
5.996876553e-10,8.855204752e+00
5.737979154e-05,-2.847720582e-05,-2.045852112e-05,1.968335215e-04,3.245216136e-04,3.467296361e-04,3.085729318e-04,1.643271236e-04,3.514129946e-05,
1.109145451e-05,-1.611581303e-05,-6.663480943e-06,-1.088759386e-04,-2.889885664e-04,-4.333961274e-04,-3.623960628e-04,-1.577051646e-04,-2.821880717e-05,
1.589887382e-01
l,5.5,-2.5
3.011,4.391,5.791,
1.009909565e-09,8.706496122e+00
9.420853894e-05,-4.464802384e-05,-3.560174600e-05,3.320230199e-04,5.510240912e-04,5.569146511e-04,4.687067348e-04,2.458516409e-04,5.278943746e-05,
1.834236652e-05,-2.667313996e-05,-1.208536265e-05,-1.859768825e-04,-4.941281256e-04,-7.404295093e-04,-6.186019247e-04,-2.689849759e-04,-4.809318093e-05,
1.590192993e-01
l,5.5,-1.5
3.051,4.451,5.851,
1.370041338e-09,8.770525942e+00
1.534207986e-04,-7.607635627e-05,-6.480057893e-05,4.636591747e-04,6.184238775e-04,4.230443266e-04,3.138288767e-04,1.859836907e-04,4.476853015e-05,
2.945590920e-05,-4.288585175e-05,-1.816275148e-05,-2.920865242e-04,-7.743389941e-04,-1.160322612e-03,-9.688817653e-04,-4.210922251e-04,-7.530920953e-05,
1.590193294e-01
l,5.5,-0.5
3.091,4.491,5.891,
2.368861271e-09,8.631963064e+00
2.528323967e-04,-1.214607394e-04,-1.091865959e-04,7.834797633e-04,1.119223406e-03,8.438825464e-04,6.190486040e-04,3.419710559e-04,7.887007278e-05,
4.869677624e-05,-7.095418089e-05,-3.046229286e-05,-4.865344680e-04,-1.289926275e-03,-1.932509846e-03,-1.613023385e-03,-7.003207584e-04,-1.250635719e-04,
1.590197338e-01
l,5.5,0.5
3.111,4.511,5.931,
3.096442951e-09,8.745564725e+00
4.218253889e-04,-1.848756575e-04,-2.107510899e-04,1.261102455e-03,1.833084787e-03,1.269906159e-03,8.181581964e-04,4.410135390e-04,1.038506041e-04,
8.050093618e-05,-1.173825777e-04,-4.538614324e-05,-7.688662065e-04,-2.012107816e-03,-2.975965327e-03,-2.448896928e-03,-1.045845912e-03,-1.835668673e-04,
1.590197472e-01
l,5.5,1.5
3.151,4.551,5.951,
5.096851480e-09,8.672532797e+00
7.015849114e-04,-3.162432291e-04,-3.374019217e-04,2.146451470e-03,2.911227560e-03,1.631183280e-03,8.409070664e-04,4.841844980e-04,1.270822940e-04,
1.370061620e-04,-1.998401577e-04,-8.578393332e-05,-1.360882785e-03,-3.606011073e-03,-5.394712283e-03,-4.499147168e-03,-1.951854308e-03,-3.483708056e-04,
1.590180439e-01
l,5.5,2.5
3.191,4.611,6.051,
7.277751032e-09,8.747527495e+00
1.163561014e-03,-5.740048042e-04,-5.927443348e-04,3.444561025e-03,4.333420795e-03,1.581715541e-03,9.048713190e-05,7.540322403e-05,5.532114960e-05,
2.075312305e-04,-3.032619616e-04,-1.167674563e-04,-1.971200852e-03,-5.078959665e-03,-7.419189706e-03,-6.005086494e-03,-2.524536340e-03,-4.378207632e-04,
1.590742333e-01
l,5.5,3.5
3.191,4.611,6.051,
9.173384141e-09,8.939233636e+00
1.957229106e-03,-7.684212343e-04,-1.113013989e-03,5.598364656e-03,9.552398185e-03,7.966416503e-03,4.988818281e-03,2.176809110e-03,4.304513279e-04,
3.634836342e-04,-5.310567394e-04,-1.723274663e-04,-3.328930850e-03,-8.580187908e-03,-1.253416339e-02,-1.014363319e-02,-4.234325697e-03,-7.243671199e-04,
1.590131542e-01
l,5.5,4.5
3.231,4.591,5.971,
2.111445642e-08,8.607712602e+00
3.354569897e-03,-1.082969346e-03,-1.526905328e-03,1.244169992e-02,2.549368224e-02,2.907765617e-02,2.328799366e-02,1.109567592e-02,2.221964228e-03,
7.156692962e-04,-1.043584533e-03,-5.871406747e-04,-8.423121149e-03,-2.360291126e-02,-3.652106432e-02,-3.131297760e-02,-1.386562766e-02,-2.500444971e-03,
1.590161687e-01
l,5.5,5.5
3.251,4.611,5.971,
4.070920451e-08,8.437219279e+00
5.760928150e-03,-1.973321491e-03,-2.414408641e-03,2.320548640e-02,4.475967913e-02,4.691007398e-02,3.574298974e-02,1.702128338e-02,3.476291918e-03,
1.253461560e-03,-1.826634877e-03,-1.225801178e-03,-1.592354312e-02,-4.515981065e-02,-7.064761998e-02,-6.134194796e-02,-2.759741601e-02,-5.067875786e-03,
1.590184509e-01
l,6.5,-6.5
3.471,4.871,6.291,
7.348737443e-13,1.114671597e+01
5.099770078e-06,-2.566810511e-06,-2.349048793e-06,1.488735083e-05,1.871780813e-05,9.975633517e-06,5.980568039e-06,3.898500360e-06,1.040016522e-06,
9.366890635e-07,-1.375000936e-06,-5.316924533e-07,-9.040521578e-06,-2.360805466e-05,-3.493032764e-05,-2.873510070e-05,-1.229164315e-05,-2.165651837e-06,
1.590179358e-01
l,6.5,-5.5
3.531,4.931,6.351,
1.309134590e-12,1.094544181e+01
8.201855053e-06,-4.051401017e-06,-3.794232660e-06,2.467145287e-05,3.388237053e-05,2.180410342e-05,1.354907542e-05,7.498752243e-06,1.808885072e-06,
1.503030626e-06,-2.208610694e-06,-8.693404313e-07,-1.466613920e-05,-3.829444016e-05,-5.666238507e-05,-4.658516962e-05,-1.989891465e-05,-3.499632090e-06,
1.590196360e-01
l,6.5,-4.5
3.571,4.991,6.411,
2.000335779e-12,1.087413063e+01
1.320015963e-05,-6.514899228e-06,-6.195078644e-06,3.864867478e-05,5.397064290e-05,3.645956940e-05,2.325361547e-05,1.239853289e-05,2.874288277e-06,
2.411561000e-06,-3.547190241e-06,-1.302848708e-06,-2.310935354e-05,-6.024651935e-05,-8.913200613e-05,-7.324529681e-05,-3.124153742e-05,-5.483722080e-06,
1.590202182e-01
l,6.5,-3.5
3.611,5.031,6.451,
2.331424074e-12,1.102149903e+01
2.150914952e-05,-9.943466497e-06,-1.065354614e-05,6.208066892e-05,8.962242177e-05,6.104015430e-05,3.667160605e-05,1.843604396e-05,4.166225752e-06,
3.984493664e-06,-5.864677230e-06,-2.132063859e-06,-3.812518665e-05,-9.945469681e-05,-1.471059419e-04,-1.209063274e-04,-5.151776351e-05,-9.021398058e-06,
1.590194898e-01
l,6.5,-2.5
3.671,5.071,6.471,
6.219450606e-12,1.054047112e+01
3.516851939e-05,-1.547885089e-05,-1.661751506e-05,1.093563558e-04,1.728004595e-04,1.419507521e-04,9.812841281e-05,4.865171557e-05,1.050260592e-05,
6.779862373e-06,-9.982329420e-06,-4.143223805e-06,-6.824236577e-05,-1.806731418e-04,-2.704709477e-04,-2.255770438e-04,-9.764923166e-05,-1.735823698e-05,
1.590183724e-01
l,6.5,-1.5
3.711,5.111,6.511,
1.084323405e-11,1.040031958e+01
5.774308011e-05,-2.464170026e-05,-2.841935018e-05,1.796085433e-04,2.817098018e-04,2.175406876e-04,1.398122616e-04,6.840550263e-05,1.501027944e-05,
1.120137613e-05,-1.650290187e-05,-6.904330250e-06,-1.127565323e-04,-2.984207865e-04,-4.463656730e-04,-3.720732562e-04,-1.609877278e-04,-2.860647952e-05,
1.590181771e-01
l,6.5,-0.5
3.751,5.151,6.551,
1.489425205e-11,1.045440393e+01
9.509435040e-05,-3.928331933e-05,-4.828937566e-05,2.989681876e-04,4.722830147e-04,3.444183146e-04,1.945960998e-04,8.807215896e-05,1.904903375e-05,
1.850576472e-05,-2.728154712e-05,-1.201139569e-05,-1.896802619e-04,-5.021086897e-04,-7.505420435e-04,-6.250864147e-04,-2.701961414e-04,-4.796498001e-05,
1.590189793e-01
l,6.5,0.5
3.771,5.191,6.611,
1.814389797e-11,1.060573967e+01
1.567441941e-04,-6.335259541e-05,-8.610046031e-05,4.660017499e-04,7.326531255e-04,5.032339248e-04,2.534972283e-04,1.068112833e-04,2.277757315e-05,
2.968296685e-05,-4.379980638e-05,-1.645424288e-05,-2.867339809e-04,-7.480290342e-04,-1.104557883e-03,-9.067232419e-04,-3.853849449e-04,-6.724416735e-05,
1.590188737e-01
l,6.5,1.5
3.811,5.211,6.611,
4.442698396e-11,1.023945267e+01
2.607817005e-04,-9.498094110e-05,-1.375559246e-04,8.217838739e-04,1.415362119e-03,1.191457515e-03,7.595272554e-04,3.436282282e-04,7.077492286e-05,
5.201493779e-05,-7.675077947e-05,-3.305752448e-05,-5.299281567e-04,-1.405037083e-03,-2.100677403e-03,-1.751912869e-03,-7.571940023e-04,-1.341063958e-04,
1.590157132e-01
l,6.5,2.5
3.851,5.231,6.611,
1.004092657e-10,9.942015981e+00
4.398497986e-04,-1.580376058e-04,-2.046847110e-04,1.725875201e-03,3.105762023e-03,2.689233029e-03,1.650460592e-03,7.064697242e-04,1.417148194e-04,
9.112553634e-05,-1.344550081e-04,-8.770215635e-05,-1.146808673e-03,-3.206539607e-03,-4.949069948e-03,-4.231026193e-03,-1.873738231e-03,-3.391215419e-04,
1.589752765e-01
l,6.5,3.5
3.871,5.331,6.791,
8.188669790e-11,1.043386516e+01
7.204628200e-04,-3.412577334e-04,-4.150083280e-04,2.188215428e-03,2.886251116e-03,7.351712833e-04,-6.603765605e-04,-4.526424002e-04,-8.014971175e-05,
1.224910717e-04,-1.812204005e-04,-6.865725359e-05,-1.172811538e-03,-2.976582962e-03,-4.288897211e-03,-3.413063545e-03,-1.408639945e-03,-2.402244523e-04,
1.591034350e-01
l,6.5,4.5
3.891,5.331,6.791,
1.325189197e-10,1.042367319e+01
1.208742033e-03,-4.478551713e-04,-7.682745428e-04,3.458952268e-03,6.211443868e-03,4.825918332e-03,2.361445255e-03,7.835994346e-04,1.316446902e-04,
2.145550665e-04,-3.173954484e-04,-9.872555385e-05,-1.959627479e-03,-4.963846642e-03,-7.142160763e-03,-5.669561020e-03,-2.314378373e-03,-3.873939534e-04,
1.590421746e-01
l,6.5,5.5
3.911,5.311,6.731,
2.457646812e-10,1.029985884e+01
2.060229890e-03,-5.852056600e-04,-1.278262845e-03,6.036826324e-03,1.209346478e-02,1.162777466e-02,7.578296360e-03,3.138451282e-03,5.828637029e-04,
4.107306754e-04,-6.069389964e-04,-2.161099236e-04,-3.924363358e-03,-1.025196396e-02,-1.512707215e-02,-1.241900738e-02,-5.249956915e-03,-9.055061385e-04,
1.590133177e-01
l,6.5,6.5
3.951,5.331,6.711,
6.601328823e-10,9.914252375e+00
3.512453055e-03,-1.071734223e-03,-1.721720744e-03,1.289079992e-02,2.656466580e-02,2.873817853e-02,2.128486261e-02,9.552828850e-03,1.842859056e-03,
7.411564232e-04,-1.094508091e-03,-6.186237840e-04,-8.888095675e-03,-2.485206404e-02,-3.841491559e-02,-3.289987423e-02,-1.454118787e-02,-2.616520156e-03,
1.590171482e-01
l,7.5,-7.5
4.111,5.491,6.891,
1.431730371e-15,1.321836882e+01
1.161584009e-06,-5.339332422e-07,-4.968579138e-07,3.941538343e-06,6.905363964e-06,7.113506043e-06,5.741394043e-06,2.867900638e-06,5.954500693e-07,
2.205853080e-07,-3.268586870e-07,-1.243153858e-07,-2.180107933e-06,-5.760615732e-06,-8.625682113e-06,-7.197038567e-06,-3.116851254e-06,-5.543901171e-07,
1.590135590e-01
l,7.5,-6.5
4.151,5.531,6.931,
2.026544526e-15,1.318774292e+01
1.884978019e-06,-7.938026709e-07,-8.667114023e-07,6.576633444e-06,1.158121401e-05,1.104153230e-05,8.102168173e-06,3.882546475e-06,8.018879452e-07,
3.643105870e-07,-5.401328283e-07,-2.244518242e-07,-3.691071525e-06,-9.768283403e-06,-1.461213107e-05,-1.218645699e-05,-5.276003792e-06,-9.380366111e-07,
1.590155163e-01
l,7.5,-5.5
4.211,5.591,6.991,
4.717389936e-15,1.282585437e+01
3.038723889e-06,-1.292761673e-06,-1.446864281e-06,1.061058004e-05,1.837360962e-05,1.650056682e-05,1.136775005e-05,5.329151808e-06,1.104353160e-06,
5.840747265e-07,-8.666817895e-07,-3.648480328e-07,-5.933052908e-06,-1.567608996e-05,-2.342082600e-05,-1.949986626e-05,-8.430557359e-06,-1.498179612e-06,
1.590183556e-01
l,7.5,-4.5
4.251,5.651,7.051,
6.003672958e-15,1.289450520e+01
4.904902198e-06,-2.095850372e-06,-2.527854132e-06,1.568107946e-05,2.442412336e-05,1.649760551e-05,8.023013237e-06,3.368516072e-06,7.390520427e-07,
9.363288066e-07,-1.390514743e-06,-6.045812654e-07,-9.643997259e-06,-2.547025089e-05,-3.804749785e-05,-3.164824858e-05,-1.366762030e-05,-2.426966320e-06,
1.590195066e-01
l,7.5,-3.5
4.291,5.711,7.131,
9.755809794e-15,1.280274705e+01
7.920827557e-06,-3.445733606e-06,-4.329159263e-06,2.386326768e-05,3.652134721e-05,2.310213973e-05,9.929022728e-06,3.887148010e-06,8.594478456e-07,
1.457213548e-06,-2.166383017e-06,-8.096307345e-07,-1.421704173e-05,-3.697669064e-05,-5.455293924e-05,-4.469324044e-05,-1.897029106e-05,-3.311420012e-06,
1.590490832e-01
l,7.5,-2.5
4.331,5.751,7.171,
1.335183661e-14,1.283442842e+01
1.292245997e-05,-5.216460122e-06,-7.220581902e-06,3.936179922e-05,6.503641415e-05,4.735781727e-05,2.363633431e-05,9.040161463e-06,1.776335697e-06,
2.406148470e-06,-3.579006771e-06,-1.406678685e-06,-2.395008760e-05,-6.237992460e-05,-9.202287532e-05,-7.538590095e-05,-3.195390141e-05,-5.560869964e-06,
1.590467819e-01
l,7.5,-1.5
4.371,5.791,7.211,
2.348762887e-14,1.270106112e+01
2.113578921e-05,-8.148958393e-06,-1.195931330e-05,6.404761388e-05,1.087052914e-04,8.296832339e-05,4.379690243e-05,1.705068078e-05,3.295602604e-06,
3.972940506e-06,-5.912583847e-06,-2.276746681e-06,-3.932095754e-05,-1.024709965e-04,-1.511989641e-04,-1.239519057e-04,-5.254068149e-05,-9.134449782e-06,
1.590460045e-01
l,7.5,-0.5
4.411,5.831,7.251,
5.550615249e-14,1.237800211e+01
3.471910895e-05,-1.310273739e-05,-2.023016941e-05,1.040476158e-04,1.764497187e-04,1.321122553e-04,6.819839408e-05,2.663354570e-05,5.259009541e-06,
6.558552192e-06,-9.765519778e-06,-3.548751651e-06,-6.352347692e-05,-1.653294318e-04,-2.437961961e-04,-1.998125607e-04,-8.465577610e-05,-1.471085204e-05,
1.590159395e-01
l,7.5,0.5
4.451,5.871,7.291,
9.677355017e-14,1.227326941e+01
5.725165829e-05,-2.100171626e-05,-3.355403164e-05,1.765995254e-04,3.062915816e-04,2.296456558e-04,1.114020693e-04,3.934981922e-05,7.279808382e-06,
1.083071087e-05,-1.613478726e-05,-6.477947882e-06,-1.085061110e-04,-2.827714535e-04,-4.168131070e-04,-3.413602770e-04,-1.445433729e-04,-2.510448696e-05,
1.590469913e-01
l,7.5,1.5
4.471,5.911,7.351,
1.126880572e-13,1.244639221e+01
9.433215018e-05,-3.312082594e-05,-5.822263963e-05,2.785297449e-04,5.106763444e-04,4.161109413e-04,2.188041907e-04,7.733286850e-05,1.336324477e-05,
1.735572717e-05,-2.587454508e-05,-9.331536025e-06,-1.678181394e-04,-4.312672115e-04,-6.280250866e-04,-5.065116289e-04,-2.104409163e-04,-3.580684941e-05,
1.590409009e-01
l,7.5,2.5
4.511,5.911,7.311,
3.736889034e-13,1.191754213e+01
1.566404972e-04,-4.390962157e-05,-8.845214372e-05,4.593856788e-04,9.008017235e-04,9.005586453e-04,6.422397831e-04,2.893068384e-04,5.665157061e-05,
3.227336192e-05,-4.808959517e-05,-1.790212867e-05,-3.202783406e-04,-8.507492269e-04,-1.274311439e-03,-1.067538709e-03,-4.616991599e-04,-8.137273393e-05,
1.589954803e-01
l,7.5,3.5
4.551,5.931,7.331,
8.098389259e-13,1.167821588e+01
2.679381869e-04,-8.048657370e-05,-1.473328093e-04,1.050403259e-03,1.985047935e-03,1.637917281e-03,8.404872676e-04,2.933521814e-04,5.251295113e-05,
5.488886143e-05,-8.180704707e-05,-4.284901073e-05,-5.930197255e-04,-1.572173056e-03,-2.339292997e-03,-1.944679962e-03,-8.402677620e-04,-1.491663629e-04,
1.589787754e-01
l,7.5,4.5
4.571,6.011,7.471,
8.551736423e-13,1.195426031e+01
4.427316017e-04,-1.617960228e-04,-2.971783934e-04,1.426611478e-03,2.405621106e-03,1.321433216e-03,1.110986860e-04,-1.397762538e-04,-3.679165417e-05,
7.809905424e-05,-1.165970763e-04,-4.449361395e-05,-7.531260250e-04,-1.907720730e-03,-2.736550095e-03,-2.168832927e-03,-8.883789287e-04,-1.499864183e-04,
1.590640899e-01
l,7.5,5.5
4.591,6.051,7.511,
1.569942561e-12,1.186754098e+01
7.342129247e-04,-2.600268541e-04,-4.905974396e-04,2.247010373e-03,4.181842412e-03,3.123027380e-03,1.247594881e-03,2.818589561e-04,3.178136955e-05,
1.289207209e-04,-1.925537428e-04,-6.738752266e-05,-1.228139936e-03,-3.105156389e-03,-4.454924139e-03,-3.523864908e-03,-1.434316177e-03,-2.398001317e-04,
1.590639694e-01
l,7.5,6.5
4.611,6.051,7.511,
2.516775056e-12,1.186287870e+01
1.238849945e-03,-3.579872686e-04,-8.633187062e-04,3.458023776e-03,7.112318132e-03,6.385846307e-03,3.519410048e-03,1.200284049e-03,1.914180973e-04,
2.258706980e-04,-3.373267098e-04,-1.018018985e-04,-2.069138165e-03,-5.235274560e-03,-7.517609566e-03,-5.957845630e-03,-2.417528302e-03,-4.003941119e-04,
1.590397228e-01
l,7.5,7.5
4.631,6.051,7.471,
5.337607257e-12,1.167358015e+01
2.107901033e-03,-5.369966692e-04,-1.373524851e-03,6.066187785e-03,1.267789887e-02,1.223524232e-02,7.630670223e-03,2.961311587e-03,5.197788415e-04,
4.200546522e-04,-6.269189976e-04,-2.201375832e-04,-4.050839828e-03,-1.056422954e-02,-1.557238098e-02,-1.277214711e-02,-5.384863525e-03,-9.249104713e-04,
1.590161766e-01
l,8.5,-8.5
4.731,6.131,7.551,
5.030769846e-19,1.615560287e+01
2.609835121e-07,-1.176700526e-07,-1.382096294e-07,8.073839470e-07,1.298762082e-06,9.768864493e-07,5.528015541e-07,2.412204770e-07,5.055210294e-08,
4.714151835e-08,-7.045127113e-08,-2.609398476e-08,-4.641531233e-07,-1.205654589e-06,-1.779339512e-06,-1.457019829e-06,-6.179011164e-07,-1.077850083e-07,
1.590384158e-01
l,8.5,-7.5
4.791,6.191,7.611,
9.787418936e-19,1.591936642e+01
4.168009866e-07,-1.845253782e-07,-2.256293862e-07,1.226405721e-06,1.974763856e-06,1.501674650e-06,8.676382615e-07,3.798227569e-07,7.859313281e-08,
7.552320434e-08,-1.129455046e-07,-3.925299405e-08,-7.322647811e-07,-1.900639028e-06,-2.805277304e-06,-2.297369710e-06,-9.730915552e-07,-1.693122070e-07,
1.590362373e-01
l,8.5,-6.5
4.831,6.231,7.651,
1.160764676e-18,1.600235878e+01
6.735015177e-07,-2.712363276e-07,-3.755690250e-07,1.986216963e-06,3.372271578e-06,2.753909173e-06,1.672881640e-06,7.267281513e-07,1.461289615e-07,
1.246641281e-07,-1.865217405e-07,-6.555000774e-08,-1.214059237e-06,-3.158120126e-06,-4.663301998e-06,-3.824840829e-06,-1.620860913e-06,-2.816052723e-07,
1.590391872e-01
l,8.5,-5.5
4.891,6.271,7.671,
5.690051176e-18,1.519910509e+01
1.092216053e-06,-4.049233368e-07,-5.569783648e-07,3.778634367e-06,7.328109866e-06,7.419535919e-06,5.292441633e-06,2.365162364e-06,4.605530159e-07,
2.119879877e-07,-3.172474035e-07,-1.287313422e-07,-2.169350160e-06,-5.730206304e-06,-8.562001993e-06,-7.129790446e-06,-3.072800612e-06,-5.425637832e-07,
1.590129665e-01
l,8.5,-4.5
4.931,6.331,7.731,
7.068451154e-18,1.527182717e+01
1.763710998e-06,-6.879416340e-07,-9.902809797e-07,5.293932682e-06,8.613584735e-06,6.134340360e-06,3.114266337e-06,1.282719560e-06,2.700596007e-07,
3.395825766e-07,-5.085406558e-07,-1.893951383e-07,-3.364997585e-06,-8.865082010e-06,-1.323440242e-05,-1.101146757e-05,-4.745049668e-06,-8.388631512e-07,
1.590147794e-01
l,8.5,-3.5
4.971,6.371,7.771,
1.384496944e-17,1.506987925e+01
2.879648036e-06,-1.034099703e-06,-1.647192626e-06,9.265607623e-06,1.622502775e-05,1.241686347e-05,6.215719984e-06,2.272344571e-06,4.310888677e-07,
5.604722775e-07,-8.397062296e-07,-3.582515590e-07,-5.799608016e-06,-1.530672209e-05,-2.283123631e-05,-1.897577600e-05,-8.168796473e-06,-1.442569762e-06,
1.590114843e-01
l,8.5,-2.5
5.011,6.431,7.851,
2.845904368e-17,1.484854363e+01
4.668309884e-06,-1.759133663e-06,-2.823240813e-06,1.424985841e-05,2.425081015e-05,1.702690136e-05,7.318487516e-06,2.368215894e-06,4.419554011e-07,
8.713388250e-07,-1.306592390e-06,-4.731885640e-07,-8.494144946e-06,-2.205401400e-05,-3.247114146e-05,-2.655853243e-05,-1.123029379e-05,-1.949775297e-06,
1.590372794e-01
l,8.5,-1.5
5.051,6.471,7.891,
4.424604675e-17,1.480706474e+01
7.632995221e-06,-2.661516103e-06,-4.676680141e-06,2.369613161e-05,4.298456833e-05,3.327418526e-05,1.576925060e-05,5.069584525e-06,8.524964089e-07,
1.438015237e-06,-2.157263979e-06,-8.568419421e-07,-1.449140460e-05,-3.769307105e-05,-5.549334059e-05,-4.537177822e-05,-1.915813718e-05,-3.316665756e-06,
1.590347061e-01
l,8.5,-0.5
5.091,6.511,7.931,
9.832073829e-17,1.454973139e+01
1.250091009e-05,-4.161627784e-06,-7.651916257e-06,3.893595189e-05,7.310362733e-05,6.061035489e-05,3.180181682e-05,1.109327180e-05,1.906709642e-06,
2.373225914e-06,-3.561750822e-06,-1.420305902e-06,-2.399577218e-05,-6.246875328e-05,-9.200146318e-05,-7.527217745e-05,-3.178399776e-05,-5.496570138e-06,
1.590360756e-01
l,8.5,0.5
5.131,6.551,7.971,
2.820947601e-16,1.414422635e+01
2.056830090e-05,-6.795750077e-06,-1.276501047e-05,6.373159358e-05,1.182612704e-04,9.488441803e-05,4.762076916e-05,1.620572392e-05,2.804707814e-06,
3.916501993e-06,-5.880378648e-06,-2.281994604e-06,-3.915265335e-05,-1.018724708e-04,-1.499686030e-04,-1.226981278e-04,-5.182298750e-05,-8.966683484e-06,
1.590354741e-01
l,8.5,1.5
5.171,6.591,8.031,
5.214861996e-16,1.402091373e+01
3.405840107e-05,-1.105691074e-05,-2.263164091e-05,1.066412472e-04,2.013150202e-04,1.538923257e-04,6.508720469e-05,1.676151566e-05,2.298554145e-06,
6.272627195e-06,-9.423811397e-06,-3.549323153e-06,-6.146654012e-05,-1.575669031e-04,-2.286625150e-04,-1.837895783e-04,-7.615708868e-05,-1.294758719e-05,
1.590536198e-01
l,8.5,2.5
5.191,6.671,8.171,
4.520278012e-16,1.437273745e+01
5.518984835e-05,-2.035441263e-05,-3.792030529e-05,1.541515624e-04,3.057224929e-04,2.623047174e-04,1.330283600e-04,4.029395471e-05,5.671331352e-06,
8.908028725e-06,-1.340213811e-05,-3.799667323e-06,-8.031639116e-05,-1.969142492e-04,-2.753663666e-04,-2.105076899e-04,-8.222603575e-05,-1.317339318e-05,
1.590923147e-01
l,8.5,3.5
5.231,6.591,7.971,
3.315890177e-15,1.339915884e+01
9.322426195e-05,-1.486968089e-05,-4.461282444e-05,3.417362352e-04,8.185792410e-04,1.018134880e-03,8.089712052e-04,3.672657031e-04,7.015647314e-05,
2.106154512e-05,-3.162210661e-05,-1.802006990e-05,-2.596946583e-04,-7.306412245e-04,-1.131913234e-03,-9.764334967e-04,-4.340176112e-04,-7.813239888e-05,
1.589190134e-01
l,8.5,4.5
5.271,6.651,8.051,
9.082010399e-15,1.304708328e+01
1.578275987e-04,-4.053639687e-05,-8.996630772e-05,5.850455276e-04,1.189859616e-03,1.115409159e-03,6.761052399e-04,2.643683207e-04,4.836845976e-05,
3.274174308e-05,-4.919926237e-05,-2.295282332e-05,-3.443958540e-04,-9.126583939e-04,-1.358621659e-03,-1.131482311e-03,-4.884540291e-04,-8.633896100e-05,
1.589788923e-01
l,8.5,5.5
5.291,6.711,8.151,
9.149209751e-15,1.332227490e+01
2.640344028e-04,-8.023503336e-05,-1.814523891e-04,8.580631524e-04,1.570174622e-03,1.033650173e-03,2.690060980e-04,1.083014301e-06,-7.529384660e-06,
4.938385092e-05,-7.428071358e-05,-2.921440985e-05,-4.860714887e-04,-1.247271000e-03,-1.808246800e-03,-1.454526864e-03,-6.044295299e-04,-1.031976261e-04,
1.590317402e-01
l,8.5,6.5
5.291,6.751,8.211,
1.275268433e-14,1.341092391e+01
4.414097930e-04,-1.306929023e-04,-3.139984781e-04,1.430668729e-03,2.869650081e-03,2.265356742e-03,9.160021243e-04,1.874409190e-04,1.558441988e-05,
7.908991300e-05,-1.190310977e-04,-4.620159142e-05,-7.793010130e-04,-1.971569403e-03,-2.821342588e-03,-2.228412407e-03,-9.056073692e-04,-1.510832963e-04,
1.590740402e-01
l,8.5,7.5
5.311,6.771,8.251,
2.312352940e-14,1.334230680e+01
7.407407975e-04,-1.919396692e-04,-5.570397964e-04,2.175369319e-03,4.753167059e-03,4.281189887e-03,2.176452947e-03,6.350942558e-04,8.478848507e-05,
1.304835399e-04,-1.964477999e-04,-6.365153149e-05,-1.218348064e-03,-3.036678258e-03,-4.290934442e-03,-3.333033845e-03,-1.322967857e-03,-2.145892565e-04,
1.590610020e-01
l,8.5,8.5
5.331,6.791,8.251,
3.955258423e-14,1.330576655e+01
1.246595988e-03,-3.133241329e-04,-9.102661357e-04,3.398161955e-03,7.442983692e-03,6.989624345e-03,3.908425419e-03,1.299658681e-03,1.971242329e-04,
2.286152685e-04,-3.441609316e-04,-1.024361229e-04,-2.109868601e-03,-5.329809626e-03,-7.642704308e-03,-6.047052303e-03,-2.443431103e-03,-4.019916260e-04,
1.590402570e-01
