l,0.5,-0.5
0.191,1.471,2.771,
5.064714687e-02,2.107869635e+00
7.513160817e-03,-6.805060585e-03,3.669671907e-03,2.620927739e-02,6.206905508e-02,1.094437196e-01,1.045303639e-01,5.434161408e-02,1.247493732e-02,
1.372459874e-03,-2.144048210e-03,-1.079939225e-03,-1.753549022e-02,-5.124851041e-02,-8.374588966e-02,-7.620326310e-02,-3.623738443e-02,-7.046971170e-03,
1.587859612e-01
l,0.5,0.5
0.211,0.491,0.811,
3.789295756e-01,2.651617570e+00
2.583274990e-02,6.825575861e-02,1.424326095e+00,3.729951246e+01,4.580311669e+02,3.136012485e+03,1.211648153e+04,2.464772470e+04,2.052115197e+04,
3.120488820e-02,-7.165850446e-03,-9.955636460e-01,-2.792404500e+01,-3.600606091e+02,-2.451772288e+03,-9.182115870e+03,-1.786842554e+04,-1.411836403e+04,
1.591436551e-01
l,1.5,-1.5
0.451,1.791,3.131,
7.300227967e-03,3.380263343e+00
2.135385061e-03,-2.203465983e-03,1.120499296e-03,4.987376196e-03,6.837910240e-03,7.102293023e-03,-7.147913125e-04,-4.027963327e-03,-1.257933445e-03,
3.335779160e-04,-5.365295455e-04,-2.415241533e-04,-4.257030923e-03,-1.207025616e-02,-1.927600518e-02,-1.705807028e-02,-7.882902103e-03,-1.489906789e-03,
1.585386722e-01
l,1.5,-0.5
0.511,1.651,2.811,
1.482552315e-02,3.717604253e+00
6.018312182e-03,-5.442679202e-03,2.562467480e-03,2.785340899e-02,6.118425471e-02,1.054009122e-01,8.172351411e-02,1.942725014e-02,-1.483282542e-03,
1.290185203e-03,-2.022719573e-03,-1.305028747e-03,-2.038742851e-02,-6.649911244e-02,-1.208207369e-01,-1.225073982e-01,-6.503115446e-02,-1.414083111e-02,
1.589100854e-01
l,1.5,0.5
0.511,1.831,3.171,
2.935855042e-02,3.654928549e+00
1.082448009e-02,-1.128056257e-02,5.344687922e-03,1.991752929e-02,1.018730712e-02,-2.185083992e-02,-7.912093426e-02,-6.831615088e-02,-1.775791372e-02,
1.684149474e-03,-2.706887023e-03,-1.098270144e-03,-2.073419691e-02,-5.871723188e-02,-9.382186460e-02,-8.304702641e-02,-3.838698064e-02,-7.257538487e-03,
1.585697150e-01
l,1.5,1.5
0.511,0.971,1.451,
1.439076664e-01,4.277651904e+00
4.564011842e-02,5.610696139e-02,7.276659984e-01,1.377942900e+01,1.078798180e+02,4.675045552e+02,1.141335531e+03,1.460891400e+03,7.620037160e+02,
4.094867992e-02,-3.676475753e-02,-5.823421170e-01,-1.093479017e+01,-9.383959353e+01,-4.249565287e+02,-1.059844057e+03,-1.373928582e+03,-7.232727094e+02,
1.591436818e-01
l,2.5,-2.5
0.751,2.091,3.451,
6.581200966e-04,5.398117764e+00
6.030097138e-04,-6.590599721e-04,3.173298277e-04,1.339370905e-03,1.544023004e-03,1.278219162e-03,-1.691984626e-03,-2.630573844e-03,-8.427391394e-04,
8.536670716e-05,-1.399176912e-04,-5.541266115e-05,-1.079749800e-03,-3.008391974e-03,-4.755372299e-03,-4.151274692e-03,-1.891213715e-03,-3.526043764e-04,
1.584766851e-01
l,2.5,-1.5
0.831,2.011,3.211,
7.901047944e-04,5.326083094e+00
1.543581020e-03,-1.446146841e-03,7.953579555e-04,9.049944868e-03,2.349226784e-02,4.769696363e-02,4.979498764e-02,2.375810608e-02,4.159771256e-03,
2.937778369e-04,-4.749068751e-04,-3.576715693e-04,-5.316212456e-03,-1.714773544e-02,-3.062114036e-02,-3.030759749e-02,-1.564884159e-02,-3.303334229e-03,
1.588478829e-01
l,2.5,-0.5
0.871,2.191,3.531,
1.322339070e-03,5.856656319e+00
2.807871904e-03,-3.073524923e-03,1.548315343e-03,9.582625405e-03,2.093199144e-02,4.013451693e-02,3.246550658e-02,8.889119587e-03,7.447068480e-05,
4.037846512e-04,-6.640212148e-04,-2.399157703e-04,-5.045038031e-03,-1.419255929e-02,-2.272786376e-02,-2.012770907e-02,-9.317846541e-03,-1.768773360e-03,
1.584459472e-01
l,2.5,0.5
0.911,2.091,3.271,
2.420372725e-03,5.291222062e+00
7.367447019e-03,-6.919342930e-03,3.603707534e-03,4.366706297e-02,1.155681362e-01,2.410824424e-01,2.608130656e-01,1.303734135e-01,2.430890505e-02,
1.435827594e-03,-2.323232080e-03,-1.576663931e-03,-2.497768706e-02,-8.138865925e-02,-1.473105381e-01,-1.480195432e-01,-7.766310310e-02,-1.667444860e-02,
1.588479613e-01
l,2.5,1.5
0.891,2.191,3.511,
6.525531688e-03,5.902427682e+00
1.478212979e-02,-1.585634071e-02,8.080811181e-03,4.639656288e-02,8.607566222e-02,1.401883293e-01,7.283665237e-02,-1.514891332e-02,-1.419264527e-02,
2.244762915e-03,-3.673524776e-03,-1.559893095e-03,-2.933231646e-02,-8.380052331e-02,-1.356586179e-01,-1.217201360e-01,-5.712730209e-02,-1.099107260e-02,
1.584140304e-01
l,2.5,2.5
0.871,1.431,2.031,
2.179916546e-02,5.493732853e+00
6.109913066e-02,5.443980160e-02,4.543487957e-01,7.848253828e+00,4.915135790e+01,1.713811186e+02,3.423070406e+02,3.621687321e+02,1.569540418e+02,
4.544289722e-02,-5.296390946e-02,-4.045727749e-01,-6.039232767e+00,-4.054291223e+01,-1.446391215e+02,-2.864202619e+02,-2.961194735e+02,-1.246685679e+02,
1.591437023e-01
l,3.5,-3.5
1.071,2.371,3.691,
2.080038481e-05,7.798034523e+00
1.694857056e-04,-1.864001016e-04,9.676723711e-05,6.135337495e-04,1.350874029e-03,2.587879645e-03,2.154743114e-03,6.504691258e-04,2.936647139e-05,
2.472667773e-05,-4.099882846e-05,-1.682494435e-05,-3.281713426e-04,-9.344410970e-04,-1.514290810e-03,-1.359150534e-03,-6.382832525e-04,-1.229835032e-04,
1.584147511e-01
l,3.5,-2.5
1.171,2.391,3.611,
2.344205244e-05,7.038418585e+00
3.796239034e-04,-3.799920005e-04,1.754299581e-04,2.094602543e-03,5.436566775e-03,1.179114863e-02,1.326746713e-02,6.911870878e-03,1.355453502e-03,
6.575938303e-05,-1.086304809e-04,-6.576604807e-05,-1.111419217e-03,-3.515965945e-03,-6.201382073e-03,-6.045263269e-03,-3.071765279e-03,-6.386250741e-04,
1.588477703e-01
l,3.5,-1.5
1.251,2.531,3.831,
3.035398706e-05,7.135152456e+00
7.191288751e-04,-7.769171511e-04,3.365508892e-04,3.169486811e-03,8.020321393e-03,1.795478555e-02,1.961679739e-02,9.607409346e-03,1.735283888e-03,
1.058039313e-04,-1.764520790e-04,-5.935103819e-05,-1.360069340e-03,-3.895960757e-03,-6.394715925e-03,-5.816576761e-03,-2.770260883e-03,-5.427259409e-04,
1.585076035e-01
l,3.5,-0.5
1.291,2.511,3.731,
5.856052634e-05,6.417741118e+00
1.671212027e-03,-1.598566499e-03,5.540979303e-04,9.491652712e-03,2.448996057e-02,5.473029636e-02,6.599573095e-02,3.729323414e-02,7.981189010e-03,
2.908269013e-04,-4.828075972e-04,-2.749536468e-04,-4.831398766e-03,-1.526345380e-02,-2.691083243e-02,-2.622901446e-02,-1.332136109e-02,-2.769909541e-03,
1.588169423e-01
l,3.5,0.5
1.311,2.611,3.911,
1.096464852e-04,6.554148164e+00
3.382808995e-03,-3.582966448e-03,1.501372415e-03,1.611535908e-02,4.196660045e-02,9.494821671e-02,1.078918455e-01,5.607583254e-02,1.094034452e-02,
4.992951208e-04,-8.347458089e-04,-3.113526252e-04,-6.641817668e-03,-1.906544206e-02,-3.129507912e-02,-2.847428661e-02,-1.356408559e-02,-2.658212343e-03,
1.584768212e-01
l,3.5,1.5
1.331,2.511,3.711,
2.873255679e-04,6.116606181e+00
8.753471076e-03,-7.814850161e-03,2.458351704e-03,5.384734432e-02,1.410109617e-01,3.120149734e-01,3.833826995e-01,2.237087832e-01,4.969818071e-02,
1.619007788e-03,-2.678360462e-03,-1.708759982e-03,-2.817494103e-02,-9.038387663e-02,-1.613300380e-01,-1.595941991e-01,-8.232379609e-02,-1.738709537e-02,
1.587849508e-01
l,3.5,2.5
1.291,2.591,3.911,
6.389727393e-04,6.990354813e+00
1.849308982e-02,-1.990260798e-02,9.461472104e-03,8.329215642e-02,2.174330041e-01,4.765275019e-01,5.051042648e-01,2.398341573e-01,4.188037206e-02,
2.685629305e-03,-4.471688270e-03,-1.708044605e-03,-3.498810977e-02,-9.935341046e-02,-1.609759854e-01,-1.444037434e-01,-6.778735583e-02,-1.307591023e-02,
1.584632621e-01
l,3.5,3.5
1.271,1.931,2.611,
2.594988584e-03,6.641360412e+00
7.473915815e-02,3.951816331e-02,3.493019674e-01,6.199568620e+00,3.482548751e+01,1.067913053e+02,1.851192332e+02,1.683328840e+02,6.227266776e+01,
4.589306632e-02,-6.117709679e-02,-3.378007075e-01,-4.957421585e+00,-3.060964323e+01,-9.886414724e+01,-1.750956358e+02,-1.604759893e+02,-5.954705996e+01,
1.591436509e-01
l,4.5,-4.5
1.431,2.711,3.991,
2.402093048e-07,1.032938929e+01
4.337996143e-05,-4.881155820e-05,2.465174411e-05,1.662098886e-04,3.837636515e-04,7.903453938e-04,7.331971187e-04,2.734132816e-04,2.942724478e-05,
6.451301135e-06,-1.082856163e-05,-3.940885167e-06,-8.654164756e-05,-2.508633274e-04,-4.167118889e-04,-3.842263649e-04,-1.856459858e-04,-3.686214360e-05,
1.584143989e-01
l,4.5,-3.5
1.531,2.731,3.931,
3.565367146e-07,9.084559588e+00
9.492284880e-05,-9.383943437e-05,3.658151470e-05,5.547970949e-04,1.463382264e-03,3.334676129e-03,4.054463423e-03,2.307936215e-03,4.981665186e-04,
1.661409689e-05,-2.782283188e-05,-1.559371530e-05,-2.805352556e-04,-8.955578084e-04,-1.600121662e-03,-1.582978266e-03,-8.171013828e-04,-1.728094250e-04,
1.587856732e-01
l,4.5,-2.5
1.631,2.851,4.091,
6.027965561e-07,8.342809457e+00
1.830242982e-04,-1.855594697e-04,6.419655680e-05,9.963889100e-04,2.499237596e-03,5.760513200e-03,7.122238220e-03,4.095589999e-03,8.891238583e-04,
2.946945354e-05,-4.964320990e-05,-2.695157134e-05,-4.899069391e-04,-1.525089061e-03,-2.656756970e-03,-2.551864611e-03,-1.276846479e-03,-2.616743877e-04,
1.586004736e-01
l,4.5,-1.5
1.691,2.891,4.111,
1.119331152e-06,7.859146355e+00
3.901759919e-04,-3.614011259e-04,6.210341485e-05,2.185539191e-03,5.086965405e-03,1.124805042e-02,1.448859840e-02,8.824458842e-03,2.030353721e-03,
6.630061137e-05,-1.117593570e-04,-6.362465014e-05,-1.130401546e-03,-3.560311186e-03,-6.273365740e-03,-6.107480233e-03,-3.097663390e-03,-6.440871595e-04,
1.588477908e-01
l,4.5,-0.5
1.731,2.971,4.231,
2.162231925e-06,7.611521253e+00
8.001913084e-04,-7.685388544e-04,1.080459128e-04,3.943853277e-03,8.757216001e-03,1.989217501e-02,2.576425498e-02,1.547612004e-02,3.480811407e-03,
1.255727120e-04,-2.125167311e-04,-7.259527443e-05,-1.691627415e-03,-4.951337298e-03,-8.322801956e-03,-7.778594667e-03,-3.808624383e-03,-7.697739385e-04,
1.586005701e-01
l,4.5,0.5
1.771,2.991,4.211,
5.468756334e-06,7.155678083e+00
1.779714017e-03,-1.632106453e-03,2.388546685e-04,9.659818012e-03,2.129539289e-02,4.566920836e-02,5.864660500e-02,3.568424912e-02,8.184443902e-03,
3.021943025e-04,-5.109340577e-04,-2.991922712e-04,-5.237401474e-03,-1.650324940e-02,-2.907639172e-02,-2.830629456e-02,-1.435367346e-02,-2.983435953e-03,
1.588479613e-01
l,4.5,1.5
1.771,3.051,4.351,
1.306835015e-05,7.020321598e+00
3.815958044e-03,-3.802581876e-03,6.475571768e-04,1.688096629e-02,3.738304652e-02,8.658141137e-02,1.097040018e-01,6.366451934e-02,1.379984362e-02,
5.525999636e-04,-9.381568473e-04,-2.921395633e-04,-7.230792012e-03,-2.062999023e-02,-3.385500851e-02,-3.076839051e-02,-1.462441817e-02,-2.866319844e-03,
1.585675000e-01
l,4.5,2.5
1.751,2.951,4.151,
3.868849661e-05,6.735576523e+00
9.854880162e-03,-8.368390583e-03,8.273464021e-04,5.680763285e-02,1.284811781e-01,2.726554042e-01,3.539037308e-01,2.199266870e-01,5.164881489e-02,
1.800461904e-03,-3.030025829e-03,-1.898383027e-03,-3.170875391e-02,-1.013781493e-01,-1.807035208e-01,-1.785396009e-01,-9.196817582e-02,-1.941788073e-02,
1.587720530e-01
l,4.5,3.5
1.711,3.031,4.351,
8.486496180e-05,7.306112411e+00
2.136814967e-02,-2.309806855e-02,8.686063997e-03,9.678251743e-02,2.453179945e-01,5.724278354e-01,6.713556302e-01,3.585382121e-01,7.174388006e-02,
2.972051976e-03,-5.025584123e-03,-1.599812525e-03,-3.812889392e-02,-1.076388661e-01,-1.746266184e-01,-1.566639099e-01,-7.356398632e-02,-1.422447627e-02,
1.585349555e-01
l,4.5,4.5
1.671,2.391,3.151,
2.739877556e-04,7.631404967e+00
8.479350060e-02,4.090314424e-02,2.105605755e-01,4.095401723e+00,2.018169701e+01,5.436062121e+01,8.459343903e+01,7.016567886e+01,2.389365618e+01,
4.632767470e-02,-6.641129957e-02,-2.462609733e-01,-3.199478659e+00,-1.697316606e+01,-4.780308974e+01,-7.481428813e+01,-6.103419879e+01,-2.025190188e+01,
1.591437296e-01
l,5.5,-5.5
1.791,3.031,4.291,
1.311507596e-09,1.282781101e+01
1.115929990e-05,-1.246131425e-05,5.936539800e-06,5.361768833e-05,1.379735073e-04,3.122698105e-04,3.491247832e-04,1.771874579e-04,3.356669264e-05,
1.674929103e-06,-2.840748357e-06,-1.092074560e-06,-2.336959305e-05,-6.842298382e-05,-1.150724986e-04,-1.075356652e-04,-5.273465517e-05,-1.065294752e-05,
1.585377624e-01
l,5.5,-4.5
1.911,3.111,4.311,
2.090044265e-09,1.174941463e+01
2.244893039e-05,-2.286319155e-05,7.914906091e-06,1.267775940e-04,3.180786981e-04,7.215086364e-04,8.884501738e-04,5.129197991e-04,1.122762385e-04,
3.769094655e-06,-6.396591808e-06,-3.423849589e-06,-6.434866614e-05,-2.046711090e-04,-3.658609033e-04,-3.617232655e-04,-1.865850359e-04,-3.946708649e-05,
1.588473699e-01
l,5.5,-3.5
2.011,3.211,4.411,
3.769860258e-09,1.095831556e+01
4.365701170e-05,-4.269125187e-05,1.128397386e-05,2.493249256e-04,6.058644817e-04,1.364583095e-03,1.729742713e-03,1.033738280e-03,2.339516790e-04,
7.381113901e-06,-1.256535223e-05,-6.906665080e-06,-1.282522781e-04,-4.083192353e-04,-7.297140252e-04,-7.214040242e-04,-3.719269516e-04,-7.863793597e-05,
1.586924892e-01
l,5.5,-2.5
2.091,3.271,4.451,
8.630775370e-09,1.016077017e+01
8.964099106e-05,-8.055780677e-05,7.999167637e-06,5.127260054e-04,1.117302279e-03,2.385158091e-03,3.154801167e-03,1.994024232e-03,4.756586427e-04,
1.603543604e-05,-2.733046472e-05,-1.607139737e-05,-2.868724972e-04,-9.252838891e-04,-1.673461101e-03,-1.678513109e-03,-8.784665469e-04,-1.886892466e-04,
1.588477489e-01
l,5.5,-1.5
2.151,3.351,4.551,
2.127926026e-08,9.513955429e+00
1.820995967e-04,-1.631632784e-04,4.097040454e-06,9.871471934e-04,1.991119015e-03,4.129277624e-03,5.549963040e-03,3.559537981e-03,8.562309912e-04,
3.138572541e-05,-5.364686349e-05,-3.025061921e-05,-5.497528229e-04,-1.748358043e-03,-3.119097279e-03,-3.079549576e-03,-1.585015835e-03,-3.348756057e-04,
1.587232576e-01
l,5.5,-0.5
2.191,3.391,4.611,
4.933055681e-08,9.136101906e+00
3.890620137e-04,-3.272013138e-04,-4.991477689e-05,1.993531386e-03,3.605239328e-03,6.743353766e-03,9.154832875e-03,6.031493310e-03,1.483413084e-03,
6.585740061e-05,-1.127508648e-04,-6.076858498e-05,-1.126671124e-03,-3.535944104e-03,-6.221551698e-03,-6.046962038e-03,-3.058224746e-03,-6.347543122e-04,
1.588479001e-01
l,5.5,0.5
2.231,3.451,4.671,
1.605807955e-07,8.492365771e+00
8.248421946e-04,-7.249229098e-04,-3.904900851e-05,4.167038690e-03,7.645768633e-03,1.491635786e-02,2.010863133e-02,1.296984723e-02,3.119215209e-03,
1.379163301e-04,-2.364776532e-04,-1.281221459e-04,-2.373052667e-03,-7.449790564e-03,-1.311487391e-02,-1.275336830e-02,-6.456267251e-03,-1.341124318e-03,
1.586924270e-01
l,5.5,1.5
2.231,3.471,4.711,
4.220810926e-07,8.247984560e+00
1.851542969e-03,-1.609211204e-03,-2.055765502e-04,8.880660144e-03,1.465736561e-02,2.594582285e-02,3.483417853e-02,2.261198734e-02,5.443262590e-03,
2.994088133e-04,-5.138006798e-04,-2.793926863e-04,-5.114177797e-03,-1.584450077e-02,-2.752143862e-02,-2.634413934e-02,-1.311323889e-02,-2.678670869e-03,
1.588457424e-01
l,5.5,2.5
2.231,3.471,4.731,
1.166410189e-06,8.084276149e+00
4.236406181e-03,-3.649371659e-03,-4.004633153e-04,1.956283492e-02,3.788479220e-02,7.611076610e-02,9.963123930e-02,6.190721272e-02,1.437616258e-02,
6.704350135e-04,-1.150463274e-03,-3.431496843e-04,-9.008362581e-03,-2.630801976e-02,-4.416649320e-02,-4.123386803e-02,-2.010927557e-02,-4.046325402e-03,
1.585139000e-01
l,5.5,3.5
2.191,3.411,4.651,
4.772699904e-06,7.543059885e+00
1.065902039e-02,-8.824537383e-03,-1.399201072e-03,5.252752175e-02,9.218293744e-02,1.742716472e-01,2.405727319e-01,1.590845388e-01,3.898149625e-02,
1.787556129e-03,-3.055676281e-03,-1.655695341e-03,-2.998229731e-02,-9.308445387e-02,-1.615606148e-01,-1.547793937e-01,-7.712404232e-02,-1.576050298e-02,
1.588131226e-01
l,5.5,4.5
2.131,3.431,4.751,
1.622842724e-05,7.434221321e+00
2.503141016e-02,-2.482078847e-02,2.008046221e-03,1.004591850e-01,1.884881735e-01,4.448812673e-01,6.005831891e-01,3.637182554e-01,8.107635013e-02,
3.484447608e-03,-5.957309200e-03,-1.745287255e-03,-4.475793567e-02,-1.259181844e-01,-2.040701836e-01,-1.828388365e-01,-8.567029608e-02,-1.657262684e-02,
1.585374026e-01
l,5.5,5.5
2.091,2.871,3.691,
2.520800766e-05,8.666800961e+00
9.317979962e-02,3.587548573e-02,1.745830958e-01,3.664678769e+00,1.717327255e+01,4.331140920e+01,6.263795131e+01,4.808734199e+01,1.511967932e+01,
4.524267175e-02,-6.829742636e-02,-2.231692466e-01,-2.897914260e+00,-1.458996636e+01,-3.868612076e+01,-5.658392585e+01,-4.289958713e+01,-1.318022103e+01,
1.591437145e-01
l,6.5,-6.5
2.171,3.371,4.571,
1.758176911e-12,1.634810575e+01
2.740882110e-06,-3.004975763e-06,1.542188580e-06,1.527561878e-05,4.054950044e-05,9.241265346e-05,1.074860433e-04,5.786428489e-05,1.177837813e-05,
4.474428525e-07,-7.652704262e-07,-4.235358283e-07,-7.844392797e-06,-2.497944640e-05,-4.470165940e-05,-4.424678160e-05,-2.286539678e-05,-4.841002913e-06,
1.585381483e-01
l,6.5,-5.5
2.311,3.451,4.611,
7.139912846e-12,1.423198577e+01
5.439047072e-06,-5.346454742e-06,1.559686746e-06,3.350419094e-05,8.326904524e-05,1.917245621e-04,2.503572267e-04,1.551255121e-04,3.656376456e-05,
9.723349725e-07,-1.664847854e-06,-9.668987448e-07,-1.754554958e-05,-5.720239787e-05,-1.049198533e-04,-1.068837651e-04,-5.693016786e-05,-1.245443593e-05,
1.587849218e-01
l,6.5,-4.5
2.411,3.571,4.751,
9.213809312e-12,1.389035378e+01
1.029651958e-05,-9.813422580e-06,1.415801026e-06,5.897418848e-05,1.281877624e-04,2.801621761e-04,3.741535697e-04,2.377546041e-04,5.705150422e-05,
1.776823898e-06,-3.053658562e-06,-1.743439936e-06,-3.188021833e-05,-1.025402648e-04,-1.855421824e-04,-1.860375692e-04,-9.739218047e-05,-2.094540049e-05,
1.587845819e-01
l,6.5,-3.5
2.511,3.671,4.851,
3.057612322e-11,1.273332173e+01
2.006525028e-05,-1.829757261e-05,6.282850235e-07,1.139322759e-04,2.404759867e-04,5.002773017e-04,6.681675898e-04,4.309095882e-04,1.051533480e-04,
3.478433552e-06,-5.993131771e-06,-3.295630629e-06,-6.193595332e-05,-1.989556691e-04,-3.597621676e-04,-3.603938946e-04,-1.883243564e-04,-4.043150727e-05,
1.589097972e-01
l,6.5,-2.5
2.571,3.751,4.931,
4.791612477e-11,1.256988101e+01
4.016263119e-05,-3.503987256e-05,-2.655792839e-06,2.160381686e-04,4.163671358e-04,8.084502074e-04,1.083429043e-03,7.061445966e-04,1.731685606e-04,
7.036203289e-06,-1.214642660e-05,-6.382130568e-06,-1.235694092e-04,-3.967798671e-04,-7.172641550e-04,-7.184994748e-04,-3.751591492e-04,-8.046017532e-05,
1.588167761e-01
l,6.5,-1.5
2.631,3.811,4.991,
1.725200493e-10,1.168640040e+01
8.301024354e-05,-6.906153497e-05,-1.214351038e-05,4.452576986e-04,8.178476981e-04,1.486645591e-03,2.006575427e-03,1.338144175e-03,3.349995335e-04,
1.474412943e-05,-2.548810444e-05,-1.370601820e-05,-2.605224313e-04,-8.365167427e-04,-1.510430577e-03,-1.512002229e-03,-7.887752029e-04,-1.690253313e-04,
1.588785761e-01
l,6.5,-0.5
2.671,3.871,5.071,
5.454279689e-10,1.107461846e+01
1.737431012e-04,-1.437813931e-04,-3.663772886e-05,8.642236882e-04,1.391450522e-03,2.284657121e-03,3.144465755e-03,2.149864631e-03,5.447916004e-04,
2.981640863e-05,-5.163666597e-05,-2.600800114e-05,-5.111239663e-04,-1.618300511e-03,-2.883128247e-03,-2.841599278e-03,-1.457939419e-03,-3.073005927e-04,
1.588166251e-01
l,6.5,0.5
2.711,3.911,5.111,
2.392460678e-09,1.025292624e+01
3.744513087e-04,-3.033028243e-04,-8.205416947e-05,1.890404509e-03,3.174860873e-03,5.168741817e-03,6.900173980e-03,4.641193168e-03,1.166771004e-03,
6.464772111e-05,-1.120527046e-04,-5.822576689e-05,-1.122495251e-03,-3.555813627e-03,-6.332198083e-03,-6.239414530e-03,-3.199183567e-03,-6.735513538e-04,
1.588476608e-01
l,6.5,1.5
2.711,3.911,5.131,
8.075626672e-09,9.779006611e+00
8.480239776e-04,-6.425057796e-04,-2.704085054e-04,4.268293212e-03,6.304749109e-03,8.045107470e-03,1.074002332e-02,7.711304584e-03,2.044649580e-03,
1.450110153e-04,-2.514279984e-04,-1.487081880e-04,-2.603009775e-03,-8.164101362e-03,-1.432956052e-02,-1.389881226e-02,-7.011178780e-03,-1.452165370e-03,
1.587815595e-01
l,6.5,2.5
2.691,3.971,5.271,
2.506219960e-08,9.503461379e+00
1.856831950e-03,-1.577129970e-03,-6.667410383e-04,6.643295154e-03,6.393293015e-03,6.541258180e-03,1.143066118e-02,9.008815046e-03,2.388418555e-03,
2.643639399e-04,-4.596668760e-04,-1.211348635e-04,-3.460370621e-03,-9.750662606e-03,-1.592266089e-02,-1.435648972e-02,-6.749323697e-03,-1.315218884e-03,
1.589022788e-01
l,6.5,3.5
2.691,3.911,5.151,
1.015155376e-07,9.040387441e+00
4.515569191e-03,-3.435368288e-03,-1.191223521e-03,2.157767606e-02,3.804147032e-02,6.321534011e-02,8.207842906e-02,5.351415427e-02,1.309010262e-02,
7.546634057e-04,-1.307961827e-03,-6.275945319e-04,-1.252839749e-02,-3.880209366e-02,-6.731835954e-02,-6.445025607e-02,-3.201208074e-02,-6.513618584e-03,
1.585918249e-01
l,6.5,4.5
2.651,3.891,5.131,
5.170181246e-07,8.441465304e+00
1.110760961e-02,-9.232288435e-03,-2.117437585e-03,5.153594613e-02,7.692889938e-02,1.250802904e-01,1.758290312e-01,1.199693616e-01,2.993413777e-02,
1.815852201e-03,-3.141242666e-03,-1.641455310e-03,-3.073874891e-02,-9.518379764e-02,-1.651768578e-01,-1.581219442e-01,-7.870398717e-02,-1.607522116e-02,
1.588466109e-01
l,6.5,5.5
2.571,3.871,5.171,
2.260672328e-06,8.126533201e+00
2.746767923e-02,-2.586086979e-02,-2.763322550e-03,9.981880151e-02,1.281994894e-01,2.683972239e-01,4.116116846e-01,2.741383431e-01,6.516177106e-02,
3.919999909e-03,-6.767820265e-03,-1.901575116e-03,-5.119884361e-02,-1.452991303e-01,-2.380715951e-01,-2.159101101e-01,-1.023892618e-01,-2.007961346e-02,
1.586002551e-01
l,6.5,6.5
2.511,3.351,4.231,
2.174332676e-06,9.637847002e+00
9.967888147e-02,2.926093483e-02,5.903862900e-02,2.314327674e+00,9.717993246e+00,2.170315607e+01,2.842260824e+01,2.011528665e+01,5.888860171e+00,
4.311600909e-02,-6.765827595e-02,-1.457959943e-01,-1.824582099e+00,-8.215628018e+00,-1.979468867e+01,-2.665806930e+01,-1.872085805e+01,-5.348569077e+00,
1.591437016e-01
l,7.5,-7.5
2.551,3.751,4.951,
2.748676355e-16,2.129540041e+01
6.378213016e-07,-7.205118470e-07,3.377579177e-07,3.457440452e-06,8.913083988e-06,2.060958456e-05,2.455879874e-05,1.358427172e-05,2.850211672e-06,
1.002918833e-07,-1.732153137e-07,-8.617575706e-08,-1.721933664e-06,-5.452775653e-06,-9.757184968e-06,-9.646244205e-06,-4.980276425e-06,-1.054826380e-06,
1.586619583e-01
l,7.5,-6.5
2.691,3.831,4.991,
9.299131051e-16,1.951927525e+01
1.248541025e-06,-1.231786648e-06,3.035410739e-07,7.476090750e-06,1.801306041e-05,4.047734932e-05,5.233611540e-05,3.225699933e-05,7.575471912e-06,
2.177142288e-07,-3.763692167e-07,-2.045516459e-07,-3.935643225e-06,-1.281609220e-05,-2.354136292e-05,-2.399477728e-05,-1.277522202e-05,-2.793431786e-06,
1.588473580e-01
l,7.5,-5.5
2.811,3.931,5.071,
2.938879431e-15,1.816914600e+01
2.383100082e-06,-2.152198789e-06,2.305606078e-07,1.503682233e-05,3.494184540e-05,7.526121888e-05,1.002546646e-04,6.487955135e-05,1.601825664e-05,
4.402791434e-07,-7.625154011e-07,-4.553158069e-07,-8.298171149e-06,-2.739905689e-05,-5.092481147e-05,-5.266445000e-05,-2.846521447e-05,-6.322288733e-06,
1.587844016e-01
l,7.5,-4.5
2.911,4.031,5.171,
9.799792213e-15,1.702622569e+01
4.602090030e-06,-3.922829959e-06,-1.622334491e-07,2.860933558e-05,6.019285127e-05,1.197259217e-04,1.625833651e-04,1.093402679e-04,2.797741493e-05,
8.606292077e-07,-1.493797049e-06,-9.342762149e-07,-1.648949077e-05,-5.444229856e-05,-1.010893762e-04,-1.044661489e-04,-5.641361899e-05,-1.252441454e-05,
1.588778745e-01
l,7.5,-3.5
2.991,4.151,5.311,
2.951884596e-14,1.618071999e+01
8.820581570e-06,-7.760511134e-06,-8.607321721e-07,4.880525175e-05,8.978809002e-05,1.689174345e-04,2.330127240e-04,1.578159974e-04,4.011493110e-05,
1.567994216e-06,-2.729563665e-06,-1.442199583e-06,-2.805933706e-05,-9.102456998e-05,-1.666549824e-04,-1.693675305e-04,-8.985713142e-05,-1.961316460e-05,
1.589097101e-01
l,7.5,-2.5
3.071,4.231,5.391,
1.929572389e-13,1.479566419e+01
1.769441951e-05,-1.483871477e-05,-2.727534826e-06,1.000640351e-04,1.853051168e-04,3.199898292e-04,4.223190688e-04,2.831630690e-04,7.198319412e-05,
3.169506076e-06,-5.526319529e-06,-3.155089967e-06,-5.872337805e-05,-1.907695023e-04,-3.491996013e-04,-3.547336087e-04,-1.879426426e-04,-4.094065629e-05,
1.589270419e-01
l,7.5,-1.5
3.111,4.291,5.471,
3.641628704e-13,1.462539494e+01
3.646205005e-05,-2.901595731e-05,-9.836052365e-06,1.913188002e-04,3.247010638e-04,4.966126196e-04,6.454107569e-04,4.369916603e-04,1.116132973e-04,
6.403918542e-06,-1.118313399e-05,-5.790068271e-06,-1.137421973e-04,-3.642204202e-04,-6.571395567e-04,-6.568479770e-04,-3.417546246e-04,-7.306615126e-05,
1.589092011e-01
l,7.5,-0.5
3.151,4.331,5.531,
1.589643789e-12,1.381794297e+01
7.744359755e-05,-5.776582602e-05,-3.030271439e-05,3.865152627e-04,5.991524284e-04,7.635584278e-04,9.825786362e-04,6.961706249e-04,1.846930642e-04,
1.339812987e-05,-2.342345590e-05,-1.141325919e-05,-2.303720843e-04,-7.275952117e-04,-1.293892631e-03,-1.272653191e-03,-6.504936557e-04,-1.365877574e-04,
1.589097362e-01
l,7.5,0.5
3.191,4.391,5.591,
1.367225383e-11,1.252583176e+01
1.639408001e-04,-1.269397864e-04,-5.543524292e-05,8.137922902e-04,1.275477745e-03,1.691555523e-03,2.149171609e-03,1.478538797e-03,3.820214854e-04,
2.802206903e-05,-4.904343746e-05,-2.429214832e-05,-4.864809719e-04,-1.536204887e-03,-2.732630299e-03,-2.687706089e-03,-1.374075801e-03,-2.885915117e-04,
1.588782213e-01
l,7.5,1.5
3.191,4.391,5.591,
5.418462182e-11,1.196542191e+01
3.674812033e-04,-2.576559809e-04,-1.481560376e-04,1.838004499e-03,2.985850419e-03,3.814894751e-03,4.699547733e-03,3.229493579e-03,8.398199166e-04,
6.509071237e-05,-1.139146931e-04,-5.817915095e-05,-1.138437258e-03,-3.604903307e-03,-6.408555962e-03,-6.309149061e-03,-3.225780474e-03,-6.764696794e-04,
1.588438261e-01
l,7.5,2.5
3.191,4.431,5.671,
2.850928441e-10,1.125231027e+01
8.241276955e-04,-6.460465539e-04,-3.359536454e-04,3.836986599e-03,4.034221537e-03,1.510909050e-03,1.933868642e-03,2.172869940e-03,7.150330721e-04,
1.314943789e-04,-2.304405291e-04,-1.324677992e-04,-2.345928737e-03,-7.233227507e-03,-1.251966599e-02,-1.193540582e-02,-5.916151770e-03,-1.206649960e-03,
1.588957785e-01
l,7.5,3.5
3.171,4.431,5.711,
1.043068936e-09,1.093198471e+01
1.891516033e-03,-1.408772071e-03,-9.476810699e-04,7.164021037e-03,8.625706782e-03,7.108582163e-03,9.081760601e-03,6.925017080e-03,1.871947730e-03,
2.847318285e-04,-4.992446735e-04,-1.323125208e-04,-3.826286178e-03,-1.090465527e-02,-1.797818221e-02,-1.639581592e-02,-7.770896743e-03,-1.523374858e-03,
1.588701645e-01
l,7.5,4.5
3.151,4.371,5.611,
6.878868776e-09,1.014309374e+01
4.667121917e-03,-3.226924438e-03,-1.823702187e-03,2.243965790e-02,3.747831020e-02,4.988575519e-02,6.018795227e-02,3.979602082e-02,9.998396621e-03,
7.867680698e-04,-1.376187470e-03,-7.184069886e-04,-1.360875296e-02,-4.212461651e-02,-7.295548776e-02,-6.973098850e-02,-3.454032024e-02,-7.006686408e-03,
1.586581278e-01
l,7.5,5.5
3.091,4.331,5.591,
3.447090265e-08,9.680299877e+00
1.178381965e-02,-8.676760185e-03,-4.959025640e-03,5.218204807e-02,6.548531154e-02,6.010497302e-02,8.073088106e-02,6.239581783e-02,1.711351987e-02,
1.893033230e-03,-3.305464806e-03,-1.232576251e-03,-2.715546603e-02,-7.904420791e-02,-1.319661152e-01,-1.225606579e-01,-5.943227000e-02,-1.192097650e-02,
1.588475301e-01
l,7.5,6.5
3.011,4.291,5.591,
1.844075717e-07,9.269622579e+00
3.013619967e-02,-2.505184178e-02,-1.075223830e-02,1.057288426e-01,8.775799260e-02,7.807740363e-02,1.693246970e-01,1.452684321e-01,3.996551286e-02,
4.380810500e-03,-7.625702714e-03,-2.265390714e-03,-5.873560670e-02,-1.664237246e-01,-2.718267487e-01,-2.456849560e-01,-1.158690386e-01,-2.261888746e-02,
1.586606018e-01
l,7.5,7.5
2.951,3.831,4.751,
1.790887400e-07,1.056849740e+01
1.045494005e-01,2.560594001e-02,4.625781450e-02,2.170970090e+00,8.868699602e+00,1.906140878e+01,2.388332007e+01,1.612630846e+01,4.498799534e+00,
4.164779643e-02,-6.715080235e-02,-1.370663636e-01,-1.725808753e+00,-7.521578154e+00,-1.749127918e+01,-2.263819683e+01,-1.522590212e+01,-4.156974757e+00,
1.591436968e-01
l,8.5,-8.5
2.951,4.091,5.231,
0.000000000e+00,0.000000000e+00
1.526407942e-07,-1.673416981e-07,7.931387431e-08,9.371984879e-07,2.464673119e-06,5.796560936e-06,7.228408470e-06,4.231156121e-06,9.436974728e-07,
2.657281202e-08,-4.618151504e-08,-2.548111928e-08,-4.889777463e-07,-1.611627232e-06,-3.003203421e-06,-3.110882559e-06,-1.687665723e-06,-3.761619228e-07,
1.586593852e-01
l,8.5,-7.5
3.091,4.211,5.331,
7.307417622e-20,2.418652019e+01
2.845166023e-07,-2.880347086e-07,8.593966867e-08,1.824752719e-06,4.377019660e-06,9.943748467e-06,1.317335859e-05,8.354110798e-06,2.021142555e-06,
5.194302490e-08,-9.045926772e-08,-5.464178737e-08,-9.999592530e-07,-3.339703902e-06,-6.303363618e-06,-6.625941525e-06,-3.649043507e-06,-8.267891581e-07,
1.588473100e-01
l,8.5,-6.5
3.211,4.351,5.491,
8.519715758e-20,2.374270529e+01
5.190397019e-07,-5.124242972e-07,7.285793534e-08,2.989951975e-06,6.289455833e-06,1.351939058e-05,1.812726605e-05,1.164598842e-05,2.833663714e-06,
9.133224420e-08,-1.595551688e-07,-8.334216871e-08,-1.664298028e-06,-5.466628096e-06,-1.017027517e-05,-1.051269403e-05,-5.683358282e-06,-1.264430894e-06,
1.589096564e-01
l,8.5,-5.5
3.331,4.451,5.591,
1.461420873e-18,2.123734139e+01
9.920207731e-07,-9.004128169e-07,-9.905310097e-09,5.874260466e-06,1.250610294e-05,2.541032777e-05,3.394219456e-05,2.227545461e-05,5.573256109e-06,
1.781794433e-07,-3.118554270e-07,-1.609834527e-07,-3.246837496e-06,-1.066705123e-05,-1.982863319e-05,-2.048325667e-05,-1.104978478e-05,-2.451898079e-06,
1.589256790e-01
l,8.5,-4.5
3.431,4.551,5.671,
1.180677001e-17,1.957806408e+01
1.912801963e-06,-1.664061940e-06,-7.925608713e-08,1.165438233e-05,2.476229332e-05,4.876168610e-05,6.488160150e-05,4.292998993e-05,1.085056994e-05,
3.598207901e-07,-6.306777278e-07,-3.459891547e-07,-6.761027858e-06,-2.254639173e-05,-4.248520319e-05,-4.460693738e-05,-2.447509016e-05,-5.523033957e-06,
1.589077670e-01
l,8.5,-3.5
3.491,4.611,5.751,
9.011828838e-18,1.995514709e+01
3.869558896e-06,-2.999988319e-06,-1.012066748e-06,2.273125788e-05,4.282385602e-05,7.090663452e-05,9.397513662e-05,6.511255156e-05,1.721431011e-05,
7.265152156e-07,-1.275184797e-06,-7.158121288e-07,-1.354724030e-05,-4.454187288e-05,-8.254283638e-05,-8.512822059e-05,-4.580416272e-05,-1.013507417e-05,
1.588958303e-01
l,8.5,-2.5
3.571,4.711,5.851,
2.471085412e-16,1.761245037e+01
7.654300134e-06,-6.144872766e-06,-1.819253824e-06,4.382320749e-05,7.685333668e-05,1.186408265e-04,1.555445661e-04,1.078495898e-04,2.841613165e-05,
1.416341899e-06,-2.490180775e-06,-1.430544195e-06,-2.675227186e-05,-8.793976167e-05,-1.630510323e-04,-1.681461135e-04,-9.049591041e-05,-2.003775837e-05,
1.589270419e-01
l,8.5,-1.5
3.611,4.771,5.951,
4.684656441e-16,1.747064939e+01
1.579618038e-05,-1.198605085e-05,-6.204733257e-06,8.259497899e-05,1.327231784e-04,1.676501671e-04,2.084223648e-04,1.465783026e-04,3.917443845e-05,
2.760333774e-06,-4.861077549e-06,-2.383690558e-06,-4.857190677e-05,-1.550159203e-04,-2.793068526e-04,-2.786789568e-04,-1.446262966e-04,-3.086727284e-05,
1.589573959e-01
l,8.5,-0.5
3.651,4.811,5.991,
3.595711213e-15,1.632020539e+01
3.344373908e-05,-2.333822891e-05,-1.470487316e-05,1.816628530e-04,3.142112074e-04,3.859872986e-04,4.417278749e-04,2.989987552e-04,7.895505135e-05,
5.975894849e-06,-1.053049767e-05,-5.833786920e-06,-1.099424741e-04,-3.518029616e-04,-6.332489320e-04,-6.315265867e-04,-3.272842418e-04,-6.965990558e-05,
1.589259859e-01
l,8.5,0.5
3.671,4.851,6.051,
1.861835572e-14,1.555072810e+01
7.186215225e-05,-4.883849035e-05,-3.637926449e-05,3.748108603e-04,6.139164478e-04,6.406990916e-04,6.775141033e-04,4.615141879e-04,1.236951749e-04,
1.249086356e-05,-2.203144296e-05,-1.157768451e-05,-2.232275517e-04,-7.041540907e-04,-1.249460022e-03,-1.225765227e-03,-6.240941735e-04,-1.305127988e-04,
1.589264249e-01
l,8.5,1.5
3.691,4.911,6.131,
1.432277954e-13,1.455183268e+01
1.534592011e-04,-1.122052923e-04,-6.920816022e-05,7.293214980e-04,1.175697308e-03,1.353562256e-03,1.490341073e-03,9.668267199e-04,2.427854669e-04,
2.519874132e-05,-4.449936954e-05,-1.972033785e-05,-4.271519244e-04,-1.327131390e-03,-2.327689671e-03,-2.249904793e-03,-1.126421097e-03,-2.314710669e-04,
1.589192065e-01
l,8.5,2.5
3.691,4.851,6.031,
1.605884195e-12,1.329640866e+01
3.637706977e-04,-2.090309878e-04,-1.972627115e-04,2.052450243e-03,3.393665460e-03,3.010319226e-03,2.813248216e-03,1.994182733e-03,5.729795184e-04,
6.978487243e-05,-1.230405744e-04,-8.060552260e-05,-1.332704120e-03,-4.282095983e-03,-7.682248328e-03,-7.662015153e-03,-3.975784243e-03,-8.466572398e-04,
1.587855343e-01
l,8.5,3.5
3.671,4.931,6.211,
5.179076279e-12,1.310032811e+01
8.004134870e-04,-5.967792243e-04,-5.007300755e-04,2.956519077e-03,1.799843769e-03,-3.270689390e-03,-4.100773505e-03,-1.548344386e-03,-1.628146519e-04,
1.181048926e-04,-2.087924618e-04,-5.725090308e-05,-1.593974841e-03,-4.519866039e-03,-7.430633425e-03,-6.753787414e-03,-3.200430665e-03,-6.308625892e-04,
1.589415414e-01
l,8.5,4.5
3.631,4.911,6.191,
3.186859449e-11,1.244044061e+01
1.883274992e-03,-1.325836816e-03,-1.113759242e-03,6.887627099e-03,7.945794385e-03,3.841750106e-03,3.811400103e-03,3.438890876e-03,1.034107568e-03,
2.841185984e-04,-5.020402898e-04,-1.163972028e-04,-3.749784500e-03,-1.063938797e-02,-1.750214312e-02,-1.591850585e-02,-7.509066289e-03,-1.464882471e-03,
1.588753706e-01
l,8.5,5.5
3.611,4.851,6.091,
3.959162027e-10,1.128107776e+01
4.696418066e-03,-3.138092991e-03,-2.118179861e-03,2.205447061e-02,3.540825176e-02,3.978634299e-02,4.376838000e-02,2.861580461e-02,7.210109099e-03,
7.864931022e-04,-1.386859173e-03,-7.124625990e-04,-1.370365763e-02,-4.234165149e-02,-7.327594580e-02,-6.996278465e-02,-3.458776140e-02,-7.001554513e-03,
1.587236780e-01
l,8.5,6.5
3.551,4.811,6.071,
3.131370015e-09,1.054198340e+01
1.195952017e-02,-8.792259294e-03,-6.238991911e-03,4.369064376e-02,3.154527385e-02,-1.284387823e-02,-1.035425189e-03,1.698392000e-02,7.197580137e-03,
1.892292444e-03,-3.331548838e-03,-1.073431064e-03,-2.645130896e-02,-7.664297781e-02,-1.278681859e-01,-1.186058502e-01,-5.739854001e-02,-1.149752094e-02,
1.588459519e-01
l,8.5,7.5
3.451,4.731,6.031,
9.947129905e-09,1.061332761e+01
3.194342181e-02,-2.393138071e-02,-1.694476404e-02,1.112694080e-01,7.949149964e-02,-2.963708071e-02,-1.074365945e-03,4.004371667e-02,1.645426264e-02,
4.699393463e-03,-8.241839423e-03,-2.285577895e-03,-6.259249577e-02,-1.766212058e-01,-2.875833007e-01,-2.589535107e-01,-1.213952849e-01,-2.357034761e-02,
1.586874747e-01
l,8.5,8.5
3.391,4.331,5.291,
1.239219523e-08,1.157967737e+01
1.081371978e-01,1.209788720e-02,3.434661827e-03,1.754315018e+00,6.773651278e+00,1.360948913e+01,1.597932792e+01,1.012090798e+01,2.646979616e+00,
3.840597611e-02,-6.345063719e-02,-1.062148477e-01,-1.409043986e+00,-5.945007803e+00,-1.336332891e+01,-1.664471388e+01,-1.073129867e+01,-2.802750803e+00,
1.591437123e-01
