l,0.5,-0.5
0.151,1.131,2.131,
6.484464895e-02,1.792308465e+00
1.152792014e-02,-7.405222476e-03,6.442749303e-03,1.170503754e-01,3.578382958e-01,7.248535279e-01,8.947894940e-01,6.061548526e-01,1.717414952e-01,
3.330705809e-03,-5.237596594e-03,-6.179214430e-03,-8.453164461e-02,-3.293918859e-01,-6.980001354e-01,-8.255098840e-01,-5.105132850e-01,-1.290044629e-01,
1.590203058e-01
l,0.5,0.5
0.111,0.351,0.611,
8.463232901e-01,2.424669982e+00
2.082855068e-02,3.607769434e-02,-9.313183970e-02,2.369707066e-01,4.932266702e-01,8.266636746e-01,-5.628940082e+01,-3.005029744e+02,-3.119166939e+02,
2.536380382e-02,2.853141991e-03,-4.772907685e-02,-8.121227734e-02,-2.086528595e+00,-1.856784500e+01,-8.826801275e+01,-2.117070547e+02,-2.038569552e+02,
1.591436927e-01
l,1.5,-1.5
0.291,1.351,2.431,
4.512098022e-02,3.039411463e+00
5.648967810e-03,-4.311974212e-03,2.640121688e-03,4.677517198e-02,1.357037684e-01,2.513085446e-01,2.735084263e-01,1.653066209e-01,4.338600767e-02,
1.330625168e-03,-2.187009419e-03,-2.237365620e-03,-3.213597838e-02,-1.176390953e-01,-2.342363689e-01,-2.581758742e-01,-1.480113709e-01,-3.458382094e-02,
1.589581692e-01
l,1.5,-0.5
0.371,1.231,2.131,
8.854611716e-02,3.439734915e+00
1.063955016e-02,-8.529227159e-03,3.622321437e-02,5.663362288e-01,3.323048631e+00,9.994653653e+00,1.559523499e+01,1.216836584e+01,3.765791011e+00,
3.330705809e-03,-5.237596594e-03,-8.796980486e-03,-1.225560018e-01,-5.417342005e-01,-1.289921786e+00,-1.704045952e+00,-1.174382563e+00,-3.298288979e-01,
1.590203058e-01
l,1.5,0.5
0.291,1.331,2.371,
1.269372211e-01,3.236052553e+00
1.353478990e-02,-9.692309854e-03,8.277606555e-03,1.300865146e-01,4.364553485e-01,8.958581496e-01,1.075140442e+00,7.207731730e-01,2.071866046e-01,
3.498164268e-03,-5.671064772e-03,-6.155408350e-03,-8.696337183e-02,-3.279270902e-01,-6.727513885e-01,-7.670758393e-01,-4.559155111e-01,-1.105243733e-01,
1.590203309e-01
l,1.5,1.5
0.271,0.451,0.671,
1.701431450e+00,4.172780804e+00
2.763878927e-02,9.296098229e-02,2.015360071e+00,9.794127128e+01,2.011602464e+03,2.210090845e+04,1.329291994e+05,4.119100615e+05,5.148011803e+05,
3.475814191e-02,3.456725394e-03,-1.550724865e+00,-7.517111880e+01,-1.596353819e+03,-1.699641638e+04,-9.597245443e+04,-2.750195257e+05,-3.152792378e+05,
1.591437062e-01
l,2.5,-2.5
0.451,1.531,2.631,
2.494751244e-02,4.907917300e+00
2.823757939e-03,-2.316228260e-03,1.385422117e-03,2.079762768e-02,5.990787229e-02,1.083570530e-01,1.085865991e-01,5.946553220e-02,1.462342108e-02,
6.171813313e-04,-1.036199304e-03,-1.007774265e-03,-1.487062549e-02,-5.354645362e-02,-1.050282819e-01,-1.137514252e-01,-6.396812971e-02,-1.464673327e-02,
1.589270721e-01
l,2.5,-1.5
0.571,1.471,2.451,
2.994892855e-02,5.429662939e+00
5.057432223e-03,-4.818992662e-03,1.612327638e-02,2.516750955e-01,1.473300347e+00,4.296090263e+00,6.355787812e+00,4.640945223e+00,1.334910305e+00,
1.287800549e-03,-2.121313937e-03,-2.232758305e-03,-3.358549929e-02,-1.317275281e-01,-2.841115874e-01,-3.420730907e-01,-2.157567365e-01,-5.567884658e-02,
1.589892157e-01
l,2.5,-0.5
0.531,1.611,2.691,
1.996642056e-02,4.291785245e+00
6.049015094e-03,-5.289183667e-03,3.323336925e-03,3.794068198e-02,9.781242334e-02,1.478300735e-01,1.072982031e-01,4.188510736e-02,1.033503713e-02,
1.333659623e-03,-2.245895942e-03,-2.067173791e-03,-3.166958990e-02,-1.153138627e-01,-2.294545938e-01,-2.525273402e-01,-1.444632758e-01,-3.366414292e-02,
1.589272026e-01
l,2.5,0.5
0.551,1.451,2.371,
3.952959332e-02,4.513051177e+00
1.218053978e-02,-1.087518571e-02,3.957001332e-02,5.085105055e-01,2.304624679e+00,5.621200757e+00,7.296172952e+00,4.827409226e+00,1.296302903e+00,
3.498164268e-03,-5.671064772e-03,-9.035563586e-03,-1.285670690e-01,-5.579939221e-01,-1.305397837e+00,-1.690383313e+00,-1.140234322e+00,-3.131706342e-01,
1.590203309e-01
l,2.5,1.5
0.491,1.531,2.611,
8.842660198e-02,4.582903654e+00
1.558540016e-02,-1.228504785e-02,8.625869375e-03,1.079388349e-01,3.246886388e-01,5.944511171e-01,6.078161749e-01,3.728903887e-01,1.111655677e-01,
3.634863677e-03,-6.037490660e-03,-5.703902824e-03,-8.517152051e-02,-3.111594399e-01,-6.188617937e-01,-6.812524562e-01,-3.895733315e-01,-9.065103234e-02,
1.589582408e-01
l,2.5,2.5
0.451,0.651,0.871,
1.159281192e+00,5.880065104e+00
3.838115185e-02,1.499031051e-01,6.449775611e+00,2.794249998e+02,5.456490454e+03,5.585061989e+04,3.087659630e+05,8.735364231e+05,9.928905250e+05,
4.585962778e-02,-1.062694422e-02,-4.550474557e+00,-2.277826354e+02,-4.840368489e+03,-5.157237648e+04,-2.913034779e+05,-8.349610159e+05,-9.573624209e+05,
1.591437343e-01
l,3.5,-3.5
0.651,1.731,2.831,
6.348537993e-03,7.136017099e+00
1.373440959e-03,-1.260118217e-03,8.344593776e-04,9.334165962e-03,2.780898641e-02,5.319187210e-02,5.449780178e-02,3.005194977e-02,7.397639826e-03,
2.843464465e-04,-4.855255309e-04,-4.186842939e-04,-6.638690800e-03,-2.382055205e-02,-4.676126917e-02,-5.065588064e-02,-2.848099890e-02,-6.516978212e-03,
1.589268738e-01
l,3.5,-2.5
0.791,1.691,2.651,
4.409604282e-03,7.400416822e+00
2.406822983e-03,-2.514498907e-03,1.063955376e-02,1.640290921e-01,9.921280406e-01,2.933979916e+00,4.386478708e+00,3.229666179e+00,9.343391626e-01,
5.968999025e-04,-1.003933256e-03,-1.394386402e-03,-2.082694093e-02,-8.742946661e-02,-1.980037806e-01,-2.470127940e-01,-1.600792172e-01,-4.217419712e-02,
1.589580580e-01
l,3.5,-1.5
0.751,1.831,2.911,
4.283725020e-03,6.804405774e+00
2.830076031e-03,-2.730715486e-03,1.730488076e-03,1.285547450e-02,1.989834929e-02,8.710410639e-05,-5.753006987e-02,-6.483507220e-02,-2.040028791e-02,
5.932862974e-04,-1.018008098e-03,-9.000435699e-04,-1.424390238e-02,-5.171286365e-02,-1.029462518e-01,-1.133015352e-01,-6.480014077e-02,-1.508639160e-02,
1.589099530e-01
l,3.5,-0.5
0.771,1.731,2.711,
7.358509955e-02,1.659779032e+01
5.356089212e-03,-5.561005291e-03,-2.471012151e-02,-4.782214783e-01,-2.988329878e+00,-8.337004606e+00,-1.195398294e+01,-8.573362582e+00,-2.432854882e+00,
1.289954244e-03,-2.176166173e-03,-2.123666574e-03,-3.359927366e-02,-1.312589792e-01,-2.830936689e-01,-3.406342581e-01,-2.146711937e-01,-5.534883268e-02,
1.589892350e-01
l,3.5,0.5
0.751,1.831,2.931,
8.336801717e-03,6.439141943e+00
6.624827161e-03,-6.173097634e-03,3.660515330e-03,2.612344552e-02,2.332218890e-02,-7.233548237e-02,-2.575200732e-01,-2.529735121e-01,-7.901363353e-02,
1.370538287e-03,-2.350200511e-03,-2.131140072e-03,-3.298692428e-02,-1.183920343e-01,-2.322836848e-01,-2.515212556e-01,-1.412865244e-01,-3.226247829e-02,
1.589100731e-01
l,3.5,1.5
0.751,1.671,2.611,
1.924913594e-02,6.770603921e+00
1.365603041e-02,-1.323455321e-02,-1.642747409e-02,-1.247945754e-01,-7.322428351e-01,-1.846101610e+00,-2.734319289e+00,-2.173055012e+00,-6.873384407e-01,
3.635572364e-03,-6.038667785e-03,-8.894862451e-03,-1.300610336e-01,-5.544781353e-01,-1.274746019e+00,-1.618360689e+00,-1.068561455e+00,-2.869831838e-01,
1.589892327e-01
l,3.5,2.5
0.691,1.751,2.831,
3.507181598e-02,5.670434994e+00
1.739134081e-02,-1.527601925e-02,1.119066740e-02,9.151118564e-02,2.008336586e-01,2.172121060e-01,1.033500622e-03,-9.574145704e-02,-2.581728607e-02,
3.874582113e-03,-6.552148848e-03,-6.336535804e-03,-9.468425250e-02,-3.453895436e-01,-6.874274806e-01,-7.571100717e-01,-4.331687393e-01,-1.007806334e-01,
1.589270317e-01
l,3.5,3.5
0.611,0.851,1.111,
5.419367931e-01,8.020686278e+00
4.837105051e-02,1.863339612e-01,7.988979671e+00,3.257992708e+02,5.833904223e+03,5.279315115e+04,2.522282025e+05,6.085938213e+05,5.853793296e+05,
5.623988140e-02,-2.846051528e-02,-5.672046119e+00,-2.693462015e+02,-5.234938139e+03,-4.920166462e+04,-2.397541913e+05,-5.852533805e+05,-5.671866548e+05,
1.591437142e-01
l,4.5,-4.5
0.851,1.931,3.011,
8.821009149e-04,1.103160662e+01
6.618358893e-04,-6.670761785e-04,5.049756967e-04,4.236692448e-03,1.217406220e-02,2.297993825e-02,2.267021858e-02,1.214754521e-02,3.004363068e-03,
1.348747201e-04,-2.332459278e-04,-2.032366461e-04,-3.269217920e-03,-1.186526238e-02,-2.365911458e-02,-2.607383577e-02,-1.493496496e-02,-3.482902775e-03,
1.589265952e-01
l,4.5,-3.5
0.991,1.871,2.831,
3.600278717e-04,1.298887371e+01
1.183448010e-03,-1.287275739e-03,8.438033934e-03,1.388052429e-01,8.820165700e-01,2.692796998e+00,4.155579455e+00,3.155723158e+00,9.398263403e-01,
2.844019829e-04,-4.856203601e-04,-6.677862053e-04,-1.011175194e-02,-4.240775683e-02,-9.608724263e-02,-1.199016650e-01,-7.771316426e-02,-2.047351402e-02,
1.589579142e-01
l,4.5,-2.5
0.991,2.051,3.111,
3.535001377e-04,9.756973433e+00
1.315742033e-03,-1.394764676e-03,1.056468119e-03,6.080408126e-03,9.686178588e-03,1.209323861e-03,-2.919542016e-02,-3.521356610e-02,-1.164469463e-02,
2.714501039e-04,-4.721811981e-04,-4.115285439e-04,-6.704629663e-03,-2.465547683e-02,-4.993189465e-02,-5.600803567e-02,-3.269717659e-02,-7.772578943e-03,
1.589097565e-01
l,4.5,-1.5
1.051,1.951,2.911,
3.647553160e-04,9.222678613e+00
2.483119024e-03,-2.720506235e-03,1.917289652e-02,2.622404988e-01,1.280724637e+00,3.203848590e+00,4.254589993e+00,2.870356851e+00,7.774462688e-01,
5.934660286e-04,-1.018316495e-03,-1.424276141e-03,-2.142394784e-02,-8.971451599e-02,-2.029992768e-01,-2.529701032e-01,-1.637223323e-01,-4.306358756e-02,
1.589580935e-01
l,4.5,-0.5
1.011,2.091,3.171,
5.183474114e-04,1.028546841e+01
2.915777965e-03,-3.070835783e-03,2.130406587e-03,1.135539994e-02,8.714639052e-03,-3.517279004e-02,-1.309218799e-01,-1.366144197e-01,-4.524516798e-02,
5.850456072e-04,-1.020493144e-03,-8.741883300e-04,-1.421663153e-02,-5.155433224e-02,-1.028244050e-01,-1.134098060e-01,-6.501851286e-02,-1.516399128e-02,
1.588788887e-01
l,4.5,0.5
1.031,1.991,2.951,
8.538176920e-04,9.546243296e+00
5.573537201e-03,-6.198383744e-03,-1.284498552e-02,-1.088933649e-01,-5.171832597e-01,-1.166767497e+00,-1.526140184e+00,-1.084030875e+00,-3.146176676e-01,
1.324698898e-03,-2.274982011e-03,-3.018163042e-03,-4.636344533e-02,-1.939359549e-01,-4.386163413e-01,-5.462661231e-01,-3.533190044e-01,-9.287156488e-02,
1.589582682e-01
l,4.5,1.5
0.991,2.071,3.171,
1.705537716e-03,8.285816911e+00
7.046735846e-03,-7.142734566e-03,4.875004547e-03,2.729616322e-02,2.205281467e-02,-8.213887700e-02,-3.053042621e-01,-3.158240712e-01,-1.037091385e-01,
1.398856150e-03,-2.435360790e-03,-2.170106005e-03,-3.425569355e-02,-1.228703346e-01,-2.415343206e-01,-2.621155222e-01,-1.476160250e-01,-3.377827560e-02,
1.588789454e-01
l,4.5,2.5
0.951,1.891,2.851,
3.977425246e-03,7.238994522e+00
1.494482998e-02,-1.269168872e-02,4.972915845e-02,4.560567737e-01,1.684060098e+00,3.712647479e+00,4.380755216e+00,2.560273387e+00,5.885642905e-01,
3.746340912e-03,-6.347234178e-03,-8.740296738e-03,-1.322904565e-01,-5.630077501e-01,-1.297528899e+00,-1.654570472e+00,-1.100505239e+00,-2.987384878e-01,
1.589580176e-01
l,4.5,3.5
0.891,1.971,3.071,
1.117990157e-02,6.807274119e+00
1.916862093e-02,-1.842922385e-02,1.245219641e-02,7.054680240e-02,6.569781186e-02,-1.675127333e-01,-5.945984114e-01,-5.476234722e-01,-1.567435560e-01,
3.966808602e-03,-6.821565816e-03,-6.057890345e-03,-9.438321972e-02,-3.390187876e-01,-6.657312661e-01,-7.220236263e-01,-4.063304336e-01,-9.289074062e-02,
1.589089520e-01
l,4.5,4.5
0.811,1.071,1.351,
8.831108814e-02,8.762655562e+00
6.007308885e-02,1.705660087e-01,3.329592507e+00,9.573794539e+01,1.234798107e+03,8.903413420e+03,3.660435699e+04,7.975455783e+04,7.134087853e+04,
6.570287876e-02,-4.544763399e-02,-2.540596059e+00,-7.595455222e+01,-1.068320763e+03,-8.075338212e+03,-3.404568078e+04,-7.527396630e+04,-6.798170224e+04,
1.591437153e-01
l,5.5,-5.5
1.071,2.111,3.171,
3.443601907e-05,1.375031505e+01
3.229856957e-04,-3.455860162e-04,3.071262295e-04,2.312552884e-03,7.186702047e-03,1.481398797e-02,1.608170622e-02,9.464218897e-03,2.482150679e-03,
6.599397429e-05,-1.152532785e-04,-1.062507239e-04,-1.684284953e-03,-6.194490592e-03,-1.254822172e-02,-1.407954639e-02,-8.226387934e-03,-1.958212693e-03,
1.589089079e-01
l,5.5,-4.5
1.211,2.091,3.031,
6.482330854e-06,1.681385364e+01
5.502806162e-04,-6.522878882e-04,4.447377755e-03,7.316564730e-02,4.698037337e-01,1.440577957e+00,2.230085155e+00,1.698332525e+00,5.070712057e-01,
1.303375178e-04,-2.256881947e-04,-2.925269527e-04,-4.610265969e-03,-1.950728779e-02,-4.481329791e-02,-5.678951089e-02,-3.743552139e-02,-1.003993803e-02,
1.589886274e-01
l,5.5,-3.5
1.211,2.251,3.311,
6.070749050e-06,1.606832481e+01
6.220623036e-04,-7.049582844e-04,5.639807119e-04,2.912217494e-03,4.506720821e-03,4.217646142e-04,-1.611751606e-02,-2.030301321e-02,-7.044179084e-03,
1.236330163e-04,-2.175373796e-04,-1.823051431e-04,-3.054875420e-03,-1.122308533e-02,-2.277537835e-02,-2.560597863e-02,-1.499567857e-02,-3.576765667e-03,
1.589094700e-01
l,5.5,-2.5
1.291,2.191,3.131,
9.744177058e-06,1.284799798e+01
1.114755054e-03,-1.328995535e-03,1.094397462e-02,1.502580775e-01,7.426718535e-01,1.864082709e+00,2.483001167e+00,1.681859666e+00,4.574956547e-01,
2.622939942e-04,-4.568049095e-04,-5.935799130e-04,-9.384679795e-03,-3.978094818e-02,-9.158370977e-02,-1.163409083e-01,-7.687649595e-02,-2.066138832e-02,
1.589889434e-01
l,5.5,-1.5
1.291,2.331,3.371,
1.201606386e-05,1.287861107e+01
1.302981051e-03,-1.491960470e-03,1.292296129e-03,6.545523788e-03,1.002839481e-02,-4.633987384e-04,-4.320579957e-02,-5.607067951e-02,-2.044387410e-02,
2.662503120e-04,-4.697657301e-04,-4.364663840e-04,-7.012500915e-03,-2.612708413e-02,-5.377252335e-02,-6.146346369e-02,-3.666490791e-02,-8.916601532e-03,
1.588787524e-01
l,5.5,-0.5
1.291,2.231,3.191,
9.630235466e-06,1.507914490e+01
2.473789034e-03,-2.933957012e-03,-1.353935720e-02,-1.193643153e-01,-5.327522475e-01,-1.201139357e+00,-1.531028953e+00,-1.044318520e+00,-2.928938582e-01,
5.652577213e-04,-9.871490813e-04,-1.256078302e-03,-1.978092876e-02,-8.251276996e-02,-1.865371470e-01,-2.321788157e-01,-1.500764006e-01,-3.941357950e-02,
1.589581330e-01
l,5.5,0.5
1.271,2.351,3.431,
3.020213923e-05,1.259343463e+01
2.977580996e-03,-3.367750185e-03,2.686522480e-03,1.494162561e-02,2.782878202e-02,2.041606966e-02,-6.092681379e-02,-9.891258299e-02,-3.836219579e-02,
5.730345716e-04,-1.013366327e-03,-8.338148438e-04,-1.397940300e-02,-5.064193104e-02,-1.012186738e-01,-1.119271440e-01,-6.440151044e-02,-1.507974789e-02,
1.588479199e-01
l,5.5,1.5
1.271,2.231,3.191,
1.446759371e-04,8.753689727e+00
5.788423121e-03,-5.171266490e-03,2.646539863e-02,2.299059308e-01,8.681500836e-01,1.939181734e+00,2.348053310e+00,1.430585756e+00,3.469578316e-01,
1.351631120e-03,-2.356127011e-03,-3.237626744e-03,-5.031742258e-02,-2.151554599e-01,-5.006726891e-01,-6.453602030e-01,-4.346204968e-01,-1.196107798e-01,
1.589581897e-01
l,5.5,2.5
1.211,2.311,3.411,
2.182037146e-04,1.047843101e+01
7.423839066e-03,-8.054312429e-03,6.112382290e-03,3.309859260e-02,5.040920823e-02,-6.033078481e-04,-2.057559723e-01,-2.636553419e-01,-9.426219757e-02,
1.419287396e-03,-2.502881544e-03,-2.096879272e-03,-3.444804191e-02,-1.234090320e-01,-2.430422907e-01,-2.643839466e-01,-1.493737737e-01,-3.429554728e-02,
1.588165285e-01
l,5.5,3.5
1.171,2.111,3.071,
9.405640734e-04,7.729007270e+00
1.623030007e-02,-1.286562414e-02,7.998503912e-02,7.090011264e-01,2.700706438e+00,6.050755829e+00,7.397961901e+00,4.577488103e+00,1.131850292e+00,
3.968011676e-03,-6.823634695e-03,-9.944576543e-03,-1.493665824e-01,-6.406369451e-01,-1.491825613e+00,-1.925458162e+00,-1.298528960e+00,-3.578558730e-01,
1.589571468e-01
l,5.5,4.5
1.071,2.171,3.291,
2.848433306e-03,8.131304234e+00
2.137169056e-02,-2.164696021e-02,1.332377178e-02,5.930956891e-02,-2.645541122e-02,-4.441174057e-01,-1.069839880e+00,-9.449374369e-01,-2.799230435e-01,
4.178201458e-03,-7.277209886e-03,-4.810293456e-03,-8.157161953e-02,-2.750430487e-01,-5.192404353e-01,-5.476355961e-01,-3.018160509e-01,-6.789368894e-02,
1.588414457e-01
l,5.5,5.5
0.991,1.271,1.591,
1.617364319e-02,1.021544394e+01
6.910075992e-02,1.953719629e-01,3.386819035e+00,9.439275453e+01,1.164945804e+03,7.942654173e+03,3.067266718e+04,6.252540460e+04,5.219060336e+04,
7.428235383e-02,-6.154709947e-02,-2.575276598e+00,-7.188573904e+01,-9.230814657e+02,-6.265286587e+03,-2.342950847e+04,-4.554918457e+04,-3.595833099e+04,
1.591437539e-01
l,6.5,-6.5
1.271,2.291,3.331,
2.188789269e-07,2.147259450e+01
1.563981059e-04,-1.759170131e-04,1.635092405e-04,1.096386631e-03,3.333946790e-03,6.891736012e-03,7.354830313e-03,4.293907252e-03,1.148060717e-03,
3.220309869e-05,-5.673263747e-05,-5.236222991e-05,-8.390760717e-04,-3.119966684e-03,-6.406790633e-03,-7.306364830e-03,-4.349079903e-03,-1.055956376e-03,
1.588772615e-01
l,6.5,-5.5
1.371,2.271,3.191,
0.000000000e+00,0.000000000e+00
2.662244078e-04,-3.272199457e-04,-3.181264680e-03,-6.124328750e-02,-3.887915023e-01,-1.140802970e+00,-1.730809459e+00,-1.316350522e+00,-3.970337207e-01,
6.374673882e-05,-1.114553525e-04,-1.497493187e-04,-2.359496044e-03,-1.013246281e-02,-2.368773305e-02,-3.061080689e-02,-2.060750606e-02,-5.648191021e-03,
1.589570480e-01
l,6.5,-4.5
1.451,2.471,3.491,
2.854291050e-08,2.087967817e+01
2.849388111e-04,-3.465482702e-04,3.201797367e-04,1.453896517e-03,2.402608637e-03,8.044042219e-04,-7.190711658e-03,-9.538192060e-03,-3.355823046e-03,
5.812204816e-05,-1.031888561e-04,-9.128157003e-05,-1.524898780e-03,-5.760147247e-03,-1.206835128e-02,-1.406125080e-02,-8.566314489e-03,-2.130242070e-03,
1.589090024e-01
l,6.5,-3.5
1.511,2.411,3.331,
9.685894579e-09,2.249117816e+01
5.086568999e-04,-6.455769899e-04,-3.155116952e-03,-2.978266644e-02,-1.370960976e-01,-3.249039913e-01,-4.363753827e-01,-3.113604967e-01,-9.073899097e-02,
1.194385570e-04,-2.103759845e-04,-2.759377126e-04,-4.421732829e-03,-1.898612697e-02,-4.442018329e-02,-5.743875258e-02,-3.869102924e-02,-1.060815011e-02,
1.590197275e-01
l,6.5,-2.5
1.551,2.571,3.591,
8.674719361e-08,1.703057022e+01
5.781129003e-04,-7.137954285e-04,6.645783130e-04,3.145956786e-03,5.685459972e-03,3.603820842e-03,-1.463107729e-02,-2.266326255e-02,-8.737506134e-03,
1.164922529e-04,-2.077236645e-04,-1.858306608e-04,-3.097090566e-03,-1.167345883e-02,-2.441622567e-02,-2.840852911e-02,-1.729296105e-02,-4.298940505e-03,
1.589095223e-01
l,6.5,-1.5
1.571,2.491,3.411,
2.811572179e-08,1.989433538e+01
1.063294010e-03,-1.359331336e-03,-7.699271075e-03,-7.128859990e-02,-3.200389509e-01,-7.395633714e-01,-9.644286911e-01,-6.687641188e-01,-1.900252656e-01,
2.482618436e-04,-4.389110757e-04,-5.610399952e-04,-9.100970399e-03,-3.909887549e-02,-9.160103565e-02,-1.186348095e-01,-8.004134798e-02,-2.197715972e-02,
1.589889885e-01
l,6.5,-0.5
1.571,2.611,3.651,
2.712324289e-07,1.561862230e+01
1.278811949e-03,-1.559414439e-03,1.442250545e-03,7.700168795e-03,1.707839940e-02,2.250843764e-02,-1.110987256e-02,-3.684258853e-02,-1.644327322e-02,
2.505327089e-04,-4.477673562e-04,-3.896302595e-04,-6.525852223e-03,-2.427789987e-02,-5.005238525e-02,-5.731100852e-02,-3.428815675e-02,-8.370427322e-03,
1.588787787e-01
l,6.5,0.5
1.571,2.491,3.451,
2.330171152e-06,1.191468680e+01
2.443924081e-03,-1.875241203e-03,1.838128093e-02,1.576784300e-01,6.152341941e-01,1.401038824e+00,1.760284890e+00,1.131119372e+00,2.919706801e-01,
5.534955984e-04,-9.797965605e-04,-1.300069826e-03,-2.093448673e-02,-9.098777291e-02,-2.164531787e-01,-2.860830426e-01,-1.980689182e-01,-5.612507638e-02,
1.589581891e-01
l,6.5,1.5
1.531,2.611,3.691,
1.898384471e-06,1.384225817e+01
3.014707007e-03,-3.605882313e-03,3.139184088e-03,1.829051599e-02,4.632133850e-02,7.702540808e-02,1.983630605e-02,-4.586645066e-02,-2.526764221e-02,
5.581496696e-04,-9.986173466e-04,-8.050723111e-04,-1.376304392e-02,-4.978410259e-02,-9.959838762e-02,-1.102503809e-01,-6.357547057e-02,-1.493090087e-02,
1.588478286e-01
l,6.5,2.5
1.491,2.471,3.451,
1.911987922e-05,1.011015572e+01
5.998508073e-03,-5.146668987e-03,2.982488017e-02,2.425733673e-01,8.711259889e-01,1.898126126e+00,2.275566319e+00,1.377730829e+00,3.317186211e-01,
1.323696692e-03,-2.339372309e-03,-2.159028287e-03,-3.738335865e-02,-1.510864718e-01,-3.417823503e-01,-4.346735217e-01,-2.920367845e-01,-8.085488490e-02,
1.589578346e-01
l,6.5,3.5
1.431,2.531,3.651,
2.031366079e-05,1.231477086e+01
7.939144969e-03,-8.966723180e-03,6.764192931e-03,4.179049939e-02,9.963564512e-02,1.554348280e-01,1.094394401e-02,-1.305692714e-01,-6.440834289e-02,
1.433139985e-03,-2.555366005e-03,-1.399497719e-03,-2.734673058e-02,-9.186346724e-02,-1.741925807e-01,-1.846413945e-01,-1.024740414e-01,-2.324212685e-02,
1.587834518e-01
l,6.5,4.5
1.371,2.331,3.311,
9.637372103e-05,1.103915097e+01
1.745661907e-02,-1.968935076e-02,-2.934853574e-02,-1.332775660e-01,-6.191626415e-01,-1.112576536e+00,-1.248595022e+00,-9.140340676e-01,-2.978551933e-01,
4.037861501e-03,-7.042858103e-03,-6.385220438e-03,-1.001809676e-01,-3.601900077e-01,-7.025823867e-01,-7.439281997e-01,-3.994445314e-01,-8.493118144e-02,
1.589517105e-01
l,6.5,5.5
1.271,2.391,3.531,
5.332124329e-04,9.714923559e+00
2.316161990e-02,-2.482548319e-02,1.283970982e-02,2.806582950e-02,-1.831715815e-01,-7.936165320e-01,-1.509896091e+00,-1.234406647e+00,-3.558919635e-01,
4.231303224e-03,-7.461001953e-03,-4.760100392e-03,-8.251531576e-02,-2.740953840e-01,-5.108440176e-01,-5.310072661e-01,-2.883573978e-01,-6.390365870e-02,
1.588430207e-01
l,6.5,6.5
1.191,1.491,1.831,
2.537808532e-03,1.114924039e+01
8.038450032e-02,1.985153704e-01,3.397403853e+00,9.251619036e+01,1.093920020e+03,7.091090956e+03,2.586900527e+04,4.958621916e+04,3.880136191e+04,
8.201341108e-02,-7.672585063e-02,-2.615411254e+00,-7.123713857e+01,-8.797471550e+02,-5.693557305e+03,-2.017374245e+04,-3.700089731e+04,-2.748046214e+04,
1.591437204e-01
l,7.5,-7.5
1.491,2.491,3.511,
1.106087886e-09,2.469202268e+01
7.351671957e-05,-8.711175556e-05,8.393881325e-05,5.000685092e-04,1.495145012e-03,3.049971703e-03,3.177551812e-03,1.865126241e-03,5.191496095e-04,
1.513009927e-05,-2.688882121e-05,-2.424364071e-05,-4.003072438e-04,-1.506734738e-03,-3.142287739e-03,-3.645691342e-03,-2.211710417e-03,-5.478956266e-04,
1.588453550e-01
l,7.5,-6.5
1.591,2.471,3.351,
0.000000000e+00,0.000000000e+00
1.245793974e-04,-1.586926326e-04,-1.975555655e-03,-3.823015732e-02,-2.457570061e-01,-7.357434108e-01,-1.141164756e+00,-8.880873719e-01,-2.742725007e-01,
3.110313883e-05,-5.485071033e-05,-7.777467228e-05,-1.235665768e-03,-5.488455763e-03,-1.333888500e-02,-1.800406435e-02,-1.270238809e-02,-3.655333593e-03,
1.589564504e-01
l,7.5,-5.5
1.691,2.671,3.671,
7.896646880e-11,2.480101039e+01
1.327195059e-04,-1.682026514e-04,1.645915510e-04,7.434266636e-04,1.441797140e-03,1.307444430e-03,-2.269869811e-03,-3.900547046e-03,-1.461557509e-03,
2.724422884e-05,-4.875484355e-05,-4.215933954e-05,-7.228553811e-04,-2.765655112e-03,-5.885732300e-03,-6.979284110e-03,-4.336986558e-03,-1.101755244e-03,
1.588773706e-01
l,7.5,-4.5
1.751,2.631,3.511,
0.000000000e+00,0.000000000e+00
2.300571068e-04,-3.060880580e-04,-1.870115165e-03,-1.839448397e-02,-8.593749314e-02,-2.093367096e-01,-2.880085438e-01,-2.095286154e-01,-6.215753371e-02,
5.613248089e-05,-9.974869666e-05,-1.366835256e-04,-2.211058306e-03,-9.800517162e-03,-2.379546760e-02,-3.207537422e-02,-2.260249426e-02,-6.496141613e-03,
1.590192595e-01
l,7.5,-3.5
1.791,2.791,3.791,
0.000000000e+00,0.000000000e+00
2.608535870e-04,-3.378920460e-04,3.288031950e-04,1.540562214e-03,3.074681363e-03,3.190548148e-03,-4.963196668e-03,-9.809132806e-03,-4.057650440e-03,
5.261805670e-05,-9.461181605e-05,-8.284525233e-05,-1.415221753e-03,-5.402900435e-03,-1.148204647e-02,-1.359254911e-02,-8.437232795e-03,-2.142582503e-03,
1.589091076e-01
l,7.5,-2.5
1.831,2.711,3.611,
2.057154461e-09,1.778685450e+01
4.653481883e-04,-3.426804130e-04,4.654192660e-03,3.970368343e-02,1.609574857e-01,3.784351135e-01,4.938549169e-01,3.333561271e-01,9.135855650e-02,
1.124872288e-04,-2.007574974e-04,-2.890385224e-04,-4.707302091e-03,-2.150411669e-02,-5.419169007e-02,-7.641727810e-02,-5.677501447e-02,-1.733038313e-02,
1.590197798e-01
l,7.5,-1.5
1.851,2.851,3.871,
6.992676871e-10,1.987754218e+01
5.595837720e-04,-7.185833822e-04,6.829512772e-04,3.760807292e-03,9.354616040e-03,1.606996462e-02,3.444805477e-03,-1.181013734e-02,-6.595352692e-03,
1.090748168e-04,-1.967003267e-04,-1.677634630e-04,-2.879660153e-03,-1.082184803e-02,-2.261878320e-02,-2.629151092e-02,-1.600797070e-02,-3.985941382e-03,
1.588785065e-01
l,7.5,-0.5
1.851,2.751,3.671,
9.207944422e-10,2.002650488e+01
1.027856953e-03,-1.422187730e-03,-4.629271134e-03,-3.225230875e-02,-1.391879461e-01,-2.998684323e-01,-3.774439943e-01,-2.649230110e-01,-7.836173840e-02,
2.418995567e-04,-4.327073277e-04,-4.897584736e-04,-7.585447814e-03,-2.789099140e-02,-5.242995318e-02,-4.866162097e-02,-1.867098977e-02,-1.146359864e-03,
1.589890148e-01
l,7.5,0.5
1.831,2.871,3.911,
3.784722078e-09,1.856416814e+01
1.276926952e-03,-1.611674874e-03,1.564820623e-03,9.875445369e-03,2.948240508e-02,6.245590712e-02,4.978564400e-02,5.522533534e-03,-5.467548968e-03,
2.429276579e-04,-4.386189635e-04,-3.768179695e-04,-6.374302726e-03,-2.363871372e-02,-4.865623303e-02,-5.561913427e-02,-3.326270327e-02,-8.128283455e-03,
1.588477777e-01
l,7.5,1.5
1.811,2.751,3.711,
1.530186695e-08,1.733178016e+01
2.432459034e-03,-3.251673408e-03,-9.742328692e-03,-6.329414454e-02,-2.646733057e-01,-5.324148371e-01,-6.178901131e-01,-4.047852442e-01,-1.137335800e-01,
5.388957934e-04,-9.649987049e-04,-1.037940658e-03,-1.623611806e-02,-5.858479163e-02,-1.083129724e-01,-9.996470379e-02,-3.998051623e-02,-3.871284750e-03,
1.589580432e-01
l,7.5,2.5
1.771,2.851,3.951,
9.432246952e-08,1.554626002e+01
3.107118886e-03,-3.826466671e-03,3.372513194e-03,2.242644031e-02,6.904075873e-02,1.506650835e-01,1.318612508e-01,3.168432711e-02,-5.262020164e-03,
5.409471799e-04,-9.775842852e-04,-7.572343466e-04,-1.319763522e-02,-4.701916996e-02,-9.271181648e-02,-1.009504477e-01,-5.724946935e-02,-1.322765546e-02,
1.588472886e-01
l,7.5,3.5
1.731,2.691,3.671,
5.242889169e-07,1.406354969e+01
6.308314856e-03,-7.907415311e-03,-2.116427054e-02,-1.273354379e-01,-5.291830427e-01,-1.020917325e+00,-1.129329489e+00,-7.149832113e-01,-1.970150699e-01,
1.384142050e-03,-2.470349882e-03,-1.836458850e-03,-3.121222107e-02,-1.035139711e-01,-1.800274186e-01,-1.571459162e-01,-5.820571484e-02,-4.332133834e-03,
1.589249468e-01
l,7.5,4.5
1.651,2.751,3.851,
1.957531413e-06,1.354335578e+01
8.440039121e-03,-9.743843813e-03,9.052818646e-03,6.312318254e-02,1.937070768e-01,4.076769825e-01,3.530006401e-01,8.928953666e-02,-1.061550292e-02,
1.547962478e-03,-2.781926816e-03,-2.373986110e-03,-3.889924633e-02,-1.392266903e-01,-2.742964630e-01,-2.989755626e-01,-1.697325296e-01,-3.923003007e-02,
1.587106409e-01
l,7.5,5.5
1.591,2.571,3.551,
1.035821409e-05,1.255799377e+01
1.823142916e-02,-2.202113929e-02,-3.691863445e-02,-1.753812847e-01,-7.221059389e-01,-1.228567487e+00,-1.305561277e+00,-9.119560977e-01,-2.886154028e-01,
4.087426633e-03,-7.216376472e-03,-6.303606078e-03,-1.000331708e-01,-3.500884239e-01,-6.592690014e-01,-6.616731662e-01,-3.268833723e-01,-6.074394033e-02,
1.589532866e-01
l,7.5,6.5
1.471,2.631,3.791,
6.893201551e-05,1.153160632e+01
2.433823980e-02,-2.781782801e-02,1.407734238e-02,1.783427691e-02,-2.198708685e-01,-8.525644958e-01,-1.553135404e+00,-1.236421089e+00,-3.491688953e-01,
4.115773905e-03,-7.343252700e-03,-3.788042679e-03,-7.496102406e-02,-2.444522179e-01,-4.497609048e-01,-4.604122369e-01,-2.460647662e-01,-5.366253373e-02,
1.588457453e-01
l,7.5,7.5
1.371,1.691,2.051,
3.013306866e-04,1.286193317e+01
8.858512342e-02,2.378705287e-01,4.284845847e+00,1.104426128e+02,1.259282841e+03,7.793491945e+03,2.693522790e+04,4.869330489e+04,3.584031805e+04,
9.075075277e-02,-9.085658963e-02,-3.226374835e+00,-8.605925419e+01,-1.025538674e+03,-6.350111271e+03,-2.138982629e+04,-3.714022993e+04,-2.604341625e+04,
1.591437295e-01
l,8.5,-8.5
0.631,0.851,1.091,
3.968386353e+00,2.125532367e+01
5.567786284e-04,9.380721675e-05,5.882103509e-02,2.368998901e+00,4.481663647e+01,4.397045831e+02,2.294171951e+03,6.100820201e+03,6.514729846e+03,
4.461700613e-04,-5.087052661e-04,-3.768265926e-02,-1.914748228e+00,-3.905618457e+01,-3.911317445e+02,-2.050105863e+03,-5.413242802e+03,-5.693410635e+03,
1.591436912e-01
l,8.5,-7.5
1.831,2.691,3.551,
0.000000000e+00,0.000000000e+00
5.638824950e-05,-7.577882576e-05,-1.033940252e-03,-2.004563990e-02,-1.303114482e-01,-3.973986528e-01,-6.294753447e-01,-5.008931535e-01,-1.583014894e-01,
1.410350233e-05,-2.510969099e-05,-3.362558572e-05,-5.570440850e-04,-2.503903541e-03,-6.178190529e-03,-8.476380804e-03,-6.086319318e-03,-1.784041844e-03,
1.589866139e-01
l,8.5,-6.5
1.911,2.891,3.871,
0.000000000e+00,0.000000000e+00
5.988914927e-05,-7.932217599e-05,7.912301230e-05,3.287483425e-04,6.413104478e-04,6.048381772e-04,-9.548225509e-04,-1.631219380e-03,-5.936773547e-04,
1.229057348e-05,-2.216822281e-05,-1.906829121e-05,-3.342293874e-04,-1.293572611e-03,-2.793466931e-03,-3.364794652e-03,-2.127256230e-03,-5.505146783e-04,
1.588765060e-01
l,8.5,-5.5
1.991,2.831,3.691,
0.000000000e+00,0.000000000e+00
1.063453965e-04,-1.464130906e-04,-1.246059637e-03,-1.249817079e-02,-5.949504736e-02,-1.499147142e-01,-2.132889137e-01,-1.603888527e-01,-4.926781477e-02,
2.630936540e-05,-4.712079727e-05,-6.508500687e-05,-1.065650475e-03,-4.791777147e-03,-1.182985007e-02,-1.624386082e-02,-1.167842658e-02,-3.427668618e-03,
1.590186762e-01
l,8.5,-4.5
2.051,3.011,3.971,
0.000000000e+00,0.000000000e+00
1.168480012e-04,-1.559495019e-04,1.787062342e-04,9.430902765e-04,2.478408087e-03,4.014162354e-03,8.182768521e-04,-2.651980111e-03,-1.429111067e-03,
2.456833371e-05,-4.447220203e-05,-5.726625937e-05,-9.080732122e-04,-3.772848616e-03,-8.524109750e-03,-1.060622972e-02,-6.867239126e-03,-1.809248602e-03,
1.588774451e-01
l,8.5,-3.5
2.091,2.951,3.811,
2.922574114e-12,2.240234237e+01
2.012139012e-04,-1.371596368e-04,2.494110169e-03,2.113812225e-02,8.724792639e-02,2.079395896e-01,2.761610548e-01,1.908844519e-01,5.383528748e-02,
5.079393088e-05,-9.140256561e-05,-1.340928147e-04,-2.245440358e-03,-1.067377289e-02,-2.814592497e-02,-4.172061629e-02,-3.270627019e-02,-1.056028528e-02,
1.590193647e-01
l,8.5,-2.5
2.111,3.091,4.071,
0.000000000e+00,0.000000000e+00
2.429102024e-04,-3.247951868e-04,3.305309327e-04,1.755028237e-03,4.330656214e-03,7.516925270e-03,1.627199041e-03,-5.664269271e-03,-3.206300858e-03,
4.908852092e-05,-8.915716735e-05,-8.358787303e-05,-1.403814175e-03,-5.432611123e-03,-1.172381341e-02,-1.410694399e-02,-8.916176974e-03,-2.309569694e-03,
1.589091856e-01
l,8.5,-1.5
2.131,3.011,3.891,
0.000000000e+00,0.000000000e+00
4.303778987e-04,-6.669317399e-04,-2.934960678e-03,-2.227739700e-02,-9.653011286e-02,-2.186004609e-01,-2.871733198e-01,-2.058569708e-01,-6.137628028e-02,
1.053030709e-04,-1.900399210e-04,-2.084028713e-04,-3.216419883e-03,-1.121878315e-02,-1.865229437e-02,-1.178903774e-02,1.999616620e-03,3.625457463e-03,
1.590198131e-01
l,8.5,-0.5
2.131,3.131,4.151,
3.294855275e-12,2.312826974e+01
5.374781904e-04,-7.113967024e-04,6.684444364e-04,3.988569194e-03,1.112752583e-02,2.354061357e-02,1.674392341e-02,-1.746993059e-03,-3.875539073e-03,
1.016148371e-04,-1.850229081e-04,-1.490789105e-04,-2.655076802e-03,-9.959428526e-03,-2.082768498e-02,-2.420294345e-02,-1.473950432e-02,-3.674276463e-03,
1.588785587e-01
l,8.5,0.5
2.111,3.031,3.951,
1.612291593e-12,2.479814623e+01
9.832259966e-04,-1.486253777e-03,-6.451029479e-03,-4.619585178e-02,-1.914481033e-01,-4.057941839e-01,-4.935199591e-01,-3.291047611e-01,-9.221036708e-02,
2.261904311e-04,-4.089989501e-04,-3.901151425e-04,-6.228303104e-03,-2.058714507e-02,-3.146330278e-02,-1.568952710e-02,7.893282924e-03,7.383425941e-03,
1.589890388e-01
l,8.5,1.5
2.091,3.131,4.171,
8.074163677e-11,2.040475917e+01
1.266601961e-03,-1.642807915e-03,1.604300763e-03,1.095143234e-02,3.574903065e-02,8.486462742e-02,8.745575745e-02,3.398205740e-02,2.465737330e-03,
2.345571779e-04,-4.272619824e-04,-3.636020651e-04,-6.208254521e-03,-2.298319511e-02,-4.728608485e-02,-5.399071424e-02,-3.227130923e-02,-7.889632086e-03,
1.588476959e-01
l,8.5,2.5
2.071,3.011,3.971,
1.275339750e-08,1.448275028e+01
2.407602966e-03,-2.427485445e-03,7.761674075e-03,7.508753436e-02,2.870033181e-01,6.901941099e-01,9.081190043e-01,5.970399860e-01,1.549368105e-01,
5.222015608e-04,-9.444108781e-04,-1.335050287e-03,-2.199687620e-02,-9.914144573e-02,-2.434911034e-01,-3.283289544e-01,-2.284915765e-01,-6.415424422e-02,
1.589885492e-01
l,8.5,3.5
2.011,3.111,4.211,
5.597781558e-09,1.678287847e+01
3.102002898e-03,-3.967190389e-03,3.578038984e-03,2.361410871e-02,7.696113984e-02,1.777918129e-01,1.769452036e-01,6.719579169e-02,5.346246446e-03,
5.219926138e-04,-9.515751842e-04,-7.306443198e-04,-1.289968479e-02,-4.586076874e-02,-9.040915385e-02,-9.834870252e-02,-5.574541386e-02,-1.288191702e-02,
1.588444748e-01
l,8.5,4.5
1.971,2.931,3.891,
4.587670358e-07,1.170213612e+01
6.444985047e-03,-6.125949784e-03,1.983457933e-02,1.945800870e-01,7.360947082e-01,1.738085471e+00,2.249006294e+00,1.455967068e+00,3.721685218e-01,
1.442192676e-03,-2.596287012e-03,-3.662859841e-03,-5.991313155e-02,-2.693640020e-01,-6.588034680e-01,-8.853681425e-01,-6.142706018e-01,-1.719896107e-01,
1.588969392e-01
l,8.5,5.5
1.871,2.971,4.091,
2.039945915e-07,1.450821920e+01
8.930482902e-03,-1.060558106e-02,9.046569069e-03,6.942904565e-02,2.330997464e-01,5.542670778e-01,5.892373196e-01,2.574898280e-01,3.356532646e-02,
1.551376380e-03,-2.812152640e-03,-1.515726650e-03,-2.989440300e-02,-9.994566926e-02,-1.889857305e-01,-2.000290026e-01,-1.113027481e-01,-2.540133893e-02,
1.586829848e-01
l,8.5,6.5
1.791,2.791,3.811,
4.147097506e-06,1.153904801e+01
1.933209039e-02,-1.930385848e-02,3.813764319e-02,3.763287026e-01,1.312904326e+00,3.050049402e+00,3.826316592e+00,2.341193998e+00,5.550308266e-01,
3.974174559e-03,-7.098364685e-03,-6.697590311e-03,-1.154935161e-01,-4.660845140e-01,-1.043687304e+00,-1.295410055e+00,-8.359512293e-01,-2.190826266e-01,
1.589559585e-01
l,8.5,7.5
1.671,2.831,4.011,
5.678877497e-06,1.364742882e+01
2.661922947e-02,-3.098966043e-02,1.673908124e-02,3.864844962e-02,-1.483316419e-01,-6.925432022e-01,-1.417722018e+00,-1.213743173e+00,-3.601340492e-01,
4.280135764e-03,-7.699437801e-03,-3.878123797e-03,-7.771159781e-02,-2.499590636e-01,-4.539666052e-01,-4.581650814e-01,-2.414020994e-01,-5.190888100e-02,
1.587844526e-01
l,8.5,8.5
1.571,1.911,2.291,
4.048574107e-05,1.371389993e+01
9.955488145e-02,2.357876805e-01,4.062772114e+00,1.034866304e+02,1.138972371e+03,6.746468403e+03,2.217873824e+04,3.797430253e+04,2.639817577e+04,
9.716453808e-02,-1.045517199e-01,-3.110354261e+00,-8.133049514e+01,-9.379548551e+02,-5.570982656e+03,-1.788896425e+04,-2.949062557e+04,-1.958338601e+04,
1.591437252e-01
