l,0.5,-0.5
0.251,1.571,2.891,
4.169237288e-02,2.190704629e+00
1.056461036e-02,-7.896262909e-03,5.039712621e-03,3.876815605e-02,8.732812210e-02,1.370758451e-01,1.145294876e-01,5.000306069e-02,9.647807089e-03,
2.436068833e-03,-3.233370272e-03,-2.310643732e-03,-2.842911149e-02,-8.373526363e-02,-1.352927062e-01,-1.215442775e-01,-5.702492986e-02,-1.092484314e-02,
1.588789728e-01
l,0.5,0.5
0.291,0.911,1.551,
1.117368519e-01,2.380799283e+00
3.103924915e-02,1.606707575e-02,2.383666315e-01,3.414776309e+00,1.989625831e+01,6.469607948e+01,1.179859751e+02,1.125568649e+02,4.379930295e+01,
2.379413125e-02,-2.082497622e-02,-1.855429261e-01,-2.683159822e+00,-1.731509589e+01,-5.887952557e+01,-1.102110082e+02,-1.072042790e+02,-4.234336816e+01,
1.591437475e-01
l,1.5,-1.5
0.631,1.991,3.371,
3.457033918e-03,3.825836119e+00
3.083796008e-03,-2.491099574e-03,1.196932846e-03,1.062855084e-02,2.240292573e-02,3.641502663e-02,2.931725056e-02,1.018491699e-02,1.159259157e-03,
6.053607323e-04,-8.375543112e-04,-5.225610995e-04,-6.908193105e-03,-1.954551421e-02,-3.047731302e-02,-2.629097385e-02,-1.181398983e-02,-2.167103710e-03,
1.587857504e-01
l,1.5,-0.5
0.671,1.951,3.251,
5.655010199e-03,3.862986351e+00
6.677331869e-03,-4.868992266e-03,2.341291299e-03,2.971421939e-02,6.946181240e-02,1.224538134e-01,1.150721830e-01,5.074302589e-02,8.414573727e-03,
1.499153681e-03,-2.053292135e-03,-1.452541425e-03,-1.843029771e-02,-5.460345532e-02,-8.926808859e-02,-8.125676030e-02,-3.865871057e-02,-7.525488262e-03,
1.589271767e-01
l,1.5,0.5
0.691,1.931,3.191,
1.005338696e-02,3.907512930e+00
1.406279020e-02,-9.535358058e-03,4.986220230e-03,7.602521484e-02,1.950494800e-01,3.596878961e-01,3.611257411e-01,1.747226883e-01,3.254725565e-02,
3.405782891e-03,-4.623127642e-03,-3.310592696e-03,-4.214549446e-02,-1.279982376e-01,-2.145779399e-01,-2.009431035e-01,-9.851711118e-02,-1.978613620e-02,
1.589271459e-01
l,1.5,1.5
0.711,1.651,2.591,
1.695111216e-02,3.507187347e+00
3.480276093e-02,-4.388956921e-03,4.518994371e-02,7.269462594e-01,2.746900896e+00,6.093501772e+00,7.770169551e+00,5.160399952e+00,1.383700003e+00,
1.546283385e-02,-1.906694054e-02,-4.802405476e-02,-5.469403442e-01,-2.366646374e+00,-5.435099464e+00,-6.903238712e+00,-4.560700995e+00,-1.224947808e+00,
1.591437400e-01
l,2.5,-2.5
1.091,2.471,3.851,
9.815623125e-05,5.090069453e+00
7.929241983e-04,-6.442787774e-04,2.444702207e-04,3.079224110e-03,7.039408995e-03,1.304526041e-02,1.292180127e-02,6.026013294e-03,1.067872993e-03,
1.470405604e-04,-2.090968914e-04,-1.213064912e-04,-1.709612053e-03,-4.814263555e-03,-7.510504158e-03,-6.477377246e-03,-2.909039380e-03,-5.339519963e-04,
1.588479917e-01
l,2.5,-1.5
1.131,2.471,3.831,
1.527929510e-04,4.914467899e+00
1.625605044e-03,-1.203797119e-03,3.058314766e-04,6.832654318e-03,1.558142192e-02,2.940368767e-02,3.131785891e-02,1.598213477e-02,3.117321276e-03,
3.177802082e-04,-4.513133922e-04,-2.678610320e-04,-3.732150148e-03,-1.062396638e-02,-1.674952956e-02,-1.462946348e-02,-6.657534762e-03,-1.239398197e-03,
1.589098745e-01
l,2.5,-0.5
1.171,2.511,3.851,
2.498026887e-04,4.877961998e+00
3.228933085e-03,-2.346520418e-03,5.054663328e-04,1.372958341e-02,3.052372360e-02,5.698794712e-02,6.153360031e-02,3.200514515e-02,6.362295911e-03,
6.484621072e-04,-9.212425860e-04,-5.532007358e-04,-7.707475335e-03,-2.216920984e-02,-3.535730929e-02,-3.128769172e-02,-1.443724710e-02,-2.727271193e-03,
1.589270845e-01
l,2.5,0.5
1.211,2.511,3.831,
4.376245834e-04,4.811278297e+00
6.641829852e-03,-4.434566925e-03,4.876976405e-04,2.964585250e-02,6.581111232e-02,1.211183555e-01,1.341048443e-01,7.261360492e-02,1.508859326e-02,
1.399823463e-03,-1.983854335e-03,-1.218501028e-03,-1.684138529e-02,-4.901179320e-02,-7.905961994e-02,-7.089317042e-02,-3.316112612e-02,-6.352984726e-03,
1.589581318e-01
l,2.5,1.5
1.251,2.491,3.751,
8.073401266e-04,4.807456872e+00
1.394739002e-02,-8.340778257e-03,1.415993638e-03,7.854711712e-02,1.904413602e-01,3.466031750e-01,3.842067011e-01,2.138555884e-01,4.630893536e-02,
3.283426302e-03,-4.617337059e-03,-3.317249181e-03,-4.281833568e-02,-1.293669974e-01,-2.164521735e-01,-2.023550885e-01,-9.895125129e-02,-1.984315091e-02,
1.589878029e-01
l,2.5,2.5
1.271,2.371,3.491,
1.599020061e-03,4.767449098e+00
3.145867959e-02,-1.050097722e-02,4.355268675e-03,2.912142382e-01,8.589991104e-01,1.584361719e+00,1.785004562e+00,1.059943840e+00,2.526597409e-01,
9.827363222e-03,-1.342326796e-02,-1.491554127e-02,-1.749413684e-01,-6.033386585e-01,-1.134310136e+00,-1.193371033e+00,-6.562460806e-01,-1.475780756e-01,
1.591445922e-01
l,3.5,-3.5
1.571,2.951,4.331,
2.203958694e-06,5.957228851e+00
1.927840931e-04,-1.454955795e-04,1.838337039e-05,7.401718043e-04,1.475512804e-03,2.694336839e-03,2.973381254e-03,1.576385053e-03,3.171344512e-04,
3.512927671e-05,-5.097725834e-05,-2.942603390e-05,-4.186858519e-04,-1.174249299e-03,-1.829244237e-03,-1.575147593e-03,-7.061064597e-04,-1.295837002e-04,
1.588787616e-01
l,3.5,-2.5
1.631,3.011,4.391,
3.277220818e-06,5.998640194e+00
3.711529134e-04,-2.709559465e-04,4.017712237e-06,1.363290501e-03,2.546844544e-03,4.445064571e-03,4.935770694e-03,2.654231464e-03,5.405728075e-04,
6.764235321e-05,-9.836625331e-05,-5.184666470e-05,-7.799521085e-04,-2.182839361e-03,-3.399556266e-03,-2.925761571e-03,-1.309956881e-03,-2.401851991e-04,
1.589272205e-01
l,3.5,-1.5
1.691,3.051,4.411,
5.542430408e-06,5.873184833e+00
7.262050058e-04,-4.973555675e-04,-2.323699511e-05,2.807944166e-03,5.289462162e-03,8.844822547e-03,9.750339591e-03,5.315966541e-03,1.104938727e-03,
1.379847942e-04,-2.007782980e-04,-1.134292027e-04,-1.651678937e-03,-4.678257538e-03,-7.366920587e-03,-6.423048524e-03,-2.914319896e-03,-5.415185052e-04,
1.589269646e-01
l,3.5,-0.5
1.751,3.091,4.451,
9.365229005e-06,5.841514209e+00
1.428785967e-03,-9.445277623e-04,-1.277456890e-04,5.457396528e-03,1.002875634e-02,1.640558973e-02,1.837900503e-02,1.027167551e-02,2.187484693e-03,
2.734176301e-04,-3.983131513e-04,-2.161115501e-04,-3.215451938e-03,-9.099117703e-03,-1.432045517e-02,-1.248084494e-02,-5.659248496e-03,-1.051090492e-03,
1.589580942e-01
l,3.5,0.5
1.771,3.111,4.471,
1.594890731e-05,5.849861507e+00
2.868697979e-03,-1.755785815e-03,-4.749750696e-04,1.105433286e-02,1.951367730e-02,2.902325466e-02,3.176967679e-02,1.792244941e-02,3.873779576e-03,
5.575498583e-04,-8.124222761e-04,-4.651310622e-04,-6.702830785e-03,-1.897749131e-02,-2.984206785e-02,-2.598771860e-02,-1.176723959e-02,-2.182180942e-03,
1.589581318e-01
l,3.5,1.5
1.811,3.131,4.471,
2.967375559e-05,5.801300313e+00
5.782709923e-03,-3.364255848e-03,-1.085723545e-03,2.290878231e-02,4.258907526e-02,6.471662086e-02,7.092137877e-02,4.019219604e-02,8.768709528e-03,
1.170261987e-03,-1.703526618e-03,-9.304482930e-04,-1.387576628e-02,-3.973001241e-02,-6.321197003e-02,-5.581451315e-02,-2.563200360e-02,-4.820154575e-03,
1.589875986e-01
l,3.5,2.5
1.851,3.131,4.411,
6.026643430e-05,5.679976187e+00
1.199220959e-02,-6.638988980e-03,-1.724733302e-03,5.518364857e-02,1.056861672e-01,1.576721562e-01,1.726241372e-01,1.001913364e-01,2.261120873e-02,
2.677128785e-03,-3.879123183e-03,-2.723513008e-03,-3.566976018e-02,-1.059709083e-01,-1.747166437e-01,-1.607084693e-01,-7.718442062e-02,-1.520416615e-02,
1.590143785e-01
l,3.5,3.5
1.851,3.071,4.311,
1.038019556e-04,5.894401978e+00
2.605487034e-02,-1.019254830e-02,-6.675253277e-03,1.517975950e-01,3.482494732e-01,5.009587328e-01,4.953644595e-01,2.739505399e-01,6.155865805e-02,
6.470794728e-03,-9.280949261e-03,-8.069420924e-03,-1.026870174e-01,-3.263767640e-01,-5.647953102e-01,-5.409021535e-01,-2.686040777e-01,-5.437473242e-02,
1.591445545e-01
l,4.5,-4.5
2.111,3.471,4.851,
3.043207478e-08,7.365819023e+00
4.320590961e-05,-2.973611376e-05,-3.627894315e-06,1.577628345e-04,2.840696705e-04,4.671264777e-04,5.228283369e-04,2.896561002e-04,6.095055556e-05,
7.813427590e-06,-1.153224784e-05,-5.865974348e-06,-9.115936439e-05,-2.547016784e-04,-3.964306799e-04,-3.410155535e-04,-1.524600928e-04,-2.791084762e-05,
1.589087225e-01
l,4.5,-3.5
2.171,3.531,4.891,
5.019227813e-08,7.226060029e+00
8.238141891e-05,-5.405000860e-05,-1.076214496e-05,3.057666311e-04,5.174376297e-04,7.798402011e-04,8.697094857e-04,4.927366156e-04,1.061205014e-04,
1.547126732e-05,-2.286068414e-05,-1.240141460e-05,-1.858420068e-04,-5.249351629e-04,-8.257579758e-04,-7.193471899e-04,-3.259880571e-04,-6.052957652e-05,
1.589269416e-01
l,4.5,-2.5
2.231,3.591,4.951,
7.751907482e-08,7.231652933e+00
1.577325020e-04,-9.928379742e-05,-2.873697621e-05,5.888862472e-04,9.443085005e-04,1.262314943e-03,1.360105410e-03,7.760165781e-04,1.693345048e-04,
2.974133003e-05,-4.401923977e-05,-2.547496979e-05,-3.676853040e-04,-1.038678931e-03,-1.632671077e-03,-1.420860954e-03,-6.430885414e-04,-1.192802686e-04,
1.589582610e-01
l,4.5,-1.5
2.291,3.651,5.031,
1.312205357e-07,7.172864511e+00
3.028886858e-04,-1.858351248e-04,-7.793875428e-05,1.067037148e-03,1.643220396e-03,2.034861771e-03,2.164454138e-03,1.251193643e-03,2.768511668e-04,
5.548275076e-05,-8.229358416e-05,-4.161303904e-05,-6.468709988e-04,-1.801942556e-03,-2.798105597e-03,-2.400542960e-03,-1.069226532e-03,-1.951741256e-04,
1.589578322e-01
l,4.5,-0.5
2.331,3.691,5.071,
2.136992171e-07,7.191747228e+00
5.914508947e-04,-3.393333424e-04,-1.764452807e-04,2.119461011e-03,3.349466685e-03,3.925385406e-03,3.962808472e-03,2.253796228e-03,4.975951344e-04,
1.098311663e-04,-1.630645414e-04,-8.640877070e-05,-1.308506518e-03,-3.649253334e-03,-5.663951809e-03,-4.857517759e-03,-2.161191162e-03,-3.937916159e-04,
1.589889428e-01
l,4.5,0.5
2.371,3.731,5.111,
3.666914774e-07,7.190167346e+00
1.164262998e-03,-6.479057068e-04,-3.875021802e-04,4.155117119e-03,6.384192695e-03,6.851947615e-03,6.674986905e-03,3.824452811e-03,8.560875150e-04,
2.173469188e-04,-3.229788812e-04,-1.693190095e-04,-2.574212673e-03,-7.174248986e-03,-1.112814019e-02,-9.538646964e-03,-4.241068430e-03,-7.723972021e-04,
1.589890417e-01
l,4.5,1.5
2.411,3.791,5.171,
6.912363538e-07,7.132299583e+00
2.280551940e-03,-1.324359817e-03,-7.210925820e-04,8.034952864e-03,1.236547528e-02,1.330947347e-02,1.264452375e-02,7.027946155e-03,1.533347133e-03,
4.175007077e-04,-6.211877554e-04,-3.207964373e-04,-4.956990373e-03,-1.379887959e-02,-2.141371379e-02,-1.834487408e-02,-8.149086732e-03,-1.483065899e-03,
1.590174987e-01
l,4.5,2.5
2.431,3.751,5.091,
1.250413425e-06,7.144678335e+00
4.718679003e-03,-2.055991953e-03,-1.812212230e-03,1.842372512e-02,3.455356440e-02,4.191888862e-02,3.932942504e-02,2.136694733e-02,4.670460800e-03,
9.865727856e-04,-1.463715649e-03,-7.968105329e-04,-1.195741406e-02,-3.417863891e-02,-5.422092174e-02,-4.779067894e-02,-2.184657258e-02,-4.081678159e-03,
1.589503022e-01
l,4.5,3.5
2.471,3.791,5.111,
2.872374012e-06,6.930120139e+00
9.638792835e-03,-4.850618101e-03,-3.179926032e-03,3.913251841e-02,6.428259046e-02,6.938329239e-02,6.617526376e-02,3.831210472e-02,8.828439154e-03,
2.009813757e-03,-2.979139943e-03,-1.872467335e-03,-2.588414575e-02,-7.478152049e-02,-1.200511083e-01,-1.071658876e-01,-4.978511923e-02,-9.480124203e-03,
1.590185344e-01
l,4.5,4.5
2.491,3.771,5.051,
5.220905931e-06,7.039244794e+00
2.042574994e-02,-8.463979951e-03,-8.519821204e-03,9.255950519e-02,1.741026404e-01,1.857209757e-01,1.543681994e-01,8.177876277e-02,1.835548680e-02,
4.601592934e-03,-6.785043990e-03,-4.514861628e-03,-6.157124609e-02,-1.821722108e-01,-2.995122212e-01,-2.745081958e-01,-1.309241246e-01,-2.559433915e-02,
1.590823800e-01
l,5.5,-5.5
2.651,4.031,5.411,
1.986311079e-10,9.170229043e+00
9.173962098e-06,-6.132630416e-06,-1.840223270e-06,3.179069595e-05,4.713252652e-05,5.981103676e-05,6.480908896e-05,3.729189366e-05,8.147308552e-06,
1.618189555e-06,-2.422916363e-06,-1.254239699e-06,-1.940283324e-05,-5.399615776e-05,-8.391358261e-05,-7.200169106e-05,-3.209717138e-05,-5.867047226e-06,
1.589561465e-01
l,5.5,-4.5
2.711,4.091,5.471,
2.443808829e-10,9.341191047e+00
1.730551958e-05,-1.058012956e-05,-4.750985481e-06,6.027064410e-05,9.181822512e-05,1.050368244e-04,1.043985100e-04,5.841285497e-05,1.266976743e-05,
3.106565169e-06,-4.657749761e-06,-2.416085855e-06,-3.743838655e-05,-1.041797832e-04,-1.617459912e-04,-1.386489920e-04,-6.165410510e-05,-1.123206823e-05,
1.589565886e-01
l,5.5,-3.5
2.791,4.151,5.531,
4.951915154e-10,9.050194472e+00
3.274095070e-05,-1.884729327e-05,-1.057499663e-05,1.139065597e-04,1.817094758e-04,2.117646734e-04,2.104862020e-04,1.184542035e-04,2.599132140e-05,
5.963224600e-06,-8.952601407e-06,-4.283105370e-06,-6.967982447e-05,-1.937178151e-04,-3.006278098e-04,-2.577048118e-04,-1.144943987e-04,-2.082910191e-05,
1.589578397e-01
l,5.5,-2.5
2.851,4.211,5.571,
9.489818937e-10,8.849099860e+00
6.236288755e-05,-3.460310804e-05,-2.016254981e-05,2.263883650e-04,3.620292771e-04,4.006414878e-04,3.831742635e-04,2.144066652e-04,4.728980088e-05,
1.179454504e-05,-1.772235616e-05,-9.273155930e-06,-1.432404722e-04,-4.031226522e-04,-6.325314483e-04,-5.494939289e-04,-2.477053057e-04,-4.572961956e-05,
1.589582065e-01
l,5.5,-1.5
2.911,4.271,5.631,
1.716687957e-09,8.742139874e+00
1.195678997e-04,-6.488881949e-05,-4.083481762e-05,4.417303053e-04,6.966620468e-04,7.095078276e-04,6.397541556e-04,3.550212776e-04,7.888589549e-05,
2.263985096e-05,-3.406124181e-05,-1.890378364e-05,-2.817414186e-04,-7.932241055e-04,-1.244112020e-03,-1.080176204e-03,-4.867105960e-04,-8.983386452e-05,
1.589887603e-01
l,5.5,-0.5
2.951,4.331,5.711,
2.891132176e-09,8.730130224e+00
2.301591012e-04,-1.244033276e-04,-8.957990657e-05,8.028204383e-04,1.212020659e-03,1.106506117e-03,9.356637167e-04,5.163037107e-04,1.152716530e-04,
4.216254122e-05,-6.353615946e-05,-3.163232324e-05,-5.009480939e-04,-1.391485618e-03,-2.156180527e-03,-1.845261498e-03,-8.182197362e-04,-1.486192669e-04,
1.590197574e-01
l,5.5,0.5
2.991,4.351,5.731,
5.087364069e-09,8.701049477e+00
4.549557052e-04,-2.137970647e-04,-2.000549461e-04,1.671507737e-03,2.793575975e-03,2.642935265e-03,2.085889951e-03,1.083860691e-03,2.364556388e-04,
8.590589555e-05,-1.295000785e-04,-7.012275226e-05,-1.053057259e-03,-2.930848975e-03,-4.536904725e-03,-3.881125729e-03,-1.718495031e-03,-3.112916260e-04,
1.589889052e-01
l,5.5,1.5
3.031,4.411,5.791,
1.041773363e-08,8.564587816e+00
8.915946237e-04,-4.568369783e-04,-3.927210582e-04,3.183829353e-03,4.635648552e-03,3.331600611e-03,2.226013267e-03,1.211319676e-03,2.862394949e-04,
1.648334711e-04,-2.487550958e-04,-1.310466760e-04,-1.990669871e-03,-5.527815409e-03,-8.553509663e-03,-7.310748123e-03,-3.238849079e-03,-5.882234120e-04,
1.590161239e-01
l,5.5,2.5
3.051,4.471,5.911,
1.335734623e-08,8.891788887e+00
1.743581030e-03,-9.028627080e-04,-9.488885088e-04,4.908829397e-03,6.573059490e-03,3.625291219e-03,1.768846565e-03,9.436989449e-04,2.361816918e-04,
2.887952088e-04,-4.367795729e-04,-1.205311265e-04,-2.686644557e-03,-6.857584410e-03,-1.002391528e-02,-8.094150839e-03,-3.380999320e-03,-5.823436246e-04,
1.590392080e-01
l,5.5,3.5
3.091,4.431,5.771,
3.937293541e-08,8.474298399e+00
3.598331008e-03,-1.410490759e-03,-1.567848197e-03,1.392655554e-02,2.710802159e-02,3.081850829e-02,2.593284704e-02,1.307968318e-02,2.739450911e-03,
7.486817009e-04,-1.128607375e-03,-6.256443475e-04,-9.358730180e-03,-2.669882722e-02,-4.230851175e-02,-3.725356112e-02,-1.698642370e-02,-3.161767074e-03,
1.589550876e-01
l,5.5,4.5
3.111,4.451,5.811,
8.159230967e-08,8.395184524e+00
7.429285906e-03,-3.127399196e-03,-3.680756907e-03,2.781078005e-02,4.631746305e-02,3.986366687e-02,2.902216536e-02,1.523826139e-02,3.473867826e-03,
1.479789451e-03,-2.230533142e-03,-1.195846973e-03,-1.797299002e-02,-5.054964178e-02,-7.905202230e-02,-6.852002528e-02,-3.076980916e-02,-5.654188214e-03,
1.590180497e-01
l,5.5,5.5
3.131,4.451,5.791,
1.667634342e-07,8.382447328e+00
1.557741966e-02,-5.903971097e-03,-8.507024784e-03,6.377962404e-02,1.168132644e-01,1.024640327e-01,6.551592953e-02,2.995033172e-02,6.408640773e-03,
3.198657179e-03,-4.809470181e-03,-2.812740797e-03,-4.059159207e-02,-1.154390807e-01,-1.825008559e-01,-1.599595167e-01,-7.263034537e-02,-1.350117236e-02,
1.590822559e-01
l,6.5,-6.5
3.211,4.571,5.931,
4.757303240e-13,1.144693872e+01
1.910515039e-06,-1.139988970e-06,-5.641526367e-07,6.711971639e-06,1.028075988e-05,1.188085175e-05,1.219108890e-05,7.057995838e-06,1.578156267e-06,
3.520691042e-07,-5.328588245e-07,-2.571922525e-07,-4.195660919e-06,-1.178499874e-05,-1.850537845e-05,-1.608600506e-05,-7.259464342e-06,-1.342517634e-06,
1.589261943e-01
l,6.5,-5.5
3.291,4.651,6.011,
8.373698273e-13,1.127479488e+01
3.553280976e-06,-2.071172647e-06,-1.188203764e-06,1.256910228e-05,1.835510891e-05,1.794062674e-05,1.694456820e-05,9.860733668e-06,2.249800701e-06,
6.552058519e-07,-9.931281275e-07,-4.971898277e-07,-7.903549322e-06,-2.217849650e-05,-3.478506282e-05,-3.019428509e-05,-1.360841451e-05,-2.514894230e-06,
1.589555033e-01
l,6.5,-4.5
3.351,4.731,6.111,
1.457918101e-12,1.114106558e+01
6.626691174e-06,-3.777618145e-06,-2.539117211e-06,2.298633934e-05,3.313817600e-05,2.839598906e-05,2.382110890e-05,1.351871382e-05,3.094305443e-06,
1.182915958e-06,-1.796223834e-06,-8.723354843e-07,-1.408083737e-05,-3.902576742e-05,-6.047136587e-05,-5.172448540e-05,-2.293583694e-05,-4.170563181e-06,
1.590178580e-01
l,6.5,-3.5
3.411,4.791,6.191,
1.929055930e-12,1.125763093e+01
1.252107995e-05,-6.564405544e-06,-5.834862162e-06,4.200450795e-05,6.436846229e-05,5.387296964e-05,4.026858747e-05,2.118782723e-05,4.702358118e-06,
2.200177793e-06,-3.345555255e-06,-1.114024057e-06,-2.178565109e-05,-5.708526444e-05,-8.542036288e-05,-7.103250924e-05,-3.068273201e-05,-5.466043361e-06,
1.590195820e-01
l,6.5,-2.5
3.471,4.851,6.251,
4.045589294e-12,1.101818092e+01
2.373218922e-05,-1.179620478e-05,-1.165574102e-05,7.806443522e-05,1.242562097e-04,1.086620733e-04,8.218180058e-05,4.259251890e-05,9.316516184e-06,
4.218027015e-06,-6.420389924e-06,-2.038525310e-06,-4.133203568e-05,-1.082929261e-04,-1.620114465e-04,-1.347418917e-04,-5.812606716e-05,-1.032638336e-05,
1.590203238e-01
l,6.5,-1.5
3.531,4.911,6.291,
8.279823628e-12,1.082386563e+01
4.530102888e-05,-2.212691024e-05,-2.113952633e-05,1.550565235e-04,2.500654396e-04,2.212610308e-04,1.657243891e-04,8.452144939e-05,1.827878421e-05,
8.334177484e-06,-1.269413028e-05,-5.838757660e-06,-9.776754885e-05,-2.708253919e-04,-4.191179463e-04,-3.582067719e-04,-1.582789755e-04,-2.861369299e-05,
1.589883301e-01
l,6.5,-0.5
3.591,4.971,6.351,
2.205561615e-11,1.045251024e+01
8.710865950e-05,-4.270376791e-05,-4.080241041e-05,3.015526197e-04,4.802236131e-04,4.043023560e-04,2.882152767e-04,1.457808744e-04,3.184692621e-05,
1.597819644e-05,-2.436084508e-05,-1.148740605e-05,-1.892238428e-04,-5.241917666e-04,-8.110741795e-04,-6.930077812e-04,-3.062372439e-04,-5.538955653e-05,
1.590191223e-01
l,6.5,0.5
3.631,5.011,6.411,
4.063325993e-11,1.039270439e+01
1.697904954e-04,-7.719405090e-05,-9.125377364e-05,5.656854076e-04,9.459630278e-04,8.055509803e-04,5.501425930e-04,2.659027320e-04,5.676390508e-05,
3.062444047e-05,-4.673535104e-05,-1.486667904e-05,-3.003390713e-04,-7.864266098e-04,-1.174727134e-03,-9.757669578e-04,-4.198919587e-04,-7.434930815e-05,
1.590195565e-01
l,6.5,1.5
3.671,5.031,6.391,
9.782040024e-11,1.013747509e+01
3.354699875e-04,-1.359111405e-04,-1.635303276e-04,1.241774498e-03,2.212788525e-03,2.078372605e-03,1.509947097e-03,7.335494645e-04,1.551584441e-04,
6.628483268e-05,-1.011196866e-04,-5.350965123e-05,-8.210957243e-04,-2.309190827e-03,-3.612721700e-03,-3.133619071e-03,-1.406365296e-03,-2.578613958e-04,
1.589514642e-01
l,6.5,2.5
3.711,5.111,6.531,
1.508666039e-10,1.026112937e+01
6.613385049e-04,-3.297596554e-04,-3.975884840e-04,2.095045342e-03,2.491107556e-03,1.698961279e-05,-1.278457666e-03,-7.014158443e-04,-1.176196545e-04,
1.124960681e-04,-1.719856251e-04,-6.330267216e-05,-1.131708980e-03,-2.922207222e-03,-4.304839333e-03,-3.515297434e-03,-1.492846902e-03,-2.625593238e-04,
1.590657401e-01
l,6.5,3.5
3.711,5.131,6.571,
2.249074042e-10,1.043940364e+01
1.307739993e-03,-5.364686669e-04,-8.665084383e-04,3.774303853e-03,6.441474314e-03,4.605080777e-03,2.094059737e-03,7.071806399e-04,1.297592110e-04,
2.221668057e-04,-3.398199281e-04,-9.061829573e-05,-2.078029617e-03,-5.280775542e-03,-7.680121441e-03,-6.163702944e-03,-2.544344199e-03,-4.315594248e-04,
1.590155698e-01
l,6.5,4.5
3.751,5.111,6.491,
7.532084031e-10,9.991587080e+00
2.672774950e-03,-8.764323034e-04,-1.491461870e-03,9.535229123e-03,1.970108350e-02,2.129112788e-02,1.596168700e-02,7.307441556e-03,1.438632615e-03,
5.270827243e-04,-8.049575675e-04,-3.930846871e-04,-6.336808635e-03,-1.761185751e-02,-2.722211839e-02,-2.327451300e-02,-1.024718562e-02,-1.836682139e-03,
1.589836598e-01
l,6.5,5.5
3.771,5.131,6.491,
2.034142449e-09,9.729369816e+00
5.504352972e-03,-1.982516780e-03,-2.913096325e-03,2.084412062e-02,3.890753960e-02,3.642138206e-02,2.493288286e-02,1.144530276e-02,2.351840563e-03,
1.106677214e-03,-1.689065684e-03,-9.355260003e-04,-1.391003237e-02,-3.912301493e-02,-6.113556157e-02,-5.296970787e-02,-2.373124968e-02,-4.341291510e-03,
1.590175514e-01
l,6.5,6.5
3.791,5.151,6.511,
4.234480493e-09,9.703085908e+00
1.145995036e-02,-4.378708504e-03,-6.719499749e-03,4.331251409e-02,7.632103623e-02,5.882919025e-02,3.062560427e-02,1.217857972e-02,2.507127310e-03,
2.252434267e-03,-3.434664265e-03,-1.769378203e-03,-2.745277455e-02,-7.689216563e-02,-1.199949582e-01,-1.036529029e-01,-4.629992787e-02,-8.463325356e-03,
1.590511770e-01
l,7.5,-7.5
3.791,5.171,6.551,
3.360108008e-16,1.427029504e+01
3.783439979e-07,-2.319464600e-07,-1.314282066e-07,1.272331319e-06,1.856633475e-06,1.789311416e-06,1.612292902e-06,9.003350243e-07,1.995029051e-07,
6.528915327e-08,-9.985741269e-08,-4.522010003e-08,-7.724545594e-07,-2.135536215e-06,-3.311712568e-06,-2.831814830e-06,-1.254725484e-06,-2.280038165e-07,
1.590202104e-01
l,7.5,-6.5
3.871,5.231,6.611,
6.667167495e-16,1.400562940e+01
7.053694162e-07,-3.872161641e-07,-2.888246893e-07,2.406874354e-06,3.912474088e-06,4.033237180e-06,3.530228021e-06,1.893963974e-06,4.111373940e-07,
1.250758868e-07,-1.914723408e-07,-8.418853441e-08,-1.466098060e-06,-4.054022535e-06,-6.281156002e-06,-5.369202891e-06,-2.373724125e-06,-4.296464199e-07,
1.589877317e-01
l,7.5,-5.5
3.931,5.291,6.651,
1.241356118e-15,1.380846441e+01
1.321478976e-06,-6.629969385e-07,-5.511472657e-07,4.777596125e-06,8.077341261e-06,8.194160262e-06,6.847480588e-06,3.593601352e-06,7.778290483e-07,
2.470915888e-07,-3.784847351e-07,-1.882310800e-07,-3.039585085e-06,-8.525591226e-06,-1.335951029e-05,-1.158616638e-05,-5.202395787e-06,-9.557373203e-07,
1.589849008e-01
l,7.5,-4.5
4.011,5.351,6.711,
4.275406078e-15,1.320126640e+01
2.492027079e-06,-1.154476685e-06,-1.133299014e-06,9.460587762e-06,1.653254870e-05,1.601334875e-05,1.237268727e-05,6.288188808e-06,1.364537105e-06,
4.733906815e-07,-7.257565629e-07,-3.907844639e-07,-5.974394103e-06,-1.676791152e-05,-2.623800572e-05,-2.273026790e-05,-1.019670026e-05,-1.871760474e-06,
1.589848318e-01
l,7.5,-3.5
4.071,5.431,6.811,
7.904547029e-15,1.306984264e+01
4.671978786e-06,-2.202524746e-06,-2.344706385e-06,1.686075765e-05,2.792183404e-05,2.315205106e-05,1.529040944e-05,7.390696233e-06,1.611744282e-06,
8.530526309e-07,-1.309683136e-06,-6.413275071e-07,-1.032036934e-05,-2.855602052e-05,-4.412816559e-05,-3.764790717e-05,-1.660997221e-05,-3.000903799e-06,
1.590185734e-01
l,7.5,-2.5
4.131,5.511,6.891,
1.374723717e-14,1.300261560e+01
8.775617061e-06,-4.233195883e-06,-4.394345805e-06,3.109816653e-05,5.146237550e-05,4.195754936e-05,2.615608486e-05,1.183020210e-05,2.458987418e-06,
1.584533416e-06,-2.435417318e-06,-1.175695093e-06,-1.916800928e-05,-5.297188352e-05,-8.185033585e-05,-6.976550086e-05,-3.073339527e-05,-5.543860633e-06,
1.590198154e-01
l,7.5,-1.5
4.171,5.551,6.951,
2.694734220e-14,1.286367524e+01
1.686174983e-05,-7.081913042e-06,-9.682810738e-06,5.806181624e-05,1.053269183e-04,9.352812631e-05,5.979695226e-05,2.601513729e-05,5.171502937e-06,
3.034748395e-06,-4.668182891e-06,-1.580771033e-06,-3.070912078e-05,-8.031262595e-05,-1.197791928e-04,-9.925013211e-05,-4.253164199e-05,-7.493058163e-06,
1.590181312e-01
l,7.5,-0.5
4.231,5.611,6.991,
9.096706463e-14,1.236600319e+01
3.230222865e-05,-1.360934425e-05,-1.703476582e-05,1.169575700e-04,2.147827684e-04,1.996809551e-04,1.341984094e-04,5.967116352e-05,1.186761915e-05,
5.993543658e-06,-9.224438189e-06,-4.655219500e-06,-7.394058073e-05,-2.047628681e-04,-3.163217663e-04,-2.697725662e-04,-1.187333056e-04,-2.135183031e-05,
1.590173091e-01
l,7.5,0.5
4.271,5.651,7.051,
1.402954675e-13,1.243316824e+01
6.291569298e-05,-2.426550873e-05,-3.776361852e-05,2.209688719e-04,4.158749486e-04,3.669591283e-04,2.191533904e-04,8.778374044e-05,1.652147568e-05,
1.147775952e-05,-1.767886623e-05,-6.425787966e-06,-1.185139686e-04,-3.102270205e-04,-4.621566954e-04,-3.826270524e-04,-1.637500240e-04,-2.879029253e-05,
1.590181908e-01
l,7.5,1.5
4.311,5.711,7.131,
3.139092912e-13,1.226131059e+01
1.212347997e-04,-4.767733576e-05,-7.838168540e-05,3.473951236e-04,6.173350991e-04,5.090575200e-04,3.010565898e-04,1.260184874e-04,2.478083217e-05,
2.130972676e-05,-3.285636393e-05,-9.104365641e-06,-2.051500282e-04,-5.284075838e-04,-7.785852624e-04,-6.354569701e-04,-2.667896369e-04,-4.589395329e-05,
1.590085444e-01
l,7.5,2.5
4.351,5.691,7.031,
1.415515616e-12,1.160315933e+01
2.455949143e-04,-7.711428979e-05,-1.269455819e-04,1.016199898e-03,1.928811448e-03,1.716739240e-03,1.051178102e-03,4.472766669e-04,9.069832662e-05,
5.216903878e-05,-8.033023890e-05,-5.126839818e-05,-6.951227778e-04,-1.980117278e-03,-3.123684712e-03,-2.743417191e-03,-1.249810764e-03,-2.327118844e-04,
1.588744610e-01
l,7.5,3.5
4.371,5.791,7.211,
1.341967936e-12,1.206933534e+01
4.810549144e-04,-1.990856062e-04,-3.233140568e-04,1.625503912e-03,2.594398721e-03,1.195919390e-03,-1.571294314e-04,-2.846693989e-04,-6.381138001e-05,
8.310813357e-05,-1.282619199e-04,-4.890212629e-05,-8.604443153e-04,-2.218071718e-03,-3.256751460e-03,-2.648083119e-03,-1.115290138e-03,-1.940378062e-04,
1.590448585e-01
l,7.5,4.5
4.391,5.831,7.271,
3.063680132e-12,1.194530843e+01
9.479345172e-04,-3.754026947e-04,-6.612976755e-04,2.811257436e-03,5.006717116e-03,3.500804166e-03,1.295302497e-03,2.819409615e-04,3.468231906e-05,
1.590962164e-04,-2.457000044e-04,-6.553027871e-05,-1.504034639e-03,-3.807144748e-03,-5.521464940e-03,-4.413944009e-03,-1.813333728e-03,-3.063591223e-04,
1.590390813e-01
l,7.5,5.5
4.411,5.811,7.231,
8.487216550e-12,1.168459967e+01
1.932882005e-03,-5.822395869e-04,-1.371390448e-03,5.489592178e-03,1.101881491e-02,9.935260344e-03,5.884394877e-03,2.274705192e-03,4.111520673e-04,
3.553277842e-04,-5.483771266e-04,-1.525647883e-04,-3.411389191e-03,-8.803520851e-03,-1.295424270e-02,-1.057435335e-02,-4.426836096e-03,-7.562786672e-04,
1.590115033e-01
l,7.5,6.5
4.431,5.811,7.191,
3.304837156e-11,1.120801867e+01
3.991519101e-03,-1.147615781e-03,-2.384262878e-03,1.441820390e-02,2.998906355e-02,3.021522696e-02,2.029973401e-02,8.541453894e-03,1.604732123e-03,
7.935708129e-04,-1.223592968e-03,-6.320852177e-04,-9.817081788e-03,-2.727340304e-02,-4.209450674e-02,-3.596322426e-02,-1.582139747e-02,-2.832891619e-03,
1.590180823e-01
l,7.5,7.5
4.451,5.831,7.211,
8.596074936e-11,1.103205045e+01
8.318617009e-03,-2.693131050e-03,-5.269932009e-03,3.055736362e-02,5.861411776e-02,4.931374737e-02,2.650443890e-02,9.738949494e-03,1.788941936e-03,
1.615302305e-03,-2.489288291e-03,-1.239575381e-03,-1.958332540e-02,-5.421083445e-02,-8.352721098e-02,-7.115382211e-02,-3.125257455e-02,-5.603986174e-03,
1.590508609e-01
l,8.5,-8.5
4.391,5.711,7.051,
2.205891391e-19,1.672863433e+01
7.636676713e-08,-4.048189563e-08,-2.959808195e-08,2.929714626e-07,4.897615131e-07,5.031153354e-07,4.388545363e-07,2.415989378e-07,5.455239137e-08,
1.442253766e-08,-2.221487218e-08,-1.187248405e-08,-1.841853648e-07,-5.220675569e-07,-8.272904874e-07,-7.268478163e-07,-3.314391067e-07,-6.194159440e-08,
1.589533079e-01
l,8.5,-7.5
4.451,5.811,7.171,
9.960673352e-20,1.747362140e+01
1.393190985e-07,-7.573597417e-08,-5.984764214e-08,5.035364979e-07,7.703703557e-07,6.258245942e-07,4.448108089e-07,2.311818394e-07,5.190452896e-08,
2.518726375e-08,-3.885543468e-08,-1.903974900e-08,-3.099219300e-07,-8.659690622e-07,-1.355430181e-06,-1.172844225e-06,-5.260723748e-07,-9.678684732e-08,
1.590193734e-01
l,8.5,-6.5
4.531,5.891,7.271,
4.704537113e-19,1.667025438e+01
2.572047890e-07,-1.323383330e-07,-1.238876760e-07,9.160288557e-07,1.516541194e-06,1.322305519e-06,9.220830877e-07,4.479770795e-07,9.583732493e-08,
4.533450822e-08,-7.002276882e-08,-3.213752423e-08,-5.435523093e-07,-1.498834734e-06,-2.316682647e-06,-1.973956372e-06,-8.694680031e-07,-1.569557555e-07,
1.590168233e-01
l,8.5,-5.5
4.591,5.971,7.351,
4.580004142e-19,1.692712191e+01
4.754357974e-07,-2.383592831e-07,-2.341862371e-07,1.627947061e-06,2.749387401e-06,2.467191978e-06,1.719153447e-06,8.044777600e-07,1.645195318e-07,
8.414287843e-08,-1.300913324e-07,-5.647197975e-08,-9.951297599e-07,-2.742769965e-06,-4.240333331e-06,-3.613484894e-06,-1.589547846e-06,-2.861744740e-07,
1.590113646e-01
l,8.5,-4.5
4.671,6.031,7.391,
4.218810420e-18,1.573410381e+01
8.925280213e-07,-4.134997668e-07,-4.201865573e-07,3.250726899e-06,5.945163671e-06,6.045906767e-06,4.619986105e-06,2.225584219e-06,4.573707879e-07,
1.661287305e-07,-2.569700254e-07,-1.257652681e-07,-2.066967140e-06,-5.784838840e-06,-9.055826676e-06,-7.840306093e-06,-3.507304215e-06,-6.412648134e-07,
1.590107306e-01
l,8.5,-3.5
4.731,6.091,7.451,
1.004121446e-17,1.544719016e+01
1.687824010e-06,-7.475514130e-07,-8.382957722e-07,6.156418897e-06,1.104093309e-05,1.040689955e-05,7.388480336e-06,3.472498997e-06,7.159829955e-07,
3.180015667e-07,-4.922352551e-07,-2.404582364e-07,-3.934563449e-06,-1.101279545e-05,-1.722610183e-05,-1.491281539e-05,-6.672839049e-06,-1.220548038e-06,
1.590150495e-01
l,8.5,-2.5
4.771,6.131,7.511,
1.955077735e-17,1.531020003e+01
3.238893896e-06,-1.213014434e-06,-1.859293042e-06,1.215545356e-05,2.341253315e-05,2.165223334e-05,1.370223352e-05,5.761296731e-06,1.121711698e-06,
6.086665695e-07,-9.428084981e-07,-4.970373659e-07,-7.666176050e-06,-2.122599022e-05,-3.273814849e-05,-2.788939083e-05,-1.225696260e-05,-2.200323052e-06,
1.590170134e-01
l,8.5,-1.5
4.831,6.211,7.591,
5.506356915e-17,1.495912198e+01
6.122242212e-06,-2.464349379e-06,-3.494909906e-06,2.249010471e-05,4.233554050e-05,3.779439756e-05,2.280609257e-05,9.179886429e-06,1.731626448e-06,
1.129334053e-06,-1.750892503e-06,-8.843228345e-07,-1.403581916e-05,-3.877796804e-05,-5.980104420e-05,-5.088622700e-05,-2.233386072e-05,-4.006572911e-06,
1.590136558e-01
l,8.5,-0.5
4.871,6.251,7.651,
8.718643195e-17,1.498457883e+01
1.179845003e-05,-4.129756617e-06,-7.500274321e-06,4.141740367e-05,8.299581988e-05,7.719670080e-05,4.664623069e-05,1.806023658e-05,3.247074514e-06,
2.161207667e-06,-3.352914313e-06,-1.196345909e-06,-2.242988877e-05,-5.861985238e-05,-8.721711235e-05,-7.210292267e-05,-3.074977770e-05,-5.379006001e-06,
1.590112752e-01
l,8.5,0.5
4.931,6.311,7.711,
5.096554526e-16,1.420300693e+01
2.272379061e-05,-8.382983096e-06,-1.454273061e-05,7.772968664e-05,1.490148563e-04,1.301047965e-04,7.505110431e-05,2.914558889e-05,5.426951868e-06,
4.135750215e-06,-6.420429876e-06,-2.048537103e-06,-4.145749573e-05,-1.080932543e-04,-1.607664697e-04,-1.329037934e-04,-5.671302563e-05,-9.937896483e-06,
1.590128355e-01
l,8.5,1.5
4.951,6.371,7.791,
4.059106220e-16,1.469547607e+01
4.419566176e-05,-1.643828867e-05,-3.088445228e-05,1.453947024e-04,2.723606638e-04,2.001338921e-04,7.410547197e-05,1.372339296e-05,1.084224527e-06,
7.673796661e-06,-1.192315355e-05,-4.181794777e-06,-7.856481097e-05,-2.018176471e-04,-2.956898642e-04,-2.395276887e-04,-1.000164902e-04,-1.718928601e-05,
1.590581001e-01
l,8.5,2.5
4.991,6.371,7.771,
2.000347135e-15,1.404520544e+01
8.557907859e-05,-2.185223936e-05,-5.442207396e-05,2.488676254e-04,5.701796362e-04,6.778897007e-04,5.343035055e-04,2.439747729e-04,4.673566790e-05,
1.661284964e-05,-2.580650706e-05,-6.570960852e-06,-1.618069075e-04,-4.259803773e-04,-6.392507940e-04,-5.356863759e-04,-2.299618661e-04,-4.001375950e-05,
1.589296135e-01
l,8.5,3.5
5.051,6.411,7.771,
2.014352989e-14,1.296582607e+01
1.729880023e-04,-5.506228623e-05,-9.755865173e-05,6.798887426e-04,1.308175063e-03,1.146790652e-03,6.634135926e-04,2.625435345e-04,5.050982464e-05,
3.489650544e-05,-5.420758632e-05,-3.161460389e-05,-4.545621536e-04,-1.276883982e-03,-1.990814734e-03,-1.723127933e-03,-7.715359557e-04,-1.410748204e-04,
1.589481336e-01
l,8.5,4.5
5.071,6.471,7.891,
1.849703947e-14,1.341308364e+01
3.438743879e-04,-1.189906984e-04,-2.506458250e-04,1.156115935e-03,2.087559084e-03,1.278416435e-03,2.095250824e-04,-8.599203817e-05,-2.858209792e-05,
6.085009907e-05,-9.464042553e-05,-3.358736902e-05,-6.199986037e-04,-1.595039230e-03,-2.336034399e-03,-1.895950517e-03,-7.946941913e-04,-1.372346811e-04,
1.590225092e-01
l,8.5,5.5
5.071,6.511,7.951,
3.431276895e-14,1.343650550e+01
6.828348851e-04,-2.260612565e-04,-5.096594540e-04,2.171278076e-03,4.375900695e-03,3.519909180e-03,1.502733597e-03,3.467611213e-04,3.604700498e-05,
1.164355340e-04,-1.811955100e-04,-5.824989635e-05,-1.162797406e-03,-2.946487744e-03,-4.260386975e-03,-3.395323034e-03,-1.388670734e-03,-2.332282722e-04,
1.590562203e-01
l,8.5,6.5
5.091,6.511,7.951,
8.866835076e-14,1.325333824e+01
1.379683963e-03,-3.712290049e-04,-1.062957561e-03,3.857124761e-03,8.418654227e-03,7.845106882e-03,4.402215489e-03,1.498641562e-03,2.363821585e-04,
2.444591617e-04,-3.803826142e-04,-1.024071606e-04,-2.343256141e-03,-5.945839871e-03,-8.615469928e-03,-6.890764870e-03,-2.812475535e-03,-4.676945930e-04,
1.590090363e-01
l,8.5,7.5
5.111,6.511,7.911,
3.455614517e-13,1.282212666e+01
2.832812956e-03,-7.224844450e-04,-2.007645079e-03,8.305948282e-03,1.741735017e-02,1.624611863e-02,9.691421950e-03,3.680868710e-03,6.502621930e-04,
5.463153691e-04,-8.495071863e-04,-2.759919690e-04,-5.537620356e-03,-1.451754234e-02,-2.162861492e-02,-1.795385208e-02,-7.655937655e-03,-1.330145068e-03,
1.590152323e-01
l,8.5,8.5
5.131,6.511,7.891,
1.660156786e-12,1.228227661e+01
5.929971114e-03,-1.487848180e-03,-3.784113007e-03,2.207481867e-02,4.784634021e-02,4.771881052e-02,3.008854755e-02,1.173376945e-02,2.086198049e-03,
1.183079900e-03,-1.838269451e-03,-9.863578344e-04,-1.495161633e-02,-4.148907223e-02,-6.393317383e-02,-5.452937606e-02,-2.393692057e-02,-4.276044280e-03,
1.590103895e-01
