l,0.0,-0.0
1.6499999911e-02,3.0164999962e+00,6.0165004730e+00,9.0165004730e+00,1.2016499519e+01,
3.0190040897e-04,1.9190559904e-02,6.8071152364e-01,-2.8900611913e-02,1.1602336286e-02,-1.2230408024e-02,1.8139814083e-03,
4.6936686622e+00,2.2740710951e+00,-8.9574763452e-02,1.1102676000e-03,5.7412819216e-03,-9.2951748256e-04,7.2112129534e-10,
1.0979565180e+01,2.0110218996e+00,6.3686061799e-03,-9.0950422739e-03,3.6122709812e-03,-4.7566454658e-04,-9.2419651834e-12,
1.7001619633e+01,2.0040373463e+00,-5.3006757733e-04,5.8319206956e-05,-1.8345361004e-07,-8.0881408783e-07,8.2526216784e-13,
2.3010325483e+01,2.0021020061e+00,-1.9333563449e-04,1.8495807428e-05,-8.0987664039e-07,-1.6169758496e-07,8.6350072873e-13,
l,1.0,-1.0
1.6499999911e-02,3.0164999962e+00,6.0165004730e+00,9.0165004730e+00,1.2016499519e+01,
2.0332291513e+00,2.0261837840e+00,8.0086474704e-01,-1.6276034082e-03,-3.7023340351e-03,-2.2676710121e-04,-1.2241647539e-04,
1.4832861174e+01,6.0951096818e+00,4.5890698673e-01,-2.2577925513e-01,3.8941100855e-02,-2.0140904159e-03,-2.4921547896e-09,
3.3815692018e+01,6.1257770087e+00,-5.6936844813e-02,1.8162571667e-02,-3.4019087492e-03,2.7856473764e-04,-2.2408345515e-11,
5.1963046902e+01,6.0214897747e+00,-7.2927532432e-03,3.6845472642e-03,-1.1005650943e-03,1.2726496101e-04,-3.0657369185e-11,
7.0003087994e+01,6.0092795844e+00,-8.9388795891e-04,7.7111979912e-05,-3.7819367981e-06,-9.0111791250e-08,-4.5982413769e-13,
l,1.0,0.0
1.6499999911e-02,3.0164999962e+00,6.0165004730e+00,9.0165004730e+00,1.2016499519e+01,
2.0001074789e+00,1.3245538265e-02,3.9982839779e-01,-2.7629950798e-04,-6.8693047230e-03,-7.8086197096e-05,1.0219584844e-04,
5.1027822000e+00,2.1415696856e+00,-7.7931623944e-01,6.8734832175e-01,-2.2940242755e-01,2.6708347646e-02,3.2982785528e-08,
1.0979565180e+01,2.0110218996e+00,6.3686061799e-03,-9.0950422739e-03,3.6122709812e-03,-4.7566454658e-04,-9.2419651834e-12,
1.7001619633e+01,2.0040373463e+00,-5.3006757733e-04,5.8319206956e-05,-1.8345361004e-07,-8.0881408783e-07,8.2526216784e-13,
2.3010325483e+01,2.0021020061e+00,-1.9333563449e-04,1.8495807428e-05,-8.0987664039e-07,-1.6169758496e-07,8.6350072873e-13,
l,1.0,1.0
1.6499999911e-02,3.0164999962e+00,6.0165004730e+00,9.0165004730e+00,1.2016499519e+01,
1.9672288014e+00,-1.9738088449e+00,8.0083397393e-01,-1.5790101105e-03,-3.7369808095e-03,-2.1548392662e-04,-1.2378313482e-04,
2.7668636212e+00,2.0950955707e+00,4.5892393233e-01,-2.2578534769e-01,3.8941134631e-02,-2.0138802141e-03,-2.4917669215e-09,
9.7496897993e+00,2.1257818928e+00,-5.6950683070e-02,1.8176446683e-02,-3.4075487741e-03,2.7936232116e-04,-2.2112568602e-11,
1.5897044531e+01,2.0214945501e+00,-7.3070176302e-03,3.6990348225e-03,-1.1064314650e-03,1.2808780860e-04,-3.0015035646e-11,
2.1937090004e+01,2.0092751320e+00,-8.8314251587e-04,6.8502668234e-05,-1.0638232653e-06,-3.7902711862e-07,-3.7445859176e-13,
l,2.0,-2.0
1.6499999911e-02,3.0164999962e+00,6.0165004730e+00,9.0165004730e+00,1.2016499519e+01,
6.0662298087e+00,4.0283599481e+00,8.5679345857e-01,5.1175710158e-04,-2.5072983876e-03,2.4035470288e-04,-8.0361312626e-05,
2.5672223783e+01,8.9043475499e+00,6.5092249813e-01,2.8294258230e-03,-4.2128105591e-02,5.3364268050e-03,1.3707097516e-09,
5.6204737906e+01,1.0511649966e+01,-1.6225432706e-01,1.6529534895e-02,3.4820965930e-03,-7.4939742546e-04,2.8957704187e-10,
8.6826157121e+01,1.0059535678e+01,-1.1528976775e-02,1.4062976768e-03,2.1689826303e-05,-1.5429764546e-05,-1.8602533997e-10,
1.1693675611e+02,1.0023386266e+01,-1.8276274114e-03,-4.2965828749e-04,2.5960995174e-04,-3.8688510943e-05,9.6590201828e-12,
l,2.0,-1.0
1.6499999911e-02,3.0164999962e+00,6.0165004730e+00,9.0165004730e+00,1.2016499519e+01,
6.0331590559e+00,2.0187845306e+00,5.7175737208e-01,-8.7479600601e-04,-3.3412209058e-03,-2.3922100016e-04,2.9036015706e-05,
1.6928419638e+01,4.7649736853e+00,8.1850766934e-01,-2.7483106511e-01,-9.6685934601e-03,1.4533157804e-02,-1.3627854365e-07,
3.3815692018e+01,6.1257770087e+00,-5.6936844813e-02,1.8162571667e-02,-3.4019087492e-03,2.7856473764e-04,-2.2408345515e-11,
5.1963046902e+01,6.0214897747e+00,-7.2927532432e-03,3.6845472642e-03,-1.1005650943e-03,1.2726496101e-04,-3.0657369185e-11,
7.0003087994e+01,6.0092795844e+00,-8.9388795891e-04,7.7111979912e-05,-3.7819367981e-06,-9.0111791250e-08,-4.5982413769e-13,
l,2.0,0.0
1.6499999911e-02,3.0164999962e+00,6.0165004730e+00,9.0165004730e+00,1.2016499519e+01,
6.0000109044e+00,1.8616309349e-02,4.6171076862e-01,2.9370761460e-02,-1.6939551066e-02,1.2515316359e-02,-1.8580456890e-03,
1.1318497143e+01,4.1181658291e+00,9.2978123552e-01,-1.4579504900e-02,-3.9386790146e-02,4.2288825702e-03,1.1038051901e-09,
2.9485041036e+01,6.7848785717e+00,-1.8214615413e-01,-1.7789478145e-02,1.6831104584e-02,-2.3007689446e-03,5.6619313843e-10,
4.8525035546e+01,6.1065614144e+00,-2.6579851015e-02,6.5254277448e-03,-9.4553478824e-04,4.1887784611e-05,4.3048683745e-11,
6.6715498308e+01,6.0402689684e+00,-4.3721459377e-03,5.0666199412e-04,-6.0739690731e-05,4.9759251595e-06,-1.5561859920e-13,
l,2.0,1.0
1.6499999911e-02,3.0164999962e+00,6.0165004730e+00,9.0165004730e+00,1.2016499519e+01,
5.9671595980e+00,-1.9812244408e+00,5.7179068269e-01,-9.2411079457e-04,-3.3069473961e-03,-2.5030649379e-04,3.0378555982e-05,
4.8456589813e+00,9.0611022519e-01,6.6267754962e-01,-3.8102750476e-01,1.4879378958e-01,-2.3013881071e-02,-1.9376432879e-08,
9.7496897993e+00,2.1257818928e+00,-5.6950683070e-02,1.8176446683e-02,-3.4075487741e-03,2.7936232116e-04,-2.2112568602e-11,
1.5897044531e+01,2.0214945501e+00,-7.3070176302e-03,3.6990348225e-03,-1.1064314650e-03,1.2808780860e-04,-3.0015035646e-11,
2.1937090004e+01,2.0092751320e+00,-8.8314251587e-04,6.8502668234e-05,-1.0638232653e-06,-3.7902711862e-07,-3.7445859176e-13,
l,2.0,2.0
1.6499999911e-02,3.0164999962e+00,6.0165004730e+00,9.0165004730e+00,1.2016499519e+01,
5.9342296760e+00,-3.9716364026e+00,8.5677963935e-01,5.3033498950e-04,-2.5192802081e-03,2.4406151582e-04,-8.0797473693e-05,
1.5402239157e+00,9.0435188444e-01,6.5091908638e-01,2.8282556501e-03,-4.2126506452e-02,5.3360868384e-03,1.3709928163e-09,
8.0727340648e+00,2.5116601178e+00,-1.6228535903e-01,1.6560481316e-02,3.4696378326e-03,-7.4764814954e-04,2.9073355328e-10,
1.4694153261e+01,2.0595613447e+00,-1.1613547291e-02,1.4952328084e-03,-1.6062882385e-05,-9.8709410864e-06,-1.8331972542e-10,
2.0804762909e+01,2.0233940780e+00,-1.9861406548e-03,-1.9907720659e-04,1.4950129190e-04,-2.1683649773e-05,1.2081344714e-11,
l,3.0,-3.0
1.6499999911e-02,3.0164999962e+00,6.0165004730e+00,9.0165004730e+00,1.2016499519e+01,
1.2099238556e+01,6.0293726610e+00,8.8875085405e-01,1.4786290512e-04,-1.1711374467e-03,7.1344637270e-05,-2.6345843631e-05,
3.8093272690e+01,1.1231038518e+01,8.1036633335e-01,-1.9081416700e-02,-4.8248066041e-03,-8.7750514930e-04,2.7169643780e-10,
7.7961317630e+01,1.4696463201e+01,1.9698012711e-01,-1.8957142485e-01,4.6817074535e-02,-4.0187049146e-03,-3.1585370186e-10,
1.2152055276e+02,1.4187471036e+01,-6.4108355752e-02,1.8264689714e-02,-3.2696119181e-03,2.6399005465e-04,-2.0430443392e-11,
1.6379812565e+02,1.4055436069e+01,-1.9492583254e-02,1.1297558192e-02,-3.6103731458e-03,4.3299141327e-04,-8.3769366422e-11,
l,3.0,-2.0
1.6499999911e-02,3.0164999962e+00,6.0165004730e+00,9.0165004730e+00,1.2016499519e+01,
1.2066180074e+01,4.0220138685e+00,6.6665593069e-01,-1.9150622825e-04,-2.1805261315e-03,-3.4597145796e-05,-6.4104119612e-06,
2.9937214928e+01,7.7586365463e+00,5.2788301588e-01,-2.9327440364e-02,-5.3741103079e-03,6.0366088249e-04,7.5944464284e-11,
5.6950663764e+01,6.9797783092e+00,5.4456764579e+00,-3.9073455564e+00,1.2525927281e+00,-1.4859735699e-01,7.1438243948e-08,
8.6826157121e+01,1.0059535678e+01,-1.1528976775e-02,1.4062976768e-03,2.1689826303e-05,-1.5429764546e-05,-1.8602533997e-10,
1.1693675611e+02,1.0023386266e+01,-1.8276274114e-03,-4.2965828749e-04,2.5960995174e-04,-3.8688510943e-05,9.6590201828e-12,
l,3.0,-1.0
1.6499999911e-02,3.0164999962e+00,6.0165004730e+00,9.0165004730e+00,1.2016499519e+01,
1.2033134651e+01,2.0178260441e+00,5.3241875724e-01,1.4816821377e-03,4.5035310743e-04,2.4134816009e-04,1.1697195882e-04,
2.3097372188e+01,5.5902847034e+00,6.9858489569e-01,1.7937247671e-01,-3.9529303279e-02,9.1127580983e-04,2.3734183747e-09,
4.8021032322e+01,1.0717456849e+01,5.4334859425e-01,-2.6101637370e-01,3.3908879628e-02,-3.6135394087e-04,-1.5015828462e-09,
8.0672841813e+01,1.0421507967e+01,-1.4413723921e-01,3.8686826991e-02,-6.3715536042e-03,4.7190590872e-04,-6.5616857251e-12,
1.1128332014e+02,1.0101738366e+01,-8.7331082750e-03,-2.7416551721e-03,1.5508552736e-03,-2.2067969989e-04,6.6217471642e-12,
l,3.0,0.0
1.6499999911e-02,3.0164999962e+00,6.0165004730e+00,9.0165004730e+00,1.2016499519e+01,
1.2000151598e+01,1.6096076122e-02,4.8903559867e-01,6.9455525681e-05,3.2829989186e-03,8.8782104676e-05,-1.0306529270e-04,
1.6663946329e+01,3.1937603061e+00,5.6258073387e-01,-3.7212242847e-05,-1.1703632744e-02,9.8638856154e-04,1.0705290705e-10,
3.0523620935e+01,6.6423942585e+00,-1.9934932258e+00,1.5613534916e+00,-4.7239698964e-01,4.9805458852e-02,6.6556503482e-08,
4.8525035546e+01,6.1065614144e+00,-2.6579851015e-02,6.5254277448e-03,-9.4553478824e-04,4.1887784611e-05,4.3048683745e-11,
6.6715498308e+01,6.0402689684e+00,-4.3721459377e-03,5.0666199412e-04,-6.0739690731e-05,4.9759251595e-06,-1.5561859920e-13,
l,3.0,1.0
1.6499999911e-02,3.0164999962e+00,6.0165004730e+00,9.0165004730e+00,1.2016499519e+01,
1.1967134628e+01,-1.9821750460e+00,5.3242209841e-01,1.4796818056e-03,4.4976495809e-04,2.4205203044e-04,1.1683830541e-04,
1.1031372088e+01,1.5902857109e+00,6.9858192580e-01,1.7937568558e-01,-3.9530726911e-02,9.1149609396e-04,2.3737243074e-09,
2.3955031827e+01,6.7174528078e+00,5.4335038946e-01,-2.6101428492e-01,3.3907256320e-02,-3.6106305166e-04,-1.4997858814e-09,
4.4606844704e+01,6.4214663201e+00,-1.4403025483e-01,3.8575045716e-02,-6.3214205027e-03,4.6405940067e-04,-8.8334605353e-12,
6.3217307613e+01,6.1018193610e+00,-8.9389276472e-03,-2.5515734188e-03,1.4816207609e-03,-2.1215839876e-04,1.0956509853e-11,
l,3.0,2.0
1.6499999911e-02,3.0164999962e+00,6.0165004730e+00,9.0165004730e+00,1.2016499519e+01,
1.1934180485e+01,-3.9779929950e+00,6.6667289206e-01,-2.0721805010e-04,-2.1735210328e-03,-3.6251364601e-05,-6.2341177103e-06,
5.8052144925e+00,-2.4135831145e-01,5.2787542329e-01,-2.9325282025e-02,-5.3733657482e-03,6.0338149336e-04,7.3524226246e-11,
8.7525486338e+00,1.7285785676e+00,4.8693417021e-01,-5.1610008224e-01,2.2757650405e-01,-3.3576564549e-02,1.9622453992e-08,
1.4694153261e+01,2.0595613447e+00,-1.1613547291e-02,1.4952328084e-03,-1.6062882385e-05,-9.8709410864e-06,-1.8331972542e-10,
2.0804762909e+01,2.0233940780e+00,-1.9861406548e-03,-1.9907720659e-04,1.4950129190e-04,-2.1683649773e-05,1.2081344714e-11,
l,3.0,3.0
1.6499999911e-02,3.0164999962e+00,6.0165004730e+00,9.0165004730e+00,1.2016499519e+01,
1.1901238290e+01,-5.9706181015e+00,8.8870942177e-01,2.1710246996e-04,-1.2222488677e-03,8.8356520274e-05,-2.8433286406e-05,
1.8952750709e+00,-7.6896735889e-01,8.1036595851e-01,-1.9074811031e-02,-4.8287068274e-03,-8.7685453909e-04,2.7352595079e-10,
5.7633134983e+00,2.6964556026e+00,1.9699334131e-01,-1.8958501856e-01,4.6823782147e-02,-4.0199707554e-03,-3.1177362480e-10,
1.3322570040e+01,2.1873513764e+00,-6.3824752492e-02,1.8001088052e-02,-3.1685243788e-03,2.5040056601e-04,-1.3004787230e-11,
1.9600127760e+01,2.0554035761e+00,-1.9389309518e-02,1.1198023890e-02,-3.5735236987e-03,4.2836355689e-04,-7.8501497340e-11,
l,4.0,-4.0
1.6499999911e-02,3.0164999962e+00,6.0165004730e+00,9.0165004730e+00,1.2016499519e+01,
2.0132249066e+01,8.0299966117e+00,9.0908124484e-01,-8.0066548343e-06,-6.1148595928e-04,1.6515586076e-05,-9.2848034186e-06,
5.2351518685e+01,1.3410518519e+01,8.7177550748e-01,-1.4682703735e-02,3.3797430515e-04,-7.7394017343e-04,-9.6228800487e-11,
9.9871977945e+01,1.7966079307e+01,5.4379493948e-01,-7.2779089145e-02,-2.5960268025e-02,5.1530998664e-03,-3.4684048149e-10,
1.5584766099e+02,1.8537578899e+01,-1.7602596029e-01,3.3667693703e-02,-2.6235962414e-03,-2.6459803250e-05,6.5595672288e-11,
2.1056637269e+02,1.8097416884e+01,-1.6688636153e-02,2.8703047207e-03,-2.0813894878e-04,-1.7902761623e-05,1.7441257968e-11,
l,4.0,-3.0
1.6499999911e-02,3.0164999962e+00,6.0165004730e+00,9.0165004730e+00,1.2016499519e+01,
2.0099199090e+01,6.0239879379e+00,7.2731929990e-01,-1.7015980244e-04,-1.3300134310e-03,-1.9491369627e-05,-5.4135622719e-06,
4.4595999048e+01,1.0224283757e+01,6.4062803878e-01,-1.9131225635e-02,-3.3622806998e-03,9.5625260534e-05,6.0836581745e-11,
8.0228709530e+01,1.3355095864e+01,1.1157799283e+00,-1.8877113763e+00,9.9758570284e-01,-1.5989121194e-01,1.6402693898e-07,
1.2152055276e+02,1.4187471036e+01,-6.4108355752e-02,1.8264689714e-02,-3.2696119181e-03,2.6399005465e-04,-2.0430443392e-11,
1.6379812565e+02,1.4055436069e+01,-1.9492583254e-02,1.1297558192e-02,-3.6103731458e-03,4.3299141327e-04,-8.3769366422e-11,
l,4.0,-2.0
1.6499999911e-02,3.0164999962e+00,6.0165004730e+00,9.0165004730e+00,1.2016499519e+01,
2.0066166214e+01,4.0196385964e+00,5.9775122878e-01,-6.5444306691e-04,3.5003124368e-04,-2.4212758792e-04,7.5823679534e-05,
3.7512775415e+01,7.6262599165e+00,6.8159090171e-01,-3.3509234240e-02,4.0514958818e-02,-5.6691362965e-03,-1.4430276130e-09,
6.7523956214e+01,1.2888391807e+01,9.9710334441e-01,-4.7972377218e-02,-4.1477743817e-02,5.2120385062e-03,5.2368477125e-10,
1.1177483347e+02,1.5226317263e+01,-2.7327013678e-01,-7.6195459202e-03,1.6642182849e-02,-2.3399128510e-03,3.6241650349e-10,
1.5556886857e+02,1.4238307024e+01,-4.5250124162e-02,8.8228165550e-03,-1.1382681069e-03,6.6765098861e-05,-7.5275343115e-11,
l,4.0,-1.0
1.6499999911e-02,3.0164999962e+00,6.0165004730e+00,9.0165004730e+00,1.2016499519e+01,
2.0033135631e+01,2.0172343711e+00,5.1908148164e-01,7.8966447354e-04,5.8416416680e-04,2.5700065725e-04,-3.2309517220e-05,
3.0864009467e+01,5.2742527853e+00,5.8325345000e-01,1.7422691764e-02,-3.0721525655e-03,-4.4421539606e-04,1.8691049342e-10,
5.1987651186e+01,9.6091874946e+00,-2.1261272394e+00,2.7243890710e+00,-1.2097753428e+00,1.7922697879e-01,5.8716906776e-08,
8.0672841813e+01,1.0421507967e+01,-1.4413723921e-01,3.8686826991e-02,-6.3715536042e-03,4.7190590872e-04,-6.5616857251e-12,
1.1128332014e+02,1.0101738366e+01,-8.7331082750e-03,-2.7416551721e-03,1.5508552736e-03,-2.2067969989e-04,6.6217471642e-12,
l,4.0,0.0
1.6499999911e-02,3.0164999962e+00,6.0165004730e+00,9.0165004730e+00,1.2016499519e+01,
2.0000172818e+01,1.6194801776e-02,4.9395081073e-01,-6.9216312080e-04,2.4732358867e-03,-2.9303269853e-04,4.5228641673e-05,
2.4638606112e+01,3.1626069519e+00,6.4003516431e-01,-2.3185956301e-02,3.1691461222e-02,-3.5383111659e-03,-1.8911167242e-09,
4.0966283265e+01,8.3493727803e+00,1.1286543102e+00,-2.4632772244e-02,-4.7475661848e-02,5.2243369568e-03,2.6560485306e-10,
7.2931112942e+01,1.1463197253e+01,-2.5350579202e-01,-5.3503395256e-02,3.0932740920e-02,-3.8337270601e-03,4.4934435983e-10,
1.0516963409e+02,1.0295973087e+01,-5.8191600208e-02,1.0858151671e-02,-1.0331774566e-03,-6.7687144241e-07,-1.0918726413e-10,
l,4.0,1.0
1.6499999911e-02,3.0164999962e+00,6.0165004730e+00,9.0165004730e+00,1.2016499519e+01,
1.9967135369e+01,-1.9827625382e+00,5.1907029763e-01,8.0479376682e-04,5.7491557626e-04,2.5960071727e-04,-3.2583216371e-05,
1.8798009988e+01,1.2742462912e+00,5.8327049954e-01,1.7406014381e-02,-3.0653326803e-03,-4.4520099476e-04,1.8631645008e-10,
2.7992172511e+01,4.6012107102e+00,9.0181769132e-01,-5.8046695042e-01,2.5586331415e-01,-4.3329148711e-02,1.3053900571e-09,
4.4606844704e+01,6.4214663201e+00,-1.4403025483e-01,3.8575045716e-02,-6.3214205027e-03,4.6405940067e-04,-8.8334605353e-12,
6.3217307613e+01,6.1018193610e+00,-8.9389276472e-03,-2.5515734188e-03,1.4816207609e-03,-2.1215839876e-04,1.0956509853e-11,
l,4.0,2.0
1.6499999911e-02,3.0164999962e+00,6.0165004730e+00,9.0165004730e+00,1.2016499519e+01,
1.9934166388e+01,-3.9803636405e+00,5.9775956521e-01,-6.6562196805e-04,3.5710134437e-04,-2.4429013809e-04,7.6079807303e-05,
1.3380775504e+01,-3.7373444590e-01,6.8157909576e-01,-3.3500947572e-02,4.0512505663e-02,-5.6688698930e-03,-1.4429054707e-09,
1.9391953789e+01,4.8883853377e+00,9.9712235707e-01,-4.7996962719e-02,-4.1464674842e-02,5.2097745969e-03,5.2947917620e-10,
3.9642837022e+01,7.2262382171e+00,-2.7303314915e-01,-7.8567354714e-03,1.6735767499e-02,-2.3525835673e-03,3.6233447807e-10,
5.9436858730e+01,6.2384750448e+00,-4.5594426161e-02,9.0851384603e-03,-1.2246970880e-03,7.7221625245e-05,-8.2782062576e-11,
l,4.0,3.0
1.6499999911e-02,3.0164999962e+00,6.0165004730e+00,9.0165004730e+00,1.2016499519e+01,
1.9901198671e+01,-5.9760050743e+00,7.2729626268e-01,-1.3698226329e-04,-1.3529008288e-03,-1.2122214891e-05,-6.3003987558e-06,
8.3979994333e+00,-1.7757321635e+00,6.4066728194e-01,-1.9166011387e-02,-3.3492209832e-03,9.3869143690e-05,5.8889094029e-11,
8.0813201902e+00,1.0890239700e+00,7.1003418993e-01,-4.6411729126e-01,1.8146438767e-01,-2.7175770522e-02,-1.7408303176e-08,
1.3322570040e+01,2.1873513764e+00,-6.3824752492e-02,1.8001088052e-02,-3.1685243788e-03,2.5040056601e-04,-1.3004787230e-11,
1.9600127760e+01,2.0554035761e+00,-1.9389309518e-02,1.1198023890e-02,-3.5735236987e-03,4.2836355689e-04,-7.8501497340e-11,
l,4.0,4.0
1.6499999911e-02,3.0164999962e+00,6.0165004730e+00,9.0165004730e+00,1.2016499519e+01,
1.9868249562e+01,-7.9700091758e+00,9.0909234236e-01,-1.2245100358e-05,-6.1495970998e-04,1.9188081376e-05,-9.7484752610e-06,
4.0875171101e+00,-2.5894571050e+00,8.7172519105e-01,-1.4646215709e-02,3.2714638489e-04,-7.7282942706e-04,-1.0196410970e-10,
3.6079744993e+00,1.9659921585e+00,5.4405000128e-01,-7.3032373905e-02,-2.5857495277e-02,5.1384779572e-03,-3.3220308596e-10,
1.1583682498e+01,2.5374426244e+00,-1.7575333183e-01,3.3418897637e-02,-2.5239800786e-03,-4.0677441561e-05,7.8005234285e-11,
1.8302361508e+01,2.0975279795e+00,-1.6868384666e-02,3.0011135983e-03,-2.5349403825e-04,-1.1925887736e-05,8.9902746352e-12,
l,5.0,-5.0
1.6499999911e-02,3.0164999962e+00,6.0165004730e+00,9.0165004730e+00,1.2016499519e+01,
3.0165251679e+01,1.0030455221e+01,9.2308650726e-01,-1.9506622434e-05,-3.7971965634e-04,9.0105025182e-06,-4.6484723827e-06,
6.8531935982e+01,1.5523964542e+01,9.0039570789e-01,-7.8389651037e-03,-2.8973701972e-06,-3.2109932426e-04,-4.0468421221e-11,
1.2291700258e+02,2.0589912346e+01,7.2128671480e-01,-1.5795891683e-02,-1.8634291632e-02,1.2172010573e-03,4.5596817055e-10,
1.8953880684e+02,2.2984517154e+01,-7.2308018383e-02,-8.7593376710e-02,3.1021937606e-02,-3.2944065391e-03,1.8848658633e-10,
2.5718930097e+02,2.2207788199e+01,-5.3545608916e-02,1.3617911863e-02,-2.3446034727e-03,1.8749756282e-04,-3.0198273551e-12,
l,5.0,-4.0
1.6499999911e-02,3.0164999962e+00,6.0165004730e+00,9.0165004730e+00,1.2016499519e+01,
3.0132206315e+01,8.0254048520e+00,7.6918002893e-01,2.8456933727e-07,-9.4938273423e-04,1.2426382955e-05,-6.2047394991e-06,
6.1052646347e+01,1.2534032175e+01,7.1363667385e-01,-1.3374448964e-02,-1.6420680559e-03,-8.9701922497e-05,1.0541800775e-11,
1.0443271135e+02,1.7959081806e+01,-4.3608714035e+00,4.9262409108e+00,-2.0716053698e+00,2.9475746910e-01,1.8212602210e-07,
1.5584766099e+02,1.8537578899e+01,-1.7602596029e-01,3.3667693703e-02,-2.6235962414e-03,-2.6459803250e-05,6.5595672288e-11,
2.1056637269e+02,1.8097416884e+01,-1.6688636153e-02,2.8703047207e-03,-2.0813894878e-04,-1.7902761623e-05,1.7441257968e-11,
l,5.0,-3.0
1.6499999911e-02,3.0164999962e+00,6.0165004730e+00,9.0165004730e+00,1.2016499519e+01,
3.0099178187e+01,6.0213968113e+00,6.4974107229e-01,-3.1922826234e-04,-2.5905844250e-04,-9.2583825982e-05,2.5010406067e-05,
5.3977274423e+01,9.8809106626e+00,6.4220324706e-01,-1.4345538641e-03,3.0425625771e-03,7.6147151521e-04,-2.8855716120e-10,
8.9791703726e+01,1.4337340506e+01,9.4304654221e-01,1.3504921774e-01,-4.9673500366e-02,3.0092109829e-03,3.3478746282e-10,
1.4164668314e+02,1.9478562941e+01,3.6633696823e-01,-2.7779595333e-01,5.2411715759e-02,-3.0416771956e-03,-7.2353752944e-10,
1.9938382261e+02,1.8589887213e+01,-1.6442524174e-01,4.0286584280e-02,-6.3121992195e-03,4.5085517727e-04,-7.8242086641e-12,
l,5.0,-2.0
1.6499999911e-02,3.0164999962e+00,6.0165004730e+00,9.0165004730e+00,1.2016499519e+01,
3.0066151691e+01,4.0186384072e+00,5.6399872088e-01,1.9185760792e-04,1.2142789486e-04,5.3366440100e-05,2.2924030349e-06,
4.7227751804e+01,7.4452057297e+00,5.9167648078e-01,4.2486472917e-03,3.0796578895e-03,-6.3697488847e-04,-6.9268788577e-11,
7.5097740618e+01,1.1184928675e+01,6.1950539343e-01,-1.2500164568e-02,-1.0184503374e-02,9.0446473616e-04,4.1008401514e-11,
1.1330886571e+02,1.4517765155e+01,-4.0701749589e+00,4.5313667324e+00,-1.7911989557e+00,2.3969977371e-01,-1.0969186282e-07,
1.5556886857e+02,1.4238307024e+01,-4.5250124162e-02,8.8228165550e-03,-1.1382681069e-03,6.6765098861e-05,-7.5275343115e-11,
l,5.0,-1.0
1.6499999911e-02,3.0164999962e+00,6.0165004730e+00,9.0165004730e+00,1.2016499519e+01,
3.0033141758e+01,2.0169032313e+00,5.1287023078e-01,-1.3697122034e-06,9.2981591982e-04,-1.3057720111e-05,4.6973504529e-06,
4.0775153620e+01,5.1971298620e+00,5.6168410644e-01,1.7821742193e-02,-1.6492499896e-03,1.0511630954e-03,1.0730204319e-10,
6.2023291616e+01,9.3189243101e+00,8.4366957312e-01,1.7735747068e-01,-3.1013108687e-02,-1.0034720435e-03,1.4659226143e-09,
9.9609329973e+01,1.5416956903e+01,6.3362925709e-01,-2.8265434393e-01,2.4893857536e-02,1.5190699057e-03,-1.0246636223e-09,
1.4631434054e+02,1.4862444040e+01,-2.4720654167e-01,5.7660841469e-02,-8.2170883488e-03,5.1878524853e-04,1.4475912264e-11,
l,5.0,0.0
1.6499999911e-02,3.0164999962e+00,6.0165004730e+00,9.0165004730e+00,1.2016499519e+01,
3.0000202268e+01,1.6344808461e-02,4.9578579124e-01,-6.3642962986e-06,1.1833106833e-03,-1.7798627434e-05,1.5509930791e-06,
3.4603834749e+01,3.1129947225e+00,5.5912902755e-01,9.9259851168e-03,3.0296510841e-03,-5.8326604847e-04,-8.8460723121e-11,
4.9346503036e+01,6.8273283647e+00,6.4733549899e-01,-1.8935409025e-03,-1.1609356027e-02,8.8781406993e-04,7.0146251241e-11,
7.4780846561e+01,1.0808441227e+01,-1.7173269337e+00,9.0557964516e-01,-1.0880356547e-01,-9.5533900824e-03,9.7352545666e-08,
1.0516963409e+02,1.0295973087e+01,-5.8191600208e-02,1.0858151671e-02,-1.0331774566e-03,-6.7687144241e-07,-1.0918726413e-10,
l,5.0,1.0
1.6499999911e-02,3.0164999962e+00,6.0165004730e+00,9.0165004730e+00,1.2016499519e+01,
2.9967141231e+01,-1.9830855450e+00,5.1283033993e-01,5.2021602509e-05,8.9719483281e-04,-3.8298331560e-06,3.7147550433e-06,
2.8709153825e+01,1.1971281679e+00,5.6168567977e-01,1.7821090988e-02,-1.6489455563e-03,1.0510936981e-03,1.0722342917e-10,
3.7957291200e+01,5.3189080576e+00,8.4369951652e-01,1.7733672313e-01,-3.1006977895e-02,-1.0041209066e-03,1.4673491274e-09,
6.3543329452e+01,1.1416864175e+01,6.3389532576e-01,-2.8289283427e-01,2.4980071897e-02,1.5080748541e-03,-1.0329288147e-09,
9.8248317216e+01,1.0862563887e+01,-2.4738807760e-01,5.7781046469e-02,-8.2537395118e-03,5.2300918207e-04,1.2873434719e-11,
l,5.0,2.0
1.6499999911e-02,3.0164999962e+00,6.0165004730e+00,9.0165004730e+00,1.2016499519e+01,
2.9934151682e+01,-3.9813614167e+00,5.6400033125e-01,1.9072072342e-04,1.2086897374e-04,5.3924462318e-05,2.1893425467e-06,
2.3095752779e+01,-5.5480207112e-01,5.9169353264e-01,4.2321219382e-03,3.0866906907e-03,-6.3803646249e-04,-6.9103831704e-11,
2.6965733628e+01,3.1849683638e+00,6.1940323256e-01,-1.2398880443e-02,-1.0227073362e-02,9.1079397232e-04,4.7256006264e-11,
4.1132021025e+01,5.9261624067e+00,4.8489165974e-01,-8.2711271384e-01,4.4147391177e-01,-7.1439992596e-02,5.2927220946e-08,
5.9436858730e+01,6.2384750448e+00,-4.5594426161e-02,9.0851384603e-03,-1.2246970880e-03,7.7221625245e-05,-8.2782062576e-11,
l,5.0,3.0
1.6499999911e-02,3.0164999962e+00,6.0165004730e+00,9.0165004730e+00,1.2016499519e+01,
2.9901178790e+01,-5.9786076966e+00,6.4975775797e-01,-3.3998376198e-04,-2.4774837296e-04,-9.5433033248e-05,2.5285356481e-05,
1.7779274273e+01,-2.1190815487e+00,6.4218427191e-01,-1.4185645428e-03,3.0371011139e-03,7.6212402282e-04,-2.8838441689e-10,
1.7593695712e+01,2.3373667051e+00,9.4301550610e-01,1.3505489332e-01,-4.9670130437e-02,3.0082328404e-03,3.4825758502e-10,
3.3448682770e+01,7.4786219188e+00,3.6611673862e-01,-2.7755033681e-01,5.2307990914e-02,-3.0270227753e-03,-7.2766851092e-10,
5.5185826239e+01,6.5899535457e+00,-1.6460624025e-01,4.0451705642e-02,-6.3744094677e-03,4.5925618677e-04,-7.6950669056e-12,
l,5.0,4.0
1.6499999911e-02,3.0164999962e+00,6.0165004730e+00,9.0165004730e+00,1.2016499519e+01,
2.9868206848e+01,-7.9746038033e+00,7.6919840314e-01,-1.3318253061e-05,-9.4583696606e-04,1.2438765981e-05,-6.2910572021e-06,
1.2788646179e+01,-3.4659593527e+00,7.1360985060e-01,-1.3342658248e-02,-1.6572988242e-03,-8.7207432541e-05,1.1543445128e-11,
8.2975730136e+00,2.4150428027e-01,4.8021151472e-01,-3.8888499482e-02,-3.4064146802e-03,5.6310487182e-04,4.8115344998e-12,
1.2144279879e+01,2.0089169535e+00,7.9336917210e-02,-1.9232446847e-01,1.1642700255e-01,-1.9965346174e-02,1.9472646796e-08,
1.8302361508e+01,2.0975279795e+00,-1.6868384666e-02,3.0011135983e-03,-2.5349403825e-04,-1.1925887736e-05,8.9902746352e-12,
l,5.0,5.0
1.6499999911e-02,3.0164999962e+00,6.0165004730e+00,9.0165004730e+00,1.2016499519e+01,
2.9835253145e+01,-9.9695599144e+00,9.2313170645e-01,-7.9395773544e-05,-3.4140161179e-04,-2.5739721203e-06,-3.3223365499e-06,
8.2019376733e+00,-4.4760519787e+00,9.0044553092e-01,-7.8910696081e-03,1.8699415909e-05,-3.2419927715e-04,-5.1826924089e-11,
2.5870144519e+00,5.8977000960e-01,7.2155788852e-01,-1.5999644848e-02,-1.8567811851e-02,1.2093866993e-03,4.5417999061e-10,
9.2088141748e+00,2.9843643254e+00,-7.1974698359e-02,-8.7881870830e-02,3.1129236558e-02,-3.3087649723e-03,1.9204339558e-10,
1.6859283401e+01,2.2078465126e+00,-5.3568217036e-02,1.3584933386e-02,-2.3183063822e-03,1.8261292388e-04,-7.2867977743e-12,
l,6.0,-6.0
1.6499999911e-02,3.0164999962e+00,6.0165004730e+00,9.0165004730e+00,1.2016499519e+01,
4.2198253936e+01,1.2030788668e+01,9.3338402660e-01,-9.0585723564e-05,-1.9777614915e-04,-1.2510870289e-05,-4.2386814500e-07,
8.6669280588e+01,1.7601349754e+01,9.1866166162e-01,-4.7289486895e-03,-8.6652179954e-05,-1.4445388430e-04,-3.5296309185e-11,
1.4757146938e+02,2.2917408758e+01,8.3231229961e-01,-2.1141873108e-02,-1.8141000307e-03,-8.4446743990e-04,1.1837762765e-11,
2.2289245497e+02,2.6790403860e+01,3.6124001739e-01,-1.6235572342e-01,1.5430601066e-02,6.2614219203e-04,-5.7149191565e-10,
3.0353198442e+02,2.6480140251e+01,-1.4545699443e-01,3.2588501037e-02,-4.2427226415e-03,2.3530105851e-04,1.2363348116e-11,
l,6.0,-5.0
1.6499999911e-02,3.0164999962e+00,6.0165004730e+00,9.0165004730e+00,1.2016499519e+01,
4.2165217892e+01,1.0026395213e+01,8.0001894080e-01,-6.7139662841e-05,-6.1429121933e-04,-2.6757565688e-06,-2.6477083050e-06,
7.9390424691e+01,1.4753382692e+01,7.6238308046e-01,-9.2548139674e-03,-9.4125033183e-04,-9.1170491035e-05,-6.6009118062e-12,
1.3016369072e+02,1.8939677295e+01,6.0168518713e-01,-2.6540753996e-02,-3.6498096943e-03,2.6574558982e-04,1.3548494483e-11,
1.9160013046e+02,2.1184938726e+01,-3.5666708203e+00,4.9173095251e+00,-2.0789150675e+00,2.8803582151e-01,-1.8302428522e-07,
2.5718930097e+02,2.2207788199e+01,-5.3545608916e-02,1.3617911863e-02,-2.3446034727e-03,1.8749756282e-04,-3.0198273551e-12,
l,6.0,-4.0
1.6499999911e-02,3.0164999962e+00,6.0165004730e+00,9.0165004730e+00,1.2016499519e+01,
4.2132187493e+01,8.0227909259e+00,6.9095419519e-01,-1.0760978305e-04,-4.2453628162e-04,-2.3628628613e-05,7.1213025024e-06,
7.2381255339e+01,1.2121386199e+01,6.6682586927e-01,1.8188654385e-04,-1.7188711297e-03,7.0216683037e-04,9.9350624957e-11,
1.1478315304e+02,1.6226784184e+01,7.7227058778e-01,3.1959053062e-02,2.4999080443e-02,-5.6953268324e-03,2.7615247553e-10,
1.7191822424e+02,2.2134255449e+01,8.8969039041e-01,-9.2752282693e-02,-3.8302710517e-02,6.3190911691e-03,1.8653203620e-10,
2.4225658604e+02,2.3397895087e+01,-3.3983128149e-01,3.1262615296e-02,5.7111916335e-03,-1.1935884022e-03,1.8254035253e-10,
l,6.0,-3.0
1.6499999911e-02,3.0164999962e+00,6.0165004730e+00,9.0165004730e+00,1.2016499519e+01,
4.2099165308e+01,6.0199756054e+00,6.0614376085e-01,-1.1287322268e-04,-2.2637527351e-05,-1.8326015578e-05,7.6131068215e-06,
6.5610631454e+01,9.6545713072e+00,6.0953542820e-01,1.7090752785e-04,1.6233265425e-03,-1.3826172536e-04,-5.6995563609e-11,
1.0016254191e+02,1.3436231791e+01,6.5526816219e-01,9.3540851201e-03,-5.1344037532e-03,-1.1622397956e-04,7.8320967553e-11,
1.4632580439e+02,1.5215897831e+01,4.9240152486e+00,-3.9220458744e+00,1.2727916988e+00,-1.3966601636e-01,-1.6415604450e-07,
1.9938382261e+02,1.8589887213e+01,-1.6442524174e-01,4.0286584280e-02,-6.3121992195e-03,4.5085517727e-04,-7.8242086641e-12,
l,6.0,-2.0
1.6499999911e-02,3.0164999962e+00,6.0165004730e+00,9.0165004730e+00,1.2016499519e+01,
4.2066149414e+01,4.0179736694e+00,5.4554508000e-01,-9.4657526040e-05,4.1773688587e-04,-1.8225775128e-05,5.5387934479e-06,
5.9060829332e+01,7.3349628654e+00,5.6735756777e-01,8.1520184919e-03,-2.9959216146e-04,3.0349789766e-04,7.1150646886e-11,
8.6442438288e+01,1.1037581171e+01,7.5252470555e-01,-1.8865373502e-02,3.6703800395e-02,-4.7998833141e-03,-8.6450970754e-10,
1.2762375072e+02,1.7050996949e+01,1.2202038454e+00,-4.8389445439e-02,-5.0373990145e-02,5.9516403672e-03,1.8646590959e-10,
1.8581787135e+02,2.0053026205e+01,-3.3922414722e-01,-5.4582908678e-02,3.3669474042e-02,-4.1427249494e-03,3.3752486893e-10,
l,6.0,-1.0
1.6499999911e-02,3.0164999962e+00,6.0165004730e+00,9.0165004730e+00,1.2016499519e+01,
4.2033138605e+01,2.0167909416e+00,5.0913211931e-01,-1.4889686118e-05,7.0921583581e-04,-1.2092138947e-05,2.4308049155e-06,
5.2721593952e+01,5.1461457774e+00,5.4771134778e-01,7.6498121919e-03,1.3252690768e-03,-8.8477134748e-05,-3.7494317096e-11,
7.3381731647e+01,8.7467425024e+00,6.5996094685e-01,1.6848497023e-02,-2.8971747571e-03,-4.7560297661e-04,6.4682283137e-11,
1.0558933562e+02,1.3617274566e+01,-1.9969753467e+00,2.3613856131e+00,-9.3492288038e-01,1.2181094946e-01,1.0442446072e-07,
1.4631434054e+02,1.4862444040e+01,-2.4720654167e-01,5.7660841469e-02,-8.2170883488e-03,5.1878524853e-04,1.4475912264e-11,
l,6.0,0.0
1.6499999911e-02,3.0164999962e+00,6.0165004730e+00,9.0165004730e+00,1.2016499519e+01,
4.2000242738e+01,1.6429090893e-02,4.9687626563e-01,1.7606361595e-04,7.1301474903e-04,2.0225389323e-05,-2.2445885619e-06,
4.6587175542e+01,3.0848281095e+00,5.3841791505e-01,1.1238292042e-02,-1.1957579615e-04,2.2646135751e-04,6.2192627827e-11,
6.1037044189e+01,6.6864575308e+00,7.3483587496e-01,-1.2835753821e-02,2.9662837703e-02,-3.2456302754e-03,-8.6257162121e-10,
8.8975924029e+01,1.2620462518e+01,1.2884956041e+00,-1.2408615029e-02,-5.8377036013e-02,6.2543604754e-03,7.0427042931e-11,
1.3488972337e+02,1.6258498751e+01,-2.9629604289e-01,-1.0302545593e-01,4.6729335478e-02,-5.3767929238e-03,3.4482674079e-10,
l,6.0,1.0
1.6499999911e-02,3.0164999962e+00,6.0165004730e+00,9.0165004730e+00,1.2016499519e+01,
4.1967139793e+01,-1.9832271517e+00,5.0919198529e-01,-9.3948818082e-05,7.5835984812e-04,-2.6481584935e-05,4.0307051507e-06,
4.0655593631e+01,1.1461481988e+00,5.4770750811e-01,7.6529250211e-03,1.3240726164e-03,-8.8310985448e-05,-3.7189684043e-11,
4.9315727457e+01,4.7467679779e+00,6.5989925173e-01,1.6904762015e-02,-2.9184627453e-03,-4.7278379105e-04,7.0455009643e-11,
6.9645721942e+01,8.0456255173e+00,2.2978473581e+00,-1.9343197828e+00,8.2428299451e-01,-1.2728630380e-01,-4.6046501926e-08,
9.8248317216e+01,1.0862563887e+01,-2.4738807760e-01,5.7781046469e-02,-8.2537395118e-03,5.2300918207e-04,1.2873434719e-11,
l,6.0,2.0
1.6499999911e-02,3.0164999962e+00,6.0165004730e+00,9.0165004730e+00,1.2016499519e+01,
4.1934149994e+01,-3.9820287021e+00,5.4555719166e-01,-1.1475916013e-04,4.3156255334e-04,-2.2461105790e-05,6.0196214654e-06,
3.4928830737e+01,-6.6504860913e-01,5.6738677680e-01,8.1236605000e-03,-2.8805339024e-04,3.0184703376e-04,7.0246481122e-11,
3.8310437092e+01,3.0375551414e+00,7.5257970479e-01,-1.8901493533e-02,3.6713347476e-02,-4.8007460152e-03,-8.6067087741e-10,
5.5491747287e+01,9.0509574932e+00,1.2203152918e+00,-4.8489572504e-02,-5.0337663312e-02,5.9469308045e-03,1.8797404878e-10,
8.9685859793e+01,1.2053066519e+01,-3.3924115215e-01,-5.4597171151e-02,3.3680543244e-02,-4.1446419926e-03,3.4020611334e-10,
l,6.0,3.0
1.6499999911e-02,3.0164999962e+00,6.0165004730e+00,9.0165004730e+00,1.2016499519e+01,
4.1901164946e+01,-5.9800255156e+00,6.0615446499e-01,-1.3040610371e-04,-1.0967724363e-05,-2.1807576872e-05,7.9988281019e-06,
2.9412628400e+01,-2.3454181980e+00,6.0952549635e-01,1.7300593113e-04,1.6241211526e-03,-1.3851297290e-04,-5.6325216137e-11,
2.7964536425e+01,1.4362743665e+00,6.5510511638e-01,9.5300692550e-03,-5.2063541788e-03,-1.0625519729e-04,8.2839910205e-11,
3.8002308082e+01,4.7016093281e+00,1.3763011265e+00,-1.0771639947e+00,4.5703855709e-01,-7.1564445790e-02,-2.0006225479e-08,
5.5185826239e+01,6.5899535457e+00,-1.6460624025e-01,4.0451705642e-02,-6.3744094677e-03,4.5925618677e-04,-7.6950669056e-12,
l,6.0,4.0
1.6499999911e-02,3.0164999962e+00,6.0165004730e+00,9.0165004730e+00,1.2016499519e+01,
4.1868188490e+01,-7.9772179754e+00,6.9098967377e-01,-1.6031042367e-04,-3.8950640954e-04,-3.4288726979e-05,8.3326103545e-06,
2.4117257885e+01,-3.8786344028e+00,6.6688300699e-01,1.1582754688e-04,-1.6866072258e-03,6.9676393189e-04,9.8685273264e-11,
1.8519128164e+01,2.2686913340e-01,7.7211534617e-01,3.2092462903e-02,2.4945993257e-02,-5.6876113531e-03,2.8450577000e-10,
2.7654213575e+01,6.1341748672e+00,8.8992173922e-01,-9.2970860889e-02,-3.8219079205e-02,6.3079228051e-03,1.8987413196e-10,
4.9992586921e+01,7.3979553242e+00,-3.3998992592e-01,3.1416099172e-02,5.6510488031e-03,-1.1854551372e-03,1.8711218643e-10,
l,6.0,5.0
1.6499999911e-02,3.0164999962e+00,6.0165004730e+00,9.0165004730e+00,1.2016499519e+01,
4.1835220076e+01,-9.9736227579e+00,8.0006379714e-01,-1.1840748558e-04,-5.8425700047e-04,-1.1381525746e-05,-1.6650043500e-06,
1.9060423095e+01,-5.2466126506e+00,7.6238598850e-01,-9.2695650417e-03,-9.3149670557e-04,-9.3016696150e-05,-3.2522599452e-12,
9.8336946023e+00,-1.0603970770e+00,6.0188563573e-01,-2.6746704754e-02,-3.5650982551e-03,2.5377485170e-04,3.0942140612e-11,
1.1112153420e+01,1.6431294336e+00,2.5427659989e-04,1.6708269630e-01,-7.1318137181e-02,8.3601273371e-03,1.3249769594e-08,
1.6859283401e+01,2.2078465126e+00,-5.3568217036e-02,1.3584933386e-02,-2.3183063822e-03,1.8261292388e-04,-7.2867977743e-12,
l,6.0,6.0
1.6499999911e-02,3.0164999962e+00,6.0165004730e+00,9.0165004730e+00,1.2016499519e+01,
4.1802254337e+01,-1.1969216259e+01,9.3339791456e-01,-1.0698609195e-04,-1.8812121911e-04,-1.5331051993e-05,-9.7863961725e-08,
1.4273273271e+01,-6.3985586747e+00,9.1844753718e-01,-4.5595549587e-03,-1.4069610426e-04,-1.3844801330e-04,-2.2134150083e-11,
3.1754641991e+00,-1.0826268491e+00,8.3237309187e-01,-2.1174349199e-02,-1.8093405875e-03,-8.4425205222e-04,7.8757669004e-12,
6.4964053581e+00,2.7907448628e+00,3.6057280294e-01,-1.6183640601e-01,1.5255186843e-02,6.4769106011e-04,-5.6322588793e-10,
1.5135992626e+01,2.4801154795e+00,-1.4542076273e-01,3.2586298258e-02,-4.2510799411e-03,2.3734516717e-04,1.2370242790e-11,
l,7.0,-7.0
1.6499999911e-02,3.0164999962e+00,6.0165004730e+00,9.0165004730e+00,1.2016499519e+01,
5.6231260300e+01,1.4031028945e+01,9.4125500703e-01,-1.0663098212e-04,-1.1441444784e-04,-1.6407712541e-05,9.0416392513e-07,
1.0678015681e+02,1.9657855428e+01,9.3093323170e-01,-2.9256385447e-03,-1.4353138175e-04,-6.5991387238e-05,2.7531681504e-11,
1.7402545797e+02,2.5121660538e+01,8.8027393821e-01,-1.3263726716e-02,-1.1325547601e-04,-5.2177271123e-04,-2.7049394868e-11,
2.5681833220e+02,2.9827355148e+01,5.8912701777e-01,-3.3644530861e-02,-2.8421031326e-02,3.9017921933e-03,2.1321849824e-10,
3.4934017711e+02,3.0972430472e+01,-2.0479365386e-01,-1.7524049578e-03,9.9140093617e-03,-1.3734764274e-03,1.3924394238e-10,
l,7.0,-6.0
1.6499999911e-02,3.0164999962e+00,6.0165004730e+00,9.0165004730e+00,1.2016499519e+01,
5.6198221638e+01,1.2027190632e+01,8.2350890025e-01,-1.7711263584e-05,-4.5348535749e-04,4.3382011949e-07,-1.7309200622e-06,
9.9652999873e+01,1.6916431935e+01,7.9685513713e-01,-6.4633439718e-03,-6.3486949892e-04,-6.1884231690e-05,1.4754390106e-12,
1.5733298205e+02,2.1429661659e+01,6.8647854971e-01,-1.8949235997e-02,-2.2131215203e-03,4.3931449384e-06,3.0580107538e-12,
2.2734595165e+02,2.1547513203e+01,9.5761647412e+00,-9.0858350478e+00,3.4622826292e+00,-4.5219269493e-01,-1.2579214445e-07,
3.0353198442e+02,2.6480140251e+01,-1.4545699443e-01,3.2588501037e-02,-4.2427226415e-03,2.3530105851e-04,1.2363348116e-11,
l,7.0,-5.0
1.6499999911e-02,3.0164999962e+00,6.0165004730e+00,9.0165004730e+00,1.2016499519e+01,
5.6165199520e+01,1.0023884380e+01,7.2397637219e-01,-4.9422600789e-06,-4.3283797428e-04,4.0970509949e-06,8.5042913610e-07,
9.2719038698e+01,1.4324169552e+01,7.0155685771e-01,-2.6244230716e-03,-1.0509977467e-03,2.7303451120e-04,3.9165836264e-11,
1.4191636499e+02,1.8453931567e+01,7.1657288801e-01,-1.2589673564e-02,1.7086640002e-02,-1.3940837249e-03,-4.7874165924e-10,
2.0443179390e+02,2.3683952805e+01,1.1121283916e+00,3.3056385985e-02,-4.1147613220e-02,3.1222208873e-03,-1.5975265014e-11,
2.8381156732e+02,2.8061132687e+01,7.1575303015e-02,-2.2994421675e-01,6.0074702682e-02,-5.1927770697e-03,-1.3646558086e-10,
l,7.0,-4.0
1.6499999911e-02,3.0164999962e+00,6.0165004730e+00,9.0165004730e+00,1.2016499519e+01,
5.6132173042e+01,8.0212259100e+00,6.4246991660e-01,6.0436846763e-05,-2.4211952036e-04,8.6266703820e-06,2.2048991362e-06,
8.5963802601e+01,1.1858186819e+01,6.3514999813e-01,-1.1290498731e-03,3.6118420443e-04,4.1527539915e-05,4.0827605983e-12,
1.2726359236e+02,1.5694065331e+01,6.5634651872e-01,4.7477084767e-03,1.4311290969e-03,-6.0586628005e-04,-1.9175967626e-12,
1.8034979256e+02,1.9670285215e+01,6.1224124249e-01,-2.8011010019e-02,-8.1508072268e-03,8.8875962067e-04,8.9076505201e-12,
2.4352918505e+02,1.6764462881e+01,1.0803529826e+01,-8.0571291708e+00,2.6474583259e+00,-3.1984421835e-01,1.0376783191e-07,
l,7.0,-3.0
1.6499999911e-02,3.0164999962e+00,6.0165004730e+00,9.0165004730e+00,1.2016499519e+01,
5.6099157528e+01,6.0191139136e+00,5.7918429401e-01,4.4698951037e-06,7.7885771048e-05,-9.3320310792e-07,2.9257704013e-06,
7.9377486916e+01,9.5066749768e+00,5.8650325468e-01,2.6139704565e-03,2.9226657105e-04,7.9411979851e-05,3.7650270468e-12,
1.1328963739e+02,1.3160183430e+01,6.4816175245e-01,1.5204184672e-02,1.1043968002e-03,9.1395448215e-04,-5.3123544170e-11,
1.5932433271e+02,1.7966917462e+01,1.0129503282e+00,1.8658118780e-01,-5.0894341272e-02,1.6778063764e-03,7.3449652134e-10,
2.2366746991e+02,2.4258816063e+01,5.1820675025e-01,-3.1661772771e-01,4.2454743740e-02,-6.1317341670e-04,-7.3406837466e-10,
l,7.0,-2.0
1.6499999911e-02,3.0164999962e+00,6.0165004730e+00,9.0165004730e+00,1.2016499519e+01,
5.6066145899e+01,4.0176200323e+00,5.3391860755e-01,5.6759087144e-05,3.1270347339e-04,7.3969091821e-06,7.9279160523e-07,
7.2953511474e+01,7.2605714673e+00,5.5430068316e-01,4.8524746913e-03,5.6061921603e-04,2.0572427883e-05,-1.9929180255e-12,
9.9905381808e+01,1.0785782979e+01,6.3527167871e-01,1.0554712790e-02,2.2628949527e-03,-5.7021837023e-04,-3.4094251135e-11,
1.3830980752e+02,1.4896685824e+01,6.9260313483e-01,-8.7348626521e-03,-1.1133243922e-02,8.7881773012e-04,3.7896497848e-11,
1.8807831023e+02,2.1204149735e+01,-8.1851065915e+00,6.8247557732e+00,-2.2749461249e+00,2.6830877263e-01,4.8610110345e-08,
l,7.0,-1.0
1.6499999911e-02,3.0164999962e+00,6.0165004730e+00,9.0165004730e+00,1.2016499519e+01,
5.6033141163e+01,2.0166981874e+00,5.0684522545e-01,-1.6907623260e-05,5.3832642435e-04,-3.6831725200e-06,6.1534540180e-07,
6.6687544425e+01,5.1149446493e+00,5.3535230533e-01,6.7364946861e-03,4.3956868257e-04,4.1571416382e-05,1.1042849229e-11,
8.7078099180e+01,8.5742646450e+00,6.2818378715e-01,2.0815126514e-02,-1.2834035894e-03,1.0187343589e-03,4.7327256000e-11,
1.1915880341e+02,1.3200032825e+01,9.5741997742e-01,1.6603710582e-01,-1.9035417066e-02,-3.0670441258e-03,1.0132381805e-09,
1.6957513566e+02,2.0139866462e+01,7.4119091176e-01,-2.9642531861e-01,1.3683326147e-02,3.4449454766e-03,-7.2166489758e-10,
l,7.0,0.0
1.6499999911e-02,3.0164999962e+00,6.0165004730e+00,9.0165004730e+00,1.2016499519e+01,
5.6000300744e+01,1.6441180199e-02,4.9771262952e-01,6.2863455659e-05,5.7072704413e-04,2.1573492203e-06,-1.9968662655e-07,
6.0577341997e+01,3.0666149573e+00,5.2946820002e-01,7.0029069390e-03,5.8690569883e-04,1.0094246744e-05,-6.7081518260e-13,
7.4781510542e+01,6.4993573635e+00,6.2888373939e-01,1.1976821039e-02,2.3034266255e-03,-5.2442299755e-04,-3.8116918211e-11,
1.0032190675e+02,1.0633123375e+01,7.1222074931e-01,-2.8042894702e-03,-1.1403890616e-02,7.8629670025e-04,5.4968760530e-11,
1.3777766204e+02,1.4083616325e+01,1.0753133499e+00,-1.9751123757e+00,1.0520475260e+00,-1.6919693100e-01,8.9252089813e-08,
l,7.0,1.0
1.6499999911e-02,3.0164999962e+00,6.0165004730e+00,9.0165004730e+00,1.2016499519e+01,
5.5967141569e+01,-1.9833047015e+00,5.0686397737e-01,-5.0471811795e-05,5.6233577553e-04,-1.1202304295e-05,1.4797180042e-06,
5.4621545038e+01,1.1149392227e+00,5.3536074809e-01,6.7312395229e-03,4.4110436682e-04,4.1395139957e-05,1.3066201960e-11,
6.3012099216e+01,4.5742342415e+00,6.2825352068e-01,2.0757101167e-02,-1.2623427710e-03,1.0159443832e-03,4.1330664297e-11,
8.3092786490e+01,9.2001157958e+00,9.5726259099e-01,1.6616353346e-01,-1.9080295112e-02,-3.0612333628e-03,1.0085657690e-09,
1.2150913731e+02,1.6139858790e+01,7.4122635560e-01,-2.9646604301e-01,1.3700812958e-02,3.4424008646e-03,-7.2237371545e-10,
l,7.0,2.0
1.6499999911e-02,3.0164999962e+00,6.0165004730e+00,9.0165004730e+00,1.2016499519e+01,
5.5934147204e+01,-3.9823983418e+00,5.3396542323e-01,1.0141446259e-05,3.3423966237e-04,2.8981972982e-06,1.1201015694e-06,
4.8821512898e+01,-7.3943821370e-01,5.5432248552e-01,4.8334216411e-03,5.6754836926e-04,1.9685264752e-05,-1.9825214382e-12,
5.1773388060e+01,2.7856428268e+00,6.3555352442e-01,1.0354842971e-02,2.3190811353e-03,-5.7538164269e-04,-3.3911505951e-11,
6.6177788405e+01,6.8966774987e+00,6.9277500323e-01,-8.9498004193e-03,-1.1040494730e-02,8.6553726113e-04,4.1759260864e-11,
9.2200169235e+01,9.4008857340e+00,2.5135658696e+00,-2.8636863328e+00,1.2488498535e+00,-1.8098927286e-01,3.6945528511e-08,
l,7.0,3.0
1.6499999911e-02,3.0164999962e+00,6.0165004730e+00,9.0165004730e+00,1.2016499519e+01,
5.5901158876e+01,-5.9808891751e+00,5.7919094882e-01,-1.0453954436e-06,7.8970908543e-05,-6.1004855122e-07,2.8312034237e-06,
4.3179485006e+01,-2.4932826939e+00,5.8636768473e-01,2.7610637862e-03,2.2873325093e-04,8.8817294338e-05,1.2670728090e-11,
4.1091638125e+01,1.1601532691e+00,6.4824188179e-01,1.5147100989e-02,1.1169916294e-03,9.1357929042e-04,-4.7517499332e-11,
5.1126304128e+01,5.9671083770e+00,1.0125400250e+00,1.8693893459e-01,-5.1030660259e-02,1.6964858217e-03,7.3865266153e-10,
7.9469477611e+01,1.2258719619e+01,5.1840340054e-01,-3.1676551998e-01,4.2502617495e-02,-6.1881491277e-04,-7.3442262435e-10,
l,7.0,4.0
1.6499999911e-02,3.0164999962e+00,6.0165004730e+00,9.0165004730e+00,1.2016499519e+01,
5.5868173278e+01,-7.9787806904e+00,6.4249494489e-01,2.7069490430e-05,-2.2270457597e-04,3.4853123871e-06,2.7158036202e-06,
3.7699806112e+01,-4.1418365843e+00,6.3516663123e-01,-1.1052272196e-03,3.3877000619e-04,4.6038314004e-05,-1.3966678245e-11,
3.0999574354e+01,-3.0577679292e-01,6.5596922535e-01,5.0735865560e-03,1.3144394691e-03,-5.9105082395e-04,4.7903598986e-13,
3.6085786204e+01,3.6702768502e+00,6.1223276208e-01,-2.7993365464e-02,-8.1584642754e-03,8.8980689359e-04,1.0772359928e-11,
5.1367727070e+01,6.3875473419e+00,-1.4269909280e-01,-3.0813760171e-01,2.5802958581e-01,-4.8432075887e-02,4.4713271035e-08,
l,7.0,5.0
1.6499999911e-02,3.0164999962e+00,6.0165004730e+00,9.0165004730e+00,1.2016499519e+01,
5.5835200220e+01,-9.9761284674e+00,7.2402753724e-01,-7.6861511633e-05,-3.8790383819e-04,-8.7529749472e-06,2.2256816531e-06,
3.2389041004e+01,-5.6758531959e+00,7.0164568812e-01,-2.7259321480e-03,-1.0062961565e-03,2.6634996252e-04,4.7056247906e-11,
2.1586371836e+01,-1.5461267724e+00,7.1666298720e-01,-1.2677797635e-02,1.7129205395e-02,-1.4012960655e-03,-4.7042807263e-10,
2.4101801768e+01,3.6837959012e+00,1.1124173079e+00,3.2842907806e-02,-4.1078300876e-02,3.1140566676e-03,-2.3540846353e-11,
4.3481588449e+01,8.0610451812e+00,7.1735054705e-02,-2.3007697810e-01,6.0126566660e-02,-5.2002927558e-03,-1.3906133150e-10,
l,7.0,6.0
1.6499999911e-02,3.0164999962e+00,6.0165004730e+00,9.0165004730e+00,1.2016499519e+01,
5.5802220588e+01,-1.1972802085e+01,8.2350078361e-01,-1.5967203533e-05,-4.5211866604e-04,-2.8851213839e-07,-1.6365575955e-06,
2.7257005212e+01,-7.0836105395e+00,7.9694844637e-01,-6.5535033766e-03,-5.9783868287e-04,-6.7178007029e-05,-7.0291529560e-12,
1.2936996643e+01,-2.5704892289e+00,6.8677829518e-01,-1.9184193053e-02,-2.1355174961e-03,-4.6720342594e-06,1.3521973214e-11,
1.0714489604e+01,7.9976316605e-01,3.9935934669e-01,-4.4465412671e-02,-9.9240145909e-04,4.1952904110e-04,-1.5408509452e-11,
1.5499598167e+01,2.4573333289e+00,-9.6404760310e-01,8.0071674785e-01,-2.6511507220e-01,3.0963398385e-02,7.6549172253e-09,
l,7.0,7.0
1.6499999911e-02,3.0164999962e+00,6.0165004730e+00,9.0165004730e+00,1.2016499519e+01,
5.5769260054e+01,-1.3968954304e+01,9.4118361566e-01,2.8965225032e-07,-1.8662026719e-04,6.1376022712e-06,-1.7482544721e-06,
2.2318161332e+01,-8.3421210557e+00,9.3087436251e-01,-2.8844965930e-03,-1.5407042620e-04,-6.5253607188e-05,-9.9287278417e-12,
5.5634760393e+00,-2.8784404351e+00,8.8042115246e-01,-1.3366605362e-02,-8.0060564187e-05,-5.2579321377e-04,-3.3829415496e-11,
4.3563528660e+00,1.8271693370e+00,5.8944182172e-01,-3.3878711028e-02,-2.8343261296e-02,3.8923807819e-03,2.1473834327e-10,
1.2878179639e+01,2.9724817402e+00,-2.0487532760e-01,-1.7049522219e-03,9.9026268944e-03,-1.3725527491e-03,1.3739128900e-10,
l,8.0,-8.0
1.6499999911e-02,3.0164999962e+00,6.0165004730e+00,9.0165004730e+00,1.2016499519e+01,
7.2264260085e+01,1.6031226770e+01,9.4747374566e-01,-1.3691002057e-04,-5.1149875756e-05,-1.8190877960e-05,8.5147253526e-07,
1.2887361148e+02,2.1700986522e+01,9.3977443411e-01,-1.7866913749e-03,-1.9813720570e-04,-2.4406065923e-05,3.1119700724e-11,
2.0236432930e+02,2.7259720954e+01,9.0680850570e-01,-7.8150292888e-03,-1.5556051545e-04,-2.4007349250e-04,-3.0092279513e-11,
2.9202260449e+02,3.2377760861e+01,7.5395524967e-01,-2.3864226659e-02,-9.3280176497e-03,8.0931730446e-06,1.2809864859e-10,
3.9454428033e+02,3.5251893880e+01,8.0542318699e-02,-1.4809669408e-01,3.5359087702e-02,-2.8150018867e-03,-1.2382435132e-10,
l,8.0,-7.0
1.6499999911e-02,3.0164999962e+00,6.0165004730e+00,9.0165004730e+00,1.2016499519e+01,
7.2231229539e+01,1.4027764078e+01,8.4223785996e-01,-2.5355561409e-04,-1.6009176716e-04,-5.6969988056e-05,5.6703539105e-06,
1.2186513433e+02,1.9042230979e+01,8.2258216168e-01,-4.7197462040e-03,-4.2801825870e-04,-4.3659735470e-05,-1.4458661302e-11,
1.8622235788e+02,2.3786519258e+01,7.4485058352e-01,-1.3742346659e-02,-1.2503542140e-03,-7.2326351498e-05,1.0476359171e-11,
2.6385547401e+02,2.6834129891e+01,3.3044092821e+00,-3.2110826492e+00,1.4983241447e+00,-2.4759605627e-01,-2.4905366997e-08,
3.4934017711e+02,3.0972430472e+01,-2.0479365386e-01,-1.7524049578e-03,9.9140093617e-03,-1.3734764274e-03,1.3924394238e-10,
l,8.0,-6.0
1.6499999911e-02,3.0164999962e+00,6.0165004730e+00,9.0165004730e+00,1.2016499519e+01,
7.2198203998e+01,1.2024782651e+01,7.5089946853e-01,-9.0763809511e-05,-2.8089150438e-04,-2.4478154939e-05,3.5861340382e-06,
1.1500209987e+02,1.6492748652e+01,7.3203131609e-01,-3.3983474247e-03,-5.8596165098e-04,9.5653164195e-05,7.1217481914e-12,
1.7095269522e+02,2.0768825316e+01,6.9597001212e-01,1.0547908252e-04,5.6921027407e-04,7.4119771545e-04,-1.6733078422e-11,
2.3975113246e+02,2.5320428104e+01,8.8565141795e-01,1.1307569756e-01,-1.6308357219e-02,-1.4177517125e-03,5.3605179157e-10,
3.2507232637e+02,3.1361843629e+01,6.9268550564e-01,-1.6481911846e-01,-1.6581810597e-02,5.2344737203e-03,-2.6662607711e-10,
l,8.0,-5.0
1.6499999911e-02,3.0164999962e+00,6.0165004730e+00,9.0165004730e+00,1.2016499519e+01,
7.2165183541e+01,1.0022216642e+01,6.7375661407e-01,-1.2879528602e-04,-1.5291555175e-04,-2.3845087660e-05,4.1397460780e-06,
1.0827701120e+02,1.4041066532e+01,6.6285960590e-01,-1.8451966048e-03,-1.0906443920e-04,6.3673002734e-05,1.2142023844e-11,
1.5632276789e+02,1.7981733799e+01,6.5894940314e-01,1.6544244417e-04,2.0168403665e-03,-3.0650853290e-04,-4.3024005007e-11,
2.1629171162e+02,2.2034287982e+01,6.8057832156e-01,-3.9088568287e-05,-7.0940100333e-03,2.5141441403e-04,4.4519014993e-11,
2.8797018539e+02,2.5162167892e+01,3.2617076180e+00,-4.7578358677e+00,2.3194829432e+00,-3.5631733423e-01,1.3930399142e-07,
l,8.0,-4.0
1.6499999911e-02,3.0164999962e+00,6.0165004730e+00,9.0165004730e+00,1.2016499519e+01,
7.2132167041e+01,8.0201508392e+00,6.1049868692e-01,5.2321861032e-05,-1.0091819527e-04,1.8336309455e-05,-7.7731937120e-07,
1.0168427346e+02,1.1679943960e+01,6.1007156953e-01,9.1815365728e-05,2.5281939292e-04,3.1411078281e-05,3.9165821177e-12,
1.4224531908e+02,1.5383802026e+01,6.3140139765e-01,9.3611508603e-03,-6.4650843123e-04,4.9713301792e-04,5.7029014224e-11,
1.9440115549e+02,1.9547933564e+01,8.5282431764e-01,1.8341706012e-03,3.9807767139e-02,-6.7549143826e-03,-3.0399816015e-10,
2.6235219081e+02,2.6280029351e+01,1.1786487807e+00,-9.8949196514e-02,-4.6616945322e-02,6.6901136220e-03,1.8158491695e-10,
l,8.0,-3.0
1.6499999911e-02,3.0164999962e+00,6.0165004730e+00,9.0165004730e+00,1.2016499519e+01,
7.2099153111e+01,6.0185325624e+00,5.6137461616e-01,4.5690832787e-05,1.1734990798e-04,4.8981199912e-06,9.8617625843e-07,
9.5219769117e+01,9.4040998367e+00,5.7059405848e-01,2.4186254850e-03,3.1552534828e-04,2.5127044232e-05,-4.8400110486e-13,
1.2866444824e+02,1.2936892256e+01,6.1767286304e-01,7.0757990494e-03,1.5114418665e-03,-1.5804515613e-04,-1.5825235530e-11,
1.7330913942e+02,1.6933826910e+01,7.1491451922e-01,1.3182043038e-02,-4.6239104567e-03,-2.5205984250e-04,4.9103493009e-11,
2.3037827144e+02,2.2328122560e+01,-3.7968971400e+00,4.8892674536e+00,-2.2734681760e+00,3.5056327132e-01,4.8844125117e-09,
l,8.0,-2.0
1.6499999911e-02,3.0164999962e+00,6.0165004730e+00,9.0165004730e+00,1.2016499519e+01,
7.2066143032e+01,4.0173663781e+00,5.2632599368e-01,6.0916384760e-06,3.0778725003e-04,-1.1160409473e-06,7.5833829909e-07,
8.8880560168e+01,7.2093947357e+00,5.4367800136e-01,4.0590057004e-03,3.7201760156e-04,1.9943077230e-05,-1.1073694487e-11,
1.1554633223e+02,1.0629955165e+01,6.0367570747e-01,1.2680969731e-02,-4.9055035454e-04,3.2351799746e-04,2.7401409461e-11,
1.5325141419e+02,1.4661095822e+01,8.2120001923e-01,-1.0335975336e-02,3.3299720197e-02,-4.0142319078e-03,-5.7095392812e-10,
2.0606683088e+02,2.1263952969e+01,1.3888800051e+00,-2.5175040999e-02,-6.2570965020e-02,6.8850787080e-03,5.9850144169e-11,
l,8.0,-1.0
1.6499999911e-02,3.0164999962e+00,6.0165004730e+00,9.0165004730e+00,1.2016499519e+01,
7.2033139078e+01,2.0166598916e+00,5.0529891508e-01,-1.7005297348e-05,4.3767820753e-04,-8.2658182148e-06,1.1240656486e-06,
8.2664609240e+01,5.0935503691e+00,5.2785976544e-01,5.1009022235e-03,4.1050264613e-04,1.2461886885e-05,1.6082159862e-13,
1.0286998793e+02,8.4475866147e+00,5.9973933801e-01,1.0445720871e-02,1.0154584937e-03,-7.9717077868e-05,-1.5866750490e-11,
1.3395519305e+02,1.2405633546e+01,7.2294367649e-01,1.5828586893e-02,-2.6537513788e-03,-5.0026345912e-04,3.5619288637e-11,
1.7779633240e+02,1.6260367709e+01,1.9766349513e+00,-1.7063796725e+00,8.0039294009e-01,-1.3592346353e-01,3.3276024164e-10,
l,8.0,0.0
1.6499999911e-02,3.0164999962e+00,6.0165004730e+00,9.0165004730e+00,1.2016499519e+01,
7.2000379019e+01,1.6471315772e-02,4.9814010898e-01,1.8553272939e-04,3.4506397992e-04,3.1389656316e-05,-3.6076177029e-06,
7.6571016739e+01,3.0550863488e+00,5.2267558633e-01,5.4364685630e-03,4.2813455408e-04,9.3449489144e-06,3.9134611230e-12,
9.0624071169e+01,6.3883415637e+00,5.9619552620e-01,1.3039053713e-02,-2.0376854199e-04,2.4752137974e-04,2.4556760428e-11,
1.1555133776e+02,1.0386112182e+01,8.0686333812e-01,-5.2267568557e-03,2.7520993283e-02,-2.8287915623e-03,-5.3827889448e-10,
1.5537070510e+02,1.6896060022e+01,1.4217657512e+00,1.4447026043e-02,-7.0401621431e-02,7.2016740894e-03,1.6477369680e-11,
l,8.0,1.0
1.6499999911e-02,3.0164999962e+00,6.0165004730e+00,9.0165004730e+00,1.2016499519e+01,
7.1967138281e+01,-1.9833297624e+00,5.0526606035e-01,3.0534465017e-05,4.0529858250e-04,1.8508129281e-06,-4.8985721609e-08,
7.0598609464e+01,1.0935468170e+00,5.2787417172e-01,5.0826633147e-03,4.1997301302e-04,1.0730460649e-05,3.1667257080e-12,
7.8803992560e+01,4.4474878959e+00,6.0004292596e-01,1.0133479801e-02,1.1427714597e-03,-9.7650642908e-05,-1.6321947988e-11,
9.7889207651e+01,8.4054967176e+00,7.2322455575e-01,1.5599608465e-02,-2.5726379206e-03,-5.1069096092e-04,3.8845868946e-11,
1.2973973612e+02,1.2214220756e+01,1.8921829172e+00,-1.3883492690e+00,5.6007512307e-01,-8.3262411502e-02,-3.5613159881e-08,
l,8.0,2.0
1.6499999911e-02,3.0164999962e+00,6.0165004730e+00,9.0165004730e+00,1.2016499519e+01,
7.1934145493e+01,-3.9826440674e+00,5.2633039092e-01,2.2016087128e-05,2.9059958237e-04,4.9296660172e-06,5.3593018482e-08,
6.4748556227e+01,-7.9057976182e-01,5.4363981916e-01,4.0715590663e-03,3.7488078996e-04,1.8616459781e-05,3.3129952438e-12,
6.7414367514e+01,2.6297564601e+00,6.0400526849e-01,1.2434900430e-02,-4.0763870846e-04,3.1338093342e-04,3.3877389860e-11,
8.1119430154e+01,6.6609654201e+00,8.2134480296e-01,-1.0375693546e-02,3.3294127355e-02,-4.0117671989e-03,-5.6799080604e-10,
1.0993483510e+02,1.3263952056e+01,1.3888793481e+00,-2.5174685054e-02,-6.2570786990e-02,6.8850061068e-03,5.9117560363e-11,
l,8.0,3.0
1.6499999911e-02,3.0164999962e+00,6.0165004730e+00,9.0165004730e+00,1.2016499519e+01,
7.1901154276e+01,-5.9814720520e+00,5.6137572834e-01,5.6295159042e-05,1.0566742079e-04,9.3390489516e-06,4.1355670113e-07,
5.9021766942e+01,-2.5959035167e+00,5.7060539547e-01,2.4252844072e-03,3.0450848988e-04,2.7783733463e-05,1.9820010196e-12,
5.6466422332e+01,9.3704231639e-01,6.1741658248e-01,7.2395676765e-03,1.4674273260e-03,-1.5382883124e-04,-2.3520098961e-11,
6.5111141842e+01,4.9337194672e+00,7.1522815306e-01,1.2858110304e-02,-4.4885899039e-03,-2.7160918902e-04,4.9025144209e-11,
8.6309133295e+01,8.4303444666e+00,2.0541487851e+00,-1.6416416346e+00,6.7274407070e-01,-1.0051959257e-01,-3.9696173707e-08,
l,8.0,4.0
1.6499999911e-02,3.0164999962e+00,6.0165004730e+00,9.0165004730e+00,1.2016499519e+01,
7.1868168984e+01,-7.9798872497e+00,6.1062631071e-01,-1.2140902458e-04,1.3163811956e-05,-1.7542626596e-05,3.5496596141e-06,
5.3420258362e+01,-4.3199198202e+00,6.0974203915e-01,4.0025211566e-04,1.3197788718e-04,4.8103002864e-05,3.1979219191e-12,
4.5981324470e+01,-6.1619262108e-01,6.3133961521e-01,9.4217770264e-03,-6.6788198317e-04,4.9963612107e-04,4.5218703949e-11,
5.0137170844e+01,3.5478044362e+00,8.5305410475e-01,1.6642660665e-03,3.9861561954e-02,-6.7609423263e-03,-3.0143304109e-10,
7.0088194892e+01,1.0280013775e+01,1.1787087226e+00,-9.9015852340e-02,-4.6587796783e-02,6.6857486053e-03,1.7931031515e-10,
l,8.0,5.0
1.6499999911e-02,3.0164999962e+00,6.0165004730e+00,9.0165004730e+00,1.2016499519e+01,
7.1835184813e+01,-9.9777816069e+00,6.7372369695e-01,-6.9327661002e-05,-1.9249323685e-04,-1.2809067576e-05,3.0507629659e-06,
4.7946995599e+01,-5.9588549540e+00,6.6280028579e-01,-1.8641479640e-03,-8.2928969955e-05,5.8242185517e-05,5.9880584896e-12,
3.5992763893e+01,-2.0182048758e+00,6.5881798928e-01,2.7205396401e-04,1.9787909229e-03,-3.0159151698e-04,-3.0408297240e-11,
3.5961728383e+01,2.0341269375e+00,6.8090594286e-01,-2.8713972626e-04,-7.0164354472e-03,2.4291965186e-04,4.6403615023e-11,
4.7659844112e+01,5.6261780169e+00,-2.5809944788e-02,2.5033430939e-01,-8.4059582681e-02,5.2995549734e-03,2.2663285221e-08,
l,8.0,6.0
1.6499999911e-02,3.0164999962e+00,6.0165004730e+00,9.0165004730e+00,1.2016499519e+01,
7.1802201356e+01,-1.1975210038e+01,7.5088449254e-01,-6.5730263180e-05,-3.0372279211e-04,-1.5016616266e-05,2.1999136434e-06,
4.2606100429e+01,-7.5072587096e+00,7.3204373726e-01,-3.4143754027e-03,-5.7770444723e-04,9.4336584854e-05,1.6366865138e-11,
2.6556674720e+01,-3.2310912452e+00,6.9578855285e-01,2.5375034119e-04,5.1471309869e-04,7.4871657200e-04,-1.1202474916e-11,
2.3355138677e+01,1.3203308203e+00,8.8582862140e-01,1.1292259957e-01,-1.6246796069e-02,-1.4267931139e-03,5.3388257696e-10,
3.6676312545e+01,7.3619851719e+00,6.9239530829e-01,-1.6456681031e-01,-1.6675724343e-02,5.2468774575e-03,-2.6577231947e-10,
l,8.0,7.0
1.6499999911e-02,3.0164999962e+00,6.0165004730e+00,9.0165004730e+00,1.2016499519e+01,
7.1769231065e+01,-1.3972237522e+01,8.4219080858e-01,-1.2420358859e-04,-2.7778219800e-04,-1.3894228367e-05,1.9266568775e-07,
3.7403148894e+01,-8.9578084875e+00,8.2264637142e-01,-4.7654385472e-03,-4.1358464253e-04,-4.5280169962e-05,-3.7044719539e-12,
1.7760366714e+01,-4.2136009585e+00,7.4501890119e-01,-1.3853524107e-02,-1.2132707451e-03,-7.7253561514e-05,3.5616341512e-12,
1.1333627508e+01,-2.7944575455e-01,5.3299400766e-01,-3.3298977808e-02,-3.1927284393e-03,3.7381049349e-04,1.2447466468e-11,
1.4216848170e+01,1.9607574173e+00,-2.7050809148e-01,4.6193537394e-01,-2.2670279380e-01,3.5565683309e-02,7.5067389961e-11,
l,8.0,8.0
1.6499999911e-02,3.0164999962e+00,6.0165004730e+00,9.0165004730e+00,1.2016499519e+01,
7.1736257730e+01,-1.5968749246e+01,9.4740744551e-01,-5.2439346572e-05,-1.0307363198e-04,-4.7145572410e-06,-2.0961485152e-07,
3.2345615458e+01,-1.0299081679e+01,9.3994316383e-01,-1.9418338658e-03,-1.3811790146e-04,-3.2649074205e-05,-4.4818115721e-12,
9.8363185377e+00,-4.7403117655e+00,9.0688622944e-01,-7.8803595797e-03,-1.3260516751e-04,-2.4293958458e-04,-1.7005453723e-11,
3.4946126062e+00,3.7765417623e-01,7.5410643340e-01,-2.3953355801e-02,-9.3069097473e-03,6.6250376439e-06,1.3598809059e-10,
1.0016300383e+01,3.2518573202e+00,8.0569847510e-02,-1.4807084001e-01,3.5331335107e-02,-2.8089652175e-03,-1.2214245266e-10,
l,9.0,-9.0
1.6499999911e-02,3.0164999962e+00,6.0165004730e+00,9.0165004730e+00,1.2016499519e+01,
9.0297262187e+01,1.8031329741e+01,9.5277260927e-01,-5.9168568180e-04,3.0249045182e-04,-1.2371831916e-04,1.4156430832e-05,
1.5295491523e+02,2.3735156913e+01,9.4628606594e-01,-9.1170857174e-04,-2.7492936815e-04,2.3700432176e-06,-1.1177868605e-11,
2.3263067802e+02,2.9359254586e+01,9.2399740775e-01,-5.0398394452e-03,-1.3298684875e-04,-1.1888558736e-04,-2.4587482021e-13,
3.2884872623e+02,3.4704358240e+01,8.3996479957e-01,-1.9666742636e-02,-1.2550683096e-03,-6.7336804756e-04,-1.3363736014e-11,
4.3972546995e+02,3.8800568145e+01,4.2535972905e-01,-1.0360644217e-01,-8.9865878062e-03,3.0684719972e-03,-2.0198239884e-10,
l,9.0,-8.0
1.6499999911e-02,3.0164999962e+00,6.0165004730e+00,9.0165004730e+00,1.2016499519e+01,
9.0264239975e+01,1.6028142415e+01,8.5762428779e-01,-5.4102538699e-04,-2.2415320511e-05,-3.9542803127e-05,8.0740353976e-07,
1.4604186769e+02,2.1142032834e+01,8.4287630749e-01,-3.8736317346e-03,-1.9489166232e-04,-4.3231549163e-05,2.5037602003e-11,
2.1692300458e+02,2.6055993339e+01,7.8634191621e-01,-1.0325972132e-02,-6.6251290084e-04,-8.4085026867e-05,-6.3078871076e-12,
3.0181510803e+02,3.0390051624e+01,6.3397619969e-01,-2.4437725183e-02,-2.6175371423e-03,1.1839367991e-04,2.2788661885e-12,
3.9746228096e+02,3.9068474339e+01,-1.5487450927e+01,1.3174381191e+01,-4.4731117621e+00,5.3786384585e-01,3.8697678724e-08,
l,9.0,-7.0
1.6499999911e-02,3.0164999962e+00,6.0165004730e+00,9.0165004730e+00,1.2016499519e+01,
9.0231210337e+01,1.4025491892e+01,7.7323404139e-01,-2.5225638321e-04,-9.0379478191e-05,-7.0671314006e-05,9.4276722488e-06,
1.3924228977e+02,1.8633216934e+01,7.5751170194e-01,-3.3170763645e-03,-3.2055820501e-04,2.1580207252e-05,2.2158184198e-12,
2.0184927173e+02,2.3063622260e+01,7.1514445761e-01,-2.2991383720e-03,-9.3170815989e-04,4.6025090684e-04,3.1526145651e-11,
2.7745123302e+02,2.7372134725e+01,7.9430252293e-01,-1.8041293383e-03,2.7245807657e-02,-4.2241509807e-03,-2.3607181208e-10,
3.6784751934e+02,3.3319467267e+01,1.0934510246e+00,-5.0735603735e-02,-3.2926505719e-02,3.3480681034e-03,1.2965417172e-10,
l,9.0,-6.0
1.6499999911e-02,3.0164999962e+00,6.0165004730e+00,9.0165004730e+00,1.2016499519e+01,
9.0198189851e+01,1.2023084359e+01,7.0042159003e-01,-2.2111857772e-04,-9.0862296933e-05,-3.8792107898e-05,4.9894178843e-06,
1.3255211981e+02,1.6201367547e+01,6.8910915361e-01,-2.3949852468e-03,-8.4978380969e-05,2.3127139258e-05,-1.0794787094e-11,
1.8729232179e+02,2.0271545808e+01,6.7083049730e-01,-1.9756844380e-03,1.0465096703e-03,-6.0534361760e-05,-1.1135901711e-11,
2.5416108971e+02,2.4332090607e+01,6.9093930951e-01,5.5405959177e-03,-1.3412300707e-03,-3.9603697196e-04,1.7098101745e-11,
3.3312789775e+02,3.0774954884e+01,-6.0436640176e+00,6.4271113626e+00,-2.5703301394e+00,3.4636844175e-01,1.7665086499e-07,
l,9.0,-5.0
1.6499999911e-02,3.0164999962e+00,6.0165004730e+00,9.0165004730e+00,1.2016499519e+01,
9.0165174153e+01,1.0021031455e+01,6.3883677131e-01,-2.4112529138e-04,2.8338589252e-05,-3.8763842610e-05,5.2518592094e-06,
1.2596797558e+02,1.3842680106e+01,6.3366752045e-01,-4.5189542949e-04,-8.3613715244e-05,4.4967475197e-05,-1.3053409173e-13,
1.7319095676e+02,1.7641694501e+01,6.3645365238e-01,3.1274393669e-03,1.6816703633e-04,1.4456029607e-04,5.1997946556e-12,
2.3197760316e+02,2.1618971919e+01,7.2384345646e-01,9.4420711310e-03,8.4334104264e-03,4.4124714560e-05,-1.8133372946e-10,
3.0429667115e+02,2.7148733125e+01,1.2085081510e+00,1.4065203604e-01,-6.3688724533e-02,4.2631033262e-03,2.1128268701e-10,
l,9.0,-4.0
1.6499999911e-02,3.0164999962e+00,6.0165004730e+00,9.0165004730e+00,1.2016499519e+01,
9.0132160476e+01,8.0193655565e+00,5.8846653313e-01,-3.9178088446e-04,3.1987848468e-04,-1.0026998384e-04,1.3642236614e-05,
1.1948729666e+02,1.1553095400e+01,5.9085309751e-01,8.7548385428e-04,1.4795049931e-04,2.4418867575e-05,1.4418106520e-11,
1.5950582274e+02,1.5147702531e+01,6.1344897646e-01,4.6455744351e-03,6.5926700759e-04,1.8675926044e-06,-6.1337995821e-12,
2.1064928555e+02,1.9025350162e+01,6.9211645935e-01,1.0380472301e-02,1.3817402060e-03,-5.8629516535e-04,-6.2960539112e-12,
2.7420401469e+02,2.3370569279e+01,6.9865113448e-01,-2.1492722292e-02,-9.9915286093e-03,9.1466975204e-04,2.5822136409e-11,
l,9.0,-3.0
1.6499999911e-02,3.0164999962e+00,6.0165004730e+00,9.0165004730e+00,1.2016499519e+01,
9.0099152169e+01,6.0181157095e+00,5.4900208957e-01,4.4420688629e-05,1.3409045102e-04,3.9235960512e-06,8.0322115746e-07,
1.1310808600e+02,9.3303204666e+00,5.5857454399e-01,2.1789591947e-03,2.7568425212e-04,1.3097905007e-05,8.9835627869e-12,
1.4621055909e+02,1.2775670825e+01,5.9630132115e-01,7.0953295468e-03,2.6797202063e-04,7.8458454362e-05,7.0396546602e-12,
1.9013661879e+02,1.6605941624e+01,6.9520201775e-01,2.0255486910e-02,3.8379364986e-04,9.7776547565e-04,-1.1878587343e-11,
2.4702523928e+02,2.1782463989e+01,1.0839478111e+00,1.9120446185e-01,-3.7402893103e-02,-9.5686679813e-04,7.3721378372e-10,
l,9.0,-2.0
1.6499999911e-02,3.0164999962e+00,6.0165004730e+00,9.0165004730e+00,1.2016499519e+01,
9.0066146409e+01,4.0171308351e+00,5.2126889567e-01,-3.9629091848e-04,5.5786437069e-04,-9.6256453219e-05,1.2011052713e-05,
1.0682881503e+02,7.1724279289e+00,5.3618655497e-01,3.0773445781e-03,4.1216295049e-04,-4.0278728640e-06,4.8279327516e-12,
1.3328727749e+02,1.0515739320e+01,5.8523348206e-01,7.9557370186e-03,4.7713663874e-04,1.3624822161e-05,-1.5788986692e-12,
1.7035834795e+02,1.4298611745e+01,6.8730645976e-01,1.2500646520e-02,1.7948645839e-03,-5.0782750475e-04,-1.7624849388e-11,
2.1979928962e+02,1.8748726918e+01,7.5263170533e-01,-7.1486879860e-03,-1.1187252140e-02,7.7469697057e-04,4.6731792754e-11,
l,9.0,-1.0
1.6499999911e-02,3.0164999962e+00,6.0165004730e+00,9.0165004730e+00,1.2016499519e+01,
9.0033138132e+01,2.0166386204e+00,5.0416614504e-01,1.0691878052e-04,2.5857891481e-04,2.7276145559e-05,-3.5774731009e-06,
1.0064842723e+02,5.0785351104e+00,5.2221041976e-01,4.2673155678e-03,2.7502066472e-04,1.2467955732e-05,8.9388402028e-12,
1.2072445348e+02,8.3620505788e+00,5.7841046358e-01,9.1212549359e-03,2.4145952186e-04,5.6761894663e-05,8.3664310385e-12,
1.5129592755e+02,1.2128888865e+01,6.8680911015e-01,2.1967750695e-02,-9.8650669457e-04,9.9789571156e-04,2.2401086281e-11,
1.9461841152e+02,1.7157437282e+01,1.0513006843e+00,1.4915226296e-01,-5.3673744552e-03,-5.1042140191e-03,6.9267746737e-10,
l,9.0,0.0
1.6499999911e-02,3.0164999962e+00,6.0165004730e+00,9.0165004730e+00,1.2016499519e+01,
9.0000477065e+01,1.6448631063e-02,4.9861963391e-01,3.1632987548e-07,3.7092738756e-04,-4.4731644861e-06,4.9954495392e-07,
9.4566725848e+01,3.0471909779e+00,5.1792390607e-01,4.4072130298e-03,3.1011772878e-04,9.3560838409e-06,6.2095490459e-12,
1.0851596461e+02,6.3110679021e+00,5.7651570093e-01,9.1135880479e-03,3.5841192923e-04,2.4796340363e-05,3.0460001622e-12,
1.3291897260e+02,1.0064111484e+01,6.8629689585e-01,1.2391768109e-02,2.0690120412e-03,-5.0253340036e-04,-2.8687340434e-11,
1.6966790350e+02,1.4537297241e+01,7.6691171274e-01,-2.9907609838e-03,-1.1134948863e-02,6.7987533545e-04,4.7290596332e-11,
l,9.0,1.0
1.6499999911e-02,3.0164999962e+00,6.0165004730e+00,9.0165004730e+00,1.2016499519e+01,
8.9967137935e+01,-1.9833784339e+00,5.0428256928e-01,-9.9624241213e-05,4.1189897081e-04,-2.3979925186e-05,2.7991794843e-06,
8.8582425830e+01,1.0784613137e+00,5.2241147272e-01,4.1000712866e-03,3.2937441391e-04,6.4904962014e-06,2.6791425623e-12,
9.6658460019e+01,4.3620128277e+00,5.7847052411e-01,9.0793565489e-03,2.5459588509e-04,5.5253230369e-05,8.7173445605e-12,
1.1522992755e+02,8.1288849408e+00,6.8681838872e-01,2.1959818409e-02,-9.8436077253e-04,9.9777891945e-04,2.3925177144e-11,
1.4655241435e+02,1.3157449170e+01,1.0512769734e+00,1.4916806615e-01,-5.3718148519e-03,-5.1037553438e-03,6.9484819514e-10,
l,9.0,2.0
1.6499999911e-02,3.0164999962e+00,6.0165004730e+00,9.0165004730e+00,1.2016499519e+01,
8.9934144205e+01,-3.9828185116e+00,5.2101933994e-01,2.8410912919e-05,2.4315856631e-04,8.4662488742e-06,-8.0955062450e-07,
8.2696796729e+01,-8.2738091854e-01,5.3577949728e-01,3.4098596040e-03,2.9519852111e-04,1.0888522295e-05,5.6778158211e-12,
8.5155292785e+01,2.5156161297e+00,5.8541180331e-01,7.8495057210e-03,5.0634867905e-04,1.0478715982e-05,-2.9116797279e-12,
9.8226363722e+01,6.2984786855e+00,6.8756308375e-01,1.2299217577e-02,1.8638592982e-03,-5.1640757622e-04,-1.2069400305e-11,
1.2366729674e+02,1.0748695635e+01,7.5270336086e-01,-7.2057212902e-03,-1.1168861488e-02,7.7263869641e-04,4.6965890693e-11,
l,9.0,3.0
1.6499999911e-02,3.0164999962e+00,6.0165004730e+00,9.0165004730e+00,1.2016499519e+01,
8.9901151943e+01,-5.9818727531e+00,5.4896351381e-01,9.4664815082e-05,1.0112911801e-04,1.5621078319e-05,-9.0977518810e-07,
7.6910082346e+01,-2.6695900233e+00,5.5837558765e-01,2.3276309532e-03,2.3132043415e-04,1.7607510905e-05,1.6881876828e-12,
7.4012546030e+01,7.7573956959e-01,5.9618771404e-01,7.1598770635e-03,2.5693143004e-04,7.8245108693e-05,7.7730537412e-12,
8.1938595254e+01,4.6060619081e+00,6.9497918440e-01,2.0425545863e-02,3.2644465131e-04,9.8483982026e-04,-5.6128119702e-12,
1.0282723913e+02,9.7825072704e+00,1.0838706607e+00,1.9125475219e-01,-3.7415957179e-02,-9.5578368792e-04,7.3583419190e-10,
l,9.0,4.0
1.6499999911e-02,3.0164999962e+00,6.0165004730e+00,9.0165004730e+00,1.2016499519e+01,
8.9868159486e+01,-7.9805946117e+00,5.8827142994e-01,-5.2908544328e-05,5.9563449953e-05,-1.0179005324e-05,2.1685139648e-06,
7.1223319618e+01,-4.4469238774e+00,5.9084640207e-01,8.8108497391e-04,1.4899748478e-04,2.3861548609e-05,-1.6216232474e-13,
6.3241829645e+01,-8.5236266429e-01,6.1354370270e-01,4.5850861310e-03,6.7576934352e-04,3.7899397194e-07,-5.8311949789e-12,
6.6385268581e+01,3.0253986972e+00,6.9212427871e-01,1.0313507273e-02,1.4210037129e-03,-5.9288822445e-04,-1.1222909229e-11,
8.1940008398e+01,7.3707061828e+00,6.9832809849e-01,-2.1203557625e-02,-1.0100439892e-02,9.2924310026e-04,2.1299216310e-11,
l,9.0,5.0
1.6499999911e-02,3.0164999962e+00,6.0165004730e+00,9.0165004730e+00,1.2016499519e+01,
8.9835168658e+01,-9.9788955033e+00,6.3862126815e-01,-5.5505412367e-06,-9.4638137237e-05,-7.3940266528e-06,2.1176223406e-06,
6.5638001601e+01,-6.1574620154e+00,6.3396159661e-01,-7.0552430919e-04,1.2080055785e-05,3.1917314512e-05,-4.9846371011e-13,
5.2860945138e+01,-2.3582920934e+00,6.3636379130e-01,3.2533657965e-03,1.0664640278e-04,1.5437663276e-04,1.5477573844e-11,
5.1647577889e+01,1.6190221943e+00,7.2378506168e-01,9.4612486000e-03,8.4379035325e-03,4.1944802401e-05,-1.7957644220e-10,
6.3966660303e+01,7.1488118492e+00,1.2084291606e+00,1.4065803783e-01,-6.3672714156e-02,4.2590149676e-03,2.1228495902e-10,
l,9.0,6.0
1.6499999911e-02,3.0164999962e+00,6.0165004730e+00,9.0165004730e+00,1.2016499519e+01,
8.9802191495e+01,-1.1976894624e+01,7.0026565797e-01,2.6244057281e-05,-2.5626629419e-04,1.1475246517e-05,-6.9632507273e-07,
6.0156132282e+01,-7.7985963771e+00,6.8892705753e-01,-2.1803731552e-03,-1.8213909640e-04,3.8008326951e-05,-4.1871494028e-13,
4.2896312969e+01,-3.7283581291e+00,6.7050007782e-01,-1.6509474507e-03,9.2117502881e-04,-4.3762668561e-05,-1.3878593493e-11,
3.7765094450e+01,3.3191528442e-01,6.9130352535e-01,5.2645472829e-03,-1.2557482259e-03,-4.0518191616e-04,2.1354323971e-11,
4.4924597622e+01,4.3228748953e+00,5.6402288443e-01,-4.2205335157e-02,-5.4295519921e-03,7.9991636772e-04,-6.1765586048e-12,
l,9.0,7.0
1.6499999911e-02,3.0164999962e+00,6.0165004730e+00,9.0165004730e+00,1.2016499519e+01,
8.9769207253e+01,-1.3974473080e+01,7.7308281986e-01,9.9515672400e-06,-3.0000038455e-04,5.2423462100e-06,-6.3617560062e-07,
5.4780311910e+01,-9.3668587627e+00,7.5749200575e-01,-3.1918855602e-03,-3.9375685651e-04,3.3713843947e-05,7.3699116075e-12,
3.3387251731e+01,-4.9363946792e+00,7.1519855883e-01,-2.3396603913e-03,-9.2025667582e-04,4.5925291342e-04,3.2571995256e-11,
2.4989205198e+01,-6.2774160894e-01,7.9403214718e-01,-1.5799404943e-03,2.7167150842e-02,-4.2143568319e-03,-2.3285803959e-10,
3.1385499507e+01,5.3196459768e+00,1.0932022207e+00,-5.0608492048e-02,-3.2948116305e-02,3.3481866689e-03,1.2777272903e-10,
l,9.0,8.0
1.6499999911e-02,3.0164999962e+00,6.0165004730e+00,9.0165004730e+00,1.2016499519e+01,
8.9736231095e+01,-1.5971709961e+01,8.5714485811e-01,-1.8846957287e-05,-2.5676513137e-04,2.5637522705e-06,-1.1960590278e-06,
4.9513856167e+01,-1.0857783695e+01,8.4247814108e-01,-3.5486721410e-03,-3.0835138234e-04,-2.9019291940e-05,-2.9371361638e-12,
2.4394962440e+01,-5.9438373573e+00,7.8602798236e-01,-1.0091523685e-02,-7.3931670698e-04,-7.4888035364e-05,-6.5838553837e-13,
1.3287130099e+01,-1.6100447153e+00,6.3406062744e-01,-2.4473722237e-02,-2.6099315826e-03,1.1777172659e-04,1.2812944140e-11,
1.3320033734e+01,1.2992797226e+00,3.0770618392e-01,-4.5510021695e-02,1.4141016403e-03,1.9828638506e-04,-1.6785435418e-11,
l,9.0,9.0
1.6499999911e-02,3.0164999962e+00,6.0165004730e+00,9.0165004730e+00,1.2016499519e+01,
8.9703259805e+01,-1.7968570686e+01,9.5236290057e-01,2.4985917856e-05,-1.1404391909e-04,5.5840069487e-06,-9.0275752091e-07,
4.4360953418e+01,-1.2265157298e+01,9.4694911297e-01,-1.4536241825e-03,-8.6658814121e-05,-2.0985495047e-05,-5.3628451768e-12,
1.6036663858e+01,-6.6407066659e+00,9.2390279287e-01,-4.9620184630e-03,-1.6125603072e-04,-1.1496655867e-04,-6.4077629352e-12,
4.2547027656e+00,-1.2957284377e+00,8.4013792455e-01,-1.9774112436e-02,-1.2288472092e-03,-6.7552222083e-04,-9.1718415715e-12,
7.1314726978e+00,2.8006935311e+00,4.2508563499e-01,-1.0337354384e-01,-9.0730780169e-03,3.0801311265e-03,-2.0860520972e-10,
