l,0.0,-0.0
3.8499999791e-02,7.0384998322e+00,1.4038500786e+01,2.1038499832e+01,2.8038497925e+01,
1.5445315424e-02,-4.6251328426e-02,7.7629208241e-01,-9.5345125209e-03,-4.2275663908e-02,7.6019265836e-03,-4.0563555783e-04,
1.3034869907e+01,2.0075127437e+00,-1.4492630514e-03,2.5190997558e-04,-2.7781306212e-05,1.2983217638e-06,-8.9430459483e-13,
2.7057918757e+01,2.0015105364e+00,-1.1770439501e-04,9.7221370817e-06,-6.7909228453e-07,2.4975554953e-08,-8.6503584477e-16,
4.1064846182e+01,2.0006595920e+00,-3.2867367845e-05,2.4568498300e-06,-2.0334240465e-07,8.7767719422e-09,-3.0710513980e-15,
5.5068351973e+01,2.0003813242e+00,-7.6110003246e-06,-8.9261559185e-07,1.7269158952e-07,-9.2483095960e-09,4.3057915986e-15,
l,1.0,-1.0
3.8499999791e-02,7.0384998322e+00,1.4038500786e+01,2.1038499832e+01,2.8038497925e+01,
2.0551701300e+00,2.2546872020e+00,4.6256139367e-01,2.1735689622e-01,-6.3577420001e-02,5.7286657799e-03,-1.5827999537e-04,
4.0033223080e+01,6.0495510730e+00,-1.3041535495e-02,2.4271885292e-03,-2.4880754189e-04,1.0395970670e-05,-2.1387855161e-12,
8.2150778945e+01,6.0064400947e+00,-4.7909094000e-04,2.1174234201e-05,9.2046835425e-07,-1.2934231904e-07,-1.0622962594e-13,
1.2417969502e+02,6.0026702627e+00,-1.8273401874e-04,2.8269436739e-05,-4.1660933497e-06,2.4963504821e-07,-2.2550305595e-14,
1.6619330752e+02,6.0012957225e+00,5.2152621342e-05,-3.4503883525e-05,5.5027798941e-06,-3.0862653162e-07,7.7517346210e-15,
l,1.0,0.0
3.8499999791e-02,7.0384998322e+00,1.4038500786e+01,2.1038499832e+01,2.8038497925e+01,
2.0370136766e+00,-2.5256326358e-01,8.4831194232e-01,-2.5805395629e-01,5.5602094599e-02,-6.3773328045e-03,2.8381461478e-04,
1.3034869907e+01,2.0075127437e+00,-1.4492630514e-03,2.5190997558e-04,-2.7781306212e-05,1.2983217638e-06,-8.9430459483e-13,
2.7057918757e+01,2.0015105364e+00,-1.1770439501e-04,9.7221370817e-06,-6.7909228453e-07,2.4975554953e-08,-8.6503584477e-16,
4.1064846182e+01,2.0006595920e+00,-3.2867367845e-05,2.4568498300e-06,-2.0334240465e-07,8.7767719422e-09,-3.0710513980e-15,
5.5068351973e+01,2.0003813242e+00,-7.6110003246e-06,-8.9261559185e-07,1.7269158952e-07,-9.2483095960e-09,4.3057915986e-15,
l,1.0,1.0
3.8499999791e-02,7.0384998322e+00,1.4038500786e+01,2.1038499832e+01,2.8038497925e+01,
1.9011704950e+00,-1.7453149689e+00,4.6256416886e-01,2.1735541982e-01,-6.3577042689e-02,5.7286203345e-03,-1.5827792344e-04,
1.1879223953e+01,2.0495518636e+00,-1.3042588403e-02,2.4276810685e-03,-2.4889672889e-04,1.0401381607e-05,-2.1418118836e-12,
2.5996771623e+01,2.0064707410e+00,-5.1526268784e-04,3.6796263910e-05,-1.8714996811e-06,4.4666782904e-08,-7.7228771149e-15,
4.0025695860e+01,2.0026411686e+00,-1.3775742160e-04,7.3852234805e-06,-3.7766187624e-07,1.2663766995e-08,-3.9452294251e-15,
5.4039269034e+01,2.0014190073e+00,-4.8636843358e-05,6.4206592368e-08,2.5355992738e-07,-1.7689545285e-08,-2.2666033916e-15,
l,2.0,-2.0
3.8499999791e-02,7.0384998322e+00,1.4038500786e+01,2.1038499832e+01,2.8038497925e+01,
6.1640603023e+00,3.9835617522e+00,1.0213920437e+00,-1.2727850139e-01,4.3293805181e-02,-7.4217484392e-03,4.0076487477e-04,
6.6800447623e+01,1.0230843702e+01,-8.1906597473e-02,1.7862121199e-02,-2.0290305968e-03,9.1637400179e-05,-1.8700842723e-11,
1.3719610352e+02,1.0015977042e+01,-1.3143509651e-03,9.2522730205e-05,-4.3468728312e-06,8.8468924367e-08,-4.0543749330e-14,
2.0726630544e+02,1.0006380160e+01,-4.1984870648e-04,4.7433500192e-05,-5.3088574504e-06,2.6716139069e-07,1.8013839978e-14,
2.7729838896e+02,1.0003320824e+01,-1.0305266160e-04,-6.8060081735e-06,1.8957396951e-06,-1.1973502436e-07,2.7303962883e-14,
l,2.0,-1.0
3.8499999791e-02,7.0384998322e+00,1.4038500786e+01,2.1038499832e+01,2.8038497925e+01,
6.0407673006e+00,2.4256918548e+00,-2.0361507970e-01,5.7613924017e-01,-1.9160086772e-01,2.6867682170e-02,-1.3799816286e-03,
4.0033223080e+01,6.0495510730e+00,-1.3041535495e-02,2.4271885292e-03,-2.4880754189e-04,1.0395970670e-05,-2.1387855161e-12,
8.2150778945e+01,6.0064400947e+00,-4.7909094000e-04,2.1174234201e-05,9.2046835425e-07,-1.2934231904e-07,-1.0622962594e-13,
1.2417969502e+02,6.0026702627e+00,-1.8273401874e-04,2.8269436739e-05,-4.1660933497e-06,2.4963504821e-07,-2.2550305595e-14,
1.6619330752e+02,6.0012957225e+00,5.2152621342e-05,-3.4503883525e-05,5.5027798941e-06,-3.0862653162e-07,7.7517346210e-15,
l,2.0,0.0
3.8499999791e-02,7.0384998322e+00,1.4038500786e+01,2.1038499832e+01,2.8038497925e+01,
5.9976667727e+00,3.4358118210e-02,5.5254035836e-01,-1.2480313386e-01,8.1388333066e-02,-1.4066764367e-02,7.3735053562e-04,
3.6227974072e+01,6.4015533388e+00,-1.4074935746e-01,3.0142587091e-02,-3.3647865040e-03,1.4964485115e-04,-2.4998835996e-11,
7.8914391151e+01,6.0272038242e+00,-2.3367424295e-03,1.9242823456e-04,-1.2542740436e-05,4.2674734025e-07,-2.5668403215e-14,
1.2103338219e+02,6.0106758482e+00,-5.9334059438e-04,4.3580699269e-05,-3.7052709396e-06,1.7332379369e-07,2.6897348475e-15,
1.6308800194e+02,6.0056710482e+00,-1.7650240344e-04,-1.7550517287e-06,9.0089852356e-07,-4.6684943131e-08,1.1180302656e-14,
l,2.0,1.0
3.8499999791e-02,7.0384998322e+00,1.4038500786e+01,2.1038499832e+01,2.8038497925e+01,
5.9015207284e+00,-1.7919190060e+00,3.1758833397e-01,1.4697535738e-01,-4.1672987316e-02,4.1141521856e-03,-1.4007776909e-04,
1.1879223953e+01,2.0495518636e+00,-1.3042588403e-02,2.4276810685e-03,-2.4889672889e-04,1.0401381607e-05,-2.1418118836e-12,
2.5996771623e+01,2.0064707410e+00,-5.1526268784e-04,3.6796263910e-05,-1.8714996811e-06,4.4666782904e-08,-7.7228771149e-15,
4.0025695860e+01,2.0026411686e+00,-1.3775742160e-04,7.3852234805e-06,-3.7766187624e-07,1.2663766995e-08,-3.9452294251e-15,
5.4039269034e+01,2.0014190073e+00,-4.8636843358e-05,6.4206592368e-08,2.5355992738e-07,-1.7689545285e-08,-2.2666033916e-15,
l,2.0,2.0
3.8499999791e-02,7.0384998322e+00,1.4038500786e+01,2.1038499832e+01,2.8038497925e+01,
5.8560612426e+00,-4.0164443096e+00,1.0213980239e+00,-1.2728057495e-01,4.3294057540e-02,-7.4217477647e-03,4.0076352194e-04,
1.0492444595e+01,2.2308596363e+00,-8.1916879096e-02,1.7863647568e-02,-2.0289729795e-03,9.1621763339e-05,-1.8586192512e-11,
2.4888073856e+01,2.0160430280e+00,-1.3632752263e-03,1.0793518040e-04,-6.4982648270e-06,1.9833948979e-07,-2.1484960760e-14,
3.8958328104e+01,2.0062819165e+00,-3.3076956251e-04,1.6396048979e-05,-6.3721841142e-07,1.2562755965e-08,-6.2277992870e-15,
5.2990397755e+01,2.0033365066e+00,-1.2488703506e-04,3.2204984349e-06,1.2900775907e-07,-1.4838470387e-08,1.2975671885e-15,
l,3.0,-3.0
3.8499999791e-02,7.0384998322e+00,1.4038500786e+01,2.1038499832e+01,2.8038497925e+01,
1.2235613050e+01,6.0415588338e+00,9.3531869857e-01,-3.0648396121e-02,7.8943313729e-03,-1.1037529824e-03,2.3540747146e-05,
9.3026180230e+01,1.4729661544e+01,-2.3154928967e-01,4.1068228891e-02,-3.7412387232e-03,1.3648269431e-04,2.1355786098e-11,
1.9218611029e+02,1.4031817382e+01,-2.9273603634e-03,2.5568237319e-04,-1.6926458165e-05,5.5838128087e-07,-5.0316635805e-14,
2.9032180490e+02,1.4011909211e+01,-6.7505541722e-04,4.0827491756e-05,-2.1751747418e-06,5.6285559743e-08,3.0121617647e-15,
3.8838180990e+02,1.4006235375e+01,-2.7148390182e-04,1.5261090378e-05,-6.1451460403e-07,-9.8176550353e-09,1.9960459310e-14,
l,3.0,-2.0
3.8499999791e-02,7.0384998322e+00,1.4038500786e+01,2.1038499832e+01,2.8038497925e+01,
1.2106912934e+01,4.3454961033e+00,3.1666401150e-01,1.2597138538e-01,-8.0947327665e-03,-3.6755453617e-03,4.0092512516e-04,
6.6800447623e+01,1.0230843702e+01,-8.1906597473e-02,1.7862121199e-02,-2.0290305968e-03,9.1637400179e-05,-1.8700842723e-11,
1.3719610352e+02,1.0015977042e+01,-1.3143509651e-03,9.2522730205e-05,-4.3468728312e-06,8.8468924367e-08,-4.0543749330e-14,
2.0726630544e+02,1.0006380160e+01,-4.1984870648e-04,4.7433500192e-05,-5.3088574504e-06,2.6716139069e-07,1.8013839978e-14,
2.7729838896e+02,1.0003320824e+01,-1.0305266160e-04,-6.8060081735e-06,1.8957396951e-06,-1.1973502436e-07,2.7303962883e-14,
l,3.0,-1.0
3.8499999791e-02,7.0384998322e+00,1.4038500786e+01,2.1038499832e+01,2.8038497925e+01,
1.2100677360e+01,1.8502856222e+00,8.6409393252e-01,-2.1102528319e-01,5.7250270419e-02,-5.0735109174e-03,1.0251762671e-04,
5.9278959340e+01,1.1316404525e+01,-3.2058040679e-01,3.5920683321e-02,-1.0848938485e-03,-5.0120726381e-05,1.4758271554e-10,
1.3166928629e+02,1.0065332266e+01,-5.8747960129e-03,4.5379509911e-04,-2.3211614147e-05,5.0792438109e-07,3.5667715834e-14,
2.0194720149e+02,1.0024191811e+01,-1.3788723260e-03,8.7900315274e-05,-5.8869638949e-06,2.3653504424e-07,-2.1714685151e-14,
2.7206898392e+02,1.0012440931e+01,-4.1763878416e-04,-7.6563865687e-06,3.2604104093e-06,-1.9236954773e-07,2.3150951758e-14,
l,3.0,0.0
3.8499999791e-02,7.0384998322e+00,1.4038500786e+01,2.1038499832e+01,2.8038497925e+01,
1.2043790800e+01,-2.8995851290e-01,1.0237352660e+00,-3.3794168311e-01,1.0253897647e-01,-1.3677156408e-02,6.4064511949e-04,
3.6227974072e+01,6.4015533388e+00,-1.4074935746e-01,3.0142587091e-02,-3.3647865040e-03,1.4964485115e-04,-2.4998835996e-11,
7.8914391151e+01,6.0272038242e+00,-2.3367424295e-03,1.9242823456e-04,-1.2542740436e-05,4.2674734025e-07,-2.5668403215e-14,
1.2103338219e+02,6.0106758482e+00,-5.9334059438e-04,4.3580699269e-05,-3.7052709396e-06,1.7332379369e-07,2.6897348475e-15,
1.6308800194e+02,6.0056710482e+00,-1.7650240344e-04,-1.7550517287e-06,9.0089852356e-07,-4.6684943131e-08,1.1180302656e-14,
l,3.0,1.0
3.8499999791e-02,7.0384998322e+00,1.4038500786e+01,2.1038499832e+01,2.8038497925e+01,
1.1946677652e+01,-2.1497162563e+00,8.6409672739e-01,-2.1102685811e-01,5.7250685740e-02,-5.0735633054e-03,1.0252018397e-04,
3.1124965314e+01,7.3163732545e+00,-3.2054107623e-01,3.5903031650e-02,-1.0816895198e-03,-5.0322253115e-05,1.4745702345e-10,
7.5515277400e+01,6.0654358110e+00,-5.9748767752e-03,4.8783319050e-04,-2.8091148122e-05,7.5989331696e-07,2.4697358332e-14,
1.1779320040e+02,6.0241852896e+00,-1.3713435116e-03,8.5156747633e-05,-5.4730748238e-06,2.1403573528e-07,-3.3675657333e-14,
1.5991498734e+02,6.0124450585e+00,-4.1713626370e-04,-8.5003482693e-06,3.4445011645e-06,-2.0440668132e-07,1.4216239192e-14,
l,3.0,2.0
3.8499999791e-02,7.0384998322e+00,1.4038500786e+01,2.1038499832e+01,2.8038497925e+01,
1.1830673001e+01,-3.8184066449e+00,4.4462110113e-01,1.4546231049e-01,-4.6005345906e-02,6.0028919069e-03,-3.1271533266e-04,
1.0492444595e+01,2.2308596363e+00,-8.1916879096e-02,1.7863647568e-02,-2.0289729795e-03,9.1621763339e-05,-1.8586192512e-11,
2.4888073856e+01,2.0160430280e+00,-1.3632752263e-03,1.0793518040e-04,-6.4982648270e-06,1.9833948979e-07,-2.1484960760e-14,
3.8958328104e+01,2.0062819165e+00,-3.3076956251e-04,1.6396048979e-05,-6.3721841142e-07,1.2562755965e-08,-6.2277992870e-15,
5.2990397755e+01,2.0033365066e+00,-1.2488703506e-04,3.2204984349e-06,1.2900775907e-07,-1.4838470387e-08,1.2975671885e-15,
l,3.0,3.0
3.8499999791e-02,7.0384998322e+00,1.4038500786e+01,2.1038499832e+01,2.8038497925e+01,
1.1773613517e+01,-5.9584444336e+00,9.3532323772e-01,-3.0650957109e-02,7.8950317257e-03,-1.1038455052e-03,2.3545450625e-05,
8.5641916267e+00,2.7296535554e+00,-2.3154777206e-01,4.1067990732e-02,-3.7411333977e-03,1.3647018441e-04,2.1129334581e-11,
2.3724112776e+01,2.0317759293e+00,-2.9066501436e-03,2.5262690628e-04,-1.6897973484e-05,5.7328601457e-07,-3.7381531828e-14,
3.7859821080e+01,2.0118671472e+00,-6.4662523060e-04,3.2918731409e-05,-1.2759980445e-06,2.4365357836e-08,-6.6156537146e-15,
5.1919840253e+01,2.0061931587e+00,-2.4417710977e-04,9.8754272929e-06,-4.5345608164e-07,1.6999860939e-08,5.0207980096e-15,
l,4.0,-4.0
3.8499999791e-02,7.0384998322e+00,1.4038500786e+01,2.1038499832e+01,2.8038497925e+01,
2.0308820656e+01,8.0749702429e+00,8.9903207169e-01,7.9373942598e-03,-3.6180751783e-03,5.5752279042e-04,-4.7523178762e-05,
1.1867693710e+02,1.8917771385e+01,3.0165280693e-02,-7.1776436603e-02,1.3171237406e-02,-7.4361833016e-04,2.6975619139e-10,
2.4711129489e+02,1.8055176179e+01,-4.9212780638e-03,3.2498679931e-04,-9.4227606085e-06,-1.2396803006e-07,3.2099818033e-13,
3.7334319612e+02,1.8019688926e+01,-1.0511661175e-03,3.7771313659e-05,5.6592459625e-07,-9.9240483579e-08,-5.1988048581e-14,
4.9944218113e+02,1.8009959288e+01,-2.8830854033e-04,-2.3498017283e-05,5.2643506970e-06,-3.0150030161e-07,6.2835021543e-15,
l,4.0,-3.0
3.8499999791e-02,7.0384998322e+00,1.4038500786e+01,2.1038499832e+01,2.8038497925e+01,
2.0286200655e+01,5.6726975995e+00,1.3009338819e+00,-3.2327096278e-01,7.8831767564e-02,-8.6128920558e-03,2.9650860919e-04,
9.3026180230e+01,1.4729661544e+01,-2.3154928967e-01,4.1068228891e-02,-3.7412387232e-03,1.3648269431e-04,2.1355786098e-11,
1.9218611029e+02,1.4031817382e+01,-2.9273603634e-03,2.5568237319e-04,-1.6926458165e-05,5.5838128087e-07,-5.0316635805e-14,
2.9032180490e+02,1.4011909211e+01,-6.7505541722e-04,4.0827491756e-05,-2.1751747418e-06,5.6285559743e-08,3.0121617647e-15,
3.8838180990e+02,1.4006235375e+01,-2.7148390182e-04,1.5261090378e-05,-6.1451460403e-07,-9.8176550353e-09,1.9960459310e-14,
l,4.0,-2.0
3.8499999791e-02,7.0384998322e+00,1.4038500786e+01,2.1038499832e+01,2.8038497925e+01,
2.0145502892e+01,4.1335912844e+00,4.2352703369e-01,1.3392296549e-01,-4.7801221133e-02,7.7890458908e-03,-4.2722873568e-04,
8.1637146837e+01,1.4631484040e+01,7.5255453667e-01,-3.0498781704e-01,4.3486959422e-02,-2.1746688381e-03,3.2410983551e-10,
1.8423001899e+02,1.4131555343e+01,-1.4682738755e-02,1.7235164470e-03,-1.5416755545e-04,6.4579349721e-06,-1.1262681089e-12,
2.8276078856e+02,1.4044684129e+01,-2.6452198281e-03,1.6467222194e-04,-9.4383707318e-06,3.1060782257e-07,-4.7814917637e-14,
3.8098300418e+02,1.4022577499e+01,-8.8525756819e-04,2.3750327699e-05,4.8271498171e-07,-5.1319879175e-08,1.6618201481e-14,
l,4.0,-1.0
3.8499999791e-02,7.0384998322e+00,1.4038500786e+01,2.1038499832e+01,2.8038497925e+01,
2.0079893547e+01,2.0218886644e+00,5.5204025236e-01,-2.1853188457e-02,7.5971288780e-03,-6.7662859967e-04,6.2832883620e-06,
6.1661544626e+01,6.9049563899e+00,2.5083421264e+00,-7.7824118815e-01,1.0671323240e-01,-5.3954979008e-03,1.5645960115e-09,
1.3166928629e+02,1.0065332266e+01,-5.8747960129e-03,4.5379509911e-04,-2.3211614147e-05,5.0792438109e-07,3.5667715834e-14,
2.0194720149e+02,1.0024191811e+01,-1.3788723260e-03,8.7900315274e-05,-5.8869638949e-06,2.3653504424e-07,-2.1714685151e-14,
2.7206898392e+02,1.0012440931e+01,-4.1763878416e-04,-7.6563865687e-06,3.2604104093e-06,-1.9236954773e-07,2.3150951758e-14,
l,4.0,0.0
3.8499999791e-02,7.0384998322e+00,1.4038500786e+01,2.1038499832e+01,2.8038497925e+01,
1.9988820282e+01,1.4257916447e-01,2.9871266840e-01,1.4034983278e-01,-4.4221878403e-02,6.8279372385e-03,-3.5463224016e-04,
5.0611892135e+01,1.0297865044e+01,1.0839371216e+00,-3.9230331488e-01,5.3230968145e-02,-2.5749581866e-03,2.1794212730e-10,
1.2582269600e+02,1.0159739709e+01,-1.8289578933e-02,2.1944954037e-03,-1.9709475599e-04,8.2048428803e-06,-1.0920805558e-12,
1.9646188597e+02,1.0053439188e+01,-3.0762869175e-03,1.6218569165e-04,-5.4288050460e-06,2.3065256733e-08,-6.2877245192e-14,
2.6672818675e+02,1.0027226928e+01,-1.1705172595e-03,6.8149865143e-05,-5.0593271787e-06,2.1896114222e-07,4.4053214701e-14,
l,4.0,1.0
3.8499999791e-02,7.0384998322e+00,1.4038500786e+01,2.1038499832e+01,2.8038497925e+01,
1.9925893844e+01,-1.9781137374e+00,5.5204293025e-01,-2.1854271480e-02,7.5973046527e-03,-6.7663743034e-04,6.2831334711e-06,
3.3460160999e+01,4.5113237302e+00,8.7214930715e-01,-1.9001827181e-01,1.7749557034e-02,-5.7413900200e-04,-1.5141374758e-09,
7.5515277400e+01,6.0654358110e+00,-5.9748767752e-03,4.8783319050e-04,-2.8091148122e-05,7.5989331696e-07,2.4697358332e-14,
1.1779320040e+02,6.0241852896e+00,-1.3713435116e-03,8.5156747633e-05,-5.4730748238e-06,2.1403573528e-07,-3.3675657333e-14,
1.5991498734e+02,6.0124450585e+00,-4.1713626370e-04,-8.5003482693e-06,3.4445011645e-06,-2.0440668132e-07,1.4216239192e-14,
l,4.0,2.0
3.8499999791e-02,7.0384998322e+00,1.4038500786e+01,2.1038499832e+01,2.8038497925e+01,
1.9837503132e+01,-3.8664092903e+00,4.2352858620e-01,1.3392154156e-01,-4.7800711121e-02,7.7889679796e-03,-4.2722446602e-04,
2.5329158705e+01,6.6314226255e+00,7.5262267895e-01,-3.0501484019e-01,4.3491397678e-02,-2.1749276086e-03,3.2398650769e-10,
7.1922035000e+01,6.1315022604e+00,-1.4628029419e-02,1.7016404982e-03,-1.5056408787e-04,6.2502595765e-06,-1.0692155795e-12,
1.1445279643e+02,6.0446716325e+00,-2.6388858540e-03,1.6340811222e-04,-9.3483837745e-06,3.0983985487e-07,-5.0659998178e-14,
1.5667501570e+02,6.0225883475e+00,-8.9108966564e-04,2.4665249936e-05,4.8093065562e-07,-5.7250920319e-08,1.1620270107e-14,
l,4.0,3.0
3.8499999791e-02,7.0384998322e+00,1.4038500786e+01,2.1038499832e+01,2.8038497925e+01,
1.9770617395e+01,-5.9488007554e+00,7.3644165168e-01,-7.0979826336e-03,1.0318572768e-03,-4.0496957272e-04,1.8287166183e-05,
9.6545131930e+00,1.5471800119e+00,2.1025533226e-01,-2.7199142672e-02,-9.6073963213e-05,1.5049700515e-04,-6.5802036161e-10,
2.3724112776e+01,2.0317759293e+00,-2.9066501436e-03,2.5262690628e-04,-1.6897973484e-05,5.7328601457e-07,-3.7381531828e-14,
3.7859821080e+01,2.0118671472e+00,-6.4662523060e-04,3.2918731409e-05,-1.2759980445e-06,2.4365357836e-08,-6.6156537146e-15,
5.1919840253e+01,2.0061931587e+00,-2.4417710977e-04,9.8754272929e-06,-4.5345608164e-07,1.6999860939e-08,5.0207980096e-15,
l,4.0,4.0
3.8499999791e-02,7.0384998322e+00,1.4038500786e+01,2.1038499832e+01,2.8038497925e+01,
1.9692822595e+01,-7.9250433461e+00,8.9905504771e-01,7.9220341220e-03,-3.6133189828e-03,5.5684077345e-04,-4.7486722060e-05,
6.0609613091e+00,2.9177057104e+00,3.0205609782e-02,-7.1786289253e-02,1.3172266502e-02,-7.4365488809e-04,2.6960680476e-10,
2.2495260961e+01,2.0552325946e+00,-4.9577990516e-03,3.3410062763e-04,-1.0354818694e-05,-9.2414586686e-08,2.9098434637e-13,
3.6727168853e+01,2.0197895123e+00,-1.1336254299e-03,6.4754286834e-05,-3.2418126563e-06,9.4499883407e-08,-4.2525389883e-15,
5.0826158287e+01,2.0101182341e+00,-4.0999017519e-04,1.6689264962e-05,-6.6736073359e-07,1.9327599478e-08,4.9284773427e-15,
l,5.0,-5.0
3.8499999791e-02,7.0384998322e+00,1.4038500786e+01,2.1038499832e+01,2.8038497925e+01,
3.0385995690e+01,1.0074399225e+01,9.1671289539e-01,4.7349044468e-03,-2.0681230271e-03,2.9169849314e-04,-2.3021154315e-05,
1.4469939294e+02,2.1759820515e+01,8.8396266181e-01,-2.7558628700e-01,3.4101232708e-02,-1.5314551236e-03,-6.7044943649e-11,
3.0195425687e+02,2.2096203922e+01,-1.1935726383e-02,1.4946487663e-03,-1.3218765929e-04,5.2846036749e-06,-2.4336369688e-13,
4.5632682375e+02,2.2030542992e+01,-1.8359325660e-03,1.1088186771e-04,-5.6081097082e-06,1.4911232342e-07,-3.1395622202e-14,
6.1047772544e+02,2.2015151583e+01,-5.3673132462e-04,-8.9688044475e-06,4.5725009867e-06,-2.9866877295e-07,4.2351240119e-14,
l,5.0,-4.0
3.8499999791e-02,7.0384998322e+00,1.4038500786e+01,2.1038499832e+01,2.8038497925e+01,
3.0309301519e+01,8.0578432515e+00,7.7177186473e-01,-1.9612489246e-03,-3.1096713386e-04,-9.1477949071e-05,3.6262367587e-07,
1.2209341845e+02,1.2677926681e+01,3.9919823955e+00,-1.2035332938e+00,1.6216380155e-01,-8.0982929059e-03,1.9768109044e-09,
2.4711129489e+02,1.8055176179e+01,-4.9212780638e-03,3.2498679931e-04,-9.4227606085e-06,-1.2396803006e-07,3.2099818033e-13,
3.7334319612e+02,1.8019688926e+01,-1.0511661175e-03,3.7771313659e-05,5.6592459625e-07,-9.9240483579e-08,-5.1988048581e-14,
4.9944218113e+02,1.8009959288e+01,-2.8830854033e-04,-2.3498017283e-05,5.2643506970e-06,-3.0150030161e-07,6.2835021543e-15,
l,5.0,-3.0
3.8499999791e-02,7.0384998322e+00,1.4038500786e+01,2.1038499832e+01,2.8038497925e+01,
3.0228560013e+01,6.0778112242e+00,6.0150155185e-01,3.1544250495e-02,-9.7388646852e-03,1.1532385981e-03,-3.0000012495e-05,
1.0559283751e+02,1.6038898777e+01,1.6999413461e+00,-3.4658935156e-01,2.6631441159e-02,-5.7194042059e-04,-8.0909833394e-10,
2.3654352648e+02,1.8244783096e+01,-3.2137156033e-02,4.0395896783e-03,-3.4410752775e-04,1.3134155098e-05,-1.0149640539e-12,
3.6346221985e+02,1.8073501509e+01,-4.4991328998e-03,2.7979038536e-04,-1.5403568061e-05,4.8764403763e-07,-5.0362676771e-14,
4.8982341670e+02,1.8036257693e+01,-1.4713520934e-03,4.4376345593e-05,3.2241843013e-07,-7.7249331068e-08,-1.1165898818e-14,
l,5.0,-2.0
3.8499999791e-02,7.0384998322e+00,1.4038500786e+01,2.1038499832e+01,2.8038497925e+01,
3.0154402778e+01,4.0479153007e+00,5.5425056554e-01,8.6088276042e-03,-3.2851710814e-03,7.1454822498e-04,-4.7350128107e-05,
8.7016806892e+01,1.3727237117e+01,-1.5037308099e+00,7.9289909263e-01,-1.3754029630e-01,7.9387087192e-03,-2.7792933149e-09,
1.8423001899e+02,1.4131555343e+01,-1.4682738755e-02,1.7235164470e-03,-1.5416755545e-04,6.4579349721e-06,-1.1262681089e-12,
2.8276078856e+02,1.4044684129e+01,-2.6452198281e-03,1.6467222194e-04,-9.4383707318e-06,3.1060782257e-07,-4.7814917637e-14,
3.8098300418e+02,1.4022577499e+01,-8.8525756819e-04,2.3750327699e-05,4.8271498171e-07,-5.1319879175e-08,1.6618201481e-14,
l,5.0,-1.0
3.8499999791e-02,7.0384998322e+00,1.4038500786e+01,2.1038499832e+01,2.8038497925e+01,
3.0077793622e+01,2.0380095545e+00,5.1794569138e-01,-5.5792044862e-03,3.6341479048e-03,-5.9484070748e-04,5.1425227615e-05,
7.2662276018e+01,1.0965178672e+01,1.8296879619e+00,-2.5057778153e-01,3.0883284781e-03,9.0951823799e-04,-1.0672799048e-09,
1.7571304002e+02,1.4336740949e+01,-4.8069571429e-02,6.6676437583e-03,-6.1949744078e-04,2.5399314144e-05,-2.9509467683e-12,
2.7494078561e+02,1.4096560345e+01,-5.9669265440e-03,3.6516317500e-04,-1.8592058166e-05,5.1166681956e-07,-6.3889684343e-14,
3.7341357771e+02,1.4047285497e+01,-1.9656223592e-03,7.0667504513e-05,-1.0779174875e-06,-4.6269241969e-08,1.5257325776e-15,
l,5.0,0.0
3.8499999791e-02,7.0384998322e+00,1.4038500786e+01,2.1038499832e+01,2.8038497925e+01,
3.0000185122e+01,4.3953617390e-02,4.8406571469e-01,9.4372019411e-03,-2.3230434316e-03,6.0941677914e-04,-4.2006631541e-05,
5.6744865605e+01,9.4429769873e+00,-8.3743149511e-01,4.3467176257e-01,-6.9525290169e-02,3.6811251395e-03,2.0402549214e-09,
1.2582269600e+02,1.0159739709e+01,-1.8289578933e-02,2.1944954037e-03,-1.9709475599e-04,8.2048428803e-06,-1.0920805558e-12,
1.9646188597e+02,1.0053439188e+01,-3.0762869175e-03,1.6218569165e-04,-5.4288050460e-06,2.3065256733e-08,-6.2877245192e-14,
2.6672818675e+02,1.0027226928e+01,-1.1705172595e-03,6.8149865143e-05,-5.0593271787e-06,2.1896114222e-07,4.4053214701e-14,
l,5.0,1.0
3.8499999791e-02,7.0384998322e+00,1.4038500786e+01,2.1038499832e+01,2.8038497925e+01,
2.9923793143e+01,-1.9619901213e+00,5.1794645115e-01,-5.5800341157e-03,3.6344432249e-03,-5.9488542787e-04,5.1427683748e-05,
4.4508276095e+01,6.9651795228e+00,1.8296812305e+00,-2.5057316112e-01,3.0873434288e-03,9.0958426974e-04,-1.0673688030e-09,
1.1955903690e+02,1.0336741015e+01,-4.8069631900e-02,6.6676712140e-03,-6.1951782531e-04,2.5402352796e-05,-2.9503348953e-12,
1.9078679287e+02,1.0096545267e+01,-5.9572355425e-03,3.6254374591e-04,-1.8294508383e-05,5.0071883492e-07,-5.5236403878e-14,
2.6125958272e+02,1.0047275333e+01,-1.9516322195e-03,6.5691446934e-05,-3.9275840181e-07,-7.8561283361e-08,-1.0493716895e-14,
l,5.0,2.0
3.8499999791e-02,7.0384998322e+00,1.4038500786e+01,2.1038499832e+01,2.8038497925e+01,
2.9846402913e+01,-3.9520870069e+00,5.5425465524e-01,8.6062424635e-03,-3.2844177403e-03,7.1444521876e-04,-4.7344795711e-05,
3.0712508711e+01,5.0414936951e+00,-1.0655172844e-01,1.3720358667e-01,-2.3313940897e-02,1.1905955392e-03,1.7368851025e-09,
7.1922035000e+01,6.1315022604e+00,-1.4628029419e-02,1.7016404982e-03,-1.5056408787e-04,6.2502595765e-06,-1.0692155795e-12,
1.1445279643e+02,6.0446716325e+00,-2.6388858540e-03,1.6340811222e-04,-9.3483837745e-06,3.0983985487e-07,-5.0659998178e-14,
1.5667501570e+02,6.0225883475e+00,-8.9108966564e-04,2.4665249936e-05,4.8093065562e-07,-5.7250920319e-08,1.1620270107e-14,
l,5.0,3.0
3.8499999791e-02,7.0384998322e+00,1.4038500786e+01,2.1038499832e+01,2.8038497925e+01,
2.9766558193e+01,-5.9221748258e+00,6.0147784463e-01,3.1560150908e-02,-9.7438277438e-03,1.1539586152e-03,-3.0039174287e-05,
2.1130825178e+01,4.0388986498e+00,1.6999633260e+00,-3.4660107165e-01,2.6633569421e-02,-5.7206932518e-04,-8.0905538889e-10,
6.8081502457e+01,6.2448842175e+00,-3.2252172223e-02,4.0852050999e-03,-3.5149214145e-04,1.3553682679e-05,-1.0134934944e-12,
1.1100023621e+02,6.0734493187e+00,-4.4528966562e-03,2.6403299473e-04,-1.3099176555e-05,3.6591974879e-07,-2.9196753396e-14,
1.5336143116e+02,6.0362880816e+00,-1.4919058781e-03,4.9668255850e-05,-2.4756960633e-07,-5.6218863860e-08,-1.4625450274e-14,
l,5.0,4.0
3.8499999791e-02,7.0384998322e+00,1.4038500786e+01,2.1038499832e+01,2.8038497925e+01,
2.9693304799e+01,-7.9421811334e+00,7.7181148739e-01,-1.9863671173e-03,-3.0364802546e-04,-9.2463085893e-05,4.1215168115e-07,
8.9557703489e+00,1.3206652590e+00,1.2857594078e-01,1.2102826057e-02,-4.4583253841e-03,2.6969196949e-04,5.9429243967e-10,
2.2495260961e+01,2.0552325946e+00,-4.9577990516e-03,3.3410062763e-04,-1.0354818694e-05,-9.2414586686e-08,2.9098434637e-13,
3.6727168853e+01,2.0197895123e+00,-1.1336254299e-03,6.4754286834e-05,-3.2418126563e-06,9.4499883407e-08,-4.2525389883e-15,
5.0826158287e+01,2.0101182341e+00,-4.0999017519e-04,1.6689264962e-05,-6.6736073359e-07,1.9327599478e-08,4.9284773427e-15,
l,5.0,5.0
3.8499999791e-02,7.0384998322e+00,1.4038500786e+01,2.1038499832e+01,2.8038497925e+01,
2.9615997800e+01,-9.9256181378e+00,9.1674115197e-01,4.7169733668e-03,-2.0629450525e-03,2.9101623345e-04,-2.2987819362e-05,
3.9294038467e+00,1.7597958734e+00,8.8397139523e-01,-2.7558431806e-01,3.4100253079e-02,-1.5313696782e-03,-6.7083873015e-11,
2.1184248789e+01,2.0962343455e+00,-1.1968777516e-02,1.5061113024e-03,-1.3389113318e-04,5.3776997070e-06,-1.7877685993e-13,
3.5556840404e+01,2.0305066676e+00,-1.8143892205e-03,1.0622662762e-04,-5.2567922186e-06,1.4601138246e-07,-5.0303663154e-15,
4.9707746092e+01,2.0152607589e+00,-6.3843963289e-04,2.7405142623e-05,-1.1235286895e-06,2.9007037354e-08,3.1401298284e-15,
l,6.0,-6.0
3.8499999791e-02,7.0384998322e+00,1.4038500786e+01,2.1038499832e+01,2.8038497925e+01,
4.2463232739e+01,1.2073200379e+01,9.3077894422e-01,1.8846517700e-03,-9.2755382925e-04,1.1690180749e-04,-9.6105901812e-06,
1.7187578242e+02,2.4312840333e+01,1.0146584110e+00,-1.3685119131e-01,1.2445457836e-03,5.3052719278e-04,-5.6893441406e-10,
3.5668706043e+02,2.6167642896e+01,-2.6989504113e-02,4.0992700666e-03,-3.9667954622e-04,1.6494503610e-05,-1.9543775955e-12,
5.3926858724e+02,2.6044743002e+01,-2.8293344392e-03,1.8595964741e-04,-1.0821445938e-05,3.4792908550e-07,-7.5776635378e-14,
7.2148674895e+02,2.6021787616e+01,-9.4188375024e-04,4.6026599760e-05,-2.7528697379e-06,1.1292666756e-07,1.4496714192e-14,
l,6.0,-5.0
3.8499999791e-02,7.0384998322e+00,1.4038500786e+01,2.1038499832e+01,2.8038497925e+01,
4.2386207873e+01,1.0061445139e+01,8.0023177921e-01,-2.2446612248e-04,-6.0571303123e-04,1.4571266482e-06,-3.4379656309e-06,
1.5015014866e+02,2.1102822512e+01,-1.9106390849e+00,1.0783665197e+00,-1.9211624057e-01,1.1285066724e-02,-6.4366874232e-09,
3.0195425687e+02,2.2096203922e+01,-1.1935726383e-02,1.4946487663e-03,-1.3218765929e-04,5.2846036749e-06,-2.4336369688e-13,
4.5632682375e+02,2.2030542992e+01,-1.8359325660e-03,1.1088186771e-04,-5.6081097082e-06,1.4911232342e-07,-3.1395622202e-14,
6.1047772544e+02,2.2015151583e+01,-5.3673132462e-04,-8.9688044475e-06,4.5725009867e-06,-2.9866877295e-07,4.2351240119e-14,
l,6.0,-4.0
3.8499999791e-02,7.0384998322e+00,1.4038500786e+01,2.1038499832e+01,2.8038497925e+01,
4.2309538718e+01,8.0483135443e+00,7.0082273351e-01,-8.0163886943e-03,2.5327317584e-03,-5.5538964454e-04,4.4569897713e-05,
1.3223857235e+02,1.7954170608e+01,9.2786331997e-01,1.6399244210e-01,-5.4352457299e-02,3.5362762900e-03,-3.3545142193e-10,
2.8849280167e+02,2.2486580444e+01,-9.3493006034e-02,1.6030619819e-02,-1.6599494552e-03,7.1927988237e-05,-7.1143490805e-12,
4.4403806267e+02,2.2112814516e+01,-7.1817281844e-03,4.4056473921e-04,-2.1320141372e-05,5.2865514306e-07,-9.8076512551e-14,
5.9858467512e+02,2.2054085411e+01,-2.2785022400e-03,8.2327396204e-05,-1.8749318231e-06,2.0286164174e-08,3.8219368342e-14,
l,6.0,-3.0
3.8499999791e-02,7.0384998322e+00,1.4038500786e+01,2.1038499832e+01,2.8038497925e+01,
4.2231369839e+01,6.0513681553e+00,5.9707226727e-01,6.7183408300e-03,-2.4482543715e-03,3.9316419374e-04,-1.9527431173e-05,
1.1434168153e+02,1.5722814236e+01,9.6132830845e-02,-8.0955306092e-03,1.9100935791e-02,-2.1495822588e-03,6.4935366319e-09,
2.3654352648e+02,1.8244783096e+01,-3.2137156033e-02,4.0395896783e-03,-3.4410752775e-04,1.3134155098e-05,-1.0149640539e-12,
3.6346221985e+02,1.8073501509e+01,-4.4991328998e-03,2.7979038536e-04,-1.5403568061e-05,4.8764403763e-07,-5.0362676771e-14,
4.8982341670e+02,1.8036257693e+01,-1.4713520934e-03,4.4376345593e-05,3.2241843013e-07,-7.7249331068e-08,-1.1165898818e-14,
l,6.0,-2.0
3.8499999791e-02,7.0384998322e+00,1.4038500786e+01,2.1038499832e+01,2.8038497925e+01,
4.2155387222e+01,4.0369606718e+00,5.5486136881e-01,-6.7839272603e-03,2.6547755904e-03,-3.6197487331e-04,2.5124947270e-05,
9.8488938479e+01,1.2936222797e+01,3.5179688454e-01,4.3703870022e-01,-8.9281447698e-02,4.9479298471e-03,1.3014431337e-10,
2.2495226780e+02,1.8763188608e+01,-1.6287359406e-01,2.9157839083e-02,-3.0474533021e-03,1.3180246116e-04,-1.1728731441e-11,
3.5321067051e+02,1.8157565617e+01,-1.0278358368e-02,6.6444801876e-04,-3.6299272532e-05,1.1129147853e-06,-3.9805942110e-14,
4.7996936402e+02,1.8074799110e+01,-3.3027636695e-03,1.4937197280e-04,-6.3780588604e-06,1.7070662377e-07,3.9126458372e-14,
l,6.0,-1.0
3.8499999791e-02,7.0384998322e+00,1.4038500786e+01,2.1038499832e+01,2.8038497925e+01,
4.2077430809e+01,2.0419830132e+00,5.0393774396e-01,3.8362512337e-03,-5.8616694019e-04,1.9850931009e-04,-1.0911048297e-05,
8.3212528756e+01,8.8884797941e+00,2.3344882173e+00,-7.4656545858e-01,1.2225702928e-01,-7.2545856050e-03,-1.5982482663e-10,
1.7571304002e+02,1.4336740949e+01,-4.8069571429e-02,6.6676437583e-03,-6.1949744078e-04,2.5399314144e-05,-2.9509467683e-12,
2.7494078561e+02,1.4096560345e+01,-5.9669265440e-03,3.6516317500e-04,-1.8592058166e-05,5.1166681956e-07,-6.3889684343e-14,
3.7341357771e+02,1.4047285497e+01,-1.9656223592e-03,7.0667504513e-05,-1.0779174875e-06,-4.6269241969e-08,1.5257325776e-15,
l,6.0,0.0
3.8499999791e-02,7.0384998322e+00,1.4038500786e+01,2.1038499832e+01,2.8038497925e+01,
4.2001363906e+01,3.3754150292e-02,5.0542946775e-01,-6.0715716310e-03,2.9104375071e-03,-3.4581097922e-04,2.1713216231e-05,
6.8598143340e+01,8.6807408009e+00,1.4376512006e-01,5.1017255854e-01,-9.6056143398e-02,5.0895060263e-03,3.6079895718e-10,
1.6630354058e+02,1.4874991256e+01,-1.9316315850e-01,3.5091427050e-02,-3.6885845571e-03,1.5998129111e-04,-1.3754511985e-11,
2.6682930875e+02,1.4173393777e+01,-1.1375257423e-02,7.3657287676e-04,-3.9320940705e-05,1.1397401271e-06,2.6179496053e-15,
3.6566307278e+02,1.4082013651e+01,-3.5076931018e-03,1.2504134393e-04,-1.1683494526e-06,-1.2779570051e-07,5.7225789319e-14,
l,6.0,1.0
3.8499999791e-02,7.0384998322e+00,1.4038500786e+01,2.1038499832e+01,2.8038497925e+01,
4.1923432600e+01,-1.9580222662e+00,5.0394276490e-01,3.8340981325e-03,-5.8570399876e-04,1.9846028337e-04,-1.0909006014e-05,
5.5067219264e+01,4.9708161597e+00,2.0946841905e+00,-5.9273610088e-01,8.9651635480e-02,-5.0585123059e-03,-1.9766346892e-09,
1.1955903690e+02,1.0336741015e+01,-4.8069631900e-02,6.6676712140e-03,-6.1951782531e-04,2.5402352796e-05,-2.9503348953e-12,
1.9078679287e+02,1.0096545267e+01,-5.9572355425e-03,3.6254374591e-04,-1.8294508383e-05,5.0071883492e-07,-5.5236403878e-14,
2.6125958272e+02,1.0047275333e+01,-1.9516322195e-03,6.5691446934e-05,-3.9275840181e-07,-7.8561283361e-08,-1.0493716895e-14,
l,6.0,2.0
3.8499999791e-02,7.0384998322e+00,1.4038500786e+01,2.1038499832e+01,2.8038497925e+01,
4.1847386293e+01,-3.9630372210e+00,5.5486086764e-01,-6.7843622363e-03,2.6549767339e-03,-3.6200392408e-04,2.5126351050e-05,
4.2180924060e+01,4.9362259083e+00,3.5179898505e-01,4.3703795517e-01,-8.9281361600e-02,4.9479262565e-03,1.3015677703e-10,
1.1264426614e+02,1.0763184491e+01,-1.6287072181e-01,2.9156585999e-02,-3.0472155378e-03,1.3178718380e-04,-1.1723281715e-11,
1.8490267582e+02,1.0157557445e+01,-1.0272139133e-02,6.6277459018e-04,-3.6137974148e-05,1.1090135057e-06,-2.0815153052e-14,
2.5566138693e+02,1.0074799463e+01,-3.3091439038e-03,1.5343129561e-04,-7.2631649034e-06,2.3295031246e-07,1.8130932486e-14,
l,6.0,3.0
3.8499999791e-02,7.0384998322e+00,1.4038500786e+01,2.1038499832e+01,2.8038497925e+01,
4.1769371235e+01,-5.9486437015e+00,5.9709144724e-01,6.7061918348e-03,-2.4447114263e-03,3.9268756319e-04,-1.9503652136e-05,
3.0239789590e+01,2.0895131775e+00,1.4814226210e+00,-3.6159687592e-01,4.9925106425e-02,-2.6932911326e-03,-1.3680304860e-09,
6.8081502457e+01,6.2448842175e+00,-3.2252172223e-02,4.0852050999e-03,-3.5149214145e-04,1.3553682679e-05,-1.0134934944e-12,
1.1100023621e+02,6.0734493187e+00,-4.4528966562e-03,2.6403299473e-04,-1.3099176555e-05,3.6591974879e-07,-2.9196753396e-14,
1.5336143116e+02,6.0362880816e+00,-1.4919058781e-03,4.9668255850e-05,-2.4756960633e-07,-5.6218863860e-08,-1.4625450274e-14,
l,6.0,4.0
3.8499999791e-02,7.0384998322e+00,1.4038500786e+01,2.1038499832e+01,2.8038497925e+01,
4.1693536299e+01,-7.9516689654e+00,7.0079579967e-01,-8.0003641061e-03,2.5283817710e-03,-5.5485255949e-04,4.4545542782e-05,
1.9622600955e+01,1.9541321266e+00,9.2789150115e-01,1.6398285504e-01,-5.4350975593e-02,3.5361925818e-03,-3.3560160542e-10,
6.3876820639e+01,6.4864864065e+00,-9.3423576577e-02,1.6008725316e-02,-1.6568360629e-03,7.1764820505e-05,-7.1779245109e-12,
1.0742207550e+02,6.1128060977e+00,-7.1826969806e-03,4.4308814364e-04,-2.2005085496e-05,5.8215880387e-07,-5.2779916725e-14,
1.4996870375e+02,6.0540926002e+00,-2.2682508022e-03,7.4113351448e-05,-8.5200380328e-08,-1.0152457379e-07,1.3550647943e-14,
l,6.0,5.0
3.8499999791e-02,7.0384998322e+00,1.4038500786e+01,2.1038499832e+01,2.8038497925e+01,
4.1616205378e+01,-9.9385367825e+00,8.0020165572e-01,-2.0475009333e-04,-6.1163781079e-04,2.2759897146e-06,-3.4800736382e-06,
9.3858625833e+00,-1.7076765457e-01,8.0842569723e-01,-1.7685598430e-01,2.1998293935e-02,-1.1190267229e-03,-3.0926100517e-10,
2.1184248789e+01,2.0962343455e+00,-1.1968777516e-02,1.5061113024e-03,-1.3389113318e-04,5.3776997070e-06,-1.7877685993e-13,
3.5556840404e+01,2.0305066676e+00,-1.8143892205e-03,1.0622662762e-04,-5.2567922186e-06,1.4601138246e-07,-5.0303663154e-15,
4.9707746092e+01,2.0152607589e+00,-6.3843963289e-04,2.7405142623e-05,-1.1235286895e-06,2.9007037354e-08,3.1401298284e-15,
l,6.0,6.0
3.8499999791e-02,7.0384998322e+00,1.4038500786e+01,2.1038499832e+01,2.8038497925e+01,
4.1539230525e+01,-1.1926788664e+01,9.3076951675e-01,1.8849934419e-03,-9.2597386682e-04,1.1648077243e-04,-9.5802533486e-06,
2.9517883084e+00,3.1287010688e-01,1.0146149457e+00,-1.3683265263e-01,1.2414292902e-03,5.3070803219e-04,-5.6910956781e-10,
1.9763057342e+01,2.1676491945e+00,-2.7015424014e-02,4.1124526951e-03,-3.9908941454e-04,1.6642582419e-05,-1.9278435732e-12,
3.4344606746e+01,2.0446704402e+00,-2.7708218484e-03,1.6810055186e-04,-8.5105047066e-06,2.4066766468e-07,-7.1199873278e-15,
4.8562794119e+01,2.0217820834e+00,-9.2649819865e-04,3.8222257948e-05,-1.3597190195e-06,3.0049382790e-08,8.7097773010e-15,
l,7.0,-7.0
3.8499999791e-02,7.0384998322e+00,1.4038500786e+01,2.1038499832e+01,2.8038497925e+01,
5.6540337387e+01,1.4072997480e+01,9.4016177823e-01,7.4076246546e-04,-4.4656926062e-04,4.7565244390e-05,-4.2161711483e-06,
2.0058883787e+02,2.6995455324e+01,6.3895493268e-01,9.8136667514e-02,-3.2143407115e-02,2.0172850527e-03,5.3348419685e-11,
4.1123510462e+02,3.0328686059e+01,-7.4876412088e-02,1.3783665690e-02,-1.4533370739e-03,6.3024670542e-05,-5.5478040493e-12,
6.2216329548e+02,3.0063240788e+01,-4.1594483349e-03,2.6608492640e-04,-1.2980857743e-05,2.9486736072e-07,-6.2203513403e-14,
8.3246717911e+02,3.0030008329e+01,-1.4161688134e-03,1.0202981796e-04,-1.0346148445e-05,5.6274895230e-07,4.4814580154e-14,
l,7.0,-6.0
3.8499999791e-02,7.0384998322e+00,1.4038500786e+01,2.1038499832e+01,2.8038497925e+01,
5.6463201605e+01,1.2063573669e+01,8.2320635143e-01,1.8337474953e-04,-5.4702505104e-04,1.8336123758e-05,-3.1834788717e-06,
1.7927087480e+02,2.6183963657e+01,-2.7617353980e+00,1.0330389606e+00,-1.3666926148e-01,6.1289428102e-03,8.1927567784e-09,
3.5668706043e+02,2.6167642896e+01,-2.6989504113e-02,4.0992700666e-03,-3.9667954622e-04,1.6494503610e-05,-1.9543775955e-12,
5.3926858724e+02,2.6044743002e+01,-2.8293344392e-03,1.8595964741e-04,-1.0821445938e-05,3.4792908550e-07,-7.5776635378e-14,
7.2148674895e+02,2.6021787616e+01,-9.4188375024e-04,4.6026599760e-05,-2.7528697379e-06,1.1292666756e-07,1.4496714192e-14,
l,7.0,-5.0
3.8499999791e-02,7.0384998322e+00,1.4038500786e+01,2.1038499832e+01,2.8038497925e+01,
5.6386442957e+01,1.0052452301e+01,7.3028783245e-01,-4.8176589558e-03,1.2743680378e-03,-2.8932619025e-04,2.0782960692e-05,
1.6147499079e+02,2.0316805139e+01,2.1031289520e-01,3.5385295601e-01,-5.7975270857e-02,2.5911098314e-03,5.4641325888e-10,
3.3977343337e+02,2.7072065398e+01,-2.6922008039e-01,4.9437835819e-02,-5.0477750484e-03,2.1129391678e-04,-1.3034599895e-11,
5.2447186575e+02,2.6165571233e+01,-1.1186080974e-02,7.4277565589e-04,-4.0666430300e-05,1.2222809933e-06,-2.6608662475e-14,
7.0726036465e+02,2.6076852310e+01,-3.3992230428e-03,1.3639441416e-04,-3.3015391147e-06,-1.6266599939e-08,4.4081502144e-14,
l,7.0,-4.0
3.8499999791e-02,7.0384998322e+00,1.4038500786e+01,2.1038499832e+01,2.8038497925e+01,
5.6308789393e+01,8.0508626547e+00,6.3999451425e-01,1.7701125817e-03,-7.9140321109e-04,8.7992370033e-05,-1.8321569196e-06,
1.4442798714e+02,1.4612104355e+01,3.5004228838e+00,-1.1435204206e+00,1.7910857733e-01,-9.9714743785e-03,-6.0991773427e-09,
2.8849280167e+02,2.2486580444e+01,-9.3493006034e-02,1.6030619819e-02,-1.6599494552e-03,7.1927988237e-05,-7.1143490805e-12,
4.4403806267e+02,2.2112814516e+01,-7.1817281844e-03,4.4056473921e-04,-2.1320141372e-05,5.2865514306e-07,-9.8076512551e-14,
5.9858467512e+02,2.2054085411e+01,-2.2785022400e-03,8.2327396204e-05,-1.8749318231e-06,2.0286164174e-08,3.8219368342e-14,
l,7.0,-3.0
3.8499999791e-02,7.0384998322e+00,1.4038500786e+01,2.1038499832e+01,2.8038497925e+01,
5.6231965543e+01,6.0436967473e+00,5.8081641108e-01,-1.1288434764e-03,4.4117465477e-04,-5.2792009337e-05,5.5397351876e-06,
1.2735591966e+02,1.5025246085e+01,9.9992049946e-02,2.9234948116e-01,-2.9625361751e-02,3.6938180583e-04,1.0601754374e-09,
2.7290689492e+02,2.3844901945e+01,-4.7208657330e-01,8.2518883489e-02,-7.9079769095e-03,3.1159768046e-04,-6.5533310575e-12,
4.3124023559e+02,2.2242028998e+01,-1.6903752358e-02,1.1685947125e-03,-6.6239026621e-05,2.0236948687e-06,-7.5050736636e-14,
5.8638189363e+02,2.2110432567e+01,-5.0639760069e-03,2.4940151777e-04,-1.3579103377e-05,5.1897003577e-07,1.9166869771e-14,
l,7.0,-2.0
3.8499999791e-02,7.0384998322e+00,1.4038500786e+01,2.1038499832e+01,2.8038497925e+01,
5.6154737508e+01,4.0415750595e+00,5.3308925080e-01,6.6664152522e-04,1.2675794732e-04,3.5095076571e-05,-7.2024043740e-07,
1.1158979694e+02,1.2400027753e+01,1.1458646095e-01,3.6555299589e-01,-8.3259257149e-02,5.7247680538e-03,-2.6164413830e-09,
2.2495226780e+02,1.8763188608e+01,-1.6287359406e-01,2.9157839083e-02,-3.0474533021e-03,1.3180246116e-04,-1.1728731441e-11,
3.5321067051e+02,1.8157565617e+01,-1.0278358368e-02,6.6444801876e-04,-3.6299272532e-05,1.1129147853e-06,-3.9805942110e-14,
4.7996936402e+02,1.8074799110e+01,-3.3027636695e-03,1.4937197280e-04,-6.3780588604e-06,1.7070662377e-07,3.9126458372e-14,
l,7.0,-1.0
3.8499999791e-02,7.0384998322e+00,1.4038500786e+01,2.1038499832e+01,2.8038497925e+01,
5.6077839684e+01,2.0382658160e+00,5.0818888552e-01,-9.2866470894e-04,8.5731984309e-04,-5.4076702312e-05,3.7468873248e-06,
9.6454613305e+01,1.0284925661e+01,2.9193907856e-01,1.6266460589e-01,-2.3881349132e-03,-1.2931526940e-03,1.0658078520e-09,
2.1121561565e+02,2.0306071484e+01,-5.7757789414e-01,9.5305075063e-02,-8.5303807638e-03,3.1336461850e-04,1.0791236664e-11,
3.4253110297e+02,1.8282862165e+01,-2.0089329039e-02,1.4152592676e-03,-8.1242149421e-05,2.4794079283e-06,-7.0196151771e-14,
4.6985879129e+02,1.8127784637e+01,-5.7795999968e-03,2.3416535153e-04,-5.4982446652e-06,-3.4859046983e-08,5.7373628623e-15,
l,7.0,0.0
3.8499999791e-02,7.0384998322e+00,1.4038500786e+01,2.1038499832e+01,2.8038497925e+01,
5.6000888209e+01,3.8496256406e-02,4.9745039600e-01,2.7169331237e-04,5.3640283369e-04,3.1272215708e-06,1.3983973323e-07,
8.1910465502e+01,8.9511625436e+00,-7.6209248569e-01,6.8734657766e-01,-1.2854741585e-01,7.8753257229e-03,2.1783887821e-09,
1.6630354058e+02,1.4874991256e+01,-1.9316315850e-01,3.5091427050e-02,-3.6885845571e-03,1.5998129111e-04,-1.3754511985e-11,
2.6682930875e+02,1.4173393777e+01,-1.1375257423e-02,7.3657287676e-04,-3.9320940705e-05,1.1397401271e-06,2.6179496053e-15,
3.6566307278e+02,1.4082013651e+01,-3.5076931018e-03,1.2504134393e-04,-1.1683494526e-06,-1.2779570051e-07,5.7225789319e-14,
l,7.0,1.0
3.8499999791e-02,7.0384998322e+00,1.4038500786e+01,2.1038499832e+01,2.8038497925e+01,
5.5923841002e+01,-1.9617417427e+00,5.0819846799e-01,-9.3368924213e-04,8.5857727917e-04,-5.4226275404e-05,3.7536918174e-06,
6.8300619493e+01,6.2849101105e+00,2.9195667415e-01,1.6265813695e-01,-2.3871887756e-03,-1.2932010078e-03,1.0657664847e-09,
1.5506161138e+02,1.6306073473e+01,-5.7757949978e-01,9.5306025876e-02,-8.5306186575e-03,3.1338344720e-04,1.0808006885e-11,
2.5837711465e+02,1.4282821604e+01,-2.0056606004e-02,1.4044311423e-03,-7.9646266025e-05,2.3928867309e-06,-7.2142638124e-14,
3.5770478955e+02,1.4127795977e+01,-5.7877816546e-03,2.3700622479e-04,-5.9668802462e-06,-5.4507633636e-09,1.4975253038e-14,
l,7.0,2.0
3.8499999791e-02,7.0384998322e+00,1.4038500786e+01,2.1038499832e+01,2.8038497925e+01,
5.5846737085e+01,-3.9584225348e+00,5.3308353509e-01,6.7125723897e-04,1.2523214621e-04,3.5311659861e-05,-7.3115537956e-07,
5.5141701747e+01,5.0363566443e+00,-4.6262679391e-01,5.3540082811e-01,-9.9134475580e-02,5.9181928751e-03,2.4155244062e-09,
1.1264426614e+02,1.0763184491e+01,-1.6287072181e-01,2.9156585999e-02,-3.0472155378e-03,1.3178718380e-04,-1.1723281715e-11,
1.8490267582e+02,1.0157557445e+01,-1.0272139133e-02,6.6277459018e-04,-3.6137974148e-05,1.1090135057e-06,-2.0815153052e-14,
2.5566138693e+02,1.0074799463e+01,-3.3091439038e-03,1.5343129561e-04,-7.2631649034e-06,2.3295031246e-07,1.8130932486e-14,
l,7.0,3.0
3.8499999791e-02,7.0384998322e+00,1.4038500786e+01,2.1038499832e+01,2.8038497925e+01,
5.5769966464e+01,-5.9563177814e+00,5.8084272287e-01,-1.1462416558e-03,4.4633985475e-04,-5.3489864901e-05,5.5746898588e-06,
4.2893947884e+01,3.0251986338e+00,1.0001629753e-01,2.9234423256e-01,-2.9624841579e-02,3.6936158062e-04,1.0601472503e-09,
1.0444488969e+02,1.1844873470e+01,-4.7205708339e-01,8.2507587092e-02,-7.9061630840e-03,3.1149457664e-04,-6.5121437837e-12,
1.7877824028e+02,1.0242033627e+01,-1.6910595613e-02,1.1714478225e-03,-6.6712623339e-05,2.0506905926e-06,-6.5429729552e-14,
2.4991990108e+02,1.0110468547e+01,-5.0789029139e-03,2.5022109474e-04,-1.3160744241e-05,4.7070521682e-07,-2.5406619549e-15,
l,7.0,4.0
3.8499999791e-02,7.0384998322e+00,1.4038500786e+01,2.1038499832e+01,2.8038497925e+01,
5.5692793489e+01,-7.9491669498e+00,6.4004351769e-01,1.7373849843e-03,-7.8134444074e-04,8.6588874588e-05,-1.7602252312e-06,
3.1299562566e+01,1.5369710991e+00,4.4482559318e-02,3.0600149464e-01,-6.2282661749e-02,3.8323337927e-03,8.7929190598e-10,
6.3876820639e+01,6.4864864065e+00,-9.3423576577e-02,1.6008725316e-02,-1.6568360629e-03,7.1764820505e-05,-7.1779245109e-12,
1.0742207550e+02,6.1128060977e+00,-7.1826969806e-03,4.4308814364e-04,-2.2005085496e-05,5.8215880387e-07,-5.2779916725e-14,
1.4996870375e+02,6.0540926002e+00,-2.2682508022e-03,7.4113351448e-05,-8.5200380328e-08,-1.0152457379e-07,1.3550647943e-14,
l,7.0,5.0
3.8499999791e-02,7.0384998322e+00,1.4038500786e+01,2.1038499832e+01,2.8038497925e+01,
5.5616443380e+01,-9.9475508715e+00,7.3028891642e-01,-4.8147015963e-03,1.2723027688e-03,-2.8889286487e-04,2.0754296179e-05,
2.0704980683e+01,3.1682409810e-01,2.1030153535e-01,3.5385511779e-01,-5.7975328414e-02,2.5911004144e-03,5.4642180218e-10,
5.9003426852e+01,7.0720296408e+00,-2.6920134979e-01,4.9435368150e-02,-5.0479419217e-03,2.1132924501e-04,-1.3037802819e-11,
1.0370185974e+02,6.1655999365e+00,-1.1212072693e-02,7.5258531581e-04,-4.2237570485e-05,1.3107750354e-06,-6.2721676138e-15,
1.4649040641e+02,6.0768380763e+00,-3.3827086802e-03,1.3085670606e-04,-2.5592037947e-06,-5.1877593495e-08,3.9339738043e-14,
l,7.0,6.0
3.8499999791e-02,7.0384998322e+00,1.4038500786e+01,2.1038499832e+01,2.8038497925e+01,
5.5539205613e+01,-1.1936451935e+01,8.2324823495e-01,1.5773870804e-04,-5.3995782434e-04,1.7432932189e-05,-3.1397062986e-06,
1.0997385242e+01,-1.1754152585e+00,5.1655099359e-01,2.7690891129e-02,-1.5122831360e-02,1.1063036909e-03,-2.0121731448e-10,
1.9763057342e+01,2.1676491945e+00,-2.7015424014e-02,4.1124526951e-03,-3.9908941454e-04,1.6642582419e-05,-1.9278435732e-12,
3.4344606746e+01,2.0446704402e+00,-2.7708218484e-03,1.6810055186e-04,-8.5105047066e-06,2.4066766468e-07,-7.1199873278e-15,
4.8562794119e+01,2.0217820834e+00,-9.2649819865e-04,3.8222257948e-05,-1.3597190195e-06,3.0049382790e-08,8.7097773010e-15,
l,7.0,7.0
3.8499999791e-02,7.0384998322e+00,1.4038500786e+01,2.1038499832e+01,2.8038497925e+01,
5.5462335922e+01,-1.3926989539e+01,9.4013523298e-01,7.5954503142e-04,-4.5211064641e-04,4.8300658299e-05,-4.2526975704e-06,
3.5108511939e+00,-1.0045676557e+00,6.3897643103e-01,9.8128135443e-02,-3.2141990105e-02,2.0172034614e-03,5.3271645287e-11,
1.8157083460e+01,2.3286787655e+00,-7.4879605322e-02,1.3788743204e-02,-1.4546679639e-03,6.3124614299e-05,-5.5201940034e-12,
3.3085345589e+01,2.0631486659e+00,-4.1197477386e-03,2.6356182751e-04,-1.3932185855e-05,4.0393543244e-07,-1.4650215747e-14,
4.7389250189e+01,2.0299283148e+00,-1.3162841706e-03,5.7273678649e-05,-2.2100849337e-06,5.2554755358e-08,2.7912458235e-15,
l,8.0,-8.0
3.8499999791e-02,7.0384998322e+00,1.4038500786e+01,2.1038499832e+01,2.8038497925e+01,
7.2617375168e+01,1.6073190511e+01,9.4691029556e-01,3.2227246272e-04,-2.4665676754e-04,2.1047274261e-05,-2.0242129948e-06,
2.3113937495e+02,2.9226100212e+01,6.9759101564e-01,7.5623328538e-02,-1.7875573070e-02,7.4127976586e-04,3.3524719468e-10,
4.6542507390e+02,3.4693112095e+01,-1.8598684690e-01,3.3955078824e-02,-3.3842314840e-03,1.3814639764e-04,-6.3114758712e-12,
7.0500467777e+02,3.4087212239e+01,-6.0988572842e-03,4.3743405787e-04,-2.7155026658e-05,9.3167511175e-07,-8.0354118968e-14,
9.4341678105e+02,3.4039784907e+01,-1.6872929405e-03,4.4555656568e-05,1.2515397842e-06,-1.1217749832e-07,-2.4533561742e-13,
l,8.0,-7.0
3.8499999791e-02,7.0384998322e+00,1.4038500786e+01,2.1038499832e+01,2.8038497925e+01,
7.2540233722e+01,1.4064962141e+01,8.4186796297e-01,1.3320280693e-04,-4.0430975805e-04,1.3368933244e-05,-2.1424639921e-06,
2.1162256718e+02,2.2889500585e+01,4.0226545788e+00,-1.6029764639e+00,2.8315266725e-01,-1.7172291863e-02,1.7723995124e-09,
4.1123510462e+02,3.0328686059e+01,-7.4876412088e-02,1.3783665690e-02,-1.4533370739e-03,6.3024670542e-05,-5.5478040493e-12,
6.2216329548e+02,3.0063240788e+01,-4.1594483349e-03,2.6608492640e-04,-1.2980857743e-05,2.9486736072e-07,-6.2203513403e-14,
8.3246717911e+02,3.0030008329e+01,-1.4161688134e-03,1.0202981796e-04,-1.0346148445e-05,5.6274895230e-07,4.4814580154e-14,
l,8.0,-6.0
3.8499999791e-02,7.0384998322e+00,1.4038500786e+01,2.1038499832e+01,2.8038497925e+01,
7.2463258609e+01,1.2056522629e+01,7.5333959180e-01,-1.8987279204e-03,3.0837125645e-04,-1.1113535028e-04,7.7576742320e-06,
1.9286757627e+02,2.2423506148e+01,4.4972871749e-01,1.0047372386e-01,1.7119491929e-04,-1.0094977151e-03,6.1168568119e-10,
3.8984125813e+02,3.2141662971e+01,-4.8312287892e-01,6.3952022380e-02,-4.0858020808e-03,8.6362441804e-05,4.7097587106e-11,
6.0474293466e+02,3.0235384180e+01,-1.6634900662e-02,1.0769304744e-03,-4.9895534915e-05,1.0767970131e-06,-9.8410253452e-14,
8.1584317193e+02,3.0105295492e+01,-4.8496174555e-03,2.1276406828e-04,-7.4487066503e-06,1.4444973461e-07,7.9808514040e-14,
l,8.0,-5.0
3.8499999791e-02,7.0384998322e+00,1.4038500786e+01,2.1038499832e+01,2.8038497925e+01,
7.2385985464e+01,1.0051978993e+01,6.7352334626e-01,4.0319313316e-05,-2.3552893680e-04,-4.2343378353e-06,2.2170359117e-06,
1.7529423386e+02,2.0186557473e+01,-7.1255864513e-01,7.6949695359e-01,-1.6361869414e-01,1.1203225756e-02,-3.1245290667e-09,
3.3977343337e+02,2.7072065398e+01,-2.6922008039e-01,4.9437835819e-02,-5.0477750484e-03,2.1129391678e-04,-1.3034599895e-11,
5.2447186575e+02,2.6165571233e+01,-1.1186080974e-02,7.4277565589e-04,-4.0666430300e-05,1.2222809933e-06,-2.6608662475e-14,
7.0726036465e+02,2.6076852310e+01,-3.3992230428e-03,1.3639441416e-04,-3.3015391147e-06,-1.6266599939e-08,4.4081502144e-14,
l,8.0,-4.0
3.8499999791e-02,7.0384998322e+00,1.4038500786e+01,2.1038499832e+01,2.8038497925e+01,
7.2308909545e+01,8.0469680833e+00,6.1060266291e-01,-6.4014340534e-05,-3.3499415949e-05,-2.9339186976e-06,1.9662590852e-06,
1.5865577497e+02,1.6548016056e+01,9.2733202259e-01,-1.5483290503e-01,4.4917226134e-02,-3.3186189775e-03,6.9982039462e-12,
3.1889991740e+02,2.9115823424e+01,-3.9492812083e-01,-2.4316206866e-02,1.0984826705e-02,-7.3991476149e-04,1.8543477960e-10,
5.0899117998e+02,2.6357664965e+01,-2.6929004283e-02,2.0014765315e-03,-1.1925644538e-04,3.7340293391e-06,-2.3620740228e-13,
6.9263818012e+02,2.6155797460e+01,-7.3356361965e-03,3.3192953744e-04,-1.1935807489e-05,2.2142940414e-07,1.9765046226e-14,
l,8.0,-3.0
3.8499999791e-02,7.0384998322e+00,1.4038500786e+01,2.1038499832e+01,2.8038497925e+01,
7.2231822365e+01,6.0433222065e+00,5.6121728038e-01,1.6634997920e-04,8.3154914629e-05,1.0275176462e-05,6.4611680576e-07,
1.4251139897e+02,1.4308699512e+01,6.4692919531e-01,-3.5797251955e-02,1.9564183225e-02,-2.2308861146e-03,2.1588862701e-09,
2.7290689492e+02,2.3844901945e+01,-4.7208657330e-01,8.2518883489e-02,-7.9079769095e-03,3.1159768046e-04,-6.5533310575e-12,
4.3124023559e+02,2.2242028998e+01,-1.6903752358e-02,1.1685947125e-03,-6.6239026621e-05,2.0236948687e-06,-7.5050736636e-14,
5.8638189363e+02,2.2110432567e+01,-5.0639760069e-03,2.4940151777e-04,-1.3579103377e-05,5.1897003577e-07,1.9166869771e-14,
l,8.0,-2.0
3.8499999791e-02,7.0384998322e+00,1.4038500786e+01,2.1038499832e+01,2.8038497925e+01,
7.2154786996e+01,4.0404578641e+00,5.2645003546e-01,-4.7176342905e-05,3.2976978691e-04,-3.5965379244e-06,8.9094022273e-07,
1.2710122180e+02,1.1591170501e+01,1.0841890414e+00,-2.1696650744e-01,5.0921472180e-02,-3.3001409135e-03,-5.0462991745e-10,
2.5367442763e+02,2.5356922463e+01,-6.1276212148e-02,-1.5571457139e-01,2.9645994369e-02,-1.6752528155e-03,2.7049380615e-10,
4.1783818747e+02,2.2440786078e+01,-3.5804390222e-02,3.1485138082e-03,-2.3167084065e-04,8.6674913728e-06,-5.9036667625e-13,
5.7383846034e+02,2.2187747045e+01,-9.0035058829e-03,4.2895694552e-04,-1.7725780074e-05,4.3348423700e-07,7.2378921186e-17,
l,8.0,-1.0
3.8499999791e-02,7.0384998322e+00,1.4038500786e+01,2.1038499832e+01,2.8038497925e+01,
7.2077752501e+01,2.0388843552e+00,5.0530883807e-01,2.3770277204e-05,4.2787817298e-04,-3.8676832156e-06,5.2207110005e-07,
1.1223438351e+02,9.1983548729e+00,1.2466705811e+00,-2.5631956174e-01,5.1174136726e-02,-3.5763845664e-03,-2.2974702684e-09,
2.1121561565e+02,2.0306071484e+01,-5.7757789414e-01,9.5305075063e-02,-8.5303807638e-03,3.1336461850e-04,1.0791236664e-11,
3.4253110297e+02,1.8282862165e+01,-2.0089329039e-02,1.4152592676e-03,-8.1242149421e-05,2.4794079283e-06,-7.0196151771e-14,
4.6985879129e+02,1.8127784637e+01,-5.7795999968e-03,2.3416535153e-04,-5.4982446652e-06,-3.4859046983e-08,5.7373628623e-15,
l,8.0,0.0
3.8499999791e-02,7.0384998322e+00,1.4038500786e+01,2.1038499832e+01,2.8038497925e+01,
7.2000997835e+01,3.8232142931e-02,4.9851416164e-01,-1.3317403711e-04,5.2172521369e-04,-1.3039743084e-05,9.0066335576e-07,
9.7841008842e+01,7.3176701182e+00,1.0923001309e+00,-2.1613359270e-01,4.9010880289e-02,-3.0672362822e-03,-6.1834911176e-10,
1.9448932932e+02,2.1354496959e+01,1.0098720725e-01,-2.1137650637e-01,3.7090281019e-02,-2.0339227972e-03,2.8792517951e-10,
3.3134665923e+02,1.8469843457e+01,-3.8809523580e-02,3.5031402220e-03,-2.6281252840e-04,9.9131404923e-06,-3.3263215503e-13,
4.5947088118e+02,1.8198967791e+01,-9.5457389872e-03,4.5708421512e-04,-1.9202446674e-05,4.8414067307e-07,2.2861210601e-14,
l,8.0,1.0
3.8499999791e-02,7.0384998322e+00,1.4038500786e+01,2.1038499832e+01,2.8038497925e+01,
7.1923757579e+01,-1.9611546972e+00,5.0537560488e-01,-1.9785887568e-05,4.4082639664e-04,-5.6388773653e-06,6.1249688866e-07,
8.3982553281e+01,5.7413819236e+00,6.0066055293e-01,2.7547911589e-02,-4.9208461482e-04,-2.7599357916e-04,9.1954613136e-11,
1.5624159214e+02,1.3446276107e+01,1.5729880684e+00,-5.9195951594e-01,8.9442726055e-02,-4.8184935134e-03,1.7405947005e-09,
2.5837711465e+02,1.4282821604e+01,-2.0056606004e-02,1.4044311423e-03,-7.9646266025e-05,2.3928867309e-06,-7.2142638124e-14,
3.5770478955e+02,1.4127795977e+01,-5.7877816546e-03,2.3700622479e-04,-5.9668802462e-06,-5.4507633636e-09,1.4975253038e-14,
l,8.0,2.0
3.8499999791e-02,7.0384998322e+00,1.4038500786e+01,2.1038499832e+01,2.8038497925e+01,
7.1846789791e+01,-3.9595666557e+00,5.2648917519e-01,-7.0469567471e-05,3.3601309840e-04,-4.3568876852e-06,9.2509686761e-07,
7.0793245308e+01,3.5911277888e+00,1.0842124013e+00,-2.1697268901e-01,5.0922297635e-02,-3.3001845755e-03,-5.0454926581e-10,
1.4136643415e+02,1.7356884367e+01,-6.1243817047e-02,-1.5572542931e-01,2.9647564877e-02,-1.6753354536e-03,2.7051208170e-10,
2.4953019066e+02,1.4440766407e+01,-3.5781897465e-02,3.1396903724e-03,-2.3025163344e-04,8.5872797214e-06,-5.7519400480e-13,
3.4953046612e+02,1.4187772137e+01,-9.0372937941e-03,4.4440381865e-04,-2.0475764725e-05,6.0077644184e-07,5.1349236807e-16,
l,8.0,3.0
3.8499999791e-02,7.0384998322e+00,1.4038500786e+01,2.1038499832e+01,2.8038497925e+01,
7.1769823939e+01,-5.9566900256e+00,5.6123812464e-01,1.5317250892e-04,8.6870682944e-05,9.8003102937e-06,6.6854316813e-07,
5.8070738477e+01,2.2719307114e+00,5.9023120119e-01,3.6938657115e-02,-3.1778514396e-03,-1.1406544904e-04,1.0942969000e-10,
1.0530282731e+02,9.7654270246e+00,1.0917458588e+00,-4.1725478835e-01,6.3338722589e-02,-3.4203784876e-03,1.2515870169e-09,
1.7877824028e+02,1.0242033627e+01,-1.6910595613e-02,1.1714478225e-03,-6.6712623339e-05,2.0506905926e-06,-6.5429729552e-14,
2.4991990108e+02,1.0110468547e+01,-5.0789029139e-03,2.5022109474e-04,-1.3160744241e-05,4.7070521682e-07,-2.5406619549e-15,
l,8.0,4.0
3.8499999791e-02,7.0384998322e+00,1.4038500786e+01,2.1038499832e+01,2.8038497925e+01,
7.1692917325e+01,-7.9530920099e+00,6.1070463200e-01,-1.2943741251e-04,-1.4800187087e-05,-5.3563470945e-06,2.0824032936e-06,
4.6039790317e+01,5.4796444887e-01,9.2738464771e-01,-1.5485360550e-01,4.4920663792e-02,-3.3188218460e-03,6.7520061537e-12,
9.4283942533e+01,1.3115735235e+01,-3.9486508223e-01,-2.4335037556e-02,1.0987322338e-02,-7.4003620498e-04,1.8551333638e-10,
1.7237520164e+02,1.0357621987e+01,-2.6902818181e-02,1.9945014514e-03,-1.1838455874e-04,3.6916668234e-06,-2.0897922249e-13,
2.4402219787e+02,1.0155834322e+01,-7.3634677123e-03,3.4078495230e-04,-1.3215277509e-05,2.9074960594e-07,-3.2698256779e-15,
l,8.0,5.0
3.8499999791e-02,7.0384998322e+00,1.4038500786e+01,2.1038499832e+01,2.8038497925e+01,
7.1615981160e+01,-9.9480014274e+00,6.7350024938e-01,5.1412752816e-05,-2.3794607231e-04,-3.9994333704e-06,2.2090413327e-06,
3.4646496172e+01,-8.0075941179e-01,8.2024161455e-01,-5.5388024285e-02,1.0428066448e-02,-9.4119709517e-04,-7.3703398454e-10,
5.9003426852e+01,7.0720296408e+00,-2.6920134979e-01,4.9435368150e-02,-5.0479419217e-03,2.1132924501e-04,-1.3037802819e-11,
1.0370185974e+02,6.1655999365e+00,-1.1212072693e-02,7.5258531581e-04,-4.2237570485e-05,1.3107750354e-06,-6.2721676138e-15,
1.4649040641e+02,6.0768380763e+00,-3.3827086802e-03,1.3085670606e-04,-2.5592037947e-06,-5.1877593495e-08,3.9339738043e-14,
l,8.0,6.0
3.8499999791e-02,7.0384998322e+00,1.4038500786e+01,2.1038499832e+01,2.8038497925e+01,
7.1539260104e+01,-1.1943494747e+01,7.5337237453e-01,-1.9216142923e-03,3.1536791163e-04,-1.1209400208e-04,7.8059803612e-06,
2.3943618417e+01,-1.5765666939e+00,4.4976819319e-01,1.0046500588e-01,1.7202330229e-04,-1.0095252825e-03,6.1158813270e-10,
5.2917244301e+01,8.1416350438e+00,-4.8311866947e-01,6.3956957013e-02,-4.0873001955e-03,8.6475775360e-05,4.7201390819e-11,
9.9818936947e+01,6.2354072913e+00,-1.6667649736e-02,1.0924567302e-03,-5.2794661725e-05,1.2609653092e-06,-3.8945076050e-14,
1.4291920013e+02,6.1053591673e+00,-4.9060098606e-03,2.3377727643e-04,-1.0867278025e-05,3.4436500445e-07,5.3854963979e-14,
l,8.0,7.0
3.8499999791e-02,7.0384998322e+00,1.4038500786e+01,2.1038499832e+01,2.8038497925e+01,
7.1462234839e+01,-1.3935042198e+01,8.4186583110e-01,1.4085911537e-04,-4.0760043592e-04,1.3876813091e-05,-2.1691344078e-06,
1.4227529071e+01,-2.8060820415e+00,7.7420976285e-01,-5.4101027884e-02,4.0848677950e-03,-3.4135652991e-04,-1.8208898868e-10,
1.8157083460e+01,2.3286787655e+00,-7.4879605322e-02,1.3788743204e-02,-1.4546679639e-03,6.3124614299e-05,-5.5201940034e-12,
3.3085345589e+01,2.0631486659e+00,-4.1197477386e-03,2.6356182751e-04,-1.3932185855e-05,4.0393543244e-07,-1.4650215747e-14,
4.7389250189e+01,2.0299283148e+00,-1.3162841706e-03,5.7273678649e-05,-2.2100849337e-06,5.2554755358e-08,2.7912458235e-15,
l,8.0,8.0
3.8499999791e-02,7.0384998322e+00,1.4038500786e+01,2.1038499832e+01,2.8038497925e+01,
7.1385372034e+01,-1.5926794480e+01,9.4688232222e-01,3.4384381039e-04,-2.5412245861e-04,2.2204611638e-05,-2.0896391788e-06,
5.9073934093e+00,-2.7739272166e+00,6.9760447743e-01,7.5620420353e-02,-1.7875178504e-02,7.4125353699e-04,3.3521536212e-10,
1.6193078508e+01,2.6930602290e+00,-1.8595840549e-01,3.3949329737e-02,-3.3838486775e-03,1.3814490575e-04,-6.2932946021e-12,
3.1772704641e+01,2.0871877346e+00,-6.0786560200e-03,4.2933162331e-04,-2.5731805622e-05,8.4281456859e-07,-6.6871122501e-14,
4.6184788571e+01,2.0399447589e+00,-1.8202705067e-03,8.4118189088e-05,-3.6237041925e-06,9.9308610893e-08,1.2058160218e-15,
l,9.0,-9.0
3.8499999791e-02,7.0384998322e+00,1.4038500786e+01,2.1038499832e+01,2.8038497925e+01,
9.0694393880e+01,1.8073494528e+01,9.5204476719e-01,2.3387815700e-04,-1.7829822951e-04,1.3744316205e-05,-1.2488408341e-06,
2.6359250799e+02,3.1244133384e+01,8.9500947719e-01,-5.3444122036e-03,2.6048708981e-04,-3.5407821841e-04,7.0214364425e-11,
5.1900764797e+02,3.9276057195e+01,-2.8859212918e-01,3.5828248659e-02,-1.9627192963e-03,2.4079515642e-05,3.0973498025e-11,
7.8778515617e+02,3.8117443018e+01,-8.1808894215e-03,4.6831772375e-04,-1.3518553271e-05,-1.1676159493e-07,-4.5737275268e-14,
1.0543328015e+03,3.8051839073e+01,-2.3410066430e-03,9.5152720822e-05,-1.6118926808e-06,-1.5583778844e-07,-4.0886825648e-13,
l,9.0,-8.0
3.8499999791e-02,7.0384998322e+00,1.4038500786e+01,2.1038499832e+01,2.8038497925e+01,
9.0617260061e+01,1.6066107883e+01,8.5693517929e-01,1.1596053819e-04,-3.1016956244e-04,1.0086350616e-05,-1.4680759407e-06,
2.4465209315e+02,2.6334641725e+01,1.8536016125e+00,-2.8569111185e-01,8.8489669256e-03,1.3966205940e-03,-9.6182265078e-09,
4.6542507390e+02,3.4693112095e+01,-1.8598684690e-01,3.3955078824e-02,-3.3842314840e-03,1.3814639764e-04,-6.3114758712e-12,
7.0500467777e+02,3.4087212239e+01,-6.0988572842e-03,4.3743405787e-04,-2.7155026658e-05,9.3167511175e-07,-8.0354118968e-14,
9.4341678105e+02,3.4039784907e+01,-1.6872929405e-03,4.4555656568e-05,1.2515397842e-06,-1.1217749832e-07,-2.4533561742e-13,
l,9.0,-7.0
3.8499999791e-02,7.0384998322e+00,1.4038500786e+01,2.1038499832e+01,2.8038497925e+01,
9.0540205381e+01,1.4059001109e+01,7.7412336975e-01,-8.0577004314e-04,-1.3974475342e-05,-4.5409175718e-05,2.9921253466e-06,
2.2618341188e+02,2.4374210500e+01,9.3345103322e-01,-1.3531380663e-01,3.4547714954e-02,-2.3954109468e-03,-1.0257044029e-10,
4.3880472741e+02,3.6476720726e+01,7.9512323719e-02,-1.5590031543e-01,2.7037529688e-02,-1.4696953797e-03,1.9244453303e-10,
6.8482118594e+02,3.4333644724e+01,-2.7918182583e-02,2.5601175825e-03,-1.9349849226e-04,7.2888104400e-06,-2.1078029215e-13,
9.2432466467e+02,3.4140168616e+01,-6.3548770815e-03,1.5100119554e-04,1.5649409146e-05,-1.3724049331e-06,-8.6887987725e-14,
l,9.0,-6.0
3.8499999791e-02,7.0384998322e+00,1.4038500786e+01,2.1038499832e+01,2.8038497925e+01,
9.0463050399e+01,1.2053794156e+01,7.0055641937e-01,-2.6481826575e-04,-1.3182929506e-04,-1.7404831383e-05,2.0608398338e-06,
2.0887752120e+02,2.0618411813e+01,1.9939999488e+00,-6.3050007273e-01,1.2619930006e-01,-8.8907254820e-03,-2.1643650463e-09,
3.8984125813e+02,3.2141662971e+01,-4.8312287892e-01,6.3952022380e-02,-4.0858020808e-03,8.6362441804e-05,4.7097587106e-11,
6.0474293466e+02,3.0235384180e+01,-1.6634900662e-02,1.0769304744e-03,-4.9895534915e-05,1.0767970131e-06,-9.8410253452e-14,
8.1584317193e+02,3.0105295492e+01,-4.8496174555e-03,2.1276406828e-04,-7.4487066503e-06,1.4444973461e-07,7.9808514040e-14,
l,9.0,-5.0
3.8499999791e-02,7.0384998322e+00,1.4038500786e+01,2.1038499832e+01,2.8038497925e+01,
9.0385950950e+01,1.0049142569e+01,6.3872751701e-01,-7.6729215529e-05,-8.5965106058e-05,-4.5458621629e-06,1.4512228106e-06,
1.9192299965e+02,1.8748738167e+01,9.1364135963e-01,-1.1969119578e-01,2.4550221971e-02,-1.2721619830e-03,-5.1446439671e-10,
3.6438908550e+02,3.1850213590e+01,1.1983465501e+00,-4.6791341359e-01,6.2788559265e-02,-2.9722525038e-03,6.5850037145e-11,
5.8640428008e+02,3.0525850014e+01,-4.6477733662e-02,4.2845732267e-03,-3.0427574194e-04,1.0487982057e-05,-2.1866280380e-13,
7.9872302066e+02,3.0213037462e+01,-1.0566015919e-02,5.3570044374e-04,-2.5643020486e-05,8.0715834726e-07,9.2370656294e-14,
l,9.0,-4.0
3.8499999791e-02,7.0384998322e+00,1.4038500786e+01,2.1038499832e+01,2.8038497925e+01,
9.0308865926e+01,8.0453358049e+00,5.8813845182e-01,8.2248001914e-05,-3.8051965494e-06,5.0706899148e-06,7.1265748078e-07,
1.7563443292e+02,1.6408357382e+01,6.5096685965e-01,-5.7623553482e-03,4.6017285228e-03,-4.4407424498e-04,-4.3556011180e-13,
3.2488919783e+02,1.8786281492e+01,5.8955201021e+00,-1.7657311560e+00,2.3471945271e-01,-1.1571904750e-02,8.0878518720e-10,
5.0899117998e+02,2.6357664965e+01,-2.6929004283e-02,2.0014765315e-03,-1.1925644538e-04,3.7340293391e-06,-2.3620740228e-13,
6.9263818012e+02,2.6155797460e+01,-7.3356361965e-03,3.3192953744e-04,-1.1935807489e-05,2.2142940414e-07,1.9765046226e-14,
l,9.0,-3.0
3.8499999791e-02,7.0384998322e+00,1.4038500786e+01,2.1038499832e+01,2.8038497925e+01,
9.0231810695e+01,6.0423033196e+00,5.4896525021e-01,6.3240274070e-05,1.4055201744e-04,3.0903068930e-06,5.0776358543e-07,
1.5991336228e+02,1.3932311229e+01,7.2139926221e-01,-3.2205222344e-02,6.6714372487e-03,-7.5957058951e-05,-2.9469771817e-10,
2.9648839274e+02,2.6724680330e+01,1.9922887856e+00,-6.0569425527e-01,7.0182332463e-02,-2.9314795148e-03,-2.2047493830e-10,
4.9265965267e+02,2.6674117300e+01,-6.3467373685e-02,6.3019577864e-03,-4.7667791203e-04,1.7299293257e-05,-1.1176200647e-12,
6.7757613876e+02,2.6264339568e+01,-1.3217015232e-02,6.3693323399e-04,-2.4162697002e-05,4.6693108228e-07,3.5087231737e-14,
l,9.0,-2.0
3.8499999791e-02,7.0384998322e+00,1.4038500786e+01,2.1038499832e+01,2.8038497925e+01,
9.0154772466e+01,4.0400935210e+00,5.2105670791e-01,1.1514323485e-05,2.6981154280e-04,-6.8181541253e-07,4.0052256767e-07,
1.4465773459e+02,1.1717444452e+01,6.4550038961e-01,-9.0021593102e-03,5.3868281121e-03,-4.5145195944e-04,-2.9882430711e-11,
2.6111696834e+02,1.9655153167e+01,5.3221730613e-01,2.4440684928e-01,-7.5718633515e-02,5.4440899181e-03,-4.0808432934e-09,
4.1783818747e+02,2.2440786078e+01,-3.5804390222e-02,3.1485138082e-03,-2.3167084065e-04,8.6674913728e-06,-5.9036667625e-13,
5.7383846034e+02,2.2187747045e+01,-9.0035058829e-03,4.2895694552e-04,-1.7725780074e-05,4.3348423700e-07,7.2378921186e-17,
l,9.0,-1.0
3.8499999791e-02,7.0384998322e+00,1.4038500786e+01,2.1038499832e+01,2.8038497925e+01,
9.0077751430e+01,2.0388125955e+00,5.0421566830e-01,4.0340753111e-05,3.3861110730e-04,-1.7566096720e-06,2.6651142580e-07,
1.2989138836e+02,9.5402676521e+00,6.4204348237e-01,1.3942656377e-03,3.7528896568e-04,3.0398793160e-04,-1.6220719288e-10,
2.3466640824e+02,2.2034118545e+01,2.3040235788e+00,-6.2287109705e-01,6.5147048169e-02,-2.4304170165e-03,-3.8716062588e-10,
4.0368361629e+02,2.2756105234e+01,-7.4312839249e-02,7.8375890562e-03,-6.2697619701e-04,2.3776705220e-05,-1.8952232084e-12,
5.6091717186e+02,2.2291060668e+01,-1.4739126724e-02,7.3724279047e-04,-3.0837998804e-05,7.1691521728e-07,1.7106402927e-14,
l,9.0,0.0
3.8499999791e-02,7.0384998322e+00,1.4038500786e+01,2.1038499832e+01,2.8038497925e+01,
9.0001088573e+01,3.8323162680e-02,4.9873794454e-01,-4.4508462153e-05,3.9125808165e-04,-6.0727899595e-06,4.1300382000e-07,
1.1558167740e+02,7.4958694573e+00,6.4224981212e-01,-9.1450266985e-03,5.4272382170e-03,-4.4055725913e-04,-3.6955120980e-11,
2.0204211070e+02,1.8177573273e+01,-1.5382855340e+00,8.8791121104e-01,-1.6199885991e-01,9.6602936828e-03,-2.9554709847e-09,
3.3134665923e+02,1.8469843457e+01,-3.8809523580e-02,3.5031402220e-03,-2.6281252840e-04,9.9131404923e-06,-3.3263215503e-13,
4.5947088118e+02,1.8198967791e+01,-9.5457389872e-03,4.5708421512e-04,-1.9202446674e-05,4.8414067307e-07,2.2861210601e-14,
l,9.0,1.0
3.8499999791e-02,7.0384998322e+00,1.4038500786e+01,2.1038499832e+01,2.8038497925e+01,
8.9923760696e+01,-1.9612565511e+00,5.0433827426e-01,-4.1442984369e-05,3.6301381604e-04,-5.0696996961e-06,4.3334352071e-07,
1.0173738523e+02,5.5402749602e+00,6.4204080044e-01,1.3945801743e-03,3.7528277314e-04,3.0398742145e-04,-1.6219817830e-10,
1.7851240117e+02,1.8034138486e+01,2.3040010906e+00,-6.2286195164e-01,6.5145533709e-02,-2.4303293755e-03,-3.8713337242e-10,
3.1952960682e+02,1.8756117236e+01,-7.4310446738e-02,7.8337749348e-03,-6.2605078839e-04,2.3710475629e-05,-1.8854845660e-12,
4.4876318872e+02,1.8291038282e+01,-1.4726494825e-02,7.3435275815e-04,-3.0578372050e-05,7.1191356429e-07,2.6717155448e-14,
l,9.0,2.0
3.8499999791e-02,7.0384998322e+00,1.4038500786e+01,2.1038499832e+01,2.8038497925e+01,
8.9846769043e+01,-3.9598785453e+00,5.2101600645e-01,3.3775787890e-05,2.6417221364e-04,-1.9637080852e-08,3.7151512629e-07,
8.8349748531e+01,3.7174068609e+00,6.4553877397e-01,-9.0168868954e-03,5.3891841004e-03,-4.5158543871e-04,-2.9818383508e-11,
1.4816870781e+02,1.4604110725e+01,-1.4913724559e+00,7.7896760879e-01,-1.3710079153e-01,8.0077274951e-03,-1.7762583313e-09,
2.4953019066e+02,1.4440766407e+01,-3.5781897465e-02,3.1396903724e-03,-2.3025163344e-04,8.5872797214e-06,-5.7519400480e-13,
3.4953046612e+02,1.4187772137e+01,-9.0372937941e-03,4.4440381865e-04,-2.0475764725e-05,6.0077644184e-07,5.1349236807e-16,
l,9.0,3.0
3.8499999791e-02,7.0384998322e+00,1.4038500786e+01,2.1038499832e+01,2.8038497925e+01,
8.9769810547e+01,-5.9577095337e+00,5.4899285756e-01,4.8516838897e-05,1.4371346689e-04,2.7872392736e-06,5.1880253988e-07,
7.5451343524e+01,1.9323889581e+00,7.2132368774e-01,-3.2177707162e-02,6.6672327841e-03,-7.5728310154e-05,-2.9477250830e-10,
1.2802638862e+02,1.4724658660e+01,1.9923126691e+00,-6.0570385075e-01,7.0183936367e-02,-2.9315745768e-03,-2.2044832346e-10,
2.4019765737e+02,1.4674115767e+01,-6.3463607945e-02,6.3002163785e-03,-4.7639426800e-04,1.7283454147e-05,-1.0881954029e-12,
3.4111414830e+02,1.4264378451e+01,-1.3247034770e-02,6.4598866812e-04,-2.5340281577e-05,5.2249350468e-07,2.9744997433e-14,
l,9.0,4.0
3.8499999791e-02,7.0384998322e+00,1.4038500786e+01,2.1038499832e+01,2.8038497925e+01,
8.9692865725e+01,-7.9546784128e+00,5.8818558758e-01,4.3995494230e-05,8.6548486879e-06,3.2809463439e-06,8.0722561467e-07,
6.3018436519e+01,4.0833396514e-01,6.5100393313e-01,-5.7794284047e-03,4.6047993836e-03,-4.4426460077e-04,-4.3440293280e-13,
9.9411718301e+01,1.0124958344e+01,-7.0011502669e-01,4.4456272078e-01,-8.3727918279e-02,5.0706875984e-03,-1.6615858083e-09,
1.7237520164e+02,1.0357621987e+01,-2.6902818181e-02,1.9945014514e-03,-1.1838455874e-04,3.6916668234e-06,-2.0897922249e-13,
2.4402219787e+02,1.0155834322e+01,-7.3634677123e-03,3.4078495230e-04,-1.3215277509e-05,2.9074960594e-07,-3.2698256779e-15,
l,9.0,5.0
3.8499999791e-02,7.0384998322e+00,1.4038500786e+01,2.1038499832e+01,2.8038497925e+01,
8.9615955817e+01,-9.9508748729e+00,6.3873980861e-01,-7.9878430331e-05,-8.5825778244e-05,-4.4887449533e-06,1.4451710252e-06,
5.1152991858e+01,-1.2512301448e+00,9.1364229202e-01,-1.1969975207e-01,2.4552459328e-02,-1.2723243412e-03,-5.1462586712e-10,
8.3619074619e+01,1.1850200447e+01,1.1983575634e+00,-4.6791731420e-01,6.2789201311e-02,-2.9722916033e-03,6.5855093830e-11,
1.6563429920e+02,1.0525796042e+01,-4.6433018822e-02,4.2707306934e-03,-3.0248920497e-04,1.0407030428e-05,-1.8471835136e-13,
2.3795307430e+02,1.0212972630e+01,-1.0489171472e-02,5.0047529917e-04,-1.8882511874e-05,3.5328109782e-07,-5.5620496630e-15,
l,9.0,6.0
3.8499999791e-02,7.0384998322e+00,1.4038500786e+01,2.1038499832e+01,2.8038497925e+01,
8.9539049662e+01,-1.1946204505e+01,7.0054365622e-01,-2.5361844929e-04,-1.3524373462e-04,-1.6964541210e-05,2.0401246074e-06,
3.9782388793e+01,-2.3422752565e+00,6.5193331432e-01,7.6353420074e-03,7.8658726898e-04,-2.5518049466e-04,5.4355081169e-11,
5.5718783282e+01,5.4393831452e+00,3.0855925325e-01,1.1380048421e-02,-1.3193348408e-02,1.1186355908e-03,-1.1138516740e-09,
9.9818936947e+01,6.2354072913e+00,-1.6667649736e-02,1.0924567302e-03,-5.2794661725e-05,1.2609653092e-06,-3.8945076050e-14,
1.4291920013e+02,6.1053591673e+00,-4.9060098606e-03,2.3377727643e-04,-1.0867278025e-05,3.4436500445e-07,5.3854963979e-14,
l,9.0,7.0
3.8499999791e-02,7.0384998322e+00,1.4038500786e+01,2.1038499832e+01,2.8038497925e+01,
8.9462201747e+01,-1.3940972842e+01,7.7406735137e-01,-7.6453321722e-04,-2.7057250359e-05,-4.3549023579e-05,2.8948707592e-06,
2.9105410775e+01,-3.6257961009e+00,9.3346319703e-01,-1.3531763375e-01,3.4548107237e-02,-2.3954204037e-03,-1.0251150391e-10,
4.5726727923e+01,8.4766452233e+00,7.9567369015e-02,-1.5591562792e-01,2.7039300179e-02,-1.4697639979e-03,1.9254397004e-10,
9.5743210611e+01,6.3335690143e+00,-2.7849041830e-02,2.5353257031e-03,-1.8967684695e-04,7.0776274663e-06,-1.2421285506e-13,
1.3924666992e+02,6.1404832994e+00,-6.7433406270e-03,3.1762809014e-04,-1.3078767891e-05,3.4079161397e-07,4.4928005489e-14,
l,9.0,8.0
3.8499999791e-02,7.0384998322e+00,1.4038500786e+01,2.1038499832e+01,2.8038497925e+01,
8.9385260191e+01,-1.5933908343e+01,8.5695796603e-01,1.0444310028e-04,-3.0720802034e-04,9.7007212984e-06,-1.4482257764e-06,
1.9127217026e+01,-4.3563905418e+00,7.2732290634e-01,-2.1332760241e-03,-3.7588411464e-03,1.3926626552e-04,3.2429520355e-11,
1.6946721615e+01,1.4963931456e+00,4.9767471334e-01,-1.4595636008e-01,1.8800301204e-02,-9.0006011943e-04,-3.3185123615e-11,
3.1772704641e+01,2.0871877346e+00,-6.0786560200e-03,4.2933162331e-04,-2.5731805622e-05,8.4281456859e-07,-6.6871122501e-14,
4.6184788571e+01,2.0399447589e+00,-1.8202705067e-03,8.4118189088e-05,-3.6237041925e-06,9.9308610893e-08,1.2058160218e-15,
l,9.0,9.0
3.8499999791e-02,7.0384998322e+00,1.4038500786e+01,2.1038499832e+01,2.8038497925e+01,
8.9308397002e+01,-1.7926552778e+01,9.5216138476e-01,1.5267100061e-04,-1.5443230608e-04,1.0573686920e-05,-1.0916386948e-06,
1.0206507894e+01,-4.7558539614e+00,8.9499288135e-01,-5.3363236595e-03,2.5897940499e-04,-3.5398394462e-04,7.0099519138e-11,
1.3621665036e+01,3.2759342241e+00,-2.8851181076e-01,3.5808987143e-02,-1.9609546497e-03,2.4036425628e-05,3.1077135683e-11,
3.0399183190e+01,2.1173782128e+00,-8.1436064774e-03,4.6377363520e-04,-1.4246813590e-05,2.9506226456e-09,6.8948071174e-14,
4.4946732707e+01,2.0521421750e+00,-2.4569110963e-03,1.1698495135e-04,-5.0904106370e-06,1.3770899486e-07,3.2516570141e-15,
