l,0.0,-0.0
0.111,0.931,1.771,
1.731828289e-01,1.863489991e+00
1.192601025e-02,-1.473636164e-02,7.787246381e-02,8.858626746e-01,4.382222620e+00,1.131805692e+01,1.511121960e+01,1.008536548e+01,2.690252732e+00,
2.553865590e-03,-5.412995077e-03,-5.016354491e-03,-1.078192187e-01,-5.145402119e-01,-1.394564727e+00,-2.129654360e+00,-1.707267854e+00,-5.577137006e-01,
1.588480376e-01
l,1.0,-1.0
0.391,1.251,2.131,
3.938761276e-02,4.738111275e+00
2.389807953e-03,-2.482285983e-03,4.712190358e-03,2.321953295e-02,-5.648797128e-02,-3.326251400e-01,-6.692925982e-01,-6.411363304e-01,-2.361230908e-01,
4.679112476e-04,-1.026806388e-03,-1.157344691e-03,-2.405851954e-02,-1.151476002e-01,-3.027254168e-01,-4.394229655e-01,-3.311845879e-01,-1.013870219e-01,
1.589100761e-01
l,1.0,0.0
0.431,1.271,2.131,
7.037948791e-02,4.881612254e+00
5.794342142e-03,-7.118434962e-03,-3.677367156e-03,-2.937023701e-02,-5.526841382e-01,-2.100803609e+00,-3.855990139e+00,-3.506362253e+00,-1.246341463e+00,
1.173467408e-03,-2.581614368e-03,-2.190226007e-03,-4.808830846e-02,-2.058596719e-01,-4.826601187e-01,-6.195955415e-01,-4.100953926e-01,-1.103919860e-01,
1.589272664e-01
l,1.0,1.0
0.451,1.331,2.211,
5.144548158e-01,6.716297239e+00
1.324831974e-02,-1.633038673e-02,-3.173411484e-04,-1.242808487e-01,-1.733781012e+00,-6.028277261e+00,-1.026697660e+01,-8.745676949e+00,-2.939964199e+00,
2.470731306e-03,-5.500984183e-03,-4.082540544e-03,-9.490928498e-02,-3.964358973e-01,-9.296009166e-01,-1.214010838e+00,-8.328096039e-01,-2.362855759e-01,
1.588791170e-01
l,2.0,-2.0
0.771,1.711,2.651,
2.820470685e-04,6.194448455e+00
3.467987117e-04,-3.270975305e-04,1.996119421e-04,2.858192334e-03,-4.824537229e-03,-2.921185085e-02,-4.881215578e-02,-3.833567585e-02,-1.190692846e-02,
5.825970115e-05,-1.330177564e-04,-1.169172081e-04,-2.677486604e-03,-1.179863974e-02,-2.873575356e-02,-3.852691906e-02,-2.677410280e-02,-7.576542807e-03,
1.589101127e-01
l,2.0,-1.0
0.851,1.751,2.671,
3.056870763e-04,4.217763262e+00
7.930183201e-04,-8.568067583e-04,-7.064414107e-04,1.113148777e-02,4.733236248e-02,1.287758934e-01,1.970702088e-01,1.492054355e-01,4.389913510e-02,
1.393204796e-04,-3.185585161e-04,-2.232802415e-04,-5.491911910e-03,-2.281098201e-02,-5.269723811e-02,-6.680039003e-02,-4.359973127e-02,-1.156278175e-02,
1.589272307e-01
l,2.0,0.0
0.911,1.771,2.691,
5.783917796e-04,4.829689247e+00
1.850620029e-03,-1.553782190e-03,3.111127260e-06,3.358473916e-02,1.350360081e-01,3.837379879e-01,6.463238842e-01,5.449309554e-01,1.781692171e-01,
3.331991553e-04,-7.631920030e-04,-6.174903505e-04,-1.401721818e-02,-5.966473725e-02,-1.435664954e-01,-1.930193358e-01,-1.354128421e-01,-3.888612317e-02,
1.589272664e-01
l,2.0,1.0
0.911,1.811,2.731,
1.235589205e-03,5.902031675e+00
4.237828776e-03,-3.991361828e-03,-5.477862511e-03,3.966931412e-02,6.923062283e-02,1.484565816e-02,-8.337198746e-02,-1.155169605e-01,-4.962374509e-02,
7.615241830e-04,-1.750390405e-03,-1.380607998e-03,-3.165601549e-02,-1.299019606e-01,-2.926630425e-01,-3.590809684e-01,-2.252669908e-01,-5.724166945e-02,
1.589273209e-01
l,2.0,2.0
0.951,1.871,2.811,
1.975606936e-03,4.143099595e+00
9.549802169e-03,-9.278785864e-03,-7.959951300e-03,7.840002307e-02,2.790226908e-02,-2.260023579e-01,-3.018252451e-01,-1.218786172e-01,-5.094831237e-03,
1.588332665e-03,-3.674999517e-03,-1.929993118e-03,-5.502697063e-02,-2.113934313e-01,-4.523748177e-01,-5.276721453e-01,-3.157078782e-01,-7.735158679e-02,
1.589272420e-01
l,3.0,-3.0
1.231,2.211,3.191,
2.444129302e-06,5.158141240e+00
4.366572830e-05,-3.945873054e-05,-4.136264627e-05,3.465349571e-04,5.184461012e-04,3.717824045e-04,5.360869745e-04,5.976458233e-04,2.262579167e-04,
6.662608193e-06,-1.563506416e-05,-4.862411708e-06,-1.967345917e-04,-7.270490765e-04,-1.556661722e-03,-1.850875166e-03,-1.143372876e-03,-2.918720137e-04,
1.589101268e-01
l,3.0,-2.0
1.311,2.231,3.211,
3.595271500e-06,5.848047979e+00
9.940742166e-05,-7.233824957e-05,-1.500707088e-04,8.042280831e-04,2.678496241e-03,6.367578709e-03,1.043872924e-02,8.783895883e-03,2.831560192e-03,
1.590812088e-05,-3.736321454e-05,-1.573144421e-05,-5.025110480e-04,-1.865515164e-03,-3.981388838e-03,-4.721312162e-03,-2.899936231e-03,-7.338191671e-04,
1.589101127e-01
l,3.0,-1.0
1.371,2.291,3.271,
6.117238805e-06,6.007594858e+00
2.189450024e-04,-1.641300779e-04,-1.635960155e-04,3.993185728e-03,1.688222465e-02,4.080654367e-02,5.758703328e-02,4.207191245e-02,1.221839285e-02,
3.457522868e-05,-8.140719128e-05,-2.856402153e-05,-1.050065398e-03,-3.880325830e-03,-8.276804840e-03,-9.802555703e-03,-6.009908895e-03,-1.519356883e-03,
1.589272307e-01
l,3.0,0.0
1.371,2.331,3.311,
6.342781549e-06,7.892495047e+00
4.899849882e-04,-3.319076543e-04,-6.149090416e-04,2.770520945e-03,-5.097624679e-03,-4.029648213e-02,-7.216019513e-02,-5.623489977e-02,-1.665511153e-02,
7.874594836e-05,-1.857151672e-04,-6.351142640e-05,-2.375952217e-03,-8.767122690e-03,-1.866401442e-02,-2.206065479e-02,-1.347004693e-02,-3.387191580e-03,
1.589272664e-01
l,3.0,1.0
1.451,2.371,3.351,
1.964207499e-05,6.106011865e+00
1.104946947e-03,-6.881630084e-04,-1.779650808e-03,1.084028409e-02,4.172718563e-02,9.536533964e-02,1.406038110e-01,1.098636767e-01,3.388779467e-02,
1.793384502e-04,-4.236892463e-04,-1.529462161e-04,-5.496581610e-03,-2.028459280e-02,-4.313171267e-02,-5.090395030e-02,-3.098728212e-02,-7.759881098e-03,
1.589273209e-01
l,3.0,2.0
1.511,2.431,3.411,
3.472175319e-05,6.232944311e+00
2.460601972e-03,-1.668738962e-03,-2.139493726e-03,4.547548340e-02,1.901750874e-01,4.383085564e-01,5.940262943e-01,4.227740481e-01,1.207562764e-01,
3.896501841e-04,-9.229944329e-04,-2.694264078e-04,-1.150380824e-02,-4.225134591e-02,-8.985673113e-02,-1.059633398e-01,-6.446683344e-02,-1.616510872e-02,
1.589582825e-01
l,3.0,3.0
1.511,2.471,3.451,
3.099413254e-05,8.105559680e+00
5.567071028e-03,-3.532419977e-03,-8.347388814e-03,2.578717524e-02,-7.374959110e-02,-4.957615139e-01,-8.699887013e-01,-6.698677693e-01,-1.962076945e-01,
8.877219680e-04,-2.107956360e-03,-6.733493651e-04,-2.676405898e-02,-9.832876782e-02,-2.088768835e-01,-2.459950662e-01,-1.493153738e-01,-3.732455281e-02,
1.589582942e-01
l,4.0,-4.0
1.711,2.711,3.731,
1.027829363e-08,8.092514457e+00
5.128554221e-06,-3.408306139e-06,-7.357854664e-06,3.294470477e-05,2.984804080e-05,-1.116669705e-04,-2.460993630e-04,-1.918896515e-04,-5.474618640e-05,
7.402025444e-07,-1.770574342e-06,-4.453937405e-07,-2.149479358e-05,-7.732106472e-05,-1.614201967e-04,-1.857192734e-04,-1.098064300e-04,-2.669191520e-05,
1.589100386e-01
l,4.0,-3.0
1.771,2.771,3.771,
2.577207028e-08,7.411869957e+00
1.115875966e-05,-7.252195253e-06,-1.373655731e-05,9.423349663e-05,1.730065568e-04,2.464582823e-05,-1.771249008e-04,-1.714266085e-04,-5.132131617e-05,
1.683183015e-06,-4.030988468e-06,-1.351201480e-06,-5.287278931e-05,-1.971511610e-04,-4.240694236e-04,-5.036248271e-04,-3.077247887e-04,-7.709522373e-05,
1.589101268e-01
l,4.0,-2.0
1.831,2.811,3.831,
8.149772014e-08,6.417651822e+00
2.460331962e-05,-1.430291064e-05,-4.180485656e-05,1.925366297e-04,5.704037609e-04,8.361906796e-04,9.036101443e-04,6.227451570e-04,1.840575907e-04,
3.648200951e-06,-8.752114884e-06,-1.741379347e-06,-9.842007584e-05,-3.348849852e-04,-6.614154702e-04,-7.180862840e-04,-3.967732336e-04,-9.000590643e-05,
1.589272673e-01
l,4.0,-1.0
1.871,2.871,3.871,
1.193053639e-07,6.787133103e+00
5.368607890e-05,-3.096424541e-05,-8.522545025e-05,4.125914344e-04,1.011498063e-03,9.020538674e-04,4.000357412e-04,1.143879720e-04,2.645492491e-05,
8.293569498e-06,-1.991899212e-05,-6.629819937e-06,-2.511638385e-04,-8.930062330e-04,-1.834292826e-03,-2.084149937e-03,-1.214148939e-03,-2.903460969e-04,
1.589272307e-01
l,4.0,0.0
1.911,2.911,3.931,
1.530552646e-07,7.347090496e+00
1.191730989e-04,-5.660788899e-05,-1.653576653e-04,1.107205347e-03,2.933099599e-03,2.915580320e-03,1.214669217e-03,2.520301944e-05,-9.236751213e-05,
1.796684869e-05,-4.322326037e-05,-1.384038063e-05,-5.586637117e-04,-2.056686934e-03,-4.360527392e-03,-5.085458920e-03,-3.030662951e-03,-7.371743334e-04,
1.589272664e-01
l,4.0,1.0
1.971,2.971,3.971,
6.323431640e-07,6.146693338e+00
2.619889856e-04,-1.365004692e-04,-4.115410714e-04,2.315124445e-03,6.991607952e-03,9.834943725e-03,9.295121772e-03,5.603035958e-03,1.520380469e-03,
4.083504864e-05,-9.834635660e-05,-2.989519095e-05,-1.228906091e-03,-4.406671730e-03,-9.127292440e-03,-1.044073235e-02,-6.105421514e-03,-1.461513197e-03,
1.589273209e-01
l,4.0,2.0
2.011,3.011,4.031,
4.322505034e-07,7.605391420e+00
5.829121801e-04,-2.720969158e-04,-1.166715104e-03,3.260332561e-03,8.017275947e-03,3.157834580e-03,-5.588453653e-03,-6.349279016e-03,-1.960466885e-03,
8.845166281e-05,-2.133741097e-04,-4.139772375e-05,-2.388258101e-03,-8.059412110e-03,-1.577631610e-02,-1.695021218e-02,-9.191678297e-03,-2.030255243e-03,
1.589582825e-01
l,4.0,3.0
2.051,3.051,4.071,
1.064466575e-06,7.227172176e+00
1.306419959e-03,-4.959876352e-04,-1.924224281e-03,1.272355220e-02,3.944945671e-02,5.147106548e-02,3.810479389e-02,1.614965747e-02,3.103161840e-03,
2.010100800e-04,-4.854837741e-04,-1.628145733e-04,-6.343192728e-03,-2.331872572e-02,-4.929557207e-02,-5.729468249e-02,-3.391810734e-02,-8.172443278e-03,
1.589582942e-01
l,4.0,4.0
2.111,3.111,4.111,
4.419655197e-06,6.183638550e+00
2.906562062e-03,-1.332112987e-03,-4.914289903e-03,2.576650936e-02,8.529002371e-02,1.294736226e-01,1.271876198e-01,7.647007591e-02,2.035682786e-02,
4.568579582e-04,-1.104976997e-03,-3.344001501e-04,-1.379322178e-02,-4.914882635e-02,-1.011455370e-01,-1.148416624e-01,-6.641299217e-02,-1.568213490e-02,
1.589582146e-01
l,5.0,-5.0
2.211,3.231,4.271,
3.715512979e-10,6.845160098e+00
5.655468271e-07,-2.787747860e-07,-8.788784242e-07,4.961677008e-06,1.528642914e-05,2.167173253e-05,1.999725775e-05,1.149052776e-05,2.965367680e-06,
8.051334621e-08,-1.953171463e-07,-4.496376893e-08,-2.322638879e-06,-8.122478150e-06,-1.647760355e-05,-1.832602786e-05,-1.036492869e-05,-2.395755945e-06,
1.589101158e-01
l,5.0,-4.0
2.291,3.291,4.331,
4.622010970e-10,7.305357493e+00
1.220215040e-06,-5.805339104e-07,-1.837046829e-06,1.170489572e-05,3.928062683e-05,6.401512622e-05,6.712484366e-05,4.139891615e-05,1.094698177e-05,
1.741687175e-07,-4.230805055e-07,-9.624865147e-08,-5.041708437e-06,-1.770137480e-05,-3.604121751e-05,-4.021144380e-05,-2.279532776e-05,-5.275166674e-06,
1.589100386e-01
l,5.0,-3.0
2.331,3.351,4.391,
1.016322135e-09,7.087341901e+00
2.635782948e-06,-1.232461120e-06,-4.257706718e-06,2.235569293e-05,7.121048000e-05,1.023644566e-04,9.367504812e-05,5.257987347e-05,1.323985894e-05,
3.767354348e-07,-9.163326657e-07,-1.903766161e-07,-1.072342727e-05,-3.733242389e-05,-7.545284784e-05,-8.352324577e-05,-4.689084589e-05,-1.073990212e-05,
1.589272813e-01
l,5.0,-2.0
2.371,3.391,4.431,
2.949024452e-10,9.226540181e+00
5.757894996e-06,-2.082919466e-06,-1.109010888e-05,3.295917041e-05,8.838116488e-05,4.363343334e-05,-6.026971806e-05,-7.917347142e-05,-2.652846788e-05,
8.553090495e-07,-2.082126039e-06,-5.435952230e-07,-2.485764518e-05,-8.537248824e-05,-1.694144023e-04,-1.842915828e-04,-1.011690656e-04,-2.252358047e-05,
1.589272555e-01
l,5.0,-1.0
2.431,3.451,4.491,
1.717817917e-09,7.883460194e+00
1.251704998e-05,-4.539978060e-06,-2.225908263e-05,9.274507845e-05,3.040846228e-04,3.967764241e-04,2.958967839e-04,1.296864566e-04,2.644541620e-05,
1.849305748e-06,-4.507449747e-06,-1.146983491e-06,-5.414335573e-05,-1.879018937e-04,-3.771222569e-04,-4.148654033e-04,-2.305576083e-04,-5.199049845e-05,
1.589272307e-01
l,5.0,0.0
2.471,3.511,4.551,
4.193069452e-09,7.569871381e+00
2.727874016e-05,-1.016571529e-05,-4.603286388e-05,2.229534828e-04,7.526596458e-04,1.081927368e-03,9.288373779e-04,4.703467571e-04,1.068073032e-04,
3.997768949e-06,-9.755825276e-06,-2.348998429e-06,-1.172583233e-04,-4.105983973e-04,-8.323090740e-04,-9.242362083e-04,-5.188570208e-04,-1.182549542e-04,
1.589272664e-01
l,5.0,1.0
2.531,3.551,4.591,
1.825294777e-09,9.148095062e+00
5.995203173e-05,-1.749571653e-05,-1.164880904e-04,3.581029350e-04,1.143959368e-03,1.104031553e-03,2.349223164e-04,-2.626708374e-04,-1.308062659e-04,
9.073395919e-06,-2.215950363e-05,-6.238576502e-06,-2.690903793e-04,-9.288270587e-04,-1.848558763e-03,-2.016498633e-03,-1.107046729e-03,-2.454035348e-04,
1.589273209e-01
l,5.0,2.0
2.591,3.611,4.651,
1.866897010e-09,9.761793197e+00
1.314526016e-04,-4.238973111e-05,-2.649036332e-04,6.772253812e-04,1.905610292e-03,8.439586943e-04,-1.627238444e-03,-2.039488221e-03,-6.838231043e-04,
1.961297370e-05,-4.795563686e-05,-1.083066535e-05,-5.600628679e-04,-1.912299763e-03,-3.778988427e-03,-4.087749572e-03,-2.220306920e-03,-4.869147768e-04,
1.589582825e-01
l,5.0,3.0
2.651,3.651,4.691,
2.231550094e-08,7.822409787e+00
2.916867088e-04,-7.124186828e-05,-4.970790172e-04,2.596076042e-03,1.033761768e-02,1.814918949e-02,1.893121469e-02,1.113332159e-02,2.789686802e-03,
4.450671455e-05,-1.089087877e-04,-3.630752174e-05,-1.390810246e-03,-4.904056400e-03,-9.943029191e-03,-1.105433503e-02,-6.197005233e-03,-1.402213527e-03,
1.589582942e-01
l,5.0,4.0
2.671,3.711,4.751,
2.499558703e-08,8.375242776e+00
6.440423895e-04,-1.887233918e-04,-1.158755018e-03,4.823544062e-03,1.707562060e-02,2.396132343e-02,1.886206089e-02,8.360953999e-03,1.640339256e-03,
9.616523811e-05,-2.355943865e-04,-5.964442824e-05,-2.860838006e-03,-1.001766141e-02,-2.027174792e-02,-2.245657587e-02,-1.252635460e-02,-2.823542464e-03,
1.589582146e-01
l,5.0,5.0
2.731,3.751,4.791,
1.029542963e-08,9.909696293e+00
1.435130020e-03,-3.552549477e-04,-2.990480909e-03,7.233852970e-03,2.370414520e-02,1.844690810e-02,-5.610182527e-03,-1.451794359e-02,-5.498526347e-03,
2.182112545e-04,-5.350697366e-04,-1.271000046e-04,-6.308853156e-03,-2.156218390e-02,-4.259142111e-02,-4.603511373e-02,-2.488920829e-02,-5.404440567e-03,
1.589582903e-01
l,6.0,-6.0
2.731,3.771,4.811,
2.116383745e-12,8.315694132e+00
5.955288884e-08,-2.363488828e-08,-1.013743253e-07,4.670112862e-07,1.543745118e-06,2.149906015e-06,1.788103002e-06,8.855993578e-07,1.990576881e-07,
8.618540156e-09,-2.113419185e-08,-5.792942515e-09,-2.593296997e-07,-9.019254760e-07,-1.814685329e-06,-2.000979512e-06,-1.116173042e-06,-2.529191236e-07,
1.589272531e-01
l,6.0,-5.0
2.791,3.831,4.871,
3.822373087e-12,8.315297732e+00
1.278537951e-07,-4.744800117e-08,-2.114157555e-07,1.052918896e-06,3.580572659e-06,5.217077758e-06,4.524405530e-06,2.295695422e-06,5.188494551e-07,
1.861488482e-08,-4.569466620e-08,-1.367980013e-08,-5.739069833e-07,-2.016075039e-06,-4.089661038e-06,-4.546625542e-06,-2.557661949e-06,-5.838265608e-07,
1.589272704e-01
l,6.0,-4.0
2.851,3.891,4.931,
4.155208016e-12,8.807958790e+00
2.747495955e-07,-9.725107197e-08,-4.652528856e-07,2.139306096e-06,7.193323871e-06,9.910058275e-06,7.822722704e-06,3.545969630e-06,7.204492189e-07,
4.019950362e-08,-9.877967473e-08,-2.976726662e-08,-1.241769033e-06,-4.360303208e-06,-8.837332505e-06,-9.814893854e-06,-5.510172739e-06,-1.253772006e-06,
1.589273227e-01
l,6.0,-3.0
2.891,3.931,4.991,
5.283868720e-12,9.139763791e+00
5.950323043e-07,-1.417970137e-07,-1.106280969e-06,3.997230508e-06,1.467123663e-05,2.049116262e-05,1.566951476e-05,6.588948183e-06,1.204094495e-06,
8.679945295e-08,-2.134983841e-07,-5.726842426e-08,-2.592531027e-06,-8.920604738e-06,-1.770891398e-05,-1.919280582e-05,-1.042951928e-05,-2.280466525e-06,
1.589272813e-01
l,6.0,-2.0
2.951,3.991,5.051,
1.564563258e-11,8.687220833e+00
1.285400003e-06,-3.000872314e-07,-2.364188338e-06,9.054555931e-06,3.455492560e-05,5.255290602e-05,4.573383278e-05,2.258704842e-05,4.898139631e-06,
1.873918022e-07,-4.613688643e-07,-1.143588918e-07,-5.542585780e-06,-1.908941852e-05,-3.796812904e-05,-4.120811894e-05,-2.240316905e-05,-4.897208585e-06,
1.589272555e-01
l,6.0,-1.0
3.011,4.051,5.111,
3.263240392e-11,8.578275193e+00
2.783702939e-06,-6.646723298e-07,-5.244145820e-06,1.896568274e-05,7.394483247e-05,1.148593811e-04,1.030129191e-04,5.267107223e-05,1.180377464e-05,
4.045041354e-07,-9.968517212e-07,-2.172965780e-07,-1.169836778e-05,-3.995774845e-05,-7.896106442e-05,-8.507620355e-05,-4.580703941e-05,-9.902362746e-06,
1.589272307e-01
l,6.0,0.0
3.051,4.111,5.171,
3.189918970e-11,9.157482767e+00
6.040292192e-06,-1.517049238e-06,-1.190720718e-05,3.616992897e-05,1.378261231e-04,1.948563196e-04,1.524428272e-04,6.675892424e-05,1.291069352e-05,
8.730433002e-07,-2.153493382e-06,-4.057599157e-07,-2.462181637e-05,-8.307614938e-05,-1.625017106e-04,-1.731246976e-04,-9.188298183e-05,-1.954018106e-05,
1.589272664e-01
l,6.0,1.0
3.111,4.171,5.231,
7.371738760e-11,8.967637612e+00
1.313403027e-05,-3.505955837e-06,-2.594932488e-05,7.913953012e-05,3.045339026e-04,4.436110821e-04,3.660049744e-04,1.720528034e-04,3.589162922e-05,
1.884409440e-06,-4.652366919e-06,-8.424169856e-07,-5.286479175e-05,-1.773959548e-04,-3.454064026e-04,-3.660847560e-04,-1.931059122e-04,-4.080263907e-05,
1.589583614e-01
l,6.0,2.0
3.171,4.211,5.271,
1.081750646e-10,9.184736777e+00
2.879353087e-05,-4.996980698e-06,-5.461297657e-05,1.856688241e-04,7.467465342e-04,1.146237984e-03,9.822292969e-04,4.685296459e-04,9.716476900e-05,
4.271184509e-06,-1.055123904e-05,-2.760083241e-06,-1.280504545e-04,-4.412612331e-04,-8.771395950e-04,-9.517014087e-04,-5.157906177e-04,-1.118996998e-04,
1.589272420e-01
l,6.0,3.0
3.211,4.271,5.331,
1.036809011e-10,9.768240052e+00
6.309781020e-05,-1.296893671e-05,-1.215591935e-04,3.845125569e-04,1.479638979e-03,2.076268240e-03,1.553004358e-03,6.189375024e-04,1.035924019e-04,
9.217118559e-06,-2.278915527e-05,-4.932076254e-06,-2.689005725e-04,-9.222092081e-04,-1.829888009e-03,-1.979192269e-03,-1.067972282e-03,-2.307920440e-04,
1.589582942e-01
l,6.0,4.0
3.271,4.311,5.371,
1.883047011e-10,9.804307668e+00
1.391669066e-04,-1.984112653e-05,-2.861955774e-04,7.238870818e-04,3.057271734e-03,4.439294967e-03,3.416486429e-03,1.402262079e-03,2.424445734e-04,
2.089277104e-05,-5.168693289e-05,-1.424961090e-05,-6.256826322e-04,-2.121306672e-03,-4.143285855e-03,-4.416222631e-03,-2.340443617e-03,-4.937215367e-04,
1.589582692e-01
l,6.0,5.0
3.311,4.371,5.431,
6.163695325e-10,9.351726160e+00
3.066057106e-04,-5.668823052e-05,-6.145986513e-04,1.779251669e-03,7.385053034e-03,1.129331938e-02,9.601602526e-03,4.546117708e-03,9.367702339e-04,
4.506881129e-05,-1.115924219e-04,-2.384092188e-05,-1.303398662e-03,-4.413778149e-03,-8.650099430e-03,-9.236643993e-03,-4.901207247e-03,-1.037156986e-03,
1.589582903e-01
l,6.0,6.0
3.371,4.411,5.471,
1.736304597e-09,9.044429847e+00
6.816475070e-04,-8.668099757e-05,-1.330313302e-03,4.265948978e-03,1.858154035e-02,3.080920738e-02,2.878993475e-02,1.497193750e-02,3.352869193e-03,
1.021503462e-04,-2.530841398e-04,-6.319484271e-05,-3.052179575e-03,-1.049047781e-02,-2.080349183e-02,-2.250164533e-02,-1.211132121e-02,-2.597910393e-03,
1.589582627e-01
l,7.0,-7.0
3.251,4.311,5.371,
5.090259200e-15,1.025319336e+01
6.120588036e-09,-1.777149814e-09,-1.137314785e-08,3.965889137e-08,1.390172975e-07,1.805082118e-07,1.230395058e-07,4.353007562e-08,6.203531918e-09,
8.667168645e-10,-2.144127155e-09,-4.225497420e-10,-2.500622615e-08,-8.557549126e-08,-1.699215726e-07,-1.838445351e-07,-9.956868534e-08,-2.171521403e-08,
1.588962359e-01
l,7.0,-6.0
3.311,4.371,5.431,
1.051388681e-14,1.012780508e+01
1.308889974e-08,-3.489846140e-09,-2.488907041e-08,8.164282043e-08,2.984192876e-07,4.048701070e-07,2.960646870e-07,1.172680500e-07,1.993263175e-08,
1.869949904e-09,-4.629821153e-09,-1.016910569e-09,-5.463364853e-08,-1.861873463e-07,-3.674954785e-07,-3.953199235e-07,-2.125509385e-07,-4.591364880e-08,
1.589272531e-01
l,7.0,-5.0
3.371,4.431,5.491,
2.744273069e-14,9.818686929e+00
2.801965948e-08,-6.954077771e-09,-5.471341775e-08,1.682568537e-07,6.480389279e-07,9.356280617e-07,7.534292520e-07,3.408170998e-07,6.795486913e-08,
4.033160265e-09,-9.993842368e-09,-2.263121482e-09,-1.177605978e-07,-3.982468021e-07,-7.795039961e-07,-8.315192681e-07,-4.422993554e-07,-9.425137945e-08,
1.589272704e-01
l,7.0,-4.0
3.431,4.491,5.551,
6.217305083e-14,9.638030315e+00
6.005463149e-08,-1.388180185e-08,-1.181441548e-07,3.578182285e-07,1.428265164e-06,2.156466443e-06,1.840568828e-06,8.873422380e-07,1.877085944e-07,
8.697796196e-09,-2.156955141e-08,-5.172091663e-09,-2.558990990e-07,-8.638318551e-07,-1.686257359e-06,-1.794435605e-06,-9.513229486e-07,-2.017112780e-07,
1.589273227e-01
l,7.0,-3.0
3.491,4.551,5.611,
9.384165166e-14,9.792556173e+00
1.289607070e-07,-2.782621708e-08,-2.503614536e-07,7.800313259e-07,3.127148716e-06,4.746341521e-06,4.045562022e-06,1.932502580e-06,4.028800035e-07,
1.875521207e-08,-4.654693593e-08,-1.177822742e-08,-5.592669535e-07,-1.899469416e-06,-3.728264830e-06,-3.991417899e-06,-2.130754666e-06,-4.549892422e-07,
1.589272813e-01
l,7.0,-2.0
3.531,4.591,5.671,
8.717917040e-14,1.033303254e+01
2.790480096e-07,-2.777741784e-08,-5.375544405e-07,1.611514119e-06,6.843945305e-06,1.052853201e-05,8.768763072e-06,3.953036284e-06,7.587292186e-07,
4.043757919e-08,-1.004347763e-07,-2.568712334e-08,-1.216793054e-06,-4.161182741e-06,-8.202323329e-06,-8.789220092e-06,-4.679218368e-06,-9.915757840e-07,
1.589272673e-01
l,7.0,-1.0
3.591,4.651,5.731,
2.128438883e-13,1.011189378e+01
6.025047128e-07,-6.203458649e-08,-1.182665992e-06,3.367658266e-06,1.467811524e-05,2.316102501e-05,2.004581696e-05,9.510674776e-06,1.937538287e-06,
8.717654454e-08,-2.166812497e-07,-4.987056522e-08,-2.574280562e-06,-8.749524970e-06,-1.716389866e-05,-1.829190119e-05,-9.664060948e-06,-2.028542515e-06,
1.589272307e-01
l,7.0,0.0
3.651,4.711,5.791,
4.876379626e-13,9.950519834e+00
1.303289991e-06,-1.491716794e-07,-2.678478601e-06,6.586121826e-06,2.990890647e-05,4.786031586e-05,4.234703049e-05,2.074500342e-05,4.389452374e-06,
1.879540057e-07,-4.675080440e-07,-9.674643716e-08,-5.414858921e-06,-1.809483048e-05,-3.494954321e-05,-3.663674880e-05,-1.895675331e-05,-3.880776437e-06,
1.589583069e-01
l,7.0,1.0
3.711,4.771,5.851,
7.640114927e-13,1.008808131e+01
2.825474894e-06,-3.671036246e-07,-6.046579240e-06,1.268041318e-05,5.919217478e-05,9.305319897e-05,8.053512782e-05,3.873733961e-05,8.099972357e-06,
4.051092759e-07,-1.008367567e-06,-1.715160089e-07,-1.128896586e-05,-3.709685958e-05,-7.062587080e-05,-7.285327803e-05,-3.688770503e-05,-7.348853886e-06,
1.589583614e-01
l,7.0,2.0
3.751,4.831,5.911,
3.860796070e-13,1.108247362e+01
6.143014161e-06,-8.994356888e-07,-1.329502272e-05,2.496410849e-05,1.113655672e-04,1.532261111e-04,1.059292467e-04,3.647822209e-05,4.743390794e-06,
8.728950925e-07,-2.174260350e-06,-2.826996757e-07,-2.369042661e-05,-7.757870918e-05,-1.476890693e-04,-1.521892898e-04,-7.684241908e-05,-1.525681572e-05,
1.589272420e-01
l,7.0,3.0
3.811,4.891,5.971,
5.190099784e-13,1.133118321e+01
1.340052040e-05,-2.209141697e-06,-2.775556541e-05,6.193788539e-05,2.581410678e-04,3.470648350e-04,2.310937862e-04,7.328132218e-05,7.688551577e-06,
1.881381074e-06,-4.689462356e-06,-6.245655770e-07,-5.188123794e-05,-1.723241277e-04,-3.329985129e-04,-3.484975939e-04,-1.796453724e-04,-3.666810997e-05,
1.589582942e-01
l,7.0,4.0
3.851,4.931,6.011,
8.328200036e-12,9.741765178e+00
2.944453990e-05,-2.645428720e-06,-5.902343069e-05,1.576405580e-04,7.333110629e-04,1.234160976e-03,1.153182263e-03,5.920726876e-04,1.295681861e-04,
4.261141941e-06,-1.062594511e-05,-2.161140777e-06,-1.239624528e-04,-4.182769988e-04,-8.161020313e-04,-8.643308848e-04,-4.520105329e-04,-9.350508127e-05,
1.589582692e-01
l,7.0,5.0
3.911,4.991,6.071,
8.859960768e-12,1.018247921e+01
6.458399730e-05,-8.618189469e-06,-1.369619189e-04,2.985493438e-04,1.400298542e-03,2.247912879e-03,1.992772172e-03,9.780269334e-04,2.070200317e-04,
9.180906780e-06,-2.290950646e-05,-2.836433495e-06,-2.501951700e-04,-8.238415094e-04,-1.577439731e-03,-1.634406657e-03,-8.296521709e-04,-1.655566977e-04,
1.589582903e-01
l,7.0,6.0
3.951,5.031,6.111,
3.221455294e-12,1.140080941e+01
1.424629008e-04,-9.156794784e-06,-2.968599611e-04,6.187866869e-04,2.884115543e-03,4.276588056e-03,3.259360057e-03,1.280712750e-03,2.034046551e-04,
2.079176855e-05,-5.190565746e-05,-1.108960797e-05,-6.083781931e-04,-2.046824972e-03,-3.980974311e-03,-4.205522563e-03,-2.190835271e-03,-4.503566913e-04,
1.589583173e-01
l,7.0,7.0
4.011,5.091,6.171,
1.240750398e-11,1.090028780e+01
3.148069081e-04,-3.523605881e-05,-6.309562916e-04,1.632595214e-03,7.230313879e-03,1.119314967e-02,9.341328313e-03,4.218837975e-03,8.119509679e-04,
4.479081043e-05,-1.118922741e-04,-1.684709670e-05,-1.269221147e-03,-4.289074864e-03,-8.416899169e-03,-8.950714886e-03,-4.695068336e-03,-9.750988455e-04,
1.589582705e-01
l,8.0,-8.0
3.791,4.851,5.931,
3.308688474e-17,1.114186775e+01
6.169679767e-10,-1.099972268e-10,-1.208639608e-09,3.474888899e-09,1.398703775e-08,2.019764743e-08,1.563485713e-08,6.504738754e-09,1.147595404e-09,
8.624676367e-11,-2.148776908e-10,-4.166645984e-11,-2.494183310e-09,-8.400300531e-09,-1.639941984e-08,-1.737107837e-08,-9.126634424e-09,-1.911493378e-09,
1.589272612e-01
l,8.0,-7.0
3.851,4.911,5.991,
6.584086893e-17,1.106212600e+01
1.315130005e-09,-1.929026997e-10,-2.525034774e-09,7.686328060e-09,3.167250093e-08,4.773189995e-08,3.905791385e-08,1.735553008e-08,3.295164709e-09,
1.858480452e-10,-4.633410360e-10,-1.018239466e-10,-5.503944983e-09,-1.872996889e-08,-3.685882021e-08,-3.937875700e-08,-2.088987644e-08,-4.416139988e-09,
1.589272522e-01
l,8.0,-6.0
3.911,4.971,6.051,
1.688659706e-16,1.080225229e+01
2.806284982e-09,-3.495032205e-10,-5.516549323e-09,1.557179086e-08,6.744068191e-08,1.060493483e-07,9.173980306e-08,4.362260625e-08,8.923939173e-09,
4.004328079e-10,-9.989888453e-10,-2.224411189e-10,-1.183531807e-08,-4.007314975e-08,-7.841453953e-08,-8.330691308e-08,-4.384914631e-08,-9.169675375e-09,
1.589272531e-01
l,8.0,-5.0
3.971,5.031,6.111,
3.772785087e-16,1.065180997e+01
5.994133190e-09,-6.556230970e-10,-1.238244704e-08,2.915245617e-08,1.348011330e-07,2.171695325e-07,1.932164354e-07,9.508059332e-08,2.018506481e-08,
8.626975307e-10,-2.153634079e-09,-4.635518282e-10,-2.511574654e-08,-8.381431212e-08,-1.616741348e-07,-1.692799007e-07,-8.741948277e-08,-1.783536293e-08,
1.589272357e-01
l,8.0,-4.0
4.011,5.091,6.171,
4.037278173e-16,1.103454742e+01
1.282325979e-08,-1.234079813e-09,-2.749755564e-08,5.348742579e-08,2.580410243e-07,4.032980933e-07,3.402560301e-07,1.568989736e-07,3.111726178e-08,
1.858427063e-09,-4.642325473e-09,-1.002738536e-09,-5.377101658e-08,-1.776759838e-07,-3.392850084e-07,-3.516803142e-07,-1.791982358e-07,-3.590188236e-08,
1.589271932e-01
l,8.0,-3.0
4.071,5.151,6.231,
2.633281267e-16,1.177108145e+01
2.749671957e-08,-2.264516439e-09,-5.883181713e-08,1.083961581e-07,5.157651836e-07,7.549106912e-07,5.670622828e-07,2.202473746e-07,3.474527587e-08,
4.003057120e-09,-1.000582854e-08,-2.331705638e-09,-1.175831195e-07,-3.905672810e-07,-7.491933034e-07,-7.808405064e-07,-4.007310378e-07,-8.095870178e-08,
1.589272813e-01
l,8.0,-2.0
4.131,5.211,6.291,
4.134802965e-16,1.187775154e+01
5.912092149e-08,-4.131011928e-09,-1.211316487e-07,2.631434422e-07,1.207135225e-06,1.793495229e-06,1.378477737e-06,5.497132197e-07,8.933694869e-08,
8.621790616e-09,-2.156376596e-08,-5.515096503e-09,-2.599899636e-07,-8.771253486e-07,-1.707141158e-06,-1.807006501e-06,-9.456947005e-07,-1.956652900e-07,
1.589272555e-01
l,8.0,-1.0
4.191,5.271,6.371,
1.124272268e-15,1.160311714e+01
1.274376018e-07,-9.448677173e-09,-2.716325482e-07,5.062438283e-07,2.465543475e-06,3.757978510e-06,3.012177239e-06,1.288375505e-06,2.328917311e-07,
1.766137046e-08,-4.420770780e-08,-4.703389834e-09,-4.782504306e-07,-1.567189558e-06,-2.988751646e-06,-3.072632059e-06,-1.541200092e-06,-3.025825178e-07,
1.589272307e-01
l,8.0,0.0
4.251,5.331,6.431,
6.214780541e-15,1.084748650e+01
2.752580031e-07,-2.076132011e-08,-5.647752993e-07,1.288856579e-06,6.210120658e-06,1.027264638e-05,9.317344697e-06,4.629323529e-06,9.827331162e-07,
3.803851262e-08,-9.526889834e-08,-1.223863164e-08,-1.054914671e-06,-3.491441862e-06,-6.714705597e-06,-6.965255948e-06,-3.537441465e-06,-7.059359258e-07,
1.589583069e-01
l,8.0,1.0
4.311,5.391,6.491,
1.579403157e-14,1.064271807e+01
5.956435984e-07,-5.107483289e-08,-1.223847349e-06,2.826876300e-06,1.371007525e-05,2.312564373e-05,2.155650588e-05,1.103545804e-05,2.409288949e-06,
8.190315147e-08,-2.052472831e-07,-2.220122774e-08,-2.239671944e-06,-7.388848319e-06,-1.418534909e-05,-1.467692926e-05,-7.423736454e-06,-1.473926286e-06,
1.589583614e-01
l,8.0,2.0
4.351,5.431,6.531,
2.401205569e-15,1.235869090e+01
1.292744969e-06,-1.809323909e-09,-2.897569854e-06,3.532432889e-06,2.052871672e-05,3.045258814e-05,2.219795889e-05,7.986568672e-06,1.080611463e-06,
1.853669338e-07,-4.646999301e-07,-7.061360312e-08,-5.145732840e-06,-1.678148186e-05,-3.171784383e-05,-3.239050454e-05,-1.608417850e-05,-3.098176268e-06,
1.589272420e-01
l,8.0,3.0
4.411,5.491,6.591,
5.374120587e-15,1.223881880e+01
2.813952960e-06,-5.409678004e-08,-6.185823355e-06,8.792279622e-06,4.812487474e-05,7.274578689e-05,5.559924877e-05,2.180503949e-05,3.451866052e-06,
3.990688922e-07,-1.000989940e-06,-1.323533569e-07,-1.099416936e-05,-3.597848641e-05,-6.836704980e-05,-7.014154363e-05,-3.502490723e-05,-6.802902010e-06,
1.589272691e-01
l,8.0,4.0
4.451,5.551,6.651,
4.817150138e-14,1.119476094e+01
6.141358881e-06,-2.548732379e-07,-1.289951701e-05,2.525152948e-05,1.298288970e-04,2.160534537e-04,1.943016054e-04,9.486563965e-05,1.968409743e-05,
8.592359882e-07,-2.156410372e-06,-2.833907171e-07,-2.389397880e-05,-7.887741235e-05,-1.512669490e-04,-1.565438170e-04,-7.910638854e-05,-1.563335144e-05,
1.589583554e-01
l,8.0,5.0
4.511,5.591,6.691,
5.710206121e-14,1.151722933e+01
1.343254007e-05,3.841843719e-07,-2.900985125e-05,4.480837381e-05,2.607720052e-04,4.438837463e-04,4.021121509e-04,1.965838154e-04,4.077210670e-05,
1.944757482e-06,-4.882479017e-06,-9.610109996e-07,-5.623863193e-05,-1.860093438e-04,-3.555048667e-04,-3.676899147e-04,-1.857229794e-04,-3.653594163e-05,
1.589583199e-01
l,8.0,6.0
4.571,5.651,6.751,
2.732615362e-14,1.243603579e+01
2.945856977e-05,-3.381634858e-07,-6.599476575e-05,8.178160526e-05,4.793547253e-04,7.335770386e-04,5.667458075e-04,2.256684463e-04,3.657330600e-05,
4.185884507e-06,-1.051460210e-05,-1.331719733e-06,-1.148273632e-04,-3.737635469e-04,-7.065177377e-04,-7.205922351e-04,-3.565590200e-04,-6.829828905e-05,
1.589583173e-01
l,8.0,7.0
4.611,5.691,6.791,
2.261547086e-13,1.148174127e+01
6.490301894e-05,3.623548853e-06,-1.363071694e-04,2.354409758e-04,1.348405151e-03,2.343262651e-03,2.173745351e-03,1.086253272e-03,2.294876236e-04,
9.473349437e-06,-2.380467300e-05,-5.310509288e-06,-2.812909069e-04,-9.414804189e-04,-1.818264550e-03,-1.902763824e-03,-9.755655145e-04,-1.954100178e-04,
1.589583208e-01
l,8.0,8.0
4.671,5.751,6.851,
7.610502190e-13,1.112986368e+01
1.432457066e-04,1.027018662e-06,-2.994283416e-04,5.826543474e-04,3.181664234e-03,5.601337264e-03,5.350019766e-03,2.771150416e-03,6.070479154e-04,
2.038787194e-05,-5.125756392e-05,-7.972861357e-06,-5.802418536e-04,-1.931173917e-03,-3.725892307e-03,-3.883589859e-03,-1.977548114e-03,-3.932660990e-04,
1.589583076e-01
l,9.0,-9.0
4.311,5.391,6.491,
7.438520535e-20,1.271856242e+01
6.119878215e-11,-4.256381402e-12,-1.343462490e-10,2.115103669e-10,1.048234027e-09,1.481743730e-09,1.030642087e-09,3.473625754e-10,4.159084966e-11,
8.504226698e-12,-2.131138114e-11,-2.892646048e-12,-2.338481893e-10,-7.605597311e-10,-1.436413990e-09,-1.462897540e-09,-7.260195511e-10,-1.406603169e-10,
1.589271966e-01
l,9.0,-8.0
4.371,5.451,6.551,
2.826276277e-19,1.220274578e+01
1.300632935e-10,-4.555824515e-12,-2.761207345e-10,5.066828078e-10,2.547175531e-09,3.965561846e-09,3.244199143e-09,1.414807861e-09,2.603009083e-10,
1.830942308e-11,-4.590879489e-11,-8.364857693e-12,-5.242647414e-10,-1.731368870e-09,-3.310107849e-09,-3.420182766e-09,-1.730418956e-09,-3.431254782e-10,
1.589272045e-01
l,9.0,-7.0
4.451,5.531,6.611,
2.951200032e-19,1.256668488e+01
2.760250084e-10,-2.952161081e-11,-5.600240594e-10,1.278771625e-09,5.670210921e-09,8.326187159e-09,6.361295670e-09,2.533908265e-09,4.135828188e-10,
3.941650092e-11,-9.888699849e-11,-2.245094044e-11,-1.175788727e-09,-3.958527329e-09,-7.709387230e-09,-8.155440006e-09,-4.263759347e-09,-8.822159377e-10,
1.589272160e-01
l,9.0,-6.0
4.511,5.591,6.691,
9.098536399e-19,1.220924707e+01
5.886973131e-10,-5.252532009e-11,-1.243021657e-09,2.420739026e-09,1.161179561e-08,1.782829195e-08,1.453672104e-08,6.379377637e-09,1.191554942e-09,
8.069397615e-11,-2.025886959e-10,-2.111423488e-11,-2.198199968e-09,-7.205773869e-09,-1.375945267e-08,-1.415945067e-08,-7.112336506e-09,-1.399738570e-09,
1.589272531e-01
l,9.0,-5.0
4.571,5.651,6.751,
5.037024004e-18,1.147592415e+01
1.257253968e-09,-8.525428369e-11,-2.583092685e-09,5.765390823e-09,2.823119644e-08,4.715194863e-08,4.315702782e-08,2.161515753e-08,4.618518025e-09,
1.736848232e-10,-4.362803751e-10,-5.740570405e-11,-4.851775458e-09,-1.606399227e-08,-3.091013935e-08,-3.208781825e-08,-1.630229894e-08,-3.251290652e-09,
1.589272010e-01
l,9.0,-4.0
4.631,5.711,6.811,
1.145040477e-17,1.133930658e+01
2.688028911e-09,-1.430104047e-10,-5.559918226e-09,1.197023386e-08,6.055090228e-08,1.035932311e-07,9.726846650e-08,4.992093048e-08,1.089334127e-08,
3.738078708e-10,-9.394589258e-10,-1.304721117e-10,-1.048438690e-08,-3.468395401e-08,-6.663000918e-08,-6.907264684e-08,-3.501138896e-08,-6.953029170e-09,
1.589271932e-01
l,9.0,-3.0
4.671,5.771,6.871,
3.390602364e-18,1.252839032e+01
5.755405041e-09,-2.590053387e-10,-1.242614169e-08,2.011025268e-08,1.057145089e-07,1.652039339e-07,1.352111003e-07,5.897968646e-08,1.085745103e-08,
8.044543585e-10,-2.022796809e-09,-2.616531428e-10,-2.228016768e-08,-7.303185034e-08,-1.390910646e-07,-1.429067286e-07,-7.152875333e-08,-1.395573847e-08,
1.589272222e-01
l,9.0,-2.0
4.731,5.831,6.931,
3.256590672e-18,1.294744940e+01
1.234965019e-08,-5.029026263e-10,-2.739606608e-08,3.663747609e-08,2.027751247e-07,3.045838155e-07,2.317939087e-07,9.108384930e-08,1.460535930e-08,
1.731093877e-09,-4.355008664e-09,-5.089364993e-10,-4.729273840e-08,-1.536721687e-07,-2.903777819e-07,-2.958936797e-07,-1.463565413e-07,-2.807509796e-08,
1.589272082e-01
l,9.0,-1.0
4.791,5.891,6.991,
7.503680342e-18,1.280444058e+01
2.656894083e-08,-1.018390379e-09,-5.879874567e-08,8.007685753e-08,4.466677636e-07,6.869153262e-07,5.437467817e-07,2.267316742e-07,3.955189042e-08,
3.724840655e-09,-9.375400147e-09,-1.067090166e-09,-1.016732788e-07,-3.303736585e-07,-6.245447317e-07,-6.367845344e-07,-3.151059258e-07,-6.045465275e-08,
1.589271551e-01
l,9.0,0.0
4.851,5.951,7.051,
3.190692295e-17,1.227905508e+01
5.730272079e-08,-2.145228443e-09,-1.225817835e-07,2.068366606e-07,1.105179694e-06,1.803027805e-06,1.568846290e-06,7.375689140e-07,1.474568041e-07,
8.015817953e-09,-2.018551952e-08,-2.808147238e-09,-2.245651098e-07,-7.374343813e-07,-1.406742454e-06,-1.448623617e-06,-7.271737394e-07,-1.423040553e-07,
1.589582314e-01
l,9.0,1.0
4.911,6.011,7.111,
1.020472459e-16,1.194473176e+01
1.238477978e-07,-5.219639360e-09,-2.572977117e-07,5.076233112e-07,2.623277689e-06,4.410636988e-06,4.013040989e-06,1.980760996e-06,4.147297222e-07,
1.724533329e-08,-4.344802202e-08,-6.156890775e-09,-4.876008556e-07,-1.614509608e-06,-3.105282238e-06,-3.224082567e-06,-1.635697355e-06,-3.246305019e-07,
1.589582166e-01
l,9.0,2.0
4.951,6.051,7.171,
2.418278464e-17,1.324401412e+01
2.680208127e-07,1.022871640e-08,-6.185818119e-07,5.027879343e-07,3.755331760e-06,5.900930639e-06,4.601514026e-06,1.844533514e-06,3.019406568e-07,
3.709918366e-08,-9.351161534e-08,8.038459020e-09,-8.036050652e-07,-2.348117734e-06,-4.106971812e-06,-3.815039532e-06,-1.604101117e-06,-2.309912890e-07,
1.589581764e-01
l,9.0,3.0
5.011,6.111,7.211,
4.789867606e-17,1.321170811e+01
5.816651765e-07,1.524641935e-08,-1.295431678e-06,1.437939543e-06,9.178764682e-06,1.453301352e-05,1.166874169e-05,4.885639410e-06,8.475882047e-07,
8.391583542e-08,-2.115818486e-07,-3.647074244e-08,-2.392435756e-06,-7.841280025e-06,-1.488675084e-05,-1.529274313e-05,-7.642282809e-06,-1.479134417e-06,
1.589271458e-01
l,9.0,4.0
5.071,6.171,7.271,
1.585773894e-16,1.286678161e+01
1.266044023e-06,7.562752840e-09,-2.770280825e-06,3.689386182e-06,2.196884041e-05,3.580742619e-05,3.045785972e-05,1.383139556e-05,2.655053228e-06,
1.805390694e-07,-4.554102369e-07,-7.464586794e-08,-5.142286649e-06,-1.688265536e-05,-3.213688564e-05,-3.307620615e-05,-1.657500795e-05,-3.224439716e-06,
1.589581706e-01
l,9.0,5.0
5.111,6.211,7.331,
7.286060707e-16,1.232788038e+01
2.762494887e-06,2.388047714e-07,-5.749856843e-06,9.118295668e-06,5.515548242e-05,9.726384302e-05,9.073159352e-05,4.524863256e-05,9.479755162e-06,
3.883150317e-07,-9.799628813e-07,4.717811628e-08,-8.751118142e-06,-2.619062801e-05,-4.730789549e-05,-4.630514509e-05,-2.138415831e-05,-3.680943690e-06,
1.589581820e-01
l,9.0,6.0
5.171,6.271,7.391,
3.890933213e-16,1.311194266e+01
6.038831089e-06,3.009518056e-07,-1.323737600e-05,1.575683150e-05,1.017743732e-04,1.693130496e-04,1.456333342e-04,6.644304860e-05,1.274430564e-05,
8.351570503e-07,-2.108551784e-06,2.048029037e-07,-1.797862629e-05,-5.247121960e-05,-9.216488245e-05,-8.641671185e-05,-3.696734401e-05,-5.527857772e-06,
1.589581756e-01
l,9.0,7.0
5.231,6.331,7.431,
3.681861407e-16,1.354266905e+01
1.323353990e-05,1.609416701e-07,-2.939597566e-05,3.341694386e-05,2.099316200e-04,3.316544507e-04,2.659503241e-04,1.111695537e-04,1.923767276e-05,
1.889124542e-06,-4.770922678e-06,-7.217363931e-07,-5.339734180e-05,-1.749098523e-04,-3.324387858e-04,-3.414408460e-04,-1.703671531e-04,-3.290124125e-05,
1.589581572e-01
l,9.0,8.0
5.271,6.371,7.491,
1.870188532e-15,1.295987777e+01
2.910755029e-05,1.829062507e-06,-6.867163187e-05,4.256003787e-05,4.004292714e-04,6.893847903e-04,6.077964025e-04,2.870433962e-04,5.761211494e-05,
4.062539990e-06,-1.026421126e-05,6.948837534e-07,-9.175806622e-05,-2.808477031e-04,-5.204331517e-04,-5.219259208e-04,-2.481824498e-04,-4.441135829e-05,
1.589581266e-01
l,9.0,9.0
5.331,6.431,7.531,
7.505182840e-15,1.253026992e+01
6.417653640e-05,1.952195956e-06,-1.342940977e-04,2.274991591e-04,1.306123729e-03,2.274103172e-03,2.113394393e-03,1.055838404e-03,2.223215274e-04,
9.188842772e-06,-2.322269205e-05,-4.197522187e-06,-2.687839931e-04,-8.975650908e-04,-1.735935461e-03,-1.816575293e-03,-9.291110724e-04,-1.853185750e-04,
1.589580910e-01
