l,0.0,-0.0
0.091,0.791,1.491,
4.051228140e-01,2.077344018e+00
9.601280093e-03,-1.867775746e-02,3.438664261e-02,8.187691886e-01,6.396167513e+00,2.377593734e+01,4.466591072e+01,4.205023859e+01,1.582916741e+01,
1.967178146e-03,-5.063719576e-03,-7.055621712e-03,-1.686407523e-01,-9.319228521e-01,-2.780193917e+00,-4.511853165e+00,-3.758855933e+00,-1.258542612e+00,
1.586927880e-01
l,1.0,-1.0
0.291,1.071,1.871,
1.107811947e-01,5.068786528e+00
9.234801983e-04,-1.344702023e-03,2.452435804e-03,-8.547008767e-03,-2.264507015e-01,-9.936146194e-01,-2.043614160e+00,-2.025130068e+00,-7.726770631e-01,
1.451875989e-04,-3.898491559e-04,-4.862012144e-04,-1.239918026e-02,-6.756871680e-02,-2.014221340e-01,-3.283199265e-01,-2.762093658e-01,-9.390628577e-02,
1.585388512e-01
l,1.0,0.0
0.371,1.031,1.751,
6.379724347e-02,4.029345336e+00
5.066887010e-03,-8.917625302e-03,-3.295989116e-03,3.995417136e-01,3.650847082e+00,1.543182223e+01,3.236888720e+01,3.308857413e+01,1.322020657e+01,
9.973201746e-04,-2.651347059e-03,-1.239918886e-03,-4.015770418e-02,-1.201778296e-01,-9.501616889e-02,2.662444131e-01,5.828783555e-01,3.198657691e-01,
1.589100964e-01
l,1.0,1.0
0.371,1.131,1.911,
2.426421138e-01,4.098428897e+00
2.136893012e-02,-3.498551088e-02,8.685568376e-02,4.999132268e-01,-1.883776319e-01,-3.800476005e+00,-1.006197816e+01,-1.192159083e+01,-5.231441047e+00,
3.243110635e-03,-8.851077284e-03,-6.365062940e-03,-2.090438718e-01,-1.064716234e+00,-3.123287244e+00,-5.122594851e+00,-4.412077347e+00,-1.555709903e+00,
1.585697976e-01
l,2.0,-2.0
0.571,1.391,2.231,
1.898246453e-04,4.472178356e+00
7.956039917e-05,-1.296426413e-04,-3.399276403e-04,-3.493549673e-03,-2.248057784e-02,-6.151711060e-02,-8.737434926e-02,-6.395501430e-02,-1.903782757e-02,
1.094970207e-05,-3.032968277e-05,-1.399703093e-05,-5.634085860e-04,-2.414047808e-03,-5.816572039e-03,-7.572510303e-03,-5.020529699e-03,-1.343014648e-03,
1.585388423e-01
l,2.0,-1.0
0.691,1.431,2.251,
5.857182805e-04,5.271134326e+00
3.459813015e-04,-4.797434387e-04,7.277617421e-04,2.299808851e-02,1.356508668e-01,4.417472363e-01,7.720231973e-01,6.755402321e-01,2.331626187e-01,
5.148470177e-05,-1.428317329e-04,-1.077371430e-04,-3.364508605e-03,-1.573473689e-02,-4.020097231e-02,-5.538610091e-02,-3.899634324e-02,-1.114809741e-02,
1.587857940e-01
l,2.0,0.0
0.731,1.491,2.311,
1.348642989e-03,4.684231870e+00
1.461216016e-03,-2.129402771e-03,-3.949599712e-03,1.831379327e-02,1.392302098e-01,5.864126372e-01,1.200912666e+00,1.145135423e+00,4.139990450e-01,
2.161788303e-04,-6.025386317e-04,-3.793849806e-04,-1.273759718e-02,-5.597641719e-02,-1.340360911e-01,-1.697372533e-01,-1.064172309e-01,-2.606681848e-02,
1.586927880e-01
l,2.0,1.0
0.751,1.531,2.311,
1.357305441e-02,8.595573811e+00
6.656826008e-03,-7.518515287e-03,4.809900938e-04,-2.392409722e-02,-1.195596998e+00,-5.103444898e+00,-9.595554264e+00,-8.758318122e+00,-3.148971511e+00,
1.076166896e-03,-3.007628249e-03,-3.097012479e-03,-9.005721161e-02,-4.934661228e-01,-1.498509394e+00,-2.494488680e+00,-2.141608618e+00,-7.447174670e-01,
1.588480440e-01
l,2.0,2.0
0.791,1.611,2.431,
1.899341318e-02,5.595066669e+00
2.915528975e-02,-4.661055095e-02,-1.010108007e-01,-9.582240682e-01,-7.279453618e+00,-2.068483185e+01,-2.897188269e+01,-2.049726866e+01,-5.881162129e+00,
3.838274210e-03,-1.089579291e-02,-6.112399491e-03,-2.337981998e-01,-1.090147123e+00,-2.927846355e+00,-4.338698195e+00,-3.349511995e+00,-1.061560626e+00,
1.586007017e-01
l,3.0,-3.0
0.931,1.731,2.591,
2.031481563e-06,5.671006356e+00
6.214816949e-06,-8.278721357e-06,-1.634452193e-06,1.535417257e-04,7.656627189e-04,2.537716560e-03,4.617839051e-03,4.101583267e-03,1.405149828e-03,
8.049572597e-07,-2.279714814e-06,-5.916950087e-07,-3.760481356e-05,-1.615811513e-04,-4.138374878e-04,-5.925522185e-04,-4.438432148e-04,-1.371046299e-04,
1.586007160e-01
l,3.0,-2.0
1.011,1.811,2.651,
4.654162457e-06,5.781354416e+00
2.420452984e-05,-2.733253893e-05,-5.802956968e-07,5.199468224e-04,1.872034273e-03,5.472642958e-03,1.028976769e-02,9.694938156e-03,3.503185956e-03,
3.371525476e-06,-9.577994545e-06,-2.554570173e-06,-1.598205038e-04,-7.018639656e-04,-1.848783139e-03,-2.747737184e-03,-2.146195193e-03,-6.936063775e-04,
1.587237594e-01
l,3.0,-1.0
1.071,1.891,2.731,
1.257145560e-05,5.169583241e+00
9.464705363e-05,-1.024331291e-04,-1.081787703e-04,6.663906851e-04,-1.612063560e-03,-7.890347040e-03,-9.007656143e-03,-3.045145712e-03,3.048008362e-04,
1.332457902e-05,-3.800132550e-05,-9.005144951e-06,-5.819780969e-04,-2.289557578e-03,-5.386695780e-03,-7.170584338e-03,-5.062219609e-03,-1.520360370e-03,
1.587547691e-01
l,3.0,0.0
1.151,1.951,2.791,
3.212713718e-05,6.027470297e+00
3.880437871e-04,-3.644535316e-04,-1.796889080e-04,8.980028309e-03,3.401134758e-02,8.854292729e-02,1.512005423e-01,1.359363402e-01,4.805599899e-02,
5.571723063e-05,-1.593596005e-04,-5.453172250e-05,-2.787845210e-03,-1.224574948e-02,-3.203914738e-02,-4.723019904e-02,-3.645659603e-02,-1.163438929e-02,
1.587857539e-01
l,3.0,1.0
1.211,2.011,2.851,
9.911328906e-05,6.093209701e+00
1.632377971e-03,-1.564941865e-03,-8.252929078e-04,4.817638839e-02,2.111530758e-01,5.515030667e-01,8.682285537e-01,7.176428636e-01,2.369662312e-01,
2.328988398e-04,-6.681729731e-04,-2.919330921e-04,-1.310201037e-02,-6.106120038e-02,-1.654565700e-01,-2.482731158e-01,-1.925198311e-01,-6.095627027e-02,
1.587857757e-01
l,3.0,2.0
1.231,2.051,2.891,
4.321372256e-04,5.070591775e+00
7.307834923e-03,-7.534257306e-03,-1.617883236e-02,9.419879739e-02,2.088003053e-01,1.468915644e-01,9.203415003e-02,1.317268425e-01,7.575072753e-02,
1.032437441e-03,-2.972772487e-03,-7.277346479e-04,-4.781271681e-02,-1.877103225e-01,-4.191889224e-01,-4.983721069e-01,-2.908557307e-01,-6.718211984e-02,
1.588480319e-01
l,3.0,3.0
1.271,2.111,2.971,
1.203982366e-03,6.382739601e+00
3.309212998e-02,-3.741367800e-02,-4.058102070e-02,2.431381956e-01,-1.363496898e+00,-7.050700127e+00,-1.181543653e+01,-8.968098594e+00,-2.629193807e+00,
4.090806631e-03,-1.190170767e-02,-4.329229071e-03,-2.192429220e-01,-9.310365869e-01,-2.295583389e+00,-3.105411196e+00,-2.185121163e+00,-6.417385638e-01,
1.586626639e-01
l,4.0,-4.0
1.251,2.091,2.951,
2.111412857e-08,6.055641201e+00
4.439175996e-07,-5.399771290e-07,-6.995523317e-07,4.867777181e-06,6.658792568e-06,1.873004036e-06,7.632935957e-06,1.567002749e-05,7.963388132e-06,
5.803494112e-08,-1.670925487e-07,-4.185452134e-08,-2.670225103e-06,-1.052527889e-05,-2.387926391e-05,-2.916946107e-05,-1.793984737e-05,-4.485276863e-06,
1.586626740e-01
l,4.0,-3.0
1.351,2.191,3.051,
5.020467103e-08,6.051050973e+00
1.639226980e-06,-1.751619488e-06,-2.363030197e-06,2.573546143e-05,8.544043827e-05,1.888619482e-04,2.945893177e-04,2.496631619e-04,8.371440681e-05,
2.159573960e-07,-6.241772014e-07,-1.703622451e-07,-1.059802127e-05,-4.525807178e-05,-1.146442242e-04,-1.617069557e-04,-1.185508156e-04,-3.585832995e-05,
1.587857780e-01
l,4.0,-2.0
1.411,2.271,3.151,
8.662029410e-08,7.166919191e+00
6.207997103e-06,-5.066664411e-06,-4.082523103e-06,1.146167508e-04,2.836970586e-04,3.134167359e-04,2.014085722e-04,7.555099649e-05,1.148468911e-05,
8.021279760e-07,-2.326720493e-06,-9.682683444e-07,-4.654594459e-05,-2.148511964e-04,-5.685908015e-04,-8.246607094e-04,-6.153975960e-04,-1.872790171e-04,
1.587857851e-01
l,4.0,-1.0
1.491,2.351,3.231,
1.082656198e-07,8.959194752e+00
2.382658022e-05,-1.699872837e-05,-2.480882689e-05,3.024544269e-04,2.043906256e-04,-1.696099880e-03,-4.075019739e-03,-3.697503889e-03,-1.241167482e-03,
3.154674762e-06,-9.175552524e-06,-3.007149951e-06,-1.665213064e-04,-7.314710383e-04,-1.867182230e-03,-2.627626380e-03,-1.907514006e-03,-5.687421535e-04,
1.587857940e-01
l,4.0,0.0
1.551,2.431,3.311,
1.058140368e-07,1.119864059e+01
9.334628703e-05,-6.986956332e-05,-1.988727465e-04,2.626275673e-04,-3.873784812e-03,-1.991040217e-02,-3.637202187e-02,-3.034616307e-02,-9.737969534e-03,
1.239950504e-05,-3.615809295e-05,-5.189961342e-06,-5.371398334e-04,-2.087812873e-03,-4.796576356e-03,-6.061397761e-03,-3.918521595e-03,-1.052791019e-03,
1.587857539e-01
l,4.0,1.0
1.611,2.491,3.371,
1.641162923e-06,7.459918534e+00
3.824071900e-04,-2.305189106e-04,-3.863097579e-04,6.153025334e-03,1.360368071e-02,4.388219177e-03,-1.572720360e-02,-1.932810447e-02,-6.875997310e-03,
5.165268872e-05,-1.509137583e-04,-6.216007525e-05,-2.893386791e-03,-1.283520799e-02,-3.289733547e-02,-4.644005495e-02,-3.372699486e-02,-1.002651959e-02,
1.588170069e-01
l,4.0,2.0
1.711,2.551,3.431,
5.620097761e-06,7.297379544e+00
1.616808004e-03,-1.045399779e-03,-1.430159565e-03,4.011681231e-02,1.644215275e-01,3.678944340e-01,5.089493067e-01,3.873953357e-01,1.214132966e-01,
2.150658462e-04,-6.296804177e-04,-2.711447522e-04,-1.265046744e-02,-5.776982441e-02,-1.512295672e-01,-2.168076474e-01,-1.592808512e-01,-4.764713407e-02,
1.587859819e-01
l,4.0,3.0
1.731,2.591,3.471,
2.829875074e-05,6.755339733e+00
7.215849124e-03,-5.788087657e-03,-2.539739104e-02,3.526080758e-02,6.256901532e-02,-1.655041952e-01,-4.177351055e-01,-3.244484801e-01,-8.621048829e-02,
9.507694496e-04,-2.790971426e-03,3.807093887e-05,-3.437751648e-02,-1.112953595e-01,-2.031504918e-01,-1.754076621e-01,-4.597190591e-02,7.115500826e-03,
1.588480165e-01
l,4.0,4.0
1.771,2.651,3.531,
4.124607082e-06,1.253005483e+01
3.279881179e-02,-3.145715500e-02,-9.561762729e-02,-6.145404903e-03,-1.815377735e+00,-8.203502144e+00,-1.445259009e+01,-1.182704414e+01,-3.746763706e+00,
3.972841934e-03,-1.175029088e-02,-1.769380005e-04,-1.523544942e-01,-5.136146844e-01,-1.016008404e+00,-1.032711835e+00,-4.770033221e-01,-7.984306684e-02,
1.586617522e-01
l,5.0,-5.0
1.591,2.451,3.331,
1.105003318e-10,8.222760825e+00
3.042125130e-08,-2.512341321e-08,-1.944523571e-08,5.478993727e-07,1.243242923e-06,1.032648467e-06,1.694866935e-07,-2.779971816e-07,-1.460142083e-07,
3.887511515e-09,-1.134309451e-08,-5.588727110e-09,-2.350549504e-07,-1.078080140e-06,-2.834022535e-06,-4.087569883e-06,-3.037061539e-06,-9.211487887e-07,
1.586928078e-01
l,5.0,-4.0
1.731,2.571,3.451,
2.874416674e-10,7.780611654e+00
1.075228013e-07,-1.058075514e-07,-2.350892473e-07,1.872257423e-06,8.539709174e-06,2.167793909e-05,3.364288560e-05,2.759437119e-05,9.029373278e-06,
1.358981926e-08,-3.979463674e-08,-7.245725431e-09,-6.302950527e-07,-2.515959973e-06,-5.884300361e-06,-7.496031581e-06,-4.847015560e-06,-1.282403258e-06,
1.587857584e-01
l,5.0,-3.0
1.811,2.651,3.551,
6.111913145e-10,7.947032144e+00
3.974047900e-07,-2.741874866e-07,-6.377794484e-07,9.031249698e-06,4.236756134e-05,1.047950581e-04,1.540005504e-04,1.207127940e-04,3.831643085e-05,
5.029081038e-08,-1.476753825e-07,-3.941283186e-08,-2.611333197e-06,-1.132381910e-05,-2.847156406e-05,-3.903498206e-05,-2.727241920e-05,-7.758247632e-06,
1.587859962e-01
l,5.0,-2.0
1.871,2.751,3.651,
1.316012359e-10,1.194094462e+01
1.459092005e-06,-9.484551173e-07,-3.707762984e-06,2.765971626e-06,-4.943788856e-05,-2.625935683e-04,-4.861036683e-04,-4.078192872e-04,-1.311128736e-04,
1.859959960e-07,-5.475987649e-07,-3.227841870e-08,-7.464096858e-06,-2.686786813e-05,-5.745947738e-05,-6.683457317e-05,-3.887351577e-05,-9.316882154e-06,
1.588170162e-01
l,5.0,-1.0
1.951,2.831,3.731,
2.101970020e-10,1.245977314e+01
5.534001048e-06,-3.249196712e-06,-1.713770591e-05,4.421226191e-06,-1.526161753e-04,-8.522204951e-04,-1.624977806e-03,-1.390833467e-03,-4.538321922e-04,
7.288748940e-07,-2.150194484e-06,-3.482768787e-07,-3.110724722e-05,-1.105035048e-04,-2.255807128e-04,-2.424659246e-04,-1.220702546e-04,-2.266473203e-05,
1.587860123e-01
l,5.0,0.0
2.011,2.911,3.831,
2.145650267e-09,1.044287901e+01
2.142485937e-05,-1.206396746e-05,-6.447827974e-05,1.308479342e-04,2.589044341e-04,-6.436390655e-04,-2.081159692e-03,-2.039228771e-03,-6.987223198e-04,
2.692646935e-06,-7.962224521e-06,-1.004099121e-06,-1.184840849e-04,-4.443428240e-04,-9.595928360e-04,-1.095682521e-03,-6.022486463e-04,-1.280563226e-04,
1.588480221e-01
l,5.0,1.0
2.091,2.991,3.891,
1.660040119e-08,9.055824819e+00
8.499970863e-05,-5.044719968e-05,-2.425226545e-04,8.758263105e-04,3.516945309e-03,5.194737098e-03,3.876890447e-03,1.291504117e-03,8.152445543e-05,
1.118244305e-05,-3.311226719e-05,-1.015901218e-05,-5.710798283e-04,-2.299633845e-03,-5.307397264e-03,-6.600351736e-03,-4.083183858e-03,-1.009424328e-03,
1.587859940e-01
l,5.0,2.0
2.151,3.051,3.971,
1.535902339e-08,1.066976765e+01
3.500035964e-04,-1.906746635e-04,-1.025736700e-03,2.009796182e-03,3.059186722e-03,-1.421142395e-02,-3.968511676e-02,-3.755922800e-02,-1.264725337e-02,
4.379128233e-05,-1.299040783e-04,-1.431817592e-05,-1.924700296e-03,-7.213694039e-03,-1.559500125e-02,-1.783385951e-02,-9.823903645e-03,-2.098598638e-03,
1.588480319e-01
l,5.0,3.0
2.211,3.091,4.011,
5.436047582e-07,7.649188397e+00
1.507414039e-03,-5.517644959e-04,-3.029365331e-03,2.180680360e-02,9.394726141e-02,1.902662737e-01,2.362081897e-01,1.664046316e-01,4.957264122e-02,
1.929656502e-04,-5.730500387e-04,-1.142234402e-04,-9.191215396e-03,-3.671231584e-02,-8.661204547e-02,-1.122530613e-01,-7.383954440e-02,-1.984154641e-02,
1.588169794e-01
l,5.0,4.0
2.271,3.151,4.051,
1.848231473e-06,7.798171942e+00
6.673535798e-03,-3.585824387e-03,-1.290060032e-02,1.262009937e-01,5.752718051e-01,1.269419143e+00,1.653723828e+00,1.173336952e+00,3.440020061e-01,
8.512170328e-04,-2.532748196e-03,-5.357846709e-04,-4.326423476e-02,-1.840481915e-01,-4.581518500e-01,-6.222724711e-01,-4.288482500e-01,-1.202380738e-01,
1.588479749e-01
l,5.0,5.0
2.291,3.191,4.111,
4.049441408e-07,1.132770952e+01
3.082443960e-02,-2.086380098e-02,-8.688439257e-02,2.224495427e-01,2.372726863e-01,-1.691575262e+00,-4.323706877e+00,-3.955151218e+00,-1.302503631e+00,
3.545168250e-03,-1.060811261e-02,-7.405908676e-04,-1.555272649e-01,-5.748216654e-01,-1.236528490e+00,-1.396758651e+00,-7.620103170e-01,-1.642354461e-01,
1.587237956e-01
l,6.0,-6.0
1.991,2.831,3.731,
9.177639312e-13,8.647202011e+00
1.971365959e-09,-1.494888217e-09,-3.032198223e-09,4.287837285e-08,1.904828058e-07,4.595380701e-07,6.739658272e-07,5.315228435e-07,1.698966394e-07,
2.422980572e-10,-7.147828130e-10,-1.849735600e-10,-1.263186777e-08,-5.462268759e-08,-1.373865624e-07,-1.885112043e-07,-1.320949460e-07,-3.776944027e-08,
1.587237038e-01
l,6.0,-5.0
2.051,2.931,3.831,
8.293896466e-14,1.317177422e+01
6.962272092e-09,-4.188635583e-09,-1.835110542e-08,1.751901352e-08,-1.895859216e-07,-1.117387685e-06,-2.125712356e-06,-1.806146543e-06,-5.849214993e-07,
8.951075002e-10,-2.646842587e-09,-3.737345189e-10,-3.812423067e-08,-1.379863808e-07,-2.940273505e-07,-3.397087862e-07,-1.950402324e-07,-4.563446447e-08,
1.587857737e-01
l,6.0,-4.0
2.191,3.051,3.951,
4.262134913e-12,8.822173004e+00
2.455706039e-08,-1.442837465e-08,-3.944628585e-08,4.561094920e-07,1.885163506e-06,4.004054714e-06,5.254194372e-06,3.832891887e-06,1.159503584e-06,
3.113671575e-09,-9.231845732e-09,-2.033055041e-09,-1.563052590e-07,-6.624917839e-07,-1.652093052e-06,-2.261327823e-06,-1.580783338e-06,-4.515327594e-07,
1.588169895e-01
l,6.0,-3.0
2.251,3.151,4.051,
1.562415159e-12,1.119566602e+01
8.854294720e-08,-5.158393723e-08,-2.593738325e-07,3.055763632e-07,-7.236843930e-07,-7.755955467e-06,-1.571083162e-05,-1.332099415e-05,-4.217179147e-06,
1.148144723e-08,-3.411352358e-08,-4.744115869e-09,-4.937149358e-07,-1.765144422e-06,-3.651582628e-06,-3.998018535e-06,-2.073637750e-06,-4.063757616e-07,
1.588170091e-01
l,6.0,-2.0
2.331,3.231,4.151,
3.410105286e-12,1.130198383e+01
3.279270118e-07,-1.434712589e-07,-1.013469515e-06,1.837268970e-06,4.979337994e-06,-5.447810018e-06,-2.488088278e-05,-2.597352459e-05,-9.134999962e-06,
4.231126706e-08,-1.259662986e-07,-2.359561143e-08,-1.954211685e-06,-7.386138429e-06,-1.603867069e-05,-1.848703657e-05,-1.026354041e-05,-2.196355529e-06,
1.588170162e-01
l,6.0,-1.0
2.411,3.331,4.251,
1.226785724e-10,8.280988389e+00
1.225183041e-06,-5.095987913e-07,-3.088207802e-06,1.432320814e-05,6.565474027e-05,1.272081661e-04,1.429946606e-04,8.902025323e-05,2.340638296e-05,
1.558648663e-07,-4.649139194e-07,-8.254264215e-08,-7.320328713e-06,-2.897047766e-05,-6.789604040e-05,-8.713783306e-05,-5.638185238e-05,-1.480758854e-05,
1.588480623e-01
l,6.0,0.0
2.491,3.411,4.351,
1.897464070e-10,8.988127190e+00
4.698751127e-06,-1.485554543e-06,-9.352127648e-06,6.187126424e-05,2.530413410e-04,4.465309837e-04,4.541866003e-04,2.580075858e-04,6.288812067e-05,
5.736280282e-07,-1.714120854e-06,-2.934955883e-07,-2.823173990e-05,-1.156342062e-04,-2.761443963e-04,-3.578342060e-04,-2.336090024e-04,-6.182901073e-05,
1.588169850e-01
l,6.0,1.0
2.571,3.491,4.431,
2.700731611e-10,9.796557085e+00
1.840371988e-05,-5.846088556e-06,-3.548317334e-05,2.142476916e-04,7.509635411e-04,1.001002316e-03,6.491488365e-04,1.758645202e-04,4.176023152e-06,
2.240597618e-06,-6.704690050e-06,-8.165011808e-07,-1.055806836e-04,-4.227573493e-04,-9.905670668e-04,-1.257710450e-03,-8.021745192e-04,-2.076237978e-04,
1.588170069e-01
l,6.0,2.0
2.631,3.551,4.491,
2.202965762e-09,8.825120351e+00
7.454385923e-05,-1.951406695e-05,-1.542921702e-04,9.732725663e-04,4.326399852e-03,8.284185063e-03,9.079799776e-03,5.473608681e-03,1.394358328e-03,
9.291079285e-06,-2.783062572e-05,-7.441930699e-06,-4.825642829e-04,-1.979165291e-03,-4.707854084e-03,-6.083237063e-03,-3.955148819e-03,-1.038780405e-03,
1.588480319e-01
l,6.0,3.0
2.691,3.611,4.551,
1.403921079e-08,8.207848671e+00
3.100394097e-04,-1.004994734e-04,-8.679175768e-04,3.157611241e-03,1.679320519e-02,3.517601846e-02,4.149083896e-02,2.653121366e-02,7.080459058e-03,
3.851405724e-05,-1.154835846e-04,-2.198724922e-05,-1.853469723e-03,-7.265423518e-03,-1.664351885e-02,-2.062844238e-02,-1.271383393e-02,-3.138339983e-03,
1.588480165e-01
l,6.0,4.0
2.731,3.651,4.591,
6.965607345e-09,1.020314791e+01
1.336873975e-03,-3.581198565e-04,-4.015640440e-03,6.480302296e-03,2.545417598e-02,1.249750073e-02,-2.858553703e-02,-3.820611366e-02,-1.364467114e-02,
1.695199496e-04,-5.087242595e-04,-4.424812231e-05,-7.168356383e-03,-2.551895432e-02,-5.285414989e-02,-5.770380582e-02,-2.939494132e-02,-5.488298635e-03,
1.588479749e-01
l,6.0,5.0
2.771,3.691,4.631,
9.532193081e-08,8.954965799e+00
6.003789138e-03,-1.377090177e-03,-1.396903576e-02,7.473520598e-02,3.582456652e-01,7.138661593e-01,8.037125716e-01,4.931807024e-01,1.271590577e-01,
7.465371697e-04,-2.243619653e-03,-4.975307087e-04,-3.789453181e-02,-1.539115632e-01,-3.638386864e-01,-4.660910495e-01,-2.990800099e-01,-7.734590601e-02,
1.588480351e-01
l,6.0,6.0
2.811,3.731,4.671,
1.565963998e-07,9.841645064e+00
2.781278081e-02,-1.148883240e-02,-9.641977951e-02,1.450963763e-01,7.028746791e-01,7.958653836e-01,2.112938919e-01,-1.923332668e-01,-1.054098635e-01,
3.294762029e-03,-9.944407895e-03,-5.143320748e-04,-1.351657715e-01,-4.574304943e-01,-8.989588135e-01,-8.980847858e-01,-3.851062092e-01,-4.827032149e-02,
1.587857496e-01
l,7.0,-7.0
2.311,3.211,4.131,
7.676312522e-15,9.283776285e+00
1.243711939e-10,-8.227454474e-11,-3.656072848e-10,1.352270058e-09,5.834490964e-09,1.054908147e-08,1.147249458e-08,7.136480984e-09,1.903407856e-09,
1.493112268e-11,-4.443453067e-11,-2.690259121e-12,-6.422048622e-10,-2.439154516e-09,-5.463895751e-09,-6.564651013e-09,-3.897268258e-09,-9.285870047e-10,
1.587857756e-01
l,7.0,-6.0
2.431,3.331,4.231,
1.349990807e-15,1.215795863e+01
4.285934940e-10,-2.557912529e-10,-1.267016977e-09,1.668478132e-09,-2.247570533e-09,-3.406524611e-08,-7.112555564e-08,-6.100260584e-08,-1.944144394e-08,
5.499834644e-11,-1.639879394e-10,-2.488562687e-11,-2.409937067e-09,-8.658229416e-09,-1.799523182e-08,-1.978710348e-08,-1.032444354e-08,-2.040787548e-09,
1.587859477e-01
l,7.0,-5.0
2.551,3.431,4.351,
4.496750362e-14,9.175629647e+00
1.511783032e-09,-6.897914552e-10,-4.309266094e-09,1.803373622e-08,9.298532388e-08,2.028978539e-07,2.565894834e-07,1.769437381e-07,5.064718953e-08,
1.907646872e-10,-5.700443847e-10,-7.573653984e-11,-8.663176434e-09,-3.361616574e-08,-7.712014962e-08,-9.606882486e-08,-5.963159764e-08,-1.489575646e-08,
1.588170048e-01
l,7.0,-4.0
2.631,3.551,4.471,
7.234513196e-14,9.623154250e+00
5.319138019e-09,-2.678938025e-09,-1.537746147e-08,4.217602672e-08,1.532001745e-07,1.555701892e-07,2.764462668e-08,-4.775859448e-08,-2.289527498e-08,
6.610438493e-10,-1.979413633e-09,-1.416061529e-10,-2.887310475e-08,-1.078183587e-07,-2.335344315e-07,-2.674413681e-07,-1.467993570e-07,-3.104187923e-08,
1.588169895e-01
l,7.0,-3.0
2.731,3.651,4.571,
3.537885837e-13,8.977562370e+00
1.921472936e-08,-7.722934032e-09,-5.006677887e-08,2.151012084e-07,1.017482327e-06,1.992511387e-06,2.245952381e-06,1.396728994e-06,3.665159178e-07,
2.431031616e-09,-7.291317264e-09,-1.087949056e-09,-1.133354198e-07,-4.457675039e-07,-1.039723224e-06,-1.324914253e-06,-8.475398775e-07,-2.194052740e-07,
1.588480462e-01
l,7.0,-2.0
2.811,3.731,4.671,
5.423485858e-13,9.531200451e+00
7.079781739e-08,-1.393633178e-08,-1.482016042e-07,8.992844177e-07,4.059472482e-06,7.735641228e-06,8.364011337e-06,4.962547521e-06,1.245847640e-06,
8.934250900e-09,-2.683806450e-08,-7.187099005e-09,-4.658375182e-07,-1.908069589e-06,-4.530800072e-06,-5.841970278e-06,-3.781942164e-06,-9.870679021e-07,
1.588480534e-01
l,7.0,-1.0
2.911,3.831,4.771,
5.015235662e-13,1.057051863e+01
2.629724065e-07,-8.124078666e-08,-8.162830413e-07,1.158574558e-06,4.701286736e-06,2.179383369e-06,-5.524406486e-06,-7.212157005e-06,-2.551412057e-06,
3.281909494e-08,-9.873427008e-08,-1.717807360e-09,-1.326667628e-06,-4.638110676e-06,-9.470048066e-06,-1.010468540e-05,-4.920859522e-06,-8.401088461e-07,
1.588480623e-01
l,7.0,0.0
2.991,3.911,4.851,
3.057752487e-12,9.881736744e+00
1.002620024e-06,-2.833881163e-07,-3.524923159e-06,3.071823925e-06,2.106505015e-05,2.841763066e-05,1.492350650e-05,1.001243132e-06,-1.141132663e-06,
1.279878607e-07,-3.854862219e-07,-3.303439456e-08,-5.354979179e-06,-1.862901522e-05,-3.759940162e-05,-3.955293450e-05,-1.865683417e-05,-2.900784566e-06,
1.588480221e-01
l,7.0,1.0
3.071,3.991,4.951,
1.252566070e-11,9.616054836e+00
3.900016054e-06,-1.040256511e-06,-1.271956339e-05,2.612668176e-05,1.697686856e-04,3.662659324e-04,4.383940236e-04,2.848525718e-04,7.739469251e-05,
4.697847591e-07,-1.416899876e-06,-9.479306568e-08,-2.070349342e-05,-7.653795188e-05,-1.644174432e-04,-1.864498482e-04,-1.005989263e-04,-2.060432317e-05,
1.588480440e-01
l,7.0,2.0
3.111,4.051,5.011,
5.382929499e-12,1.139847345e+01
1.554568917e-05,-2.731105061e-06,-5.343413409e-05,3.562795385e-05,2.860952284e-04,3.552032298e-04,1.035436905e-04,-9.284575875e-05,-5.478428179e-05,
1.944925880e-06,-5.870731912e-06,-6.487622360e-07,-8.404175854e-05,-2.942982311e-04,-5.942878796e-04,-6.253209541e-04,-2.976157353e-04,-4.791402266e-05,
1.588480319e-01
l,7.0,3.0
3.171,4.131,5.091,
2.908236798e-11,1.097051636e+01
6.330609904e-05,-1.805036162e-05,-2.108719920e-04,3.069753501e-04,1.960876638e-03,3.492423248e-03,3.238296834e-03,1.581744785e-03,3.194093343e-04,
7.578881108e-06,-2.290068355e-05,-1.194569032e-06,-3.285955700e-04,-1.194545419e-03,-2.524633433e-03,-2.804204292e-03,-1.464382822e-03,-2.844579622e-04,
1.588480165e-01
l,7.0,4.0
3.231,4.171,5.131,
1.832328399e-11,1.243430015e+01
2.668219095e-04,-2.388189454e-05,-6.777532605e-04,1.467606891e-03,6.061641684e-03,5.408124082e-03,-2.033314367e-03,-5.608420381e-03,-2.345522943e-03,
3.332276112e-05,-1.007439398e-04,-1.172795648e-05,-1.488417681e-03,-5.521826244e-03,-1.208999161e-02,-1.429892902e-02,-8.277438141e-03,-1.891668777e-03,
1.588479749e-01
l,7.0,5.0
3.291,4.231,5.191,
1.303739227e-09,9.921138324e+00
1.155080972e-03,-2.128912764e-04,-2.686976135e-03,1.168262898e-02,5.692422846e-02,1.121402305e-01,1.257968609e-01,7.772584215e-02,2.030277939e-02,
1.379167210e-04,-4.173272285e-04,-2.243471454e-05,-6.238607647e-03,-2.431692127e-02,-5.604726266e-02,-6.969082469e-02,-4.294747571e-02,-1.060448584e-02,
1.588480351e-01
l,7.0,6.0
3.311,4.251,5.211,
4.524147012e-11,1.388670695e+01
5.205371883e-03,-5.873161865e-04,-1.589607681e-02,1.233188877e-02,5.390749675e-02,-5.046736335e-02,-2.534420594e-01,-2.608793905e-01,-8.887613034e-02,
6.443804358e-04,-1.951598401e-03,-2.525293965e-05,-2.619896565e-02,-9.090751679e-02,-1.857699392e-01,-2.000519224e-01,-9.936862382e-02,-1.775225120e-02,
1.588169807e-01
l,7.0,7.0
3.371,4.291,5.251,
2.294231515e-08,9.873986863e+00
2.422274090e-02,-4.846068707e-03,-6.514468578e-02,2.653207885e-01,1.481687239e+00,3.251958748e+00,3.970201009e+00,2.602727493e+00,7.076836669e-01,
2.838931653e-03,-8.626260010e-03,-1.344212533e-03,-1.395099859e-01,-5.493507876e-01,-1.262961149e+00,-1.554816320e+00,-9.446156618e-01,-2.288186491e-01,
1.587547422e-01
l,8.0,-8.0
2.691,3.611,4.531,
1.075408374e-16,9.350751863e+00
7.604816082e-12,-4.478862619e-12,-2.102268724e-11,8.413759211e-11,3.689231125e-10,6.825319334e-10,7.511244058e-10,4.683477348e-10,1.248584581e-10,
9.111169194e-13,-2.730924876e-12,-9.805524473e-14,-3.941730129e-11,-1.518360101e-10,-3.494890742e-10,-4.362623691e-10,-2.724804668e-10,-6.911186431e-11,
1.587857762e-01
l,8.0,-7.0
2.811,3.731,4.651,
1.058570610e-16,1.018949546e+01
2.600310939e-11,-1.453579867e-11,-7.466466397e-11,2.185398822e-10,7.822942939e-10,8.354007963e-10,2.537971001e-10,-1.356285535e-10,-8.071245508e-11,
3.154490020e-12,-9.473033729e-12,-4.276013638e-13,-1.365524285e-10,-5.082535924e-10,-1.101750210e-09,-1.261421982e-09,-6.931459676e-10,-1.474417604e-10,
1.588170067e-01
l,8.0,-6.0
2.911,3.831,4.751,
4.040193596e-16,9.736871740e+00
9.080088764e-11,-3.192390054e-11,-2.353421537e-10,1.013145395e-09,4.822034379e-09,9.391455094e-09,1.046797501e-08,6.431681834e-09,1.670085606e-09,
1.158874992e-11,-3.485382919e-11,-6.576614953e-12,-5.558914485e-10,-2.193994353e-09,-5.120895374e-09,-6.534883207e-09,-4.186888285e-09,-1.084645676e-09,
1.588169606e-01
l,8.0,-5.0
3.011,3.931,4.871,
1.337178903e-16,1.155978803e+01
3.185066100e-10,-7.183298034e-11,-8.450540233e-10,2.203566831e-09,8.275097525e-09,7.294634410e-09,-1.928161705e-09,-6.159593938e-09,-2.523605375e-09,
4.007486199e-11,-1.207352450e-10,-1.265657267e-11,-1.781304745e-09,-6.614997166e-09,-1.435820484e-08,-1.666974691e-08,-9.377136136e-09,-2.062440069e-09,
1.588480420e-01
l,8.0,-4.0
3.111,4.051,4.991,
4.470263796e-15,9.251182480e+00
1.127441029e-09,-2.834451271e-10,-2.501713753e-09,1.353070230e-08,6.121965454e-08,1.155634538e-07,1.242778888e-07,7.386565251e-08,1.869723468e-08,
1.384707897e-10,-4.178603454e-10,-7.137973241e-11,-6.887727748e-09,-2.791021271e-08,-6.603006928e-08,-8.462864940e-08,-5.431154443e-08,-1.405504616e-08,
1.588480266e-01
l,8.0,-3.0
3.211,4.151,5.091,
9.681831879e-17,1.339455282e+01
4.057603142e-09,-1.087514799e-09,-1.266756133e-08,1.529122388e-08,6.163324610e-08,1.188996074e-09,-1.429199759e-07,-1.625803229e-07,-5.688506374e-08,
5.079753273e-10,-1.534905477e-09,-3.338149453e-11,-2.090376388e-08,-7.376700763e-08,-1.523302340e-07,-1.651321476e-07,-8.244925616e-08,-1.472367196e-08,
1.588480462e-01
l,8.0,-2.0
3.331,4.251,5.191,
1.652390138e-14,9.860693675e+00
1.486095957e-08,-3.802741693e-09,-4.335401933e-08,1.375495958e-07,8.122665302e-07,1.812231544e-06,2.253004185e-06,1.504161352e-06,4.155552296e-07,
1.862770880e-09,-5.635623639e-09,-9.055253234e-10,-8.895459129e-08,-3.446228981e-07,-7.815973402e-07,-9.564751839e-07,-5.764242102e-07,-1.376247255e-07,
1.588480534e-01
l,8.0,-1.0
3.411,4.331,5.291,
3.491671001e-14,1.011709920e+01
5.545766868e-08,-6.113024495e-09,-1.400324934e-07,5.495623133e-07,3.056275621e-06,6.600057275e-06,7.920281268e-06,5.114381153e-06,1.373671163e-06,
6.828338922e-09,-2.068330573e-08,-2.804370020e-09,-3.290252756e-07,-1.306933658e-06,-3.033690869e-06,-3.793631625e-06,-2.345553854e-06,-5.771604944e-07,
1.588480623e-01
l,8.0,0.0
3.471,4.411,5.371,
6.931766153e-14,1.045024598e+01
2.101827050e-07,-5.872098993e-09,-5.024799299e-07,1.722730656e-06,8.887429319e-06,1.675366737e-05,1.726788426e-05,9.656345689e-06,2.290206586e-06,
2.658598398e-08,-8.060483023e-08,-1.409138547e-08,-1.283433230e-06,-5.019962586e-06,-1.151165506e-05,-1.429751947e-05,-8.784070212e-06,-2.146095367e-06,
1.588480221e-01
l,8.0,1.0
3.551,4.511,5.471,
3.382939233e-15,1.372538161e+01
8.081335068e-07,-1.868649001e-07,-2.706157436e-06,1.386279411e-06,8.829478246e-06,-1.675932402e-06,-2.599264280e-05,-2.846338547e-05,-9.779114516e-06,
9.739409747e-08,-2.956161857e-07,8.006844550e-09,-3.887346375e-06,-1.328389128e-05,-2.650157885e-05,-2.728332413e-05,-1.237121698e-05,-1.782432618e-06,
1.588480440e-01
l,8.0,2.0
3.611,4.571,5.551,
1.364918616e-14,1.350632734e+01
3.193594011e-06,-3.214446473e-07,-1.054987830e-05,-9.668391730e-07,6.822613658e-06,-6.567050255e-05,-1.698273275e-04,-1.514149922e-04,-4.762775327e-05,
3.790160781e-07,-1.151410273e-06,2.684328986e-07,-1.253673473e-05,-4.106572840e-05,-8.307619673e-05,-8.829070593e-05,-4.194095821e-05,-6.800989852e-06,
1.588480319e-01
l,8.0,3.0
3.671,4.631,5.611,
3.588522098e-13,1.188595244e+01
1.288473959e-05,-5.964070731e-07,-4.579757572e-05,-2.996245961e-05,-6.623593732e-06,-1.847714735e-04,-4.202131997e-04,-3.494297674e-04,-1.033987606e-04,
1.567108612e-06,-4.763733737e-06,7.976510407e-07,-5.451097253e-05,-1.814591199e-04,-3.702717190e-04,-4.000195374e-04,-1.961266680e-04,-3.368115933e-05,
1.588480165e-01
l,8.0,4.0
3.731,4.691,5.671,
1.806889204e-11,9.848412463e+00
5.321438948e-05,-2.395270842e-06,-1.807033491e-04,4.953754722e-05,1.062319177e-03,2.338455424e-03,2.750675575e-03,1.779449836e-03,4.866603231e-04,
6.478770701e-06,-1.970664976e-05,3.017381308e-06,-2.281240914e-04,-7.616424537e-04,-1.556879625e-03,-1.687501754e-03,-8.331885769e-04,-1.450652953e-04,
1.588479749e-01
l,8.0,5.0
3.811,4.751,5.731,
1.424680767e-11,1.101336912e+01
2.253698040e-04,-2.204606642e-05,-6.722874615e-04,1.425005258e-03,9.998630001e-03,2.264661143e-02,2.762650128e-02,1.783382080e-02,4.736807847e-03,
2.678212767e-05,-8.151527134e-05,1.635283446e-05,-9.126828567e-04,-3.011591986e-03,-6.118480181e-03,-6.552658023e-03,-3.164504368e-03,-5.305850431e-04,
1.588480351e-01
l,8.0,6.0
3.831,4.791,5.771,
1.037781638e-12,1.396970388e+01
9.824502049e-04,-7.272536739e-05,-3.044081210e-03,1.680558911e-03,1.177190595e-02,2.748646223e-03,-2.384024062e-02,-2.881292212e-02,-1.020441550e-02,
1.176608695e-04,-3.582976006e-04,6.765437122e-05,-4.046879214e-03,-1.338938255e-02,-2.723493511e-02,-2.922981643e-02,-1.415224715e-02,-2.375995286e-03,
1.588480178e-01
l,8.0,7.0
3.891,4.831,5.791,
2.306803367e-10,1.098035162e+01
4.434624221e-03,-3.359262770e-04,-1.111229767e-02,4.098892883e-02,2.353869690e-01,5.136413368e-01,6.171708834e-01,3.961626009e-01,1.052033403e-01,
5.494501197e-04,-1.674328388e-03,-2.812519713e-04,-2.711392795e-02,-1.072959369e-01,-2.481144060e-01,-3.093906113e-01,-1.904107921e-01,-4.648212919e-02,
1.588169983e-01
l,8.0,8.0
3.911,4.871,5.831,
1.238523928e-11,1.418805660e+01
2.057008073e-02,-4.977980613e-03,-7.031787087e-02,5.223299913e-02,3.585008682e-01,3.357097261e-01,-1.305500815e-01,-3.532936698e-01,-1.459010277e-01,
2.417848262e-03,-7.386395201e-03,-2.667809387e-04,-1.031935209e-01,-3.588279638e-01,-7.265717043e-01,-7.599704269e-01,-3.557467944e-01,-5.558932326e-02,
1.587857836e-01
l,9.0,-9.0
3.071,3.991,4.931,
5.706177887e-19,1.040398593e+01
4.625351751e-13,-2.030850275e-13,-1.605817284e-12,2.755630405e-12,1.521904534e-11,2.609395562e-11,2.480242014e-11,1.339950985e-11,3.221980835e-12,
5.516434287e-14,-1.663337705e-13,6.313880730e-15,-2.169771556e-12,-7.530899758e-12,-1.541714506e-11,-1.643631607e-11,-7.990897013e-12,-1.369331539e-12,
1.587860028e-01
l,9.0,-8.0
3.191,4.111,5.051,
1.618512559e-19,1.221735493e+01
1.571199009e-12,-4.986033359e-13,-4.248965361e-12,1.106474144e-11,3.871784060e-11,2.762114769e-11,-2.169947524e-11,-3.859907178e-11,-1.459968593e-11,
1.905912535e-13,-5.755967724e-13,-6.402825890e-15,-7.994926445e-12,-2.910436527e-11,-6.237873730e-11,-7.101350482e-11,-3.878829091e-11,-8.227656003e-12,
1.588170073e-01
l,9.0,-7.0
3.311,4.231,5.171,
1.434365549e-18,1.107464274e+01
5.393286078e-12,-1.352528958e-12,-1.190122163e-11,6.477525325e-11,2.883322642e-10,5.328398297e-10,5.586052669e-10,3.230611776e-10,7.955425048e-11,
6.581158623e-13,-1.990572181e-12,-3.423062054e-13,-3.286107897e-11,-1.328116113e-10,-3.135103936e-10,-4.007406631e-10,-2.564245794e-10,-6.619124131e-11,
1.588480438e-01
l,9.0,-6.0
3.431,4.351,5.291,
5.233642987e-18,1.073615103e+01
1.866399917e-11,-6.504251768e-12,-6.178465839e-11,1.308968823e-10,8.110700009e-10,1.721054951e-09,2.054986845e-09,1.343079565e-09,3.681819750e-10,
2.270820554e-12,-6.878404237e-12,-6.905771880e-14,-9.560512653e-11,-3.470404732e-10,-7.440620761e-10,-8.463849164e-10,-4.571992242e-10,-9.371594448e-11,
1.588479977e-01
l,9.0,-5.0
3.511,4.451,5.391,
2.870016213e-18,1.196098200e+01
6.569621236e-11,-9.159446004e-12,-1.435366858e-10,6.669782997e-10,2.878981189e-09,4.708346303e-09,4.069961353e-09,1.831440993e-09,3.341890170e-10,
8.321150513e-12,-2.523426287e-11,-5.600263183e-12,-4.244037149e-10,-1.705434074e-09,-3.987140192e-09,-5.052574489e-09,-3.192540365e-09,-8.091528894e-10,
1.588480420e-01
l,9.0,-4.0
3.611,4.551,5.511,
2.603844229e-18,1.276038588e+01
2.336437988e-10,-3.959680464e-11,-8.173843059e-10,5.115973152e-10,4.515364705e-09,6.216468803e-09,2.953296996e-09,-3.448879483e-10,-5.148588436e-10,
2.868541565e-11,-8.710567482e-11,-6.906003536e-13,-1.183716114e-09,-4.115097514e-09,-8.318106193e-09,-8.705881009e-09,-4.054094834e-09,-6.159761844e-10,
1.588480266e-01
l,9.0,-3.0
3.731,4.651,5.611,
8.228774591e-17,1.084576581e+01
8.435939725e-10,-5.581252931e-11,-2.201250090e-09,7.731407704e-09,4.547710450e-08,1.001688099e-07,1.214596334e-07,7.884676336e-08,2.123112104e-08,
1.050364241e-10,-3.192916062e-10,-4.750123657e-11,-5.123370946e-09,-2.031327167e-08,-4.701494141e-08,-5.859918377e-08,-3.600200481e-08,-8.765522117e-09,
1.588480462e-01
l,9.0,-2.0
3.811,4.751,5.711,
9.479186368e-19,1.496031331e+01
3.080534050e-09,-2.681911909e-10,-9.563208983e-09,5.195573413e-09,3.015117745e-08,-2.030653017e-08,-1.259691687e-07,-1.330202156e-07,-4.577348741e-08,
3.844861578e-10,-1.169967773e-09,-2.560825580e-11,-1.594637830e-08,-5.577329707e-08,-1.147843401e-07,-1.247994859e-07,-6.272106249e-08,-1.133483121e-08,
1.588480534e-01
l,9.0,-1.0
3.891,4.851,5.811,
5.725241550e-16,1.096833122e+01
1.144653972e-08,-1.715006027e-09,-3.605499205e-08,6.729169205e-08,4.696600298e-07,1.007565953e-06,1.158593620e-06,7.088528513e-07,1.798934344e-07,
1.406981280e-09,-4.285597261e-09,-4.732907932e-10,-6.609858946e-08,-2.525368175e-07,-5.614462498e-07,-6.652935348e-07,-3.808883870e-07,-8.437718078e-08,
1.588480623e-01
l,9.0,0.0
3.991,4.931,5.891,
9.532096047e-16,1.139306403e+01
4.328379077e-08,-2.326252052e-09,-1.185513188e-07,3.494115013e-07,2.230217230e-06,5.029320210e-06,6.132168869e-06,3.952084028e-06,1.047388177e-06,
5.470748348e-09,-1.667642110e-08,-3.625203131e-09,-2.780083448e-07,-1.101854599e-06,-2.533387777e-06,-3.136075343e-06,-1.908937808e-06,-4.578624986e-07,
1.588480221e-01
l,9.0,1.0
4.051,5.011,5.991,
9.728917969e-15,1.054337803e+01
1.663171929e-07,-8.289075549e-09,-5.684218875e-07,1.635531267e-07,3.450836534e-06,7.677753686e-06,9.060784605e-06,5.838773973e-06,1.585073105e-06,
2.000899953e-08,-6.104990505e-08,1.349295682e-08,-6.755354746e-07,-2.226075045e-06,-4.524548462e-06,-4.841179388e-06,-2.312259504e-06,-3.733945564e-07,
1.588480565e-01
l,9.0,2.0
4.111,5.091,6.071,
2.172550619e-15,1.243647039e+01
6.502631891e-07,-4.376822660e-08,-2.064884121e-06,1.532427682e-06,1.410698570e-05,2.488457891e-05,2.190891051e-05,1.007382053e-05,1.934079985e-06,
7.776903955e-08,-2.374539226e-07,5.347060905e-08,-2.622281445e-06,-8.636023347e-06,-1.756183944e-05,-1.880378224e-05,-8.999696508e-06,-1.462489774e-06,
1.588480723e-01
l,9.0,3.0
4.191,5.151,6.131,
1.232476537e-13,1.044749600e+01
2.596299055e-06,1.253626016e-08,-8.611832880e-06,3.841215366e-06,6.417439680e-05,1.510713589e-04,1.859802788e-04,1.219639807e-04,3.311285919e-05,
3.212548273e-07,-9.814125586e-07,1.222323196e-07,-1.166762282e-05,-3.931847986e-05,-8.092570360e-05,-8.868016651e-05,-4.445774890e-05,-7.884892474e-06,
1.588480165e-01
l,9.0,4.0
4.231,5.211,6.211,
1.391023546e-14,1.282634148e+01
1.057049030e-05,2.398150956e-07,-3.540551514e-05,7.067198426e-07,1.555775857e-04,2.825553398e-04,2.357674944e-04,9.735199080e-05,1.576180641e-05,
1.248247047e-06,-3.815939516e-06,9.495408463e-07,-4.080479153e-05,-1.304388660e-04,-2.577315847e-04,-2.649735615e-04,-1.168928146e-04,-1.546000045e-05,
1.588479749e-01
l,9.0,5.0
4.291,5.271,6.251,
6.736805734e-14,1.261227067e+01
4.400339094e-05,5.465679389e-07,-1.386989369e-04,6.775461776e-05,8.696188084e-04,1.613966210e-03,1.482399906e-03,7.125662356e-04,1.435488328e-04,
5.479350238e-06,-1.675630586e-05,1.463207534e-06,-2.045647643e-04,-6.945927127e-04,-1.436107680e-03,-1.586856836e-03,-8.090795354e-04,-1.480695342e-04,
1.588169979e-01
l,9.0,6.0
4.351,5.331,6.311,
2.176320063e-13,1.270718886e+01
1.877142058e-04,-1.064573126e-05,-5.857518314e-04,4.237792924e-04,4.007174563e-03,7.178629212e-03,6.448880154e-03,3.041376914e-03,6.018526653e-04,
2.263298606e-05,-6.924920692e-05,1.049438269e-05,-8.092503113e-04,-2.706439905e-03,-5.549173940e-03,-6.036903789e-03,-2.994014201e-03,-5.238079213e-04,
1.588480178e-01
l,9.0,7.0
4.391,5.371,6.351,
6.679460994e-13,1.286619729e+01
8.245158824e-04,-4.232099847e-05,-2.598115402e-03,1.699667364e-03,1.715194576e-02,3.074965544e-02,2.748115651e-02,1.285111908e-02,2.515187944e-03,
9.936700569e-05,-3.041525402e-04,5.213651658e-05,-3.506857152e-03,-1.168691963e-02,-2.392516646e-02,-2.593948386e-02,-1.274638335e-02,-2.183449509e-03,
1.588480354e-01
l,9.0,8.0
4.431,5.391,6.371,
1.194302164e-13,1.496429177e+01
3.723843023e-03,1.262378944e-04,-1.259432331e-02,-7.522978503e-03,-3.366261635e-04,-6.434288706e-02,-1.587630621e-01,-1.411460763e-01,-4.443587723e-02,
4.638248838e-04,-1.420488391e-03,1.563762828e-04,-1.709518885e-02,-5.775891192e-02,-1.190696289e-01,-1.307733181e-01,-6.566954458e-02,-1.162661339e-02,
1.588170147e-01
l,9.0,9.0
4.451,5.431,6.411,
7.238125734e-12,1.317548791e+01
1.735237055e-02,-1.156615740e-03,-5.580220712e-02,4.232555097e-02,3.942973432e-01,7.085917131e-01,6.368486963e-01,2.994188228e-01,5.886897804e-02,
2.038825696e-03,-6.256141833e-03,1.216922617e-03,-7.098708123e-02,-2.329420107e-01,-4.709652404e-01,-4.986146432e-01,-2.339043719e-01,-3.646142895e-02,
1.587857795e-01
