l,0.0,-0.0
0.071,0.671,1.271,
1.804056008e-01,1.503729717e+00
8.899559267e-03,-1.912952030e-02,5.089414929e-02,7.195110573e-01,6.088620456e+00,2.772428955e+01,6.630101186e+01,8.180145192e+01,4.068950212e+01,
1.855822690e-03,-5.462087079e-03,-8.410210998e-03,-2.338756771e-01,-1.504782191e+00,-5.341667199e+00,-1.052711993e+01,-1.085224171e+01,-4.567190478e+00,
1.586928066e-01
l,1.0,-1.0
0.211,0.931,1.651,
1.880771244e+01,7.297816809e+00
9.296415956e-04,-1.742946085e-03,-6.372611534e-05,-8.278059070e-02,-8.665821572e-01,-3.634553008e+00,-7.721475553e+00,-8.074540407e+00,-3.287389570e+00,
1.334860053e-04,-4.127634147e-04,-2.521686739e-04,-1.084040882e-02,-6.010866642e-02,-1.925087536e-01,-3.439702878e-01,-3.219626633e-01,-1.230502601e-01,
1.583532182e-01
l,1.0,0.0
0.251,0.811,1.371,
1.087622381e-01,3.377347768e+00
5.764922127e-03,-9.897714042e-03,1.505421295e-02,3.464240513e-01,1.982574008e+00,8.430978569e+00,1.879255878e+01,1.964578315e+01,7.743684447e+00,
1.381946416e-03,-4.132060111e-03,-7.785571664e-03,-2.063795282e-01,-1.411555065e+00,-5.328580864e+00,-1.122695010e+01,-1.239925753e+01,-5.611438575e+00,
1.589893021e-01
l,1.0,1.0
0.291,0.931,1.571,
9.314072486e-01,4.081117320e+00
2.063548937e-02,-4.993282218e-02,7.649242420e-02,4.584853198e-01,1.229730310e+00,7.215500777e-01,-1.458800843e+01,-3.499013427e+01,-2.213101699e+01,
3.325502506e-03,-1.033855628e-02,-1.450799125e-02,-4.314340776e-01,-2.654603590e+00,-9.034356333e+00,-1.688774126e+01,-1.643251498e+01,-6.513652749e+00,
1.583222649e-01
l,2.0,-2.0
0.471,1.151,1.891,
1.166379902e-03,4.748452858e+00
1.092894017e-04,-2.297079891e-04,4.051674623e-04,1.106597798e-02,8.267346477e-02,3.191537832e-01,6.303291891e-01,6.149861580e-01,2.364983854e-01,
1.434826184e-05,-4.544593512e-05,-9.509707013e-06,-8.049657761e-04,-3.178037458e-03,-6.828105136e-03,-6.901721368e-03,-2.365950531e-03,2.665155309e-04,
1.583222734e-01
l,2.0,-1.0
0.511,1.151,1.831,
1.702841892e-03,4.192444596e+00
4.640390980e-04,-7.504379271e-04,5.841144454e-04,2.191523445e-02,1.243407453e-01,5.082528785e-01,1.131262917e+00,1.219554297e+00,5.070610618e-01,
7.631550581e-05,-2.404557866e-04,-3.097503091e-04,-9.349499213e-03,-5.579973866e-02,-1.826333679e-01,-3.267829210e-01,-3.017373216e-01,-1.131505592e-01,
1.588170348e-01
l,2.0,0.0
0.531,1.251,1.971,
3.918594669e-01,1.125014687e+01
1.581326011e-03,-2.723531536e-03,1.036392404e-03,-5.818878967e-02,-7.771657758e-01,-3.152270678e+00,-6.376152462e+00,-6.493555163e+00,-2.625594260e+00,
2.142217092e-04,-6.836182010e-04,-7.130821125e-04,-2.477125891e-02,-1.497667849e-01,-5.041099516e-01,-9.273306413e-01,-8.799940418e-01,-3.374789074e-01,
1.583531870e-01
l,2.0,1.0
0.571,1.191,1.831,
2.743739861e-02,5.153268408e+00
8.326609619e-03,-1.363059694e-02,-1.377771180e-03,2.533200020e-01,5.513265046e-01,1.344319221e+00,3.323856233e+00,3.803073667e+00,1.487544322e+00,
1.475943340e-03,-4.676659237e-03,-5.855104710e-03,-1.844039464e-01,-1.130852951e+00,-3.832252962e+00,-7.145394076e+00,-6.919455005e+00,-2.740457686e+00,
1.589101334e-01
l,2.0,2.0
0.591,1.271,1.951,
1.372840039e-01,5.440319539e+00
3.368473053e-02,-8.163887333e-02,7.905508650e-02,8.608786307e-01,3.632304404e+00,1.987838408e+01,4.725708836e+01,4.748444299e+01,1.720432202e+01,
4.450426798e-03,-1.440467793e-02,-1.523026618e-02,-5.256129113e-01,-3.020685735e+00,-9.656392192e+00,-1.685385822e+01,-1.531802282e+01,-5.696640110e+00,
1.582911361e-01
l,3.0,-3.0
0.691,1.391,2.131,
2.240655334e-05,5.416388433e+00
1.196725043e-05,-2.461024887e-05,-9.716147949e-06,4.444515492e-04,3.260196511e-03,1.322892110e-02,2.651526092e-02,2.531304135e-02,9.311600249e-03,
1.519258665e-06,-4.902259911e-06,-1.792491982e-07,-7.843755202e-05,-2.898528452e-04,-5.729602179e-04,-4.632454683e-04,-2.183673494e-07,1.217952779e-04,
1.584150851e-01
l,3.0,-2.0
0.731,1.431,2.131,
7.272533069e-05,7.398710419e+00
4.376947982e-05,-5.756455599e-05,-4.999388419e-05,-7.781861035e-04,-1.357546197e-02,-5.529334621e-02,-1.049003473e-01,-9.871276544e-02,-3.713936634e-02,
6.679031967e-06,-2.155190745e-05,-2.122834336e-05,-7.540365032e-04,-4.568176327e-03,-1.554975589e-02,-2.909986863e-02,-2.809978036e-02,-1.098778877e-02,
1.587860176e-01
l,3.0,-1.0
0.871,1.531,2.271,
9.737582056e-05,7.179168255e+00
1.425163937e-04,-2.504214067e-04,-1.398112453e-04,8.571945790e-03,6.390432773e-02,2.557961146e-01,5.351117002e-01,5.496167901e-01,2.198507853e-01,
1.857904381e-05,-6.049053161e-05,-5.931584504e-06,-1.059291388e-03,-4.206795375e-03,-9.209221307e-03,-9.528366384e-03,-3.379244044e-03,2.792720548e-04,
1.585388609e-01
l,3.0,0.0
0.851,1.551,2.271,
4.487027845e-04,1.001885950e+01
5.569747882e-04,-6.247646305e-04,1.926964239e-03,3.546943137e-02,1.030298354e-01,1.132251847e-01,-4.210061525e-02,-2.081315814e-01,-1.314622712e-01,
8.162713608e-05,-2.658182235e-04,-1.787133469e-04,-7.543955036e-03,-4.134926712e-02,-1.301606131e-01,-2.275863900e-01,-2.073232205e-01,-7.756574700e-02,
1.587857725e-01
l,3.0,1.0
0.951,1.611,2.351,
7.508007867e-04,7.658911819e+00
2.118366072e-03,-3.325024450e-03,5.747311770e-03,2.017783325e-01,1.245067102e+00,4.390121363e+00,8.560860030e+00,8.455780134e+00,3.303336914e+00,
2.753022183e-04,-9.011665700e-04,-4.151017672e-04,-2.161202586e-02,-1.038651619e-01,-2.847941925e-01,-4.242809934e-01,-3.252743217e-01,-1.029801132e-01,
1.584460267e-01
l,3.0,2.0
0.911,1.591,2.271,
3.101965547e-03,6.306834519e+00
1.029484998e-02,-1.550384473e-02,-1.359784191e-02,2.410047330e-01,1.837501070e-01,-9.554827200e-01,-1.955218117e+00,-1.414003628e+00,-3.721212291e-01,
1.577321778e-03,-5.160708347e-03,-5.529751850e-03,-1.882944096e-01,-1.086114921e+00,-3.467022403e+00,-6.053888302e+00,-5.468847877e+00,-2.021895468e+00,
1.588480641e-01
l,3.0,3.0
0.931,1.631,2.331,
2.603305193e-02,1.356205015e+01
4.673459008e-02,-9.406908681e-02,3.420137129e-02,-1.120429653e+00,-2.084140717e+01,-8.561401569e+01,-1.679130950e+02,-1.661237199e+02,-6.617916878e+01,
5.730402287e-03,-1.905016569e-02,-8.602560319e-03,-4.918194277e-01,-2.632063681e+00,-8.525751378e+00,-1.556481102e+01,-1.508232415e+01,-6.048501630e+00,
1.582602363e-01
l,4.0,-4.0
0.951,1.631,2.371,
4.259712883e-07,6.850254680e+00
1.257785016e-06,-2.374037111e-06,-4.379403494e-06,1.728385995e-05,1.771079590e-04,9.624943412e-04,2.358280992e-03,2.619539175e-03,1.091855582e-03,
1.588627383e-07,-5.201531371e-07,-2.034530917e-08,-8.639764419e-06,-3.312100804e-05,-7.095264137e-05,-7.134124314e-05,-2.325142084e-05,3.346083663e-06,
1.585388396e-01
l,4.0,-3.0
1.051,1.711,2.431,
5.908069037e-07,8.381717819e+00
4.077428002e-06,-6.483408840e-06,-9.853501774e-06,1.977626757e-04,1.443353456e-03,5.657584505e-03,1.184300635e-02,1.225132353e-02,4.938094966e-03,
5.731951293e-07,-1.882741651e-06,1.116136121e-07,-2.634790790e-05,-7.701440785e-05,-7.874318819e-05,1.171659009e-04,3.111387212e-04,1.745121490e-04,
1.587857897e-01
l,4.0,-2.0
1.091,1.811,2.531,
8.338661381e-07,1.150694057e+01
1.283488018e-05,-1.441027907e-05,2.862000853e-05,4.264470550e-04,-2.582386796e-04,-5.734779865e-03,-1.462565833e-02,-1.585911944e-02,-6.508486889e-03,
1.807253056e-06,-5.965574667e-06,-5.524865621e-06,-2.065468670e-04,-1.220258827e-03,-4.048845318e-03,-7.368025551e-03,-6.917868845e-03,-2.636641610e-03,
1.586627150e-01
l,4.0,-1.0
1.191,1.871,2.611,
2.473767219e-06,7.218825236e+00
4.419782999e-05,-4.290339226e-05,1.656101674e-04,3.852071223e-03,1.803403874e-02,4.900112646e-02,8.038715857e-02,7.141221439e-02,2.607105516e-02,
6.088675667e-06,-2.017209072e-05,-1.373172364e-05,-5.916331506e-04,-3.211931347e-03,-9.910680419e-03,-1.683939908e-02,-1.481606024e-02,-5.341260717e-03,
1.587860219e-01
l,4.0,0.0
1.231,1.951,2.691,
7.756563074e-06,6.320922395e+00
1.532832975e-04,-1.651619888e-04,3.373656239e-04,7.811226302e-03,2.400087380e-02,4.202250611e-02,5.340658353e-02,4.466630760e-02,1.686990244e-02,
2.046229397e-05,-6.802811218e-05,-4.849979562e-05,-2.040315704e-03,-1.120966836e-02,-3.521977193e-02,-6.107254852e-02,-5.489230132e-02,-2.016526193e-02,
1.586626882e-01
l,4.0,1.0
1.271,1.991,2.731,
2.205424105e-05,6.808175724e+00
5.905498983e-04,-8.266468462e-04,-2.528362370e-03,7.523526634e-03,3.963050362e-02,1.299557855e-01,2.701818311e-01,2.800702444e-01,1.106851670e-01,
7.863405136e-05,-2.618903398e-04,-4.215162471e-05,-5.052417130e-03,-2.133418193e-02,-5.059963621e-02,-6.065153156e-02,-3.170646635e-02,-4.784613690e-03,
1.587857908e-01
l,4.0,2.0
1.311,2.011,2.771,
6.439386806e-05,7.575812585e+00
2.440730110e-03,-2.946970608e-03,5.426667977e-03,1.764444037e-01,8.347804604e-01,2.335050019e+00,3.946098053e+00,3.571896530e+00,1.314638683e+00,
3.015243271e-04,-1.006381937e-03,-3.454320644e-04,-2.307992179e-02,-1.103889669e-01,-3.100839702e-01,-4.825525778e-01,-3.924842044e-01,-1.333677890e-01,
1.585388531e-01
l,4.0,3.0
1.271,1.971,2.691,
2.729835927e-04,8.092375882e+00
1.223350037e-02,-1.421722688e-02,-8.359480924e-02,-4.498492587e-01,-3.795519589e+00,-1.387556619e+01,-2.470840085e+01,-2.177514846e+01,-7.645403166e+00,
1.734976961e-03,-5.793758678e-03,-3.422175069e-03,-1.561841467e-01,-7.982318658e-01,-2.343558198e+00,-3.781094878e+00,-3.139618683e+00,-1.070350545e+00,
1.588170557e-01
l,4.0,4.0
1.311,2.011,2.751,
1.293462358e-03,8.295055357e+00
5.775054917e-02,-1.038485385e-01,2.243592444e-01,4.323600159e+00,1.766998865e+01,5.018184589e+01,9.208256882e+01,8.983699024e+01,3.489069071e+01,
6.275307254e-03,-2.124661735e-02,-1.073758556e-02,-5.916181536e-01,-3.129881370e+00,-9.608477803e+00,-1.617562061e+01,-1.425005888e+01,-5.194773145e+00,
1.582911142e-01
l,5.0,-5.0
1.151,1.871,2.611,
5.892791133e-09,9.028502552e+00
1.268075067e-07,-1.976055256e-07,-8.250616182e-07,-4.783967105e-06,-3.586612802e-05,-1.154803105e-04,-1.865475344e-04,-1.536546856e-04,-5.172621799e-05,
1.643507603e-08,-5.444934924e-08,-1.167051031e-08,-1.074553380e-06,-4.675032233e-06,-1.192351993e-05,-1.643932545e-05,-1.139616190e-05,-3.205697733e-06,
1.586007909e-01
l,5.0,-4.0
1.271,1.991,2.711,
2.540019121e-09,1.353293117e+01
3.735912912e-07,-4.203843586e-07,3.778012733e-07,8.375458847e-06,-2.882626133e-05,-2.325519515e-04,-5.373791341e-04,-5.592343302e-04,-2.237749008e-04,
5.177801488e-08,-1.722718874e-07,-1.300416916e-07,-5.631886821e-06,-3.317209421e-05,-1.101367092e-04,-2.002742422e-04,-1.876903601e-04,-7.142438343e-05,
1.587857825e-01
l,5.0,-3.0
1.351,2.091,2.831,
9.252459672e-09,9.838638028e+00
1.145117039e-06,-1.562518089e-06,-7.838313400e-06,-2.400368304e-05,-1.649716410e-04,-5.405838593e-04,-8.679599242e-04,-7.020973701e-04,-2.316871640e-04,
1.521939207e-07,-5.087478334e-07,-9.491941974e-09,-8.783697805e-06,-3.491048905e-05,-7.786513569e-05,-8.357071516e-05,-3.185460198e-05,1.162477106e-06,
1.587857897e-01
l,5.0,-2.0
1.491,2.171,2.911,
2.249124885e-08,8.647073932e+00
3.685234105e-06,-4.102403627e-06,-1.237543275e-05,1.409150249e-04,9.627300459e-04,3.379891525e-03,6.662139937e-03,6.710023755e-03,2.674779088e-03,
5.107790679e-07,-1.712371951e-06,-4.967982852e-07,-3.655826806e-05,-1.623831100e-04,-4.064928150e-04,-5.316945373e-04,-3.278293934e-04,-7.418421905e-05,
1.588170305e-01
l,5.0,-1.0
1.551,2.251,3.011,
5.761798532e-08,8.377292401e+00
1.220876038e-05,-1.167034062e-05,-6.737531590e-06,7.363645635e-04,4.031569622e-03,1.170909942e-02,1.963869891e-02,1.741714583e-02,6.273338928e-03,
1.600891691e-06,-5.385220586e-06,-1.572043202e-06,-1.176357394e-04,-5.330810368e-04,-1.387812656e-03,-1.950333381e-03,-1.379247906e-03,-3.990582926e-04,
1.587858037e-01
l,5.0,0.0
1.571,2.311,3.071,
2.397393509e-07,7.416866553e+00
4.298542990e-05,-4.267946385e-05,-2.114000992e-04,4.960504623e-04,3.021344422e-03,8.128411787e-03,1.398599277e-02,1.310841625e-02,4.926553072e-03,
5.737000107e-06,-1.933603117e-05,-7.642984979e-06,-4.456542163e-04,-2.013561286e-03,-5.089162079e-03,-6.750195792e-03,-4.291506137e-03,-1.033239464e-03,
1.587857725e-01
l,5.0,1.0
1.611,2.371,3.131,
6.670175727e-07,7.602120059e+00
1.574938942e-04,-1.692623455e-04,-1.021022800e-03,-2.965085722e-03,-1.945422011e-02,-6.302977257e-02,-9.721864910e-02,-7.268895171e-02,-2.134146120e-02,
2.054386240e-05,-6.937163878e-05,-3.124939842e-05,-1.693256328e-03,-8.054982636e-03,-2.172556466e-02,-3.143510672e-02,-2.272654451e-02,-6.586317586e-03,
1.587238196e-01
l,5.0,2.0
1.651,2.391,3.171,
1.924168773e-06,7.976843686e+00
6.312727928e-04,-5.950071329e-04,-1.510859567e-03,2.477643512e-02,1.362922438e-01,3.782403365e-01,6.060611813e-01,5.141298260e-01,1.770178569e-01,
7.873783901e-05,-2.662292876e-04,-8.847919168e-06,-4.581970496e-03,-1.767644182e-02,-3.897257680e-02,-4.319087382e-02,-2.010564845e-02,-2.469470382e-03,
1.587547709e-01
l,5.0,3.0
1.651,2.411,3.191,
4.958905292e-06,8.923053046e+00
2.683833009e-03,-2.337413042e-03,2.842880275e-03,1.342282292e-01,4.654814340e-01,7.845193445e-01,7.362029993e-01,3.553305655e-01,6.334253326e-02,
3.225951785e-04,-1.091973669e-03,-3.605712030e-04,-2.611218646e-02,-1.315558011e-01,-3.885882421e-01,-6.311712369e-01,-5.291434349e-01,-1.822257510e-01,
1.586007625e-01
l,5.0,4.0
1.691,2.391,3.131,
2.276037783e-05,8.950002003e+00
1.321384031e-02,-1.441445678e-02,-1.324494329e-02,7.381420011e-01,3.907929978e+00,1.109697647e+01,1.849385842e+01,1.641307188e+01,5.924804660e+00,
1.739919963e-03,-5.897527541e-03,-2.087106178e-03,-1.399532215e-01,-6.709401439e-01,-1.843866572e+00,-2.736990617e+00,-2.057695558e+00,-6.342088265e-01,
1.587857740e-01
l,5.0,5.0
1.691,2.391,3.151,
1.138155245e-04,9.211498836e+00
6.791631877e-02,-1.095643973e-01,-2.148320220e-02,3.792441092e+00,1.777787885e+01,5.037803417e+01,8.840675058e+01,8.278655290e+01,3.116382597e+01,
7.190565119e-03,-2.467725685e-02,-1.041839063e-02,-5.994912503e-01,-2.729554754e+00,-7.183083845e+00,-1.012807935e+01,-7.330712309e+00,-2.225813255e+00,
1.583532178e-01
l,6.0,-6.0
1.451,2.131,2.871,
7.938623574e-11,9.028185255e+00
1.196892008e-08,-1.677087534e-08,-5.869317091e-08,1.370395113e-07,1.023320721e-06,4.513261000e-06,1.100700899e-05,1.267881903e-05,5.483858887e-06,
1.576765427e-09,-5.278507161e-09,-1.041948681e-09,-1.021771832e-07,-4.216289838e-07,-9.777877008e-07,-1.135814956e-06,-5.564340003e-07,-6.665215767e-08,
1.586618493e-01
l,6.0,-5.0
1.531,2.251,2.971,
3.654901792e-12,1.719512407e+01
3.447692976e-08,-3.498140331e-08,-1.408760789e-07,-7.154631709e-07,-9.491303370e-06,-4.069628884e-05,-8.091675720e-05,-7.841168447e-05,-2.996639541e-05,
4.949040725e-09,-1.662582910e-08,-1.322850790e-08,-5.208063950e-07,-2.877355310e-06,-9.029969925e-06,-1.559811983e-05,-1.389610497e-05,-5.050794083e-06,
1.587860167e-01
l,6.0,-4.0
1.671,2.351,3.091,
1.216635822e-10,9.745390137e+00
1.025751004e-07,-9.595762157e-08,-2.963410740e-07,4.691283518e-06,3.088235348e-05,1.030152157e-04,1.944258274e-04,1.901953594e-04,7.440422840e-05,
1.449301649e-08,-4.887728620e-08,-1.920989906e-08,-1.125395303e-06,-5.172994908e-06,-1.343577749e-05,-1.855483017e-05,-1.248949294e-05,-3.276471370e-06,
1.587860007e-01
l,6.0,-3.0
1.731,2.471,3.211,
1.735849543e-11,1.446954736e+01
3.082527087e-07,-3.131520390e-07,-2.274018277e-06,-1.139100489e-05,-8.377669971e-05,-2.990716191e-04,-5.337798508e-04,-4.747601414e-04,-1.684138392e-04,
4.239470325e-08,-1.434875101e-07,-2.408514275e-08,-2.867432144e-06,-1.277005318e-05,-3.345062010e-05,-4.757252780e-05,-3.368975778e-05,-9.614359869e-06,
1.588480580e-01
l,6.0,-2.0
1.811,2.551,3.311,
8.023802809e-11,1.270299156e+01
9.872039755e-07,-8.678895281e-07,-7.130231545e-06,-2.178875864e-05,-1.394331655e-04,-5.022012700e-04,-8.991361608e-04,-7.991212020e-04,-2.834722483e-04,
1.324875021e-07,-4.496584405e-07,-1.594260029e-07,-1.044011487e-05,-4.856722583e-05,-1.276429544e-04,-1.779878493e-04,-1.211312043e-04,-3.217029444e-05,
1.588480503e-01
l,6.0,-1.0
1.891,2.631,3.391,
1.847710350e-09,8.862474919e+00
3.262193104e-06,-2.709211651e-06,-1.748773600e-05,2.473069052e-05,1.742174415e-04,4.163434589e-04,6.411935415e-04,5.674066607e-04,2.074988400e-04,
4.427835814e-07,-1.505949529e-06,-6.037239638e-07,-3.499682017e-05,-1.579999542e-04,-3.997828111e-04,-5.315330694e-04,-3.370859340e-04,-8.026159809e-05,
1.588480720e-01
l,6.0,0.0
1.931,2.691,3.471,
2.895760823e-09,9.647798074e+00
1.134692957e-05,-8.472971316e-06,-8.564967698e-05,-2.858957864e-04,-1.565497389e-03,-5.051606493e-03,-8.222551644e-03,-6.613517818e-03,-2.109566589e-03,
1.478417372e-06,-5.038298350e-06,-1.483347570e-06,-1.096148689e-04,-4.835651179e-04,-1.209414088e-03,-1.592188060e-03,-1.000287167e-03,-2.372787245e-04,
1.587859907e-01
l,6.0,1.0
1.991,2.751,3.531,
3.581954376e-09,1.088855613e+01
4.103940955e-05,-2.714251821e-05,-2.024083076e-04,-4.613428162e-04,-4.725696349e-03,-1.957720332e-02,-3.624879227e-02,-3.195494362e-02,-1.098607586e-02,
5.284376661e-06,-1.803462791e-05,-8.764232869e-06,-4.697968443e-04,-2.352095821e-03,-6.713125349e-03,-1.039854550e-02,-8.169981596e-03,-2.604491006e-03,
1.587860091e-01
l,6.0,2.0
2.051,2.791,3.591,
2.240883681e-08,9.901396337e+00
1.568907028e-04,-9.811337205e-05,5.537296574e-05,9.809587392e-03,5.062118523e-02,1.339520000e-01,2.023374047e-01,1.625179784e-01,5.349385834e-02,
1.887564290e-05,-6.451014841e-05,-1.420731417e-05,-1.425219021e-03,-6.718610026e-03,-1.836370959e-02,-2.718989207e-02,-2.041440775e-02,-6.277768397e-03,
1.587237702e-01
l,6.0,3.0
2.031,2.811,3.611,
4.798387299e-09,1.400421572e+01
6.444965838e-04,-3.771073988e-04,-8.721544941e-04,1.495016852e-02,2.845386217e-02,-5.115909444e-02,-2.175639694e-01,-2.522006915e-01,-1.008929896e-01,
7.733915981e-05,-2.644657729e-04,-1.039356406e-04,-6.655370397e-03,-3.343654796e-02,-9.679217305e-02,-1.525246076e-01,-1.226168353e-01,-4.016100556e-02,
1.587547996e-01
l,6.0,4.0
2.031,2.811,3.611,
1.913256499e-08,1.413433771e+01
2.856398001e-03,-1.758293246e-03,-3.407822449e-03,7.095661209e-02,1.407285578e-01,-1.999052724e-01,-9.312551062e-01,-1.093153630e+00,-4.390991205e-01,
3.391605793e-04,-1.160352351e-03,-5.927596536e-04,-3.084480045e-02,-1.554893598e-01,-4.496804476e-01,-7.081125774e-01,-5.698281713e-01,-1.869274897e-01,
1.586627195e-01
l,6.0,5.0
2.051,2.791,3.551,
2.863186867e-06,9.364172285e+00
1.422258001e-02,-1.110463920e-02,-3.446968614e-04,8.504569594e-01,4.168106492e+00,1.047994556e+01,1.525541795e+01,1.195684193e+01,3.873111238e+00,
1.832253596e-03,-6.278016977e-03,-2.269378216e-03,-1.451418156e-01,-6.734150600e-01,-1.827475225e+00,-2.721795896e+00,-2.076724542e+00,-6.570278742e-01,
1.587858034e-01
l,6.0,6.0
2.051,2.791,3.571,
7.814158752e-06,1.043638843e+01
7.453218102e-02,-1.004110030e-01,3.914666897e-02,4.488495092e+00,1.931430049e+01,4.654244446e+01,6.922484939e+01,5.680736606e+01,1.928847888e+01,
7.560586890e-03,-2.620026138e-02,-3.712554500e-03,-5.339185310e-01,-2.316837109e+00,-6.092609464e+00,-8.750383948e+00,-6.577883270e+00,-2.123192808e+00,
1.583531601e-01
l,7.0,-7.0
1.691,2.411,3.151,
8.272360212e-13,1.028498469e+01
1.074316969e-09,-1.096321995e-09,1.734280288e-09,5.769568997e-08,1.889611484e-07,3.121568170e-07,3.067617766e-07,1.691233992e-07,3.880174843e-08,
1.402331519e-10,-4.737961854e-10,-2.766997580e-10,-1.352450010e-08,-7.299557502e-08,-2.264663322e-07,-3.871563762e-07,-3.428246060e-07,-1.244847272e-07,
1.587237631e-01
l,7.0,-6.0
1.831,2.531,3.271,
1.446900897e-12,9.825089243e+00
3.042003094e-09,-3.197739767e-09,-7.490107069e-09,1.218415694e-07,6.551491176e-07,1.849442530e-06,3.100745761e-06,2.778747767e-06,1.011472303e-06,
4.099961325e-10,-1.389999411e-09,-3.436043228e-10,-3.047438474e-08,-1.412119066e-07,-3.746213196e-07,-5.315042603e-07,-3.737788934e-07,-1.054717257e-07,
1.588170350e-01
l,7.0,-5.0
1.911,2.651,3.391,
6.012708781e-14,1.547511816e+01
8.743429092e-09,-8.729796693e-09,-6.612904914e-08,-3.030746466e-07,-2.162369631e-06,-7.712528918e-06,-1.376356235e-05,-1.223373065e-05,-4.336476070e-06,
1.196611840e-09,-4.069788283e-09,-5.387698987e-10,-7.959859361e-08,-3.477895696e-07,-8.896421275e-07,-1.220144666e-06,-8.144196334e-07,-2.130104679e-07,
1.588480667e-01
l,7.0,-4.0
2.051,2.751,3.491,
2.732265621e-12,1.034783205e+01
2.607272087e-08,-1.727006666e-08,-4.078711135e-09,1.709170009e-06,9.354560036e-06,2.627872714e-05,4.232194635e-05,3.629557314e-05,1.275499872e-05,
3.733533475e-09,-1.272963360e-08,-7.365580317e-09,-3.432378501e-07,-1.727067748e-06,-4.945444027e-06,-7.740000115e-06,-6.172452003e-06,-2.009776845e-06,
1.588480507e-01
l,7.0,-3.0
2.111,2.851,3.611,
9.598060698e-13,1.267425035e+01
8.004389684e-08,-4.515609863e-08,-2.658588478e-07,5.085002639e-07,-3.015808204e-06,-2.476363031e-05,-5.597654766e-05,-5.513738837e-05,-2.055497874e-05,
1.087024050e-08,-3.716600269e-08,-1.144776886e-08,-8.784413216e-07,-4.413836718e-06,-1.299292619e-05,-2.103881813e-05,-1.740055252e-05,-5.876531379e-06,
1.588480580e-01
l,7.0,-2.0
2.211,2.951,3.711,
1.970348122e-11,9.670286396e+00
2.527494871e-07,-2.019727603e-07,-1.368338908e-06,1.871043723e-06,1.459303936e-05,3.859401462e-05,6.474851863e-05,6.074725275e-05,2.318916623e-05,
3.385691255e-08,-1.160114700e-07,-2.885420233e-08,-2.516704312e-06,-1.121563544e-05,-2.822263733e-05,-3.712375276e-05,-2.296615908e-05,-5.221923055e-06,
1.588480503e-01
l,7.0,-1.0
2.251,3.011,3.791,
1.464818868e-11,1.113094384e+01
8.453744158e-07,-4.914973201e-07,-6.472270175e-06,-2.153714995e-05,-1.111239294e-04,-3.604742329e-04,-5.992037756e-04,-4.933372814e-04,-1.610176026e-04,
1.128646606e-07,-3.873751489e-07,-1.156923111e-07,-8.479099295e-06,-3.739690948e-05,-9.359529271e-05,-1.233934678e-04,-7.710303064e-05,-1.794420599e-05,
1.588480720e-01
l,7.0,0.0
2.331,3.091,3.871,
1.645740116e-10,9.362379600e+00
2.884622972e-06,-2.014014555e-06,-1.943658478e-05,-2.427578063e-05,-5.314074500e-05,-1.538244400e-04,-1.750436983e-04,-4.559425364e-05,2.146454081e-05,
3.760752842e-07,-1.292819879e-06,-1.594902301e-07,-2.429706360e-05,-9.626254909e-05,-2.132072435e-04,-2.315996724e-04,-9.415387481e-05,-1.755768740e-06,
1.588480408e-01
l,7.0,1.0
2.371,3.151,3.931,
1.829988129e-11,1.317826272e+01
1.032383989e-05,-6.887310318e-06,-7.150294520e-05,-2.448537175e-04,-1.469349334e-03,-5.045211707e-03,-8.660706278e-03,-7.320677976e-03,-2.445659253e-03,
1.341594117e-06,-4.617245207e-06,-1.675244103e-06,-1.071665919e-04,-4.907853322e-04,-1.282087579e-03,-1.791189711e-03,-1.229880898e-03,-3.329141758e-04,
1.588170220e-01
l,7.0,2.0
2.431,3.191,3.991,
8.479192921e-10,1.008467141e+01
3.877796917e-05,-1.591031069e-05,2.813637873e-05,2.250157995e-03,1.071998673e-02,2.573878933e-02,3.530604092e-02,2.604455534e-02,7.975963484e-03,
4.784839825e-06,-1.648595265e-05,-6.148838533e-06,-4.108507803e-04,-2.044483613e-03,-5.850218050e-03,-9.096737434e-03,-7.184614655e-03,-2.308265561e-03,
1.587857959e-01
l,7.0,3.0
2.431,3.231,4.031,
2.812737879e-10,1.277882863e+01
1.525768021e-04,-1.212903275e-04,-1.053856387e-03,-2.694301197e-03,-1.364443629e-02,-4.496165790e-02,-7.455533219e-02,-6.096876492e-02,-1.976971757e-02,
1.828356559e-05,-6.304209144e-05,-5.712327710e-07,-1.095362762e-03,-4.189227307e-03,-9.081402851e-03,-9.567091391e-03,-3.693110597e-03,-1.807813733e-05,
1.587858245e-01
l,7.0,4.0
2.431,3.231,4.031,
8.547933746e-10,1.310236244e+01
6.481888122e-04,-4.540919815e-04,-4.623742065e-03,-1.274634037e-02,-6.134938935e-02,-1.971838336e-01,-3.253284461e-01,-2.662220141e-01,-8.650918912e-02,
8.016644498e-05,-2.764441298e-04,-3.594450259e-05,-5.132423066e-03,-2.004893571e-02,-4.423830075e-02,-4.845964317e-02,-2.097514760e-02,-1.414382736e-03,
1.587237781e-01
l,7.0,5.0
2.431,3.231,4.051,
4.946011410e-09,1.284936648e+01
2.930670977e-03,-2.280583385e-03,-1.906176811e-02,-4.114070433e-02,-2.169176103e-01,-7.553412916e-01,-1.282597747e+00,-1.060759132e+00,-3.460905927e-01,
3.281681106e-04,-1.132516625e-03,-3.132740139e-05,-2.102160250e-02,-8.590694145e-02,-2.007475916e-01,-2.382318047e-01,-1.265890065e-01,-2.256796868e-02,
1.586618488e-01
l,7.0,6.0
2.431,3.191,3.991,
2.130721493e-07,1.049188814e+01
1.496495027e-02,-7.145645328e-03,9.381640359e-03,8.892442097e-01,4.193014912e+00,9.946030936e+00,1.352390734e+01,9.926501614e+00,3.032967712e+00,
1.775484548e-03,-6.135688770e-03,-2.330296187e-03,-1.540093561e-01,-7.622436624e-01,-2.174705731e+00,-3.366444556e+00,-2.651918068e+00,-8.531054369e-01,
1.587857455e-01
l,7.0,7.0
2.431,3.191,3.991,
6.301867277e-07,1.130435461e+01
7.995402813e-02,-8.576567858e-02,8.148955040e-02,4.809445317e+00,1.966370949e+01,4.294504794e+01,5.716775876e+01,4.275926117e+01,1.354887505e+01,
7.840273518e-03,-2.737258300e-02,-9.522744124e-03,-6.892908359e-01,-3.391919769e+00,-9.762930628e+00,-1.523625756e+01,-1.227927654e+01,-4.097526444e+00,
1.583531976e-01
l,8.0,-8.0
1.951,2.691,3.431,
7.142759821e-16,1.491934211e+01
9.511982174e-11,-1.175306447e-10,-6.634072644e-10,-2.648344662e-09,-1.991447828e-08,-7.032861878e-08,-1.223394919e-07,-1.061576520e-07,-3.693937303e-08,
1.237347489e-11,-4.212588058e-11,-4.228912300e-12,-8.049975695e-10,-3.429323268e-09,-8.517920619e-09,-1.115185116e-08,-6.954175602e-09,-1.645094342e-09,
1.587858007e-01
l,8.0,-7.0
2.071,2.811,3.551,
1.203531777e-14,1.116529771e+01
2.651766862e-10,-2.041143815e-10,-3.574553702e-10,6.916783775e-09,1.288278246e-08,-1.910619918e-08,-8.082620166e-08,-8.947289122e-08,-3.424760330e-08,
3.606063066e-11,-1.231247161e-10,-5.290267067e-11,-3.174109972e-09,-1.651059852e-08,-5.019881408e-08,-8.449974201e-08,-7.344083389e-08,-2.620160679e-08,
1.588480570e-01
l,8.0,-6.0
2.231,2.931,3.671,
1.802485578e-14,1.112228650e+01
7.489229237e-10,-5.140439278e-10,1.354502340e-10,5.035288232e-08,2.682020833e-07,7.409007769e-07,1.181639666e-06,1.008391308e-06,3.536277640e-07,
1.049322206e-10,-3.592444834e-10,-1.809380307e-10,-9.498623530e-09,-4.812610013e-08,-1.395286939e-07,-2.213933233e-07,-1.794804803e-07,-5.957479693e-08,
1.588480722e-01
l,8.0,-5.0
2.291,3.031,3.791,
1.886271704e-15,1.452169527e+01
2.195359894e-09,-9.944153431e-10,-8.898182801e-09,2.764765876e-09,-1.146500983e-07,-7.459247003e-07,-1.638928722e-06,-1.607833097e-06,-6.006525438e-07,
3.050141883e-10,-1.046872353e-09,-3.774161539e-10,-2.538696453e-08,-1.271549766e-07,-3.707792839e-07,-5.932587882e-07,-4.825932311e-07,-1.597227944e-07,
1.588480667e-01
l,8.0,-4.0
2.411,3.151,3.911,
9.199158546e-14,1.059899360e+01
6.495873173e-09,-3.123383700e-09,-6.705655542e-10,3.709776907e-07,1.835101043e-06,4.502417235e-06,6.307467076e-06,4.756536872e-06,1.490020950e-06,
8.858909854e-10,-3.047732778e-09,-6.922148339e-10,-6.649897294e-08,-3.133383676e-07,-8.735087030e-07,-1.345337507e-06,-1.057900943e-06,-3.425498057e-07,
1.588790757e-01
l,8.0,-3.0
2.491,3.251,4.011,
1.810572966e-14,1.318558813e+01
2.006131083e-08,-1.119230790e-08,-1.134913792e-07,-2.513084432e-07,-2.032023389e-06,-8.355248755e-06,-1.561675167e-05,-1.388355716e-05,-4.804683588e-06,
2.753528214e-09,-9.490522358e-09,-3.422872206e-09,-2.300090898e-07,-1.130352964e-06,-3.203721020e-06,-4.938601175e-06,-3.832855897e-06,-1.201748564e-06,
1.588790830e-01
l,8.0,-2.0
2.571,3.331,4.111,
8.406907802e-14,1.233727974e+01
6.429559107e-08,-3.394732074e-08,-4.829583307e-07,-1.548753253e-06,-7.893109707e-06,-2.600516233e-05,-4.390844999e-05,-3.664198560e-05,-1.210077803e-05,
8.554881112e-09,-2.953779383e-08,-7.228301676e-09,-6.342650148e-07,-2.790992149e-06,-7.000318810e-06,-9.246109836e-06,-5.767222132e-06,-1.333791783e-06,
1.589101419e-01
l,8.0,-1.0
2.651,3.411,4.191,
1.181702968e-12,1.049894172e+01
2.120735019e-07,-1.140375692e-07,-1.495207066e-06,-2.567873453e-06,-7.042573931e-06,-2.115624788e-05,-3.217524321e-05,-2.260827478e-05,-5.884074220e-06,
2.845424101e-08,-9.837726538e-08,-1.600895409e-08,-1.906318299e-06,-7.665837667e-06,-1.728898591e-05,-1.943228730e-05,-8.570836911e-06,-5.219478715e-07,
1.588790970e-01
l,8.0,0.0
2.751,3.491,4.271,
9.012083825e-13,1.173093053e+01
7.211227739e-07,-4.134721245e-07,-3.249604573e-06,1.277584625e-05,9.258910355e-05,2.691420686e-04,4.393722042e-04,3.793359272e-04,1.330450117e-04,
9.460666673e-08,-3.275145304e-07,-2.224897429e-08,-5.974637880e-06,-2.365194785e-05,-5.339562254e-05,-6.077944110e-05,-2.818937592e-05,-2.746261241e-06,
1.588480408e-01
l,8.0,1.0
2.751,3.531,4.331,
7.819681361e-15,1.749647761e+01
2.584029062e-06,-6.986027389e-07,-1.179577567e-05,-1.335891335e-05,-1.527229835e-04,-7.845071671e-04,-1.628624657e-03,-1.548394728e-03,-5.627152503e-04,
3.370786018e-07,-1.168010929e-06,-4.190391241e-07,-2.741562630e-05,-1.287439000e-04,-3.503973844e-04,-5.184699368e-04,-3.843684010e-04,-1.146489400e-04,
1.588480591e-01
l,8.0,2.0
2.791,3.591,4.391,
4.322383706e-11,1.013025706e+01
9.495219274e-06,-2.757052820e-06,-6.195418160e-06,3.681072375e-04,1.644286105e-03,3.496426505e-03,4.244813038e-03,2.823739119e-03,7.974526621e-04,
1.200763875e-06,-4.164560301e-06,-1.916114146e-06,-1.078727508e-04,-5.365728379e-04,-1.533729350e-03,-2.386052483e-03,-1.880714717e-03,-6.005707218e-04,
1.588480641e-01
l,8.0,3.0
2.811,3.611,4.431,
2.908458992e-14,1.840714974e+01
3.696039130e-05,-1.276163364e-05,-2.470294899e-04,-8.924975943e-04,-4.959888558e-03,-1.688620253e-02,-2.932532322e-02,-2.512199648e-02,-8.484226862e-03,
4.583171144e-06,-1.590512892e-05,-3.491719078e-06,-3.328541813e-04,-1.449268732e-03,-3.648420917e-03,-4.887622074e-03,-3.163430030e-03,-7.922095677e-04,
1.588170557e-01
l,8.0,4.0
2.871,3.651,4.471,
1.131314040e-10,1.168534540e+01
1.486867986e-04,-5.676220004e-05,-3.666912437e-05,7.333123104e-03,3.662541794e-02,8.951271968e-02,1.231112299e-01,9.009976288e-02,2.717770607e-02,
1.749221830e-05,-6.074030809e-05,-1.453173672e-05,-1.348394133e-03,-6.210376019e-03,-1.668029944e-02,-2.427769853e-02,-1.779516567e-02,-5.302971680e-03,
1.587857740e-01
l,8.0,5.0
2.871,3.651,4.471,
4.487704881e-10,1.175548807e+01
6.431430229e-04,-2.244516810e-04,-1.332583741e-04,3.190625052e-02,1.604473487e-01,3.943856624e-01,5.444897598e-01,3.994144223e-01,1.206444117e-01,
7.671067396e-05,-2.663952440e-04,-8.814175001e-05,-6.166964231e-03,-2.852566183e-02,-7.653471541e-02,-1.113838300e-01,-8.167464755e-02,-2.430988783e-02,
1.587547784e-01
l,8.0,6.0
2.871,3.651,4.471,
2.227810831e-09,1.173152995e+01
2.961342921e-03,-1.502931200e-03,-6.701484311e-04,1.459467375e-01,7.111350436e-01,1.716068904e+00,2.348961652e+00,1.717943422e+00,5.187383392e-01,
3.363719370e-04,-1.168583126e-03,-2.457374988e-04,-2.563611577e-02,-1.177434286e-01,-3.160300237e-01,-4.591126028e-01,-3.368255362e-01,-1.009027371e-01,
1.586617910e-01
l,8.0,7.0
2.811,3.611,4.411,
9.148397975e-12,1.872476184e+01
1.532233972e-02,-9.860609947e-03,-9.877581309e-02,-3.184635228e-01,-2.063080819e+00,-7.419107693e+00,-1.306253760e+01,-1.121811427e+01,-3.785625555e+00,
1.821788880e-03,-6.337822675e-03,-1.125003164e-03,-1.302043718e-01,-5.610115466e-01,-1.412443657e+00,-1.894432231e+00,-1.237496279e+00,-3.186540936e-01,
1.587547581e-01
l,8.0,8.0
2.791,3.591,4.411,
6.224793663e-08,1.197072206e+01
8.421564847e-02,-7.517412092e-02,-7.996411125e-02,3.068037598e+00,1.049581160e+01,1.551088778e+01,1.171224046e+01,4.140339730e+00,4.331757195e-01,
8.043956351e-03,-2.824902500e-02,-5.834415059e-03,-6.332776576e-01,-2.924565059e+00,-8.074085323e+00,-1.209680047e+01,-9.335376613e+00,-2.998960604e+00,
1.584150548e-01
l,9.0,-9.0
2.271,2.971,3.711,
1.200511236e-16,1.159266760e+01
8.271603021e-12,-7.717090813e-12,8.501677705e-12,5.633403622e-10,2.725776971e-09,7.231199336e-09,1.145816591e-08,9.859940624e-09,3.501583675e-09,
1.084078752e-12,-3.714619919e-12,-1.561287159e-12,-9.667978739e-11,-4.979141640e-10,-1.479705940e-09,-2.412514374e-09,-2.026784098e-09,-7.012198645e-10,
1.587857843e-01
l,9.0,-8.0
2.351,3.091,3.831,
5.042766774e-17,1.305969292e+01
2.284640012e-11,-2.075991650e-11,-1.450020957e-10,-1.184279844e-10,-7.429488782e-10,-3.638548148e-09,-6.986617021e-09,-6.194321593e-09,-2.149601485e-09,
3.151329309e-12,-1.082469930e-11,-2.328131056e-12,-2.249467680e-10,-9.795513479e-10,-2.425289311e-09,-3.118068155e-09,-1.830557927e-09,-3.676927991e-10,
1.588480689e-01
l,9.0,-7.0
2.471,3.211,3.971,
5.178661344e-18,1.596843474e+01
6.375199674e-11,-3.702661493e-11,-2.960196355e-10,-2.918015696e-10,-5.467318090e-09,-2.784430894e-08,-5.727696635e-08,-5.461294142e-08,-2.010359688e-08,
8.539262023e-12,-2.941063266e-11,-6.660723533e-12,-6.708901139e-10,-3.316036064e-09,-9.594629782e-09,-1.517522497e-08,-1.217577340e-08,-3.981354882e-09,
1.588480570e-01
l,9.0,-6.0
2.631,3.331,4.091,
2.929818194e-16,1.202123423e+01
1.811440997e-10,-7.711876632e-11,2.129702902e-12,1.089477777e-08,5.658649362e-08,1.489611087e-07,2.269686066e-07,1.872829932e-07,6.425279627e-08,
2.477200106e-11,-8.550185847e-11,-2.090314531e-11,-1.899346674e-09,-9.038662771e-09,-2.545888169e-08,-3.963966199e-08,-3.151004091e-08,-1.029724783e-08,
1.589101465e-01
l,9.0,-5.0
2.711,3.451,4.211,
1.024303269e-15,1.137606497e+01
5.284180871e-10,-3.364695563e-10,-2.787961840e-09,5.323003984e-09,4.129460909e-08,1.093236259e-07,1.709910629e-07,1.479101001e-07,5.298306575e-08,
7.177259207e-11,-2.482268067e-10,-5.821403669e-11,-5.375106414e-09,-2.387951122e-08,-6.017353780e-08,-7.946833426e-08,-4.918635128e-08,-1.112497407e-08,
1.589101410e-01
l,9.0,-4.0
2.791,3.551,4.311,
1.358970905e-15,1.178488366e+01
1.594861021e-09,-5.118395634e-10,-8.022736190e-10,7.311931775e-08,3.355277942e-07,7.304735855e-07,8.957826080e-07,5.929320263e-07,1.645365294e-07,
2.226876375e-10,-7.713959021e-10,-2.614961745e-10,-1.829338680e-08,-8.994501711e-08,-2.605874260e-07,-4.177589366e-07,-3.417906512e-07,-1.142119003e-07,
1.589101250e-01
l,9.0,-3.0
2.871,3.631,4.411,
5.926776411e-16,1.329129508e+01
4.984538116e-09,-6.361307994e-10,-9.535199760e-09,1.285146493e-07,5.237956615e-07,7.829704270e-07,4.152837432e-07,-1.143023215e-07,-1.420485427e-07,
6.905575890e-10,-2.395741352e-09,-1.293529475e-09,-6.544681534e-08,-3.355287172e-07,-9.818522995e-07,-1.565010049e-06,-1.260633565e-06,-4.096386983e-07,
1.589101322e-01
l,9.0,-2.0
2.951,3.731,4.511,
2.295101603e-14,1.064670591e+01
1.589329912e-08,-7.524334516e-09,-1.126687608e-07,-2.096135968e-07,-5.974912786e-07,-1.797854488e-06,-2.809654507e-06,-2.070065163e-06,-5.778253486e-07,
2.140324976e-09,-7.436154690e-09,-1.024618632e-09,-1.436793793e-07,-5.812949449e-07,-1.326157672e-06,-1.518456259e-06,-6.962513654e-07,-5.598183135e-08,
1.589101419e-01
l,9.0,-1.0
3.071,3.811,4.591,
5.905917727e-15,1.269490506e+01
5.242716838e-08,-2.196609584e-08,-2.587969751e-07,6.676559363e-07,5.686607319e-06,1.674451851e-05,2.719906532e-05,2.334292915e-05,8.154526026e-06,
7.106847866e-09,-2.471885296e-08,-3.372255056e-09,-4.728698933e-07,-1.909537641e-06,-4.395395556e-06,-5.173265036e-06,-2.567440518e-06,-3.247121685e-07,
1.588790970e-01
l,9.0,0.0
3.091,3.871,4.671,
1.850993506e-14,1.256886237e+01
1.795012992e-07,-6.380174974e-08,-1.352480136e-06,-3.914050451e-06,-1.504634504e-05,-4.442151928e-05,-7.108167761e-05,-5.682420243e-05,-1.800482651e-05,
2.359078466e-08,-8.214086059e-08,-4.894182890e-09,-1.499210237e-06,-5.930239434e-06,-1.332849746e-05,-1.497419147e-05,-6.587583854e-06,-4.103394012e-07,
1.588480408e-01
l,9.0,1.0
3.151,3.951,4.751,
4.741420785e-13,1.065691014e+01
6.282663776e-07,-3.121150221e-07,-3.338964243e-06,2.787086432e-06,3.141356832e-05,7.761352837e-05,1.077620695e-04,8.318700931e-05,2.709035273e-05,
7.830064055e-08,-2.729176448e-07,6.265898386e-09,-4.882980055e-06,-1.967207538e-05,-4.556656035e-05,-5.349441306e-05,-2.661066545e-05,-3.596868274e-06,
1.588480591e-01
l,9.0,2.0
3.191,3.991,4.791,
3.911175999e-15,1.578271791e+01
2.305607040e-06,-5.637714311e-07,-7.504118325e-06,2.208642868e-05,6.337408353e-05,-7.235252032e-05,-3.823998673e-04,-4.457727107e-04,-1.740601492e-04,
2.987171568e-07,-1.041706815e-06,-4.138314303e-07,-2.538072118e-05,-1.213401987e-04,-3.356980513e-04,-5.055796851e-04,-3.826787129e-04,-1.166820918e-04,
1.588480641e-01
l,9.0,3.0
3.231,4.031,4.851,
1.377278095e-12,1.177310323e+01
8.745800187e-06,-2.805893223e-06,-2.440151374e-05,2.480188094e-04,1.472927337e-03,3.799773771e-03,5.377016826e-03,4.001416177e-03,1.218212615e-03,
1.062506367e-06,-3.707991442e-06,-6.902048277e-07,-7.864692618e-05,-3.459757389e-04,-8.744464909e-04,-1.171953175e-03,-7.602873498e-04,-1.921225921e-04,
1.588170557e-01
l,9.0,4.0
3.231,4.051,4.891,
2.095535412e-12,1.253274880e+01
3.472382014e-05,-1.038603201e-05,-1.632563861e-04,7.800572359e-05,7.547001055e-04,4.582346561e-04,-1.145340117e-03,-1.741389317e-03,-6.977658481e-04,
4.052780013e-06,-1.415049810e-05,2.941729202e-06,-2.152225401e-04,-8.152880855e-04,-1.854765540e-03,-2.156833751e-03,-1.067912887e-03,-1.535855853e-04,
1.588170051e-01
l,9.0,5.0
3.251,4.071,4.911,
3.836378716e-13,1.515135017e+01
1.442843059e-04,-4.568520401e-05,-7.139251081e-04,-1.144390939e-03,-7.185640102e-03,-2.985052198e-02,-5.484339187e-02,-4.696941228e-02,-1.548205531e-02,
1.656985038e-05,-5.786929745e-05,9.914077219e-06,-9.429853981e-04,-3.925615598e-03,-1.003357987e-02,-1.376545268e-02,-9.174855280e-03,-2.421165167e-03,
1.587547784e-01
l,9.0,6.0
3.251,4.071,4.911,
1.743123489e-12,1.513591727e+01
6.352015189e-04,-2.165612529e-04,-3.116431586e-03,-4.971366103e-03,-3.225722841e-02,-1.338873259e-01,-2.452588683e-01,-2.095843880e-01,-6.897537781e-02,
7.266484102e-05,-2.537973168e-04,3.633966438e-05,-4.206515335e-03,-1.756862072e-02,-4.493590963e-02,-6.175397866e-02,-4.135570326e-02,-1.099320848e-02,
1.587237198e-01
l,9.0,7.0
3.231,4.051,4.891,
2.297816870e-10,1.236366633e+01
2.998237964e-03,-1.187592413e-03,-1.327203948e-02,1.442603747e-02,8.857939275e-02,8.713323895e-02,-3.378493721e-02,-9.966498803e-02,-4.381977582e-02,
3.418067432e-04,-1.193986264e-03,1.549333166e-04,-1.895001394e-02,-7.186199362e-02,-1.629425316e-01,-1.897231724e-01,-9.622782506e-02,-1.533265789e-02,
1.586928172e-01
l,9.0,8.0
3.211,4.011,4.831,
2.558450637e-12,1.770856242e+01
1.565320045e-02,-7.284454130e-03,-1.080354964e-01,-3.223752940e-01,-1.582454260e+00,-5.269502423e+00,-9.045459199e+00,-7.669010064e+00,-2.566746534e+00,
1.852739567e-03,-6.480741148e-03,-1.551720425e-03,-1.373732139e-01,-5.839265031e-01,-1.418089500e+00,-1.793825494e+00,-1.059996926e+00,-2.292252862e-01,
1.587547344e-01
l,9.0,9.0
3.171,3.991,4.831,
1.046030001e-10,1.616249371e+01
8.734825999e-02,-7.159434654e-02,-4.450021394e-01,-3.914151873e-01,-5.158619366e+00,-2.434289106e+01,-4.558302571e+01,-3.905907069e+01,-1.282364698e+01,
8.175429861e-03,-2.884682174e-02,5.238044368e-03,-4.725125501e-01,-1.865753019e+00,-4.548126520e+00,-5.780770661e+00,-3.565254614e+00,-9.008106193e-01,
1.584150849e-01
