l,0.0,-0.0
0.151,0.971,1.831,
9.812179911e-02,1.667352399e+00
1.240659971e-02,-1.793996999e-02,1.030940766e-02,3.119362393e-01,1.940149957e+00,5.977868133e+00,9.354166816e+00,7.460502615e+00,2.432581203e+00,
2.741975380e-03,-5.567453834e-03,-5.130405909e-03,-9.904105787e-02,-4.133456968e-01,-9.394017155e-01,-1.162474699e+00,-7.340986122e-01,-1.846655093e-01,
1.588790067e-01
l,1.0,-1.0
0.431,1.311,2.191,
7.650678394e-03,2.724563002e+00
3.799830098e-03,-3.845342527e-03,7.904306476e-03,7.877384320e-02,2.551537585e-01,6.273633934e-01,8.884707758e-01,6.263266511e-01,1.739816402e-01,
7.957976222e-04,-1.672738757e-03,-2.191531800e-03,-4.218094807e-02,-2.044544856e-01,-5.405086060e-01,-7.872108075e-01,-5.938203257e-01,-1.814208087e-01,
1.589272534e-01
l,1.0,0.0
0.431,1.311,2.211,
1.268012069e-02,2.947692258e+00
6.173090078e-03,-6.134852594e-03,7.458439116e-03,8.771760930e-02,2.186179222e-01,5.304567734e-01,8.053355832e-01,5.889135067e-01,1.640517654e-01,
1.248518731e-03,-2.633535113e-03,-2.620863262e-03,-5.422377725e-02,-2.508704639e-01,-6.438134488e-01,-9.156197832e-01,-6.762738450e-01,-2.027632415e-01,
1.589582510e-01
l,1.0,1.0
0.451,1.351,2.251,
6.318888312e-02,4.544093390e+00
9.530587122e-03,-1.203875338e-02,-3.328932097e-03,1.059150601e-01,3.735311106e-01,9.187038908e-01,1.109229262e+00,5.284100252e-01,5.086747792e-02,
1.877900163e-03,-3.984333259e-03,-3.701132517e-03,-7.402090603e-02,-3.038064174e-01,-6.772751947e-01,-8.216803456e-01,-5.108808854e-01,-1.281665434e-01,
1.589272783e-01
l,2.0,-2.0
0.851,1.791,2.751,
3.893299821e-04,6.556915113e+00
8.180695004e-04,-7.017698324e-04,-1.530065479e-04,3.782073501e-03,-2.256073092e-02,-9.971718518e-02,-1.599202134e-01,-1.217817263e-01,-3.655569115e-02,
1.461603768e-04,-3.200756102e-04,-2.107762661e-04,-4.983624582e-03,-1.966434994e-02,-4.343978212e-02,-5.327428139e-02,-3.409484742e-02,-8.993333125e-03,
1.589272669e-01
l,2.0,-1.0
0.911,1.811,2.751,
3.820072812e-04,4.740330349e+00
1.276458963e-03,-1.228615386e-03,-1.400917056e-03,1.506993298e-02,5.914887630e-02,1.575995465e-01,2.503003545e-01,1.990106613e-01,6.133747416e-02,
2.388857575e-04,-5.232635449e-04,-3.902317442e-04,-8.281512559e-03,-3.126461570e-02,-6.473210497e-02,-7.282218861e-02,-4.159352654e-02,-9.547658817e-03,
1.589582939e-01
l,2.0,0.0
0.931,1.831,2.791,
5.151512467e-04,4.708736728e+00
1.995076891e-03,-1.703011953e-03,-8.591313662e-04,3.491898173e-02,1.519285778e-01,4.082987782e-01,6.242031644e-01,4.798344370e-01,1.444572734e-01,
3.576132445e-04,-7.854284789e-04,-7.109793812e-04,-1.531679689e-02,-6.588512450e-02,-1.551858370e-01,-1.999804096e-01,-1.326351413e-01,-3.565305218e-02,
1.589581965e-01
l,2.0,1.0
0.931,1.871,2.811,
7.789964593e-04,5.441069166e+00
3.048503073e-03,-2.803760929e-03,-1.567510785e-03,2.506500964e-02,8.420704682e-03,-8.384085834e-02,-1.478768793e-01,-1.076841562e-01,-3.096125056e-02,
5.593977334e-04,-1.230671847e-03,-8.432356243e-04,-1.971172090e-02,-7.779085003e-02,-1.694572125e-01,-2.022820860e-01,-1.244914115e-01,-3.134457710e-02,
1.589582642e-01
l,2.0,2.0
0.991,1.891,2.831,
9.796677142e-04,4.865452150e+00
4.770336207e-03,-4.622641143e-03,-6.015087042e-03,6.550728798e-02,3.162900937e-01,9.124122498e-01,1.459112104e+00,1.154638692e+00,3.547641160e-01,
8.752111543e-04,-1.929207229e-03,-1.372584148e-03,-3.077020106e-02,-1.191052868e-01,-2.559406124e-01,-3.019466781e-01,-1.830098663e-01,-4.508296738e-02,
1.589582450e-01
l,3.0,-3.0
1.351,2.331,3.331,
4.835496618e-06,5.298573798e+00
1.482196967e-04,-1.030620905e-04,-1.421108165e-04,1.365721583e-03,2.979296706e-03,3.421895720e-03,3.432325475e-03,2.486418249e-03,7.753219960e-04,
2.464491290e-05,-5.551150057e-05,-2.736265334e-05,-7.545239910e-04,-2.806016337e-03,-5.951200986e-03,-7.007711277e-03,-4.274396584e-03,-1.070968011e-03,
1.589583232e-01
l,3.0,-2.0
1.371,2.351,3.351,
6.095897832e-06,5.597115292e+00
2.288848045e-04,-1.547439419e-04,-3.411828004e-04,1.370203670e-03,2.040670561e-03,-2.754624138e-04,-1.667701274e-03,-7.234103368e-04,-1.119470916e-05,
3.849026620e-05,-8.676899583e-05,-3.747170724e-05,-1.088059263e-03,-3.826373772e-03,-7.676316641e-03,-8.547240686e-03,-4.916589862e-03,-1.166254058e-03,
1.589583074e-01
l,3.0,-1.0
1.391,2.391,3.391,
5.470027308e-06,6.883067796e+00
3.479059960e-04,-2.366919393e-04,-3.363882198e-04,2.723303739e-03,3.016735386e-03,-5.228312819e-03,-1.315914687e-02,-1.044781519e-02,-3.005592704e-03,
5.745935713e-05,-1.297385093e-04,-5.767693735e-05,-1.752539497e-03,-6.668273762e-03,-1.447390652e-02,-1.739533493e-02,-1.080412111e-02,-2.748573363e-03,
1.589582939e-01
l,3.0,0.0
1.431,2.411,3.411,
1.157312912e-05,5.611042215e+00
5.370025174e-04,-3.572366284e-04,-7.382135513e-04,3.745793587e-03,6.828420011e-03,3.295452126e-03,2.718905687e-04,6.680514957e-04,5.329980242e-04,
8.973310794e-05,-2.027786359e-04,-8.030113399e-05,-2.524982354e-03,-9.021060763e-03,-1.845261047e-02,-2.096020160e-02,-1.230517808e-02,-2.976716631e-03,
1.589581965e-01
l,3.0,1.0
1.451,2.431,3.431,
1.537617596e-05,5.728537214e+00
8.310851990e-04,-5.223598060e-04,-1.238948292e-03,5.545370047e-03,1.024215329e-02,3.759570692e-03,-2.418816578e-03,-1.422997150e-03,6.408598690e-05,
1.401342551e-04,-3.169472051e-04,-1.220326593e-04,-3.908513803e-03,-1.390965660e-02,-2.830216026e-02,-3.193917322e-02,-1.858673634e-02,-4.452544177e-03,
1.589582642e-01
l,3.0,2.0
1.471,2.471,3.471,
1.596383995e-05,6.468302162e+00
1.264808001e-03,-8.308170438e-04,-1.495039986e-03,9.653443854e-03,1.471778194e-02,-4.930227403e-03,-2.532281247e-02,-2.068941054e-02,-5.767969632e-03,
2.091980375e-04,-4.739193770e-04,-1.867441597e-04,-6.092862972e-03,-2.257048056e-02,-4.789431775e-02,-5.635764739e-02,-3.426704091e-02,-8.557658933e-03,
1.589892916e-01
l,3.0,3.0
1.511,2.491,3.491,
2.831185077e-05,5.859203303e+00
1.959142974e-03,-1.267383723e-03,-3.145925241e-03,1.149634105e-02,1.797852419e-02,-4.729379487e-03,-2.246114725e-02,-1.411239300e-02,-2.649087271e-03,
3.267055435e-04,-7.408360672e-04,-2.504732630e-04,-8.780988124e-03,-3.064510184e-02,-6.131311910e-02,-6.797519881e-02,-3.879560988e-02,-9.127341833e-03,
1.589892899e-01
l,4.0,-4.0
1.891,2.891,3.931,
6.553964256e-08,6.427187502e+00
2.464520003e-05,-1.278262823e-05,-3.118669492e-05,2.384319518e-04,7.354604480e-04,1.177252320e-03,1.271935655e-03,8.164713446e-04,2.224525444e-04,
3.848008433e-06,-8.843383528e-06,-3.257820608e-06,-1.102473752e-04,-3.931689865e-04,-8.020266448e-04,-9.012501868e-04,-5.189946084e-04,-1.222576302e-04,
1.589272294e-01
l,4.0,-3.0
1.911,2.931,3.951,
2.926255073e-08,8.192456782e+00
3.725364149e-05,-2.064762680e-05,-5.579961768e-05,2.217738678e-04,3.046116355e-04,-4.510399053e-04,-1.260833824e-03,-1.026846826e-03,-2.956004052e-04,
6.005361396e-06,-1.380913609e-05,-5.863473016e-06,-1.778373193e-04,-6.342253845e-04,-1.293464088e-03,-1.459606079e-03,-8.466919275e-04,-2.013139277e-04,
1.589583232e-01
l,4.0,-2.0
1.931,2.951,3.991,
8.728093578e-08,6.990137234e+00
5.709538164e-05,-2.862567405e-05,-8.503582680e-05,4.237908028e-04,1.069034033e-03,1.008235095e-03,4.732886980e-04,1.177667065e-04,1.611578653e-05,
8.948644161e-06,-2.059992440e-05,-6.958637758e-06,-2.495449440e-04,-8.774885317e-04,-1.767344240e-03,-1.960716540e-03,-1.112788816e-03,-2.583604469e-04,
1.589582529e-01
l,4.0,-1.0
1.971,2.971,4.011,
1.753246782e-07,6.416474274e+00
8.760688797e-05,-3.834387441e-05,-1.120259124e-04,9.056279656e-04,3.043599680e-03,5.190720170e-03,5.692371778e-03,3.602467676e-03,9.625556658e-04,
1.396188767e-05,-3.215821414e-05,-1.353150789e-05,-4.161784295e-04,-1.493124926e-03,-3.054466038e-03,-3.442316610e-03,-1.984773209e-03,-4.669004212e-04,
1.589582939e-01
l,4.0,0.0
1.991,3.011,4.031,
6.439938346e-08,8.372305209e+00
1.326716010e-04,-6.568854881e-05,-2.336825853e-04,6.484819407e-04,9.091137167e-04,-1.727491247e-03,-4.567664249e-03,-3.701216817e-03,-1.064109394e-03,
2.178322217e-05,-5.020059905e-05,-2.018957570e-05,-6.250239897e-04,-2.172102320e-03,-4.312075338e-03,-4.732290482e-03,-2.656890012e-03,-6.101785700e-04,
1.589582510e-01
l,4.0,1.0
2.011,3.031,4.071,
4.665859772e-07,5.979688658e+00
2.038076054e-04,-8.797534756e-05,-2.854288654e-04,1.883787568e-03,6.071052724e-03,9.445006464e-03,9.506981603e-03,5.711202207e-03,1.488019705e-03,
3.245331675e-05,-7.487084533e-05,-2.819136708e-05,-9.383254006e-04,-3.338816404e-03,-6.787563341e-03,-7.598458209e-03,-4.345347913e-03,-1.013746077e-03,
1.589582642e-01
l,4.0,2.0
2.051,3.071,4.091,
1.304942054e-07,8.248881303e+00
3.094653075e-04,-1.477783987e-04,-4.810585931e-04,1.996521558e-03,3.953525997e-03,-3.099746947e-04,-6.443213065e-03,-6.115557285e-03,-1.862768351e-03,
5.063049276e-05,-1.168705567e-04,-4.833272019e-05,-1.500862637e-03,-5.365989674e-03,-1.096941926e-02,-1.240013967e-02,-7.184393549e-03,-1.701568988e-03,
1.589582450e-01
l,4.0,3.0
2.071,3.091,4.131,
2.927682577e-07,7.573982614e+00
4.754964029e-04,-2.073040351e-04,-7.735555535e-04,3.257920133e-03,8.452987033e-03,6.910522014e-03,8.976754023e-04,-1.699308027e-03,-7.127178967e-04,
7.542156578e-05,-1.742815200e-04,-5.341777573e-05,-2.067292226e-03,-7.232637090e-03,-1.450936587e-02,-1.601924555e-02,-9.013199506e-03,-2.069185448e-03,
1.589582434e-01
l,4.0,4.0
2.111,3.111,4.151,
8.025269854e-07,6.643573974e+00
7.320030127e-04,-2.797982766e-04,-1.013691475e-03,7.324240835e-03,2.563662944e-02,4.384998318e-02,4.717841382e-02,2.918414172e-02,7.660086537e-03,
1.176612222e-04,-2.720437345e-04,-1.038143535e-04,-3.438612274e-03,-1.229186637e-02,-2.509105473e-02,-2.819379604e-02,-1.615819567e-02,-3.770774702e-03,
1.589582458e-01
l,5.0,-5.0
2.431,3.471,4.531,
3.901584103e-10,8.243474752e+00
3.850036137e-06,-1.511122420e-06,-6.010224891e-06,2.793863682e-05,8.066806684e-05,8.856873567e-05,4.870166410e-05,1.239150292e-05,8.530415441e-07,
5.870729381e-07,-1.368962676e-06,-4.638405788e-07,-1.670779201e-05,-5.820879259e-05,-1.161037220e-04,-1.270641021e-04,-7.068947713e-05,-1.599895543e-05,
1.589582540e-01
l,5.0,-4.0
2.451,3.491,4.551,
5.084378345e-10,8.301012240e+00
5.866989795e-06,-1.963804256e-06,-9.992164552e-06,3.873096544e-05,1.196787090e-04,1.374136215e-04,8.023982347e-05,2.286664289e-05,2.244722906e-06,
9.152357329e-07,-2.135075957e-06,-7.889181947e-07,-2.623015275e-05,-9.020847570e-05,-1.771553210e-04,-1.909752416e-04,-1.043695696e-04,-2.314173035e-05,
1.589272294e-01
l,5.0,-3.0
2.491,3.531,4.591,
1.095714537e-09,7.803882258e+00
8.864180927e-06,-3.196587158e-06,-1.364787957e-05,6.904954924e-05,2.190643216e-04,2.940176456e-04,2.334884035e-04,1.100267132e-04,2.367137330e-05,
1.362260316e-06,-3.180511839e-06,-1.074089596e-06,-3.892702966e-05,-1.361717999e-04,-2.725753131e-04,-2.992656660e-04,-1.668205868e-04,-3.777097869e-05,
1.589582670e-01
l,5.0,-2.0
2.511,3.571,4.631,
1.432406632e-09,7.867663739e+00
1.341336974e-05,-5.489171956e-06,-2.234012772e-05,9.119126596e-05,2.773962592e-04,3.388869572e-04,2.418649052e-04,1.051932508e-04,2.187563257e-05,
2.027073763e-06,-4.736490919e-06,-1.246955068e-06,-5.446098050e-05,-1.858463319e-04,-3.645835550e-04,-3.918910401e-04,-2.133806889e-04,-4.724807984e-05,
1.589582529e-01
l,5.0,-1.0
2.551,3.591,4.651,
2.713669898e-09,7.532699962e+00
2.046038935e-05,-6.968370067e-06,-3.232373292e-05,1.594084450e-04,5.351958458e-04,7.807231126e-04,6.903448748e-04,3.610499063e-04,8.409124012e-05,
3.160491253e-06,-7.387798171e-06,-2.398586651e-06,-8.943280900e-05,-3.113146396e-04,-6.203076470e-04,-6.777575303e-04,-3.753486735e-04,-8.433026733e-05,
1.589582939e-01
l,5.0,0.0
2.571,3.631,4.691,
2.997049646e-09,7.780008980e+00
3.095384091e-05,-1.200541557e-05,-5.166500573e-05,2.147672683e-04,6.829622635e-04,8.969910949e-04,7.045376115e-04,3.351362833e-04,7.371094019e-05,
4.702360435e-06,-1.100063600e-05,-2.967429292e-06,-1.271463491e-04,-4.342566432e-04,-8.523551695e-04,-9.168150285e-04,-4.991684474e-04,-1.103981944e-04,
1.589581965e-01
l,5.0,1.0
2.591,3.651,4.711,
2.706176019e-09,8.236302057e+00
4.732728848e-05,-1.559289363e-05,-8.026019052e-05,3.205436431e-04,1.035471395e-03,1.307776546e-03,9.185516231e-04,3.663222733e-04,6.628737043e-05,
7.331249384e-06,-1.715732192e-05,-5.297827809e-06,-2.042423860e-04,-7.036304802e-04,-1.388512186e-03,-1.502131460e-03,-8.220202443e-04,-1.822831273e-04,
1.589582642e-01
l,5.0,2.0
2.631,3.691,4.751,
4.475387650e-09,8.055425602e+00
7.163985720e-05,-2.656479623e-05,-1.178260244e-04,5.069636576e-04,1.613798193e-03,2.091989432e-03,1.573776480e-03,6.987780747e-04,1.428470633e-04,
1.090670332e-05,-2.554457771e-05,-6.820700299e-06,-2.966314287e-04,-1.020968578e-03,-2.019929980e-03,-2.189919415e-03,-1.201758726e-03,-2.677193899e-04,
1.589582450e-01
l,5.0,3.0
2.651,3.711,4.771,
6.773032933e-09,7.975453362e+00
1.096963024e-04,-3.541698848e-05,-1.904320536e-04,7.358614357e-04,2.488483247e-03,3.389086983e-03,2.691866595e-03,1.257884235e-03,2.672298819e-04,
1.700333280e-05,-3.983883581e-05,-1.178672847e-05,-4.682270281e-04,-1.600791925e-03,-3.137169439e-03,-3.369449968e-03,-1.827522770e-03,-4.012461029e-04,
1.589582434e-01
l,5.0,4.0
2.691,3.751,4.811,
5.647778812e-09,8.499603267e+00
1.663994044e-04,-6.020513063e-05,-2.699921164e-04,1.182481819e-03,3.681484246e-03,4.489381826e-03,2.964312281e-03,1.067133073e-03,1.672833925e-04,
2.529828358e-05,-5.931869318e-05,-1.576684194e-05,-6.938353118e-04,-2.407323007e-03,-4.800788913e-03,-5.244092381e-03,-2.899735592e-03,-6.506665461e-04,
1.589892924e-01
l,5.0,5.0
2.711,3.771,4.831,
1.305778268e-08,7.996594238e+00
2.549129131e-04,-8.139910124e-05,-4.413902164e-04,1.732777045e-03,5.939256698e-03,8.270918388e-03,6.745289391e-03,3.225920808e-03,6.957591560e-04,
3.943016529e-05,-9.249049521e-05,-2.602588929e-05,-1.078917932e-03,-3.690477752e-03,-7.244323579e-03,-7.791438083e-03,-4.229281751e-03,-9.290039497e-04,
1.589582573e-01
l,6.0,-6.0
2.991,4.051,5.131,
3.831222468e-12,9.154653533e+00
5.832030183e-07,-1.463968643e-07,-9.480960217e-07,4.157383898e-06,1.438564284e-05,1.995256006e-05,1.546373875e-05,6.676679273e-06,1.260151345e-06,
8.797973379e-08,-2.074254656e-07,-6.990179450e-08,-2.544590359e-06,-8.812493672e-06,-1.743883946e-05,-1.885011051e-05,-1.027530785e-05,-2.260541997e-06,
1.589582974e-01
l,6.0,-5.0
3.011,4.091,5.171,
5.451737670e-12,9.121530662e+00
8.782076861e-07,-2.600141015e-07,-1.622852883e-06,4.988652079e-06,1.731704565e-05,2.243343412e-05,1.608986638e-05,6.535680477e-06,1.197112683e-06,
1.307966688e-07,-3.085700397e-07,-7.488122436e-08,-3.466699950e-06,-1.152023318e-05,-2.199295626e-05,-2.289885450e-05,-1.194855260e-05,-2.510834778e-06,
1.589582540e-01
l,6.0,-4.0
3.051,4.131,5.211,
5.083850381e-12,9.476150966e+00
1.325263952e-06,-4.181311937e-07,-2.165188727e-06,9.060386400e-06,2.931864042e-05,3.668847619e-05,2.446092018e-05,8.609516120e-06,1.252721940e-06,
1.944396845e-07,-4.590026574e-07,-1.134544190e-07,-5.316897069e-06,-1.828104561e-05,-3.614093059e-05,-3.897697106e-05,-2.118610296e-05,-4.656983013e-06,
1.589582699e-01
l,6.0,-3.0
3.091,4.151,5.231,
9.880123407e-12,9.168334973e+00
2.011041943e-06,-5.190486045e-07,-3.644427114e-06,1.194045471e-05,4.279110615e-05,5.829309019e-05,4.430157738e-05,1.900951924e-05,3.632597931e-06,
3.030129315e-07,-7.155277437e-07,-2.012879391e-07,-8.303084970e-06,-2.789818121e-05,-5.374178866e-05,-5.652654280e-05,-2.983633660e-05,-6.338609751e-06,
1.589582124e-01
l,6.0,-2.0
3.111,4.191,5.271,
2.129063106e-11,8.780016532e+00
3.041614036e-06,-8.735126488e-07,-4.984763287e-06,2.171834791e-05,7.623576846e-05,1.105859456e-04,9.284076085e-05,4.453128978e-05,9.401830979e-06,
4.504135083e-07,-1.064249684e-06,-2.687133323e-07,-1.236010763e-05,-4.247266286e-05,-8.383265642e-05,-9.025062438e-05,-4.889900064e-05,-1.069566000e-05,
1.589583074e-01
l,6.0,-1.0
3.131,4.211,5.291,
7.920223754e-12,9.934921067e+00
4.618099865e-06,-1.033035836e-06,-8.050212994e-06,2.828134197e-05,9.840564119e-05,1.247831783e-04,8.010643920e-05,2.473493656e-05,2.532891436e-06,
7.018895951e-07,-1.658948323e-06,-5.318943792e-07,-2.000494044e-05,-6.849395919e-05,-1.341653079e-04,-1.435830836e-04,-7.727257024e-05,-1.674098335e-05,
1.589582394e-01
l,6.0,0.0
3.171,4.251,5.331,
5.633820435e-11,8.511412136e+00
6.990776910e-06,-1.880151459e-06,-1.214987625e-05,4.650730717e-05,1.724727090e-04,2.627233575e-04,2.342619012e-04,1.195293819e-04,2.661527504e-05,
1.043233543e-06,-2.467210922e-06,-5.874784958e-07,-2.807612094e-05,-9.507166401e-05,-1.850069269e-04,-1.963134077e-04,-1.044958615e-04,-2.239652037e-05,
1.589582510e-01
l,6.0,1.0
3.191,4.271,5.351,
2.894419346e-11,9.375610893e+00
1.063350010e-05,-2.121040416e-06,-1.771671366e-05,7.253719387e-05,2.651626891e-04,3.826649342e-04,3.065324098e-04,1.354632594e-04,2.587510865e-05,
1.625626804e-06,-3.845693224e-06,-1.295593007e-06,-4.724989575e-05,-1.636078221e-04,-3.236654377e-04,-3.497713694e-04,-1.901480898e-04,-4.158819236e-05,
1.589582642e-01
l,6.0,2.0
3.231,4.311,5.391,
6.434451866e-11,8.975504314e+00
1.609691935e-05,-4.123841629e-06,-2.994373851e-05,9.230404832e-05,3.474236165e-04,5.040886510e-04,4.197834229e-04,2.004612242e-04,4.239426222e-05,
2.416001433e-06,-5.718812809e-06,-1.277272707e-06,-6.370778367e-05,-2.122231767e-04,-4.064786892e-04,-4.243269762e-04,-2.213153497e-04,-4.631419587e-05,
1.589582450e-01
l,6.0,3.0
3.251,4.331,5.411,
1.197118690e-10,8.735259666e+00
2.454048990e-05,-4.621361116e-06,-4.138905096e-05,1.700637580e-04,6.555510532e-04,1.029053615e-03,9.247072648e-04,4.655766070e-04,1.011382420e-04,
3.764599418e-06,-8.913616992e-06,-2.860873713e-06,-1.081433867e-04,-3.729089196e-04,-7.350198665e-04,-7.911733214e-04,-4.277487588e-04,-9.291752175e-05,
1.589582434e-01
l,6.0,4.0
3.291,4.371,5.451,
4.793411992e-11,9.792134653e+00
3.716400897e-05,-9.069289216e-06,-7.060440250e-05,1.939729093e-04,7.083011730e-04,9.129735811e-04,6.165248172e-04,2.184224081e-04,3.194771727e-05,
5.595568729e-06,-1.325650631e-05,-3.207310365e-06,-1.495709399e-04,-4.977941518e-04,-9.516643264e-04,-9.919682597e-04,-5.165105102e-04,-1.078197566e-04,
1.589892808e-01
l,6.0,5.0
3.311,4.391,5.471,
2.557528984e-10,8.673164577e+00
5.675381908e-05,-1.062572313e-05,-1.021926548e-04,3.550589021e-04,1.421411632e-03,2.260452057e-03,2.065159308e-03,1.061239148e-03,2.353789245e-04,
8.716944351e-06,-2.065730734e-05,-5.893586720e-06,-2.422041248e-04,-8.213744748e-04,-1.594951466e-03,-1.690553472e-03,-8.968905287e-04,-1.906928233e-04,
1.589582573e-01
l,6.0,6.0
3.351,4.431,5.511,
5.026053226e-11,1.030939424e+01
8.609330689e-05,-2.021481243e-05,-1.600483937e-04,4.592395298e-04,1.624382494e-03,1.959371234e-03,1.120937943e-03,2.577552832e-04,1.228805247e-06,
1.295303631e-05,-3.071328774e-05,-7.074916503e-06,-3.467293638e-04,-1.166119078e-03,-2.255813443e-03,-2.379883953e-03,-1.255815499e-03,-2.659556109e-04,
1.589582323e-01
l,7.0,-7.0
3.571,4.651,5.751,
7.561133748e-14,9.464900550e+00
8.556020248e-08,-1.765670702e-08,-1.491467461e-07,5.488753492e-07,2.126414681e-06,3.301630007e-06,2.940181853e-06,1.474255629e-06,3.202676438e-07,
1.240039957e-08,-2.949635007e-08,-6.850800714e-09,-3.358674051e-07,-1.130832276e-06,-2.187382026e-06,-2.298101385e-06,-1.205886316e-06,-2.537286140e-07,
1.589582972e-01
l,7.0,-6.0
3.591,4.671,5.771,
1.985506272e-14,1.076556903e+01
1.292647056e-07,-1.783110035e-08,-2.439008125e-07,6.479915187e-07,2.560733124e-06,3.493233698e-06,2.462473737e-06,8.877354160e-07,1.262768706e-07,
1.931773033e-08,-4.596197816e-08,-1.302097237e-08,-5.356642275e-07,-1.789076732e-06,-3.419961916e-06,-3.556621255e-06,-1.842845568e-06,-3.810122969e-07,
1.589582974e-01
l,7.0,-5.0
3.631,4.711,5.811,
1.674694831e-13,9.356385667e+00
1.948883011e-07,-3.276743428e-08,-3.475588076e-07,1.200279232e-06,4.883562906e-06,7.868288160e-06,7.250647578e-06,3.737450051e-06,8.280927801e-07,
2.869441660e-08,-6.830581586e-08,-1.740837889e-08,-7.867363628e-07,-2.643086927e-06,-5.091254690e-06,-5.329308150e-06,-2.781840454e-06,-5.806258515e-07,
1.589582540e-01
l,7.0,-4.0
3.651,4.731,5.831,
1.004070687e-13,1.000664339e+01
2.948758038e-07,-2.864080443e-08,-5.298344484e-07,1.694301083e-06,7.043954895e-06,1.102177875e-05,9.565344941e-06,4.572126904e-06,9.386366035e-07,
4.469944969e-08,-1.064314897e-07,-3.576985030e-08,-1.293794332e-06,-4.382411395e-06,-8.469845754e-06,-8.914701907e-06,-4.684409149e-06,-9.823664687e-07,
1.589582153e-01
l,7.0,-3.0
3.691,4.771,5.871,
1.388794369e-13,1.000890141e+01
4.445361981e-07,-6.071909623e-08,-8.365734075e-07,2.341272896e-06,9.793508881e-06,1.510548297e-05,1.299906221e-05,6.220167152e-06,1.288150939e-06,
6.639159975e-08,-1.581590962e-07,-4.144633721e-08,-1.816276516e-06,-6.049089851e-06,-1.154046988e-05,-1.196949182e-05,-6.173935881e-06,-1.268565868e-06,
1.589583232e-01
l,7.0,-2.0
3.711,4.811,5.911,
1.443499114e-13,1.023065452e+01
6.711189258e-07,-1.138496122e-07,-1.249957001e-06,3.584280943e-06,1.432852196e-05,2.105759924e-05,1.707210169e-05,7.652068141e-06,1.486320914e-06,
9.860602415e-08,-2.350144603e-07,-5.216660271e-08,-2.636792326e-06,-8.774202120e-06,-1.678187920e-05,-1.743705048e-05,-9.011475321e-06,-1.858352867e-06,
1.589582529e-01
l,7.0,-1.0
3.751,4.831,5.931,
8.726371711e-14,1.086165175e+01
1.016322017e-06,-1.106354805e-07,-1.992885899e-06,4.514967052e-06,1.914314641e-05,2.699298072e-05,1.983616051e-05,7.618062743e-06,1.200804248e-06,
1.535969588e-07,-3.661657530e-07,-9.926119783e-08,-4.209805537e-06,-1.394552983e-05,-2.644018721e-05,-2.726683201e-05,-1.395726357e-05,-2.837130010e-06,
1.589582394e-01
l,7.0,0.0
3.771,4.871,5.971,
4.981398903e-13,9.795151139e+00
1.538002039e-06,-2.157123595e-07,-2.760758950e-06,9.031823194e-06,3.714397863e-05,5.869604061e-05,5.206728922e-05,2.557468986e-05,5.389476330e-06,
2.281094585e-07,-5.440566875e-07,-1.407058475e-07,-6.303344241e-06,-2.123445108e-05,-4.101466194e-05,-4.306755194e-05,-2.253423285e-05,-4.706723511e-06,
1.589581965e-01
l,7.0,1.0
3.811,4.891,5.991,
1.105299941e-13,1.117587088e+01
2.330197049e-06,-1.939763073e-07,-4.560281670e-06,1.006443928e-05,4.311990239e-05,5.982336985e-05,4.196842999e-05,1.465086950e-05,1.917165633e-06,
3.553108699e-07,-8.476395408e-07,-2.490529936e-07,-9.918127436e-06,-3.301327185e-05,-6.281959587e-05,-6.507121122e-05,-3.347908962e-05,-6.837925852e-06,
1.589582642e-01
l,7.0,2.0
3.831,4.931,6.031,
8.579952274e-13,9.893562183e+00
3.530527010e-06,-4.201273393e-07,-6.342366981e-06,2.050159562e-05,8.585877305e-05,1.372209962e-04,1.225646449e-04,6.034885726e-05,1.270659450e-05,
5.276429511e-07,-1.259344141e-06,-3.448570480e-07,-1.475508308e-05,-4.984667978e-05,-9.642959614e-05,-1.014317732e-04,-5.315154539e-05,-1.110716278e-05,
1.589582450e-01
l,7.0,3.0
3.871,4.951,6.051,
3.996634847e-13,1.071266421e+01
5.357358077e-06,-3.280796149e-07,-1.006162282e-05,2.632787770e-05,1.146429541e-04,1.749125310e-04,1.436519280e-04,6.370309957e-05,1.201219780e-05,
8.218466741e-07,-1.961981642e-06,-6.363182135e-07,-2.360036344e-05,-7.948354495e-05,-1.528084776e-04,-1.600226423e-04,-8.341058520e-05,-1.728236844e-05,
1.589582434e-01
l,7.0,4.0
3.891,4.991,6.091,
7.533886912e-13,1.049152589e+01
8.118425285e-06,-8.619982930e-07,-1.520065260e-05,4.156670961e-05,1.769948533e-04,2.716894473e-04,2.282257228e-04,1.048358313e-04,2.062897530e-05,
1.220376997e-06,-2.914712537e-06,-7.705999880e-07,-3.375135239e-05,-1.131813737e-04,-2.174022662e-04,-2.270439655e-04,-1.178552332e-04,-2.433428806e-05,
1.589582342e-01
l,7.0,5.0
3.931,5.011,6.111,
2.194592596e-12,9.959221280e+00
1.234594038e-05,-5.721535324e-07,-2.223506016e-05,6.908812360e-05,3.068939812e-04,5.108289085e-04,4.724916521e-04,2.396054890e-04,5.172380760e-05,
1.900775266e-06,-4.540780449e-06,-1.558132522e-06,-5.563744160e-05,-1.890848337e-04,-3.664402211e-04,-3.868831136e-04,-2.035577094e-04,-4.260316921e-05,
1.589582573e-01
l,7.0,6.0
3.951,5.051,6.151,
6.579939576e-13,1.108530615e+01
1.871399036e-05,-1.856728986e-06,-3.653203216e-05,8.277838138e-05,3.581886508e-04,5.178746054e-04,3.940141991e-04,1.588053073e-04,2.677735093e-05,
2.822870655e-06,-6.746593704e-06,-1.768415787e-06,-7.755040991e-05,-2.576676125e-04,-4.903640336e-04,-5.073516180e-04,-2.603165251e-04,-5.298306173e-05,
1.589892788e-01
l,7.0,7.0
3.991,5.071,6.171,
6.520520922e-12,9.671061209e+00
2.851029967e-05,-1.163710416e-06,-5.141534100e-05,1.614168513e-04,7.325229383e-04,1.257503692e-03,1.205767389e-03,6.333478549e-04,1.409693138e-04,
4.395714140e-06,-1.050798621e-05,-3.523723351e-06,-1.281152561e-04,-4.351108016e-04,-8.428542197e-04,-8.893244772e-04,-4.672781398e-04,-9.758479096e-05,
1.589582529e-01
l,8.0,-8.0
4.151,5.251,6.351,
4.757077570e-16,1.065674411e+01
1.232804969e-08,-1.844415093e-09,-2.199574492e-08,7.148789316e-08,2.927722982e-07,4.602097496e-07,4.053595686e-07,1.974536292e-07,4.125555663e-08,
1.812246520e-09,-4.340490823e-09,-1.165673262e-09,-5.083950277e-08,-1.713687895e-07,-3.311938070e-07,-3.478971189e-07,-1.821069851e-07,-3.804814206e-08,
1.589583094e-01
l,8.0,-7.0
4.171,5.271,6.391,
2.858365206e-16,1.124113396e+01
1.859658916e-08,-1.757298619e-09,-3.941032838e-08,6.240233962e-08,3.058650844e-07,4.548852878e-07,3.622237113e-07,1.582471267e-07,3.002126949e-08,
2.690205219e-09,-6.445930772e-09,-1.753842908e-10,-5.865793107e-08,-1.820931908e-07,-3.371563655e-07,-3.402995042e-07,-1.677999526e-07,-3.248115180e-08,
1.589582426e-01
l,8.0,-6.0
4.211,5.311,6.411,
3.980219596e-16,1.123754190e+01
2.798855014e-08,-3.076445558e-09,-5.203270458e-08,1.421127724e-07,6.029515920e-07,9.219814362e-07,7.703888119e-07,3.515074445e-07,6.864683919e-08,
4.189432813e-09,-1.004023603e-08,-2.940757250e-09,-1.187635695e-07,-3.984970728e-07,-7.651278910e-07,-7.991947512e-07,-4.153203135e-07,-8.587805444e-08,
1.589582974e-01
l,8.0,-5.0
4.251,5.351,6.451,
4.310305586e-16,1.140861045e+01
4.213276128e-08,-5.975154505e-09,-8.025970589e-08,2.017362369e-07,8.430548573e-07,1.238999919e-06,9.865077905e-07,4.281233386e-07,7.978952049e-08,
6.218667627e-09,-1.490943800e-08,-3.549004824e-09,-1.694031357e-07,-5.621017395e-07,-1.071308374e-06,-1.109516900e-06,-5.702792896e-07,-1.165257980e-07,
1.589581995e-01
l,8.0,-4.0
4.271,5.371,6.491,
2.738284339e-16,1.194591262e+01
6.363944749e-08,-5.140883209e-09,-1.305337761e-07,2.269403655e-07,1.058873397e-06,1.500328350e-06,1.087028563e-06,4.060144732e-07,6.134712794e-08,
9.230464804e-09,-2.213912760e-08,-5.386891299e-11,-1.943595219e-07,-5.815462223e-07,-1.027114491e-06,-9.749569246e-07,-4.386629502e-07,-7.422758944e-08,
1.589582153e-01
l,8.0,-3.0
4.311,5.411,6.511,
1.841437377e-15,1.086191021e+01
9.602774753e-08,-9.873087401e-09,-1.755707365e-07,5.130901705e-07,2.212833766e-06,3.541918696e-06,3.145515322e-06,1.535032334e-06,3.201251702e-07,
1.437383526e-08,-3.448222467e-08,-1.005725067e-08,-4.090125558e-07,-1.376382398e-06,-2.651707222e-06,-2.779609544e-06,-1.449791346e-06,-3.008635921e-07,
1.589583232e-01
l,8.0,-2.0
4.331,5.431,6.551,
3.163431374e-16,1.229071740e+01
1.450175944e-07,-8.498938571e-09,-3.280411040e-07,2.932989449e-07,1.734672319e-06,2.245100599e-06,1.295951973e-06,2.877854297e-07,-2.322308279e-09,
2.133408354e-08,-5.119957397e-08,-1.752927472e-09,-4.653202851e-07,-1.423071008e-06,-2.566306852e-06,-2.496043735e-06,-1.160418896e-06,-2.048702211e-07,
1.589582529e-01
l,8.0,-1.0
4.371,5.471,6.571,
4.598391749e-15,1.069420620e+01
2.191738986e-07,-1.542602480e-08,-3.916048323e-07,1.218242038e-06,5.359401624e-06,8.872161992e-06,8.154984836e-06,4.099137530e-06,8.746002708e-07,
3.322083794e-08,-7.974197973e-08,-2.649714446e-08,-9.748929591e-07,-3.309007101e-06,-6.413871439e-06,-6.769536120e-06,-3.559494945e-06,-7.445333609e-07,
1.589582562e-01
l,8.0,0.0
4.391,5.491,6.611,
1.065365223e-15,1.190967204e+01
3.312711101e-07,-1.016630499e-08,-7.459910838e-07,6.869826790e-07,4.306516114e-06,6.251300274e-06,4.554072895e-06,1.728156196e-06,2.728775072e-07,
4.930463288e-08,-1.183942834e-07,-7.956135203e-09,-1.112794309e-06,-3.472685650e-06,-6.411780683e-06,-6.440471754e-06,-3.140136819e-06,-5.932858500e-07,
1.589581965e-01
l,8.0,1.0
4.431,5.531,6.651,
5.408339588e-15,1.104028872e+01
5.009432016e-07,-2.211231590e-08,-8.946369355e-07,2.697616566e-06,1.200237580e-05,1.973305901e-05,1.784659243e-05,8.782819055e-06,1.832685091e-06,
7.317274179e-08,-1.757748928e-07,-3.252860204e-09,-1.566729011e-06,-4.724179406e-06,-8.482711580e-06,-8.305267165e-06,-3.940138110e-06,-7.266958874e-07,
1.589582642e-01
l,8.0,2.0
4.451,5.551,6.671,
5.971829266e-15,1.119884823e+01
7.584854984e-07,2.137898619e-09,-1.547986918e-06,2.654367922e-06,1.412885013e-05,2.335622313e-05,2.086315994e-05,1.015611249e-05,2.108366422e-06,
1.139373187e-07,-2.737505579e-07,-2.486612338e-08,-2.618920932e-06,-8.209253647e-06,-1.527464937e-05,-1.557957326e-05,-7.788370709e-06,-1.525983381e-06,
1.589582450e-01
l,8.0,3.0
4.491,5.591,6.711,
3.310827442e-15,1.181941748e+01
1.147071998e-06,-3.527156919e-08,-2.229757275e-06,4.719552151e-06,2.235065510e-05,3.480946170e-05,2.891109170e-05,1.290446294e-05,2.440094546e-06,
1.690845493e-07,-4.064006907e-07,-9.520828964e-09,-3.626889272e-06,-1.086657189e-05,-1.922652447e-05,-1.838797145e-05,-8.379950067e-06,-1.444490613e-06,
1.589582434e-01
l,8.0,4.0
4.511,5.611,6.731,
1.990151896e-14,1.085074263e+01
1.739770028e-06,5.737152693e-08,-3.169016747e-06,8.529929377e-06,4.129610830e-05,7.110881621e-05,6.688206536e-05,3.401871371e-05,7.290750511e-06,
2.633260624e-07,-6.330301459e-07,-7.337978624e-08,-6.128839963e-06,-1.902023248e-05,-3.497578356e-05,-3.535524562e-05,-1.754173531e-05,-3.415180258e-06,
1.589892924e-01
l,8.0,5.0
4.551,5.651,6.771,
2.291727247e-15,1.250764326e+01
2.633078111e-06,-7.280215382e-08,-5.781603080e-06,6.029786655e-06,3.509961632e-05,4.903772583e-05,3.293041607e-05,1.053284579e-05,1.153363704e-06,
3.906824919e-07,-9.395352455e-07,-2.959183830e-08,-8.492486978e-06,-2.572955485e-05,-4.588006195e-05,-4.406598234e-05,-2.007949824e-05,-3.427121794e-06,
1.589582573e-01
l,8.0,6.0
4.571,5.691,6.811,
1.161379131e-14,1.165992950e+01
3.995664883e-06,-2.498045381e-07,-7.849786399e-06,1.808872949e-05,8.607973241e-05,1.389144457e-04,1.200701973e-04,5.557664125e-05,1.082106661e-05,
5.798403726e-07,-1.394935945e-06,-2.197201509e-08,-1.261297475e-05,-3.900129973e-05,-7.217338155e-05,-7.299255918e-05,-3.606026011e-05,-6.990208712e-06,
1.589892788e-01
l,8.0,7.0
4.611,5.711,6.831,
4.261198185e-15,1.254106425e+01
6.061502063e-06,-1.421935893e-07,-1.402752052e-05,9.039729824e-06,6.691450529e-05,9.119324353e-05,5.682441195e-05,1.555199520e-05,1.037450614e-06,
9.026303566e-07,-2.171868274e-06,-9.254847115e-08,-2.000381977e-05,-6.180425909e-05,-1.127546710e-04,-1.113358150e-04,-5.276180233e-05,-9.534023472e-06,
1.589582529e-01
l,8.0,8.0
4.631,5.751,6.871,
5.587824695e-14,1.108313955e+01
9.208589290e-06,-4.110557200e-07,-1.789340001e-05,4.056207308e-05,1.990412826e-04,3.353345722e-04,3.075311604e-04,1.524075665e-04,3.182124339e-05,
1.339590878e-06,-3.224405872e-06,-3.675213562e-08,-2.881561043e-05,-8.770023225e-05,-1.596646155e-04,-1.589201305e-04,-7.702201719e-05,-1.460307202e-05,
1.589892932e-01
l,9.0,-9.0
4.731,5.851,6.971,
3.893175388e-18,1.158321032e+01
1.751240042e-09,-1.517885200e-10,-3.448679484e-09,7.012405305e-09,3.328416377e-08,5.342033165e-08,4.724786975e-08,2.298355328e-08,4.779882214e-09,
2.501388581e-10,-6.026076706e-10,5.119696099e-12,-5.272969450e-09,-1.578873848e-08,-2.822265923e-08,-2.741622805e-08,-1.285861210e-08,-2.340094963e-09,
1.589581962e-01
l,9.0,-8.0
4.771,5.871,6.991,
3.720452600e-18,1.182272863e+01
2.638024910e-09,-6.784619086e-11,-5.267724125e-09,1.011704199e-08,5.116979748e-08,8.419721661e-08,7.539074759e-08,3.686240069e-08,7.686738934e-09,
3.894376528e-10,-9.383511861e-10,-7.214758119e-11,-8.901457436e-09,-2.775914717e-08,-5.149843487e-08,-5.233210172e-08,-2.605657866e-08,-5.090769694e-09,
1.589581403e-01
l,9.0,-7.0
4.791,5.911,7.031,
2.254405712e-18,1.235182898e+01
3.965014983e-09,-2.020132970e-10,-8.338761699e-09,9.989787855e-09,5.301942626e-08,7.575095378e-08,5.687227263e-08,2.345947308e-08,4.262423358e-09,
5.777731122e-10,-1.392616214e-09,-3.295697898e-11,-1.248418221e-08,-3.741720196e-08,-6.625067530e-08,-6.332475933e-08,-2.882649704e-08,-4.961509071e-09,
1.589581325e-01
l,9.0,-6.0
4.831,5.931,7.051,
1.095031054e-17,1.155521080e+01
5.978312068e-09,1.542674146e-10,-1.083978609e-08,2.910317263e-08,1.403483671e-07,2.409807641e-07,2.260517147e-07,1.146819127e-07,2.451878177e-08,
8.995054575e-10,-2.168455959e-09,-2.460419307e-10,-2.097714189e-08,-6.489802947e-08,-1.189804141e-07,-1.198269338e-07,-5.914579818e-08,-1.143548370e-08,
1.589581870e-01
l,9.0,-5.0
4.871,5.971,7.091,
1.114611845e-18,1.321134944e+01
8.992498302e-09,-2.130493154e-10,-1.978318414e-08,1.921896711e-08,1.160325527e-07,1.628279106e-07,1.097808808e-07,3.539629514e-08,3.961297255e-09,
1.334449740e-09,-3.218052507e-09,-1.971212868e-10,-2.991929382e-08,-9.130231829e-08,-1.638173311e-07,-1.587036765e-07,-7.335790466e-08,-1.279806573e-08,
1.589581995e-01
l,9.0,-4.0
4.891,6.011,7.131,
7.803700050e-18,1.218930724e+01
1.356224999e-08,-5.956245087e-10,-2.647412742e-08,5.973474416e-08,2.904031352e-07,4.765542158e-07,4.196747992e-07,1.981187228e-07,3.933338539e-08,
1.979641862e-09,-4.775512333e-09,-1.942654765e-10,-4.407618021e-08,-1.365289691e-07,-2.526064206e-07,-2.558429095e-07,-1.267306488e-07,-2.462336197e-08,
1.589581418e-01
l,9.0,-3.0
4.931,6.051,7.171,
4.455289144e-18,1.274969569e+01
2.041647029e-08,-1.589661132e-09,-4.337412155e-08,4.818079914e-08,2.508359550e-07,3.339044821e-07,2.238831082e-07,7.913564236e-08,1.201304061e-08,
2.936685543e-09,-7.086496716e-09,1.172425426e-10,-6.164151597e-08,-1.836826230e-07,-3.243847105e-07,-3.081060641e-07,-1.384115801e-07,-2.330073163e-08,
1.589581112e-01
l,9.0,-2.0
4.951,6.071,7.191,
3.495859078e-17,1.166794904e+01
3.085317957e-08,-6.630523520e-11,-6.005632220e-08,1.240937843e-07,6.395141920e-07,1.093532017e-06,1.012913147e-06,5.059204247e-07,1.063083802e-07,
4.571720353e-09,-1.103376169e-08,-7.209980841e-10,-1.029114468e-07,-3.152585036e-07,-5.743737684e-07,-5.734044864e-07,-2.792414577e-07,-5.308952035e-08,
1.589580876e-01
l,9.0,-1.0
4.991,6.111,7.231,
2.175889530e-18,1.360598975e+01
4.649345087e-08,-2.682685398e-09,-1.019833471e-07,8.759478379e-08,4.919071842e-07,5.668891174e-07,2.467162077e-07,3.171240792e-09,-1.880844319e-08,
6.781572215e-09,-1.637241470e-08,-2.122396683e-10,-1.470074393e-07,-4.464800967e-07,-8.012553858e-07,-7.744006084e-07,-3.556531337e-07,-6.144712997e-08,
1.589581045e-01
l,9.0,0.0
5.011,6.131,7.251,
3.503721206e-17,1.208636803e+01
7.027431792e-08,1.724222193e-09,-1.442031898e-07,1.894701278e-07,1.103316568e-06,1.809145870e-06,1.594983401e-06,7.690628947e-07,1.587314554e-07,
1.055705020e-08,-2.549139166e-08,-2.132021681e-09,-2.397108305e-07,-7.276246953e-07,-1.302512723e-06,-1.270380186e-06,-5.972367648e-07,-1.075424086e-07,
1.589580830e-01
l,9.0,1.0
5.051,6.171,7.291,
3.812611246e-18,1.366460920e+01
1.061155004e-07,-3.503666111e-09,-2.272582320e-07,2.716545952e-07,1.474374514e-06,2.021528210e-06,1.316165771e-06,3.951423817e-07,3.658861363e-08,
1.565934082e-08,-3.782339433e-08,-1.743271699e-09,-3.516371135e-07,-1.091381517e-06,-2.005877401e-06,-2.000579293e-06,-9.625446489e-07,-1.779373339e-07,
1.589581126e-01
l,9.0,2.0
5.071,6.191,7.331,
5.041065192e-18,1.369711336e+01
1.603657012e-07,3.379624097e-09,-3.925004526e-07,-3.403838219e-08,8.564837536e-07,8.536229004e-07,4.557400855e-08,-2.957226717e-07,-1.115318329e-07,
2.322689032e-08,-5.611935003e-08,2.775340023e-09,-4.550127909e-07,-1.268869652e-06,-2.092366840e-06,-1.819411592e-06,-6.930750931e-07,-8.093371763e-08,
1.589580595e-01
l,9.0,3.0
5.111,6.231,7.351,
2.482310845e-17,1.292188794e+01
2.427024128e-07,-5.085160857e-10,-4.906172008e-07,8.778111488e-07,4.608314704e-06,7.430761628e-06,6.282472150e-06,2.814406362e-06,5.276519168e-07,
3.615654899e-08,-8.737259687e-08,-6.368365704e-09,-8.306941419e-07,-2.601334212e-06,-4.840003342e-06,-4.925193819e-06,-2.445444465e-06,-4.731563261e-07,
1.589580541e-01
l,9.0,4.0
5.151,6.271,7.391,
7.223064473e-17,1.247717593e+01
3.669362911e-07,-1.125490469e-08,-7.591731147e-07,9.794914877e-07,5.390479326e-06,8.357533968e-06,6.968000016e-06,3.206193126e-06,6.401781777e-07,
5.363770313e-08,-1.296554405e-07,-3.409258859e-09,-1.169241287e-06,-3.510708055e-06,-6.242813457e-06,-6.014575739e-06,-2.770012204e-06,-4.846802602e-07,
1.589890953e-01
l,9.0,5.0
5.171,6.291,7.411,
1.847667402e-16,1.211214283e+01
5.560885938e-07,1.500385934e-08,-1.084327249e-06,2.201136841e-06,1.171989538e-05,2.026459627e-05,1.875845350e-05,9.283761150e-06,1.924006489e-06,
8.347793856e-08,-2.018170699e-07,-1.730256547e-08,-1.925205874e-06,-5.980672152e-06,-1.104748858e-05,-1.120671301e-05,-5.562260330e-06,-1.078999532e-06,
1.589580587e-01
l,9.0,6.0
5.211,6.331,7.451,
2.537999799e-17,1.352471893e+01
8.412050079e-07,-2.311126623e-08,-1.844190775e-06,1.369423617e-06,8.729527739e-06,1.106892926e-05,6.287414210e-06,1.483236882e-06,5.499401079e-08,
1.238085240e-07,-2.994103790e-07,-5.423131349e-09,-2.690953038e-06,-8.115852362e-06,-1.444488816e-05,-1.385257781e-05,-6.287713212e-06,-1.064519754e-06,
1.589580412e-01
l,9.0,7.0
5.231,6.351,7.471,
4.104567717e-16,1.204777428e+01
1.276226953e-06,5.629598517e-08,-2.548481621e-06,4.043000697e-06,2.319087466e-05,4.007329320e-05,3.722490857e-05,1.866462824e-05,3.945114897e-06,
1.927202690e-07,-4.661312732e-07,-4.032976802e-08,-4.412187958e-06,-1.349597840e-05,-2.444409880e-05,-2.424691091e-05,-1.167627092e-05,-2.174046963e-06,
1.589580191e-01
l,9.0,8.0
5.271,6.391,7.511,
1.927906411e-17,1.409752076e+01
1.933533895e-06,-4.673559688e-08,-4.264336812e-06,3.445456413e-06,2.138294298e-05,2.674197585e-05,1.388214670e-05,1.969075327e-06,-4.330530258e-07,
2.858169709e-07,-6.915074604e-07,-2.042801856e-08,-6.331246984e-06,-1.945167304e-05,-3.531929041e-05,-3.466100599e-05,-1.624508648e-05,-2.880170874e-06,
1.589579994e-01
l,9.0,9.0
5.291,6.411,7.531,
2.081112769e-16,1.287389834e+01
2.934483973e-06,1.339763343e-07,-6.244406429e-06,5.409801615e-06,3.730108979e-05,5.862166968e-05,4.814284938e-05,2.158201337e-05,4.192893591e-06,
4.448930552e-07,-1.076534638e-06,-8.924252213e-08,-1.013737140e-05,-3.077509797e-05,-5.496328552e-05,-5.335003158e-05,-2.478992269e-05,-4.355660168e-06,
1.589579853e-01
