l,0.0,-0.0
0.091,0.811,1.531,
3.386602943e+00,2.990628761e+00
9.769380093e-03,-1.728482776e-02,1.337260438e-02,-1.224586582e-01,-2.312168693e+00,-1.144012770e+01,-2.689183418e+01,-2.975712995e+01,-1.250141732e+01,
1.996691051e-03,-5.020156706e-03,-3.315162324e-03,-9.251331932e-02,-3.871456606e-01,-8.796174411e-01,-1.059492073e+00,-6.267438685e-01,-1.395106581e-01,
1.587237963e-01
l,1.0,-1.0
0.291,1.091,1.911,
4.054331400e-02,4.321392457e+00
9.882538579e-04,-1.655424993e-03,-3.218661828e-03,-3.587736564e-02,-2.281741974e-01,-6.784043918e-01,-1.149243695e+00,-1.033309835e+00,-3.737162428e-01,
1.556656528e-04,-4.078315981e-04,-2.947000465e-04,-8.562834417e-03,-3.906133719e-02,-1.001490568e-01,-1.415969300e-01,-1.038643946e-01,-3.101150563e-02,
1.585697983e-01
l,1.0,0.0
0.351,1.071,1.791,
9.618977472e+00,8.778419904e+00
5.033692811e-03,-5.983861778e-03,6.014234446e-03,-1.928293329e-01,-2.688716554e+00,-1.155919273e+01,-2.434046191e+01,-2.531121319e+01,-1.032117987e+01,
1.028526996e-03,-2.668614672e-03,-4.807856683e-03,-1.120818034e-01,-6.856175576e-01,-2.273872256e+00,-4.135242121e+00,-3.881533446e+00,-1.470858651e+00,
1.589101100e-01
l,1.0,1.0
0.451,1.171,1.951,
1.828686129e-01,4.209526981e+00
2.056487091e-02,-3.958254536e-02,1.251587704e-02,1.079277674e+00,8.879641251e+00,3.522104474e+01,6.791018230e+01,6.297170580e+01,2.268019460e+01,
3.276626860e-03,-8.723370403e-03,-8.207585438e-03,-2.142875561e-01,-9.793147330e-01,-2.418899200e+00,-3.170274521e+00,-2.072461030e+00,-5.269090793e-01,
1.586007040e-01
l,2.0,-2.0
0.631,1.431,2.271,
1.483458204e-04,4.318659505e+00
8.508146857e-05,-1.179553116e-04,3.932842056e-05,5.375131936e-04,-1.387309946e-03,-2.237139750e-03,3.484387497e-03,7.608327441e-03,3.625427639e-03,
1.240445547e-05,-3.350897669e-05,-1.151040404e-05,-5.235783505e-04,-2.138253770e-03,-5.231741031e-03,-7.328914632e-03,-5.510294081e-03,-1.744737373e-03,
1.585698285e-01
l,2.0,-1.0
0.671,1.491,2.311,
5.170278368e-04,5.061233277e+00
3.501118044e-04,-5.357442161e-04,-9.105550985e-04,1.266578811e-03,1.103196149e-02,5.839731182e-02,1.224193378e-01,1.089929451e-01,3.525343742e-02,
5.363063657e-05,-1.453035597e-04,-9.124568659e-05,-3.009451139e-03,-1.330236831e-02,-3.203256914e-02,-4.095691237e-02,-2.608376516e-02,-6.522142477e-03,
1.587857764e-01
l,2.0,0.0
0.711,1.531,2.371,
1.305188611e-03,4.915705131e+00
1.476546051e-03,-1.966987946e-03,-6.782844015e-03,-5.626076666e-02,-3.912363368e-01,-1.139145840e+00,-1.667557485e+00,-1.231354991e+00,-3.657067394e-01,
2.192677606e-04,-5.967722402e-04,-2.906253411e-04,-1.136324401e-02,-5.055377787e-02,-1.265635455e-01,-1.724486503e-01,-1.203015374e-01,-3.410595669e-02,
1.587547426e-01
l,2.0,1.0
0.831,1.571,2.371,
4.159352781e-03,5.659305354e+00
6.471922155e-03,-8.198382283e-03,5.292391159e-03,3.636915465e-01,2.101486011e+00,6.731688196e+00,1.175472356e+01,1.033212946e+01,3.584152173e+00,
1.057956931e-03,-2.886797101e-03,-2.064255444e-03,-6.201718458e-02,-2.747804942e-01,-6.716712429e-01,-8.873848764e-01,-5.956439965e-01,-1.619057018e-01,
1.588790592e-01
l,2.0,2.0
0.871,1.651,2.491,
1.246287930e-02,5.001070443e+00
2.730852924e-02,-4.008372976e-02,4.541630573e-02,1.286616646e+00,5.933583662e+00,1.697300002e+01,2.772938457e+01,2.303198075e+01,7.559528422e+00,
3.686340235e-03,-1.020913277e-02,-2.521690571e-03,-1.497852120e-01,-5.431053440e-01,-1.129863000e+00,-1.253718354e+00,-7.012741590e-01,-1.637453189e-01,
1.586626930e-01
l,3.0,-3.0
0.971,1.791,2.651,
1.690172265e-06,5.419823183e+00
6.648859198e-06,-9.108010288e-06,-8.656778769e-06,1.136319835e-04,5.510932811e-04,1.768532812e-03,3.136554502e-03,2.711239942e-03,9.032692875e-04,
9.127655469e-07,-2.523233862e-06,-7.725113678e-07,-3.948533336e-05,-1.581297396e-04,-3.720038013e-04,-4.839900931e-04,-3.257108152e-04,-9.022562021e-05,
1.586627002e-01
l,3.0,-2.0
1.031,1.871,2.731,
4.169311348e-06,5.154686571e+00
2.533641964e-05,-2.974953763e-05,-2.634590072e-05,3.786818490e-04,1.272045350e-03,3.319831564e-03,5.706604655e-03,4.953853367e-03,1.653179495e-03,
3.520860307e-06,-9.771978478e-06,-3.399035100e-06,-1.667606274e-04,-7.191092451e-04,-1.827007250e-03,-2.593393268e-03,-1.920709704e-03,-5.859436948e-04,
1.587858068e-01
l,3.0,-1.0
1.111,1.931,2.811,
1.001621016e-05,5.723338247e+00
9.909083019e-05,-1.061161410e-04,-1.873164552e-04,1.765887612e-03,8.140750888e-03,2.244086601e-02,3.703661974e-02,3.143480223e-02,1.050694364e-02,
1.355924152e-05,-3.777527151e-05,-1.296428284e-05,-6.309963246e-04,-2.584769173e-03,-6.112351256e-03,-7.927257571e-03,-5.271980326e-03,-1.435805154e-03,
1.587857764e-01
l,3.0,0.0
1.171,2.011,2.871,
3.080165123e-05,5.210767580e+00
3.863874008e-04,-3.872096274e-04,-5.425650875e-04,6.618277050e-03,2.505358690e-02,6.050656052e-02,9.497190997e-02,7.909964643e-02,2.611461753e-02,
5.520050244e-05,-1.542115584e-04,-6.051324822e-05,-2.700267456e-03,-1.159112421e-02,-2.918516053e-02,-4.100388383e-02,-2.994879039e-02,-9.004937803e-03,
1.588480358e-01
l,3.0,1.0
1.251,2.071,2.931,
7.972703064e-05,5.961368171e+00
1.573567977e-03,-1.655080643e-03,-3.537892134e-03,2.471241361e-02,1.111888007e-01,2.950300617e-01,4.842097123e-01,4.149097551e-01,1.404661361e-01,
2.245553177e-04,-6.291877611e-04,-1.355603352e-04,-9.363466757e-03,-3.675694480e-02,-8.480828884e-02,-1.075523464e-01,-6.945554003e-02,-1.834996489e-02,
1.588169971e-01
l,3.0,2.0
1.271,2.111,2.971,
2.606444114e-04,6.100177128e+00
6.768891122e-03,-5.816382128e-03,-9.208072673e-03,5.942481766e-02,-1.195801439e-01,-9.453768423e-01,-1.718422061e+00,-1.354416905e+00,-4.060096658e-01,
9.673598921e-04,-2.719679286e-03,-9.960170581e-04,-4.828955536e-02,-2.065429747e-01,-5.072900302e-01,-6.853407696e-01,-4.782892097e-01,-1.380984962e-01,
1.588480456e-01
l,3.0,3.0
1.311,2.171,3.051,
4.837795848e-04,8.451186099e+00
2.939330041e-02,-2.802200112e-02,-2.154085215e-02,3.418671200e-01,-3.780970598e-01,-4.001774182e+00,-7.626966551e+00,-6.307320087e+00,-2.005012678e+00,
3.734119364e-03,-1.059765648e-02,-4.587332479e-03,-2.035278607e-01,-9.079936537e-01,-2.346325680e+00,-3.339465663e+00,-2.467147163e+00,-7.505552262e-01,
1.586928142e-01
l,4.0,-4.0
1.311,2.171,3.051,
1.715900011e-08,6.107949965e+00
4.758888963e-07,-5.887770549e-07,-1.099991620e-06,4.475457687e-06,1.479063570e-05,3.819339349e-05,7.076980445e-05,6.576954712e-05,2.304734086e-05,
6.216335482e-08,-1.749172171e-07,-2.141462914e-08,-2.292111944e-06,-7.814909207e-06,-1.517194227e-05,-1.501561756e-05,-6.548893975e-06,-8.587625873e-07,
1.586928240e-01
l,4.0,-3.0
1.411,2.251,3.151,
3.012496631e-08,6.903352354e+00
1.758466965e-06,-1.743626675e-06,-2.586946543e-06,3.957863266e-05,1.864635303e-04,5.004647262e-04,7.901928746e-04,6.464860124e-04,2.099000664e-04,
2.257073847e-07,-6.374505837e-07,-2.119409610e-07,-1.119713785e-05,-4.762335571e-05,-1.158415135e-04,-1.531121974e-04,-1.032967279e-04,-2.840161614e-05,
1.587857845e-01
l,4.0,-2.0
1.491,2.331,3.231,
7.053408235e-08,6.974042040e+00
6.519041108e-06,-5.103395025e-06,-7.388342175e-06,1.592992682e-04,7.344348007e-04,1.889875693e-03,2.885066103e-03,2.316917612e-03,7.457952137e-04,
8.659118449e-07,-2.452345687e-06,-1.015789149e-06,-4.586275511e-05,-2.025985811e-04,-5.129641836e-04,-7.103285227e-04,-5.037533419e-04,-1.453917791e-04,
1.587860250e-01
l,4.0,-1.0
1.571,2.411,3.311,
1.986992520e-07,6.830816429e+00
2.445265091e-05,-1.573035930e-05,-2.741560041e-05,4.737535940e-04,1.793848545e-03,3.817832257e-03,5.284772908e-03,4.110289707e-03,1.318220859e-03,
3.319981767e-06,-9.427383521e-06,-3.562157036e-06,-1.683782783e-04,-7.304723467e-04,-1.841503293e-03,-2.560964136e-03,-1.831438189e-03,-5.350248054e-04,
1.587859947e-01
l,4.0,0.0
1.611,2.491,3.391,
4.130011965e-07,7.514066092e+00
9.335600771e-05,-5.715475552e-05,-1.468477530e-04,9.434309996e-04,1.083881072e-03,-3.692864460e-03,-9.635681241e-03,-8.517949933e-03,-2.717255176e-03,
1.272184103e-05,-3.621613786e-05,-9.783442955e-06,-5.767677152e-04,-2.340106231e-03,-5.611996761e-03,-7.489661544e-03,-5.166704623e-03,-1.472561153e-03,
1.587859857e-01
l,4.0,1.0
1.671,2.571,3.471,
1.117200816e-06,7.656555660e+00
3.647386038e-04,-2.531073043e-04,-7.323250413e-04,2.222214673e-03,-3.091658498e-03,-3.262132586e-02,-6.100834841e-02,-4.810308140e-02,-1.426768633e-02,
4.874305636e-05,-1.391014218e-04,-2.102893438e-05,-1.964604643e-03,-7.278987400e-03,-1.594329538e-02,-1.923701674e-02,-1.185796964e-02,-3.046138175e-03,
1.588480342e-01
l,4.0,2.0
1.751,2.631,3.531,
6.309026835e-06,6.562939577e+00
1.489070011e-03,-9.732151961e-04,-2.100221694e-03,2.195508890e-02,6.683858809e-02,1.048330340e-01,1.213644143e-01,9.202484178e-02,3.052839367e-02,
1.976041875e-04,-5.650478992e-04,-1.032301424e-04,-8.718242717e-03,-3.564880235e-02,-8.659210445e-02,-1.166719350e-01,-8.109949949e-02,-2.327016171e-02,
1.588480456e-01
l,4.0,3.0
1.771,2.671,3.571,
9.200849394e-06,8.097792796e+00
6.372765172e-03,-4.568682483e-03,-1.689080482e-02,7.607534392e-02,2.776360590e-01,4.040649401e-01,3.219814895e-01,1.338940644e-01,2.082319537e-02,
8.487846976e-04,-2.432837542e-03,-6.523632358e-04,-4.039841466e-02,-1.641382275e-01,-3.820047263e-01,-4.794659902e-01,-3.017824958e-01,-7.666142667e-02,
1.588480484e-01
l,4.0,4.0
1.831,2.731,3.631,
9.293055587e-06,1.016833934e+01
2.762092091e-02,-2.413186828e-02,-7.797247379e-02,1.452929103e-01,-2.473863877e-01,-2.735923414e+00,-5.467248457e+00,-4.611900654e+00,-1.462291681e+00,
3.451146279e-03,-9.956553083e-03,-2.334494040e-03,-1.535639751e-01,-5.680845208e-01,-1.204338741e+00,-1.347926365e+00,-7.330925398e-01,-1.569703898e-01,
1.587238266e-01
l,5.0,-5.0
1.651,2.551,3.451,
2.980803083e-11,1.026671237e+01
3.257073899e-08,-3.109934918e-08,-8.068098304e-08,8.043719856e-08,-9.826340396e-07,-4.921935898e-06,-8.565956253e-06,-6.821887534e-06,-2.099295038e-06,
4.160862030e-09,-1.186603619e-08,-2.122603878e-09,-1.689816148e-07,-6.022106802e-07,-1.229630027e-06,-1.324240779e-06,-6.870464580e-07,-1.383798640e-07,
1.587237822e-01
l,5.0,-4.0
1.791,2.651,3.551,
2.273231952e-10,7.782216515e+00
1.156304990e-07,-9.197347819e-08,-1.619051579e-07,2.341131253e-06,9.813922820e-06,2.256264778e-05,3.167189865e-05,2.392386436e-05,7.323940949e-06,
1.504904812e-08,-4.304000572e-08,-1.671514841e-08,-7.955905416e-07,-3.474302053e-06,-8.723041401e-06,-1.197041154e-05,-8.405905406e-06,-2.404203922e-06,
1.587857899e-01
l,5.0,-3.0
1.851,2.751,3.651,
3.419665072e-10,8.569616264e+00
4.117617038e-07,-2.972965125e-07,-8.345239222e-07,2.391111666e-06,-4.140703695e-06,-3.866530604e-05,-7.196843822e-05,-5.704597350e-05,-1.706522196e-05,
5.437587737e-08,-1.559334527e-07,-2.912273936e-08,-2.261742475e-06,-8.375463153e-06,-1.826435087e-05,-2.187772318e-05,-1.335128395e-05,-3.384947636e-06,
1.588170157e-01
l,5.0,-2.0
1.931,2.831,3.751,
3.360997620e-10,9.953227065e+00
1.507140041e-06,-9.030246978e-07,-3.398268398e-06,1.029602411e-05,6.547124836e-07,-1.100341074e-04,-2.440153067e-04,-2.132289112e-04,-6.861643774e-05,
1.963257191e-07,-5.644360712e-07,-1.618134190e-07,-9.137277409e-06,-3.541977560e-05,-7.850227893e-05,-9.373509728e-05,-5.596569944e-05,-1.351285064e-05,
1.588480750e-01
l,5.0,-1.0
2.011,2.931,3.851,
6.919355843e-09,6.903661400e+00
5.533248896e-06,-3.686552929e-06,-1.416931141e-05,6.329622713e-05,2.693057112e-04,5.190977256e-04,6.098341336e-04,4.031440018e-04,1.121003534e-04,
7.080589656e-07,-2.040571760e-06,-2.655907091e-07,-2.996326812e-05,-1.171223676e-04,-2.701063153e-04,-3.396235893e-04,-2.154327546e-04,-5.557431595e-05,
1.588170076e-01
l,5.0,0.0
2.091,3.011,3.931,
1.274094918e-08,7.531100191e+00
2.089988993e-05,-1.202959099e-05,-4.557775823e-05,2.558315213e-04,1.011389391e-03,1.835805843e-03,2.036436467e-03,1.286817107e-03,3.459618537e-04,
2.704197890e-06,-7.807608997e-06,-1.508985102e-06,-1.207025207e-04,-4.822772643e-04,-1.138935706e-03,-1.479721002e-03,-9.795715612e-04,-2.651219483e-04,
1.588169986e-01
l,5.0,1.0
2.151,3.071,4.011,
5.520938666e-08,7.056690123e+00
8.140609862e-05,-4.223773129e-05,-2.392567754e-04,7.624171824e-04,3.751376672e-03,7.472176895e-03,8.718672952e-03,5.652415600e-03,1.543387105e-03,
1.032561600e-05,-2.986508057e-05,-4.759559795e-06,-4.403686736e-04,-1.661688144e-03,-3.661598405e-03,-4.356908159e-03,-2.572030031e-03,-6.080614936e-04,
1.588480342e-01
l,5.0,2.0
2.211,3.131,4.071,
1.139303782e-07,7.622807854e+00
3.240313963e-04,-1.594621410e-04,-1.076848144e-03,1.825969948e-03,8.857020932e-03,1.307688840e-02,1.046817676e-02,4.878428359e-03,1.088066487e-03,
4.175525229e-05,-1.209297085e-04,-1.076885266e-05,-1.612720217e-03,-5.592710892e-03,-1.120830186e-02,-1.172950336e-02,-5.619948061e-03,-9.404631705e-04,
1.588480456e-01
l,5.0,3.0
2.271,3.191,4.131,
1.572928436e-07,8.716005802e+00
1.325926976e-03,-6.256884165e-04,-3.855510368e-03,7.509763073e-03,2.131616033e-02,-4.204008240e-03,-5.087623720e-02,-5.161498911e-02,-1.671020839e-02,
1.688396983e-04,-4.896906474e-04,-1.263605752e-05,-6.309846184e-03,-2.183104910e-02,-4.378722671e-02,-4.575921395e-02,-2.192257506e-02,-3.727825739e-03,
1.588480484e-01
l,5.0,4.0
2.311,3.231,4.171,
7.658740339e-07,8.329024082e+00
5.669115111e-03,-1.889199142e-03,-1.074649503e-02,7.982061167e-02,3.238672900e-01,5.810563999e-01,6.064887966e-01,3.541271794e-01,8.848712251e-02,
7.238277872e-04,-2.102918136e-03,-5.580273435e-04,-3.568649094e-02,-1.475153968e-01,-3.526641296e-01,-4.586849624e-01,-3.019309124e-01,-8.069748292e-02,
1.588480661e-01
l,5.0,5.0
2.371,3.291,4.231,
4.665178053e-06,7.764382336e+00
2.467533946e-02,-1.369184362e-02,-6.148211851e-02,3.194031827e-01,1.389494165e+00,2.648865933e+00,2.979555732e+00,1.874134405e+00,4.997663396e-01,
2.933671822e-03,-8.563271910e-03,-1.689439150e-03,-1.363598914e-01,-5.381247457e-01,-1.243272092e+00,-1.555685627e+00,-9.823883755e-01,-2.529849476e-01,
1.587857719e-01
l,6.0,-6.0
2.031,2.951,3.871,
1.316822593e-12,7.766749646e+00
2.116453013e-09,-1.759785056e-09,-5.127312148e-09,2.134861066e-08,5.999713405e-08,5.797330439e-08,2.507424601e-08,5.540415778e-09,1.297296798e-09,
2.593700878e-10,-7.478317826e-10,-9.246458325e-11,-1.093656205e-08,-4.147081934e-08,-9.088252329e-08,-1.061252217e-07,-6.121772685e-08,-1.414398652e-08,
1.587547430e-01
l,6.0,-5.0
2.131,3.051,3.971,
1.829824928e-12,8.474592431e+00
7.399254098e-09,-4.640600210e-09,-1.476857357e-08,9.035632660e-08,3.060408507e-07,4.702687932e-07,4.561357541e-07,2.681669983e-07,7.018655231e-08,
9.350456992e-10,-2.702064129e-09,-5.313803789e-10,-4.210896458e-08,-1.687963494e-07,-4.006286545e-07,-5.238630984e-07,-3.507131283e-07,-9.641348337e-08,
1.587860261e-01
l,6.0,-4.0
2.231,3.151,4.071,
2.533407874e-12,9.151183051e+00
2.594907933e-08,-1.455768228e-08,-5.577833943e-08,2.455346911e-07,5.646173892e-07,-3.139845065e-08,-1.085529258e-06,-1.112140663e-06,-3.592811857e-07,
3.368095263e-09,-9.753844853e-09,-2.545004863e-09,-1.565237182e-07,-6.063956282e-07,-1.348222078e-06,-1.616177830e-06,-9.676662770e-07,-2.340602507e-07,
1.587860082e-01
l,6.0,-3.0
2.331,3.251,4.171,
2.296549861e-11,7.600868935e+00
9.229128040e-08,-5.026889222e-08,-2.452779165e-07,1.032464865e-06,4.753393974e-06,9.414712058e-06,1.098881538e-05,7.119839055e-06,1.940169921e-06,
1.212952477e-08,-3.519796506e-08,-9.128187977e-09,-5.605791972e-07,-2.203217520e-06,-5.056816767e-06,-6.327575837e-06,-3.980621026e-06,-1.011876668e-06,
1.588480528e-01
l,6.0,-2.0
2.411,3.351,4.291,
3.248381797e-12,1.094980700e+01
3.314484047e-07,-1.469055904e-07,-5.822652989e-07,3.501932149e-06,8.473389672e-06,1.505637444e-06,-1.359133080e-05,-1.577118943e-05,-5.509268021e-06,
4.117421695e-08,-1.197571422e-07,-2.117435086e-08,-1.890616113e-06,-7.581022022e-06,-1.768947428e-05,-2.243802241e-05,-1.440879382e-05,-3.776227438e-06,
1.588480750e-01
l,6.0,-1.0
2.491,3.431,4.371,
3.608786678e-12,1.185056402e+01
1.220465947e-06,-4.627080264e-07,-2.746811591e-06,9.094308374e-06,1.986118706e-05,-1.826910964e-05,-8.200152031e-05,-8.119731925e-05,-2.705790804e-05,
1.569227083e-07,-4.570864661e-07,-8.417540749e-08,-6.900318480e-06,-2.616114973e-05,-5.757011492e-05,-6.839955217e-05,-4.036759477e-05,-9.579523248e-06,
1.588480447e-01
l,6.0,0.0
2.571,3.511,4.451,
1.797751289e-11,1.115554088e+01
4.566877124e-06,-1.723073192e-06,-1.311003622e-05,2.273714267e-05,6.869080512e-05,-2.090253207e-05,-1.948992192e-04,-2.044542153e-04,-6.913333120e-05,
5.978612267e-07,-1.743917379e-06,-2.948889532e-07,-2.497587838e-05,-8.933855856e-05,-1.843056894e-04,-2.015506707e-04,-1.045546200e-04,-2.038092606e-05,
1.588480358e-01
l,6.0,1.0
2.651,3.591,4.551,
3.439152577e-10,9.178648839e+00
1.741374035e-05,-7.051406228e-06,-5.461173666e-05,9.825274325e-05,4.843050174e-04,7.326507077e-04,5.888234050e-04,2.624140869e-04,5.249616791e-05,
2.147836463e-06,-6.275699068e-06,-4.271584966e-07,-8.533149965e-05,-2.993247797e-04,-6.048897678e-04,-6.371016227e-04,-3.097362756e-04,-5.391727856e-05,
1.588480342e-01
l,6.0,2.0
2.711,3.651,4.611,
7.337217448e-11,1.186880679e+01
6.820434646e-05,-1.962884178e-05,-2.014180191e-04,2.294693638e-04,6.385247432e-04,-1.158523265e-03,-4.059485529e-03,-3.893910989e-03,-1.281747941e-03,
8.669999001e-06,-2.535764155e-05,-2.566855264e-06,-3.434833101e-04,-1.182485250e-03,-2.352488059e-03,-2.455181340e-03,-1.182093661e-03,-2.032454683e-04,
1.588480456e-01
l,6.0,3.0
2.771,3.711,4.671,
1.959244429e-10,1.201456281e+01
2.735772869e-04,-5.777071650e-05,-6.631062343e-04,1.545384649e-03,4.308300374e-03,-1.722302749e-03,-1.351998341e-02,-1.428577531e-02,-4.892503620e-03,
3.499248693e-05,-1.024458907e-04,-1.383148030e-05,-1.461884968e-03,-5.338480262e-03,-1.144079765e-02,-1.325652961e-02,-7.557406629e-03,-1.714794613e-03,
1.588480484e-01
l,6.0,4.0
2.831,3.771,4.731,
7.341594548e-09,9.666668897e+00
1.127253054e-03,-2.588802513e-04,-2.373898549e-03,1.106370598e-02,4.388099547e-02,6.650380742e-02,5.319467695e-02,2.201824850e-02,3.635740702e-03,
1.412227714e-04,-4.138972817e-04,-5.644032069e-05,-6.247964917e-03,-2.442562930e-02,-5.606606218e-02,-6.989013685e-02,-4.362860848e-02,-1.099761676e-02,
1.588480661e-01
l,6.0,5.0
2.891,3.811,4.771,
4.235811081e-08,9.216024856e+00
4.807836842e-03,-1.435846875e-03,-1.522249417e-02,3.429304168e-02,2.056571691e-01,4.266376697e-01,4.971762862e-01,3.179333427e-01,8.565743777e-02,
6.045594298e-04,-1.774079091e-03,-2.531035816e-04,-2.624866298e-02,-9.707934210e-02,-2.068031323e-01,-2.332269952e-01,-1.259988409e-01,-2.603115192e-02,
1.588480402e-01
l,6.0,6.0
2.911,3.851,4.811,
6.608261862e-09,1.221306745e+01
2.109925076e-02,-4.950397292e-03,-5.153173257e-02,1.470396902e-01,4.704348499e-01,1.845133292e-01,-6.385966993e-01,-8.286305950e-01,-3.013511628e-01,
2.591989433e-03,-7.631841044e-03,-9.920543223e-04,-1.102929555e-01,-4.042517689e-01,-8.731121317e-01,-1.016166983e+00,-5.830001113e-01,-1.340863040e-01,
1.587859999e-01
l,7.0,-7.0
2.431,3.351,4.271,
1.331388399e-14,8.288713254e+00
1.341497052e-10,-9.110621666e-11,-3.626068993e-10,1.400980167e-09,5.661395637e-09,9.765802687e-09,1.033618343e-08,6.415093993e-09,1.739560418e-09,
1.693450942e-11,-4.923633160e-11,-9.812503217e-12,-7.571499049e-10,-2.916497462e-09,-6.528451459e-09,-7.871142328e-09,-4.720360478e-09,-1.136580320e-09,
1.587857697e-01
l,7.0,-6.0
2.531,3.451,4.391,
8.194489504e-15,9.753569085e+00
4.627926098e-10,-1.971737438e-10,-7.658058250e-10,6.335166364e-09,2.171813744e-08,3.217449770e-08,2.734328516e-08,1.323510047e-08,2.840376449e-09,
5.745860160e-11,-1.674259811e-10,-4.706571078e-11,-2.864700815e-09,-1.179944826e-08,-2.811815958e-08,-3.648869084e-08,-2.404823879e-08,-6.456621834e-09,
1.588169991e-01
l,7.0,-5.0
2.631,3.551,4.491,
2.040961573e-14,9.691306519e+00
1.603824962e-09,-6.841826182e-10,-4.885964057e-09,8.742851224e-09,3.246298567e-08,2.141166713e-08,-1.970479601e-08,-3.148486461e-08,-1.131885520e-08,
2.064832550e-10,-6.027091570e-10,-7.348565111e-11,-8.313908127e-09,-2.913965029e-08,-5.894094495e-08,-6.253270840e-08,-3.075393792e-08,-5.446030162e-09,
1.588170390e-01
l,7.0,-4.0
2.731,3.671,4.611,
8.565726037e-15,1.144958720e+01
5.572676098e-09,-2.124020881e-09,-1.011905229e-08,6.046174195e-08,1.750926807e-07,1.335364350e-07,-6.708868376e-08,-1.481470069e-07,-5.913921130e-08,
6.996565111e-10,-2.046299366e-09,-4.537931764e-10,-3.329761773e-08,-1.337950562e-07,-3.120993044e-07,-3.957730940e-07,-2.535150123e-07,-6.605239825e-08,
1.588480582e-01
l,7.0,-3.0
2.831,3.771,4.711,
1.552411580e-13,9.500339864e+00
1.974503938e-08,-9.077988168e-09,-6.307892298e-08,1.119753052e-07,5.513418087e-07,8.550579427e-07,7.367478716e-07,3.700558558e-07,8.579648947e-08,
2.511617562e-09,-7.357340361e-09,-5.876629735e-10,-9.943287504e-08,-3.474088734e-07,-7.044336228e-07,-7.487212962e-07,-3.672268529e-07,-6.417045607e-08,
1.588480528e-01
l,7.0,-2.0
2.931,3.851,4.811,
6.134333509e-13,9.126567307e+00
7.142612901e-08,-2.160393178e-08,-2.117305964e-07,6.233347447e-07,3.622564727e-06,7.939423100e-06,9.790282976e-06,6.528268451e-06,1.807111073e-06,
9.012110152e-09,-2.643914920e-08,-5.523342159e-09,-4.136036475e-07,-1.576966578e-06,-3.457893983e-06,-4.051506551e-06,-2.320371432e-06,-5.214622587e-07,
1.588480750e-01
l,7.0,-1.0
2.991,3.951,4.911,
2.527412828e-12,8.780873367e+00
2.599769005e-07,-6.445398357e-08,-5.427083840e-07,2.613297646e-06,1.068226795e-05,1.775215038e-05,1.697246938e-05,9.286304994e-06,2.249797399e-06,
3.232299998e-08,-9.496394796e-08,-1.089856866e-08,-1.407460236e-06,-5.441620042e-06,-1.238701957e-05,-1.530920744e-05,-9.460786799e-06,-2.360440802e-06,
1.588480447e-01
l,7.0,0.0
3.071,4.031,4.991,
7.126504248e-13,1.087393141e+01
9.663018545e-07,-2.005284252e-07,-2.299939620e-06,6.251990837e-06,2.229535383e-05,1.882360337e-05,-5.574842254e-06,-1.588768338e-05,-6.278592669e-06,
1.229042441e-07,-3.614899568e-07,-4.616247864e-08,-5.185954296e-06,-1.904442688e-05,-4.110000030e-05,-4.797512053e-05,-2.756192170e-05,-6.299268687e-06,
1.588480358e-01
l,7.0,1.0
3.151,4.111,5.071,
3.456265735e-13,1.243722285e+01
3.652809028e-06,-8.384890696e-07,-1.028184843e-05,1.268840462e-05,4.064487750e-05,-3.501112605e-05,-1.696378050e-04,-1.682319366e-04,-5.532386052e-05,
4.672090717e-07,-1.375647922e-06,-1.766201109e-07,-1.926592619e-05,-6.779036428e-05,-1.386359543e-04,-1.507352838e-04,-7.765600753e-05,-1.503370788e-05,
1.588480342e-01
l,7.0,2.0
3.211,4.171,5.151,
3.502599764e-12,1.138303189e+01
1.413769041e-05,-1.865186860e-06,-4.633953624e-05,-1.239559439e-05,-1.565976868e-05,-3.555070405e-04,-7.559733040e-04,-6.204159495e-04,-1.846103512e-04,
1.775612092e-06,-5.233549899e-06,4.764954527e-07,-6.096933452e-05,-2.061261502e-04,-4.226863539e-04,-4.639731749e-04,-2.393520428e-04,-4.624035313e-05,
1.588480456e-01
l,7.0,3.0
3.271,4.251,5.231,
3.196489997e-11,1.048834709e+01
5.555781900e-05,-1.180298240e-05,-1.577202783e-04,2.855579295e-04,1.506084556e-03,2.392818102e-03,1.974668161e-03,8.640098605e-04,1.594892857e-04,
6.746554325e-06,-1.990537203e-05,3.323755090e-06,-2.200182163e-04,-7.330993300e-04,-1.495115264e-03,-1.622951188e-03,-8.219238365e-04,-1.552723155e-04,
1.588480484e-01
l,7.0,4.0
3.351,4.291,5.271,
2.258899404e-10,9.868464644e+00
2.253827988e-04,-1.832603049e-05,-6.493143335e-04,1.431282399e-03,9.817221032e-03,2.238590882e-02,2.776943810e-02,1.827853203e-02,4.945414609e-03,
2.884130926e-05,-8.513907035e-05,2.747310413e-06,-1.035390563e-03,-3.537118038e-03,-7.287863992e-03,-8.067737365e-03,-4.218989798e-03,-8.287037360e-04,
1.588480661e-01
l,7.0,5.0
3.391,4.351,5.331,
1.893697648e-09,9.173801699e+00
9.326055879e-04,-1.262925357e-04,-2.337442926e-03,9.601313862e-03,5.335553943e-02,1.144486119e-01,1.340577109e-01,8.333813353e-02,2.138126967e-02,
1.162253544e-04,-3.433810409e-04,3.533298417e-05,-3.982785588e-03,-1.342693554e-02,-2.749944901e-02,-3.008604870e-02,-1.540627693e-02,-2.936733565e-03,
1.588480402e-01
l,7.0,6.0
3.431,4.391,5.371,
8.786673799e-11,1.273710876e+01
3.977696877e-03,-4.424294937e-04,-1.267117733e-02,3.615459996e-04,8.419542519e-03,-8.720478093e-02,-2.190946367e-01,-1.925062775e-01,-5.994054585e-02,
4.969971063e-04,-1.469738552e-03,1.823431453e-04,-1.679128699e-02,-5.633483432e-02,-1.150166527e-01,-1.250950167e-01,-6.316676647e-02,-1.171336007e-02,
1.588480500e-01
l,7.0,7.0
3.491,4.431,5.411,
6.574903337e-09,1.032722213e+01
1.747154072e-02,-2.457925790e-03,-5.005781668e-02,1.395916737e-01,8.717257500e-01,1.935858208e+00,2.349171968e+00,1.516778351e+00,4.038295283e-01,
2.127359106e-03,-6.306689061e-03,7.388357325e-04,-7.256490413e-02,-2.416062097e-01,-4.899252110e-01,-5.261295962e-01,-2.606885561e-01,-4.712201414e-02,
1.587860008e-01
l,8.0,-8.0
2.831,3.751,4.691,
9.117839089e-17,9.193802831e+00
8.326232932e-12,-4.135181451e-12,-2.356589405e-11,8.006836558e-11,3.827867040e-10,7.437344190e-10,8.455151725e-10,5.363981314e-10,1.441261561e-10,
1.033433840e-12,-3.026326764e-12,-5.561720016e-13,-4.622254681e-11,-1.761799554e-10,-3.925254841e-10,-4.727059375e-10,-2.833165041e-10,-6.823641768e-11,
1.587859667e-01
l,8.0,-7.0
2.931,3.871,4.811,
1.130008339e-17,1.194491839e+01
2.813784969e-11,-1.378967834e-11,-8.172225244e-11,1.649851974e-10,5.292592457e-10,1.760153900e-10,-6.935161987e-10,-8.400765193e-10,-2.919282799e-10,
3.498529178e-12,-1.026375978e-11,-6.830814999e-13,-1.386645457e-10,-4.863059691e-10,-9.915625931e-10,-1.061140590e-09,-5.305800629e-10,-9.781821525e-11,
1.588480379e-01
l,8.0,-6.0
3.051,3.971,4.931,
3.884306329e-16,9.481012499e+00
9.695688002e-11,-3.138776733e-11,-2.333489291e-10,1.164210266e-09,5.793397108e-09,1.231659569e-08,1.501152595e-08,9.945093443e-09,2.740079466e-09,
1.183171482e-11,-3.477097303e-11,-6.272017797e-12,-5.555176322e-10,-2.217894065e-09,-5.134246233e-09,-6.405385083e-09,-3.989976331e-09,-9.993452125e-10,
1.588480362e-01
l,8.0,-5.0
3.131,4.071,5.031,
8.984454945e-18,1.359843626e+01
3.354923006e-10,-7.407167908e-11,-8.771318922e-10,1.646703951e-09,4.775058779e-09,-2.739787029e-09,-1.700645837e-08,-1.763289600e-08,-5.994543190e-09,
4.241483486e-11,-1.248194372e-10,-1.291060455e-11,-1.741297774e-09,-6.234333601e-09,-1.309061581e-08,-1.474571911e-08,-8.047229788e-09,-1.717247664e-09,
1.588480762e-01
l,8.0,-4.0
3.251,4.191,5.151,
1.589528428e-15,9.885708045e+00
1.169293995e-09,-3.263449676e-10,-2.568001278e-09,1.374796430e-08,6.511271814e-08,1.326257935e-07,1.554450103e-07,9.964929753e-08,2.670165864e-08,
1.432907397e-10,-4.223430923e-10,-5.628324064e-11,-6.544770373e-09,-2.606115132e-08,-6.062695535e-08,-7.623406089e-08,-4.790828148e-08,-1.212151784e-08,
1.588480582e-01
l,8.0,-3.0
3.331,4.291,5.251,
7.295899385e-17,1.326842887e+01
4.135546128e-09,-1.200948765e-09,-1.199330551e-08,1.446357385e-08,4.445872689e-08,-4.687130108e-08,-2.033381968e-07,-1.985296806e-07,-6.489023583e-08,
5.132385179e-10,-1.514645257e-09,-3.580582182e-11,-1.987968224e-08,-6.860018440e-08,-1.383305820e-07,-1.466409230e-07,-7.207530261e-08,-1.287674899e-08,
1.588480528e-01
l,8.0,-2.0
3.411,4.371,5.351,
4.924895633e-16,1.246955618e+01
1.490269952e-08,-2.310186919e-09,-3.852712958e-08,1.092586911e-07,5.108306850e-07,7.668724024e-07,5.300221752e-07,1.367357423e-07,-4.837641282e-09,
1.837650429e-09,-5.429727219e-09,7.730257482e-10,-6.117283264e-08,-2.045708135e-07,-4.173101193e-07,-4.532663710e-07,-2.290391643e-07,-4.279893857e-08,
1.588480750e-01
l,8.0,-1.0
3.491,4.451,5.431,
9.953438455e-15,1.085225784e+01
5.435808959e-08,-3.237110398e-09,-1.351669186e-07,5.054194068e-07,2.754995538e-06,5.535036643e-06,5.982727235e-06,3.426138548e-06,8.133491500e-07,
6.978229142e-09,-2.063786520e-08,7.223330614e-10,-2.509598165e-07,-8.568446009e-07,-1.764864347e-06,-1.952008938e-06,-1.016993430e-06,-1.979605026e-07,
1.588480447e-01
l,8.0,0.0
3.591,4.551,5.531,
1.106831336e-13,9.796372821e+00
2.007722060e-07,-2.674629703e-08,-6.478767910e-07,3.330141221e-07,3.659244920e-06,6.899892562e-06,7.290835780e-06,4.491407453e-06,1.222364174e-06,
2.497006829e-08,-7.393121876e-08,9.574358342e-09,-8.433263528e-07,-2.833595234e-06,-5.800372462e-06,-6.335639830e-06,-3.224421818e-06,-6.063516961e-07,
1.588480358e-01
l,8.0,1.0
3.651,4.631,5.611,
5.112415386e-14,1.125118274e+01
7.541810874e-07,-8.355321960e-08,-2.199023745e-06,2.993258019e-06,1.906948465e-05,3.244233688e-05,2.854889632e-05,1.337419287e-05,2.654948522e-06,
9.477516222e-08,-2.808540278e-07,2.740207414e-08,-3.280605503e-06,-1.109809561e-05,-2.280238587e-05,-2.507598786e-05,-1.291128913e-05,-2.468484565e-06,
1.588480342e-01
l,8.0,2.0
3.731,4.711,5.691,
1.419036613e-13,1.133057802e+01
2.880635975e-06,-3.672113014e-07,-8.340866627e-06,1.168683491e-05,7.286553559e-05,1.232786768e-04,1.080728329e-04,5.046823963e-05,9.990875929e-06,
3.596509219e-07,-1.066680707e-06,1.095645402e-07,-1.242548058e-05,-4.197901022e-05,-8.621345156e-05,-9.473322297e-05,-4.874045757e-05,-9.319295600e-06,
1.588480456e-01
l,8.0,3.0
3.791,4.771,5.771,
5.586985383e-13,1.117441159e+01
1.124243045e-05,-5.417849953e-07,-3.108661369e-05,5.038956624e-05,3.169177990e-04,5.725551098e-04,5.453882070e-04,2.792612461e-04,6.074810232e-05,
1.364527570e-06,-4.050350564e-06,5.018849095e-07,-4.738568522e-05,-1.627455904e-04,-3.397911365e-04,-3.784032694e-04,-1.986047394e-04,-3.930703390e-05,
1.588480484e-01
l,8.0,4.0
3.851,4.831,5.831,
1.426605653e-12,1.137307035e+01
4.472347064e-05,-1.177464811e-06,-1.276127201e-04,1.609781239e-04,1.134986529e-03,2.052534807e-03,1.929820440e-03,9.704816531e-04,2.070461370e-04,
5.492902990e-06,-1.631454867e-05,1.809148889e-06,-1.911449813e-04,-6.515042435e-04,-1.348262080e-03,-1.488574317e-03,-7.702648044e-04,-1.484864347e-04,
1.588480661e-01
l,8.0,5.0
3.911,4.891,5.891,
2.733142857e-12,1.180754763e+01
1.816778968e-04,-1.027924163e-05,-5.594178450e-04,3.760583317e-04,3.544135113e-03,6.068439511e-03,5.133190776e-03,2.245999147e-03,4.059677196e-04,
2.210961574e-05,-6.570792977e-05,1.149469489e-05,-7.167068916e-04,-2.330114254e-03,-4.630644938e-03,-4.853319506e-03,-2.288970084e-03,-3.705224976e-04,
1.588480402e-01
l,8.0,6.0
3.951,4.931,5.931,
9.250826873e-12,1.184753281e+01
7.554814219e-04,8.305153057e-06,-2.317751715e-03,1.343692415e-03,1.480917116e-02,2.667808821e-02,2.386919127e-02,1.117607351e-02,2.192299747e-03,
9.444216868e-05,-2.808050846e-04,2.735154448e-05,-3.254441652e-03,-1.081112389e-02,-2.179586720e-02,-2.338503638e-02,-1.152163277e-02,-2.022898732e-03,
1.588480500e-01
l,8.0,7.0
4.011,4.991,5.971,
3.262918338e-11,1.188902515e+01
3.226903034e-03,-3.236607643e-04,-9.534782654e-03,1.150387403e-02,7.874249919e-02,1.358677422e-01,1.205069234e-01,5.672548033e-02,1.128894332e-02,
4.034962054e-04,-1.200583994e-03,1.323880921e-04,-1.396943714e-02,-4.711004061e-02,-9.666465218e-02,-1.059285115e-01,-5.400502623e-02,-1.010833635e-02,
1.588480508e-01
l,8.0,8.0
4.051,5.031,6.011,
1.027052362e-10,1.204065950e+01
1.414940041e-02,-1.887980048e-03,-4.185658635e-02,5.852157939e-02,3.720613280e-01,6.373877778e-01,5.643316076e-01,2.654718136e-01,5.280846738e-02,
1.725308872e-03,-5.142988216e-03,5.823364795e-04,-5.984366451e-02,-2.002396674e-01,-4.082446817e-01,-4.419929799e-01,-2.212496735e-01,-4.038989927e-02,
1.588170036e-01
l,9.0,-9.0
3.231,4.151,5.111,
4.894931229e-19,1.020586630e+01
5.074691210e-13,-1.412820733e-13,-1.204492307e-12,6.051733594e-12,3.002477754e-11,6.312201576e-11,7.586929899e-11,4.963008294e-11,1.353607317e-11,
6.257223939e-14,-1.843338269e-13,-4.610825764e-14,-3.065054957e-12,-1.228087885e-11,-2.844051603e-11,-3.555337318e-11,-2.221625158e-11,-5.579369733e-12,
1.588170161e-01
l,9.0,-8.0
3.331,4.271,5.231,
5.639835175e-19,1.081854183e+01
1.705553992e-12,-5.545867622e-13,-5.397061302e-12,9.949039107e-12,5.513449978e-11,9.701880029e-11,9.466596929e-11,5.204148050e-11,1.256014695e-11,
2.113530225e-13,-6.235811599e-13,-8.855236803e-14,-9.076200972e-12,-3.263645526e-11,-6.761440099e-11,-7.375415984e-11,-3.795249902e-11,-7.280131367e-12,
1.588480167e-01
l,9.0,-7.0
3.431,4.391,5.351,
1.030799926e-19,1.290947416e+01
5.780141990e-12,-1.512428872e-12,-1.474424475e-11,3.372771580e-11,1.129225469e-10,5.136294609e-11,-1.259407446e-10,-1.640308120e-10,-5.776600652e-11,
7.133816162e-13,-2.107837001e-12,-1.075087706e-13,-2.874635384e-11,-1.029667090e-10,-2.175816097e-10,-2.464542197e-10,-1.354220835e-10,-2.924206927e-11,
1.588480379e-01
l,9.0,-6.0
3.571,4.511,5.471,
4.126141667e-18,1.065314921e+01
1.978289928e-11,-5.610610039e-12,-4.480557472e-11,2.248016559e-10,1.084792903e-09,2.222560858e-09,2.608844778e-09,1.670722091e-09,4.467144837e-10,
2.406668211e-12,-7.120875699e-12,-8.388511057e-13,-1.096194031e-10,-4.345803007e-10,-1.007627297e-09,-1.261102551e-09,-7.870492598e-10,-1.974547474e-10,
1.588480362e-01
l,9.0,-5.0
3.651,4.611,5.571,
1.559090563e-19,1.391412973e+01
6.857672069e-11,-1.622667296e-11,-1.979359433e-10,2.380033420e-10,8.680044060e-10,-2.747927925e-10,-2.584592997e-09,-2.709989176e-09,-9.084333646e-10,
8.610600467e-12,-2.550538791e-11,-1.625171300e-12,-3.465102800e-10,-1.212629315e-09,-2.478829284e-09,-2.681672596e-09,-1.361841412e-09,-2.565476174e-10,
1.588480762e-01
l,9.0,-4.0
3.731,4.691,5.671,
7.381788428e-19,1.341130848e+01
2.410185107e-10,-1.269185908e-11,-6.526874226e-10,1.352881643e-09,7.156790396e-09,1.078883247e-08,7.131950007e-09,1.482521949e-09,-2.363895235e-10,
3.079715099e-11,-9.132146481e-11,5.319103033e-12,-1.096165008e-09,-3.727764676e-09,-7.665479247e-09,-8.445713818e-09,-4.358100151e-09,-8.327881033e-10,
1.588480582e-01
l,9.0,-3.0
3.851,4.791,5.771,
3.591950248e-17,1.120445684e+01
8.548091124e-10,-2.814718867e-11,-2.557931639e-09,4.243176230e-09,3.284116618e-08,7.519185238e-08,9.263934870e-08,6.055387751e-08,1.629939321e-08,
1.101165558e-10,-3.268603443e-10,1.526645860e-11,-3.963229352e-09,-1.353085520e-08,-2.790470003e-08,-3.088945813e-08,-1.604158572e-08,-3.087322641e-09,
1.588480528e-01
l,9.0,-2.0
3.931,4.911,5.891,
3.344766843e-17,1.200406146e+01
3.053804098e-09,-5.228278002e-10,-8.923249720e-09,1.316120000e-08,7.827958061e-08,1.291288820e-07,1.099261531e-07,4.956147221e-08,9.423190200e-09,
3.708974015e-10,-1.102248543e-09,2.039104539e-10,-1.213377423e-08,-4.028316043e-08,-8.204002009e-08,-8.864592609e-08,-4.413716603e-08,-7.999174705e-09,
1.588480750e-01
l,9.0,-1.0
4.011,4.991,5.971,
8.879451081e-17,1.204216959e+01
1.112479975e-08,-8.685606301e-10,-3.288257453e-08,3.813583523e-08,2.693292338e-07,4.697302048e-07,4.211356541e-07,2.006056029e-07,4.043349244e-08,
1.406530999e-09,-4.183187093e-09,3.378315200e-10,-4.967881808e-08,-1.685793127e-07,-3.469572677e-07,-3.823895350e-07,-1.970243271e-07,-3.749305693e-08,
1.588480447e-01
l,9.0,0.0
4.091,5.071,6.071,
1.754457637e-16,1.231135198e+01
4.103717899e-08,-1.017257832e-09,-1.271496570e-07,7.710511697e-08,8.018384616e-07,1.409528494e-06,1.224754642e-06,5.531565693e-07,1.039199715e-07,
5.024734413e-09,-1.495800708e-08,2.740246084e-09,-1.633125468e-07,-5.342917082e-07,-1.069435569e-06,-1.129860989e-06,-5.379541428e-07,-8.823536994e-08,
1.588480358e-01
l,9.0,1.0
4.171,5.151,6.151,
6.738423839e-16,1.213046100e+01
1.534886991e-07,1.887963073e-09,-4.487578855e-07,4.265266457e-07,3.571911453e-06,6.597900895e-06,6.245156108e-06,3.143059415e-06,6.688228407e-07,
1.904744705e-08,-5.674267855e-08,6.376007146e-09,-6.653990413e-07,-2.265909126e-06,-4.685901516e-06,-5.169458690e-06,-2.659817317e-06,-5.044274916e-07,
1.588480342e-01
l,9.0,2.0
4.251,5.231,6.231,
2.258404263e-15,1.207159283e+01
5.827449172e-07,6.209520579e-09,-1.640955915e-06,2.004294066e-06,1.486583170e-05,2.771269466e-05,2.686441314e-05,1.391832245e-05,3.051968023e-06,
7.219165878e-08,-2.152109148e-07,1.890401894e-08,-2.593157170e-06,-8.967186884e-06,-1.878680538e-05,-2.105802195e-05,-1.112932452e-05,-2.207639913e-06,
1.588480456e-01
l,9.0,3.0
4.311,5.311,6.311,
7.337053181e-16,1.363468023e+01
2.248417104e-06,-7.531249864e-08,-6.479542097e-06,6.094484390e-06,4.578833612e-05,7.251328093e-05,5.279306331e-05,1.668690176e-05,1.198530443e-06,
2.735682623e-07,-8.160924296e-07,1.039313825e-07,-9.522983841e-06,-3.245601937e-05,-6.735881929e-05,-7.454595264e-05,-3.861184863e-05,-7.436854719e-06,
1.588480484e-01
l,9.0,4.0
4.371,5.371,6.371,
1.232841386e-14,1.251617138e+01
8.842260286e-06,1.396565457e-07,-2.493734453e-05,2.667615528e-05,2.080532771e-04,3.795035877e-04,3.537791121e-04,1.740687827e-04,3.593476219e-05,
1.100274907e-06,-3.283918816e-06,2.094180513e-07,-4.020975062e-05,-1.393261803e-04,-2.919284328e-04,-3.278205632e-04,-1.739433961e-04,-3.468618733e-05,
1.588480661e-01
l,9.0,5.0
4.431,5.431,6.431,
1.890909808e-13,1.150305577e+01
3.541172919e-05,5.107108079e-07,-1.040854322e-04,8.562750655e-05,8.163865751e-04,1.618007882e-03,1.675880423e-03,9.355800072e-04,2.213019339e-04,
4.424849490e-06,-1.321308490e-05,1.055513247e-06,-1.574659504e-04,-5.330572308e-04,-1.093758250e-03,-1.199872377e-03,-6.129502492e-04,-1.145265604e-04,
1.588480402e-01
l,9.0,6.0
4.491,5.491,6.491,
5.793009059e-13,1.160482650e+01
1.446511014e-04,-4.177585214e-06,-4.521046370e-04,2.063124818e-04,2.819741038e-03,5.603483595e-03,5.773296918e-03,3.229396119e-03,7.709695299e-04,
1.779356268e-05,-5.315982377e-05,8.123173495e-06,-5.879875874e-04,-1.899874319e-03,-3.746700493e-03,-3.901257420e-03,-1.811797617e-03,-2.797794170e-04,
1.588480500e-01
l,9.0,7.0
4.531,5.531,6.531,
4.006795600e-14,1.423586469e+01
6.040157750e-04,2.223332851e-05,-1.805016458e-03,7.518306801e-04,9.786910079e-03,1.564131096e-02,1.066168270e-02,2.654269108e-03,-8.998760573e-05,
7.595711541e-05,-2.270135446e-04,1.189017100e-05,-2.767521702e-03,-9.443956465e-03,-1.949413365e-02,-2.156298119e-02,-1.116804555e-02,-2.133608306e-03,
1.588480508e-01
l,9.0,8.0
4.571,5.571,6.571,
6.645981415e-12,1.173984290e+01
2.587527037e-03,9.321449852e-05,-7.867870212e-03,4.566092799e-03,5.575631255e-02,1.132443032e-01,1.188389575e-01,6.704484147e-02,1.600590589e-02,
3.242922008e-04,-9.697584906e-04,9.654510244e-05,-1.136231762e-02,-3.806651885e-02,-7.744645246e-02,-8.397424426e-02,-4.189513153e-02,-7.466207269e-03,
1.588480408e-01
l,9.0,9.0
4.611,5.611,6.611,
5.147778266e-13,1.431258227e+01
1.132465992e-02,-5.694991405e-06,-3.631922720e-02,6.551806532e-03,1.659657667e-01,2.671292806e-01,1.795641641e-01,4.346449202e-02,-1.765274313e-03,
1.385282209e-03,-4.148192394e-03,5.802988882e-04,-4.674337796e-02,-1.520981581e-01,-3.019716294e-01,-3.159740382e-01,-1.476991174e-01,-2.313104203e-02,
1.588170170e-01
