l,0.0,-0.0
0.111,0.871,1.631,
3.544042066e-01,2.126804361e+00
1.071264036e-02,-1.730747918e-02,2.751429544e-02,3.352142092e-01,1.293473778e+00,1.750672938e+00,-1.488666956e+00,-4.892034300e+00,-2.753989265e+00,
2.329520602e-03,-5.373891573e-03,-8.619208352e-03,-1.708238229e-01,-8.712046849e-01,-2.370951735e+00,-3.506319381e+00,-2.667898750e+00,-8.200067133e-01,
1.587857706e-01
l,1.0,-1.0
0.351,1.171,2.011,
1.921625503e-02,3.971201522e+00
1.358533977e-03,-1.741634425e-03,5.668200295e-03,7.301140284e-02,3.520455565e-01,9.504984467e-01,1.329212689e+00,9.023574120e-01,2.349839838e-01,
2.435177146e-04,-5.841741269e-04,-4.708503656e-04,-1.214550944e-02,-5.871957861e-02,-1.615073123e-01,-2.481648238e-01,-1.988818055e-01,-6.479019364e-02,
1.587547561e-01
l,1.0,0.0
0.431,1.171,1.971,
2.855961348e-02,3.672492791e+00
5.319211166e-03,-8.015432628e-03,-7.867435048e-03,1.672683053e-01,1.536438945e+00,6.343233184e+00,1.255859085e+01,1.189462412e+01,4.360859624e+00,
1.047430146e-03,-2.509931344e-03,-2.121491762e-03,-4.896381556e-02,-1.997170883e-01,-4.284960710e-01,-4.689104769e-01,-2.304901384e-01,-3.259523568e-02,
1.589272677e-01
l,1.0,1.0
0.451,1.251,2.091,
5.890637962e-02,3.331236920e+00
1.821338013e-02,-2.537636846e-02,1.034208429e-01,1.523401619e+00,8.040357616e+00,2.335787107e+01,3.600882606e+01,2.774192399e+01,8.454387608e+00,
3.072622909e-03,-7.504888326e-03,-4.225715048e-03,-1.219552242e-01,-4.955530328e-01,-1.179068554e+00,-1.606322217e+00,-1.180435302e+00,-3.666397368e-01,
1.587547209e-01
l,2.0,-2.0
0.691,1.571,2.471,
1.189511905e-04,4.094791882e+00
1.346833014e-04,-1.608799169e-04,6.812325178e-05,9.566755740e-04,-1.813312680e-03,-6.605934391e-03,-5.992568690e-03,-1.658926305e-03,1.540579327e-04,
2.028077517e-05,-5.048717818e-05,-2.151650857e-05,-8.023583823e-04,-3.408050638e-03,-8.410987487e-03,-1.163247168e-02,-8.447794436e-03,-2.526766922e-03,
1.587547116e-01
l,2.0,-1.0
0.791,1.611,2.491,
3.662347315e-04,5.372897133e+00
4.673289950e-04,-5.796829056e-04,-2.698547552e-04,1.239739254e-02,7.137165260e-02,2.310499895e-01,3.945928251e-01,3.305595330e-01,1.076922730e-01,
7.520052137e-05,-1.874794344e-04,-1.043596095e-04,-3.184584921e-03,-1.311628337e-02,-3.056416089e-02,-3.926444426e-02,-2.605755541e-02,-7.064589674e-03,
1.588480493e-01
l,2.0,0.0
0.791,1.651,2.531,
1.019268193e-03,5.724990918e+00
1.614080975e-03,-1.642246933e-03,-1.244784028e-03,5.332669701e-03,-7.206339753e-02,-2.906371018e-01,-4.551768310e-01,-3.428231894e-01,-1.032023050e-01,
2.652230685e-04,-6.632601645e-04,-3.199489001e-04,-1.049502113e-02,-4.213410611e-02,-9.649500609e-02,-1.227936150e-01,-8.157580978e-02,-2.254276929e-02,
1.588790639e-01
l,2.0,1.0
0.851,1.711,2.571,
2.749833237e-03,6.605444460e+00
5.559267011e-03,-5.279301669e-03,8.099481847e-04,4.881652784e-02,-1.560227747e-01,-8.578934411e-01,-1.477287114e+00,-1.193579717e+00,-3.828292332e-01,
9.362610133e-04,-2.351544693e-03,-1.891192842e-03,-5.002650226e-02,-2.296999837e-01,-5.932358269e-01,-8.514642155e-01,-6.377737650e-01,-1.960823784e-01,
1.589100884e-01
l,2.0,2.0
0.911,1.791,2.671,
7.593493311e-03,8.478300938e+00
1.880295016e-02,-2.225867224e-02,-1.977542508e-02,-1.067409953e-01,-2.048649745e+00,-7.231262314e+00,-1.163525876e+01,-9.222727803e+00,-2.907441768e+00,
2.846519503e-03,-7.227276215e-03,-3.027124978e-03,-1.130980888e-01,-4.538626767e-01,-1.050531347e+00,-1.349949444e+00,-9.092977528e-01,-2.559206192e-01,
1.587859778e-01
l,3.0,-3.0
1.091,1.991,2.911,
1.483439484e-06,5.049655991e+00
1.198284008e-05,-1.402636563e-05,-1.264842239e-05,1.469674281e-04,4.308460942e-04,9.459167667e-04,1.454961041e-03,1.171963329e-03,3.676877898e-04,
1.717342032e-06,-4.379980753e-06,-2.116976760e-06,-7.242641457e-05,-2.899212193e-04,-6.493687524e-04,-7.869715944e-04,-4.857485547e-04,-1.216796610e-04,
1.587857670e-01
l,3.0,-2.0
1.131,2.051,2.971,
3.450827242e-06,4.951646338e+00
3.902725075e-05,-3.878211138e-05,-3.504279309e-05,4.044869916e-04,4.247232741e-04,-5.285875167e-04,-1.085963368e-03,-5.770843918e-04,-7.759939077e-05,
5.740344712e-06,-1.468037885e-05,-7.968329658e-06,-2.519871977e-04,-1.011442625e-03,-2.267687237e-03,-2.765741423e-03,-1.728208056e-03,-4.418159382e-04,
1.588480047e-01
l,3.0,-1.0
1.191,2.111,3.051,
7.052800004e-06,5.871287115e+00
1.275000977e-04,-1.042212795e-04,-7.670482491e-05,1.322120000e-03,3.414266382e-04,-6.367191009e-03,-1.166159941e-02,-8.365964265e-03,-2.233373206e-03,
1.821372320e-05,-4.674193071e-05,-1.921758927e-05,-7.563486608e-04,-3.097156062e-03,-7.191202006e-03,-9.160331223e-03,-6.026283974e-03,-1.630507330e-03,
1.588480493e-01
l,3.0,0.0
1.271,2.191,3.111,
1.879078636e-05,5.433638999e+00
4.122299142e-04,-3.746353203e-04,-4.659231050e-04,3.882866677e-03,2.553215990e-03,-1.346722099e-02,-2.582571447e-02,-1.787821769e-02,-4.459487273e-03,
6.081704292e-05,-1.564744399e-04,-6.895301721e-05,-2.548385109e-03,-1.018210437e-02,-2.284081172e-02,-2.787423828e-02,-1.739936637e-02,-4.447695750e-03,
1.588790639e-01
l,3.0,1.0
1.371,2.231,3.151,
3.811160909e-05,6.137736913e+00
1.401741989e-03,-1.003507615e-03,-1.430212978e-03,2.414929549e-02,9.618099843e-02,2.335685836e-01,3.568539145e-01,2.889491869e-01,9.305895870e-02,
2.137833403e-04,-5.510974331e-04,-2.905774372e-04,-9.451406399e-03,-3.935261878e-02,-9.432029641e-02,-1.257314393e-01,-8.686580563e-02,-2.460068535e-02,
1.589100884e-01
l,3.0,2.0
1.371,2.291,3.211,
1.405023154e-04,5.168685778e+00
4.746167921e-03,-3.731824647e-03,-8.952566857e-03,6.029233223e-02,2.266124289e-01,4.629210655e-01,6.094769727e-01,4.423189920e-01,1.305692477e-01,
7.138952153e-04,-1.846543468e-03,-7.494419196e-04,-2.932187710e-02,-1.194506938e-01,-2.802583125e-01,-3.628129663e-01,-2.414971896e-01,-6.572085452e-02,
1.589101020e-01
l,3.0,3.0
1.431,2.351,3.291,
3.970220837e-04,5.155110691e+00
1.626659930e-02,-1.435578563e-02,-4.039162423e-02,1.455403745e-01,4.784587179e-01,7.886908829e-01,9.692034251e-01,7.337079618e-01,2.323081822e-01,
2.266388397e-03,-5.898599492e-03,-1.706653706e-03,-8.247620743e-02,-3.008452623e-01,-6.278688811e-01,-7.055901765e-01,-3.961711169e-01,-8.956085129e-02,
1.588480636e-01
l,4.0,-4.0
1.471,2.411,3.371,
1.765919650e-08,5.627632103e+00
9.984673852e-07,-7.798298499e-07,-9.297604702e-07,1.295243582e-05,3.457865909e-05,5.393991283e-05,6.413809343e-05,4.676350830e-05,1.422431656e-05,
1.348882203e-07,-3.503463042e-07,-1.800538581e-07,-6.269122849e-06,-2.669047089e-05,-6.418803283e-05,-8.431936348e-05,-5.687464516e-05,-1.560559594e-05,
1.587857896e-01
l,4.0,-3.0
1.551,2.491,3.451,
1.518377668e-08,7.905121323e+00
3.114334959e-06,-2.144064122e-06,-2.865132430e-06,3.103719279e-05,2.861515818e-05,-1.021073584e-04,-2.411079740e-04,-2.001472628e-04,-6.080945342e-05,
4.268162875e-07,-1.111509295e-06,-4.778688538e-07,-1.840131588e-05,-7.597998215e-05,-1.793484742e-04,-2.326013103e-04,-1.554069593e-04,-4.246197437e-05,
1.588480352e-01
l,4.0,-2.0
1.631,2.571,3.531,
1.637057797e-08,9.313876836e+00
9.757566659e-06,-6.495977232e-06,-1.268775264e-05,6.416931779e-05,-8.913194863e-05,-8.528262592e-04,-1.580204079e-03,-1.256392325e-03,-3.784741686e-04,
1.349288054e-06,-3.522662670e-06,-1.078225139e-06,-5.118764682e-05,-1.963640447e-04,-4.353965884e-04,-5.318566263e-04,-3.348272229e-04,-8.703599223e-05,
1.588480047e-01
l,4.0,-1.0
1.691,2.631,3.591,
9.316304664e-08,7.463484465e+00
3.128255048e-05,-1.577532353e-05,-3.338042073e-05,3.775894327e-04,8.813765962e-04,5.846523208e-04,-2.701784216e-04,-5.483121256e-04,-2.075781798e-04,
4.492327983e-06,-1.174970340e-05,-6.143929224e-06,-2.047894789e-04,-8.484517975e-04,-1.997651332e-03,-2.583220059e-03,-1.714515619e-03,-4.637513998e-04,
1.588480493e-01
l,4.0,0.0
1.771,2.711,3.671,
7.922200451e-08,9.259275750e+00
9.967663209e-05,-5.305131789e-05,-1.350582773e-04,7.956416102e-04,3.203492743e-04,-5.407385257e-03,-1.178315924e-02,-9.913772231e-03,-3.071419684e-03,
1.419474332e-05,-3.721323150e-05,-1.497660806e-05,-5.792310054e-04,-2.257913914e-03,-5.055345197e-03,-6.235339616e-03,-3.952226375e-03,-1.028952787e-03,
1.589101131e-01
l,4.0,1.0
1.831,2.791,3.751,
1.908043965e-07,9.209964449e+00
3.213316959e-04,-2.009470251e-04,-5.936417985e-04,1.676226827e-03,-2.139905504e-03,-2.368484733e-02,-4.445007267e-02,-3.505365617e-02,-1.036306637e-02,
4.481491215e-05,-1.177546557e-04,-2.782250998e-05,-1.586510587e-03,-5.713978546e-03,-1.182918694e-02,-1.330865673e-02,-7.552702487e-03,-1.752980765e-03,
1.589100884e-01
l,4.0,2.0
1.891,2.851,3.811,
1.530289956e-06,7.336060622e+00
1.064751996e-03,-5.760186658e-04,-1.426514152e-03,1.031699217e-02,1.816748330e-02,-8.430435484e-03,-4.393565961e-02,-3.925507325e-02,-1.167595827e-02,
1.490854687e-04,-3.924331512e-04,-1.133042612e-04,-5.790625499e-03,-2.267474585e-02,-5.133313475e-02,-6.393192730e-02,-4.085481024e-02,-1.072065964e-02,
1.589101020e-01
l,4.0,3.0
1.991,2.891,3.851,
3.693915359e-06,7.453667353e+00
3.622357035e-03,-1.867138960e-03,-7.803221206e-03,4.920365499e-02,2.327557648e-01,5.220960143e-01,6.873468089e-01,4.869099882e-01,1.410051708e-01,
5.228985480e-04,-1.378755615e-03,-6.888741291e-04,-2.366182109e-02,-9.483689498e-02,-2.135531107e-01,-2.607672278e-01,-1.609313282e-01,-4.008041385e-02,
1.589101378e-01
l,4.0,4.0
2.051,2.971,3.931,
8.939008823e-06,7.649726008e+00
1.219652034e-02,-7.618886288e-03,-1.950101733e-02,1.876760814e-01,7.697906812e-01,1.620785490e+00,2.068091644e+00,1.436264914e+00,4.083875991e-01,
1.652089432e-03,-4.373445854e-03,-1.865901381e-03,-7.471418854e-02,-3.092079826e-01,-7.255563453e-01,-9.256560721e-01,-6.018906685e-01,-1.590480656e-01,
1.589101899e-01
l,5.0,-5.0
1.931,2.871,3.851,
1.393565412e-10,6.873989459e+00
7.635099308e-08,-5.498977418e-08,-1.483109007e-07,6.915852035e-07,2.435450339e-06,4.848378086e-06,6.740584086e-06,5.243022138e-06,1.635405676e-06,
9.867893591e-09,-2.599482196e-08,-1.558899462e-09,-3.043115134e-07,-1.076206932e-06,-2.270627866e-06,-2.630518180e-06,-1.555347949e-06,-3.805192941e-07,
1.588480325e-01
l,5.0,-4.0
1.991,2.951,3.931,
3.134336791e-10,6.909402854e+00
2.348158006e-07,-1.468959462e-07,-5.669367132e-07,6.580765903e-07,-3.254536075e-07,-6.695833797e-06,-1.060661759e-05,-6.555278029e-06,-1.443482430e-06,
3.112177636e-08,-8.214802842e-08,-5.822458349e-09,-9.670016321e-07,-3.417710974e-06,-7.187723889e-06,-8.295575975e-06,-4.861320364e-06,-1.172785152e-06,
1.588480579e-01
l,5.0,-3.0
2.071,3.031,4.011,
1.771368071e-10,8.864540823e+00
7.247622875e-07,-3.984370328e-07,-1.790243631e-06,5.794856815e-07,-1.191246278e-05,-5.777935381e-05,-9.372178642e-05,-6.814626212e-05,-1.895365860e-05,
9.811242638e-08,-2.594722033e-07,-2.443169808e-08,-3.099704053e-06,-1.096706188e-05,-2.301843786e-05,-2.651193622e-05,-1.544636656e-05,-3.686984363e-06,
1.588480352e-01
l,5.0,-2.0
2.151,3.111,4.091,
1.644337401e-10,1.001448155e+01
2.250920033e-06,-1.117561299e-06,-4.858682040e-06,8.576201733e-06,-1.211725563e-05,-1.421003747e-04,-2.714314209e-04,-2.158320158e-04,-6.404331671e-05,
3.091798634e-07,-8.191775791e-07,-9.688187796e-08,-9.945810133e-06,-3.524762017e-05,-7.391218599e-05,-8.505879233e-05,-4.939729197e-05,-1.171039643e-05,
1.588480047e-01
l,5.0,-1.0
2.211,3.191,4.171,
1.884342219e-09,7.962414093e+00
7.047950930e-06,-3.299038499e-06,-1.422979252e-05,5.870998747e-05,1.864806017e-04,2.197556641e-04,1.322443510e-04,4.040092249e-05,4.996156093e-06,
9.741315087e-07,-2.585548730e-06,-3.847388245e-07,-3.209801653e-05,-1.140127295e-04,-2.390534644e-04,-2.750978872e-04,-1.596117732e-04,-3.772412015e-05,
1.588790743e-01
l,5.0,0.0
2.291,3.271,4.251,
4.327129451e-09,8.047224060e+00
2.228021003e-05,-1.044161141e-05,-4.523499533e-05,1.829697095e-04,5.864855888e-04,6.974656920e-04,4.253122206e-04,1.325440691e-04,1.687759005e-05,
3.067468581e-06,-8.155570409e-06,-1.067907478e-06,-1.002489615e-04,-3.552950802e-04,-7.444155991e-04,-8.554341964e-04,-4.949065647e-04,-1.165408577e-04,
1.588790639e-01
l,5.0,1.0
2.351,3.331,4.331,
9.247288818e-09,8.241769520e+00
7.176172949e-05,-2.748717627e-05,-1.608984274e-04,5.061779401e-04,1.782316013e-03,2.191846551e-03,1.342761759e-03,3.951946641e-04,3.967927628e-05,
9.657760521e-06,-2.571960680e-05,-1.573668892e-06,-2.958852850e-04,-1.010059320e-03,-2.046029779e-03,-2.257008375e-03,-1.235487781e-03,-2.723771125e-04,
1.589100884e-01
l,5.0,2.0
2.411,3.391,4.391,
2.720522069e-08,8.097671401e+00
2.338201011e-04,-7.165353544e-05,-4.743083634e-04,2.052729677e-03,7.733764883e-03,1.152598542e-02,9.641559024e-03,4.545716087e-03,9.496158630e-04,
3.205623020e-05,-8.547312631e-05,-1.159984397e-05,-1.064612106e-03,-3.800431556e-03,-7.993486796e-03,-9.183844493e-03,-5.279639463e-03,-1.225571710e-03,
1.589101020e-01
l,5.0,3.0
2.491,3.471,4.451,
5.713094424e-08,8.371627040e+00
7.650735788e-04,-3.101897528e-04,-1.630606255e-03,6.042340651e-03,2.111036137e-02,2.738993811e-02,1.880990731e-02,6.923937705e-03,1.102441120e-03,
1.063894066e-04,-2.840301616e-04,-2.998310841e-05,-3.442587040e-03,-1.215592760e-02,-2.540390372e-02,-2.907052030e-02,-1.664799058e-02,-3.858334322e-03,
1.589101378e-01
l,5.0,4.0
2.531,3.511,4.511,
1.494411416e-07,8.426511925e+00
2.584825968e-03,-7.417066044e-04,-5.632684992e-03,2.076748537e-02,8.117723312e-02,1.200473987e-01,9.761984616e-02,4.409385856e-02,8.767809591e-03,
3.531093245e-04,-9.441086555e-04,-5.737061661e-05,-1.116068960e-02,-3.929526012e-02,-8.191357980e-02,-9.292892932e-02,-5.234219537e-02,-1.184729690e-02,
1.589101899e-01
l,5.0,5.0
2.591,3.571,4.571,
2.896255314e-07,8.824427038e+00
8.765857667e-03,-2.919521998e-03,-2.138190879e-02,5.646123738e-02,2.188082153e-01,2.807191598e-01,1.755285516e-01,5.027264007e-02,4.016552230e-03,
1.172683799e-03,-3.142624997e-03,-2.331534407e-05,-3.486461257e-02,-1.169171168e-01,-2.334155241e-01,-2.517628762e-01,-1.325919707e-01,-2.771825010e-02,
1.589101102e-01
l,6.0,-6.0
2.351,3.331,4.311,
5.488470357e-13,8.619553832e+00
5.652653012e-09,-3.270628274e-09,-1.082054369e-08,4.803513072e-08,1.337074085e-07,1.295242228e-07,5.053188576e-08,8.828494420e-10,-3.091682310e-09,
7.492576824e-10,-1.994517039e-09,-2.480607997e-10,-2.454572161e-08,-8.695099235e-08,-1.826519014e-07,-2.104602733e-07,-1.228184419e-07,-2.939061810e-08,
1.588479795e-01
l,6.0,-5.0
2.431,3.411,4.411,
1.267773269e-12,8.571794144e+00
1.719516085e-08,-7.960644506e-09,-3.241575742e-08,1.597409290e-07,5.171348914e-07,6.677787598e-07,4.796314817e-07,1.970436843e-07,3.745269028e-08,
2.235445783e-09,-5.962491771e-09,-4.075913687e-10,-7.154673557e-08,-2.553424501e-07,-5.406243174e-07,-6.244381737e-07,-3.630647452e-07,-8.605035774e-08,
1.588480325e-01
l,6.0,-4.0
2.511,3.491,4.491,
3.012706492e-12,8.522106233e+00
5.246025836e-08,-1.914591990e-08,-9.773246471e-08,5.106434294e-07,1.815500643e-06,2.664377578e-06,2.235237550e-06,1.072181850e-06,2.297927220e-07,
7.033391379e-09,-1.878821399e-08,-3.093596522e-09,-2.415423405e-07,-8.744467218e-07,-1.862505476e-06,-2.168017353e-06,-1.269906427e-06,-3.017579239e-07,
1.588790829e-01
l,6.0,-3.0
2.591,3.591,4.591,
8.412168644e-12,8.332347129e+00
1.595519024e-07,-7.045970157e-08,-3.728933732e-07,1.039404429e-06,3.776850838e-06,5.028478772e-06,3.860093936e-06,1.814442151e-06,4.117079873e-07,
2.096128532e-08,-5.609529506e-08,8.779776834e-10,-6.009564080e-07,-1.971564737e-06,-3.862651345e-06,-4.090948816e-06,-2.115750808e-06,-4.352276639e-07,
1.588480352e-01
l,6.0,-2.0
2.671,3.671,4.671,
3.763823851e-11,7.700325253e+00
4.935093898e-07,-1.925318356e-07,-1.155053255e-06,3.380866888e-06,1.369728074e-05,2.181027591e-05,2.099348259e-05,1.201590213e-05,3.057930477e-06,
6.591747604e-08,-1.766501912e-07,-7.777314950e-09,-1.981802454e-06,-6.561650021e-06,-1.289147675e-05,-1.371271320e-05,-7.126899979e-06,-1.467096928e-06,
1.589101345e-01
l,6.0,-1.0
2.751,3.751,4.751,
8.586314886e-11,7.796136622e+00
1.537648018e-06,-5.419096443e-07,-3.433956419e-06,1.153538038e-05,4.712691770e-05,7.719830483e-05,7.519929170e-05,4.264256739e-05,1.063360016e-05,
2.071505526e-07,-5.558831855e-07,-4.235784374e-08,-6.496547124e-06,-2.213281338e-05,-4.465875589e-05,-4.899829114e-05,-2.653386734e-05,-5.741093709e-06,
1.589101236e-01
l,6.0,0.0
2.831,3.831,4.831,
9.758635859e-11,8.580012417e+00
4.828897090e-06,-1.607990094e-06,-1.006126569e-05,3.906900911e-05,1.515053076e-04,2.333189210e-04,2.059806727e-04,1.040786472e-04,2.334124852e-05,
6.508016361e-07,-1.748678931e-06,-1.807100195e-07,-2.131867856e-05,-7.502971823e-05,-1.560881111e-04,-1.770283683e-04,-9.997817594e-05,-2.271675215e-05,
1.589101131e-01
l,6.0,1.0
2.891,3.891,4.911,
6.555573098e-10,7.671116087e+00
1.539783989e-05,-3.633142816e-06,-3.373683480e-05,1.193911102e-04,5.337094208e-04,9.530138540e-04,9.871491581e-04,5.752970340e-04,1.438054014e-04,
2.044054858e-06,-5.499199632e-06,-3.220550669e-07,-6.420999866e-05,-2.204679709e-04,-4.480807383e-04,-4.933413614e-04,-2.670436964e-04,-5.744244608e-05,
1.589100884e-01
l,6.0,2.0
2.971,3.971,4.991,
8.426257361e-10,8.358012269e+00
4.932677984e-05,-1.337724120e-05,-1.020730000e-04,4.087484698e-04,1.696212186e-03,2.841365911e-03,2.743351145e-03,1.497848019e-03,3.553217656e-04,
6.418334577e-06,-1.728854345e-05,-4.962249226e-07,-2.014800550e-04,-7.036808675e-04,-1.458835325e-03,-1.638075873e-03,-9.092381436e-04,-2.020181477e-04,
1.589101020e-01
l,6.0,3.0
3.031,4.031,5.051,
3.755444738e-09,7.909273496e+00
1.605901052e-04,-3.719195135e-05,-3.642068152e-04,1.154218583e-03,5.307973268e-03,9.497342656e-03,9.820683931e-03,5.713308563e-03,1.426828505e-03,
2.126508429e-05,-5.733176448e-05,-1.060701092e-06,-6.487473082e-04,-2.201171138e-03,-4.435632391e-03,-4.831368668e-03,-2.569940148e-03,-5.396887515e-04,
1.589101378e-01
l,6.0,4.0
3.091,4.091,5.091,
3.422998180e-09,8.905668358e+00
5.288089742e-04,-1.158904680e-04,-1.336527195e-03,2.693018755e-03,1.319680514e-02,2.159554501e-02,1.983306681e-02,1.036170286e-02,2.391484594e-03,
7.434758676e-05,-2.005746545e-04,-2.291150403e-05,-2.370752105e-03,-7.935048762e-03,-1.565001528e-02,-1.675570221e-02,-8.701040159e-03,-1.754258343e-03,
1.588963100e-01
l,6.0,5.0
3.151,4.151,5.151,
1.950939905e-09,1.030123165e+01
1.764621004e-03,-3.803175585e-04,-4.328364243e-03,9.127642906e-03,4.021423433e-02,5.453175211e-02,3.502469069e-02,9.484283822e-03,3.541762843e-04,
2.463375859e-04,-6.652813027e-04,-7.771138412e-05,-8.019788325e-03,-2.741847837e-02,-5.532935636e-02,-6.075829810e-02,-3.267874795e-02,-6.920402662e-03,
1.589101102e-01
l,6.0,6.0
3.191,4.191,5.211,
1.517544005e-08,9.431911497e+00
6.000936963e-03,-6.735208650e-04,-1.327389066e-02,4.298163703e-02,1.985249541e-01,3.363660396e-01,3.126842197e-01,1.591266713e-01,3.472388615e-02,
8.164025980e-04,-2.208293034e-03,-2.719882199e-04,-2.754315856e-02,-9.716682889e-02,-2.017762667e-01,-2.272076297e-01,-1.259651066e-01,-2.768414560e-02,
1.589101195e-01
l,7.0,-7.0
2.791,3.791,4.791,
8.322568273e-15,8.646656718e+00
4.077763127e-10,-1.750572020e-10,-8.709894366e-10,3.272198808e-09,1.194762779e-08,1.763636154e-08,1.554475482e-08,8.211172155e-09,1.975015761e-09,
5.330219727e-11,-1.431287031e-10,-8.584033360e-12,-1.667631145e-09,-5.713482821e-09,-1.163290250e-08,-1.288265545e-08,-7.092717975e-09,-1.577183897e-09,
1.588480511e-01
l,7.0,-6.0
2.891,3.891,4.891,
1.457234812e-15,1.107150199e+01
1.217643986e-09,-5.075373053e-10,-2.483080894e-09,9.120863715e-09,2.779488604e-08,2.449059664e-08,-3.544244305e-11,-1.176480702e-08,-4.969527060e-09,
1.586682987e-10,-4.267381270e-10,-3.155820901e-11,-5.147889163e-09,-1.821351719e-08,-3.827280739e-08,-4.385212823e-08,-2.516691087e-08,-5.858166112e-09,
1.588479795e-01
l,7.0,-5.0
2.971,3.971,4.991,
3.944671951e-15,1.087053186e+01
3.686877026e-09,-1.247215827e-09,-9.250892633e-09,1.708637762e-08,6.203215551e-08,5.135212746e-08,-9.462053033e-09,-3.392232218e-08,-1.319172101e-08,
4.722133179e-10,-1.271951375e-09,5.727410799e-11,-1.335461816e-08,-4.308661527e-08,-8.312881763e-08,-8.604323586e-08,-4.279118187e-08,-8.289008813e-09,
1.588790575e-01
l,7.0,-4.0
3.051,4.051,5.071,
2.797449226e-14,9.835257729e+00
1.121189985e-08,-2.874045414e-09,-2.884294345e-08,5.137350081e-08,2.345270527e-07,3.270204068e-07,2.365922841e-07,9.185955591e-08,1.551808292e-08,
1.482073833e-09,-3.996791155e-09,3.169677099e-11,-4.285866732e-08,-1.382807431e-07,-2.652296530e-07,-2.729934271e-07,-1.339316733e-07,-2.511629178e-08,
1.588480579e-01
l,7.0,-3.0
3.131,4.151,5.171,
4.004544633e-13,8.251412617e+00
3.414375982e-08,-9.664205580e-09,-6.946590508e-08,2.975473015e-07,1.246310050e-06,2.161728834e-06,2.174562328e-06,1.228263540e-06,2.975385832e-07,
4.407672095e-09,-1.190322414e-08,-3.897776020e-10,-1.394430630e-07,-4.869062394e-07,-1.009679724e-06,-1.134052985e-06,-6.300317757e-07,-1.402143133e-07,
1.588790602e-01
l,7.0,-2.0
3.211,4.231,5.251,
4.349126446e-13,8.965532940e+00
1.051168965e-07,-2.422232045e-08,-2.187039485e-07,8.417796624e-07,3.586547684e-06,6.055393808e-06,5.810431861e-06,3.113556775e-06,7.191824723e-07,
1.382888436e-08,-3.738660527e-08,-2.896397147e-09,-4.514279776e-07,-1.582994022e-06,-3.283941578e-06,-3.695695316e-06,-2.056326601e-06,-4.568433771e-07,
1.588790853e-01
l,7.0,-1.0
3.291,4.311,5.331,
2.244874697e-13,1.029216482e+01
3.257653134e-07,-6.674801268e-08,-7.391099093e-07,1.997315196e-06,8.620928297e-06,1.291313193e-05,1.024826540e-05,4.333757851e-06,7.720298292e-07,
4.337745894e-08,-1.173956095e-07,-9.112003424e-09,-1.397593176e-06,-4.812387892e-06,-9.808934681e-06,-1.084378104e-05,-5.888897678e-06,-1.266937603e-06,
1.588790743e-01
l,7.0,0.0
3.371,4.391,5.411,
1.267557102e-13,1.151013208e+01
1.017579052e-06,-2.065323097e-07,-2.531229049e-06,4.239774072e-06,1.870839431e-05,2.139677750e-05,7.570131091e-06,-2.810951128e-06,-1.985099676e-06,
1.360592757e-07,-3.686046121e-07,-2.271714342e-08,-4.258697540e-06,-1.424846400e-05,-2.824633708e-05,-3.029017771e-05,-1.576692013e-05,-3.203152897e-06,
1.589101131e-01
l,7.0,1.0
3.451,4.471,5.491,
1.730117401e-13,1.198746981e+01
3.206952897e-06,-7.041431054e-07,-8.411764051e-06,9.941570440e-06,4.552829717e-05,3.854512258e-05,-1.102261234e-05,-3.095652998e-05,-1.195560436e-05,
4.265911999e-07,-1.156847400e-06,-1.736318188e-08,-1.276076124e-05,-4.159087837e-05,-8.051620047e-05,-8.385865056e-05,-4.172509709e-05,-7.929802159e-06,
1.589100884e-01
l,7.0,2.0
3.511,4.531,5.571,
8.152859330e-13,1.148878116e+01
1.024625999e-05,-1.325796680e-06,-2.643372491e-05,3.382135210e-05,1.786701220e-04,2.285926856e-04,1.146801593e-04,4.036952886e-06,-1.043378630e-05,
1.337224734e-06,-3.629841592e-06,7.736056366e-08,-3.932118698e-05,-1.285149281e-04,-2.500867274e-04,-2.608977597e-04,-1.296571416e-04,-2.455569984e-05,
1.589101020e-01
l,7.0,3.0
3.571,4.591,5.631,
1.279113003e-11,1.007567952e+01
3.304628990e-05,-2.090442912e-06,-8.207142767e-05,1.380683376e-04,7.846471302e-04,1.345277870e-03,1.241367379e-03,6.268889817e-04,1.361850714e-04,
4.424918015e-06,-1.201976535e-05,-6.559509034e-07,-1.385783846e-04,-4.632033210e-04,-9.158742638e-04,-9.762668012e-04,-5.010478956e-04,-9.902763239e-05,
1.589101378e-01
l,7.0,4.0
3.651,4.671,5.691,
8.156355832e-12,1.120081331e+01
1.073251988e-04,-1.447975560e-05,-2.592315441e-04,4.901281530e-04,2.390635983e-03,3.518644930e-03,2.574512017e-03,9.202351779e-04,1.185510186e-04,
1.464064402e-05,-3.979746246e-05,-4.336901888e-06,-4.809569726e-04,-1.642320355e-03,-3.310577424e-03,-3.621661247e-03,-1.932794274e-03,-4.035567332e-04,
1.589101899e-01
l,7.0,5.0
3.711,4.731,5.751,
1.694224474e-10,9.654640177e+00
3.538921883e-04,-3.854752975e-05,-7.742967428e-04,2.342274176e-03,1.133318796e-02,2.017992996e-02,1.993852115e-02,1.080632566e-02,2.495000130e-03,
4.843704066e-05,-1.317597021e-04,-1.900880073e-05,-1.664357148e-03,-5.853610095e-03,-1.211292418e-02,-1.362460064e-02,-7.540532810e-03,-1.648168510e-03,
1.589101102e-01
l,7.0,6.0
3.751,4.771,5.811,
8.801261971e-11,1.094214297e+01
1.181256957e-03,-1.603142931e-05,-2.978985296e-03,4.266598467e-03,2.618516318e-02,4.421030224e-02,3.881695220e-02,1.814832935e-02,3.583571853e-03,
1.602449472e-04,-4.362460838e-04,-2.939239634e-05,-5.106229390e-03,-1.720436379e-02,-3.423602912e-02,-3.673985573e-02,-1.897446524e-02,-3.765145997e-03,
1.589101195e-01
l,7.0,7.0
3.811,4.831,5.871,
3.860434503e-11,1.234813966e+01
3.984654788e-03,-1.919891958e-04,-1.060852016e-02,1.025419436e-02,6.614758865e-02,8.898199923e-02,4.649864109e-02,2.168864690e-03,-4.194824385e-03,
5.302294058e-04,-1.445019088e-03,4.524392963e-06,-1.597953696e-02,-5.260851204e-02,-1.029081810e-01,-1.079147722e-01,-5.370589513e-02,-1.009360351e-02,
1.589101181e-01
l,8.0,-8.0
3.251,4.251,5.271,
1.026601213e-16,9.005807985e+00
2.878958009e-11,-7.451288171e-12,-6.215420552e-11,2.297986271e-10,9.898985380e-10,1.712656700e-09,1.720579692e-09,9.781810738e-10,2.402645406e-10,
3.753854955e-12,-1.015131795e-11,-7.934773202e-13,-1.210872878e-10,-4.174154074e-10,-8.517579404e-10,-9.417831573e-10,-5.135717960e-10,-1.117298921e-10,
1.588480389e-01
l,8.0,-7.0
3.351,4.351,5.371,
5.712756158e-18,1.209710454e+01
8.559015302e-11,-2.202191427e-11,-2.013468671e-10,4.615213036e-10,1.761290868e-09,1.861146390e-09,4.421705365e-10,-4.802912745e-10,-2.544696073e-10,
1.115355761e-11,-3.020127367e-11,-1.409413907e-12,-3.498942245e-10,-1.187965382e-09,-2.396330220e-09,-2.616476640e-09,-1.400849018e-09,-2.975443977e-10,
1.588480511e-01
l,8.0,-6.0
3.431,4.451,5.471,
4.815450039e-17,1.100162186e+01
2.557865864e-10,-7.136305638e-11,-6.340456761e-10,1.269379198e-09,5.480403213e-09,7.398972492e-09,4.996046273e-09,1.667028439e-09,2.057023222e-10,
3.313468090e-11,-8.983387163e-11,1.222734550e-12,-9.785892057e-10,-3.205940648e-09,-6.261717134e-09,-6.574134001e-09,-3.320802429e-09,-6.511972745e-10,
1.588790045e-01
l,8.0,-5.0
3.531,4.551,5.571,
6.305178599e-16,9.617310704e+00
7.688312209e-10,-2.171265172e-10,-1.586133994e-09,6.250317957e-09,2.593058728e-08,4.321630548e-08,4.125577836e-08,2.213202800e-08,5.136517043e-09,
9.840292388e-11,-2.671102631e-10,-1.069326544e-11,-3.162515924e-09,-1.102399001e-08,-2.283573673e-08,-2.561330951e-08,-1.419360326e-08,-3.145970087e-09,
1.589101068e-01
l,8.0,-4.0
3.611,4.631,5.651,
3.168319520e-16,1.083585376e+01
2.333794047e-09,-4.820429466e-10,-5.256899258e-09,1.461577617e-08,6.388168278e-08,9.882631632e-08,8.253915029e-08,3.746860458e-08,7.301857418e-09,
3.083370195e-10,-8.377503535e-10,-6.275824088e-11,-1.001470259e-08,-3.452404155e-08,-7.050734095e-08,-7.806312883e-08,-4.243949129e-08,-9.136767448e-09,
1.588790829e-01
l,8.0,-3.0
3.691,4.711,5.751,
1.265719115e-16,1.220239134e+01
7.118868162e-09,-1.105654122e-09,-1.832844282e-08,2.441481777e-08,1.231926260e-07,1.507014486e-07,6.599840961e-08,-7.155890015e-09,-1.000323100e-08,
9.151710870e-10,-2.489331906e-09,9.115339329e-11,-2.674003441e-08,-8.706586243e-08,-1.691368818e-07,-1.758456038e-07,-8.697200083e-08,-1.639469221e-08,
1.589101095e-01
l,8.0,-2.0
3.771,4.791,5.831,
1.718436895e-16,1.261688469e+01
2.185145043e-08,-2.341212338e-09,-5.677014428e-08,6.372972586e-08,3.501602891e-07,4.162171799e-07,1.453049990e-07,-6.357287124e-08,-4.307760105e-08,
2.866897699e-09,-7.805009591e-09,-9.315687643e-11,-8.692011447e-08,-2.856604097e-07,-5.574794865e-07,-5.841883907e-07,-2.923255406e-07,-5.580847649e-08,
1.589100790e-01
l,8.0,-1.0
3.851,4.871,5.911,
7.521875968e-16,1.216456732e+01
6.755956861e-08,-4.964823398e-09,-1.715986459e-07,2.215703107e-07,1.259307651e-06,1.800767160e-06,1.175133396e-06,3.061170860e-07,3.711425872e-09,
8.979260113e-09,-2.446650324e-08,-1.367113366e-09,-2.826498123e-07,-9.419460545e-07,-1.857228354e-06,-1.972541977e-06,-1.007103519e-06,-1.975582044e-07,
1.589101236e-01
l,8.0,0.0
3.931,4.951,5.991,
7.308574277e-15,1.115788734e+01
2.104894037e-07,-1.205356428e-08,-5.162721084e-07,8.545730387e-07,4.856206531e-06,8.194393390e-06,7.331214466e-06,3.540542797e-06,7.290837843e-07,
2.811277893e-08,-7.666463240e-08,-5.138690073e-09,-8.987674027e-07,-3.028479827e-06,-6.033115603e-06,-6.484167365e-06,-3.363989991e-06,-6.739472065e-07,
1.588790639e-01
l,8.0,1.0
3.991,5.031,6.071,
1.649575286e-14,1.124660371e+01
6.611682011e-07,-3.951648214e-08,-1.587857718e-06,2.854597335e-06,1.569119930e-05,2.635759457e-05,2.346823392e-05,1.123980788e-05,2.286128193e-06,
8.803590397e-08,-2.402709589e-07,-2.033303145e-08,-2.869602931e-06,-9.744839317e-06,-1.954396293e-05,-2.116629704e-05,-1.110778738e-05,-2.262054716e-06,
1.589100884e-01
l,8.0,2.0
4.071,5.111,6.151,
6.094106428e-14,1.099596521e+01
2.093853936e-06,-1.748332281e-07,-5.011076051e-06,9.494787648e-06,5.154546090e-05,8.832676365e-05,8.147121921e-05,4.085078380e-05,8.742674931e-06,
2.755851147e-07,-7.527279864e-07,-3.665373618e-08,-8.779959642e-06,-2.966036062e-05,-5.936705311e-05,-6.406772407e-05,-3.342093044e-05,-6.755530203e-06,
1.589101020e-01
l,8.0,3.0
4.131,5.171,6.231,
4.663447630e-14,1.187446491e+01
6.695131106e-06,-1.444115613e-07,-1.769072049e-05,1.500933394e-05,1.147185439e-04,1.868163043e-04,1.520131129e-04,6.416203447e-05,1.118703603e-05,
8.625384182e-07,-2.357723025e-06,9.985935378e-08,-2.520852088e-05,-8.133018376e-05,-1.563886460e-04,-1.602918837e-04,-7.703733508e-05,-1.371957478e-05,
1.589101378e-01
l,8.0,4.0
4.211,5.251,6.291,
2.899764262e-13,1.128775927e+01
2.159912037e-05,-1.571722124e-06,-5.185031966e-05,9.292085134e-05,5.163123939e-04,8.845504662e-04,8.110619248e-04,4.028944262e-04,8.528382585e-05,
2.850941159e-06,-7.797342686e-06,-4.028748766e-07,-9.132163540e-05,-3.089833733e-04,-6.193006228e-04,-6.694179769e-04,-3.496221225e-04,-7.066384255e-05,
1.589101899e-01
l,8.0,5.0
4.271,5.311,6.351,
3.381904751e-13,1.188106242e+01
7.041740901e-05,-2.905456274e-06,-1.721865593e-04,2.601381255e-04,1.531077310e-03,2.550204012e-03,2.209387331e-03,1.016286090e-03,1.967415300e-04,
9.422369900e-06,-2.578456978e-05,-1.981870274e-06,-3.065841514e-04,-1.038709477e-03,-2.079918914e-03,-2.248944171e-03,-1.174817259e-03,-2.369530003e-04,
1.589101102e-01
l,8.0,6.0
4.331,5.371,6.411,
4.842165767e-13,1.233626790e+01
2.319272025e-04,-7.771979719e-06,-5.901045806e-04,6.724271882e-04,4.391704047e-03,7.062942126e-03,5.691582445e-03,2.353153580e-03,3.942526344e-04,
3.113594086e-05,-8.525213842e-05,-4.176800794e-06,-9.871674852e-04,-3.303028219e-03,-6.545277827e-03,-6.992341594e-03,-3.582227355e-03,-7.010694448e-04,
1.588962396e-01
l,8.0,7.0
4.391,5.431,6.471,
1.393393021e-12,1.232402204e+01
7.725356263e-04,-3.634550290e-05,-2.017132561e-03,2.010506422e-03,1.396534638e-02,2.252144195e-02,1.822312387e-02,7.635667077e-03,1.316567278e-03,
1.029015777e-04,-2.819204298e-04,-1.743368154e-06,-3.152257523e-03,-1.039481783e-02,-2.037316656e-02,-2.145609397e-02,-1.073547949e-02,-2.025837888e-03,
1.589101181e-01
l,8.0,8.0
4.431,5.471,6.531,
9.192971293e-12,1.176802067e+01
2.606898081e-03,9.128270123e-05,-6.892955059e-03,5.737056116e-03,4.896943207e-02,8.844611260e-02,8.253783280e-02,4.132182391e-02,8.790647775e-03,
3.400759651e-04,-9.324161644e-04,4.530543231e-05,-1.004218910e-02,-3.278080415e-02,-6.381410204e-02,-6.627282773e-02,-3.230244500e-02,-5.839431512e-03,
1.589100907e-01
l,9.0,-9.0
3.711,4.731,5.751,
3.918674931e-19,1.029678009e+01
1.988299065e-12,-3.966509681e-13,-4.198130297e-12,1.536151684e-11,6.728435436e-11,1.148647487e-10,1.106589242e-10,5.921881313e-11,1.361843764e-11,
2.621762722e-13,-7.131385246e-13,-8.873153789e-14,-8.914210942e-12,-3.129172894e-11,-6.480974543e-11,-7.286567119e-11,-4.048417905e-11,-8.959798456e-12,
1.588480322e-01
l,9.0,-8.0
3.811,4.831,5.851,
1.877109644e-20,1.319460581e+01
5.885444042e-12,-1.270138819e-12,-1.547727593e-11,1.918260478e-11,8.961623151e-11,8.715296680e-11,2.782623965e-12,-4.063966435e-11,-1.745050807e-11,
7.777748416e-13,-2.117915551e-12,-4.700752119e-14,-2.356270621e-11,-7.679537351e-11,-1.486941405e-10,-1.548237296e-10,-7.697327317e-11,-1.460716696e-11,
1.588480389e-01
l,9.0,-7.0
3.891,4.911,5.951,
1.540494621e-19,1.222198130e+01
1.758384931e-11,-1.676196448e-12,-4.405284256e-11,7.023454188e-11,3.744739454e-10,5.676811176e-10,4.308547230e-10,1.639885905e-10,2.403674801e-11,
2.307128506e-12,-6.289039757e-12,-2.993524696e-13,-7.240578723e-11,-2.413023951e-10,-4.763334896e-10,-5.060055734e-10,-2.587320191e-10,-5.103493029e-11,
1.588790761e-01
l,9.0,-6.0
3.991,5.011,6.051,
4.689947722e-18,1.034489534e+01
5.264606112e-11,-5.777622349e-12,-1.258933530e-10,2.802342785e-10,1.483602094e-09,2.681297208e-09,2.692187531e-09,1.491521750e-09,3.529151538e-10,
6.840416563e-12,-1.866540078e-11,-4.224786281e-13,-2.129104473e-10,-7.130523597e-10,-1.418287919e-09,-1.517662404e-09,-7.830657084e-10,-1.564936536e-10,
1.588790045e-01
l,9.0,-5.0
4.071,5.111,6.151,
7.819703885e-19,1.224383283e+01
1.579992942e-10,-2.268366595e-11,-4.034087291e-10,5.821766440e-10,3.138728213e-09,4.682573201e-09,3.510088173e-09,1.338935485e-09,2.032694677e-10,
2.027962367e-11,-5.539136519e-11,1.753432405e-12,-6.002354283e-10,-1.957044319e-09,-3.807237286e-09,-3.963769700e-09,-1.960656161e-09,-3.684468049e-10,
1.589101068e-01
l,9.0,-4.0
4.171,5.191,6.231,
5.932073167e-19,1.303383536e+01
4.787524821e-10,-3.235155435e-11,-1.229046700e-09,1.422276828e-09,8.465962617e-09,1.196427014e-08,7.484061462e-09,1.671465469e-09,-9.756401072e-11,
6.345961523e-11,-1.734648044e-10,-6.885846350e-12,-1.986321537e-09,-6.602053077e-09,-1.300673388e-08,-1.379329921e-08,-7.009885747e-09,-1.362608779e-09,
1.588790829e-01
l,9.0,-3.0
4.251,5.291,6.331,
1.211896899e-17,1.153895103e+01
1.457474030e-09,-1.735054803e-10,-3.498632978e-09,6.875068841e-09,3.609134326e-08,6.087167953e-08,5.546498646e-08,2.756711518e-08,5.867271526e-09,
1.880487964e-10,-5.145019933e-10,-3.902305692e-12,-5.842187150e-09,-1.958623228e-08,-3.906397514e-08,-4.189305335e-08,-2.164483068e-08,-4.327383216e-09,
1.589101095e-01
l,9.0,-2.0
4.331,5.371,6.411,
3.127961736e-17,1.150524703e+01
4.468032166e-09,-3.324184290e-10,-1.096462505e-08,1.829828284e-08,1.052575029e-07,1.829188183e-07,1.709263874e-07,8.696847971e-08,1.890215010e-08,
5.883479606e-10,-1.610881190e-09,-6.692610193e-11,-1.863939642e-08,-6.244932352e-08,-1.240848533e-07,-1.328088300e-07,-6.837658936e-08,-1.354315351e-08,
1.589100790e-01
l,9.0,-1.0
4.411,5.451,6.491,
5.109252731e-17,1.179250188e+01
1.377895043e-08,-6.343905255e-10,-3.470773695e-08,4.633043839e-08,2.934210529e-07,5.084990393e-07,4.669152076e-07,2.323126723e-07,4.937316451e-08,
1.840475133e-09,-5.042710571e-09,-3.046287113e-10,-5.878155877e-08,-1.961482764e-07,-3.875190404e-07,-4.128492625e-07,-2.110399985e-07,-4.123749463e-08,
1.589101236e-01
l,9.0,0.0
4.491,5.531,6.591,
6.835441230e-17,1.221765031e+01
4.278309973e-08,-1.290299945e-09,-1.083236732e-07,1.294070460e-07,8.549179793e-07,1.452309191e-06,1.283157447e-06,6.068909289e-07,1.219013984e-07,
5.449333504e-09,-1.494334484e-08,6.688347999e-10,-1.621129780e-07,-5.317019958e-07,-1.040769265e-06,-1.087958842e-06,-5.385584520e-07,-1.006129389e-07,
1.589101131e-01
l,9.0,1.0
4.551,5.611,6.671,
1.093868982e-16,1.252559440e+01
1.338373039e-07,-4.326427910e-09,-3.438097308e-07,3.550827957e-07,2.482468162e-06,4.141438193e-06,3.534758049e-06,1.595680303e-06,3.031973551e-07,
1.704092905e-08,-4.676121253e-08,2.249370063e-09,-5.041915136e-07,-1.642776115e-06,-3.196061741e-06,-3.317723245e-06,-1.624317289e-06,-2.980217737e-07,
1.589100884e-01
l,9.0,2.0
4.631,5.671,6.731,
4.565448676e-16,1.221432263e+01
4.222046925e-07,2.828104851e-08,-1.065335026e-06,1.000454725e-06,8.075217842e-06,1.464132201e-05,1.372068505e-05,6.867987595e-06,1.453962490e-06,
5.628968067e-08,-1.545370891e-07,-1.032271873e-08,-1.817257679e-06,-6.085075847e-06,-1.204079622e-05,-1.282368885e-05,-6.536695403e-06,-1.267270946e-06,
1.589100814e-01
l,9.0,3.0
4.711,5.751,6.811,
5.212259266e-16,1.275850311e+01
1.342119049e-06,4.188261149e-08,-3.438300765e-06,2.918383848e-06,2.362666180e-05,4.057402126e-05,3.524760366e-05,1.610028345e-05,3.081290596e-06,
1.759828787e-07,-4.834486672e-07,-1.150039705e-08,-5.504507072e-06,-1.821911322e-05,-3.577487050e-05,-3.770228353e-05,-1.890569123e-05,-3.581739923e-06,
1.589100743e-01
l,9.0,4.0
4.771,5.831,6.891,
1.669320581e-15,1.264253858e+01
4.302880825e-06,-9.788190991e-08,-1.115945799e-05,9.905654092e-06,7.633817747e-05,1.304417536e-04,1.143062375e-04,5.333000986e-05,1.053548401e-05,
5.501132676e-07,-1.512173437e-06,6.837576427e-08,-1.631809448e-05,-5.298723213e-05,-1.027320378e-04,-1.062953324e-04,-5.172161033e-05,-9.369634324e-06,
1.589100268e-01
l,9.0,5.0
4.831,5.891,6.951,
2.503361360e-15,1.302202882e+01
1.392160993e-05,3.405438723e-07,-3.561796653e-05,2.977238016e-05,2.418214310e-04,4.134241498e-04,3.564836520e-04,1.610956569e-04,3.039980641e-05,
1.816619871e-06,-4.995879208e-06,-4.543166139e-08,-5.643616238e-05,-1.866994542e-04,-3.669469642e-04,-3.867893128e-04,-1.937534295e-04,-3.662551572e-05,
1.589100655e-01
l,9.0,6.0
4.891,5.951,7.011,
5.016758399e-15,1.322511910e+01
4.548070137e-05,2.285627880e-06,-1.158252913e-04,9.170619789e-05,7.787117970e-04,1.336721748e-03,1.148208779e-03,5.133723269e-04,9.522607844e-05,
5.998533634e-06,-1.650399413e-05,-4.634717899e-07,-1.895925027e-04,-6.321898516e-04,-1.250107743e-03,-1.328253991e-03,-6.729951484e-04,-1.291730678e-04,
1.589100163e-01
l,9.0,7.0
4.951,6.011,7.071,
1.552295248e-14,1.316506774e+01
1.500301005e-04,8.209923018e-06,-3.873867964e-04,2.701510976e-04,2.510721574e-03,4.392513271e-03,3.856880563e-03,1.776091736e-03,3.421757516e-04,
1.980606978e-05,-5.451786720e-05,-7.316021289e-07,-6.185807373e-04,-2.052071600e-03,-4.041641017e-03,-4.273105002e-03,-2.146178657e-03,-4.059325174e-04,
1.589100710e-01
l,9.0,8.0
5.011,6.071,7.131,
5.721336369e-14,1.300792042e+01
4.996327916e-04,1.952826054e-05,-1.319712820e-03,7.946439744e-04,8.140930799e-03,1.450788247e-02,1.307228406e-02,6.247209228e-03,1.261354761e-03,
6.539312149e-05,-1.800854461e-04,4.629500154e-06,-1.977181888e-03,-6.466522140e-03,-1.260074490e-02,-1.313583380e-02,-6.442529991e-03,-1.172799052e-03,
1.589100302e-01
l,9.0,9.0
5.071,6.131,7.191,
1.688214200e-13,1.300037449e+01
1.679818961e-03,1.143621302e-05,-4.494500483e-03,2.821388088e-03,2.771219182e-02,4.914793957e-02,4.439863559e-02,2.140746646e-02,4.381822856e-03,
2.159343316e-04,-5.949940081e-04,4.056202002e-05,-6.316338641e-03,-2.036363705e-02,-3.927695543e-02,-4.032968646e-02,-1.927845150e-02,-3.367498278e-03,
1.589271983e-01
