l,0.0,-0.0
0.111,0.951,1.811,
2.208859565e-01,1.988886130e+00
1.220437977e-02,-1.549353864e-02,1.056905737e-02,-2.333568054e-01,-2.683121283e+00,-1.002129719e+01,-1.815788786e+01,-1.581625769e+01,-5.292046606e+00,
2.621902013e-03,-5.428973556e-03,-6.220292429e-03,-1.201032900e-01,-5.499868054e-01,-1.372751058e+00,-1.893393125e+00,-1.363372432e+00,-4.015823049e-01,
1.588480258e-01
l,1.0,-1.0
0.451,1.271,2.151,
9.938291323e-03,3.229317391e+00
3.030521097e-03,-3.657705490e-03,-7.953247977e-05,3.656387169e-02,1.421040281e-01,4.637232439e-01,8.255341201e-01,7.090230688e-01,2.367592891e-01,
6.250982598e-04,-1.337065865e-03,-9.908867945e-04,-2.030678758e-02,-7.528391603e-02,-1.514648197e-01,-1.636337731e-01,-8.802919692e-02,-1.838242752e-02,
1.589272650e-01
l,1.0,0.0
0.471,1.291,2.171,
1.605508153e-02,3.239459657e+00
6.026894785e-03,-7.336467447e-03,-8.901788605e-04,1.386478574e-01,8.168384502e-01,2.632504110e+00,4.317588070e+00,3.449334231e+00,1.078005970e+00,
1.227153762e-03,-2.635609199e-03,-2.505826055e-03,-4.997591220e-02,-2.106894511e-01,-4.909852327e-01,-6.331447153e-01,-4.238222927e-01,-1.155789890e-01,
1.589582951e-01
l,1.0,1.0
0.451,1.331,2.231,
4.454976611e-01,6.767345603e+00
1.157534029e-02,-1.343809931e-02,-8.073985034e-03,-1.535955747e-01,-1.677888410e+00,-5.634108189e+00,-9.403743230e+00,-7.882026540e+00,-2.616313073e+00,
2.211633770e-03,-4.792833573e-03,-3.452933819e-03,-7.449431951e-02,-2.834890579e-01,-6.021879234e-01,-7.119840084e-01,-4.429378654e-01,-1.150527038e-01,
1.589100567e-01
l,2.0,-2.0
0.851,1.751,2.691,
2.132519236e-04,4.668573281e+00
5.259953905e-04,-5.552001059e-04,-5.779358579e-04,7.635813733e-03,3.942000874e-02,1.194088342e-01,1.930156653e-01,1.522965962e-01,4.651265809e-02,
9.382257363e-05,-2.090439771e-04,-1.495733680e-04,-3.347466807e-03,-1.290817029e-02,-2.765412317e-02,-3.252299067e-02,-1.966174957e-02,-4.828863400e-03,
1.589272873e-01
l,2.0,-1.0
0.851,1.791,2.731,
4.724282175e-04,6.432888050e+00
9.920054581e-04,-8.933951049e-04,2.733895519e-04,7.876955666e-03,-1.536060976e-02,-9.395463299e-02,-1.590160500e-01,-1.241166346e-01,-3.791359509e-02,
1.755166406e-04,-3.921044046e-04,-3.013557224e-04,-7.086092742e-03,-3.004067395e-02,-7.038771097e-02,-9.081483814e-02,-6.079780812e-02,-1.665211114e-02,
1.589272650e-01
l,2.0,0.0
0.911,1.811,2.751,
5.317928802e-04,4.241588384e+00
1.914259046e-03,-1.888371933e-03,-2.657644513e-03,1.668031991e-02,4.967137499e-02,1.144139494e-01,1.844239159e-01,1.522626288e-01,4.842225875e-02,
3.434279497e-04,-7.684727613e-04,-4.555354968e-04,-1.124710338e-02,-4.177432302e-02,-8.548113282e-02,-9.460094559e-02,-5.277381809e-02,-1.176352437e-02,
1.589582951e-01
l,2.0,1.0
0.911,1.851,2.791,
1.026753897e-03,6.064720020e+00
3.627921920e-03,-2.930539442e-03,1.027520938e-03,3.580087754e-02,-1.195332923e-02,-2.215039083e-01,-3.989660044e-01,-3.135863187e-01,-9.567530655e-02,
6.425620485e-04,-1.442286028e-03,-1.248651833e-03,-2.844010406e-02,-1.250183332e-01,-3.033893887e-01,-4.053576001e-01,-2.804906204e-01,-7.905202406e-02,
1.589582517e-01
l,2.0,2.0
0.951,1.871,2.811,
1.402395848e-03,4.144075298e+00
7.000044920e-03,-6.028484293e-03,-5.527941091e-03,6.378257401e-02,5.974041515e-02,-8.753515642e-02,-1.512124241e-01,-6.160612996e-02,-4.494172378e-04,
1.258075778e-03,-2.831537522e-03,-2.117779628e-03,-4.727769884e-02,-1.849344100e-01,-3.991623896e-01,-4.713565758e-01,-2.861820307e-01,-7.100758572e-02,
1.589583014e-01
l,3.0,-3.0
1.291,2.271,3.271,
3.214652618e-06,5.366406416e+00
7.856958837e-05,-6.292843790e-05,-9.983249952e-05,5.060970880e-04,6.513542475e-04,-4.656585965e-05,-1.762278499e-04,1.931329431e-04,1.475463283e-04,
1.234871523e-05,-2.832130084e-05,-8.872616329e-06,-3.376710301e-04,-1.194624269e-03,-2.437940583e-03,-2.761076657e-03,-1.620298630e-03,-3.934371283e-04,
1.589272602e-01
l,3.0,-2.0
1.331,2.311,3.291,
5.121922953e-06,5.339139737e+00
1.465289970e-04,-1.117712326e-04,-1.546110723e-04,1.233708766e-03,2.322438171e-03,2.021489224e-03,1.893872112e-03,1.616261911e-03,5.732781871e-04,
2.411999490e-05,-5.536448983e-05,-2.301552505e-05,-7.300870296e-04,-2.718021937e-03,-5.807124641e-03,-6.899049949e-03,-4.250845505e-03,-1.078862901e-03,
1.589272873e-01
l,3.0,-1.0
1.371,2.351,3.331,
8.107194894e-06,5.403724586e+00
2.731507993e-04,-2.042498100e-04,-2.967891043e-04,2.312811280e-03,4.449548522e-03,3.791939701e-03,3.209983420e-03,2.630656449e-03,9.365910730e-04,
4.499489464e-05,-1.034489895e-04,-4.323473600e-05,-1.366368788e-03,-5.083557107e-03,-1.085540826e-02,-1.288742925e-02,-7.931226598e-03,-2.010317995e-03,
1.589272650e-01
l,3.0,0.0
1.411,2.391,3.371,
1.259858785e-05,5.493832032e+00
5.097849062e-04,-3.731398407e-04,-5.885917248e-04,4.228180760e-03,8.118481078e-03,6.286173116e-03,4.461585857e-03,3.654578277e-03,1.371966036e-03,
8.394328410e-05,-1.933109569e-04,-7.026192907e-05,-2.469356924e-03,-9.158782881e-03,-1.954239617e-02,-2.317434970e-02,-1.423009778e-02,-3.599076570e-03,
1.589582951e-01
l,3.0,1.0
1.431,2.411,3.411,
1.854638994e-05,5.761165651e+00
9.672819870e-04,-6.246346746e-04,-1.493933868e-03,6.515168241e-03,1.158367638e-02,2.232010716e-03,-6.437226240e-03,-4.275433347e-03,-6.376999543e-04,
1.565628447e-04,-3.611431763e-04,-1.120257142e-04,-4.305980940e-03,-1.520876838e-02,-3.094194976e-02,-3.489412155e-02,-2.027283314e-02,-4.856272233e-03,
1.589581972e-01
l,3.0,2.0
1.471,2.451,3.431,
3.058760423e-05,5.709006942e+00
1.815757947e-03,-1.142573094e-03,-2.353062326e-03,1.580430858e-02,3.497901534e-02,3.060607081e-02,1.770738655e-02,9.895708752e-03,3.271142950e-03,
3.058047395e-04,-7.061378965e-04,-2.944277109e-04,-9.335313424e-03,-3.466890547e-02,-7.382589394e-02,-8.736367498e-02,-5.341783169e-02,-1.342773451e-02,
1.589582469e-01
l,3.0,3.0
1.511,2.491,3.471,
4.928604769e-05,5.762323093e+00
3.407879034e-03,-2.160022808e-03,-4.412254091e-03,2.997665658e-02,6.655720243e-02,5.780777281e-02,3.191639536e-02,1.692293740e-02,5.571591725e-03,
5.704351700e-04,-1.319817137e-03,-5.699656987e-04,-1.764214652e-02,-6.550277831e-02,-1.394591795e-01,-1.649556488e-01,-1.008262899e-01,-2.534286990e-02,
1.589583073e-01
l,4.0,-4.0
1.791,2.811,3.831,
3.549618492e-08,6.578465590e+00
1.079596041e-05,-6.917727244e-06,-1.716647498e-05,6.894756302e-05,1.398406450e-04,7.603022383e-05,-2.228755579e-06,-6.873151147e-06,1.713140525e-06,
1.649879485e-06,-3.857575140e-06,-1.039695246e-06,-4.465574871e-05,-1.536035721e-04,-3.048289075e-04,-3.336035363e-04,-1.870769117e-04,-4.317558982e-05,
1.589272558e-01
l,4.0,-3.0
1.831,2.851,3.871,
3.467776103e-08,7.384048580e+00
1.992655052e-05,-1.151994275e-05,-2.583668612e-05,1.607755926e-04,3.323747139e-04,1.525521797e-04,-1.523329715e-04,-1.902714187e-04,-5.933067580e-05,
3.072464962e-06,-7.192020780e-06,-2.670241173e-06,-9.288360109e-05,-3.386829433e-04,-7.092986520e-04,-8.199863286e-04,-4.870502728e-04,-1.184850094e-04,
1.589272602e-01
l,4.0,-2.0
1.891,2.891,3.911,
9.504985700e-08,6.476176601e+00
3.683604882e-05,-2.067662660e-05,-5.163814365e-05,3.327994625e-04,9.916007934e-04,1.505745066e-03,1.590631493e-03,1.028778229e-03,2.851024068e-04,
5.721055743e-06,-1.340701577e-05,-4.274284734e-06,-1.641422043e-04,-5.831544447e-04,-1.191726322e-03,-1.343610935e-03,-7.762808726e-04,-1.838570334e-04,
1.589272873e-01
l,4.0,-1.0
1.911,2.931,3.951,
4.497142042e-08,8.379792872e+00
6.804134318e-05,-3.606031412e-05,-1.128032784e-04,3.884388153e-04,5.587713914e-04,-8.606545775e-04,-2.428657326e-03,-1.994558049e-03,-5.770795611e-04,
1.065176055e-05,-2.498967053e-05,-8.214985286e-06,-3.063157759e-04,-1.080292617e-03,-2.192673622e-03,-2.457941676e-03,-1.410879258e-03,-3.318186058e-04,
1.589272650e-01
l,4.0,0.0
1.971,2.971,3.991,
2.573194570e-07,6.416617106e+00
1.262736041e-04,-6.254547903e-05,-1.523809665e-04,1.393361669e-03,4.560351588e-03,7.682318352e-03,8.383512877e-03,5.303106732e-03,1.418499549e-03,
1.983397600e-05,-4.658275018e-05,-1.799054759e-05,-6.100196394e-04,-2.234612607e-03,-4.688527927e-03,-5.423537361e-03,-3.214045924e-03,-7.780049456e-04,
1.589582951e-01
l,4.0,1.0
1.991,3.011,4.031,
9.921916277e-08,8.524014186e+00
2.338101040e-04,-1.164513245e-04,-4.408519190e-04,1.088119316e-03,1.479152351e-03,-3.452061999e-03,-8.725224174e-03,-7.027104610e-03,-2.016296629e-03,
3.692109997e-05,-8.680847946e-05,-2.573968070e-05,-1.023019406e-03,-3.509607759e-03,-6.928071620e-03,-7.539459824e-03,-4.177403347e-03,-9.461948669e-04,
1.589582517e-01
l,4.0,2.0
2.051,3.051,4.071,
5.625805671e-07,6.707728775e+00
4.354460980e-04,-1.984362853e-04,-5.206043140e-04,4.815672367e-03,1.551220732e-02,2.470746274e-02,2.506229820e-02,1.493696494e-02,3.841941572e-03,
6.872375174e-05,-1.617587122e-04,-6.316178462e-05,-2.145957205e-03,-7.940838746e-03,-1.682147124e-02,-1.963272175e-02,-1.172497988e-02,-2.855259974e-03,
1.589583014e-01
l,4.0,3.0
2.071,3.091,4.111,
4.144816556e-07,7.814633417e+00
8.097586106e-04,-3.877101276e-04,-1.533006174e-03,4.396022307e-03,9.923426771e-03,1.958436479e-03,-1.022564682e-02,-1.014506576e-02,-3.020971176e-03,
1.279129977e-04,-3.014110469e-04,-7.714031339e-05,-3.456533176e-03,-1.179961735e-02,-2.321235803e-02,-2.513297094e-02,-1.380713877e-02,-3.094522401e-03,
1.589582528e-01
l,4.0,4.0
2.111,3.131,4.151,
1.126655327e-06,7.123247577e+00
1.512486022e-03,-6.773356075e-04,-2.116642725e-03,1.388963256e-02,4.023765297e-02,4.950799627e-02,3.545652227e-02,1.521640173e-02,3.093660116e-03,
2.380752007e-04,-5.616547492e-04,-1.909824897e-04,-7.169634556e-03,-2.617560171e-02,-5.490751526e-02,-6.347184233e-02,-3.749456531e-02,-9.036021275e-03,
1.589582030e-01
l,5.0,-5.0
2.331,3.371,4.411,
4.757673512e-10,7.249749637e+00
1.398905965e-06,-7.314290748e-07,-2.003530100e-06,1.179836746e-05,3.382274008e-05,4.390856600e-05,3.679868881e-05,1.961958724e-05,4.828680393e-06,
2.057353595e-07,-4.880888899e-07,-1.307776984e-07,-5.855904597e-06,-2.064632456e-05,-4.203753009e-05,-4.701690400e-05,-2.682908374e-05,-6.258912047e-06,
1.589272574e-01
l,5.0,-4.0
2.371,3.411,4.451,
2.702926476e-10,8.451284649e+00
2.562064083e-06,-1.238930668e-06,-4.231462681e-06,1.699307967e-05,4.263803646e-05,3.111268644e-05,-1.871688335e-06,-1.288795623e-05,-4.660973472e-06,
3.826060045e-07,-9.084785618e-07,-2.400273497e-07,-1.071458338e-05,-3.716115955e-05,-7.437597842e-05,-8.176483348e-05,-4.572428031e-05,-1.043869837e-05,
1.589272558e-01
l,5.0,-3.0
2.411,3.451,4.491,
9.874602298e-10,7.489133203e+00
4.708187134e-06,-2.064378401e-06,-7.406508830e-06,3.733175390e-05,1.148096583e-04,1.525704449e-04,1.247186530e-04,6.274828850e-05,1.457425517e-05,
7.114758216e-07,-1.690787816e-06,-5.081428979e-07,-2.055523102e-05,-7.195471436e-05,-1.450452376e-04,-1.606867312e-04,-9.053996673e-05,-2.078905247e-05,
1.589272602e-01
l,5.0,-2.0
2.451,3.491,4.551,
7.045600999e-10,8.398791238e+00
8.647659342e-06,-3.542273405e-06,-1.537512847e-05,5.460195965e-05,1.570017853e-04,1.521942028e-04,5.661672747e-05,-3.515703091e-06,-5.653441890e-06,
1.261700322e-06,-3.002076013e-06,-6.339096776e-07,-3.379096822e-05,-1.143511678e-04,-2.236582316e-04,-2.391538186e-04,-1.291135064e-04,-2.833628234e-05,
1.589583278e-01
l,5.0,-1.0
2.491,3.531,4.591,
1.738889657e-09,7.915355323e+00
1.590330976e-05,-5.821753175e-06,-2.632249856e-05,1.193424042e-04,3.823734563e-04,5.006581249e-04,3.795686862e-04,1.695011252e-04,3.487103319e-05,
2.345740372e-06,-5.585928888e-06,-1.322834888e-06,-6.498056440e-05,-2.249863428e-04,-4.492516988e-04,-4.906437480e-04,-2.708980217e-04,-6.071660220e-05,
1.589583055e-01
l,5.0,0.0
2.531,3.571,4.631,
2.335916662e-09,8.114138795e+00
2.932364987e-05,-1.017464432e-05,-5.307881830e-05,1.917628381e-04,6.274739885e-04,7.879450991e-04,5.525495915e-04,2.239131724e-04,4.215218693e-05,
4.360851250e-06,-1.039276247e-05,-2.426041087e-06,-1.188449716e-04,-4.031168411e-04,-7.883554070e-04,-8.429029503e-04,-4.538920000e-04,-9.897890581e-05,
1.589582951e-01
l,5.0,1.0
2.571,3.611,4.671,
2.862216868e-09,8.408146526e+00
5.401972157e-05,-1.683519218e-05,-9.353254355e-05,3.773697217e-04,1.236581292e-03,1.549350272e-03,1.035420736e-03,3.688654994e-04,5.540100491e-05,
8.106457373e-06,-1.933437069e-05,-5.159951667e-06,-2.288657071e-04,-7.910303716e-04,-1.573310545e-03,-1.712284470e-03,-9.403816283e-04,-2.090732423e-04,
1.589582517e-01
l,5.0,2.0
2.611,3.651,4.711,
7.934757728e-09,7.846471368e+00
1.000002012e-04,-2.981510598e-05,-1.797261223e-04,6.945732890e-04,2.469195473e-03,3.560885962e-03,3.014668758e-03,1.494024265e-03,3.322772822e-04,
1.506819276e-05,-3.596626390e-05,-8.792795793e-06,-4.164952974e-04,-1.423163095e-03,-2.800170403e-03,-3.012393118e-03,-1.630277814e-03,-3.564405509e-04,
1.589583014e-01
l,5.0,3.0
2.651,3.691,4.751,
5.172090695e-09,8.796881072e+00
1.847828971e-04,-5.125093485e-05,-3.378291366e-04,1.172297473e-03,3.928796248e-03,4.701741708e-03,2.735386103e-03,6.817051100e-04,2.456463468e-05,
2.800677937e-05,-6.690065882e-05,-1.797112622e-05,-7.886611064e-04,-2.704674810e-03,-5.335287258e-03,-5.757729000e-03,-3.127029708e-03,-6.857180020e-04,
1.589583073e-01
l,5.0,4.0
2.691,3.731,4.791,
2.223778513e-08,7.812357311e+00
3.432043886e-04,-9.111904572e-05,-6.090498257e-04,2.485041439e-03,9.166134949e-03,1.391030789e-02,1.238147139e-02,6.363183129e-03,1.442993992e-03,
5.205236252e-05,-1.244347878e-04,-3.024253353e-05,-1.449231170e-03,-4.990335581e-03,-9.893537065e-03,-1.072231365e-02,-5.841805133e-03,-1.284021148e-03,
1.589582576e-01
l,5.0,5.0
2.731,3.771,4.831,
1.204221307e-08,8.931266033e+00
6.370160845e-04,-1.671119286e-04,-1.217916535e-03,3.750257111e-03,1.298624664e-02,1.559734049e-02,9.008258037e-03,2.179988892e-03,5.470306250e-05,
9.673841897e-05,-2.314415823e-04,-5.579617569e-05,-2.666874524e-03,-9.057607742e-03,-1.771784597e-02,-1.894193185e-02,-1.015551250e-02,-2.192646349e-03,
1.589582412e-01
l,6.0,-6.0
2.851,3.911,4.971,
1.579340462e-12,9.247761668e+00
1.766574940e-07,-5.362714766e-08,-3.047927344e-07,1.211918158e-06,4.020181754e-06,5.104263819e-06,3.462012690e-06,1.249853389e-06,1.891720337e-07,
2.644986060e-08,-6.342543873e-08,-2.001558813e-08,-7.776709550e-07,-2.690805143e-06,-5.345292108e-06,-5.812220042e-06,-3.189768302e-06,-7.079510525e-07,
1.589273003e-01
l,6.0,-5.0
2.911,3.971,5.031,
3.260745236e-12,8.995497983e+00
3.200242134e-07,-1.155344780e-07,-5.613880411e-07,2.122686256e-06,6.895522034e-06,8.680443577e-06,6.062225643e-06,2.403623420e-06,4.334659315e-07,
4.684526769e-08,-1.124449924e-07,-2.817134700e-08,-1.315922058e-06,-4.489156417e-06,-8.832198687e-06,-9.498930076e-06,-5.149106796e-06,-1.130346277e-06,
1.589582979e-01
l,6.0,-4.0
2.951,4.011,5.071,
5.905576170e-12,8.871565646e+00
5.836320724e-07,-1.806575497e-07,-1.010375378e-06,4.053634187e-06,1.399799776e-05,1.938839404e-05,1.534275587e-05,6.957162738e-06,1.409291674e-06,
8.700474019e-08,-2.089781666e-07,-6.163992971e-08,-2.523128711e-06,-8.677168194e-06,-1.716360716e-05,-1.858077079e-05,-1.014075412e-05,-2.237062022e-06,
1.589272558e-01
l,6.0,-3.0
2.991,4.051,5.111,
5.912762859e-12,9.300723054e+00
1.068638994e-06,-2.852885611e-07,-1.884728103e-06,7.090133581e-06,2.475842430e-05,3.314440237e-05,2.415458878e-05,9.609958603e-06,1.651603041e-06,
1.616136097e-07,-3.884319426e-07,-1.212840232e-07,-4.751853119e-06,-1.641567630e-05,-3.255424896e-05,-3.533731459e-05,-1.931844236e-05,-4.259894528e-06,
1.589272602e-01
l,6.0,-2.0
3.031,4.091,5.171,
1.458931563e-11,8.907168553e+00
1.953294941e-06,-4.646977964e-07,-3.845565279e-06,1.074364976e-05,4.141319478e-05,5.912933187e-05,4.773502004e-05,2.206983671e-05,4.562582301e-06,
2.861400285e-07,-6.883759987e-07,-1.450177622e-07,-7.679618156e-06,-2.535271942e-05,-4.823434242e-05,-4.991562402e-05,-2.570123709e-05,-5.293992177e-06,
1.589583278e-01
l,6.0,-1.0
3.071,4.131,5.211,
1.262063443e-11,9.462296048e+00
3.580574003e-06,-6.670134421e-07,-6.328075235e-06,2.363154216e-05,8.809229048e-05,1.254260781e-04,9.717092209e-05,4.082942029e-05,7.322324832e-06,
5.314322575e-07,-1.279272458e-06,-3.779116281e-07,-1.550934770e-05,-5.336319645e-05,-1.053217363e-04,-1.133254593e-04,-6.113217828e-05,-1.324614045e-05,
1.589583055e-01
l,6.0,0.0
3.131,4.191,5.251,
2.250515188e-11,9.373410851e+00
6.538472917e-06,-1.704031202e-06,-1.167775857e-05,4.240830993e-05,1.517196745e-04,2.083154269e-04,1.572574513e-04,6.553558184e-05,1.190890587e-05,
9.869422890e-07,-2.377227814e-06,-7.098654604e-07,-2.886308406e-05,-9.943320706e-05,-1.968018237e-04,-2.130928278e-04,-1.160231548e-04,-2.544778269e-05,
1.589582951e-01
l,6.0,1.0
3.171,4.231,5.311,
4.737813538e-11,9.143998461e+00
1.199974031e-05,-2.902061063e-06,-2.384163597e-05,6.360185083e-05,2.467117367e-04,3.488007147e-04,2.763267860e-04,1.246943942e-04,2.516076839e-05,
1.746519275e-06,-4.210567032e-06,-7.167922644e-07,-4.576146266e-05,-1.504865324e-04,-2.860374829e-04,-2.953663600e-04,-1.513315476e-04,-3.095654986e-05,
1.589582517e-01
l,6.0,2.0
3.211,4.271,5.351,
4.435044710e-11,9.620595642e+00
2.210350976e-05,-4.491303587e-06,-3.950998569e-05,1.419092069e-04,5.284225797e-04,7.464124676e-04,5.726305287e-04,2.381360821e-04,4.228320757e-05,
3.243063640e-06,-7.823065509e-06,-1.855628199e-06,-9.150582608e-05,-3.136100985e-04,-6.188238229e-04,-6.648322366e-04,-3.573406964e-04,-7.709698576e-05,
1.589582469e-01
l,6.0,3.0
3.251,4.311,5.391,
1.332242318e-10,9.101883685e+00
4.072700176e-05,-7.945789139e-06,-8.105681874e-05,2.163549448e-04,8.857763977e-04,1.329011539e-03,1.124400672e-03,5.390807842e-04,1.139013039e-04,
6.021627333e-06,-1.453404311e-05,-2.842661719e-06,-1.613489756e-04,-5.345704140e-04,-1.021375506e-03,-1.061015552e-03,-5.467948094e-04,-1.122675459e-04,
1.589582220e-01
l,6.0,4.0
3.291,4.351,5.431,
9.936704598e-11,9.765959855e+00
7.516986807e-05,-1.251493111e-05,-1.401567782e-04,4.436614793e-04,1.731687118e-03,2.482663496e-03,1.917554678e-03,7.983005287e-04,1.412103367e-04,
1.118018681e-05,-2.700039731e-05,-6.690103399e-06,-3.160821783e-04,-1.075336591e-03,-2.104752683e-03,-2.244106017e-03,-1.194219034e-03,-2.543023638e-04,
1.589582030e-01
l,6.0,5.0
3.331,4.391,5.471,
3.091555888e-10,9.236624431e+00
1.391253027e-04,-2.223279462e-05,-2.696787775e-04,7.830631029e-04,3.250860738e-03,5.012595198e-03,4.330349046e-03,2.093387721e-03,4.407907605e-04,
2.075694871e-05,-5.015702035e-05,-1.090752592e-05,-5.709317306e-04,-1.919786603e-03,-3.717457044e-03,-3.916813324e-03,-2.051504521e-03,-4.284502569e-04,
1.589582412e-01
l,6.0,6.0
3.371,4.431,5.511,
2.658018652e-10,9.775695722e+00
2.573938982e-04,-3.814146599e-05,-5.086383710e-04,1.343209434e-03,5.556272193e-03,8.110493163e-03,6.393306716e-03,2.743511769e-03,5.063341029e-04,
3.853529189e-05,-9.316968729e-05,-2.109234261e-05,-1.064649492e-03,-3.567989862e-03,-6.886078567e-03,-7.234747445e-03,-3.776090054e-03,-7.849738794e-04,
1.589582456e-01
l,7.0,-7.0
3.411,4.471,5.551,
1.504092124e-14,9.991909261e+00
2.149882050e-08,-3.818429612e-09,-4.115788788e-08,1.201267948e-07,4.773674494e-07,6.970497884e-07,5.612943691e-07,2.506418374e-07,4.878580429e-08,
3.198772354e-09,-7.737730506e-09,-2.317905975e-09,-9.269042998e-08,-3.114923969e-07,-6.006877089e-07,-6.316921037e-07,-3.316107373e-07,-6.961269541e-08,
1.589272575e-01
l,7.0,-6.0
3.451,4.531,5.611,
9.862174879e-15,1.070695471e+01
3.890587053e-08,-8.651827247e-09,-7.120083108e-08,2.291988002e-07,8.289059652e-07,1.077145532e-06,7.145807428e-07,2.340317879e-07,2.771440197e-08,
5.657174414e-09,-1.369542622e-08,-3.415219601e-09,-1.608480662e-07,-5.463607308e-07,-1.069018075e-06,-1.139371878e-06,-6.074334491e-07,-1.299864399e-07,
1.589273003e-01
l,7.0,-5.0
3.511,4.591,5.671,
3.170633280e-14,1.013920665e+01
7.046205042e-08,-1.924139862e-08,-1.228792719e-07,4.652187928e-07,1.658664498e-06,2.302984009e-06,1.769212967e-06,7.523368032e-07,1.393750185e-07,
1.000577476e-08,-2.424179887e-08,-4.896077946e-09,-2.783033541e-07,-9.495496470e-07,-1.872429207e-06,-2.008160368e-06,-1.078360830e-06,-2.330611833e-07,
1.589582979e-01
l,7.0,-4.0
3.551,4.631,5.711,
7.228525005e-14,9.855497017e+00
1.283309956e-07,-3.060246452e-08,-2.515082406e-07,6.853062015e-07,2.701668947e-06,3.935177284e-06,3.226937299e-06,1.498425467e-06,3.069935621e-07,
1.856697337e-08,-4.500663814e-08,-8.001867727e-09,-4.953262307e-07,-1.635587971e-06,-3.122499357e-06,-3.238919583e-06,-1.667239740e-06,-3.424507114e-07,
1.589272558e-01
l,7.0,-3.0
3.591,4.671,5.751,
4.028874889e-14,1.068585706e+01
2.339971985e-07,-4.257175689e-08,-4.261922841e-07,1.381818240e-06,5.250417174e-06,7.301967874e-06,5.375192222e-06,2.080505404e-06,3.317640770e-07,
3.446512825e-08,-8.358599380e-08,-2.398576294e-08,-1.009806978e-06,-3.448884594e-06,-6.767630530e-06,-7.237574980e-06,-3.870416672e-06,-8.291085358e-07,
1.589583182e-01
l,7.0,-2.0
3.631,4.711,5.811,
3.224164201e-13,9.434961028e+00
4.273190086e-07,-6.358656480e-08,-8.104391111e-07,2.465786711e-06,1.049987353e-05,1.704695577e-05,1.566706065e-05,8.021399872e-06,1.764348411e-06,
6.093046896e-08,-1.478800304e-07,-2.714744974e-08,-1.649682550e-06,-5.493103359e-06,-1.055412316e-05,-1.098159610e-05,-5.658760261e-06,-1.160195610e-06,
1.589583278e-01
l,7.0,-1.0
3.671,4.751,5.851,
5.509914190e-14,1.116911445e+01
7.798539059e-07,-8.958026267e-08,-1.612935135e-06,3.164162667e-06,1.361753644e-05,1.798330761e-05,1.145869633e-05,3.289205081e-06,2.448269085e-07,
1.130671385e-07,-2.745502881e-07,-5.122229282e-08,-3.029594242e-06,-9.929014197e-06,-1.876348861e-05,-1.920847335e-05,-9.689209641e-06,-1.931290220e-06,
1.589583055e-01
l,7.0,0.0
3.731,4.811,5.891,
1.652432496e-13,1.069200695e+01
1.422641049e-06,-2.429008172e-07,-2.589147703e-06,8.384362742e-06,3.259145650e-05,4.678014734e-05,3.608026627e-05,1.491955617e-05,2.604869127e-06,
2.098060642e-07,-5.096958474e-07,-1.394082290e-07,-6.120245058e-06,-2.092367783e-05,-4.112818379e-05,-4.404938004e-05,-2.356656823e-05,-5.044634198e-06,
1.589582951e-01
l,7.0,1.0
3.771,4.851,5.931,
9.866446334e-13,9.706849845e+00
2.607524038e-06,-3.864507700e-07,-5.028851335e-06,1.428699949e-05,6.166216863e-05,9.951262148e-05,9.048982435e-05,4.581195403e-05,9.979158049e-06,
3.892952394e-07,-9.461867320e-07,-2.486640175e-07,-1.112562525e-05,-3.737878210e-05,-7.217839468e-05,-7.591707285e-05,-3.969734833e-05,-8.262030471e-06,
1.589582517e-01
l,7.0,2.0
3.811,4.891,5.991,
1.844450848e-13,1.133263339e+01
4.779734809e-06,-5.863750717e-07,-9.905396504e-06,1.911758422e-05,8.261863573e-05,1.090803273e-04,6.937628656e-05,1.981161611e-05,1.441104535e-06,
6.880148852e-07,-1.673390728e-06,-2.568427013e-07,-1.808604331e-05,-5.914037221e-05,-1.117908374e-04,-1.143469111e-04,-5.751457294e-05,-1.141576227e-05,
1.589583014e-01
l,7.0,3.0
3.851,4.931,6.031,
2.852039153e-12,9.659023384e+00
8.790484571e-06,-8.125465753e-07,-1.671383081e-05,4.869938174e-05,2.184947996e-04,3.657037974e-04,3.425770169e-04,1.769153969e-04,3.896439837e-05,
1.276470606e-06,-3.106048671e-06,-6.546589960e-07,-3.546189781e-05,-1.188753589e-04,-2.294792163e-04,-2.401220216e-04,-1.243295848e-04,-2.553466723e-05,
1.589583073e-01
l,7.0,4.0
3.891,4.971,6.071,
5.236553123e-13,1.127819218e+01
1.614836947e-05,-1.255467443e-06,-3.391457366e-05,6.027297613e-05,2.817895544e-04,3.975189132e-04,2.819616141e-04,1.000547817e-04,1.355981742e-05,
2.368124985e-06,-5.764976191e-06,-1.061371942e-06,-6.355849700e-05,-2.081988894e-04,-3.931947903e-04,-4.022524276e-04,-2.021778203e-04,-3.996388612e-05,
1.589582030e-01
l,7.0,5.0
3.931,5.011,6.111,
4.276934538e-12,1.010390201e+01
2.979370038e-05,-1.581471153e-06,-5.742058606e-05,1.529403663e-04,7.055446049e-04,1.167450679e-03,1.065419258e-03,5.328114438e-04,1.136834143e-04,
4.393193861e-06,-1.069957497e-05,-2.533038060e-06,-1.243253977e-04,-4.177492926e-04,-8.069377256e-04,-8.458107147e-04,-4.385735317e-04,-9.002946630e-05,
1.589582412e-01
l,7.0,6.0
3.971,5.051,6.151,
2.600730021e-12,1.083212703e+01
5.491431875e-05,-2.457578705e-06,-1.136967150e-04,2.189802629e-04,1.071526695e-03,1.673304702e-03,1.394498966e-03,6.281784754e-04,1.207036194e-04,
8.149635291e-06,-1.985709962e-05,-4.159378189e-06,-2.235930311e-04,-7.379156203e-04,-1.401482339e-03,-1.443384140e-03,-7.312560342e-04,-1.457064673e-04,
1.589582456e-01
l,7.0,7.0
4.011,5.091,6.191,
4.204824205e-12,1.085121874e+01
1.015813032e-04,-2.995756027e-06,-2.037014738e-04,4.442235242e-04,2.122279258e-03,3.354362837e-03,2.838309530e-03,1.296361994e-03,2.518603435e-04,
1.511745970e-05,-3.685079800e-05,-8.557443950e-06,-4.250057702e-04,-1.419494753e-03,-2.725871103e-03,-2.841024522e-03,-1.461205185e-03,-2.965064446e-04,
1.589581806e-01
l,8.0,-8.0
3.971,5.051,6.151,
1.323509748e-16,1.078568762e+01
2.563198098e-09,-3.628446334e-10,-4.884233185e-09,1.388668714e-08,5.826502691e-08,8.965278481e-08,7.629423689e-08,3.586023079e-08,7.275060191e-09,
3.644306305e-10,-8.879502871e-10,-1.734606501e-10,-1.002837991e-08,-3.344868453e-08,-6.438391570e-08,-6.714404803e-08,-3.468428589e-08,-7.125745951e-09,
1.589272743e-01
l,8.0,-7.0
4.011,5.091,6.191,
1.783234594e-16,1.090456586e+01
4.640300144e-09,-4.245711133e-10,-9.298267540e-09,2.145534688e-08,9.772450668e-08,1.533447474e-07,1.316295368e-07,6.206460637e-08,1.258735899e-08,
6.760091876e-10,-1.647834392e-09,-3.710515293e-10,-1.879229170e-08,-6.214864896e-08,-1.182596312e-07,-1.220238159e-07,-6.215769816e-08,-1.251803156e-08,
1.589272575e-01
l,8.0,-6.0
4.051,5.151,6.251,
8.509723374e-17,1.176917139e+01
8.389071660e-09,-1.202100208e-09,-1.722759342e-08,3.479433998e-08,1.492254525e-07,2.037213727e-07,1.413743908e-07,4.967961662e-08,6.820890045e-09,
1.194464649e-09,-2.913469013e-09,-4.811314911e-10,-3.180784651e-08,-1.038595469e-07,-1.959946916e-07,-2.001106633e-07,-1.005368856e-07,-1.995001690e-08,
1.589583407e-01
l,8.0,-5.0
4.111,5.191,6.291,
6.123832087e-16,1.069886036e+01
1.525184068e-08,-1.335714646e-09,-2.905548091e-08,8.039242045e-08,3.573079557e-07,5.782683214e-07,5.180107217e-07,2.552143875e-07,5.384418091e-08,
2.215038355e-09,-5.405046364e-09,-1.280460911e-09,-6.288827406e-08,-2.110026046e-07,-4.073035415e-07,-4.265727902e-07,-2.212721282e-07,-4.553030772e-08,
1.589272574e-01
l,8.0,-4.0
4.151,5.251,6.351,
9.057347196e-16,1.075753280e+01
2.764009999e-08,-3.973099779e-09,-5.246179025e-08,1.496694079e-07,6.375569597e-07,1.003661641e-06,8.773657323e-07,4.228901090e-07,8.745537571e-08,
3.913231722e-09,-9.554785239e-09,-1.733763933e-09,-1.072793553e-07,-3.578771888e-07,-6.896017345e-07,-7.194852101e-07,-3.714136363e-07,-7.617366968e-08,
1.589582963e-01
l,8.0,-3.0
4.191,5.291,6.391,
3.029420562e-16,1.185777015e+01
5.023574090e-08,-5.264468753e-09,-1.037622206e-07,1.977857783e-07,8.974265507e-07,1.276125580e-06,9.332188678e-07,3.534524245e-07,5.451105739e-08,
7.257465476e-09,-1.772742250e-08,-3.331835457e-09,-1.968291967e-07,-6.448631457e-07,-1.218904741e-06,-1.247895712e-06,-6.284511191e-07,-1.247133958e-07,
1.589583007e-01
l,8.0,-2.0
4.251,5.331,6.431,
2.751398093e-15,1.065841653e+01
9.160889647e-08,-5.133427514e-09,-1.735775747e-07,4.791696144e-07,2.204435019e-06,3.686403805e-06,3.409969127e-06,1.727613591e-06,3.726415060e-07,
1.345912378e-08,-3.288898042e-08,-8.980451958e-09,-3.927116434e-07,-1.323078368e-06,-2.558483510e-06,-2.686531623e-06,-1.397741991e-06,-2.881402744e-07,
1.589582733e-01
l,8.0,-1.0
4.291,5.391,6.491,
2.685385562e-15,1.100888773e+01
1.666104055e-07,-2.018947508e-08,-3.199279772e-07,8.545573698e-07,3.747109380e-06,5.938027567e-06,5.187781589e-06,2.487271739e-06,5.103784440e-07,
2.376824169e-08,-5.811470809e-08,-1.082138425e-08,-6.546523569e-07,-2.183460932e-06,-4.204611405e-06,-4.384667875e-06,-2.259345202e-06,-4.614756426e-07,
1.589583055e-01
l,8.0,0.0
4.331,5.431,6.531,
1.097947846e-15,1.195273756e+01
3.038626062e-07,-2.745004868e-08,-6.292616041e-07,1.155305812e-06,5.404082673e-06,7.851810697e-06,5.908377377e-06,2.329294188e-06,3.802361973e-07,
4.407454621e-08,-1.078063712e-07,-2.021490884e-08,-1.198523902e-06,-3.930105573e-06,-7.436218600e-06,-7.622079420e-06,-3.839704878e-06,-7.609346414e-07,
1.589583116e-01
l,8.0,1.0
4.371,5.471,6.571,
9.834363563e-15,1.079193407e+01
5.561259968e-07,-2.831407728e-08,-1.058591608e-06,2.814905429e-06,1.309758759e-05,2.186115944e-05,2.006418505e-05,1.003605624e-05,2.129474877e-06,
8.172641398e-08,-1.999790487e-07,-5.224917000e-08,-2.372969270e-06,-7.992035735e-06,-1.546183588e-05,-1.624109287e-05,-8.444447364e-06,-1.737661622e-06,
1.589583482e-01
l,8.0,2.0
4.411,5.511,6.631,
1.585653953e-15,1.235766117e+01
1.016361011e-06,-3.755811387e-08,-2.277613080e-06,2.451330972e-06,1.421525323e-05,2.007143863e-05,1.371435824e-05,4.524048978e-06,5.319146342e-07,
1.442968428e-07,-3.532834094e-07,1.743507143e-08,-3.039415798e-06,-9.006876343e-06,-1.584840592e-05,-1.487846730e-05,-6.476126566e-06,-1.018857052e-06,
1.589582469e-01
l,8.0,3.0
4.471,5.571,6.671,
4.019286506e-15,1.205989948e+01
1.859329018e-06,-1.902084179e-07,-3.853293802e-06,7.074793426e-06,3.304531441e-05,4.816213276e-05,3.653465200e-05,1.461556510e-05,2.441319899e-06,
2.675418044e-07,-6.552672921e-07,-1.014582613e-07,-7.133735251e-06,-2.332762642e-05,-4.412638395e-05,-4.517285726e-05,-2.268774589e-05,-4.477899323e-06,
1.589583073e-01
l,8.0,4.0
4.511,5.611,6.711,
2.982909910e-14,1.105518760e+01
3.416409072e-06,-2.459027451e-07,-6.559335823e-06,1.698366714e-05,7.857390930e-05,1.297627033e-04,1.178178383e-04,5.838269948e-05,1.229681425e-05,
4.960333641e-07,-1.215335622e-06,-2.620050106e-07,-1.400768994e-05,-4.697636656e-05,-9.076857768e-05,-9.509456953e-05,-4.921615303e-05,-1.007275027e-05,
1.589583629e-01
l,8.0,5.0
4.551,5.651,6.751,
7.555101515e-15,1.229607209e+01
6.269997812e-06,-3.574294288e-07,-1.308925897e-05,2.200652235e-05,1.090816311e-04,1.619845912e-04,1.239299129e-04,4.950611533e-05,8.161529816e-06,
9.196327732e-07,-2.254013053e-06,-4.434736518e-07,-2.526975401e-05,-8.308717381e-05,-1.575118132e-04,-1.618469475e-04,-8.165136524e-05,-1.616288496e-05,
1.589582957e-01
l,8.0,6.0
4.591,5.691,6.791,
7.192050261e-14,1.114273039e+01
1.155063001e-05,-3.838413227e-07,-2.245687735e-05,5.366527245e-05,2.599430084e-04,4.365271184e-04,4.005243400e-04,1.997764823e-04,4.223711701e-05,
1.704915795e-06,-4.180226582e-06,-1.023489316e-06,-4.905458940e-05,-1.646652735e-04,-3.178538489e-04,-3.330755127e-04,-1.723597897e-04,-3.519472920e-05,
1.589582456e-01
l,8.0,7.0
4.631,5.731,6.831,
2.393468177e-14,1.219527532e+01
2.126525942e-05,-4.831740968e-07,-4.362571412e-05,7.766871450e-05,3.941184296e-04,6.146415397e-04,5.031100021e-04,2.191392638e-04,4.017406996e-05,
3.160653817e-06,-7.752238699e-06,-1.809075154e-06,-8.951678151e-05,-2.972621746e-04,-5.677863751e-04,-5.886689699e-04,-3.003761326e-04,-6.021206760e-05,
1.589583072e-01
l,8.0,8.0
4.671,5.771,6.871,
1.030789505e-13,1.157532176e+01
3.926309000e-05,-3.560638168e-07,-7.886074283e-05,1.586212752e-04,8.085853756e-04,1.340777510e-03,1.198413857e-03,5.799885750e-04,1.191115365e-04,
5.859170905e-06,-1.437601028e-05,-3.555771975e-06,-1.681730937e-04,-5.614513978e-04,-1.077594629e-03,-1.123446748e-03,-5.772666901e-04,-1.166625591e-04,
1.589582382e-01
l,9.0,-9.0
4.531,5.631,6.731,
4.926272013e-19,1.212165871e+01
3.007888938e-10,-3.136437237e-11,-5.936791110e-10,1.376679794e-09,6.150868444e-09,9.393505480e-09,7.731862154e-09,3.449809364e-09,6.567658736e-10,
4.319823034e-11,-1.058594306e-10,-2.341187503e-11,-1.216434345e-09,-4.039267197e-09,-7.727492324e-09,-8.012825947e-09,-4.103253399e-09,-8.312149789e-10,
1.589582381e-01
l,9.0,-8.0
4.571,5.671,6.771,
8.573346607e-19,1.206240539e+01
5.438889894e-10,-2.677634900e-11,-1.092696885e-09,2.269791649e-09,1.088333192e-08,1.714926377e-08,1.450632169e-08,6.640978846e-09,1.294871078e-09,
8.007134208e-11,-1.962891163e-10,-5.039428952e-11,-2.300670222e-09,-7.644469339e-09,-1.459903875e-08,-1.514139513e-08,-7.751638404e-09,-1.565034717e-09,
1.589272154e-01
l,9.0,-7.0
4.631,5.731,6.831,
2.756631145e-18,1.160616654e+01
9.830164460e-10,-9.313240094e-11,-1.895390529e-09,4.868695451e-09,2.203257323e-08,3.559740122e-08,3.165340307e-08,1.541294803e-08,3.203261273e-09,
1.413645217e-10,-3.467283035e-10,-7.850624546e-11,-4.017922762e-09,-1.341412520e-08,-2.580266902e-08,-2.691446799e-08,-1.387836074e-08,-2.833017531e-09,
1.589582404e-01
l,9.0,-6.0
4.671,5.771,6.871,
1.375429308e-18,1.236595696e+01
1.779829950e-09,-8.287191962e-11,-3.572187554e-09,7.275347166e-09,3.501930052e-08,5.476207363e-08,4.560975465e-08,2.041473839e-08,3.872410601e-09,
2.620075986e-10,-6.428558902e-10,-1.613814226e-10,-7.520695577e-09,-2.503602872e-08,-4.790606303e-08,-4.976491562e-08,-2.550776396e-08,-5.153912643e-09,
1.589271689e-01
l,9.0,-5.0
4.711,5.811,6.931,
1.404253043e-18,1.265609645e+01
3.226360068e-09,-5.127051344e-11,-7.549168628e-09,5.464837257e-09,4.033764093e-08,6.027990843e-08,4.487750123e-08,1.741847956e-08,2.823700884e-09,
4.625101962e-10,-1.135387228e-09,-1.646778101e-11,-1.048289811e-08,-3.239282256e-08,-5.968537990e-08,-5.957360517e-08,-2.856024028e-08,-5.242405126e-09,
1.589582428e-01
l,9.0,-4.0
4.771,5.871,6.971,
1.101874523e-17,1.163914458e+01
5.850793183e-09,-2.863153827e-10,-1.124290019e-08,2.801921203e-08,1.325850659e-07,2.208877398e-07,2.016570946e-07,1.002422164e-07,2.114390298e-08,
8.573204619e-10,-2.105291910e-09,-5.648809861e-10,-2.511981416e-08,-8.437063660e-08,-1.628161771e-07,-1.706231580e-07,-8.844093430e-08,-1.811932207e-08,
1.589582424e-01
l,9.0,-3.0
4.811,5.911,7.031,
3.295981449e-18,1.271619574e+01
1.061918020e-08,-1.346771048e-10,-2.212155493e-08,3.527979935e-08,1.864517948e-07,2.908300830e-07,2.369871840e-07,1.026470660e-07,1.871243451e-08,
1.512906888e-09,-3.717044640e-09,7.710115009e-11,-3.277317493e-08,-9.718446162e-08,-1.712101651e-07,-1.619256839e-07,-7.168690883e-08,-1.166050888e-08,
1.589582129e-01
l,9.0,-2.0
4.851,5.951,7.071,
6.013079551e-18,1.263728196e+01
1.931180016e-08,3.020362440e-10,-4.457486867e-08,3.327447670e-08,2.536752482e-07,3.998790858e-07,3.211306699e-07,1.376095750e-07,2.514507566e-08,
2.804132473e-09,-6.891698990e-09,-2.499981701e-10,-6.485354089e-08,-2.016576114e-07,-3.735703454e-07,-3.761233739e-07,-1.825916964e-07,-3.405125328e-08,
1.589581732e-01
l,9.0,-1.0
4.911,6.011,7.111,
4.096138453e-17,1.173446312e+01
3.514660918e-08,-8.925244179e-10,-6.731149174e-08,1.651125613e-07,8.000767777e-07,1.353559472e-06,1.251193367e-06,6.277601819e-07,1.332609350e-07,
5.197218254e-09,-1.277730556e-08,-3.628728029e-09,-1.542603028e-07,-5.197552098e-07,-1.005158463e-06,-1.056391452e-06,-5.492512537e-07,-1.127795181e-07,
1.589581333e-01
l,9.0,0.0
4.951,6.051,7.171,
8.070648605e-18,1.305869966e+01
6.398403229e-08,1.482631167e-11,-1.374552084e-07,1.756703613e-07,1.012274856e-06,1.560379132e-06,1.230687225e-06,5.083833002e-07,8.727602770e-08,
9.169955005e-09,-2.255502617e-08,3.897988361e-10,-1.997965284e-07,-5.939571845e-07,-1.047634671e-06,-9.913416577e-07,-4.379972910e-07,-7.062430900e-08,
1.589581801e-01
l,9.0,1.0
4.991,6.091,7.211,
2.561199659e-17,1.264090282e+01
1.167795034e-07,3.085331224e-09,-2.651000479e-07,2.215866842e-07,1.634535515e-06,2.663589235e-06,2.245122955e-06,1.018250661e-06,1.973266647e-07,
1.699439107e-08,-4.181367141e-08,-1.449953229e-09,-3.934723869e-07,-1.224564091e-06,-2.273464553e-06,-2.297217638e-06,-1.120498942e-06,-2.102372485e-07,
1.589581553e-01
l,9.0,2.0
5.031,6.131,7.251,
5.013625318e-17,1.252949381e+01
2.131717025e-07,1.556794462e-08,-4.249343104e-07,7.461412095e-07,4.161532901e-06,7.058081930e-06,6.340540865e-06,3.046842484e-06,6.163679918e-07,
3.149421087e-08,-7.751369541e-08,-4.086762617e-09,-7.254304948e-07,-2.188810570e-06,-3.912626067e-06,-3.798766849e-06,-1.757193458e-06,-3.057153518e-07,
1.589581600e-01
l,9.0,3.0
5.071,6.191,7.311,
2.493460766e-17,1.326463622e+01
3.896338967e-07,-3.817097548e-09,-8.882548828e-07,5.219723738e-07,3.991114063e-06,5.354259975e-06,3.342457227e-06,9.897422017e-07,1.035405427e-07,
5.555926972e-08,-1.368056139e-07,4.938396542e-09,-1.196776456e-06,-3.553055666e-06,-6.267236452e-06,-5.916880069e-06,-2.595394160e-06,-4.118214750e-07,
1.589580991e-01
l,9.0,4.0
5.111,6.231,7.351,
5.783806171e-17,1.305037338e+01
7.139921081e-07,9.634796166e-09,-1.527747548e-06,2.209617302e-06,1.284170925e-05,2.095543013e-05,1.769624236e-05,7.871835273e-06,1.460585347e-06,
1.029553399e-07,-2.535873226e-07,-1.712893955e-09,-2.338265692e-06,-7.247803436e-06,-1.345421447e-05,-1.359273656e-05,-6.623816948e-06,-1.242259373e-06,
1.589580978e-01
l,9.0,5.0
5.171,6.271,7.391,
1.180494189e-16,1.292008383e+01
1.308304945e-06,6.241555520e-08,-2.672435357e-06,4.215616613e-06,2.386282591e-05,3.951889251e-05,3.442023153e-05,1.600775748e-05,3.137591399e-06,
1.907780839e-07,-4.700423307e-07,-5.615281558e-09,-4.266180548e-06,-1.276840144e-05,-2.269345334e-05,-2.181084707e-05,-9.899576765e-06,-1.668809433e-06,
1.589581340e-01
l,9.0,6.0
5.211,6.311,7.431,
8.834759595e-17,1.339944068e+01
2.401232905e-06,1.182559568e-07,-5.740030065e-06,1.934677364e-06,2.514498066e-05,3.915774236e-05,2.933190790e-05,1.122819709e-05,1.760000301e-06,
3.535043550e-07,-8.712277069e-07,-3.643673174e-08,-8.253187746e-06,-2.567891182e-05,-4.745079767e-05,-4.758183403e-05,-2.287535419e-05,-4.179280764e-06,
1.589581275e-01
l,9.0,7.0
5.251,6.351,7.471,
6.912174552e-16,1.246117745e+01
4.414621799e-06,4.020693244e-07,-8.588266186e-06,1.648398176e-05,9.186319448e-05,1.607196273e-04,1.499020218e-04,7.483463848e-05,1.568720212e-05,
6.550113830e-07,-1.614777980e-06,-8.573859831e-08,-1.518919180e-05,-4.620161681e-05,-8.362512873e-05,-8.264767958e-05,-3.923955949e-05,-7.097166336e-06,
1.589580540e-01
l,9.0,8.0
5.291,6.411,7.531,
4.450135181e-16,1.303314430e+01
8.123198313e-06,-6.986781146e-09,-1.811169346e-05,1.395679095e-05,9.969126438e-05,1.527560715e-04,1.210211890e-04,5.219448801e-05,9.793173321e-06,
1.155234178e-06,-2.849193935e-06,1.561754745e-07,-2.452835563e-05,-7.237476775e-05,-1.274873124e-04,-1.205063693e-04,-5.298821963e-05,-8.463205926e-06,
1.589580594e-01
l,9.0,9.0
5.331,6.431,7.551,
2.318260532e-15,1.235109651e+01
1.497179983e-05,1.737878041e-06,-2.960557513e-05,5.077131073e-05,3.022044435e-04,5.414237584e-04,5.160419934e-04,2.631019217e-04,5.624190488e-05,
2.248642676e-06,-5.546701217e-06,-4.519619288e-07,-5.373757535e-05,-1.666163761e-04,-3.077366063e-04,-3.118627863e-04,-1.533323564e-04,-2.907544625e-05,
1.589580185e-01
