l,0.0,-0.0
0.071,0.711,1.351,
1.925056932e-01,1.651975039e+00
9.408372454e-03,-1.826014021e-02,3.570153882e-02,3.404869437e-01,1.843657873e+00,6.464131769e+00,1.237677770e+01,1.361568200e+01,6.716034024e+00,
1.975830505e-03,-5.468409016e-03,-1.119802165e-02,-2.610068944e-01,-1.633767516e+00,-5.548095426e+00,-1.037016510e+01,-1.007696289e+01,-3.981903560e+00,
1.586626545e-01
l,1.0,-1.0
0.291,0.991,1.751,
1.316738488e-02,3.078138554e+00
8.569480851e-04,-1.493091157e-03,4.658614512e-03,4.775937260e-02,2.277337659e-01,7.239406690e-01,1.284927565e+00,1.183426673e+00,4.471087972e-01,
1.268336229e-04,-3.686155880e-04,-3.397004895e-04,-1.013719549e-02,-5.157951033e-02,-1.471740144e-01,-2.329650209e-01,-1.935126798e-01,-6.612615765e-02,
1.583532187e-01
l,1.0,0.0
0.291,0.931,1.571,
5.754134538e-02,3.321020619e+00
5.108145997e-03,-8.363377249e-03,8.932879153e-03,2.042164473e-01,9.981311973e-01,3.667547060e+00,7.177939045e+00,6.661571389e+00,2.359874241e+00,
1.066018127e-03,-3.042530638e-03,-4.965368686e-03,-1.291271621e-01,-8.031575136e-01,-2.724307162e+00,-5.088705804e+00,-4.936800524e+00,-1.951276606e+00,
1.589272359e-01
l,1.0,1.0
0.371,1.031,1.731,
4.206843129e-01,4.180969155e+00
2.159181982e-02,-4.979662519e-02,1.181838528e-01,3.018888488e+00,2.464277515e+01,9.855296810e+01,1.975129124e+02,1.942561340e+02,7.517513794e+01,
3.365975651e-03,-9.898556754e-03,-9.507382316e-03,-2.933621042e-01,-1.533012668e+00,-4.404900684e+00,-6.812460895e+00,-5.361598879e+00,-1.682530818e+00,
1.584150638e-01
l,2.0,-2.0
0.531,1.271,2.051,
3.436361883e-04,4.419089490e+00
7.878016913e-05,-1.468199269e-04,-9.776704071e-05,6.909755558e-04,7.597799115e-03,4.284102207e-02,9.748755807e-02,9.861491859e-02,3.747887774e-02,
1.052578159e-05,-3.145472203e-05,-2.588681976e-05,-8.679398969e-04,-4.449333842e-03,-1.263834278e-02,-1.948602722e-02,-1.544107003e-02,-4.951894205e-03,
1.583841155e-01
l,2.0,-1.0
0.591,1.291,2.031,
9.583480091e-04,4.794275490e+00
3.567253880e-04,-5.531863485e-04,1.163709868e-03,3.072628439e-02,1.858055869e-01,6.331680686e-01,1.168130644e+00,1.084264163e+00,3.984696899e-01,
5.571451143e-05,-1.662541593e-04,-1.146286938e-04,-4.122485983e-03,-2.030983959e-02,-5.573697372e-02,-8.336826170e-02,-6.416947661e-02,-2.018946352e-02,
1.587547793e-01
l,2.0,0.0
0.611,1.371,2.131,
3.620235743e-03,5.270652704e+00
1.444672002e-03,-2.240467027e-03,5.493842472e-03,8.448940142e-02,3.419798297e-01,8.897959663e-01,1.342750960e+00,1.025445539e+00,3.053501810e-01,
2.051657025e-04,-6.172723190e-04,-4.308943337e-04,-1.554907174e-02,-7.677673698e-02,-2.154305555e-01,-3.352595894e-01,-2.737555574e-01,-9.256237557e-02,
1.585078193e-01
l,2.0,1.0
0.711,1.351,2.071,
1.512391218e-02,6.335548854e+00
7.535040844e-03,-1.241062033e-02,-1.866841513e-02,4.415712681e-01,3.788049836e+00,1.605447981e+01,3.474849719e+01,3.669244958e+01,1.505733541e+01,
1.228178048e-03,-3.691808095e-03,-5.554371151e-04,-5.126190156e-02,-1.385277683e-01,-6.420359537e-02,4.604693320e-01,8.741654200e-01,4.589073047e-01,
1.588480366e-01
l,2.0,2.0
0.731,1.431,2.171,
4.591039462e-02,5.516051458e+00
3.405151889e-02,-6.725951971e-02,1.271888643e-01,2.941344468e+00,1.787818875e+01,6.397818586e+01,1.226668381e+02,1.165484793e+02,4.337488398e+01,
4.554085081e-03,-1.394102482e-02,-8.851133837e-03,-3.404258870e-01,-1.616309078e+00,-4.337658567e+00,-6.299456946e+00,-4.717766272e+00,-1.452762393e+00,
1.584150938e-01
l,3.0,-3.0
0.771,1.551,2.351,
6.761313471e-06,6.239501026e+00
6.846214092e-06,-1.047641657e-05,2.462612167e-05,3.825770447e-04,1.558781785e-03,4.085943450e-03,6.235694230e-03,4.852911347e-03,1.487113930e-03,
8.555066076e-07,-2.609690156e-06,-1.156865544e-06,-5.838851311e-05,-2.842402624e-04,-7.929362899e-04,-1.216223455e-03,-9.716059758e-04,-3.194271459e-04,
1.584770342e-01
l,3.0,-2.0
0.871,1.611,2.391,
1.148007833e-05,5.514828621e+00
2.717419011e-05,-3.779073827e-05,1.505512841e-05,1.427952668e-03,7.437616308e-03,2.237081132e-02,3.784293307e-02,3.257584151e-02,1.110721596e-02,
3.771823080e-06,-1.153274187e-05,-3.718004234e-06,-2.113360490e-04,-8.529049161e-04,-1.934875217e-03,-2.313994493e-03,-1.343727595e-03,-3.026960944e-04,
1.587238013e-01
l,3.0,-1.0
0.931,1.711,2.491,
3.675644033e-05,9.398541773e+00
1.018406983e-04,-1.271838279e-04,-5.641979625e-05,-4.787214151e-04,-1.805279715e-02,-7.575239982e-02,-1.403321901e-01,-1.262714783e-01,-4.482443842e-02,
1.380185436e-05,-4.243353630e-05,-3.212760017e-05,-1.201480835e-03,-6.486909536e-03,-1.971912693e-02,-3.281429689e-02,-2.814694949e-02,-9.796305057e-03,
1.586618497e-01
l,3.0,0.0
0.991,1.771,2.551,
8.056106001e-05,8.422695045e+00
4.181120021e-04,-4.760796278e-04,9.842283972e-04,1.670957417e-02,3.537825035e-02,1.206104411e-02,-6.096953943e-02,-9.523774902e-02,-4.376148833e-02,
5.712029409e-05,-1.761756469e-04,-9.196356216e-05,-4.304845575e-03,-2.237344552e-02,-6.694773192e-02,-1.107160279e-01,-9.496795551e-02,-3.327633366e-02,
1.587857388e-01
l,3.0,1.0
1.071,1.811,2.611,
2.355626965e-04,6.404796350e+00
1.828355948e-03,-2.603930049e-03,-7.527967972e-03,1.756241687e-02,1.491856700e-01,6.713150506e-01,1.513811249e+00,1.583852278e+00,6.223296387e-01,
2.359760018e-04,-7.302960567e-04,-1.079246903e-04,-1.186490394e-02,-4.380070807e-02,-8.747091247e-02,-8.020591142e-02,-2.113906816e-02,5.203484669e-03,
1.586627147e-01
l,3.0,2.0
1.071,1.811,2.571,
1.025055939e-03,5.565183903e+00
9.086553939e-03,-1.144906521e-02,-3.717987020e-02,1.155609036e-01,6.412908951e-01,2.131117922e+00,4.342848078e+00,4.400172278e+00,1.704626631e+00,
1.333281879e-03,-4.130771595e-03,-2.954076629e-03,-1.047785519e-01,-4.917057895e-01,-1.270133765e+00,-1.745047478e+00,-1.189397676e+00,-3.198110131e-01,
1.588480667e-01
l,3.0,3.0
1.131,1.871,2.651,
4.197700695e-03,6.323016876e+00
4.360169917e-02,-7.537398028e-02,-2.192824034e-01,-1.063740047e+00,-7.978661673e+00,-2.191937910e+01,-2.747396402e+01,-1.594944281e+01,-3.328151856e+00,
5.213090488e-03,-1.637806034e-02,-1.180439087e-02,-4.319174974e-01,-2.066405564e+00,-5.560709191e+00,-8.064958873e+00,-5.992984354e+00,-1.819122587e+00,
1.584769854e-01
l,4.0,-4.0
1.091,1.851,2.651,
6.455401698e-08,6.679695274e+00
5.497772122e-07,-8.779715225e-07,-1.401164183e-06,9.651448985e-06,5.928875166e-05,2.275930607e-04,4.594101659e-04,4.412657977e-04,1.614256818e-04,
6.840282147e-08,-2.119522344e-07,-3.302445755e-08,-3.496046013e-06,-1.315158776e-05,-2.723380238e-05,-2.716959715e-05,-1.029471893e-05,-1.831146988e-07,
1.585697711e-01
l,4.0,-3.0
1.191,1.931,2.731,
1.145630285e-07,7.158711390e+00
2.024913101e-06,-2.417295379e-06,1.203879573e-06,1.190704548e-04,6.417538161e-04,1.934167303e-03,3.298720090e-03,2.896525042e-03,1.014510716e-03,
2.656740631e-07,-8.261508323e-07,-2.715981290e-07,-1.647965053e-05,-7.253016731e-05,-1.820301785e-04,-2.469684866e-04,-1.704299808e-04,-4.831065365e-05,
1.587238808e-01
l,4.0,-2.0
1.231,2.031,2.831,
1.373753407e-07,1.022688189e+01
7.325892057e-06,-7.242477307e-06,-8.280117790e-06,4.207680777e-05,-6.012557205e-04,-3.080449349e-03,-5.855490450e-03,-5.169185153e-03,-1.772218165e-03,
9.676494598e-07,-3.021562909e-06,-2.214549298e-06,-8.311877669e-05,-4.297477253e-04,-1.252937284e-03,-1.998862609e-03,-1.641568505e-03,-5.484125587e-04,
1.587237765e-01
l,4.0,-1.0
1.311,2.111,2.911,
1.653998198e-07,1.210478957e+01
2.780790965e-05,-2.812572235e-05,-1.389309067e-04,-7.838232715e-04,-6.473589541e-03,-2.248565651e-02,-3.816474243e-02,-3.207099270e-02,-1.070474418e-02,
3.748425666e-06,-1.174122471e-05,-7.068518012e-06,-2.840601252e-04,-1.356448978e-03,-3.689824913e-03,-5.501314344e-03,-4.213367763e-03,-1.318451575e-03,
1.587547793e-01
l,4.0,0.0
1.371,2.171,2.991,
7.654530916e-07,9.781718187e+00
1.106027994e-04,-8.286660077e-05,-1.318157624e-04,1.466382925e-03,-2.350998296e-03,-2.625511111e-02,-5.721129868e-02,-5.330221571e-02,-1.875146559e-02,
1.450403915e-05,-4.556551923e-05,-2.526808574e-05,-1.079796345e-03,-5.210387975e-03,-1.450816394e-02,-2.228116653e-02,-1.764367457e-02,-5.710726510e-03,
1.587237131e-01
l,4.0,1.0
1.471,2.231,3.051,
5.168544399e-06,7.278176062e+00
4.586210998e-04,-3.280646094e-04,9.477668992e-04,2.716874111e-02,1.158359918e-01,2.726530863e-01,3.844524809e-01,2.964254444e-01,9.497813179e-02,
5.976626468e-05,-1.881724147e-04,-1.165422453e-04,-4.702410741e-03,-2.297573621e-02,-6.406813901e-02,-9.817886626e-02,-7.756426812e-02,-2.506304123e-02,
1.587857991e-01
l,4.0,2.0
1.471,2.271,3.091,
2.021650303e-05,7.176272048e+00
2.036798978e-03,-2.074283511e-03,-1.130915488e-02,-1.802136786e-02,-1.023542972e-01,-3.219416140e-01,-4.621879738e-01,-3.183184711e-01,-8.659794907e-02,
2.620859271e-04,-8.266561042e-04,-3.722729633e-04,-1.768203652e-02,-7.619129623e-02,-1.822126678e-01,-2.282964308e-01,-1.381744965e-01,-3.203863047e-02,
1.587238272e-01
l,4.0,3.0
1.551,2.291,3.091,
5.945248291e-05,7.914449784e+00
9.893286042e-03,-8.544062185e-03,1.517463442e-02,6.855039653e-01,3.439378882e+00,9.330973468e+00,1.458148924e+01,1.205039987e+01,4.051120875e+00,
1.306891696e-03,-4.131790248e-03,-1.948725354e-03,-9.646324790e-02,-4.630096384e-01,-1.265983301e+00,-1.888482051e+00,-1.446944639e+00,-4.556283008e-01,
1.587860213e-01
l,4.0,4.0
1.531,2.331,3.151,
4.615645318e-05,1.224833028e+01
4.965192825e-02,-7.088292336e-02,-3.115115256e-01,-1.758970003e+00,-1.309507973e+01,-4.272996251e+01,-6.916246146e+01,-5.594432207e+01,-1.811346146e+01,
5.412542903e-03,-1.729913187e-02,-4.222484665e-03,-3.370372729e-01,-1.432658492e+00,-3.537628343e+00,-4.657042261e+00,-3.097815094e+00,-8.473503241e-01,
1.584769124e-01
l,5.0,-5.0
1.351,2.151,2.971,
1.713863083e-10,1.225014190e+01
4.227171857e-08,-5.394123365e-08,-2.265124884e-07,-1.382204405e-06,-1.056553951e-05,-3.451124124e-05,-5.612691550e-05,-4.580806096e-05,-1.499429247e-05,
5.070739268e-09,-1.591815427e-08,-3.886198540e-09,-3.074293052e-07,-1.358603138e-06,-3.498422544e-06,-4.905066091e-06,-3.524067621e-06,-1.041132403e-06,
1.586626931e-01
l,5.0,-4.0
1.491,2.251,3.051,
1.014973374e-09,8.139854915e+00
1.469228010e-07,-1.483890544e-07,-3.231498136e-08,7.548590176e-06,3.955016864e-05,1.121675977e-04,1.819650735e-04,1.539990221e-04,5.240817997e-05,
1.962471963e-08,-6.177946914e-08,-2.959435199e-08,-1.356370442e-06,-6.082583620e-06,-1.546371242e-05,-2.128824418e-05,-1.487956082e-05,-4.251327684e-06,
1.587547243e-01
l,5.0,-3.0
1.551,2.351,3.171,
5.330686246e-10,1.137100279e+01
5.166141932e-07,-3.926942307e-07,-1.044712483e-06,3.182750498e-06,-2.773235236e-05,-1.671856650e-04,-3.345570490e-04,-3.023389966e-04,-1.047932386e-04,
6.686562732e-08,-2.113252825e-07,-9.894621252e-08,-4.804648623e-06,-2.289482543e-05,-6.321760194e-05,-9.615185094e-05,-7.530027981e-05,-2.413059150e-05,
1.587858520e-01
l,5.0,-2.0
1.651,2.451,3.271,
9.005895074e-09,6.974793595e+00
1.854578954e-06,-1.695700396e-06,-9.507200576e-06,-3.764349190e-06,-1.169222827e-05,-5.254090651e-05,-4.809154361e-05,6.472307883e-06,1.657161457e-05,
2.423471445e-07,-7.682621006e-07,-3.311560708e-07,-1.644064321e-05,-7.128730231e-05,-1.715236221e-04,-2.165340463e-04,-1.320380993e-04,-3.085601193e-05,
1.587858022e-01
l,5.0,-1.0
1.771,2.551,3.371,
1.403115917e-08,7.919715362e+00
6.818896964e-06,-4.794937191e-06,1.043736033e-05,3.701752912e-04,1.563480932e-03,3.545257029e-03,4.753642537e-03,3.477219637e-03,1.059652396e-03,
8.775413135e-07,-2.789846403e-06,-1.442105190e-06,-6.669923001e-05,-3.223772190e-04,-8.935708127e-04,-1.359680151e-03,-1.064626817e-03,-3.410977038e-04,
1.587860225e-01
l,5.0,0.0
1.811,2.611,3.451,
5.607475449e-08,7.359714386e+00
2.674845018e-05,-1.817335582e-05,-2.659697292e-05,1.114502046e-03,5.666734719e-03,1.442179613e-02,2.080863742e-02,1.586669668e-02,4.935642649e-03,
3.383737556e-06,-1.078077402e-05,2.182988166e-07,-1.551257422e-04,-5.553360181e-04,-1.168748612e-03,-1.283629118e-03,-6.407570106e-04,-1.138971993e-04,
1.587859570e-01
l,5.0,1.0
1.851,2.691,3.531,
2.468836354e-08,1.060538572e+01
1.068626007e-04,-8.930609161e-05,-3.745026708e-04,2.175823182e-04,-3.291469993e-03,-1.961786014e-02,-3.795564857e-02,-3.279073694e-02,-1.081156864e-02,
1.304059839e-05,-4.163445222e-05,1.730701969e-06,-6.154180697e-04,-2.285649267e-03,-4.966071344e-03,-5.588002464e-03,-2.870145804e-03,-5.242218256e-04,
1.587857991e-01
l,5.0,2.0
1.931,2.731,3.571,
3.305940176e-07,8.384847111e+00
4.600601096e-04,-3.054898116e-04,-8.465502474e-04,1.042254899e-02,4.528979936e-02,1.018919517e-01,1.428289974e-01,1.117545622e-01,3.628808010e-02,
5.708800977e-05,-1.824601861e-04,-7.500896093e-06,-2.996148581e-03,-1.271564697e-02,-3.299141052e-02,-4.756242880e-02,-3.522617220e-02,-1.078681868e-02,
1.587857984e-01
l,5.0,3.0
1.931,2.771,3.611,
2.607728779e-07,1.085978653e+01
2.069689101e-03,-1.773468228e-03,-6.913174957e-03,1.540128937e-02,7.133215792e-03,-1.781686300e-01,-4.398674020e-01,-4.183199404e-01,-1.460544646e-01,
2.498993955e-04,-7.997750845e-04,-2.217747204e-05,-1.303961780e-02,-5.256542323e-02,-1.245246330e-01,-1.568785603e-01,-9.654369747e-02,-2.359995721e-02,
1.587547781e-01
l,5.0,4.0
1.971,2.771,3.591,
7.807169787e-06,7.956804015e+00
1.031066012e-02,-6.201484861e-03,8.830350813e-04,3.915395360e-01,1.447226057e+00,2.651738822e+00,2.891022603e+00,1.807068231e+00,4.983040247e-01,
1.327861243e-03,-4.256359630e-03,-2.174463317e-03,-1.010339729e-01,-4.847525013e-01,-1.343841118e+00,-2.047623797e+00,-1.602936045e+00,-5.131636104e-01,
1.587860027e-01
l,5.0,5.0
1.971,2.791,3.631,
5.172847721e-06,1.092286248e+01
5.353872851e-02,-5.166885894e-02,-2.034540023e-01,-2.332765468e-01,-4.515307450e+00,-1.890627526e+01,-3.289359608e+01,-2.686843072e+01,-8.536798869e+00,
5.847743266e-03,-1.892158448e-02,-3.859809327e-03,-3.647152711e-01,-1.621271646e+00,-4.322811253e+00,-6.298393198e+00,-4.719836347e+00,-1.462342516e+00,
1.585388546e-01
l,6.0,-6.0
1.671,2.471,3.291,
4.672910056e-13,1.362073642e+01
3.059597908e-09,-3.431713288e-09,-1.659711066e-08,-8.617838311e-08,-6.667891337e-07,-2.247327270e-06,-3.732138666e-06,-3.084100876e-06,-1.016316567e-06,
3.713164136e-10,-1.177795472e-09,-2.679260971e-10,-2.278372744e-08,-1.005659875e-07,-2.584426216e-07,-3.606931099e-07,-2.564734772e-07,-7.479171839e-08,
1.586618364e-01
l,6.0,-5.0
1.811,2.571,3.391,
8.432807858e-12,9.068208970e+00
1.039857001e-08,-8.359690244e-09,-7.140167635e-09,5.030983371e-07,2.679501070e-06,7.424110429e-06,1.172059008e-05,9.713909131e-06,3.257639190e-06,
1.345344547e-09,-4.279415066e-09,-2.430168949e-09,-1.020508493e-07,-4.683624370e-07,-1.203502050e-06,-1.664940849e-06,-1.164322168e-06,-3.307707833e-07,
1.587857775e-01
l,6.0,-4.0
1.871,2.691,3.511,
3.737978135e-12,1.155776704e+01
3.521585157e-08,-3.062386733e-08,-2.259006860e-07,-8.361541056e-07,-4.997547250e-06,-1.568482346e-05,-2.465348576e-05,-1.925315380e-05,-5.990010578e-06,
4.565596617e-09,-1.456875270e-08,-5.167818956e-09,-2.996929074e-07,-1.299395762e-06,-3.184590492e-06,-4.147398090e-06,-2.650613942e-06,-6.660729539e-07,
1.587860438e-01
l,6.0,-3.0
2.011,2.791,3.611,
3.809850561e-11,9.061962128e+00
1.229912954e-07,-6.919817596e-08,7.574691647e-08,6.921535765e-06,3.401205466e-05,8.540648200e-05,1.214784175e-04,9.146177834e-05,2.817741775e-05,
1.649850608e-08,-5.277662804e-08,-3.412729479e-08,-1.322812619e-06,-6.242525434e-06,-1.661258546e-05,-2.407756952e-05,-1.779217197e-05,-5.358472967e-06,
1.587860702e-01
l,6.0,-2.0
2.071,2.891,3.731,
1.865662133e-11,1.127778420e+01
4.410719043e-07,-2.714400649e-07,-2.137073377e-06,-6.363308334e-06,-4.976909622e-05,-1.795157217e-04,-3.033698962e-04,-2.472952717e-04,-7.895318730e-05,
5.588397029e-08,-1.792634992e-07,-2.084104658e-08,-3.217998863e-06,-1.413977461e-05,-3.671442874e-05,-5.184541645e-05,-3.684755136e-05,-1.062143002e-05,
1.588170037e-01
l,6.0,-1.0
2.151,2.971,3.811,
6.835428896e-11,1.072836868e+01
1.641098038e-06,-7.548315097e-07,-6.088506040e-06,-1.682480428e-06,-5.498112163e-05,-2.894287145e-04,-5.504997894e-04,-4.723913615e-04,-1.550280082e-04,
2.149597304e-07,-6.907532228e-07,-1.296526298e-07,-1.272916354e-05,-5.622157622e-05,-1.478414711e-04,-2.138562119e-04,-1.568026857e-04,-4.675277818e-05,
1.587860225e-01
l,6.0,0.0
2.231,3.051,3.911,
1.291339540e-09,8.283662417e+00
6.279356057e-06,-2.644426736e-06,-1.349441861e-05,1.346131799e-04,6.540579775e-04,1.515718500e-03,2.080592225e-03,1.568263328e-03,4.916352111e-04,
7.750984339e-07,-2.495909887e-06,-2.312001136e-07,-4.337458618e-05,-1.846977807e-04,-4.708243966e-04,-6.588822337e-04,-4.673402631e-04,-1.355391206e-04,
1.587859570e-01
l,6.0,1.0
2.271,3.111,3.971,
4.928419006e-09,8.078388902e+00
2.507690988e-05,-1.050936995e-05,-8.029902902e-05,3.724943929e-04,2.055864151e-03,4.702834592e-03,6.141420025e-03,4.359746188e-03,1.289062803e-03,
3.177622300e-06,-1.024464290e-05,-9.751896507e-07,-1.691204055e-04,-6.812277606e-04,-1.649814673e-03,-2.185356425e-03,-1.441116088e-03,-3.827341874e-04,
1.587860173e-01
l,6.0,2.0
2.331,3.171,4.031,
1.605886410e-09,1.088938352e+01
1.037906986e-04,-5.327085140e-05,-4.252375166e-04,5.727117428e-04,2.951536157e-03,2.649048829e-03,-1.857197711e-03,-4.395224824e-03,-2.013417267e-03,
1.302425921e-05,-4.203967747e-05,1.958868423e-07,-6.198054677e-04,-2.283579849e-03,-5.025885095e-03,-5.845687738e-03,-3.129309012e-03,-5.973533227e-04,
1.587860167e-01
l,6.0,3.0
2.351,3.211,4.091,
1.438183406e-09,1.254786339e+01
4.526787961e-04,-1.761332158e-04,-1.271357573e-03,3.661002834e-03,7.822226722e-03,-1.478745608e-02,-5.448111826e-02,-5.611995196e-02,-2.001689039e-02,
5.337372405e-05,-1.724852604e-04,1.771449245e-05,-2.486601697e-03,-9.478030703e-03,-2.196968651e-02,-2.747816902e-02,-1.687704281e-02,-4.190879036e-03,
1.587858031e-01
l,6.0,4.0
2.411,3.251,4.111,
2.039441428e-07,8.426432645e+00
2.078890102e-03,-1.243968935e-03,-6.737747233e-03,3.036999994e-02,1.585640755e-01,3.559521548e-01,4.707542206e-01,3.444717371e-01,1.055521497e-01,
2.489360240e-04,-8.050293133e-04,2.092248823e-05,-1.227045927e-02,-4.774610107e-02,-1.129827770e-01,-1.449999395e-01,-9.183290274e-02,-2.340831003e-02,
1.587857845e-01
l,6.0,5.0
2.411,3.251,4.111,
4.262057186e-07,9.347049493e+00
1.040770020e-02,-5.781155831e-03,-3.614417090e-02,1.405083424e-01,7.255852281e-01,1.492145996e+00,1.759882866e+00,1.149785811e+00,3.184824812e-01,
1.240080470e-03,-4.016816436e-03,3.525385165e-04,-5.904185880e-02,-2.273974794e-01,-5.356697673e-01,-6.809440503e-01,-4.236558617e-01,-1.056780702e-01,
1.587860157e-01
l,6.0,6.0
2.431,3.291,4.151,
9.300796148e-08,1.289052943e+01
5.335947126e-02,-5.102106894e-02,-1.426725565e-01,5.447594967e-01,7.887241779e-02,-5.578428672e+00,-1.259567301e+01,-1.117371791e+01,-3.661939552e+00,
5.446781756e-03,-1.777644941e-02,2.240740127e-03,-2.630908066e-01,-9.935697286e-01,-2.283072033e+00,-2.770324697e+00,-1.664813752e+00,-4.189362620e-01,
1.585697737e-01
l,7.0,-7.0
1.971,2.791,3.611,
7.477410277e-15,1.234521451e+01
2.159779994e-10,-2.017630156e-10,-1.124788080e-09,-4.113307022e-09,-3.152934709e-08,-1.066109746e-07,-1.724233251e-07,-1.364709391e-07,-4.272106504e-08,
2.694405863e-11,-8.619062287e-11,-2.998399390e-11,-1.795773494e-09,-8.010493827e-09,-2.063086648e-08,-2.884585250e-08,-2.046602730e-08,-5.924887608e-09,
1.587238111e-01
l,7.0,-6.0
2.111,2.911,3.731,
1.743518828e-13,8.705016129e+00
7.095380949e-10,-4.453800854e-10,4.181232690e-10,3.165002906e-08,1.269232227e-07,2.649520419e-07,3.307486980e-07,2.304860749e-07,6.826039231e-08,
9.128326634e-11,-2.928166339e-10,-1.518083460e-10,-7.010130609e-09,-3.369559707e-08,-9.316802784e-08,-1.414372138e-07,-1.103039458e-07,-3.517782231e-08,
1.587860092e-01
l,7.0,-5.0
2.231,3.031,3.851,
2.579762780e-13,9.157200760e+00
2.364288099e-09,-1.683526870e-09,-5.188520305e-09,7.190167717e-08,3.764942778e-07,9.527952587e-07,1.373135128e-06,1.048844889e-06,3.267730152e-07,
3.088759773e-10,-9.933858627e-10,-5.149158919e-10,-2.312215358e-08,-1.045397330e-07,-2.646050532e-07,-3.586396731e-07,-2.427402394e-07,-6.594193363e-08,
1.588170086e-01
l,7.0,-4.0
2.311,3.131,3.971,
1.072042544e-13,1.116507298e+01
8.117966743e-09,-4.500016022e-09,-3.851706304e-08,-6.332090198e-08,-5.192953598e-07,-2.093424248e-06,-3.705639069e-06,-3.083651810e-06,-9.935114369e-07,
1.044132811e-09,-3.366262157e-09,-4.511000593e-10,-5.952554278e-08,-2.491544653e-07,-6.102720048e-07,-8.032283649e-07,-5.197904391e-07,-1.335560395e-07,
1.588480938e-01
l,7.0,-3.0
2.411,3.251,4.091,
3.632224161e-13,1.066765533e+01
2.807663968e-08,-1.632727378e-08,-9.616599073e-08,1.402383027e-07,3.195755484e-08,-2.045764114e-06,-4.726644236e-06,-4.214065300e-06,-1.375775678e-06,
3.525010846e-09,-1.139059896e-08,1.150481287e-09,-1.602541842e-07,-5.782480255e-07,-1.243339287e-06,-1.400431284e-06,-7.167506725e-07,-1.308526245e-07,
1.588170832e-01
l,7.0,-2.0
2.491,3.331,4.191,
2.206242290e-13,1.219027233e+01
1.015986015e-07,-4.306706450e-08,-3.852191394e-07,3.495857673e-07,2.580573647e-07,-6.923234603e-06,-1.768584687e-05,-1.697186420e-05,-5.901625674e-06,
1.268817334e-08,-4.107413145e-08,4.229716969e-09,-5.842545997e-07,-2.153457789e-06,-4.704072864e-06,-5.335569600e-06,-2.702793024e-06,-4.608831388e-07,
1.588170037e-01
l,7.0,-1.0
2.591,3.431,4.291,
1.113570493e-11,9.002557657e+00
3.737166878e-07,-1.785647612e-07,-1.215382254e-06,5.422656002e-06,2.953753273e-05,6.690870721e-05,8.750226498e-05,6.282456934e-05,1.888976901e-05,
4.565366047e-08,-1.480438163e-07,9.870187686e-09,-2.237990225e-06,-8.830611633e-06,-2.122705156e-05,-2.771235690e-05,-1.783655508e-05,-4.611106827e-06,
1.588480725e-01
l,7.0,0.0
2.651,3.511,4.371,
5.725983339e-11,8.451153294e+00
1.422330001e-06,-5.735057585e-07,-3.703056517e-06,2.347411578e-05,1.132530932e-04,2.370371202e-04,2.870722680e-04,1.924837942e-04,5.467475317e-05,
1.751273751e-07,-5.686429486e-07,-2.936093991e-08,-9.620908675e-06,-4.025533974e-05,-1.012940230e-04,-1.395628737e-04,-9.670132063e-05,-2.724940789e-05,
1.588169699e-01
l,7.0,1.0
2.751,3.571,4.451,
3.164153930e-11,1.019863846e+01
5.618110208e-06,-2.030982110e-06,-1.784263912e-05,8.258348695e-05,4.766995830e-04,1.125220431e-03,1.503261150e-03,1.086953018e-03,3.268177890e-04,
6.716943975e-07,-2.183772079e-06,-5.202418088e-08,-3.620082724e-05,-1.477078364e-04,-3.582356953e-04,-4.674190815e-04,-2.998190833e-04,-7.656379359e-05,
1.588170302e-01
l,7.0,2.0
2.791,3.631,4.511,
1.906497209e-10,9.637981776e+00
2.288401993e-05,-9.507651986e-06,-9.398685537e-05,1.321464581e-04,9.412564962e-04,1.929309680e-03,2.260516884e-03,1.526639158e-03,4.524784437e-04,
2.748115165e-06,-8.942745009e-06,9.820502529e-07,-1.238526449e-04,-4.358674435e-04,-9.107400235e-04,-9.717711719e-04,-4.338884712e-04,-5.049665979e-05,
1.587860167e-01
l,7.0,3.0
2.811,3.671,4.551,
2.881934462e-11,1.272876503e+01
9.740141832e-05,-2.157226742e-05,-2.600010367e-04,9.166252956e-04,3.368383471e-03,2.758267993e-03,-2.134136765e-03,-4.559543522e-03,-1.984150722e-03,
1.200040382e-05,-3.907488015e-05,-2.639941645e-06,-6.428636740e-04,-2.573548617e-03,-6.167311694e-03,-8.037436744e-03,-5.187188427e-03,-1.344795846e-03,
1.587858031e-01
l,7.0,4.0
2.871,3.711,4.611,
9.449181826e-10,1.065610397e+01
4.326621129e-04,-1.528421041e-04,-1.401964893e-03,5.918446672e-03,3.528067664e-02,8.431306092e-02,1.131307800e-01,8.150299667e-02,2.425206152e-02,
4.909503098e-05,-1.600088074e-04,1.047868488e-05,-2.499991651e-03,-9.965304901e-03,-2.367390898e-02,-2.989098122e-02,-1.828454122e-02,-4.396476355e-03,
1.587857845e-01
l,7.0,5.0
2.891,3.731,4.611,
4.397285840e-09,1.058750304e+01
2.031771000e-03,-5.306225594e-04,-4.142867432e-03,3.832773414e-02,1.827845980e-01,3.937073217e-01,4.904538168e-01,3.361285009e-01,9.698410941e-02,
2.442621281e-04,-7.963168963e-04,-1.515548953e-04,-1.500652549e-02,-6.493966776e-02,-1.655216395e-01,-2.293824344e-01,-1.597221660e-01,-4.498416557e-02,
1.587857975e-01
l,7.0,6.0
2.871,3.731,4.611,
3.493753049e-08,1.012223356e+01
1.023172960e-02,-2.507856348e-03,-2.308013837e-02,1.778618427e-01,8.273261312e-01,1.644185579e+00,1.844695575e+00,1.134180234e+00,2.959332270e-01,
1.216564094e-03,-3.971725759e-03,-4.942697026e-04,-7.242457625e-02,-3.114861456e-01,-7.927381861e-01,-1.094063112e+00,-7.567634494e-01,-2.118604476e-01,
1.587857518e-01
l,7.0,7.0
2.891,3.751,4.631,
1.743155788e-09,1.450137027e+01
5.397130176e-02,-3.196248000e-02,-1.772601736e-01,3.991966527e-01,6.506765614e-01,-2.840195744e+00,-8.286842854e+00,-8.074266818e+00,-2.796280154e+00,
5.697119558e-03,-1.872545909e-02,2.300312360e-03,-2.586578285e-01,-8.885335816e-01,-1.857193160e+00,-1.987937742e+00,-9.498962698e-01,-1.626576547e-01,
1.586007241e-01
l,8.0,-8.0
2.291,3.111,3.951,
5.490975694e-17,1.278594266e+01
1.492374974e-11,-1.016380670e-11,-6.142371301e-11,-8.556964668e-11,-1.058361086e-09,-4.379690133e-09,-7.698881420e-09,-6.361192416e-09,-2.041903071e-09,
1.818388986e-12,-5.860129740e-12,-4.951426545e-13,-1.041537497e-10,-4.591724024e-10,-1.208666692e-09,-1.737338634e-09,-1.267165012e-09,-3.779096682e-10,
1.587547621e-01
l,8.0,-7.0
2.411,3.231,4.071,
8.559474801e-16,1.025416488e+01
4.837473130e-11,-2.825335755e-11,-1.879636278e-10,3.036472982e-10,8.627004962e-10,-9.925914873e-10,-4.335958335e-09,-4.412738905e-09,-1.519169836e-09,
6.142232129e-12,-1.984042172e-11,-1.339024237e-12,-3.261714043e-10,-1.283271931e-09,-2.949399406e-09,-3.580461380e-09,-2.058122546e-09,-4.474195228e-10,
1.587860005e-01
l,8.0,-6.0
2.551,3.351,4.191,
2.421791117e-15,9.883227264e+00
1.590095000e-10,-6.440362498e-11,-1.927223702e-10,6.314977102e-09,3.364189947e-08,8.619481042e-08,1.233034534e-07,9.287634967e-08,2.855259203e-08,
2.072945429e-11,-6.710535001e-11,-2.032940249e-12,-1.032028291e-09,-3.897160089e-09,-8.858921412e-09,-1.096315928e-08,-6.631264486e-09,-1.607455616e-09,
1.588170221e-01
l,8.0,-5.0
2.651,3.471,4.311,
5.347168117e-16,1.224808351e+01
5.318970819e-10,-1.956320162e-10,-1.931767578e-09,1.126219643e-09,-4.469478489e-09,-5.277241476e-08,-1.154957244e-07,-1.046948609e-07,-3.532979633e-08,
6.990259625e-11,-2.267528301e-10,-3.681399713e-11,-4.118553034e-09,-1.789739542e-08,-4.648193564e-08,-6.637130408e-08,-4.780054022e-08,-1.396527210e-08,
1.588480457e-01
l,8.0,-4.0
2.751,3.591,4.431,
5.233305161e-16,1.302273529e+01
1.808990957e-09,-8.480330924e-10,-6.684602535e-09,1.382720329e-08,5.328510272e-08,1.617753580e-08,-1.103722944e-07,-1.520253980e-07,-6.125485952e-08,
2.354922023e-10,-7.653783782e-10,-9.370084127e-11,-1.335929766e-08,-5.487910382e-08,-1.319749233e-07,-1.700069139e-07,-1.061980454e-07,-2.584798307e-08,
1.588480175e-01
l,8.0,-3.0
2.871,3.691,4.551,
2.602869978e-14,1.005077032e+01
6.354412996e-09,-1.976419334e-09,-1.609387765e-08,1.187131917e-07,6.217115497e-07,1.449299237e-06,1.949929962e-06,1.430574886e-06,4.373445352e-07,
7.927607599e-10,-2.581286684e-09,-1.218485726e-10,-4.387678541e-08,-1.840606312e-07,-4.634486094e-07,-6.379464760e-07,-4.400720334e-07,-1.230988080e-07,
1.588481203e-01
l,8.0,-2.0
2.931,3.791,4.651,
1.500564485e-15,1.360581980e+01
2.274284938e-08,-8.186511490e-09,-8.018842161e-08,1.216395438e-07,3.925857418e-07,-3.841616143e-07,-1.958064785e-06,-2.113440196e-06,-7.631169090e-07,
2.846637659e-09,-9.282307900e-09,6.055677568e-10,-1.387246170e-07,-5.262346060e-07,-1.187014353e-06,-1.413063123e-06,-7.816135105e-07,-1.590349932e-07,
1.588480704e-01
l,8.0,-1.0
3.011,3.871,4.751,
1.811711053e-14,1.219149161e+01
8.408473207e-08,-2.746214549e-08,-3.779127226e-07,-9.659078980e-09,6.571420047e-07,-1.272219746e-06,-5.041048410e-06,-5.163563990e-06,-1.794578444e-06,
1.021695706e-08,-3.336166158e-08,8.080190668e-09,-4.014428215e-07,-1.260654606e-06,-2.298025848e-06,-1.869445951e-06,-1.909351775e-07,2.727632950e-07,
1.588480725e-01
l,8.0,0.0
3.091,3.951,4.831,
9.413346827e-13,9.609626617e+00
3.187504092e-07,-9.661301954e-08,-1.355017874e-06,1.320446303e-06,1.184873276e-05,2.457269144e-05,2.802234536e-05,1.817785007e-05,5.194920767e-06,
3.913042076e-08,-1.279098452e-07,1.205090417e-08,-1.806554291e-06,-6.416473765e-06,-1.351938550e-05,-1.460280044e-05,-6.615337290e-06,-7.841222615e-07,
1.588480070e-01
l,8.0,1.0
3.171,4.031,4.911,
1.416427870e-12,1.025836864e+01
1.241308041e-06,-3.952184751e-07,-4.296649676e-06,1.433819814e-05,9.041383836e-05,2.142201347e-04,2.828962704e-04,2.009982871e-04,5.919714586e-05,
1.498265386e-07,-4.902595200e-07,-3.629429381e-09,-7.925210096e-06,-3.140341895e-05,-7.409726447e-05,-9.357817544e-05,-5.704408185e-05,-1.352314192e-05,
1.588480674e-01
l,8.0,2.0
3.211,4.091,4.971,
1.834859253e-13,1.305792365e+01
4.996279131e-06,-1.639364054e-06,-2.159421390e-05,6.722470735e-06,8.938863336e-05,8.296455920e-05,-5.727070250e-05,-1.273870001e-04,-5.467769836e-05,
6.121022888e-07,-2.004414990e-06,1.979185685e-07,-2.776464784e-05,-9.623954892e-05,-1.972137745e-04,-2.044245144e-04,-8.383326042e-05,-5.951672307e-06,
1.587860167e-01
l,8.0,3.0
3.251,4.131,5.031,
3.592658332e-12,1.158939527e+01
2.088001020e-05,-2.441231798e-06,-6.506496905e-05,1.284499837e-04,6.746394588e-04,9.615660263e-04,5.516207553e-04,3.922932352e-05,-5.364597122e-05,
2.501307741e-06,-8.196905245e-06,7.228750196e-07,-1.184276549e-04,-4.409324714e-04,-1.002700355e-03,-1.229613404e-03,-7.231356670e-04,-1.651998316e-04,
1.587860213e-01
l,8.0,4.0
3.311,4.171,5.071,
3.749289705e-11,1.073536773e+01
9.038647113e-05,-1.594819205e-05,-3.173605673e-04,8.154519690e-04,5.716434578e-03,1.360888780e-02,1.769797908e-02,1.231509597e-02,3.553944565e-03,
1.091270112e-05,-3.577894919e-05,-3.178697040e-06,-6.063546870e-04,-2.418267584e-03,-5.673949876e-03,-7.099370023e-03,-4.270103012e-03,-9.883473752e-04,
1.587857845e-01
l,8.0,5.0
3.311,4.211,5.111,
2.680956253e-11,1.220426290e+01
4.072717857e-04,-8.940680909e-05,-1.376370383e-03,1.554730224e-03,7.472985197e-03,3.189294923e-03,-1.086590823e-02,-1.420483058e-02,-5.155712919e-03,
4.760867773e-05,-1.561732267e-04,1.855519578e-05,-2.151744384e-03,-7.535283492e-03,-1.596195649e-02,-1.774268252e-02,-8.859579285e-03,-1.520071010e-03,
1.587857975e-01
l,8.0,6.0
3.331,4.231,5.131,
1.196758584e-11,1.411721230e+01
1.934990985e-03,-6.258649580e-04,-7.594646696e-03,5.489643717e-03,3.549127136e-02,1.496598650e-02,-6.357377201e-02,-8.740892555e-02,-3.375314266e-02,
2.218131375e-04,-7.279590329e-04,6.144557438e-05,-1.062818548e-02,-3.843238407e-02,-8.215816870e-02,-9.025935248e-02,-4.343305985e-02,-6.607171445e-03,
1.587857518e-01
l,8.0,7.0
3.351,4.231,5.131,
4.274833967e-11,1.436217398e+01
9.805876762e-03,-3.249786681e-03,-3.916505531e-02,3.360302184e-02,2.152715234e-01,1.580833835e-01,-2.263944404e-01,-3.908431892e-01,-1.618496064e-01,
1.104486232e-03,-3.628925171e-03,5.528493561e-04,-5.073106232e-02,-1.801910538e-01,-3.798311364e-01,-4.052941951e-01,-1.819713904e-01,-2.254511260e-02,
1.587857861e-01
l,8.0,8.0
3.351,4.231,5.131,
1.670488817e-10,1.461314748e+01
5.254552886e-02,-2.386049092e-02,-2.036338352e-01,3.401248467e-01,1.653763030e+00,1.602605904e+00,-5.778339811e-01,-1.806107191e+00,-8.117696759e-01,
5.518072883e-03,-1.823433365e-02,6.621366851e-04,-2.753095988e-01,-9.757846516e-01,-2.042516772e+00,-2.150946403e+00,-9.658052266e-01,-1.285450569e-01,
1.586316831e-01
l,9.0,-9.0
2.651,3.451,4.291,
4.556668298e-18,1.079894492e+01
9.993272486e-13,-5.968327875e-13,-1.299131850e-12,3.418100725e-11,1.643609718e-10,3.931434372e-10,5.431696198e-10,4.030175093e-10,1.231359289e-10,
1.218099327e-13,-3.950002217e-13,2.502833561e-14,-5.961422526e-12,-2.357505026e-11,-5.763185787e-11,-7.790024762e-11,-5.353691581e-11,-1.533958808e-11,
1.587857881e-01
l,9.0,-8.0
2.751,3.571,4.411,
4.207107740e-19,1.381267145e+01
3.218041068e-12,-1.541876072e-12,-1.436392234e-11,-2.379840277e-11,-2.094831567e-10,-8.550266137e-10,-1.524098581e-09,-1.276793793e-09,-4.142639833e-10,
4.104940846e-13,-1.333735782e-12,-1.808715675e-13,-2.425155486e-11,-1.056157046e-10,-2.729815872e-10,-3.845186848e-10,-2.718475568e-10,-7.777770988e-11,
1.588170182e-01
l,9.0,-7.0
2.871,3.711,4.551,
1.057370979e-17,1.131457955e+01
1.036272023e-11,-5.615650537e-12,-3.066531525e-11,1.767981019e-10,8.332887679e-10,1.640715746e-09,1.829642621e-09,1.119759096e-09,2.901957808e-10,
1.294928572e-12,-4.216381594e-12,-6.775553863e-14,-7.173154026e-11,-3.080232875e-10,-7.902155533e-10,-1.099789589e-09,-7.639722018e-10,-2.144228083e-10,
1.588170134e-01
l,9.0,-6.0
2.991,3.811,4.671,
3.734554657e-17,1.083690081e+01
3.452189923e-11,-8.024790200e-12,-8.403446562e-11,5.624473334e-10,2.635285744e-09,5.323047481e-09,6.356386129e-09,4.349037214e-09,1.294602456e-09,
4.357064425e-12,-1.421151424e-11,-1.201495472e-12,-2.479442396e-10,-1.038878716e-09,-2.585824178e-09,-3.504504510e-09,-2.371339564e-09,-6.493213642e-10,
1.588480592e-01
l,9.0,-5.0
3.091,3.931,4.791,
1.273657375e-16,1.048968406e+01
1.161040014e-10,-3.531058892e-11,-3.956463445e-10,1.491523386e-09,8.834892304e-09,2.005270766e-08,2.545753389e-08,1.752739766e-08,5.049634117e-09,
1.464773575e-11,-4.785532366e-11,1.064202311e-12,-7.527856642e-10,-3.002196795e-09,-7.246790360e-09,-9.498157791e-09,-6.097057484e-09,-1.553558516e-09,
1.588480457e-01
l,9.0,-4.0
3.191,4.051,4.911,
4.745332959e-17,1.210569263e+01
3.970201945e-10,-1.606622092e-10,-1.637142202e-09,1.719516463e-09,1.033152483e-08,1.088457317e-08,-6.947090146e-10,-7.418757301e-09,-3.348810989e-09,
4.921238712e-11,-1.610317944e-10,3.134708462e-11,-2.133659032e-09,-7.526964940e-09,-1.587172920e-08,-1.694306325e-08,-7.269136091e-09,-6.506824005e-10,
1.588480175e-01
l,9.0,-3.0
3.311,4.151,5.011,
4.148643104e-16,1.103778247e+01
1.398927973e-09,-3.755661871e-10,-4.064181974e-09,2.041546358e-08,1.110368938e-07,2.458402405e-07,3.071553350e-07,2.091859738e-07,5.986102800e-08,
1.764327407e-10,-5.780366516e-10,-2.359980309e-11,-9.734937141e-09,-4.031908052e-08,-1.003620805e-07,-1.363476677e-07,-9.204797684e-08,-2.497025673e-08,
1.588481203e-01
l,9.0,-2.0
3.371,4.231,5.111,
6.271961268e-16,1.150963634e+01
5.048681029e-09,-3.799435795e-10,-1.289616494e-08,6.923605943e-08,3.589295054e-07,7.360951530e-07,8.324495731e-07,5.092876454e-07,1.313424752e-07,
6.322825553e-10,-2.073980496e-09,-1.318753432e-10,-3.613526149e-08,-1.529958633e-07,-3.848248727e-07,-5.249598284e-07,-3.549160432e-07,-9.597867007e-08,
1.588480704e-01
l,9.0,-1.0
3.451,4.331,5.211,
1.806684403e-18,1.706145567e+01
1.852420084e-08,-4.989829234e-09,-8.301424558e-08,-4.846581026e-08,-1.489371992e-07,-1.198750822e-06,-2.647711745e-06,-2.432003488e-06,-8.245282204e-07,
2.265046259e-09,-7.438191977e-09,1.745501497e-09,-9.132939274e-08,-2.927291198e-07,-5.515945820e-07,-4.856347864e-07,-9.918142809e-08,4.330892265e-08,
1.588480725e-01
l,9.0,0.0
3.531,4.411,5.291,
1.453522634e-16,1.434177933e+01
7.000183899e-08,-1.792048685e-08,-3.091671038e-07,1.927401157e-08,1.062548393e-06,8.138996022e-07,-1.293976800e-06,-2.189137597e-06,-9.013161380e-07,
8.662329402e-09,-2.847138309e-08,3.207913624e-09,-3.945170436e-07,-1.372840287e-06,-2.830193965e-06,-2.955517569e-06,-1.218318495e-06,-8.534267538e-08,
1.588480070e-01
l,9.0,1.0
3.591,4.471,5.371,
1.172051706e-17,1.716556052e+01
2.718001042e-07,-2.802713920e-08,-1.135882987e-06,-6.489248218e-07,-1.339539497e-06,-1.432910490e-05,-3.366496805e-05,-3.181204490e-05,-1.096824789e-05,
3.312022548e-08,-1.089529462e-07,1.046338289e-08,-1.540760892e-06,-5.402524180e-06,-1.119393935e-05,-1.183613693e-05,-5.143165155e-06,-5.253185834e-07,
1.588480366e-01
l,9.0,2.0
3.651,4.531,5.431,
2.667069923e-16,1.560503063e+01
1.083960001e-06,-1.484116175e-08,-3.995547517e-06,-3.215006501e-07,4.182340746e-06,-3.007105589e-05,-9.079454291e-05,-9.119926555e-05,-3.210399668e-05,
1.351960668e-07,-4.450217886e-07,1.520259424e-08,-6.528882688e-06,-2.350752188e-05,-5.078419257e-05,-5.820916200e-05,-3.031880759e-05,-5.469764914e-06,
1.588170296e-01
l,9.0,3.0
3.711,4.591,5.491,
4.571385093e-13,1.083439150e+01
4.453369911e-06,-4.718112702e-08,-1.360780338e-05,3.031125996e-05,1.937784395e-04,3.950636421e-04,4.406145824e-04,2.713068936e-04,7.204124516e-05,
5.518011951e-07,-1.817462439e-06,-1.082466803e-08,-2.836117126e-05,-1.093592336e-04,-2.552273961e-04,-3.231879064e-04,-1.981645999e-04,-4.735671949e-05,
1.587860213e-01
l,9.0,4.0
3.771,4.651,5.551,
6.687503804e-13,1.154461499e+01
1.886754035e-05,-2.364651680e-06,-5.475522317e-05,2.119121398e-04,1.292616448e-03,3.000339876e-03,3.837076027e-03,2.621161414e-03,7.405788280e-04,
2.252344092e-06,-7.422973399e-06,-1.317040181e-08,-1.204876280e-04,-4.861573050e-04,-1.180046828e-03,-1.547806703e-03,-9.941624089e-04,-2.524354702e-04,
1.587860027e-01
l,9.0,5.0
3.771,4.671,5.591,
1.833516366e-12,1.182798895e+01
8.305622032e-05,4.899508483e-07,-2.558127973e-04,4.103718347e-04,2.627303418e-03,4.526160021e-03,3.969248367e-03,1.855931814e-03,3.785768781e-04,
9.819256423e-06,-3.237393333e-05,-2.906093124e-07,-5.119405857e-04,-1.949700098e-03,-4.427712310e-03,-5.372413246e-03,-3.107734298e-03,-6.867720893e-04,
1.587859814e-01
l,9.0,6.0
3.791,4.711,5.631,
1.846896578e-11,1.118444964e+01
3.803980071e-04,-6.987761939e-05,-1.441399373e-03,1.752999338e-03,1.541453378e-02,3.394540281e-02,3.944599036e-02,2.446826675e-02,6.345116893e-03,
4.280672074e-05,-1.411929469e-04,2.390917586e-05,-1.959369397e-03,-7.167365872e-03,-1.599099289e-02,-1.877436708e-02,-1.015586221e-02,-1.996184833e-03,
1.587857518e-01
l,9.0,7.0
3.811,4.711,5.631,
2.906269585e-11,1.198972095e+01
1.832976006e-03,-1.842557497e-04,-7.051059226e-03,7.191922028e-03,7.421342973e-02,1.715328278e-01,2.066820717e-01,1.317316572e-01,3.482034378e-02,
2.129181297e-04,-7.024263097e-04,6.072726931e-05,-1.027135481e-02,-3.810918465e-02,-8.551270425e-02,-1.015607300e-01,-5.603119108e-02,-1.131953572e-02,
1.587547611e-01
l,9.0,8.0
3.811,4.711,5.631,
1.162448976e-10,1.215304684e+01
9.347728454e-03,-1.167767009e-03,-3.661307660e-02,4.046520398e-02,3.960235029e-01,9.041838341e-01,1.078461111e+00,6.816172928e-01,1.789995695e-01,
1.060257946e-03,-3.501330027e-03,5.055216327e-04,-4.941727650e-02,-1.806480251e-01,-4.014650321e-01,-4.679926570e-01,-2.493716373e-01,-4.747859400e-02,
1.587857684e-01
l,9.0,9.0
3.851,4.731,5.631,
6.130627061e-10,1.216443097e+01
5.002836883e-02,-1.723155132e-02,-1.405494920e-01,6.587222018e-01,3.292227218e+00,6.693415167e+00,7.798304054e+00,5.051780221e+00,1.394920301e+00,
5.294548754e-03,-1.757162379e-02,7.044565926e-04,-2.733226297e-01,-1.042548857e+00,-2.436066955e+00,-3.050341693e+00,-1.870752668e+00,-4.624251938e-01,
1.586626787e-01
