l,0.0,-0.0
0.091,0.731,1.411,
1.864225852e-01,1.667871487e+00
9.351119399e-03,-1.802731033e-02,3.459230861e-02,3.889553946e-01,2.616597428e+00,1.030924595e+01,2.111897335e+01,2.275896916e+01,1.022992827e+01,
1.813450369e-03,-4.964806766e-03,-8.121849418e-03,-2.010694170e-01,-1.198439709e+00,-3.862217352e+00,-6.818231665e+00,-6.238035517e+00,-2.316117769e+00,
1.586626857e-01
l,1.0,-1.0
0.291,1.011,1.791,
1.208606610e-02,3.087770420e+00
8.553349762e-04,-1.452953911e-03,1.289094461e-03,2.785971812e-04,-4.111779574e-02,-6.754994187e-02,3.306017273e-03,9.379325687e-02,6.547381985e-02,
1.234863411e-04,-3.534095982e-04,-2.945304905e-04,-9.740067762e-03,-5.323780157e-02,-1.630325889e-01,-2.739625587e-01,-2.377472241e-01,-8.332537776e-02,
1.584150886e-01
l,1.0,0.0
0.311,0.951,1.591,
4.165262636e-02,3.150049259e+00
5.095332861e-03,-8.150273560e-03,1.019934630e-02,2.201991076e-01,1.123017780e+00,4.257637024e+00,8.696394375e+00,8.546544130e+00,3.243795036e+00,
1.102596806e-03,-3.092968657e-03,-5.614017639e-03,-1.377650988e-01,-8.599451464e-01,-2.916380947e+00,-5.449421049e+00,-5.291550220e+00,-2.093052777e+00,
1.588962328e-01
l,1.0,1.0
0.351,1.051,1.771,
6.763721746e+01,9.034543892e+00
2.177882940e-02,-4.421315090e-02,4.466778847e-02,-2.067693159e-01,-6.580668488e+00,-3.408698586e+01,-8.535772904e+01,-1.029456805e+02,-4.726982042e+01,
3.357402318e-03,-9.719828288e-03,-4.188203276e-03,-1.870483667e-01,-8.162394447e-01,-2.060337893e+00,-2.880539554e+00,-2.138892597e+00,-6.752781145e-01,
1.584460194e-01
l,2.0,-2.0
0.551,1.291,2.091,
3.029941931e-04,4.483463418e+00
7.721644215e-05,-1.398951889e-04,1.305015211e-04,4.460840813e-03,2.890947252e-02,1.011729990e-01,1.817147517e-01,1.599969100e-01,5.516825325e-02,
1.025700177e-05,-3.016233235e-05,-9.359477053e-06,-5.115073786e-04,-1.959618079e-03,-4.096765543e-03,-4.250129325e-03,-1.873862290e-03,-1.887811380e-04,
1.584150780e-01
l,2.0,-1.0
0.611,1.331,2.091,
7.042701603e-04,4.450718676e+00
3.432689118e-04,-5.300550095e-04,-1.115534895e-03,-8.301517856e-03,-6.043470862e-02,-1.492425683e-01,-1.640936729e-01,-7.631327710e-02,-8.262692289e-03,
5.180150745e-05,-1.523526543e-04,-9.074302750e-05,-3.631640085e-03,-1.863340975e-02,-5.457669058e-02,-8.832073993e-02,-7.410290576e-02,-2.534307335e-02,
1.587857933e-01
l,2.0,0.0
0.631,1.391,2.171,
1.721361728e-03,4.058873885e+00
1.456220052e-03,-1.993565602e-03,5.822040856e-04,-5.215258890e-04,-1.908092546e-01,-7.177312695e-01,-1.162679012e+00,-9.203447794e-01,-2.904989323e-01,
2.059304626e-04,-6.095994476e-04,-5.118777694e-04,-1.739809743e-02,-9.470637970e-02,-2.893190051e-01,-4.846512941e-01,-4.191192552e-01,-1.468731326e-01,
1.585697919e-01
l,2.0,1.0
0.691,1.391,2.111,
3.064295463e-02,8.400308463e+00
7.351759821e-03,-8.438589227e-03,-4.260940797e-03,-1.704620384e-01,-2.849668671e+00,-1.215909653e+01,-2.441192614e+01,-2.419864387e+01,-9.514001581e+00,
1.244508191e-03,-3.680970341e-03,-5.272626515e-03,-1.437401129e-01,-8.595781855e-01,-2.829453196e+00,-5.111035108e+00,-4.765753747e+00,-1.799072031e+00,
1.588480518e-01
l,2.0,2.0
0.751,1.471,2.251,
3.360009045e-02,5.120735956e+00
3.349332884e-02,-6.122217318e-02,-9.017581191e-02,-8.604824080e-01,-7.017439272e+00,-1.728047503e+01,-1.783304282e+01,-6.774598093e+00,3.934471607e-02,
4.165703423e-03,-1.255737823e-02,-9.422625193e-03,-3.518677544e-01,-1.865005780e+00,-5.546614325e+00,-8.971207548e+00,-7.489348677e+00,-2.540077196e+00,
1.584769213e-01
l,3.0,-3.0
0.791,1.591,2.391,
4.855498335e-06,6.034993264e+00
6.402896815e-06,-1.085543253e-05,-2.829362184e-05,-1.488566045e-04,-8.934765217e-04,-2.128425021e-03,-2.546430643e-03,-1.615550559e-03,-4.456200756e-04,
8.350679692e-07,-2.505675301e-06,-1.179672518e-06,-5.112661669e-05,-2.201507035e-04,-5.340275306e-04,-6.942899133e-04,-4.539711927e-04,-1.184683264e-04,
1.584769426e-01
l,3.0,-2.0
0.871,1.651,2.451,
1.099370392e-05,6.835008640e+00
2.573858910e-05,-3.389077410e-05,-1.254105120e-04,-9.332594284e-04,-7.079614573e-03,-2.234807111e-02,-3.539255844e-02,-2.834456698e-02,-9.157815003e-03,
3.518288028e-06,-1.059295372e-05,-6.744095958e-06,-2.540530545e-04,-1.222788804e-03,-3.332825808e-03,-4.981610265e-03,-3.842188617e-03,-1.210720433e-03,
1.587238114e-01
l,3.0,-1.0
0.991,1.751,2.551,
2.122316272e-05,6.092527943e+00
9.775107173e-05,-1.343219506e-04,4.464643558e-05,5.161053595e-03,2.866544511e-02,9.008814845e-02,1.567828058e-01,1.380684977e-01,4.804043879e-02,
1.310388216e-05,-3.966413504e-05,-1.368499091e-05,-7.591421450e-04,-3.232514397e-03,-7.776669648e-03,-1.001125075e-02,-6.470203708e-03,-1.691213097e-03,
1.586928273e-01
l,3.0,0.0
1.051,1.811,2.611,
6.240097537e-05,5.780652906e+00
4.067959962e-04,-5.676360490e-04,-1.791782253e-03,4.217223840e-05,3.872663645e-03,3.629612896e-02,1.079800904e-01,1.238179072e-01,4.972912598e-02,
5.507584463e-05,-1.672240972e-04,-3.487256755e-05,-2.770866347e-03,-1.043063832e-02,-2.124351024e-02,-2.046179417e-02,-6.665709304e-03,5.896552836e-04,
1.587857701e-01
l,3.0,1.0
1.071,1.851,2.651,
1.549875781e-04,1.014189693e+01
1.790520037e-03,-1.792202158e-03,-6.769804279e-04,1.103626685e-02,-1.951547195e-01,-1.008846362e+00,-2.006031690e+00,-1.867155118e+00,-6.749970386e-01,
2.456787852e-04,-7.477411656e-04,-6.989757485e-04,-2.221558854e-02,-1.167174356e-01,-3.426151661e-01,-5.503655285e-01,-4.554998940e-01,-1.531320508e-01,
1.586928177e-01
l,3.0,2.0
1.131,1.871,2.651,
7.881506124e-04,5.795111199e+00
8.681399748e-03,-1.076446954e-02,-5.419517374e-02,-2.270119859e-01,-1.432532158e+00,-4.063760596e+00,-5.513293560e+00,-3.584143919e+00,-8.867557447e-01,
1.241610249e-03,-3.788969809e-03,-2.411375193e-03,-9.155222837e-02,-4.300665649e-01,-1.124965877e+00,-1.583521773e+00,-1.124859352e+00,-3.217408549e-01,
1.588170245e-01
l,3.0,3.0
1.131,1.931,2.731,
1.728293798e-03,1.132371218e+01
4.153307155e-02,-6.332195459e-02,-1.704574962e-01,-1.419027601e+00,-1.279829202e+01,-4.293500736e+01,-7.021719929e+01,-5.732744571e+01,-1.874479981e+01,
4.933618053e-03,-1.525272399e-02,-1.052331722e-02,-3.958831829e-01,-1.945818622e+00,-5.458558857e+00,-8.377070027e+00,-6.664830484e+00,-2.175157432e+00,
1.585078791e-01
l,4.0,-4.0
1.091,1.891,2.711,
3.395342419e-08,1.043863260e+01
5.012520887e-07,-6.150193496e-07,-8.644560237e-07,-4.799990451e-06,-8.394788182e-05,-3.191341488e-04,-5.522056909e-04,-4.683978348e-04,-1.578026633e-04,
6.298448786e-08,-1.920979594e-07,-1.108301050e-07,-4.521601666e-06,-2.189831455e-05,-6.109670919e-05,-9.407246388e-05,-7.512737100e-05,-2.454616694e-05,
1.586007588e-01
l,4.0,-3.0
1.231,1.991,2.791,
9.429542349e-08,6.601522234e+00
1.829052053e-06,-2.400665632e-06,-7.243518127e-06,1.203538764e-05,8.003244888e-05,3.220860252e-04,7.070595547e-04,7.217408827e-04,2.749290228e-04,
2.486982036e-07,-7.611407011e-07,-2.697342094e-07,-1.401640984e-05,-5.511496214e-05,-1.188868330e-04,-1.286007735e-04,-5.944904434e-05,-6.970919689e-06,
1.587238435e-01
l,4.0,-2.0
1.311,2.071,2.891,
1.793661415e-07,7.186263977e+00
6.868564924e-06,-6.713938856e-06,-1.206715043e-06,3.560087338e-04,1.930406198e-03,5.615934639e-03,9.222119604e-03,7.840895389e-03,2.671815244e-03,
9.220140499e-07,-2.833254951e-06,-1.941074224e-06,-6.926625924e-05,-3.196192753e-04,-8.172172813e-04,-1.125122385e-03,-7.857292874e-04,-2.228667337e-04,
1.587238114e-01
l,4.0,-1.0
1.351,2.171,2.991,
5.636736840e-07,6.622567861e+00
2.590278018e-05,-2.281224260e-05,-1.996909978e-05,4.018526000e-04,-4.652626021e-05,-3.571317931e-03,-7.554893885e-03,-6.440215910e-03,-2.040896600e-03,
3.415498375e-06,-1.053503725e-05,-5.727942128e-06,-2.456389194e-04,-1.188217049e-03,-3.313386719e-03,-5.098859955e-03,-4.053502765e-03,-1.317497315e-03,
1.587857933e-01
l,4.0,0.0
1.411,2.231,3.071,
1.863846329e-06,6.221417219e+00
1.043130032e-04,-9.398833082e-05,-3.227293448e-04,9.266381950e-04,1.383380767e-03,-3.585130229e-03,-9.566367907e-03,-7.999661915e-03,-2.339147979e-03,
1.343732193e-05,-4.156512254e-05,-5.591856465e-06,-6.680126074e-04,-2.576132635e-03,-5.712722768e-03,-6.657154855e-03,-3.686639977e-03,-7.738544642e-04,
1.587547451e-01
l,4.0,1.0
1.511,2.291,3.131,
4.125554171e-06,7.183444723e+00
4.365963978e-04,-3.606166554e-04,-2.031051503e-04,1.937035112e-02,9.493536178e-02,2.424054939e-01,3.545897310e-01,2.740051219e-01,8.613414048e-02,
5.623476545e-05,-1.743160727e-04,-6.280974368e-06,-2.513406226e-03,-9.026718932e-03,-1.892747629e-02,-2.085709359e-02,-1.076503702e-02,-2.107878933e-03,
1.587857836e-01
l,4.0,2.0
1.511,2.331,3.171,
8.265744067e-06,8.643123234e+00
1.948866993e-03,-1.481140967e-03,-6.142344269e-03,1.688518780e-04,-9.365827976e-02,-4.407538732e-01,-7.826280049e-01,-6.413660929e-01,-2.038338088e-01,
2.502518268e-04,-7.770654382e-04,-1.618825718e-04,-1.433017010e-02,-6.498591179e-02,-1.748512856e-01,-2.592738676e-01,-1.972339330e-01,-6.141438836e-02,
1.587237677e-01
l,4.0,3.0
1.591,2.351,3.171,
4.748393908e-05,7.687338609e+00
9.425465018e-03,-8.042627807e-03,-2.307385848e-02,2.964981873e-01,1.671906665e+00,4.735261945e+00,7.664839546e+00,6.493744551e+00,2.214592975e+00,
1.264030943e-03,-3.933683329e-03,-2.329871779e-03,-9.189590931e-02,-4.129337650e-01,-1.027523827e+00,-1.361194168e+00,-8.975734143e-01,-2.365474381e-01,
1.588170298e-01
l,4.0,4.0
1.591,2.411,3.231,
1.331428311e-04,8.790745259e+00
4.603118077e-02,-6.357350574e-02,-2.376211974e-01,-5.548205285e-01,-4.309773989e+00,-1.362426564e+01,-1.995534955e+01,-1.431669868e+01,-4.115690053e+00,
5.317410173e-03,-1.672208427e-02,-7.851043076e-03,-3.617583874e-01,-1.548554563e+00,-3.721430834e+00,-4.692856921e+00,-2.915420035e+00,-7.183497342e-01,
1.585388071e-01
l,5.0,-5.0
1.411,2.231,3.051,
2.737301253e-10,9.019810255e+00
3.566638895e-08,-4.845393630e-08,-1.841552145e-07,-7.225473616e-07,-4.842214979e-06,-1.402379969e-05,-1.997569712e-05,-1.433491623e-05,-4.180259962e-06,
4.401076816e-09,-1.360386337e-08,-3.809063343e-09,-2.597114071e-07,-1.109626812e-06,-2.691688300e-06,-3.469342321e-06,-2.222722147e-06,-5.681800484e-07,
1.586316958e-01
l,5.0,-4.0
1.531,2.311,3.131,
1.188033721e-09,6.903787801e+00
1.294318963e-07,-1.302766044e-07,-5.288316895e-07,1.051417899e-06,6.246977724e-06,1.874670180e-05,3.531783731e-05,3.405256198e-05,1.270164027e-05,
1.731902264e-08,-5.367867146e-08,-3.202133361e-08,-1.226369486e-06,-5.414684697e-06,-1.319829787e-05,-1.703626823e-05,-1.083698924e-05,-2.709971014e-06,
1.587237406e-01
l,5.0,-3.0
1.611,2.431,3.271,
7.192819433e-10,9.705302570e+00
4.550979043e-07,-4.162619687e-07,-2.002052145e-06,-7.750015598e-06,-6.684180720e-05,-2.300373079e-04,-3.734580955e-04,-2.957722565e-04,-9.251371331e-05,
5.650367109e-08,-1.759001920e-07,-2.042540923e-08,-3.131011434e-06,-1.411755032e-05,-3.757042255e-05,-5.458847831e-05,-4.047508539e-05,-1.226892264e-05,
1.587858147e-01
l,5.0,-2.0
1.691,2.511,3.351,
2.301420933e-09,8.968550171e+00
1.690362978e-06,-1.097954961e-06,-4.731746215e-06,1.044610363e-05,-1.211692700e-05,-1.791423868e-04,-3.729443920e-04,-3.235089026e-04,-1.056623227e-04,
2.218410491e-07,-6.922272757e-07,-1.585695475e-07,-1.277301852e-05,-5.724259056e-05,-1.525475169e-04,-2.247610989e-04,-1.697659264e-04,-5.247619269e-05,
1.587857826e-01
l,5.0,-1.0
1.771,2.611,3.451,
5.730211925e-09,8.966328228e+00
6.307854164e-06,-4.639241692e-06,-1.964242608e-05,1.924752768e-05,-1.563694889e-04,-9.799470684e-04,-1.845050064e-03,-1.533484351e-03,-4.853289405e-04,
8.176912532e-07,-2.558577211e-06,-1.531896582e-07,-3.814831862e-05,-1.395818675e-04,-2.992964674e-04,-3.404134583e-04,-1.837250654e-04,-3.818874872e-05,
1.587857933e-01
l,5.0,0.0
1.851,2.691,3.531,
6.733590410e-09,1.034643902e+01
2.464710087e-05,-1.861912481e-05,-8.476738879e-05,5.110670342e-05,-6.662135044e-04,-4.149836062e-03,-8.132668621e-03,-7.075219127e-03,-2.343551256e-03,
3.206383917e-06,-1.005395555e-05,-1.453329655e-06,-1.635940107e-04,-6.286934374e-04,-1.396371214e-03,-1.638189177e-03,-9.122252729e-04,-1.920673226e-04,
1.587857701e-01
l,5.0,1.0
1.911,2.751,3.611,
8.965466831e-08,8.007990668e+00
1.009421030e-04,-6.046625745e-05,-2.168891383e-04,1.214445446e-03,2.330338929e-03,-2.367747665e-03,-9.728047579e-03,-9.360595476e-03,-3.058255853e-03,
1.256677033e-05,-3.948397983e-05,-5.264911899e-06,-6.730275988e-04,-2.780397421e-03,-6.760415718e-03,-8.954973604e-03,-6.003506152e-03,-1.654480573e-03,
1.587857836e-01
l,5.0,2.0
1.951,2.811,3.671,
7.510622346e-08,1.015039682e+01
4.299003922e-04,-2.661059488e-04,-7.608200503e-04,6.344360929e-03,1.496086357e-02,1.714284164e-03,-2.819810256e-02,-3.403068007e-02,-1.271241218e-02,
5.242965581e-05,-1.649800924e-04,-2.365841734e-05,-2.932899199e-03,-1.268087700e-02,-3.249558799e-02,-4.576710494e-02,-3.303210564e-02,-9.824208514e-03,
1.587857934e-01
l,5.0,3.0
1.991,2.831,3.691,
2.592683929e-07,1.025111765e+01
1.964878058e-03,-1.160932430e-03,-6.202922676e-03,1.068152622e-02,-9.495987894e-03,-2.060043485e-01,-4.620316694e-01,-4.207557453e-01,-1.420325476e-01,
2.481068439e-04,-7.813653662e-04,-8.191935850e-05,-1.248736483e-02,-4.830805300e-02,-1.093609826e-01,-1.319712595e-01,-7.709980938e-02,-1.768831692e-02,
1.587857986e-01
l,5.0,4.0
2.011,2.851,3.691,
1.827412644e-06,9.518522177e+00
9.582372382e-03,-6.053331505e-03,-2.781161428e-02,1.584860673e-01,6.556364185e-01,1.069846661e+00,9.058848778e-01,3.653622075e-01,4.390701269e-02,
1.252086006e-03,-3.950539892e-03,-1.067245617e-03,-7.527520472e-02,-3.288101621e-01,-8.372316721e-01,-1.157756718e+00,-8.051844425e-01,-2.266079772e-01,
1.587857498e-01
l,5.0,5.0
2.051,2.891,3.751,
1.864074976e-05,8.412483766e+00
4.828378186e-02,-4.219425045e-02,-9.068554006e-02,7.401532941e-01,1.168118225e+00,-1.829327203e+00,-5.908403123e+00,-5.295497101e+00,-1.641370600e+00,
5.249309733e-03,-1.670523873e-02,-2.308681828e-03,-2.944837113e-01,-1.218400124e+00,-3.006945546e+00,-4.038063802e+00,-2.789998763e+00,-8.089627617e-01,
1.585698069e-01
l,6.0,-6.0
1.731,2.551,3.391,
3.332165057e-12,8.770098689e+00
2.519185971e-09,-2.384835343e-09,-4.122156357e-09,4.330202814e-08,1.088519350e-07,1.109864821e-07,7.395261734e-08,4.506474859e-08,1.598158623e-08,
3.037667614e-10,-9.489350874e-10,-6.012151643e-11,-1.603386500e-08,-7.114015325e-08,-1.911085548e-07,-2.841249083e-07,-2.182592228e-07,-6.915357493e-08,
1.586928508e-01
l,6.0,-5.0
1.831,2.671,3.511,
2.838612502e-12,1.016167638e+01
8.591484857e-09,-8.204948182e-09,-2.369854341e-08,1.124517107e-07,2.798666936e-07,4.527312217e-08,-5.027949608e-07,-6.306713435e-07,-2.447338511e-07,
1.051910352e-09,-3.296658501e-09,-2.458560036e-10,-5.597818099e-08,-2.386136975e-07,-5.977889670e-07,-8.086187151e-07,-5.507095429e-07,-1.528228479e-07,
1.587857811e-01
l,6.0,-4.0
1.971,2.771,3.611,
1.687070165e-11,8.472304594e+00
3.018961081e-08,-1.992659227e-08,-2.668946441e-08,1.033758353e-06,4.738422590e-06,1.123701468e-05,1.562576297e-05,1.169697430e-05,3.598030287e-06,
3.872148788e-09,-1.216575108e-08,-7.694545426e-10,-1.944440747e-07,-8.046956766e-07,-2.035130154e-06,-2.874504985e-06,-2.094591523e-06,-6.348871768e-07,
1.587859846e-01
l,6.0,-3.0
2.031,2.871,3.731,
4.708031729e-12,1.147365302e+01
1.074629026e-07,-6.971077608e-08,-3.873434554e-07,3.535322527e-07,-1.393213733e-06,-1.355427047e-05,-2.894194620e-05,-2.617818608e-05,-8.874581946e-06,
1.337568223e-08,-4.214366379e-08,3.132942216e-09,-5.884132891e-07,-2.156466570e-06,-4.656506763e-06,-5.218218818e-06,-2.652389794e-06,-4.725615044e-07,
1.588170458e-01
l,6.0,-2.0
2.151,2.971,3.831,
1.050263777e-10,8.398809856e+00
3.919791141e-07,-2.221435705e-07,-1.066504935e-06,6.984856869e-06,3.457213136e-05,7.880497951e-05,1.062260566e-04,7.855255453e-05,2.413457218e-05,
4.915626442e-08,-1.552238741e-07,-8.960233586e-09,-2.495821585e-06,-1.020957872e-05,-2.518140585e-05,-3.411218851e-05,-2.334288596e-05,-6.529627101e-06,
1.588170137e-01
l,6.0,-1.0
2.211,3.071,3.931,
1.708113193e-11,1.195796101e+01
1.458505039e-06,-8.206518360e-07,-3.517061623e-06,1.430626205e-05,1.993134226e-05,-7.893870232e-05,-2.277920221e-04,-2.203003928e-04,-7.608816150e-05,
1.804934657e-07,-5.711543887e-07,-2.155134320e-08,-9.254423468e-06,-3.784144870e-05,-9.175622323e-05,-1.208744408e-04,-8.005150326e-05,-2.171963920e-05,
1.587860115e-01
l,6.0,0.0
2.271,3.131,4.011,
1.460045328e-10,1.054368043e+01
5.718035027e-06,-1.921888425e-06,-1.136727478e-05,8.798570224e-05,3.127976253e-04,4.098996591e-04,2.117651612e-04,-1.625087891e-05,-3.933583937e-05,
7.059395618e-07,-2.237462323e-06,-2.849611099e-07,-3.909622164e-05,-1.670533073e-04,-4.223261021e-04,-5.829520029e-04,-4.068800199e-04,-1.157555449e-04,
1.588170012e-01
l,6.0,1.0
2.331,3.211,4.091,
8.174127429e-11,1.253332108e+01
2.279930959e-05,-1.005571704e-05,-6.163290366e-05,1.643957301e-04,2.028654322e-04,-1.297203622e-03,-3.513460108e-03,-3.345490460e-03,-1.141085049e-03,
2.758878428e-06,-8.757694068e-06,6.526394048e-07,-1.258850230e-04,-4.828724811e-04,-1.121773529e-03,-1.412787862e-03,-8.811055826e-04,-2.234492478e-04,
1.587860018e-01
l,6.0,2.0
2.411,3.271,4.151,
7.828228150e-09,8.599574277e+00
9.510554810e-05,-3.867300178e-05,-1.705934975e-04,1.719133262e-03,6.854825221e-03,1.245524112e-02,1.346312729e-02,8.380632371e-03,2.289878426e-03,
1.148756114e-05,-3.650684650e-05,-4.584608827e-06,-6.474622669e-04,-2.799869839e-03,-7.155004231e-03,-9.971627188e-03,-7.035963480e-03,-2.023171795e-03,
1.587857934e-01
l,6.0,3.0
2.431,3.311,4.191,
2.001785463e-08,9.032179130e+00
4.158442025e-04,-2.163522230e-04,-1.607129965e-03,2.899691760e-03,1.671509418e-02,3.081502678e-02,3.235234411e-02,1.953197012e-02,5.203207680e-03,
5.096600068e-05,-1.620946792e-04,3.474232123e-07,-2.345478820e-03,-8.418361408e-03,-1.779237186e-02,-1.953308751e-02,-9.553105056e-03,-1.530547552e-03,
1.587857986e-01
l,6.0,4.0
2.471,3.351,4.231,
7.606069028e-09,1.165850976e+01
1.902665943e-03,-8.852711513e-04,-4.582786282e-03,1.932609897e-02,4.521321656e-02,-2.795331386e-02,-1.682762378e-01,-1.800218653e-01,-6.384704163e-02,
2.261417651e-04,-7.199431268e-04,1.668953911e-05,-1.103322891e-02,-4.395591751e-02,-1.056468592e-01,-1.382051446e-01,-9.071651922e-02,-2.439265247e-02,
1.587857498e-01
l,6.0,5.0
2.491,3.351,4.231,
1.600015426e-08,1.246129311e+01
9.418787435e-03,-3.373501168e-03,-2.436580012e-02,9.708490812e-02,2.776587040e-01,1.019118756e-02,-6.655407939e-01,-8.154268967e-01,-3.097985561e-01,
1.140838337e-03,-3.637274167e-03,1.855180936e-05,-5.614420887e-02,-2.223966733e-01,-5.304205279e-01,-6.869689417e-01,-4.434897585e-01,-1.166733671e-01,
1.587857851e-01
l,6.0,6.0
2.551,3.391,4.271,
6.657871040e-07,1.007241391e+01
4.801822081e-02,-3.799145237e-02,-1.355426742e-01,9.204040647e-01,4.285916155e+00,9.333678017e+00,1.223552252e+01,8.924603942e+00,2.720800319e+00,
5.084653716e-03,-1.632332640e-02,-8.945249071e-04,-2.692880816e-01,-1.067359360e+00,-2.536424685e+00,-3.230543390e+00,-2.058697628e+00,-5.388088263e-01,
1.586316997e-01
l,7.0,-7.0
2.051,2.891,3.731,
3.804647144e-14,9.093790775e+00
1.693735013e-10,-1.432236080e-10,-4.287590967e-10,1.356415837e-09,-5.455350178e-10,-1.514628580e-08,-2.982744571e-08,-2.366821889e-08,-6.962151725e-09,
2.075156565e-11,-6.538335538e-11,2.764181336e-12,-9.301509276e-10,-3.441690627e-09,-7.746509035e-09,-9.535297039e-09,-5.932019129e-09,-1.559121171e-09,
1.587238502e-01
l,7.0,-6.0
2.191,3.011,3.851,
1.030513774e-13,8.716580342e+00
5.713042261e-10,-4.108803603e-10,-1.044071432e-09,1.354015698e-08,5.912426978e-08,1.329373679e-07,1.837341467e-07,1.407629845e-07,4.472779586e-08,
7.162250738e-11,-2.262640381e-10,-2.110641698e-11,-3.894138282e-09,-1.706608923e-08,-4.504752251e-08,-6.563175107e-08,-4.897524596e-08,-1.501586518e-08,
1.587858168e-01
l,7.0,-5.0
2.271,3.111,3.971,
5.223392315e-14,1.050916095e+01
1.967185970e-09,-1.012410535e-09,-5.419272492e-09,1.853168466e-08,3.426120453e-08,-7.703494559e-08,-2.544588963e-07,-2.491170332e-07,-8.518899975e-08,
2.469121126e-10,-7.819623318e-10,-5.242341522e-11,-1.265225373e-08,-5.054008509e-08,-1.190800716e-07,-1.513275885e-07,-9.528213844e-08,-2.427244279e-08,
1.588170122e-01
l,7.0,-4.0
2.371,3.231,4.091,
2.573621222e-13,9.561882849e+00
6.815522813e-09,-3.262607886e-09,-1.484451890e-08,1.173207215e-07,4.660139368e-07,8.047732217e-07,8.032549639e-07,4.531386385e-07,1.113992097e-07,
8.504282462e-10,-2.699559457e-09,-3.692417762e-10,-4.760527071e-08,-2.037123420e-07,-5.192056178e-07,-7.272673421e-07,-5.183410944e-07,-1.513807731e-07,
1.588480346e-01
l,7.0,-3.0
2.471,3.331,4.191,
8.852920839e-14,1.171224183e+01
2.424541989e-08,-1.137221833e-08,-8.251990715e-08,1.499267390e-07,3.899138611e-07,-5.684490753e-07,-2.273725215e-06,-2.321286928e-06,-8.106515996e-07,
3.117579545e-09,-9.914481209e-09,-2.822409094e-10,-1.511459818e-07,-5.738836146e-07,-1.280864506e-06,-1.512500619e-06,-8.391282183e-07,-1.738174099e-07,
1.588170458e-01
l,7.0,-2.0
2.591,3.431,4.291,
3.111576289e-12,8.853631207e+00
8.839506904e-08,-3.890548145e-08,-2.737002709e-07,1.291499741e-06,7.050322121e-06,1.620849102e-05,2.147242971e-05,1.554187340e-05,4.692812427e-06,
1.142443500e-08,-3.639534979e-08,-3.854161720e-09,-5.971824048e-07,-2.406137146e-06,-5.809531448e-06,-7.675513396e-06,-5.051190904e-06,-1.337796828e-06,
1.588170137e-01
l,7.0,-1.0
2.671,3.511,4.391,
5.914111943e-12,9.262787651e+00
3.319040900e-07,-8.440071913e-08,-7.035883440e-07,6.434323296e-06,3.173849757e-05,7.013176350e-05,8.851716247e-05,6.077855517e-05,1.745949726e-05,
4.185053204e-08,-1.335472928e-07,-3.368752387e-08,-2.571098810e-06,-1.128087939e-05,-2.887506403e-05,-4.021457341e-05,-2.818000764e-05,-7.973047990e-06,
1.588480615e-01
l,7.0,0.0
2.731,3.611,4.491,
4.971494264e-14,1.511271845e+01
1.264808020e-06,-5.721804825e-07,-4.596514868e-06,1.002391337e-06,-1.714597942e-05,-1.347371557e-04,-2.801818927e-04,-2.488313615e-04,-8.265863753e-05,
1.531692185e-07,-4.895479977e-07,9.532521557e-08,-6.065350883e-06,-2.028840594e-05,-4.064714861e-05,-4.118858576e-05,-1.672616416e-05,-1.439551572e-06,
1.588170012e-01
l,7.0,1.0
2.791,3.671,4.551,
4.442596051e-12,1.173809138e+01
5.046418210e-06,-1.343279173e-06,-1.281795709e-05,4.900871915e-05,1.701385202e-04,1.322180666e-04,-1.062913638e-04,-2.121591307e-04,-8.826550226e-05,
6.369457842e-07,-2.037629753e-06,-2.089598719e-07,-3.357468613e-05,-1.350046726e-04,-3.235853394e-04,-4.230503620e-04,-2.755049729e-04,-7.238601367e-05,
1.588170147e-01
l,7.0,2.0
2.871,3.731,4.631,
1.919849817e-10,9.257218750e+00
2.072602001e-05,-5.123613420e-06,-5.267030501e-05,2.759467925e-04,1.391198779e-03,2.969466299e-03,3.685162179e-03,2.541939952e-03,7.423127408e-04,
2.483466750e-06,-7.954214868e-06,2.455611891e-07,-1.211040811e-04,-4.817312493e-04,-1.161553353e-03,-1.524282918e-03,-9.937995467e-04,-2.613127988e-04,
1.587860117e-01
l,7.0,3.0
2.911,3.791,4.691,
4.545439847e-10,9.665399710e+00
8.793526649e-05,-2.997589207e-05,-2.366298446e-04,1.308200622e-03,6.954147150e-03,1.563870581e-02,1.986703972e-02,1.359133657e-02,3.851445039e-03,
1.032334479e-05,-3.309318740e-05,-2.167131091e-07,-5.341165731e-04,-2.197250646e-03,-5.393918238e-03,-7.147281491e-03,-4.699267979e-03,-1.240728439e-03,
1.587860169e-01
l,7.0,4.0
2.931,3.831,4.731,
4.065683586e-11,1.318728395e+01
3.894187103e-04,-1.523195811e-04,-1.432826836e-03,8.089317793e-04,1.624569156e-03,-1.558815425e-02,-4.120256742e-02,-3.859332914e-02,-1.289409024e-02,
4.574991923e-05,-1.467487406e-04,1.391271496e-05,-2.004614613e-03,-6.929804403e-03,-1.409347486e-02,-1.455029002e-02,-6.270085038e-03,-7.034014682e-04,
1.587859681e-01
l,7.0,5.0
2.951,3.851,4.751,
3.080568065e-09,1.050024126e+01
1.821295009e-03,-6.320584118e-04,-6.055838993e-03,1.827974954e-02,1.029766669e-01,2.083235046e-01,2.303283952e-01,1.370413801e-01,3.414103476e-02,
2.162107231e-04,-6.938828758e-04,-4.915837138e-05,-1.145447941e-02,-4.577942496e-02,-1.076226380e-01,-1.350604066e-01,-8.244715352e-02,-1.974993316e-02,
1.587857851e-01
l,7.0,6.0
2.991,3.851,4.751,
2.570478811e-08,9.943035881e+00
9.045965038e-03,-2.389261630e-03,-3.042396089e-02,1.062709911e-01,6.637397867e-01,1.560000401e+00,2.036760529e+00,1.429727785e+00,4.164512846e-01,
1.090517545e-03,-3.504107754e-03,-3.406898621e-04,-5.874820900e-02,-2.349144095e-01,-5.513557570e-01,-6.899199972e-01,-4.182311228e-01,-9.891421890e-02,
1.587857850e-01
l,7.0,7.0
2.991,3.891,4.791,
1.041391966e-08,1.223983518e+01
4.648011178e-02,-2.651398070e-02,-1.425976285e-01,3.717953017e-01,9.384644992e-01,-6.254628106e-01,-3.415616564e+00,-3.449642922e+00,-1.153788372e+00,
4.852159990e-03,-1.568164698e-02,2.505308041e-03,-2.060776461e-01,-6.936017944e-01,-1.423333312e+00,-1.498209981e+00,-7.074154816e-01,-1.214536222e-01,
1.586627004e-01
l,8.0,-8.0
2.391,3.231,4.071,
1.915597108e-17,1.310888827e+01
1.118749971e-11,-8.680408461e-12,-3.792652205e-11,6.442450003e-11,-4.189885436e-11,-1.143984363e-09,-2.595437003e-09,-2.388460613e-09,-8.164678675e-10,
1.405576414e-12,-4.460107777e-12,-4.894892316e-13,-7.381071579e-11,-2.916822194e-10,-6.728473439e-10,-8.258007169e-10,-4.913003800e-10,-1.146359806e-10,
1.587237532e-01
l,8.0,-7.0
2.511,3.351,4.211,
1.743919573e-15,8.809816701e+00
3.726214129e-11,-1.992476264e-11,-7.532555210e-11,6.189668439e-10,2.116053662e-09,3.061384882e-09,2.708710171e-09,1.608794579e-09,4.913116494e-10,
4.540402608e-12,-1.444446781e-11,-9.744037308e-13,-2.444891241e-10,-1.026041651e-09,-2.560813354e-09,-3.490982599e-09,-2.414646579e-09,-6.874480748e-10,
1.587858214e-01
l,8.0,-6.0
2.611,3.451,4.311,
6.150089669e-17,1.313802493e+01
1.265620941e-10,-5.416569298e-11,-5.364452758e-10,3.655778680e-10,1.617100655e-09,-2.993650296e-09,-1.247800602e-08,-1.368780783e-08,-5.128340345e-09,
1.663658361e-11,-5.301791811e-11,-2.048701635e-12,-7.879049035e-10,-2.894179644e-09,-6.256866900e-09,-7.083023417e-09,-3.594041934e-09,-6.031511985e-10,
1.587860350e-01
l,8.0,-5.0
2.731,3.591,4.451,
3.326994907e-15,9.838726828e+00
4.278701005e-10,-2.373984107e-10,-1.633853670e-09,3.026469409e-09,1.453959823e-08,2.001272342e-08,1.338663624e-08,4.751329640e-09,8.864445742e-10,
5.364121535e-11,-1.713366613e-10,1.640761536e-11,-2.355489547e-09,-8.461389061e-09,-1.805029373e-08,-1.986873344e-08,-9.514989085e-09,-1.399203822e-09,
1.588480493e-01
l,8.0,-4.0
2.831,3.691,4.571,
1.830119329e-14,9.049599344e+00
1.501678004e-09,-4.495142706e-10,-3.337853475e-09,2.760699643e-08,1.314685578e-07,2.772072316e-07,3.355271934e-07,2.230829455e-07,6.259635833e-08,
1.840977686e-10,-5.891168178e-10,-5.423889545e-11,-1.043680348e-08,-4.533392462e-08,-1.161062800e-07,-1.613854188e-07,-1.126308512e-07,-3.180758879e-08,
1.588169975e-01
l,8.0,-3.0
2.931,3.791,4.671,
2.899967909e-16,1.380012628e+01
5.347820853e-09,-1.670432655e-09,-2.082642929e-08,4.675794423e-09,-3.200477711e-09,-2.969746950e-07,-7.189390534e-07,-6.719498668e-07,-2.288782070e-07,
6.734550051e-10,-2.158224682e-09,2.704010016e-10,-2.793618622e-08,-9.366500840e-08,-1.855029465e-07,-1.842971477e-07,-6.938595339e-08,-2.684256191e-09,
1.588480829e-01
l,8.0,-2.0
3.051,3.891,4.771,
1.209503619e-14,1.119530208e+01
1.950347084e-08,-5.694307331e-09,-6.052665483e-08,2.787093160e-07,1.663235367e-06,4.013923602e-06,5.419366146e-06,3.916381325e-06,1.167064410e-06,
2.461979686e-09,-7.900966367e-09,-1.101567694e-09,-1.371695740e-07,-5.633529876e-07,-1.361976659e-06,-1.779435871e-06,-1.145707829e-06,-2.927957155e-07,
1.588480508e-01
l,8.0,-1.0
3.131,3.971,4.871,
2.950729809e-14,1.129869247e+01
7.301645866e-08,-1.100658017e-08,-2.028452398e-07,1.084186419e-06,6.476866078e-06,1.589821547e-05,2.174908880e-05,1.586042799e-05,4.757438506e-06,
8.994660268e-09,-2.890429925e-08,-6.698377810e-10,-4.686451937e-07,-1.923271768e-06,-4.707772819e-06,-6.229343355e-06,-4.064480054e-06,-1.056121695e-06,
1.588170244e-01
l,8.0,0.0
3.191,4.051,4.951,
3.984642452e-13,9.990013426e+00
2.795976002e-07,-2.493786709e-08,-7.512656545e-07,3.383392157e-06,1.919223449e-05,4.344954917e-05,5.557813502e-05,3.873174533e-05,1.130288495e-05,
3.504413561e-08,-1.127304229e-07,-7.296936597e-09,-1.822358063e-06,-7.302816837e-06,-1.756003464e-05,-2.299210892e-05,-1.487169649e-05,-3.836009076e-06,
1.588480383e-01
l,8.0,1.0
3.251,4.131,5.031,
2.518379958e-13,1.137318916e+01
1.098056032e-06,-1.380447254e-07,-3.253556847e-06,7.400670950e-06,3.667662236e-05,5.236708900e-05,3.125998796e-05,3.792388966e-06,-2.267336800e-06,
1.364735461e-07,-4.394482239e-07,-6.784208821e-09,-6.650978178e-06,-2.517375729e-05,-5.752265456e-05,-7.135161599e-05,-4.305850746e-05,-1.022752796e-05,
1.588480518e-01
l,8.0,2.0
3.311,4.211,5.111,
4.118254335e-13,1.195763285e+01
4.428356078e-06,-1.131158461e-06,-1.450850771e-05,1.807551280e-05,7.744888599e-05,1.824977333e-05,-1.423068845e-04,-1.710561529e-04,-6.054763491e-05,
5.312354566e-07,-1.712245090e-06,1.751815164e-07,-2.340938706e-05,-8.252193747e-05,-1.752131817e-04,-1.962108915e-04,-1.002052880e-04,-1.817465951e-05,
1.588170245e-01
l,8.0,3.0
3.351,4.251,5.171,
1.792608680e-11,9.872013649e+00
1.859917029e-05,-2.941724003e-06,-6.520134439e-05,1.301046353e-04,9.703759749e-04,2.263758631e-03,2.852149728e-03,1.913009596e-03,5.307134195e-04,
2.205152643e-06,-7.112532400e-06,5.172856676e-07,-1.028362935e-04,-3.868931160e-04,-8.803166894e-04,-1.071035313e-03,-6.212298744e-04,-1.379938452e-04,
1.587860169e-01
l,8.0,4.0
3.391,4.291,5.211,
9.997542261e-13,1.333463604e+01
8.042123227e-05,-7.535503303e-06,-2.739656812e-04,1.877311087e-04,1.142712688e-03,-9.357971792e-05,-3.408309398e-03,-4.011967022e-03,-1.461736909e-03,
9.764511229e-06,-3.150940011e-05,-1.652643170e-06,-4.916768814e-04,-1.836612812e-03,-4.022941615e-03,-4.649460416e-03,-2.503434653e-03,-4.926064982e-04,
1.587857498e-01
l,8.0,5.0
3.451,4.331,5.251,
9.558952119e-11,1.074359331e+01
3.624242963e-04,-4.123714202e-05,-1.095660934e-03,3.367710235e-03,2.171354665e-02,5.091399643e-02,6.587927470e-02,4.560623809e-02,1.305012085e-02,
4.323655016e-05,-1.395904721e-04,-4.272690193e-06,-2.178854251e-03,-8.422278227e-03,-1.958191899e-02,-2.461371927e-02,-1.509512633e-02,-3.645228475e-03,
1.587857851e-01
l,8.0,6.0
3.451,4.351,5.271,
2.553336572e-10,1.114319430e+01
1.706941985e-03,-1.346987820e-04,-4.878226459e-03,1.140105158e-02,5.846544249e-02,9.178798553e-02,7.168674810e-02,2.827020877e-02,4.533731898e-03,
2.042409352e-04,-6.596796263e-04,-4.961779570e-05,-1.060558620e-02,-4.062701059e-02,-9.214920439e-02,-1.121145938e-01,-6.594950252e-02,-1.511644565e-02,
1.587857850e-01
l,8.0,7.0
3.471,4.371,5.291,
2.347786545e-11,1.430749592e+01
8.479941636e-03,-2.097888919e-03,-3.222802109e-02,2.021668974e-02,1.363723192e-01,2.184969356e-02,-3.363224526e-01,-4.231568060e-01,-1.591015785e-01,
9.654675386e-04,-3.122052290e-03,4.602857466e-04,-4.260939371e-02,-1.512347167e-01,-3.186688817e-01,-3.425399868e-01,-1.587073889e-01,-2.230169839e-02,
1.587857847e-01
l,8.0,8.0
3.471,4.391,5.311,
1.077990552e-08,1.068144897e+01
4.425001889e-02,-1.933972843e-02,-1.554262159e-01,4.271250987e-01,2.406602669e+00,4.797024799e+00,5.274807265e+00,3.164409819e+00,8.045365924e-01,
4.575593244e-03,-1.486641145e-02,2.472612685e-03,-2.033053127e-01,-7.312842836e-01,-1.612543373e+00,-1.855539453e+00,-9.987251880e-01,-2.052484045e-01,
1.586618321e-01
l,9.0,-9.0
2.731,3.571,4.431,
1.613646041e-18,1.111536958e+01
7.282413062e-13,-4.497031753e-13,-2.470988668e-12,8.897032985e-12,4.223768153e-11,7.937390288e-11,8.674832938e-11,5.360324658e-11,1.425921308e-11,
8.872737590e-14,-2.833162116e-13,8.710781685e-15,-4.217260275e-12,-1.624578424e-11,-3.795217737e-11,-4.796457965e-11,-2.979925687e-11,-7.430171464e-12,
1.587858051e-01
l,9.0,-8.0
2.851,3.691,4.551,
1.940440827e-19,1.380244918e+01
2.396520048e-12,-1.130986931e-12,-8.925594692e-12,9.555174551e-12,1.170002092e-11,-1.453390762e-10,-3.873852608e-10,-3.770765886e-10,-1.323528295e-10,
3.046696940e-13,-9.746566567e-13,-2.318517137e-14,-1.479180323e-11,-5.544248585e-11,-1.222981774e-10,-1.418362767e-10,-7.597270230e-11,-1.468228607e-11,
1.588170100e-01
l,9.0,-7.0
2.971,3.831,4.691,
7.570754448e-19,1.313610595e+01
7.904900692e-12,-4.142901035e-12,-2.712784256e-11,5.158809178e-11,1.461567355e-10,-1.189033709e-10,-6.246684160e-10,-6.572289262e-10,-2.312344252e-10,
9.803332700e-13,-3.142573821e-12,2.645624178e-13,-4.505558092e-11,-1.680076482e-10,-3.724193891e-10,-4.332807056e-10,-2.329567048e-10,-4.574297597e-11,
1.588169799e-01
l,9.0,-6.0
3.091,3.931,4.811,
3.725884168e-17,1.030925103e+01
2.696723921e-11,-7.538020215e-12,-7.775380542e-11,4.291827792e-10,2.395859723e-09,5.580109344e-09,7.340535840e-09,5.223196668e-09,1.547488034e-09,
3.361320394e-12,-1.079298132e-11,-1.351666405e-12,-1.900199540e-10,-7.982553978e-10,-1.975160746e-09,-2.644648327e-09,-1.758578880e-09,-4.684937903e-10,
1.588480850e-01
l,9.0,-5.0
3.191,4.051,4.931,
1.015246017e-17,1.219366794e+01
9.235513049e-11,-3.270033931e-11,-3.965111353e-10,1.232640287e-10,1.277042269e-09,1.372604513e-10,-3.096424017e-09,-3.680928997e-09,-1.325505699e-09,
1.151569059e-11,-3.703438485e-11,5.501483802e-12,-4.737584869e-10,-1.561214242e-09,-3.004893517e-09,-2.790426561e-09,-8.060858224e-10,1.058527431e-10,
1.588480493e-01
l,9.0,-4.0
3.291,4.171,5.051,
3.855612977e-18,1.373613635e+01
3.223782907e-10,-9.587966666e-11,-9.345555004e-10,2.575619691e-09,9.135581461e-09,4.780064961e-09,-1.155056113e-08,-1.689629325e-08,-6.605437815e-09,
3.942879525e-11,-1.269927137e-10,1.314891630e-11,-1.840960476e-09,-7.109248908e-09,-1.664953153e-08,-2.104781849e-08,-1.298459894e-08,-3.193383731e-09,
1.588480346e-01
l,9.0,-3.0
3.371,4.251,5.151,
2.611628701e-19,1.667983585e+01
1.158279028e-09,-1.532659661e-10,-4.442238477e-09,-7.223171000e-10,-4.087125137e-09,-6.757088175e-08,-1.598672448e-07,-1.500716247e-07,-5.137247199e-08,
1.439143960e-10,-4.640742687e-10,4.557924406e-11,-6.332924757e-09,-2.202970462e-08,-4.554532449e-08,-4.867379044e-08,-2.219407980e-08,-2.893146533e-09,
1.588480829e-01
l,9.0,-2.0
3.491,4.351,5.251,
6.487152282e-16,1.106701571e+01
4.228407846e-09,-6.365590729e-10,-1.436985654e-08,4.242448181e-08,2.904892936e-07,7.010927850e-07,9.253400316e-07,6.517277644e-07,1.898396523e-07,
5.250867246e-10,-1.695164824e-09,-7.761886108e-11,-2.776771566e-08,-1.115297641e-07,-2.641048560e-07,-3.343120673e-07,-2.043023698e-07,-4.838642579e-08,
1.588480508e-01
l,9.0,-1.0
3.551,4.451,5.351,
4.009471527e-15,1.046434853e+01
1.573829067e-08,-2.356276824e-09,-4.724438171e-08,1.238903405e-07,6.811601628e-07,1.291476121e-06,1.376638805e-06,8.322638794e-07,2.211289901e-07,
1.915139527e-09,-6.189560600e-09,6.423072798e-10,-8.759474006e-08,-3.270511621e-07,-7.448735865e-07,-9.151444013e-07,-5.405603029e-07,-1.244914447e-07,
1.588480615e-01
l,9.0,0.0
3.631,4.531,5.431,
7.547671269e-16,1.262679178e+01
6.007523012e-08,-7.971090335e-09,-2.045026448e-07,1.863013691e-07,1.140503277e-06,9.349480829e-07,-6.967499273e-07,-1.348095371e-06,-5.287473437e-07,
7.447856816e-09,-2.409131350e-08,1.734222989e-09,-3.386198770e-07,-1.211492382e-06,-2.604199442e-06,-2.967887994e-06,-1.547294266e-06,-2.857724873e-07,
1.588170012e-01
l,9.0,1.0
3.711,4.591,5.511,
9.490506698e-15,1.154690195e+01
2.354674962e-07,7.062915577e-09,-6.842352601e-07,1.758306155e-06,1.132372093e-05,2.469031353e-05,2.979692839e-05,1.966158187e-05,5.480764958e-06,
2.896367172e-08,-9.376516183e-08,-3.005943869e-09,-1.481546467e-06,-5.748766388e-06,-1.332991788e-05,-1.668387957e-05,-1.013062866e-05,-2.402460562e-06,
1.588170147e-01
l,9.0,2.0
3.751,4.671,5.591,
3.161142944e-15,1.328797421e+01
9.431408898e-07,-5.695541431e-08,-2.824867514e-06,5.188255771e-06,2.896169823e-05,4.409598178e-05,3.026072324e-05,7.799752919e-06,-2.196118823e-07,
1.126339389e-07,-3.649264786e-07,2.417182920e-09,-5.620727141e-06,-2.137944338e-05,-4.842456080e-05,-5.862068338e-05,-3.397405352e-05,-7.581717274e-06,
1.588480617e-01
l,9.0,3.0
3.811,4.731,5.651,
4.101026195e-14,1.228972955e+01
3.892137102e-06,-2.031951392e-07,-1.138734737e-05,2.739320764e-05,1.650304929e-04,3.241233433e-04,3.413005672e-04,1.930219953e-04,4.594818526e-05,
4.670756996e-07,-1.514181863e-06,-3.048048559e-08,-2.378291208e-05,-9.215067658e-05,-2.141442492e-04,-2.687590439e-04,-1.641943847e-04,-3.939053601e-05,
1.588170298e-01
l,9.0,4.0
3.851,4.771,5.711,
2.096771520e-13,1.204261874e+01
1.653611071e-05,-1.107020260e-06,-6.924281780e-05,-1.761694190e-05,2.693023127e-04,5.432820901e-04,4.942646397e-04,2.286851217e-04,4.424883131e-05,
1.937053248e-06,-6.283216953e-06,8.259908837e-07,-8.362927334e-05,-2.857803477e-04,-5.831105176e-04,-6.073267939e-04,-2.611126611e-04,-2.735031350e-05,
1.588169809e-01
l,9.0,5.0
3.891,4.811,5.751,
1.967358811e-13,1.309334826e+01
7.263103907e-05,3.456334836e-06,-2.055049007e-04,3.988283324e-04,2.427813750e-03,4.288269584e-03,3.846957615e-03,1.773922432e-03,3.303106665e-04,
8.569456629e-06,-2.780738359e-05,-3.770717281e-07,-4.368918127e-04,-1.688572449e-03,-3.879929457e-03,-4.770597008e-03,-2.827376001e-03,-6.499075449e-04,
1.587860033e-01
l,9.0,6.0
3.931,4.851,5.791,
8.665410028e-12,1.136472304e+01
3.310856118e-04,-3.638813299e-05,-1.277207876e-03,7.633693357e-04,1.042335288e-02,2.347357329e-02,2.723461779e-02,1.681676753e-02,4.347955092e-03,
3.791742239e-05,-1.230894791e-04,1.188626832e-05,-1.737914531e-03,-6.267447860e-03,-1.356817117e-02,-1.539608358e-02,-7.962292871e-03,-1.448614404e-03,
1.587857850e-01
l,9.0,7.0
3.951,4.871,5.811,
1.504581842e-11,1.205417032e+01
1.576013980e-03,-6.489793859e-05,-4.480338448e-03,1.230083159e-02,7.468745520e-02,1.548576363e-01,1.735666468e-01,1.042629533e-01,2.620219609e-02,
1.790440049e-04,-5.814217673e-04,4.517911048e-06,-9.235651371e-03,-3.638717350e-02,-8.539469133e-02,-1.072093202e-01,-6.546646520e-02,-1.571580724e-02,
1.587857847e-01
l,9.0,8.0
3.971,4.891,5.811,
5.794377688e-12,1.388158359e+01
7.865549996e-03,-1.320133705e-03,-2.452981931e-02,4.083680481e-02,2.126838797e-01,2.694232300e-01,1.022762575e-01,-4.436207740e-02,-3.289453540e-02,
9.027193275e-04,-2.933882341e-03,1.660251624e-04,-4.363281010e-02,-1.620278368e-01,-3.584929610e-01,-4.184195220e-01,-2.290320122e-01,-4.697343912e-02,
1.587857866e-01
l,9.0,9.0
3.971,4.891,5.831,
1.758118400e-11,1.425905548e+01
4.135572165e-02,-9.114028470e-03,-1.330891884e-01,2.391057429e-01,1.196062354e+00,1.473695915e+00,4.886602173e-01,-3.226729754e-01,-2.078668125e-01,
4.274889504e-03,-1.394934500e-02,2.574498308e-03,-1.867749301e-01,-6.490575073e-01,-1.365543511e+00,-1.468014424e+00,-6.984517342e-01,-1.132883523e-01,
1.586928063e-01
