l,0.0,-0.0
0.091,0.591,1.111,
1.571406748e-01,1.744794579e+00
5.428764038e-03,-1.404032213e-02,3.096330901e-02,4.609509019e-01,4.658012262e+00,2.779112715e+01,8.276262945e+01,1.221309831e+02,7.120826513e+01,
9.591310239e-04,-3.665819510e-03,-9.079077396e-03,-2.892984482e-01,-2.261034462e+00,-9.442349242e+00,-2.139083203e+01,-2.495355835e+01,-1.177965862e+01,
1.584460621e-01
l,1.0,-1.0
0.251,0.811,1.411,
3.767321469e-03,2.873811409e+00
2.486399026e-04,-6.026551940e-04,2.962633584e-04,1.229078022e-02,9.315474736e-02,5.029861673e-01,1.329870244e+00,1.659757158e+00,8.003918933e-01,
3.208897490e-05,-1.279862312e-04,-7.349000566e-05,-4.402197465e-03,-2.494128644e-02,-8.101095245e-02,-1.450987502e-01,-1.360460837e-01,-5.301047223e-02,
1.582911606e-01
l,1.0,0.0
0.311,0.811,1.351,
2.152706783e-02,3.089582680e+00
2.252567094e-03,-4.327506983e-03,3.696198271e-03,2.301820779e-01,1.796246383e+00,8.917867248e+00,2.366455200e+01,3.069612734e+01,1.548503644e+01,
3.773257358e-04,-1.495941507e-03,-3.211572065e-03,-1.087966951e-01,-8.297739448e-01,-3.386637786e+00,-7.494932161e+00,-8.541240007e+00,-3.955451711e+00,
1.588170575e-01
l,1.0,1.0
0.331,0.911,1.511,
1.419765555e-01,3.443223472e+00
1.529164985e-02,-3.587426121e-02,4.262786980e-02,1.039226523e+00,5.668125537e+00,2.540172964e+01,6.209945209e+01,7.191969394e+01,3.164362118e+01,
1.839978728e-03,-7.490257177e-03,-6.403926633e-03,-3.286996813e-01,-2.183304710e+00,-8.292590688e+00,-1.723954686e+01,-1.855612538e+01,-8.140921281e+00,
1.582911601e-01
l,2.0,-2.0
0.451,1.071,1.691,
4.911932116e-05,4.114573960e+00
9.638351003e-06,-2.078452993e-05,1.472984283e-06,3.082047153e-04,6.883454808e-04,2.554358280e-03,7.613095601e-03,9.875257067e-03,4.573671154e-03,
1.120115843e-06,-4.598272602e-06,-2.189224397e-06,-1.669161024e-04,-1.027405643e-03,-3.665532651e-03,-7.176489731e-03,-7.284104945e-03,-3.030240546e-03,
1.583532171e-01
l,2.0,-1.0
0.511,1.111,1.731,
6.666727438e-04,6.113846793e+00
6.971629045e-05,-1.123954152e-04,-2.663077560e-04,4.915659696e-04,-1.166859796e-02,-7.609898508e-02,-1.925229209e-01,-2.323588797e-01,-1.102351503e-01,
8.774664186e-06,-3.614259337e-05,-2.066616067e-05,-1.292087887e-03,-7.424489294e-03,-2.456083649e-02,-4.462921947e-02,-4.193597739e-02,-1.632169868e-02,
1.586007584e-01
l,2.0,0.0
0.591,1.211,1.831,
8.852693357e-04,4.508833843e+00
4.435355950e-04,-7.810994327e-04,-6.620629663e-04,1.409676632e-02,1.631148233e-02,-4.437028391e-02,-1.083401010e-01,-8.265649460e-02,-2.121785129e-02,
5.348864420e-05,-2.220440972e-04,-1.357113952e-04,-8.585641593e-03,-5.309699169e-02,-1.891934988e-01,-3.695642798e-01,-3.726232980e-01,-1.538662691e-01,
1.585388835e-01
l,2.0,1.0
0.651,1.251,1.871,
8.054246912e-03,6.096337893e+00
3.375332104e-03,-4.982304140e-03,-1.454222149e-02,5.067821788e-02,-2.776665068e-01,-2.573589521e+00,-6.948817355e+00,-8.509437051e+00,-4.032902748e+00,
4.185273028e-04,-1.744701789e-03,-7.145740130e-04,-5.926971616e-02,-3.364442458e-01,-1.107833116e+00,-1.996053568e+00,-1.849884431e+00,-7.109754373e-01,
1.586928540e-01
l,2.0,2.0
0.691,1.331,1.991,
2.296113423e-02,4.737423393e+00
2.413525060e-02,-4.306310476e-02,-7.529345118e-02,6.522451488e-01,3.097495601e-01,-5.399281296e+00,-1.251417458e+01,-1.082662009e+01,-3.332102756e+00,
2.345191453e-03,-9.918308430e-03,-2.414645621e-03,-3.178046397e-01,-1.740220927e+00,-5.591858616e+00,-9.726786746e+00,-8.751589744e+00,-3.294407682e+00,
1.582911722e-01
l,3.0,-3.0
0.731,1.331,1.971,
3.643543159e-07,5.151107606e+00
3.419513916e-07,-5.842880126e-07,-6.828748361e-07,1.255595320e-05,4.690573114e-05,1.522634339e-04,3.868291755e-04,5.057922277e-04,2.506523390e-04,
3.802506082e-08,-1.592933011e-07,-6.444781706e-08,-5.544130624e-06,-3.219135439e-05,-1.085781311e-04,-1.997956482e-04,-1.892410494e-04,-7.374424952e-05,
1.583841666e-01
l,3.0,-2.0
0.811,1.411,2.051,
1.249532252e-06,5.213297195e+00
2.134757096e-06,-2.843244318e-06,-6.095856216e-06,9.174200489e-05,4.596425855e-04,1.461126560e-03,3.161141563e-03,3.722283220e-03,1.747465533e-03,
2.508875098e-07,-1.055975233e-06,-6.193564857e-07,-3.927069833e-05,-2.285170027e-04,-7.655735953e-04,-1.397117422e-03,-1.303641331e-03,-4.981780668e-04,
1.586007407e-01
l,3.0,-1.0
0.851,1.491,2.151,
4.749320245e-06,5.397071072e+00
1.326695019e-05,-1.374959863e-05,-5.149738450e-05,4.444840199e-04,1.961636579e-03,3.940190209e-03,5.105123914e-03,4.171289048e-03,1.567959000e-03,
1.516697384e-06,-6.418122154e-06,-3.212484247e-06,-2.295547457e-04,-1.311296925e-03,-4.292826824e-03,-7.587349501e-03,-6.789655767e-03,-2.475670893e-03,
1.586008129e-01
l,3.0,0.0
0.931,1.591,2.251,
1.997704347e-05,5.799735497e+00
8.282018825e-05,-9.834903108e-05,-3.432270380e-04,2.117318968e-03,5.855428099e-03,-1.372568756e-03,-2.093162615e-02,-2.720056724e-02,-1.147093707e-02,
9.149269984e-06,-3.890631629e-05,-9.815882800e-06,-1.247281181e-03,-6.838604136e-03,-2.185697454e-02,-3.787006394e-02,-3.329712347e-02,-1.200514764e-02,
1.586007643e-01
l,3.0,1.0
0.991,1.651,2.331,
8.937925796e-05,6.481265485e+00
5.603270256e-04,-5.206119771e-04,-2.663613095e-03,1.328388251e-02,4.819137586e-02,1.779545846e-02,-1.303743116e-01,-2.175588819e-01,-1.068808152e-01,
5.998798030e-05,-2.560457457e-04,-7.849684771e-05,-8.251000086e-03,-4.395491308e-02,-1.356110162e-01,-2.248710833e-01,-1.871566605e-01,-6.345026083e-02,
1.585698417e-01
l,3.0,2.0
1.051,1.711,2.391,
4.326171669e-04,6.541241071e+00
4.037338775e-03,-3.487507649e-03,-2.077208583e-02,9.306144424e-02,4.159593497e-01,5.043105037e-01,-1.051325745e-01,-6.974131845e-01,-4.183730608e-01,
4.286532530e-04,-1.836176524e-03,-2.318111417e-04,-5.508721617e-02,-2.879315109e-01,-8.750631483e-01,-1.414335112e+00,-1.130870058e+00,-3.656259389e-01,
1.586627477e-01
l,3.0,3.0
1.111,1.791,2.471,
2.257694215e-03,6.749943600e+00
2.927800082e-02,-3.561350186e-02,-1.268393019e-01,8.510049152e-01,2.916836882e+00,1.854609403e+00,-4.575318722e+00,-8.341768186e+00,-4.049865109e+00,
2.815413354e-03,-1.217844640e-02,-5.274206970e-03,-4.181241456e-01,-2.219942217e+00,-6.843112070e+00,-1.130254889e+01,-9.452427200e+00,-3.262980697e+00,
1.582911492e-01
l,4.0,-4.0
0.971,1.611,2.271,
2.146366616e-09,6.204995572e+00
1.088938006e-08,-1.431875879e-08,-4.123401116e-08,3.293353153e-07,1.053019359e-06,1.040063196e-06,1.432462282e-07,-2.735081037e-07,-6.774116001e-08,
1.162550542e-09,-4.948033309e-09,-1.654920246e-09,-1.655442894e-07,-9.196344089e-07,-2.959387882e-06,-5.144983256e-06,-4.555702107e-06,-1.660773105e-06,
1.585388914e-01
l,4.0,-3.0
1.071,1.711,2.371,
6.991752790e-09,6.271795600e+00
6.323465840e-08,-7.056729965e-08,-2.389455171e-07,2.063302106e-06,8.531088988e-06,1.663688316e-05,2.340317309e-05,2.243249749e-05,9.753522704e-06,
6.999044984e-09,-2.991923388e-08,-1.236389723e-08,-1.041677790e-06,-5.873236254e-06,-1.920893348e-05,-3.404258071e-05,-3.058473967e-05,-1.120603454e-05,
1.586008163e-01
l,4.0,-2.0
1.151,1.811,2.491,
2.342816420e-08,6.578737750e+00
3.695487862e-07,-3.498493993e-07,-1.736647187e-06,9.274684304e-06,4.297788847e-05,7.667999612e-05,7.460040482e-05,3.939569785e-05,8.681998183e-06,
3.860116859e-08,-1.657950144e-07,-2.202107076e-08,-5.066176407e-06,-2.697001922e-05,-8.344894283e-05,-1.374468016e-04,-1.124837870e-04,-3.727754381e-05,
1.586627439e-01
l,4.0,-1.0
1.231,1.911,2.591,
7.535508184e-08,7.291428925e+00
2.197531103e-06,-2.011885786e-06,-9.899941991e-06,5.459020626e-05,2.119965149e-04,1.777786564e-04,-2.605348120e-04,-5.653470142e-04,-2.889506337e-04,
2.314393657e-07,-9.976364281e-07,-2.064321089e-07,-3.166373258e-05,-1.717949894e-04,-5.443144094e-04,-9.264661477e-04,-7.899515690e-04,-2.732390324e-04,
1.586627361e-01
l,4.0,0.0
1.311,1.991,2.671,
3.293217135e-07,6.894182092e+00
1.360451006e-05,-9.583145817e-06,-5.913077121e-05,3.620256614e-04,1.761845073e-03,3.169983956e-03,2.767870014e-03,1.011861241e-03,3.820108717e-05,
1.510122893e-06,-6.526973858e-06,-2.931907661e-06,-2.304683300e-04,-1.291416740e-03,-4.170215713e-03,-7.246996927e-03,-6.299010130e-03,-2.201473038e-03,
1.586008188e-01
l,4.0,1.0
1.411,2.071,2.771,
1.010823542e-06,7.846485020e+00
8.721504128e-05,-5.705133101e-05,-1.631106604e-04,6.821306088e-03,4.550297419e-02,1.451801971e-01,2.562523358e-01,2.365896725e-01,8.876062888e-02,
9.034313911e-06,-3.917042082e-05,2.646107981e-05,-5.482188857e-04,-1.464761848e-03,-1.790265690e-03,1.776954332e-03,6.538120012e-03,3.988710078e-03,
1.586627355e-01
l,4.0,2.0
1.471,2.131,2.851,
4.164145257e-06,8.166764729e+00
5.926102167e-04,-4.147923503e-04,-5.072600113e-03,5.617476235e-03,1.163365317e-01,4.875939042e-01,1.022505318e+00,1.069195392e+00,4.404019840e-01,
5.882819054e-05,-2.556896345e-04,2.295998264e-04,-2.590753739e-03,-1.566282857e-03,2.126813944e-02,8.401591429e-02,1.220869731e-01,6.011140524e-02,
1.585698539e-01
l,4.0,3.0
1.531,2.191,2.891,
3.327169876e-05,7.258628368e+00
4.279323854e-03,-3.185980620e-03,-5.619141935e-02,-2.519636240e-01,-1.065785158e+00,-2.925674681e+00,-4.413833890e+00,-3.359245102e+00,-1.005567097e+00,
4.562680775e-04,-1.987181982e-03,7.936798068e-04,-3.602730494e-02,-1.173519072e-01,-1.778008054e-01,6.854942584e-02,4.684260027e-01,3.207586046e-01,
1.586007470e-01
l,4.0,4.0
1.591,2.271,2.991,
1.515023766e-04,7.756529544e+00
3.138985857e-02,-3.328694752e-02,-2.845528487e-01,-5.870289951e-02,2.165020553e+00,8.651197891e+00,1.794981297e+01,1.899462858e+01,7.916616024e+00,
2.730781762e-03,-1.198609379e-02,1.078943135e-02,-1.184452251e-01,5.858039635e-03,1.367568682e+00,4.814268253e+00,6.615333252e+00,3.131089428e+00,
1.584151117e-01
l,5.0,-5.0
1.251,1.911,2.571,
1.135459407e-11,6.685973497e+00
3.179143060e-10,-3.359615120e-10,-1.190396536e-09,1.110496713e-08,5.245313706e-08,1.202566625e-07,1.796766947e-07,1.607471186e-07,6.242588436e-08,
3.488861262e-11,-1.502850940e-10,-7.352199017e-11,-5.462914321e-09,-3.124588638e-08,-1.029851789e-07,-1.829770100e-07,-1.642264190e-07,-5.994017666e-08,
1.585388717e-01
l,5.0,-4.0
1.351,2.011,2.691,
2.706159770e-11,7.874908403e+00
1.810465000e-09,-1.529616180e-09,-8.817703413e-09,4.377683580e-08,1.892831077e-07,2.155054234e-07,-8.454648448e-08,-3.506403991e-07,-1.991869539e-07,
1.916967606e-10,-8.290718665e-10,-2.015492939e-10,-2.648205157e-08,-1.412861003e-07,-4.388710825e-07,-7.309971708e-07,-6.074873822e-07,-2.044804615e-07,
1.586007722e-01
l,5.0,-3.0
1.451,2.111,2.811,
1.086348260e-10,7.319863413e+00
1.025980989e-08,-5.646778108e-09,-2.669774990e-08,5.046382888e-07,2.881005746e-06,7.859479910e-06,1.250749099e-05,1.091888657e-05,3.994987511e-06,
1.051189573e-09,-4.562979614e-09,2.885852509e-09,-7.378787779e-08,-2.697408364e-07,-6.547001757e-07,-7.964912546e-07,-3.484033762e-07,-1.674950713e-08,
1.586627395e-01
l,5.0,-2.0
1.531,2.211,2.911,
5.043105768e-10,6.763276731e+00
5.918611024e-08,-2.446391207e-08,-1.992506729e-07,2.499218825e-06,1.545975096e-05,4.274736325e-05,6.665988406e-05,5.602442686e-05,1.961732561e-05,
6.274885131e-09,-2.731456151e-08,-4.360284483e-09,-8.730156080e-07,-4.914875168e-06,-1.624304671e-05,-2.884411571e-05,-2.556300519e-05,-9.109874665e-06,
1.586627439e-01
l,5.0,-1.0
1.651,2.311,3.011,
7.018408293e-10,8.811263877e+00
3.467656029e-07,-2.260840916e-07,-2.916517664e-06,3.684007576e-06,6.952334761e-05,2.838216572e-04,5.830902188e-04,6.004405310e-04,2.445309985e-04,
3.740527327e-08,-1.632518415e-07,1.146769906e-07,-1.964955738e-06,-2.233866515e-06,1.202150304e-05,5.515093179e-05,8.451890977e-05,4.325841573e-05,
1.586317351e-01
l,5.0,0.0
1.731,2.391,3.111,
2.477977278e-09,9.022357099e+00
2.102439112e-06,-3.659088968e-07,-2.633920838e-06,1.634233549e-04,1.123386487e-03,3.624243358e-03,6.393223398e-03,5.876367581e-03,2.194010640e-03,
2.228178801e-07,-9.748470369e-07,2.335713329e-07,-2.227972266e-05,-1.019212536e-04,-2.875671497e-04,-4.279638951e-04,-2.934249245e-04,-7.368892525e-05,
1.586627420e-01
l,5.0,1.0
1.771,2.491,3.211,
1.707356592e-10,1.634981536e+01
1.311087999e-05,-3.625158589e-06,-7.129598260e-05,-1.268333087e-04,-1.514415532e-03,-8.075934804e-03,-1.827827558e-02,-1.917520723e-02,-7.709226883e-03,
1.325150116e-06,-5.810922542e-06,7.657055413e-07,-1.548657543e-04,-8.050283177e-04,-2.549141027e-03,-4.336589801e-03,-3.638277411e-03,-1.222474368e-03,
1.586008123e-01
l,5.0,2.0
1.831,2.551,3.291,
1.535516216e-07,7.243459741e+00
8.575538959e-05,5.048668420e-06,-2.429141076e-05,4.894008987e-03,2.654189851e-02,6.794739767e-02,9.699097336e-02,7.409753438e-02,2.359563405e-02,
8.599941840e-06,-3.777731465e-05,8.892305566e-06,-9.271045904e-04,-4.663657382e-03,-1.465887963e-02,-2.487562970e-02,-2.075971155e-02,-6.934304893e-03,
1.586008245e-01
l,5.0,3.0
1.931,2.611,3.351,
1.698545575e-07,9.589582071e+00
5.864920095e-04,6.790554402e-05,5.434366325e-04,5.105440650e-02,3.234533555e-01,9.952008098e-01,1.686783091e+00,1.496831542e+00,5.415050879e-01,
6.091359730e-05,-2.679371232e-04,5.377067035e-06,-7.248378453e-03,-3.624694210e-02,-1.099465262e-01,-1.793233207e-01,-1.427056556e-01,-4.487746090e-02,
1.586007470e-01
l,5.0,4.0
1.991,2.671,3.411,
9.363293811e-07,9.579326949e+00
4.255454056e-03,-4.716027954e-04,-1.774079505e-02,1.770199042e-01,1.465952104e+00,4.968768521e+00,8.961805358e+00,8.323376839e+00,3.117216805e+00,
4.317357580e-04,-1.902702571e-03,3.988223998e-04,-4.435173071e-02,-1.954934162e-01,-5.184842771e-01,-6.960562071e-01,-3.879218258e-01,-5.611472710e-02,
1.586627320e-01
l,5.0,5.0
2.051,2.751,3.491,
6.362235282e-06,9.388889882e+00
3.170403093e-02,-1.009097524e-02,3.253358385e-03,2.604613698e+00,1.556724270e+01,4.493110033e+01,7.174726733e+01,6.026708181e+01,2.072157572e+01,
2.805407112e-03,-1.243888360e-02,2.167750396e-03,-3.133659925e-01,-1.490222835e+00,-4.374710863e+00,-6.777518953e+00,-5.088249659e+00,-1.531769906e+00,
1.584151307e-01
l,6.0,-6.0
1.531,2.211,2.891,
4.509444443e-14,7.972839004e+00
8.976815818e-12,-7.341708203e-12,-3.931742711e-11,2.531119176e-10,1.213152142e-09,2.312035698e-09,2.484771145e-09,1.556359008e-09,4.567301474e-10,
9.469092019e-13,-4.119643326e-12,-1.356105936e-12,-1.404787488e-10,-7.817349622e-10,-2.521369424e-09,-4.356669290e-09,-3.760562755e-09,-1.309146440e-09,
1.585697755e-01
l,6.0,-5.0
1.651,2.311,3.011,
1.512996543e-13,7.922477486e+00
5.004420142e-11,-1.657538214e-11,3.658012304e-11,4.498735723e-09,2.662106081e-08,7.886658889e-08,1.318616837e-07,1.171129712e-07,4.276572959e-08,
5.178159618e-12,-2.259959487e-11,-3.390517734e-12,-7.400343335e-10,-4.315601930e-09,-1.483034310e-08,-2.747816252e-08,-2.562161864e-08,-9.657852198e-09,
1.586627302e-01
l,6.0,-4.0
1.771,2.431,3.131,
2.680006616e-13,9.086471003e+00
2.755285999e-10,-1.365829179e-10,-2.461591812e-10,2.201035026e-08,1.359888876e-07,4.063561993e-07,6.777768118e-07,5.974347641e-07,2.159082268e-07,
2.825496933e-11,-1.236758315e-10,7.520406157e-11,-2.098028119e-09,-7.972358330e-09,-2.006146941e-08,-2.566105665e-08,-1.258957722e-08,-1.234200239e-09,
1.586618627e-01
l,6.0,-3.0
1.831,2.531,3.231,
1.619773715e-14,1.582214945e+01
1.556058948e-09,-4.724283335e-10,-1.016127726e-08,-3.181876951e-08,-2.808393490e-07,-1.306236685e-06,-2.834023704e-06,-2.935408519e-06,-1.179963764e-06,
1.680716607e-10,-7.373338453e-10,-1.361822905e-10,-2.366587653e-08,-1.318033707e-07,-4.318739728e-07,-7.611133209e-07,-6.665211502e-07,-2.335647617e-07,
1.586627395e-01
l,6.0,-2.0
1.971,2.631,3.351,
2.144103792e-12,9.693761019e+00
8.879917246e-09,-3.734334828e-09,-6.867446570e-08,9.781102890e-08,1.739683108e-06,6.951184997e-06,1.401108537e-05,1.422242011e-05,5.733662057e-06,
9.147006540e-10,-4.022948589e-09,2.881550570e-09,-5.636594341e-08,-1.420227828e-07,-1.102512757e-07,4.355677603e-07,1.057656072e-06,6.200376659e-07,
1.586618481e-01
l,6.0,-1.0
2.011,2.731,3.451,
1.446187293e-11,8.958635461e+00
5.173788153e-08,1.845489762e-09,9.253153962e-09,3.099781100e-06,1.599154466e-05,3.897512778e-05,5.265553004e-05,3.789537594e-05,1.133533463e-05,
5.429943573e-09,-2.392841098e-08,-3.461179809e-09,-7.665795384e-07,-4.306218259e-06,-1.429241132e-05,-2.554352974e-05,-2.274117667e-05,-8.113687157e-06,
1.586627361e-01
l,6.0,0.0
2.091,2.811,3.551,
1.100034180e-13,1.750069461e+01
3.101793880e-07,1.669821518e-08,-2.016951963e-06,-6.610220821e-06,-4.278927669e-05,-1.848050098e-04,-3.923192651e-04,-4.007366549e-04,-1.588919666e-04,
3.220653264e-08,-1.421890015e-07,5.002081019e-08,-3.076909351e-06,-1.406810429e-05,-4.117477696e-05,-6.446750614e-05,-4.721371336e-05,-1.301977297e-05,
1.586627420e-01
l,6.0,1.0
2.171,2.911,3.651,
6.222790462e-11,1.083513938e+01
1.909005050e-06,-5.440556832e-07,-1.816677309e-05,-5.084535506e-05,-1.241052929e-04,-2.906269819e-04,-4.605672194e-04,-3.987912104e-04,-1.423074714e-04,
1.908002392e-07,-8.438381634e-07,4.341000553e-07,-1.565659556e-05,-5.824330697e-05,-1.262932857e-04,-1.048683607e-04,3.250136076e-05,5.695795906e-05,
1.586007579e-01
l,6.0,2.0
2.291,2.991,3.731,
8.015058595e-10,9.496249190e+00
1.215422981e-05,-1.435468848e-06,-5.745387590e-05,3.165677294e-04,2.703728222e-03,8.517448751e-03,1.412807561e-02,1.209289302e-02,4.194231399e-03,
1.235092850e-06,-5.469617932e-06,1.248900782e-06,-1.274485230e-04,-5.660738087e-04,-1.522099147e-03,-2.092086629e-03,-1.221413903e-03,-2.040643483e-04,
1.586627477e-01
l,6.0,3.0
2.311,3.051,3.811,
2.169132000e-10,1.301837034e+01
8.064875874e-05,-1.057526062e-05,-8.744212903e-04,-3.847764239e-03,-1.437230973e-02,-3.849716927e-02,-6.166487459e-02,-5.253524066e-02,-1.832472943e-02,
7.985183245e-06,-3.540778842e-05,1.698958873e-05,-6.562409380e-04,-2.351984596e-03,-4.862693857e-03,-3.617887015e-03,1.913025147e-03,2.488009798e-03,
1.586008015e-01
l,6.0,4.0
2.371,3.111,3.871,
4.148718972e-11,1.679101935e+01
5.587004125e-04,-2.407827049e-05,-6.416557336e-03,-3.773062825e-02,-1.798940274e-01,-5.400265852e-01,-9.124537514e-01,-7.988206629e-01,-2.824143931e-01,
5.640904211e-05,-2.503784589e-04,6.725669080e-05,-5.623986692e-03,-2.414988178e-02,-6.243622973e-02,-8.019706096e-02,-3.915280204e-02,-2.242638326e-03,
1.585698382e-01
l,6.0,5.0
2.431,3.171,3.931,
2.431130426e-09,1.399413673e+01
4.074700177e-03,2.659181054e-04,-3.058823234e-02,-1.228600768e-01,-6.108802469e-01,-2.114692000e+00,-3.917905277e+00,-3.616743908e+00,-1.317951122e+00,
3.987323367e-04,-1.772420183e-03,4.874277034e-04,-4.228082572e-02,-2.005155301e-01,-5.855461243e-01,-8.952799719e-01,-6.344472188e-01,-1.660225031e-01,
1.586008278e-01
l,6.0,6.0
2.471,3.231,3.991,
2.994730794e-07,1.060591221e+01
3.070084006e-02,2.265330250e-03,-8.045862036e-02,8.306394254e-01,4.585693000e+00,1.003780067e+01,1.137940041e+01,6.499642191e+00,1.444875699e+00,
2.822630471e-03,-1.260849397e-02,2.687544484e-03,-3.104362529e-01,-1.496714395e+00,-4.521950487e+00,-7.247574663e+00,-5.584698807e+00,-1.689336713e+00,
1.583841709e-01
l,7.0,-7.0
1.831,2.511,3.211,
2.482261289e-17,1.209552799e+01
2.466491909e-13,-1.821007783e-13,-2.814277060e-12,-1.226815541e-11,-6.880114569e-11,-2.493486247e-10,-4.807560301e-10,-4.654301875e-10,-1.791919500e-10,
2.538512772e-14,-1.113161430e-13,3.810738656e-14,-2.273370116e-12,-8.818504923e-12,-1.949146255e-11,-1.669437792e-11,4.177282786e-12,8.576031937e-12,
1.586007502e-01
l,7.0,-6.0
1.931,2.631,3.331,
2.731236987e-18,1.702067961e+01
1.338017045e-12,-4.125274491e-13,-3.373976187e-12,3.160578749e-11,5.073879016e-11,-3.275449396e-10,-1.217527207e-09,-1.540048915e-09,-6.896095603e-10,
1.382396633e-13,-6.077447198e-13,-6.327756068e-14,-1.946058521e-11,-1.119106576e-10,-3.812704549e-10,-7.001063339e-10,-6.449556555e-10,-2.398704932e-10,
1.586626694e-01
l,7.0,-5.0
2.071,2.731,3.451,
1.030421488e-15,9.749047317e+00
7.360298135e-12,-3.739226275e-12,-8.661713047e-11,-2.848289172e-10,-7.194256535e-10,-1.107452652e-09,-4.156571704e-10,8.559809060e-10,7.257786150e-10,
7.515376251e-13,-3.311839382e-12,2.809777142e-12,-3.706870085e-11,-3.943066272e-11,2.173183580e-10,9.997426134e-10,1.539833934e-09,7.858477805e-10,
1.586618698e-01
l,7.0,-4.0
2.131,2.831,3.551,
7.395595055e-15,8.822180937e+00
4.058085118e-11,9.002310785e-12,6.943777226e-11,3.394350693e-09,1.913161408e-08,5.245139193e-08,7.957826222e-08,6.376856884e-08,2.104383052e-08,
4.457606300e-12,-1.967993753e-11,-4.746507158e-12,-6.475139127e-10,-3.616382755e-09,-1.189058714e-08,-2.109895352e-08,-1.860947092e-08,-6.554948654e-09,
1.586627329e-01
l,7.0,-3.0
2.271,2.951,3.671,
9.730454047e-15,1.007719257e+01
2.268285004e-10,-6.427861457e-11,-1.905493079e-09,-1.117779005e-09,1.926238519e-08,8.460630570e-08,1.704442466e-07,1.702817324e-07,6.728851522e-08,
2.418161834e-11,-1.069823091e-10,6.212178703e-11,-1.717409953e-09,-5.226450672e-09,-7.974988652e-09,1.977882207e-09,1.918926947e-08,1.333562848e-08,
1.586627395e-01
l,7.0,-2.0
2.331,3.051,3.791,
4.050939703e-14,9.992913020e+00
1.290039964e-09,1.831695835e-10,-2.505724182e-09,4.836530390e-08,2.754082124e-07,6.783700566e-07,9.079697475e-07,6.429102270e-07,1.886566456e-07,
1.310402247e-10,-5.808672065e-10,1.976747203e-10,-1.347400375e-08,-6.587472064e-08,-2.039582930e-07,-3.391990487e-07,-2.722795291e-07,-8.597413518e-08,
1.586627183e-01
l,7.0,-1.0
2.431,3.151,3.891,
6.653357069e-16,1.616989932e+01
7.499626697e-09,-1.395677153e-09,-9.285300044e-08,-5.200386061e-07,-2.426126657e-06,-7.320191180e-06,-1.257838681e-05,-1.126014998e-05,-4.082508208e-06,
7.754208263e-10,-3.442495505e-09,1.693428401e-09,-6.341651727e-08,-2.311473210e-07,-4.928700350e-07,-3.946650604e-07,1.675827384e-07,2.520759343e-07,
1.586928545e-01
l,7.0,0.0
2.551,3.251,3.991,
3.359197202e-13,1.069698316e+01
4.444236978e-08,5.781074809e-09,-3.281401611e-08,2.748536372e-06,1.751215976e-05,5.172434536e-05,8.333554419e-05,7.020988634e-05,2.415252947e-05,
4.583703584e-09,-2.037895642e-08,3.708225919e-09,-5.147403290e-07,-2.519480052e-06,-7.592969929e-06,-1.224064304e-05,-9.462616050e-06,-2.836457247e-06,
1.586618718e-01
l,7.0,1.0
2.631,3.331,4.091,
1.791504227e-12,1.049568814e+01
2.707751037e-07,7.829600534e-08,-3.041176873e-07,1.268273141e-05,7.908817268e-05,2.247613764e-04,3.507683841e-04,2.890638064e-04,9.807606524e-05,
2.707850569e-08,-1.205557694e-07,4.815031693e-08,-2.677991368e-06,-1.277684849e-05,-3.892523492e-05,-6.331916169e-05,-4.894397229e-05,-1.459622659e-05,
1.586317346e-01
l,7.0,2.0
2.671,3.411,4.171,
3.613850460e-11,9.035367401e+00
1.699042969e-06,5.290688000e-07,-5.528883036e-06,2.532365525e-05,1.704267640e-04,3.973996291e-04,4.888176451e-04,3.214722685e-04,9.024507455e-05,
1.748466037e-07,-7.792516106e-07,1.265848083e-07,-1.996641953e-05,-9.963785838e-05,-3.063688401e-04,-5.037923146e-04,-3.978955934e-04,-1.216225167e-04,
1.586627477e-01
l,7.0,3.0
2.731,3.491,4.251,
1.251824136e-12,1.401081101e+01
1.102413989e-05,1.822200077e-06,-7.865902960e-05,-3.092225781e-04,-1.413359391e-03,-4.661367401e-03,-8.365144459e-03,-7.504563080e-03,-2.657523835e-03,
1.127693614e-06,-5.030969861e-06,9.285178548e-07,-1.261320945e-04,-6.102144519e-04,-1.804942679e-03,-2.823603060e-03,-2.071157903e-03,-5.670652847e-04,
1.585698308e-01
l,7.0,4.0
2.791,3.551,4.331,
1.910902012e-10,1.066126651e+01
7.385542267e-05,3.051304353e-05,-1.657943589e-04,1.681282580e-03,1.024151616e-02,2.460063437e-02,3.107490361e-02,2.032540842e-02,5.420037264e-03,
7.276352175e-06,-3.249384972e-05,3.917895225e-06,-8.818140354e-04,-4.496782357e-03,-1.384816171e-02,-2.259764844e-02,-1.772600223e-02,-5.386611399e-03,
1.586008088e-01
l,7.0,5.0
2.871,3.611,4.391,
2.337677313e-09,9.911957975e+00
5.165422917e-04,2.174290160e-04,-4.661112951e-04,2.337518620e-02,1.472935561e-01,4.156052039e-01,6.317709407e-01,4.998968869e-01,1.613732758e-01,
5.130525382e-05,-2.292898411e-04,4.835818528e-05,-5.759134217e-03,-2.827599803e-02,-8.543518901e-02,-1.370750677e-01,-1.047624497e-01,-3.072123731e-02,
1.585698572e-01
l,7.0,6.0
2.931,3.671,4.451,
1.195746971e-08,1.007585528e+01
3.795034019e-03,7.221289191e-04,-1.719353380e-02,6.474201305e-02,6.453580221e-01,2.060670006e+00,3.373243894e+00,2.819957123e+00,9.507640669e-01,
3.619600014e-04,-1.619503824e-03,9.084550578e-04,-3.020675516e-02,-1.201627916e-01,-3.091846051e-01,-3.975493345e-01,-1.899397282e-01,-9.796433239e-03,
1.586007661e-01
l,7.0,7.0
2.971,3.731,4.511,
7.607006932e-08,1.007783097e+01
2.878478914e-02,-2.934752389e-03,-2.676835588e-01,-8.458620726e-01,-1.895182999e+00,-3.107057643e+00,-2.983559131e+00,-1.281720116e+00,-1.040811897e-01,
2.556880390e-03,-1.148459370e-02,7.987053137e-03,-1.732414495e-01,-4.795007536e-01,-6.770093862e-01,3.321792383e-01,1.829970241e+00,1.159462579e+00,
1.584460550e-01
l,8.0,-8.0
2.131,2.831,3.531,
1.076744311e-18,9.029252888e+00
6.542150871e-15,-4.469523500e-15,-7.440052244e-14,-2.962538409e-13,-1.318258753e-12,-3.998073454e-12,-6.635708722e-12,-5.572514678e-12,-1.864944047e-12,
6.737761979e-16,-2.973587579e-15,1.051207208e-15,-6.095353335e-14,-2.374791267e-13,-5.332567927e-13,-4.804992397e-13,7.426494971e-14,2.151899593e-13,
1.586317660e-01
l,8.0,-7.0
2.271,2.931,3.651,
8.297036822e-19,1.084868573e+01
3.542053939e-14,-2.027495329e-15,-5.283156725e-16,2.855670967e-12,1.781933850e-11,5.337720997e-11,8.845578583e-11,7.721078627e-11,2.762800457e-11,
3.656486752e-15,-1.617126895e-14,2.264629570e-15,-4.258100717e-13,-2.162920151e-12,-6.703634674e-12,-1.112817769e-11,-9.010526788e-12,-2.898396582e-12,
1.586627278e-01
l,8.0,-6.0
2.331,3.051,3.771,
2.366115079e-18,1.105855002e+01
1.918506044e-13,-8.290316171e-14,-2.287509191e-12,-9.267042287e-12,-3.429175467e-11,-9.216698383e-11,-1.456121355e-10,-1.207733046e-10,-4.075955006e-11,
1.981782944e-14,-8.781955407e-14,6.820070603e-14,-1.106352139e-12,-1.941300771e-12,2.406528243e-12,1.981985512e-11,3.431014786e-11,1.839068655e-11,
1.586617992e-01
l,8.0,-5.0
2.451,3.171,3.891,
1.625058442e-21,2.052294024e+01
1.045036995e-12,-2.098363492e-13,-8.197229337e-12,-3.210769517e-11,-1.992633942e-10,-7.931168568e-10,-1.608720704e-09,-1.599478993e-09,-6.231447455e-10,
1.073236065e-13,-4.764651916e-13,1.395895851e-13,-1.114230646e-11,-5.249687961e-11,-1.542557747e-10,-2.399370102e-10,-1.741082329e-10,-4.726303760e-11,
1.586928584e-01
l,8.0,-4.0
2.591,3.271,4.011,
3.056517932e-17,1.090985679e+01
5.765457122e-12,-7.405882511e-13,-4.376386141e-11,-9.959235375e-12,5.523478200e-10,2.261107933e-09,4.389723232e-09,4.272975350e-09,1.656917591e-09,
5.804351466e-13,-2.581315813e-12,1.267462628e-12,-5.080000133e-11,-2.026789887e-10,-4.878936513e-10,-5.330243145e-10,-1.138639471e-10,9.117151764e-11,
1.586627329e-01
l,8.0,-3.0
2.651,3.371,4.111,
2.734356974e-16,1.003143630e+01
3.218812022e-11,9.123798458e-12,-6.459849786e-11,1.124195629e-09,6.826843071e-09,1.779011083e-08,2.524204088e-08,1.899888916e-08,5.940753910e-09,
3.429173951e-12,-1.527104618e-11,3.176724833e-12,-3.783958910e-10,-1.872357982e-09,-5.794855822e-09,-9.679816364e-09,-7.799677971e-09,-2.450132826e-09,
1.586618693e-01
l,8.0,-2.0
2.791,3.491,4.231,
3.443395880e-16,1.114393217e+01
1.830316038e-10,-3.565701951e-12,-8.032657154e-10,5.009011977e-09,4.170184296e-08,1.302505067e-07,2.145354526e-07,1.826419169e-07,6.311010733e-08,
1.851984657e-11,-8.260169378e-11,3.029566643e-11,-1.837651892e-09,-8.203417862e-09,-2.258143183e-08,-3.188901705e-08,-1.927941351e-08,-3.504097541e-09,
1.586627439e-01
l,8.0,-1.0
2.871,3.571,4.331,
9.052197484e-16,1.153769953e+01
1.056561949e-09,3.512742197e-10,-2.379890881e-09,4.323664443e-08,3.101246370e-07,9.482862474e-07,1.552141117e-06,1.318963765e-06,4.560785325e-07,
1.092970194e-10,-4.880799159e-10,2.033273007e-10,-1.020924240e-08,-4.498233411e-08,-1.278301806e-07,-1.927347530e-07,-1.311630215e-07,-3.141337481e-08,
1.586928545e-01
l,8.0,0.0
2.931,3.671,4.431,
2.040788523e-17,1.642096405e+01
6.261820840e-09,1.239447877e-09,-5.200360936e-08,-2.515046485e-07,-1.179643819e-06,-3.744154605e-06,-6.609792661e-06,-5.944748833e-06,-2.134342819e-06,
6.445614685e-10,-2.881730987e-09,6.367673053e-10,-7.083213420e-08,-3.362869273e-07,-9.765704754e-07,-1.488041296e-06,-1.039932274e-06,-2.606225694e-07,
1.586928604e-01
l,8.0,1.0
3.031,3.771,4.531,
4.457801911e-14,1.066235029e+01
3.790160008e-08,1.758571024e-09,-2.781482916e-07,-3.678282002e-07,1.419226417e-06,6.896098969e-06,1.295977863e-05,1.175785996e-05,4.204472761e-06,
3.797805360e-09,-1.699829528e-08,9.519790583e-09,-3.067712672e-07,-1.131341011e-06,-2.593257388e-06,-2.659941995e-06,-2.713395568e-07,6.627524239e-07,
1.586317346e-01
l,8.0,2.0
3.111,3.851,4.631,
2.508169572e-13,1.050583389e+01
2.346723988e-07,5.878456000e-08,-8.596925806e-07,5.675636000e-06,4.735396257e-05,1.458576675e-04,2.342037155e-04,1.931388488e-04,6.444065901e-05,
2.237905250e-08,-1.002712786e-07,5.784588049e-08,-1.936517215e-06,-8.172941586e-06,-2.234889659e-05,-3.128250428e-05,-1.835185967e-05,-3.110602447e-06,
1.586627477e-01
l,8.0,3.0
3.191,3.931,4.711,
2.155916602e-13,1.202101654e+01
1.496419031e-06,5.415275674e-07,-2.048562998e-06,6.160129122e-05,3.972068843e-04,1.126172672e-03,1.714839898e-03,1.356917669e-03,4.372735090e-04,
1.441507241e-07,-6.464084751e-07,2.080904800e-07,-1.553918251e-05,-7.542126265e-05,-2.272882585e-04,-3.613820223e-04,-2.712670381e-04,-7.754137137e-05,
1.586627246e-01
l,8.0,4.0
3.231,4.011,4.791,
2.781096235e-12,1.125531115e+01
9.856894394e-06,2.996162705e-06,-2.134134715e-05,2.617076996e-04,1.616802817e-03,4.103437124e-03,5.559739782e-03,3.935293934e-03,1.143262795e-03,
9.282547159e-07,-4.165824660e-06,1.066529031e-06,-1.063759756e-04,-5.317261654e-04,-1.627141237e-03,-2.624572876e-03,-2.019582569e-03,-5.993238719e-04,
1.586627320e-01
l,8.0,5.0
3.331,4.071,4.851,
4.452154266e-12,1.226738337e+01
6.694407057e-05,2.289568978e-05,-1.125053537e-04,2.572004487e-03,1.722153816e-02,4.990942608e-02,7.734151458e-02,6.209183704e-02,2.025216946e-02,
6.534856263e-06,-2.934424385e-05,8.552789759e-06,-7.017740228e-04,-3.349957359e-03,-9.958211744e-03,-1.567279598e-02,-1.160333351e-02,-3.244371512e-03,
1.586007734e-01
l,8.0,6.0
3.331,4.111,4.911,
2.577892511e-14,1.803387090e+01
4.708555934e-04,1.086064034e-04,-5.333244808e-03,-3.292267658e-02,-1.414421706e-01,-3.778653452e-01,-5.775209088e-01,-4.626047345e-01,-1.506412130e-01,
4.601792563e-05,-2.067666069e-04,1.140996059e-04,-3.737090213e-03,-1.386064913e-02,-3.268443100e-02,-3.633348989e-02,-9.303079657e-03,4.851264433e-03,
1.586008205e-01
l,8.0,7.0
3.391,4.171,4.951,
1.135425854e-14,2.009851255e+01
3.479189938e-03,9.702898054e-04,-2.972836575e-02,-1.607454760e-01,-7.259899359e-01,-2.133415513e+00,-3.528273575e+00,-3.001773382e+00,-1.024305752e+00,
3.545343826e-04,-1.594221948e-03,2.740893084e-04,-3.891451076e-02,-1.780283872e-01,-5.013331433e-01,-7.432672745e-01,-5.000671593e-01,-1.171800924e-01,
1.585698409e-01
l,8.0,8.0
3.431,4.231,5.031,
2.398385642e-10,1.344395430e+01
2.645169012e-02,6.657075472e-03,-1.294584285e-01,-8.168905185e-02,4.020301271e-01,4.296215473e-01,-7.360579944e-01,-1.456094374e+00,-6.712514295e-01,
2.285777126e-03,-1.031163565e-02,4.611711174e-03,-2.229443759e-01,-9.893150294e-01,-2.807707429e+00,-4.104602458e+00,-2.695369909e+00,-6.273488819e-01,
1.585079106e-01
l,9.0,-9.0
2.431,3.131,3.851,
1.170549427e-24,1.903141945e+01
1.720767946e-16,-1.124351327e-17,-7.875714837e-16,5.251943655e-16,-4.751436936e-15,-5.823482471e-14,-1.629143875e-13,-1.902198109e-13,-8.211173286e-14,
1.773311295e-17,-7.867915408e-17,1.916419387e-18,-2.240529653e-15,-1.176581092e-14,-3.734704333e-14,-6.366282736e-14,-5.333384790e-14,-1.778686157e-14,
1.586317639e-01
l,9.0,-8.0
2.571,3.251,3.971,
1.276204360e-21,1.235656159e+01
9.196009068e-16,-1.552833165e-17,-4.101774220e-16,6.893837119e-14,4.439212180e-13,1.358508275e-12,2.289672413e-12,2.024260721e-12,7.306643344e-13,
9.597235322e-17,-4.265679932e-16,5.086238218e-17,-1.135162797e-14,-5.749556809e-14,-1.775531120e-13,-2.936441726e-13,-2.357016506e-13,-7.455210918e-14,
1.586627669e-01
l,9.0,-7.0
2.651,3.371,4.091,
3.372292275e-21,1.262462450e+01
4.946049843e-15,-1.764169412e-15,-5.826086901e-14,-2.475747110e-13,-9.422763887e-13,-2.570110292e-12,-4.122385668e-12,-3.478244811e-12,-1.195309122e-12,
5.188271708e-16,-2.309861805e-15,1.609176345e-15,-3.236868554e-14,-7.434913593e-14,-2.274095024e-14,3.502422870e-13,7.354788788e-13,4.210448454e-13,
1.586618576e-01
l,9.0,-6.0
2.791,3.471,4.211,
1.834498782e-20,1.207968229e+01
2.668469050e-14,7.320972872e-15,-1.889638142e-14,1.567216230e-12,1.000624134e-11,2.970659849e-11,4.848480244e-11,4.166625987e-11,1.469015107e-11,
2.802387838e-15,-1.249598487e-14,2.431057674e-15,-3.164288514e-13,-1.571204963e-12,-4.833685392e-12,-7.984700691e-12,-6.350969391e-12,-1.967898226e-12,
1.586617992e-01
l,9.0,-5.0
2.851,3.591,4.331,
1.481346985e-19,1.131381133e+01
1.457252965e-13,-4.660332698e-15,-1.173914339e-12,-1.981000742e-12,1.902068501e-12,1.339542612e-11,2.476162161e-11,2.152159772e-11,7.372690942e-12,
1.512746266e-14,-6.755363268e-14,2.504439994e-14,-1.437972932e-12,-5.985254084e-12,-1.506127971e-11,-1.826936401e-11,-6.980978890e-12,9.845180119e-13,
1.586928486e-01
l,9.0,-4.0
2.971,3.711,4.451,
1.337450823e-22,1.894933324e+01
8.051556926e-13,-8.063070852e-14,-8.477116020e-12,-4.465511400e-11,-2.132024804e-10,-6.600842330e-10,-1.140332534e-09,-1.011266068e-09,-3.599725448e-10,
8.156466850e-14,-3.647452685e-13,2.162817624e-13,-6.615554631e-12,-2.569645733e-11,-6.340402537e-11,-7.391049753e-11,-2.149640688e-11,9.064213579e-12,
1.586627329e-01
l,9.0,-3.0
3.111,3.811,4.551,
9.788042941e-19,1.197480090e+01
4.493763868e-12,5.981498483e-13,-2.165886038e-11,8.231408748e-11,8.190132353e-10,2.641703175e-09,4.401662643e-09,3.765711345e-09,1.303957703e-09,
4.807201392e-13,-2.152083318e-12,4.286986751e-13,-5.228906982e-11,-2.409802368e-10,-6.775873381e-10,-9.972937834e-10,-6.546355458e-10,-1.432713534e-10,
1.586618693e-01
l,9.0,-2.0
3.151,3.911,4.671,
3.768948571e-19,1.401548761e+01
2.552079034e-11,7.828518003e-12,-1.182863510e-10,4.383647155e-12,6.270039026e-10,3.306957610e-10,-2.017801053e-09,-3.352946054e-09,-1.556321413e-09,
2.589093112e-12,-1.160544270e-11,3.849341201e-12,-2.771417481e-10,-1.356686892e-09,-4.136670033e-09,-6.678360841e-09,-5.078525758e-09,-1.463149520e-09,
1.586627439e-01
l,9.0,-1.0
3.251,4.011,4.771,
3.460918104e-18,1.327067332e+01
1.475505967e-10,1.141410998e-11,-1.544120274e-09,-7.158579274e-09,-2.530628371e-08,-6.166204772e-08,-8.951986453e-08,-6.914967568e-08,-2.188910729e-08,
1.524659960e-11,-6.841031356e-11,2.923060860e-11,-1.366838252e-09,-5.322980621e-09,-1.257561900e-08,-1.370622160e-08,-2.880812093e-09,2.425699633e-09,
1.586928545e-01
l,9.0,0.0
3.371,4.111,4.871,
1.233605500e-16,1.147851085e+01
8.685865915e-10,3.171383763e-10,-1.632782314e-09,3.069258113e-08,2.010988108e-07,5.610961908e-07,8.383965772e-07,6.526037328e-07,2.076640769e-07,
8.972740125e-11,-4.029860096e-10,1.265737256e-10,-9.370176599e-09,-4.457927932e-08,-1.344660867e-07,-2.172914259e-07,-1.657530061e-07,-4.796085278e-08,
1.586928604e-01
l,9.0,1.0
3.431,4.191,4.971,
1.997608864e-16,1.231498110e+01
5.204670028e-09,2.660368651e-09,-1.431910346e-08,8.400793131e-08,5.943894707e-07,1.493710899e-06,1.943009045e-06,1.303512426e-06,3.563801133e-07,
5.277286929e-10,-2.372328132e-09,3.614997925e-10,-6.378807843e-08,-3.241182011e-07,-9.987015330e-07,-1.630940825e-06,-1.271243877e-06,-3.798820079e-07,
1.586627355e-01
l,9.0,2.0
3.511,4.291,5.071,
2.705990435e-18,1.696139531e+01
3.218048050e-08,2.078815877e-09,-3.631380225e-07,-2.009799376e-06,-8.207897731e-06,-2.152741720e-05,-3.258201130e-05,-2.589753477e-05,-8.373973996e-06,
3.103158474e-09,-1.396211108e-08,9.916613635e-09,-2.227354842e-07,-7.279497585e-07,-1.457387217e-06,-9.734443895e-07,8.696969858e-07,9.277945048e-07,
1.586627477e-01
l,9.0,3.0
3.591,4.371,5.151,
2.043043862e-14,1.113141740e+01
2.024902983e-07,2.694624497e-08,-1.875328429e-06,-7.633395218e-06,-2.251161980e-05,-4.683102591e-05,-5.925767957e-05,-4.008210278e-05,-1.106555455e-05,
1.995509402e-08,-8.984552410e-08,5.819642499e-08,-1.497607486e-06,-5.144428713e-06,-1.113141881e-05,-1.001791002e-05,1.638165288e-06,4.382971466e-06,
1.586317237e-01
l,9.0,4.0
3.651,4.431,5.231,
3.327469262e-18,1.914217367e+01
1.302277042e-06,3.575080858e-07,-1.446069466e-05,-8.948885194e-05,-3.825396570e-04,-1.018846781e-03,-1.555526524e-03,-1.245914147e-03,-4.058648212e-04,
1.283168910e-07,-5.781131514e-07,3.275719626e-07,-1.056371815e-05,-4.013815822e-05,-9.778998032e-05,-1.153801384e-04,-3.939903763e-05,8.783355775e-06,
1.586317311e-01
l,9.0,5.0
3.711,4.511,5.311,
4.575207862e-16,1.658455592e+01
8.703353160e-06,1.802583912e-06,-8.296524854e-05,-4.006405767e-04,-1.427686679e-03,-3.457937787e-03,-4.994961306e-03,-3.847074420e-03,-1.214295317e-03,
8.250827130e-07,-3.719669641e-06,2.118305979e-06,-6.910280777e-05,-2.644191372e-04,-6.408208040e-04,-7.383419448e-04,-2.335369677e-04,6.594513207e-05,
1.586627510e-01
l,9.0,6.0
3.771,4.571,5.371,
1.021333864e-18,2.243815347e+01
5.977902038e-05,1.411614250e-05,-6.390164267e-04,-3.903327617e-03,-1.680733148e-02,-4.499574760e-02,-6.865697193e-02,-5.471597176e-02,-1.767822927e-02,
5.801488195e-06,-2.616685403e-05,1.440984356e-05,-4.845004789e-04,-1.861878802e-03,-4.606327332e-03,-5.601093468e-03,-2.192535714e-03,2.233189178e-04,
1.586007661e-01
l,9.0,7.0
3.831,4.631,5.431,
1.375082806e-16,1.999962136e+01
4.260510905e-04,1.366915350e-04,-3.356611752e-03,-1.705214309e-02,-7.213750974e-02,-2.027537501e-01,-3.233007792e-01,-2.658212123e-01,-8.774785169e-02,
4.080477251e-05,-1.841362975e-04,8.609085938e-05,-3.778693738e-03,-1.618235839e-02,-4.473827971e-02,-6.435686584e-02,-4.020359693e-02,-8.010486778e-03,
1.586007572e-01
l,9.0,8.0
3.911,4.671,5.471,
5.130502708e-12,1.349925385e+01
3.131926060e-03,1.615488573e-03,-9.950345324e-03,5.394558462e-02,4.863181629e-01,1.503001398e+00,2.380658345e+00,1.921455237e+00,6.246286309e-01,
3.141040648e-04,-1.418318329e-03,2.270225032e-04,-3.610377924e-02,-1.715320512e-01,-4.995896463e-01,-7.702842705e-01,-5.548822754e-01,-1.480288290e-01,
1.585698520e-01
l,9.0,9.0
3.931,4.731,5.531,
1.599055085e-10,1.236521541e+01
2.394302934e-02,5.496271374e-03,-1.778916431e-01,-5.183022234e-01,-8.614300338e-01,-9.315490187e-01,-5.388945078e-01,-5.429158773e-02,5.958824447e-02,
2.211765353e-03,-1.001393635e-02,4.184642299e-03,-2.089278633e-01,-8.545859894e-01,-2.190701262e+00,-2.786522962e+00,-1.329383786e+00,-7.189154945e-02,
1.584460641e-01
