l,0.0,-0.0
0.111,0.791,1.471,
6.970770570e-02,1.559847790e+00
7.331059780e-03,-1.352551390e-02,2.221066437e-02,2.743645663e-01,1.633370796e+00,6.270602978e+00,1.256065128e+01,1.277920563e+01,5.282619601e+00,
1.383270068e-03,-3.916764100e-03,-6.361562434e-03,-1.598259215e-01,-9.524904495e-01,-3.077129111e+00,-5.449374122e+00,-4.999122457e+00,-1.861293917e+00,
1.587547448e-01
l,1.0,-1.0
0.351,1.071,1.791,
1.240041202e+00,8.526686250e+00
8.028381271e-04,-1.056361889e-03,4.763872594e-05,-4.070217954e-02,-4.975157307e-01,-2.074581915e+00,-4.279118907e+00,-4.378462797e+00,-1.763678209e+00,
1.357112985e-04,-3.981738268e-04,-5.992386506e-04,-1.618520428e-02,-9.905277496e-02,-3.311696361e-01,-6.060005317e-01,-5.714331128e-01,-2.174336591e-01,
1.587858016e-01
l,1.0,0.0
0.451,1.111,1.831,
2.790236443e-02,4.448695467e+00
2.907882910e-03,-4.607590483e-03,1.426657537e-02,3.723043231e-01,2.574067170e+00,9.480413946e+00,1.854632636e+01,1.819733619e+01,7.062748575e+00,
4.882596051e-04,-1.440545866e-03,-3.878415099e-04,-2.428134962e-02,-9.723311980e-02,-2.124839852e-01,-2.323360946e-01,-1.055320400e-01,-9.428276686e-03,
1.588480380e-01
l,1.0,1.0
0.451,1.171,1.931,
2.830511167e-02,3.255100126e+00
1.000261959e-02,-1.680126814e-02,-9.357347350e-03,4.401876472e-01,3.015140901e+00,1.103769836e+01,2.082590125e+01,1.916973033e+01,6.869099282e+00,
1.471354139e-03,-4.398676058e-03,-3.052906649e-03,-1.067571190e-01,-4.949979479e-01,-1.245682158e+00,-1.646942445e+00,-1.065901885e+00,-2.637265421e-01,
1.587857944e-01
l,2.0,-2.0
0.691,1.471,2.251,
9.037934310e-05,5.816712560e+00
5.999792847e-05,-8.021648105e-05,-2.996526482e-04,-2.489711991e-03,-1.876556446e-02,-5.980588238e-02,-9.636477330e-02,-7.860663467e-02,-2.582659242e-02,
8.471526033e-06,-2.580845511e-05,-2.068716615e-05,-7.201472781e-04,-3.735946565e-03,-1.077332873e-02,-1.692315305e-02,-1.365051096e-02,-4.467168571e-03,
1.587857794e-01
l,2.0,-1.0
0.751,1.531,2.311,
4.073293586e-04,8.435361467e+00
2.015733044e-04,-2.241680893e-04,-2.316787889e-04,-2.383197488e-03,-4.504657174e-02,-1.844477682e-01,-3.437955271e-01,-3.116648263e-01,-1.111760794e-01,
2.851088505e-05,-8.719245958e-05,-6.811410852e-05,-2.526395659e-03,-1.385149633e-02,-4.236497077e-02,-7.072697377e-02,-6.067040588e-02,-2.106536203e-02,
1.588480698e-01
l,2.0,0.0
0.831,1.571,2.351,
3.451628331e-04,5.289277097e+00
6.904287147e-04,-7.617800550e-04,4.073839187e-04,4.610026000e-02,2.697311012e-01,8.426962013e-01,1.454063883e+00,1.282472601e+00,4.505719099e-01,
1.019292148e-04,-3.125415084e-04,-1.110413844e-04,-5.750172141e-03,-2.311693028e-02,-5.205161018e-02,-6.182981254e-02,-3.506491429e-02,-7.468328410e-03,
1.588480380e-01
l,2.0,1.0
0.891,1.631,2.411,
7.928605370e-04,5.164765262e+00
2.313049976e-03,-2.745393598e-03,-1.156711533e-02,1.929870092e-02,2.242764563e-01,9.670610479e-01,2.073235972e+00,2.109777767e+00,8.175261005e-01,
3.427239221e-04,-1.055252636e-03,-4.122742070e-04,-1.944804141e-02,-7.340366150e-02,-1.441991294e-01,-1.251946258e-01,-1.929758060e-02,1.832404022e-02,
1.588480627e-01
l,2.0,2.0
0.951,1.711,2.511,
1.884313315e-03,5.273958718e+00
7.523945998e-03,-8.187048048e-03,3.696869375e-03,4.662397890e-01,2.584635069e+00,7.660664514e+00,1.266617855e+01,1.078252622e+01,3.671700436e+00,
1.018640227e-03,-3.159136515e-03,-1.242180808e-03,-6.573129730e-02,-2.936036256e-01,-7.403947695e-01,-1.005643332e+00,-6.902157719e-01,-1.928765633e-01,
1.588170515e-01
l,3.0,-3.0
1.131,1.891,2.711,
3.500858216e-07,6.049375165e+00
3.839783858e-06,-3.625084555e-06,1.058151303e-06,2.247185755e-04,1.245492405e-03,3.647914472e-03,5.965412801e-03,5.038478122e-03,1.706614581e-03,
5.069538320e-07,-1.582605955e-06,-9.495099118e-07,-3.768995232e-05,-1.734788441e-04,-4.437924162e-04,-6.111086582e-04,-4.261512621e-04,-1.206260762e-04,
1.587857698e-01
l,3.0,-2.0
1.171,1.951,2.771,
9.777352190e-07,5.309284473e+00
1.258827979e-05,-1.209943650e-05,-6.259969273e-05,1.760645605e-07,1.846569981e-04,7.329933280e-04,1.735256813e-03,1.889132807e-03,7.498551769e-04,
1.698548806e-06,-5.316103467e-06,-3.103871376e-06,-1.214205756e-04,-5.328365338e-04,-1.280695271e-03,-1.614845188e-03,-9.849275956e-04,-2.291038352e-04,
1.588480477e-01
l,3.0,-1.0
1.231,2.031,2.851,
2.303570803e-06,5.503433769e+00
4.037675899e-05,-3.630726947e-05,-4.089399184e-05,1.685936339e-03,8.848262968e-03,2.373701447e-02,3.572224816e-02,2.794701179e-02,8.807274051e-03,
5.340151761e-06,-1.676778577e-05,-8.643948119e-06,-3.833498751e-04,-1.740995042e-03,-4.398103681e-03,-5.951659159e-03,-4.043199676e-03,-1.106797585e-03,
1.588480698e-01
l,3.0,0.0
1.271,2.091,2.911,
4.172033647e-06,6.809607764e+00
1.321541931e-04,-1.197688696e-04,-7.623022831e-04,-1.400040565e-03,-6.212984284e-03,-1.808974644e-02,-2.589005409e-02,-1.842686884e-02,-5.326145398e-03,
1.786657491e-05,-5.623091407e-05,-2.753511055e-05,-1.230643879e-03,-5.359310019e-03,-1.281865644e-02,-1.602548048e-02,-9.589460358e-03,-2.151666436e-03,
1.588480380e-01
l,3.0,1.0
1.331,2.151,2.971,
5.999081422e-06,8.518145211e+00
4.319928121e-04,-3.393578879e-04,-3.229269504e-03,-1.684024989e-02,-9.481974659e-02,-2.828887884e-01,-4.372299046e-01,-3.401470223e-01,-1.058465799e-01,
5.975457591e-05,-1.884966142e-04,-9.479272395e-05,-4.130350210e-03,-1.823574416e-02,-4.501110387e-02,-5.928500888e-02,-3.841513053e-02,-9.744249219e-03,
1.588480627e-01
l,3.0,2.0
1.391,2.211,3.051,
1.569651162e-05,8.001074529e+00
1.409703982e-03,-8.042740378e-04,-7.364362137e-03,-3.202438061e-02,-2.274672053e-01,-7.689912673e-01,-1.266149296e+00,-1.019911912e+00,-3.235528984e-01,
1.875944712e-04,-5.935954326e-04,-1.109931173e-04,-1.096130620e-02,-4.921374634e-02,-1.298046230e-01,-1.870380520e-01,-1.360936419e-01,-4.007067067e-02,
1.588791137e-01
l,3.0,3.0
1.471,2.291,3.131,
8.193568822e-05,5.758830479e+00
4.540021066e-03,-2.638803773e-03,-8.636903157e-03,1.170568367e-01,5.687747093e-01,1.351844637e+00,1.870231822e+00,1.394529265e+00,4.280602361e-01,
5.886176868e-04,-1.869098325e-03,-1.712499599e-04,-3.219317800e-02,-1.420606232e-01,-3.773030439e-01,-5.533460775e-01,-4.135571495e-01,-1.262361127e-01,
1.588480471e-01
l,4.0,-4.0
1.511,2.351,3.191,
3.291399242e-09,5.702059161e+00
2.184350052e-07,-1.528959713e-07,-5.578058601e-07,1.918242038e-06,3.003821019e-06,-5.207544549e-06,-1.367886893e-05,-9.765673875e-06,-2.144064337e-06,
2.765083999e-08,-8.785438644e-08,1.109526074e-09,-1.273571555e-06,-4.720426791e-06,-1.058849994e-05,-1.303657619e-05,-8.057539296e-06,-2.076432958e-06,
1.587857789e-01
l,4.0,-3.0
1.611,2.411,3.251,
4.568957960e-09,6.959938845e+00
7.045088068e-07,-3.809738127e-07,-1.333144789e-06,1.452380907e-05,6.565368071e-05,1.522295893e-04,2.181095372e-04,1.730657476e-04,5.671744593e-05,
9.230607119e-08,-2.938158976e-07,-3.498630273e-08,-4.852230237e-06,-2.001476777e-05,-5.027566199e-05,-7.073626989e-05,-5.116704314e-05,-1.531550014e-05,
1.587859881e-01
l,4.0,-2.0
1.651,2.471,3.331,
1.472030542e-08,6.408717955e+00
2.264785053e-06,-1.029175513e-06,-5.380966201e-06,4.778675161e-05,2.488624416e-04,6.046421226e-04,8.458071431e-04,6.350788057e-04,1.959609196e-04,
2.891140271e-07,-9.224039265e-07,-1.621259011e-07,-1.632097472e-05,-6.910984258e-05,-1.745231614e-04,-2.428390867e-04,-1.712551121e-04,-4.917882101e-05,
1.588480477e-01
l,4.0,-1.0
1.691,2.551,3.411,
3.247821422e-08,6.644710879e+00
7.192004887e-06,-3.068265216e-06,-1.351572409e-05,1.354266278e-04,5.582763397e-04,1.050292326e-03,1.155641240e-03,7.114954324e-04,1.874505092e-04,
9.046664746e-07,-2.892666687e-06,-5.310526687e-07,-5.342494555e-05,-2.337792304e-04,-6.052689879e-04,-8.619152376e-04,-6.248817062e-04,-1.850011145e-04,
1.588480698e-01
l,4.0,0.0
1.791,2.611,3.491,
6.027527820e-08,7.108546920e+00
2.310453965e-05,-8.198360101e-06,-5.187551276e-05,5.046711599e-04,2.649213446e-03,6.360618787e-03,8.681801776e-03,6.353790627e-03,1.917963847e-03,
2.829239600e-06,-9.065521486e-06,-1.241157456e-06,-1.664659822e-04,-7.327781774e-04,-1.887432309e-03,-2.635369494e-03,-1.847563856e-03,-5.226850951e-04,
1.588480380e-01
l,4.0,1.0
1.831,2.691,3.551,
2.791511875e-07,6.114046372e+00
7.358013681e-05,-2.605797989e-05,-1.478522722e-04,1.406260813e-03,6.436821280e-03,1.345308318e-02,1.630498069e-02,1.087980853e-02,3.060376264e-03,
9.429886774e-06,-3.026150674e-05,-5.842121454e-06,-5.602485357e-04,-2.441858755e-03,-6.295436648e-03,-8.925575457e-03,-6.418062438e-03,-1.877418204e-03,
1.588480627e-01
l,4.0,2.0
1.931,2.751,3.631,
3.210576613e-07,7.327428188e+00
2.366980043e-04,-6.999250566e-05,-5.866600194e-04,4.779288552e-03,2.649940362e-02,6.496951917e-02,8.953874194e-02,6.584415428e-02,1.993425362e-02,
2.946515635e-05,-9.474316554e-05,-1.222882317e-05,-1.718452449e-03,-7.472007431e-03,-1.903086359e-02,-2.625413624e-02,-1.809080795e-02,-5.007188543e-03,
1.588480887e-01
l,4.0,3.0
1.991,2.811,3.691,
7.335065214e-07,7.462820961e+00
7.603102713e-04,-2.033014123e-04,-2.909813921e-03,6.927459972e-03,5.030275061e-02,1.240040915e-01,1.695596257e-01,1.250505743e-01,3.830735153e-02,
9.815402040e-05,-3.160867256e-04,-2.344012441e-05,-5.091783184e-03,-1.982610031e-02,-4.539448666e-02,-5.549251504e-02,-3.220806418e-02,-7.023668933e-03,
1.588480471e-01
l,4.0,4.0
2.071,2.891,3.771,
1.694978466e-06,7.564101630e+00
2.432496985e-03,-6.033716522e-04,-6.552928531e-03,4.489386921e-02,2.610008496e-01,6.483006418e-01,8.977237925e-01,6.615761175e-01,2.005908641e-01,
3.065361588e-04,-9.892728442e-04,-1.476359078e-04,-1.799567715e-02,-7.730388115e-02,-1.945077566e-01,-2.649224233e-01,-1.793706345e-01,-4.853910345e-02,
1.588480269e-01
l,5.0,-5.0
1.951,2.811,3.671,
2.592948023e-12,9.817561533e+00
1.180498010e-08,-4.971152704e-09,-2.372920347e-08,1.577474274e-07,4.489014169e-07,2.303390333e-07,-5.303791741e-07,-7.968181780e-07,-3.215583053e-07,
1.474039613e-09,-4.743832662e-09,-8.983795008e-10,-8.733632862e-08,-3.747190934e-07,-9.473053001e-07,-1.312334606e-06,-9.222772020e-07,-2.648806203e-07,
1.587858424e-01
l,5.0,-4.0
2.011,2.871,3.751,
4.604850015e-11,6.879961806e+00
3.759446088e-08,-1.050358705e-08,-6.841187486e-08,7.493199761e-07,3.418678605e-06,7.129729126e-06,8.560325697e-06,5.634243125e-06,1.561625392e-06,
4.602395741e-09,-1.483841360e-08,-2.362571705e-09,-2.767024887e-07,-1.225527357e-06,-3.185770522e-06,-4.506474369e-06,-3.213221997e-06,-9.271389520e-07,
1.587859971e-01
l,5.0,-3.0
2.071,2.951,3.831,
6.668134962e-11,7.630546486e+00
1.183571996e-07,-3.604370512e-08,-2.622504371e-07,1.572507566e-06,6.056008751e-06,8.985383885e-06,6.860860603e-06,2.623720079e-06,3.837975915e-07,
1.436630920e-08,-4.639786518e-08,1.171347464e-10,-7.478368089e-07,-3.093548691e-06,-7.685829579e-06,-1.041568322e-05,-7.077619374e-06,-1.954192346e-06,
1.588170009e-01
l,5.0,-2.0
2.151,3.031,3.911,
9.702891945e-12,1.133239871e+01
3.726840134e-07,-1.411103573e-07,-1.211907333e-06,9.025684523e-07,-2.610360507e-06,-3.324832168e-05,-7.280553947e-05,-6.563264399e-05,-2.190626782e-05,
4.482470958e-08,-1.450065762e-07,2.591529989e-08,-1.902472457e-06,-6.776920043e-06,-1.472303938e-05,-1.697791306e-05,-9.099530374e-06,-1.824549784e-06,
1.588480477e-01
l,5.0,-1.0
2.231,3.091,3.971,
4.344901412e-10,7.553675619e+00
1.185610017e-06,-2.201231043e-07,-2.511018867e-06,1.763226329e-05,7.981488710e-05,1.545206576e-04,1.722735051e-04,1.078258981e-04,2.919092053e-05,
1.491285637e-07,-4.830026013e-07,-5.713284419e-08,-8.438279152e-06,-3.562637022e-05,-8.931883333e-05,-1.223247270e-04,-8.393684642e-05,-2.324870218e-05,
1.588480698e-01
l,5.0,0.0
2.291,3.171,4.051,
9.013573848e-11,1.057443272e+01
3.741140063e-06,-9.754744805e-07,-1.169061963e-05,1.429151232e-05,2.580607997e-05,-1.577642147e-04,-4.465058156e-04,-4.333344936e-04,-1.493075252e-04,
4.648733816e-07,-1.507960182e-06,1.241783014e-07,-2.152219066e-05,-8.015581368e-05,-1.808381786e-04,-2.198354289e-04,-1.280008619e-04,-2.891001195e-05,
1.588480380e-01
l,5.0,1.0
2.371,3.231,4.131,
2.650542698e-09,7.605772689e+00
1.190879993e-05,-1.451116179e-06,-3.334770063e-05,1.168000623e-04,6.451968003e-04,1.360215652e-03,1.642346480e-03,1.107255496e-03,3.189709768e-04,
1.448571857e-06,-4.705821952e-06,4.889562281e-07,-6.767312122e-05,-2.593158824e-04,-6.092313624e-04,-7.789998177e-04,-4.871089068e-04,-1.210379914e-04,
1.588480627e-01
l,5.0,2.0
2.451,3.291,4.191,
2.491203298e-09,8.703089882e+00
3.787774040e-05,-7.196442697e-07,-9.995420379e-05,5.665764797e-04,3.598264388e-03,9.269589376e-03,1.308402250e-02,9.715036492e-03,2.943222378e-03,
4.815439277e-06,-1.566018035e-05,-1.332596190e-06,-2.645410969e-04,-1.095307150e-03,-2.703570441e-03,-3.628542214e-03,-2.403022138e-03,-6.309543124e-04,
1.588480887e-01
l,5.0,3.0
2.511,3.371,4.271,
1.793124340e-08,7.571683793e+00
1.202268977e-04,-5.354632732e-06,-3.324387102e-04,1.264723252e-03,7.638178094e-03,1.774609068e-02,2.318497774e-02,1.644564966e-02,4.868324804e-03,
1.499859854e-05,-4.884441275e-05,1.182625560e-06,-7.470442170e-04,-2.927405782e-03,-6.967541149e-03,-9.042272024e-03,-5.752338455e-03,-1.449050756e-03,
1.588790721e-01
l,5.0,4.0
2.591,3.431,4.331,
1.228225699e-08,8.959430414e+00
3.829241905e-04,1.679675431e-05,-1.044963944e-03,5.325482034e-03,3.571269019e-02,9.358911240e-02,1.328480460e-01,9.868135733e-02,2.984377548e-02,
4.982845550e-05,-1.624416499e-04,-2.231640040e-05,-2.837115371e-03,-1.182202062e-02,-2.919621321e-02,-3.919944478e-02,-2.591183971e-02,-6.756117971e-03,
1.588480269e-01
l,5.0,5.0
2.671,3.511,4.411,
3.366903240e-08,8.878235721e+00
1.217911951e-03,2.233120460e-05,-3.369395249e-03,1.315470771e-02,8.499056659e-02,2.087257813e-01,2.835009671e-01,2.057052640e-01,6.159288573e-02,
1.550967536e-04,-5.063482793e-04,-8.185613706e-06,-8.008473166e-03,-3.186095896e-02,-7.659813127e-02,-1.004679903e-01,-6.458697952e-02,-1.637718947e-02,
1.588480413e-01
l,6.0,-6.0
2.391,3.271,4.171,
6.388876594e-14,8.310162056e+00
6.131439800e-10,-1.263110678e-10,-1.761264329e-09,5.066914052e-09,2.343131447e-08,3.591341660e-08,2.802256689e-08,1.131007270e-08,1.922443095e-09,
7.238920966e-11,-2.353306496e-10,2.928347226e-11,-3.298581808e-09,-1.231786490e-08,-2.830142191e-08,-3.527806352e-08,-2.143528336e-08,-5.188790727e-09,
1.588170070e-01
l,6.0,-5.0
2.471,3.351,4.251,
6.122287267e-15,1.190787579e+01
1.920106962e-09,-4.723029900e-10,-6.637708777e-09,2.114536177e-09,-6.834129571e-09,-1.266870989e-07,-2.903922068e-07,-2.664477689e-07,-8.968111413e-08,
2.254869940e-10,-7.340548099e-10,1.263982280e-10,-9.601357106e-09,-3.301299080e-08,-6.887637907e-08,-7.515058588e-08,-3.637732400e-08,-5.900216637e-09,
1.588481106e-01
l,6.0,-4.0
2.551,3.411,4.311,
3.688544303e-13,8.374175322e+00
6.050275836e-09,-4.179067182e-10,-1.714813351e-08,5.274171011e-08,2.958828316e-07,6.014232755e-07,6.911787579e-07,4.449326293e-07,1.236907115e-07,
7.491254042e-10,-2.441170280e-09,1.618233757e-11,-3.723415160e-08,-1.434736395e-07,-3.357685749e-07,-4.285066504e-07,-2.676932721e-07,-6.620364258e-08,
1.588170100e-01
l,6.0,-3.0
2.611,3.491,4.391,
6.505058117e-14,1.114376630e+01
1.895329049e-08,-2.053500709e-09,-6.465838443e-08,2.358414535e-08,9.023171181e-08,-6.055643739e-07,-1.749660909e-06,-1.713317540e-06,-5.924749673e-07,
2.331586952e-09,-7.607781579e-09,5.875515186e-10,-1.069807927e-07,-3.820241502e-07,-8.245771810e-07,-9.500031101e-07,-5.059778460e-07,-9.776768173e-08,
1.588170009e-01
l,6.0,-2.0
2.671,3.571,4.471,
2.093146270e-13,1.082355614e+01
5.942492010e-08,-9.698922089e-09,-2.263208119e-07,-4.510772898e-08,-5.720028575e-08,-2.349101164e-06,-5.572512223e-06,-5.042615538e-06,-1.647110363e-06,
7.255857876e-09,-2.370485096e-08,1.944906072e-09,-3.307366369e-07,-1.146575027e-06,-2.350221357e-06,-2.476209529e-06,-1.091244762e-06,-1.239159168e-07,
1.588480477e-01
l,6.0,-1.0
2.751,3.651,4.551,
2.083355810e-13,1.167814251e+01
1.865683004e-07,-3.959769890e-08,-7.541490362e-07,-1.926906279e-07,5.513555034e-08,-6.768518382e-06,-1.731727963e-05,-1.636256217e-05,-5.527767272e-06,
2.256850043e-08,-7.381991046e-08,5.303948730e-09,-1.067513017e-06,-3.825939198e-06,-8.056866615e-06,-8.713762120e-06,-4.023507142e-06,-5.246213975e-07,
1.588480698e-01
l,6.0,0.0
2.811,3.711,4.631,
2.204715777e-12,1.022601482e+01
5.880409049e-07,-1.534651295e-08,-2.004463354e-06,8.650081626e-07,7.251063325e-06,-3.513559333e-07,-2.084614213e-05,-2.418092686e-05,-8.627658950e-06,
7.017497886e-08,-2.298036002e-07,2.088123358e-08,-3.363694223e-06,-1.246197825e-05,-2.743554232e-05,-3.175009044e-05,-1.687570977e-05,-3.209765689e-06,
1.588480380e-01
l,6.0,1.0
2.891,3.791,4.711,
1.221844798e-12,1.162470272e+01
1.851271008e-06,-1.771095303e-07,-7.286994377e-06,-2.732496855e-06,1.374000709e-06,-5.625142909e-05,-1.494052096e-04,-1.428488921e-04,-4.846384076e-05,
2.181385728e-07,-7.151433947e-07,1.285119689e-07,-9.702051695e-06,-3.454984202e-05,-7.319518012e-05,-7.940025295e-05,-3.663976045e-05,-4.819378147e-06,
1.588480627e-01
l,6.0,2.0
2.951,3.851,4.771,
1.866621938e-11,9.914578356e+00
5.842468909e-06,4.567425940e-07,-1.937038513e-05,7.598786757e-06,8.918527385e-05,8.151128486e-05,-5.282468800e-05,-1.125964415e-04,-4.533152687e-05,
7.238695155e-07,-2.375060883e-06,-1.843818374e-08,-3.718447653e-05,-1.412304245e-04,-3.171835424e-04,-3.791290990e-04,-2.128217010e-04,-4.425855146e-05,
1.588480887e-01
l,6.0,3.0
3.031,3.931,4.851,
7.359397904e-12,1.158245263e+01
1.845231964e-05,7.861730263e-09,-7.147119846e-05,-4.098194008e-05,-8.847036681e-06,-5.267554502e-04,-1.358052954e-03,-1.287472321e-03,-4.343023662e-04,
2.249026569e-06,-7.386985391e-06,6.869946557e-07,-1.068439135e-04,-3.903398317e-04,-8.446461140e-04,-9.519232028e-04,-4.758725566e-04,-7.732901972e-05,
1.588480471e-01
l,6.0,4.0
3.091,4.011,4.931,
1.178504007e-10,9.915161267e+00
5.839169899e-05,-4.016031258e-06,-2.411405866e-04,-6.506570411e-05,7.711583607e-04,1.174457753e-03,4.742685324e-04,-1.951810146e-04,-1.460783825e-04,
6.985731433e-06,-2.296832368e-05,4.261192428e-06,-3.091524725e-04,-1.099262064e-03,-2.338302225e-03,-2.553954129e-03,-1.179813723e-03,-1.505113948e-04,
1.588480269e-01
l,6.0,5.0
3.171,4.071,4.991,
4.869837441e-11,1.148854011e+01
1.848126994e-04,1.532876869e-05,-6.994487015e-04,-4.702675650e-04,-3.751485027e-06,-4.241563618e-03,-1.138825610e-02,-1.090912025e-02,-3.687028944e-03,
2.316884898e-05,-7.623477770e-05,1.684277135e-06,-1.160385746e-03,-4.327145457e-03,-9.527971988e-03,-1.105846584e-02,-5.846020995e-03,-1.069907640e-03,
1.588480413e-01
l,6.0,6.0
3.231,4.151,5.071,
4.032686932e-10,1.045740772e+01
5.857974174e-04,3.695852102e-06,-2.414471780e-03,-1.380780795e-03,4.778966878e-03,5.424595632e-03,-3.239467745e-03,-7.388112126e-03,-2.989025661e-03,
7.193634078e-05,-2.369417954e-04,2.889296389e-05,-3.343866943e-03,-1.209757189e-02,-2.605627676e-02,-2.912493913e-02,-1.414267409e-02,-2.081752841e-03,
1.588480598e-01
l,7.0,-7.0
2.851,3.751,4.651,
2.022747714e-17,1.174339032e+01
3.072343074e-11,-5.060488953e-12,-1.176357850e-10,-2.025780617e-11,-3.403182536e-12,-1.150780740e-09,-2.813181934e-09,-2.577544821e-09,-8.488123338e-10,
3.740443859e-12,-1.225238859e-11,6.082244120e-13,-1.754089243e-10,-6.130789878e-10,-1.264850577e-09,-1.345774566e-09,-6.073990644e-10,-7.519209827e-11,
1.588170299e-01
l,7.0,-6.0
2.931,3.831,4.731,
2.327537224e-17,1.239858221e+01
9.590814948e-11,-1.902893159e-11,-3.864747202e-10,-6.099300284e-11,3.359475753e-10,-2.529199676e-09,-7.468350145e-09,-7.347514128e-09,-2.530457825e-09,
1.162629633e-11,-3.812595889e-11,1.031286851e-12,-5.706693012e-10,-2.072860639e-09,-4.419911170e-09,-4.877865423e-09,-2.355659157e-09,-3.512486955e-10,
1.588170070e-01
l,7.0,-5.0
2.991,3.891,4.811,
2.216561286e-16,1.111481195e+01
2.999925863e-10,-1.854361213e-13,-1.035405232e-09,3.192955652e-10,3.438229665e-09,-5.504676672e-10,-1.114817551e-08,-1.282529078e-08,-4.590827714e-09,
3.613437475e-11,-1.186219798e-10,2.393114309e-12,-1.815431396e-09,-6.777064934e-09,-1.495691965e-08,-1.740819644e-08,-9.364789021e-09,-1.816594756e-09,
1.588481106e-01
l,7.0,-4.0
3.071,3.971,4.891,
1.270960882e-16,1.239003437e+01
9.366754039e-10,-4.818089096e-11,-3.713063820e-09,-1.660613525e-09,1.438080737e-09,-2.366583436e-08,-6.702770453e-08,-6.554923876e-08,-2.251786803e-08,
1.122520751e-10,-3.688829185e-10,3.268533354e-11,-5.327171723e-09,-1.930560602e-08,-4.139860440e-08,-4.597652326e-08,-2.239158116e-08,-3.426308403e-09,
1.588480471e-01
l,7.0,-3.0
3.151,4.051,4.971,
3.460207282e-16,1.225637920e+01
2.927365905e-09,-2.508593548e-10,-1.229698599e-08,-4.778514149e-09,2.485764434e-08,2.087892218e-09,-8.710827476e-08,-1.118786126e-07,-4.303628731e-08,
3.486193385e-10,-1.146780436e-09,1.581829192e-10,-1.594130459e-08,-5.721880031e-08,-1.227505278e-07,-1.361566095e-07,-6.546483550e-08,-9.537907285e-09,
1.588480381e-01
l,7.0,-2.0
3.211,4.131,5.051,
3.299724688e-14,9.094938127e+00
9.157450798e-09,-8.421841391e-10,-3.663810423e-08,1.747747287e-08,2.917787200e-07,6.726266061e-07,7.895588565e-07,4.912775589e-07,1.278547565e-07,
1.082422491e-09,-3.564068632e-09,5.501187263e-10,-4.947314860e-08,-1.806599311e-07,-3.999032496e-07,-4.653842535e-07,-2.452680949e-07,-4.476243433e-08,
1.588480477e-01
l,7.0,-1.0
3.291,4.191,5.111,
1.260010245e-15,1.262906818e+01
2.863009030e-08,1.105604846e-09,-1.204297510e-07,-1.028283076e-07,3.451123689e-08,-3.957171370e-07,-1.345002457e-06,-1.412705531e-06,-5.063315351e-07,
3.588860115e-09,-1.182530160e-08,4.200600902e-11,-1.796454616e-07,-6.637919402e-07,-1.451279070e-06,-1.668895769e-06,-8.641019194e-07,-1.497016961e-07,
1.588480698e-01
l,7.0,0.0
3.351,4.271,5.191,
1.382731703e-13,9.468216279e+00
8.976711996e-08,1.821435831e-09,-3.661006182e-07,-2.371422400e-08,2.169603033e-06,5.239074785e-06,6.142899059e-06,3.781953072e-06,9.741441967e-07,
1.113815603e-08,-3.673383285e-08,1.269870457e-09,-5.503578145e-07,-2.050824309e-06,-4.576288818e-06,-5.418440344e-06,-2.947488505e-06,-5.660301528e-07,
1.588480380e-01
l,7.0,1.0
3.431,4.351,5.271,
5.544900288e-13,9.110263697e+00
2.817884877e-07,7.123719635e-09,-1.048921446e-06,7.349248029e-07,1.042413798e-05,2.549382783e-05,3.168637526e-05,2.056679212e-05,5.497374752e-06,
3.455946941e-08,-1.140787807e-07,4.392518935e-09,-1.733513210e-06,-6.605633291e-06,-1.519748061e-05,-1.876492539e-05,-1.096049572e-05,-2.399610958e-06,
1.588480627e-01
l,7.0,2.0
3.491,4.411,5.351,
3.542515062e-13,1.022893818e+01
8.830946854e-07,9.282885333e-08,-3.861573141e-06,-3.752562584e-06,7.274727223e-06,2.081618099e-05,2.206128755e-05,1.174522065e-05,2.647061731e-06,
1.072064243e-07,-3.541862239e-07,3.919218381e-08,-4.983706463e-06,-1.772841083e-05,-3.785364578e-05,-4.219760213e-05,-2.051532680e-05,-3.056992467e-06,
1.588480887e-01
l,7.0,3.0
3.571,4.491,5.431,
2.535621121e-12,9.422982696e+00
2.781320973e-06,3.009721520e-07,-1.077754202e-05,7.294864215e-07,7.983500350e-05,2.063417735e-04,2.600411279e-04,1.695826205e-04,4.544378915e-05,
3.324885387e-07,-1.099383894e-06,8.360009066e-08,-1.656808815e-05,-6.277567958e-05,-1.426728477e-04,-1.721398304e-04,-9.687652742e-05,-1.998784090e-05,
1.588480471e-01
l,7.0,4.0
3.651,4.571,5.511,
3.586942249e-12,9.890660727e+00
8.767750842e-06,1.034583178e-06,-2.884704050e-05,3.877921291e-05,3.934396438e-04,9.810799944e-04,1.264802955e-03,8.491298912e-04,2.330901725e-04,
1.030953976e-06,-3.411640474e-06,2.482058223e-07,-5.329501300e-05,-2.100852052e-04,-4.957463499e-04,-6.241891114e-04,-3.756419441e-04,-8.653337610e-05,
1.588480269e-01
l,7.0,5.0
3.711,4.631,5.571,
1.062856177e-11,9.799634255e+00
2.757848051e-05,4.914344219e-06,-1.097484834e-04,-4.772759230e-05,5.803234858e-04,1.603879956e-03,2.042118885e-03,1.332676387e-03,3.570508862e-04,
3.414871597e-06,-1.130722377e-05,8.825740902e-08,-1.765153933e-04,-6.710628637e-04,-1.522910029e-03,-1.843542004e-03,-1.042949809e-03,-2.155914554e-04,
1.588480413e-01
l,7.0,6.0
3.791,4.711,5.651,
3.551948094e-11,9.620712469e+00
8.719332982e-05,1.594731527e-05,-2.977363406e-04,2.147419826e-04,3.231742713e-03,8.157932244e-03,1.034456140e-02,6.787686042e-03,1.822598197e-03,
1.058477730e-05,-3.507519820e-05,3.215738126e-07,-5.669453217e-04,-2.243624528e-03,-5.290262117e-03,-6.678826919e-03,-4.032704470e-03,-9.284868573e-04,
1.588480598e-01
l,7.0,7.0
3.871,4.791,5.731,
2.915658217e-11,1.047969526e+01
2.755717142e-04,4.877165677e-05,-8.396572665e-04,1.187397694e-03,1.123934295e-02,2.678769216e-02,3.314363814e-02,2.150398359e-02,5.746789603e-03,
3.280906175e-05,-1.088045163e-04,4.577960478e-06,-1.744043070e-03,-6.951651586e-03,-1.654454332e-02,-2.107225349e-02,-1.289597524e-02,-3.038844455e-03,
1.588790628e-01
l,8.0,-8.0
3.331,4.231,5.151,
4.778082648e-20,1.278267234e+01
1.512048950e-12,-1.357005700e-13,-6.297622362e-12,-1.511483903e-12,1.827495388e-11,1.653528710e-11,-2.173863594e-11,-4.014484595e-11,-1.691409841e-11,
1.790510118e-13,-5.902454999e-13,6.487932189e-14,-8.390342868e-12,-3.030307315e-11,-6.539081036e-11,-7.324932921e-11,-3.605539598e-11,-5.622651201e-12,
1.588480370e-01
l,8.0,-7.0
3.391,4.311,5.231,
5.113724336e-18,9.664319344e+00
4.708308830e-12,-3.999822440e-13,-1.871588927e-11,9.665456857e-12,1.534516554e-10,3.554101066e-10,4.198070716e-10,2.624633418e-10,6.848589851e-11,
5.554078462e-13,-1.832562893e-12,2.858103046e-13,-2.549194812e-11,-9.337539900e-11,-2.076798066e-10,-2.433566329e-10,-1.298060324e-10,-2.428014405e-11,
1.587860011e-01
l,8.0,-6.0
3.471,4.391,5.311,
1.369951469e-17,9.622889751e+00
1.465839082e-11,-8.312436443e-13,-5.245830303e-11,6.595171932e-11,6.201434657e-10,1.443430938e-09,1.753665044e-09,1.122579832e-09,2.970746397e-10,
1.723455561e-12,-5.691488014e-12,6.703163800e-13,-8.273416129e-11,-3.125227593e-10,-7.193257251e-10,-8.857903893e-10,-5.163020042e-10,-1.138145278e-10,
1.588170070e-01
l,8.0,-5.0
3.551,4.471,5.391,
1.388977224e-17,1.035239153e+01
4.562073982e-11,-1.247222854e-12,-1.457751771e-10,2.629689025e-10,1.973527367e-09,4.333258603e-09,5.041245904e-09,3.111707170e-09,7.979585360e-10,
5.345705189e-12,-1.766843317e-11,1.723745322e-12,-2.642988774e-10,-1.015936458e-09,-2.373843984e-09,-2.982907411e-09,-1.800590026e-09,-4.203751237e-10,
1.588170735e-01
l,8.0,-4.0
3.611,4.531,5.471,
8.108890588e-17,9.695702200e+00
1.420186052e-10,1.033202236e-11,-5.228874305e-10,3.253361557e-10,5.110651731e-09,1.264282184e-08,1.579283549e-08,1.027181219e-08,2.746431102e-09,
1.658051803e-11,-5.484630711e-11,4.172838387e-12,-8.360774753e-10,-3.201456962e-09,-7.354662424e-09,-8.974569885e-09,-5.159622122e-09,-1.110512715e-09,
1.588480471e-01
l,8.0,-3.0
3.691,4.611,5.551,
1.216837999e-16,1.010924624e+01
4.425637912e-10,4.598347551e-11,-1.400110206e-09,2.196905456e-09,1.926249344e-08,4.505116518e-08,5.486211336e-08,3.502828480e-08,9.213863003e-09,
5.140605601e-11,-1.701803029e-10,9.980536109e-12,-2.691330557e-09,-1.065193475e-08,-2.521424858e-08,-3.186718603e-08,-1.934184992e-08,-4.527635191e-09,
1.588480381e-01
l,8.0,-2.0
3.751,4.691,5.631,
2.270728034e-16,1.034373350e+01
1.379505954e-09,1.542148879e-10,-4.135918660e-09,6.181602471e-09,4.973194953e-08,1.055917957e-07,1.171383648e-07,6.905996106e-08,1.704684364e-08,
1.593456872e-10,-5.279234406e-10,5.519999423e-11,-8.076450125e-09,-3.163539211e-08,-7.446944194e-08,-9.350719642e-08,-5.621090890e-08,-1.301064009e-08,
1.588480477e-01
l,8.0,-1.0
3.831,4.751,5.691,
8.747952568e-16,1.004092134e+01
4.296750955e-09,9.398656080e-10,-1.375985454e-08,1.464186990e-08,1.709036891e-07,4.227558105e-07,5.316616768e-07,3.468339876e-07,9.264246388e-08,
5.276847968e-10,-1.749244740e-09,-1.388709522e-10,-2.987913673e-08,-1.199775211e-07,-2.851562810e-07,-3.642749175e-07,-2.245849900e-07,-5.333398999e-08,
1.588480698e-01
l,8.0,0.0
3.911,4.831,5.771,
5.570720142e-16,1.107069924e+01
1.342536038e-08,3.043230482e-09,-3.948441645e-08,5.213259415e-08,4.924811112e-07,1.125062722e-06,1.324442583e-06,8.172315807e-07,2.082999045e-07,
1.635116445e-09,-5.424299836e-09,-2.151519251e-10,-9.076031527e-08,-3.639671544e-07,-8.666677837e-07,-1.109178198e-06,-6.856104952e-07,-1.637240148e-07,
1.588480380e-01
l,8.0,1.0
3.971,4.911,5.851,
1.941275031e-16,1.251273019e+01
4.198728121e-08,8.420771448e-09,-1.325530047e-07,3.496615987e-08,7.807871554e-07,1.379997582e-06,1.032276354e-06,2.937558026e-07,-5.051663126e-10,
5.065700179e-09,-1.681684582e-08,8.992695881e-10,-2.595864151e-07,-1.000205476e-06,-2.311665920e-06,-2.858808788e-06,-1.678162073e-06,-3.723375654e-07,
1.588480627e-01
l,8.0,2.0
4.051,4.991,5.931,
2.217100872e-17,1.471722898e+01
1.314652991e-07,1.909522202e-08,-4.834797967e-07,-4.489811344e-07,-1.743719765e-07,-2.346214601e-06,-6.004121711e-06,-5.639072033e-06,-1.870751546e-06,
1.569091965e-08,-5.212606571e-08,8.246324050e-09,-7.233542301e-07,-2.602723887e-06,-5.671333521e-06,-6.503769847e-06,-3.344086257e-06,-5.795378447e-07,
1.588480887e-01
l,8.0,3.0
4.131,5.071,6.011,
2.612243344e-17,1.521981633e+01
4.123201052e-07,3.330256446e-08,-1.720433800e-06,-2.488598816e-06,-4.164862726e-06,-1.464904447e-05,-2.736834096e-05,-2.302911934e-05,-7.248176900e-06,
4.859356997e-08,-1.615394596e-07,3.772833005e-08,-2.068262991e-06,-6.998191697e-06,-1.435836079e-05,-1.503259746e-05,-6.279711878e-06,-5.165437729e-07,
1.588480471e-01
l,8.0,4.0
4.191,5.131,6.071,
1.723234985e-16,1.452455586e+01
1.291635044e-06,3.148021322e-07,-4.540939238e-06,-4.317660152e-06,7.204657054e-07,-1.258197428e-05,-4.122722833e-05,-4.153466259e-05,-1.422382909e-05,
1.608138522e-07,-5.348574777e-07,1.878594391e-08,-8.120984080e-06,-3.038095539e-05,-6.820483460e-05,-8.188601019e-05,-4.578614008e-05,-9.301997434e-06,
1.588480269e-01
l,8.0,5.0
4.271,5.211,6.151,
8.743945815e-17,1.560713740e+01
4.062750122e-06,7.039545617e-07,-1.656211537e-05,-2.733675283e-05,-5.053976541e-05,-1.585420734e-04,-2.819199226e-04,-2.329848604e-04,-7.277182613e-05,
4.978755974e-07,-1.656972354e-06,2.164332525e-07,-2.295201254e-05,-8.074006587e-05,-1.713073586e-04,-1.903101064e-04,-9.155646177e-05,-1.315036488e-05,
1.588480413e-01
l,8.0,6.0
4.331,5.271,6.231,
7.504250824e-16,1.475125039e+01
1.274254009e-05,3.970465726e-06,-4.723776982e-05,-7.557182691e-05,-1.056673158e-04,-3.240649383e-04,-6.060597529e-04,-5.152676036e-04,-1.633380218e-04,
1.541150577e-06,-5.132302748e-06,7.839913910e-07,-7.114916475e-05,-2.547115366e-04,-5.563340216e-04,-6.451040137e-04,-3.383769803e-04,-6.097941710e-05,
1.588480598e-01
l,8.0,7.0
4.411,5.351,6.311,
2.612827584e-16,1.606892138e+01
4.018074105e-05,9.917326612e-06,-1.649126010e-04,-3.307942609e-04,-7.277414302e-04,-2.007737674e-03,-3.274917060e-03,-2.595414410e-03,-7.924528206e-04,
4.769782051e-06,-1.589397085e-05,3.302345905e-06,-2.102044340e-04,-7.243988950e-04,-1.516528206e-03,-1.647729893e-03,-7.570264098e-04,-9.596518893e-05,
1.588480378e-01
l,8.0,8.0
4.491,5.431,6.371,
1.636187912e-15,1.543399902e+01
1.267774933e-04,2.389471425e-05,-5.471265732e-04,-1.020390740e-03,-1.765269447e-03,-4.522218298e-03,-7.485821983e-03,-6.023138825e-03,-1.856260901e-03,
1.577770459e-05,-5.259894934e-05,5.288401372e-06,-7.424750216e-04,-2.617766463e-03,-5.551927457e-03,-6.177638535e-03,-2.973028645e-03,-4.211889591e-04,
1.588480401e-01
l,9.0,-9.0
3.791,4.711,5.651,
1.138664232e-20,1.031571842e+01
7.326229196e-14,4.936754054e-15,-2.661571941e-13,1.933539756e-13,2.698902181e-12,6.599735805e-12,8.194804676e-12,5.307347303e-12,1.414142602e-12,
8.486905984e-15,-2.812304911e-14,2.260901092e-15,-4.291606612e-13,-1.645983118e-12,-3.790416743e-12,-4.636463608e-12,-2.676487345e-12,-5.805748862e-13,
1.588170265e-01
l,9.0,-8.0
3.871,4.791,5.731,
1.461842889e-20,1.082353654e+01
2.274372910e-13,2.344111156e-14,-7.158974358e-13,1.115384178e-12,9.659335275e-12,2.231664995e-11,2.688409803e-11,1.701353680e-11,4.443556996e-12,
2.630062820e-14,-8.721732486e-14,5.367308633e-15,-1.377796529e-12,-5.445222607e-12,-1.288051377e-11,-1.626451505e-11,-9.859898989e-12,-2.305237293e-12,
1.588169999e-01
l,9.0,-7.0
3.951,4.871,5.811,
7.436719080e-21,1.199185668e+01
7.057628136e-13,8.226944423e-14,-2.122373309e-12,3.005575796e-12,2.448991491e-11,5.123987960e-11,5.561298505e-11,3.189726784e-11,7.623549717e-12,
8.150480159e-14,-2.704794774e-13,2.276973345e-14,-4.182127864e-12,-1.633764449e-11,-3.831712561e-11,-4.794832504e-11,-2.871063353e-11,-6.610107559e-12,
1.588480511e-01
l,9.0,-6.0
4.011,4.951,5.891,
1.319104367e-21,1.389202493e+01
2.189780909e-12,2.131832709e-13,-7.274662118e-12,1.029998580e-12,3.099094247e-11,3.627816897e-11,-3.941346743e-12,-2.902462105e-11,-1.322824224e-11,
2.524835137e-13,-8.384745283e-13,1.378578820e-13,-1.191349854e-11,-4.418683521e-11,-9.932907911e-11,-1.180454500e-10,-6.499559900e-11,-1.308995057e-11,
1.588480442e-01
l,9.0,-5.0
4.091,5.031,5.971,
3.412769893e-22,1.547395800e+01
6.797915963e-12,3.786587987e-13,-2.609345965e-11,-2.298988773e-11,-1.464850483e-11,-1.528932730e-10,-3.671355279e-10,-3.364980739e-10,-1.102214033e-10,
7.819919281e-13,-2.598701793e-12,6.266285564e-13,-3.363992991e-11,-1.160915442e-10,-2.438685122e-10,-2.637471078e-10,-1.201048159e-10,-1.508145156e-11,
1.588481106e-01
l,9.0,-4.0
4.171,5.091,6.031,
2.261710161e-20,1.313320152e+01
2.108544069e-11,5.033149899e-12,-6.646294467e-11,1.177867749e-11,3.917995953e-10,7.458043192e-10,6.393316028e-10,2.542428695e-10,3.344528583e-11,
2.588066929e-12,-8.604930516e-12,-9.602555436e-14,-1.376796364e-10,-5.325488743e-10,-1.229956724e-09,-1.524490726e-09,-8.995897524e-10,-2.008104915e-10,
1.588480471e-01
l,9.0,-3.0
4.231,5.171,6.111,
1.873316891e-21,1.548835122e+01
6.553414755e-11,1.284560633e-11,-2.428851728e-10,-2.715310294e-10,-2.154629260e-10,-1.333612013e-09,-3.099694894e-09,-2.840146717e-09,-9.331793792e-10,
8.013276647e-12,-2.666032499e-11,1.964313271e-12,-3.903047242e-10,-1.422767872e-09,-3.119112397e-09,-3.624838767e-09,-1.916400485e-09,-3.508003677e-10,
1.588480381e-01
l,9.0,-2.0
4.311,5.251,6.191,
2.898994037e-21,1.577961891e+01
2.039261954e-10,3.008726414e-11,-8.543620653e-10,-1.378291167e-09,-2.318112261e-09,-7.154355808e-09,-1.283706889e-08,-1.066129392e-08,-3.336897759e-09,
2.480677946e-11,-8.258508572e-11,1.021811489e-11,-1.143267174e-09,-3.984489540e-09,-8.357169864e-09,-9.125012073e-09,-4.239715732e-09,-5.477375591e-10,
1.588480477e-01
l,9.0,-1.0
4.391,5.331,6.271,
7.213339559e-20,1.419046855e+01
6.354800020e-10,7.405665174e-11,-2.756724845e-09,-3.897445271e-09,-2.243272800e-09,-5.369312250e-09,-1.308925553e-08,-1.252467901e-08,-4.189330189e-09,
7.678177469e-11,-2.557750103e-10,3.176104302e-11,-3.565720341e-09,-1.250028813e-08,-2.637584920e-08,-2.897119903e-08,-1.359907514e-08,-1.807047880e-09,
1.588480698e-01
l,9.0,0.0
4.451,5.391,6.351,
6.651817224e-21,1.639359601e+01
1.972040087e-09,5.234821841e-10,-8.210429623e-09,-1.689844402e-08,-3.602801499e-08,-9.543490767e-08,-1.535822092e-07,-1.211666766e-07,-3.692785315e-08,
2.376156680e-10,-7.920212532e-10,1.032442316e-10,-1.104564118e-08,-3.865636547e-08,-8.142572126e-08,-8.951935956e-08,-4.247788575e-08,-5.962278120e-09,
1.588480380e-01
l,9.0,1.0
4.531,5.471,6.431,
1.243325497e-19,1.502750437e+01
6.159449839e-09,1.420416309e-09,-2.623162339e-08,-4.667926763e-08,-6.043480532e-08,-1.365785720e-07,-2.336309058e-07,-1.938412186e-07,-6.085002387e-08,
7.352288681e-10,-2.452107161e-09,2.929526799e-10,-3.518080782e-08,-1.261549690e-07,-2.708818962e-07,-3.035118114e-07,-1.492734761e-07,-2.306779964e-08,
1.588480627e-01
l,9.0,2.0
4.611,5.551,6.511,
1.237442788e-17,1.260288253e+01
1.926875015e-08,4.151706014e-09,-7.836313071e-08,-8.596304863e-08,1.494674563e-07,5.062784480e-07,6.210186630e-07,3.808465419e-07,9.639620595e-08,
2.274592020e-09,-7.590477971e-09,8.389815113e-10,-1.127991720e-07,-4.209086200e-07,-9.398783209e-07,-1.103456302e-06,-5.904844281e-07,-1.104760153e-07,
1.588480887e-01
l,9.0,3.0
4.671,5.631,6.591,
5.745665517e-17,1.221746227e+01
6.034945699e-08,1.301632328e-08,-2.266980118e-07,-1.041719930e-07,1.187214651e-06,3.277770850e-06,4.105698060e-06,2.601187907e-06,6.691387935e-07,
7.035884780e-09,-2.349237239e-08,2.955305858e-09,-3.529917734e-07,-1.354790304e-06,-3.123404525e-06,-3.807478276e-06,-2.164445836e-06,-4.525344250e-07,
1.588480471e-01
l,9.0,4.0
4.751,5.691,6.651,
1.827731348e-17,1.356410316e+01
1.879442948e-07,5.739093276e-08,-7.634329591e-07,-1.169594294e-06,-1.252416981e-08,1.588183979e-06,1.726971749e-06,7.511933551e-07,1.113708357e-07,
2.326405716e-08,-7.770905229e-08,-2.428226454e-10,-1.233211544e-06,-4.672923350e-06,-1.051413971e-05,-1.257107890e-05,-6.964505119e-06,-1.383613373e-06,
1.588480269e-01
l,9.0,5.0
4.831,5.771,6.731,
1.659150797e-15,1.129607901e+01
5.904108207e-07,1.752133220e-07,-2.208371989e-06,-1.577976681e-06,1.029695018e-05,3.189706992e-05,4.330658192e-05,2.959916405e-05,8.189373336e-06,
7.194321824e-08,-2.404408831e-07,4.036338160e-09,-3.854527483e-06,-1.500393667e-05,-3.476879676e-05,-4.293148248e-05,-2.496802202e-05,-5.391684768e-06,
1.588480413e-01
l,9.0,6.0
4.891,5.851,6.811,
3.089146462e-15,1.151563098e+01
1.856324957e-06,5.441087378e-07,-6.426736400e-06,-1.491912505e-06,4.381283127e-05,1.216472497e-04,1.580492853e-04,1.040892252e-04,2.774664064e-05,
2.224502843e-07,-7.438376915e-07,5.202566911e-08,-1.161470258e-05,-4.543455044e-05,-1.066916474e-04,-1.337135330e-04,-7.936191389e-05,-1.771425585e-05,
1.588480598e-01
l,9.0,7.0
4.971,5.931,6.891,
9.072854317e-15,1.145364796e+01
5.838894140e-06,1.623671542e-06,-1.956329782e-05,-3.859925087e-06,1.257225504e-04,3.376017735e-04,4.316438785e-04,2.834180674e-04,7.594359971e-05,
6.877271370e-07,-2.300821310e-06,3.415654633e-07,-3.376341236e-05,-1.290221148e-04,-3.000267153e-04,-3.722167571e-04,-2.171909811e-04,-4.733263146e-05,
1.588480378e-01
l,9.0,8.0
5.071,5.991,6.951,
2.856473016e-15,1.277214621e+01
1.827173946e-05,6.586327180e-06,-6.265637818e-05,-2.475505708e-05,4.182184855e-04,1.243732349e-03,1.703279519e-03,1.177657031e-03,3.287271822e-04,
2.273067641e-06,-7.607506197e-06,-1.981100668e-07,-1.258736595e-04,-4.992892387e-04,-1.179058150e-03,-1.493884155e-03,-9.026875976e-04,-2.062158984e-04,
1.588480674e-01
l,9.0,9.0
5.111,6.071,7.031,
5.037281217e-14,1.160444805e+01
5.757639155e-05,1.992651858e-05,-1.899937328e-04,-5.908857159e-05,1.220716282e-03,3.417335116e-03,4.461739123e-03,2.960963692e-03,7.969433594e-04,
7.025797890e-06,-2.352555533e-05,1.324835995e-06,-3.676125887e-04,-1.434266980e-03,-3.372522680e-03,-4.255604794e-03,-2.551478332e-03,-5.771671181e-04,
1.588480463e-01
