l,0.0,-0.0
0.091,0.611,1.151,
1.496665829e-01,1.742342512e+00
5.491715856e-03,-1.421213992e-02,2.805862695e-02,2.879528037e-01,1.366070470e+00,5.682760990e+00,1.474035015e+01,2.253462306e+01,1.472943493e+01,
9.411218722e-04,-3.515323471e-03,-7.383527876e-03,-2.437746043e-01,-1.889192198e+00,-7.931778083e+00,-1.813294521e+01,-2.133047938e+01,-1.011524471e+01,
1.584769838e-01
l,1.0,-1.0
0.271,0.831,1.451,
5.054198758e-03,3.176721199e+00
2.555359097e-04,-5.762435871e-04,1.086136399e-03,2.621318296e-02,2.107476230e-01,9.996340690e-01,2.425188031e+00,2.866172857e+00,1.323225547e+00,
3.262235663e-05,-1.269628069e-04,-8.789123596e-05,-4.824854902e-03,-3.046113623e-02,-1.096446364e-01,-2.167418154e-01,-2.220475048e-01,-9.272013900e-02,
1.583222603e-01
l,1.0,0.0
0.291,0.851,1.411,
2.030387156e-02,3.123839990e+00
2.193622058e-03,-4.454810755e-03,8.107584219e-04,1.046525500e-01,4.704564007e-01,2.036651867e+00,5.268940632e+00,6.496424665e+00,3.046351910e+00,
3.500909593e-04,-1.357955610e-03,-1.122061174e-03,-5.562757328e-02,-3.665965392e-01,-1.382433732e+00,-2.901467000e+00,-3.182858210e+00,-1.437501717e+00,
1.587860197e-01
l,1.0,1.0
0.351,0.951,1.551,
2.005785475e-01,3.895266578e+00
1.480108965e-02,-3.652877404e-02,-1.103225356e-02,-2.718911237e-02,-2.993765851e+00,-1.160512700e+01,-2.161701494e+01,-2.265827145e+01,-1.044096076e+01,
1.860085207e-03,-7.385225339e-03,-5.363336786e-03,-2.727734546e-01,-1.569782450e+00,-5.203607921e+00,-9.535674330e+00,-9.189697040e+00,-3.692714555e+00,
1.583532726e-01
l,2.0,-2.0
0.511,1.091,1.731,
4.872129685e-05,4.328297195e+00
1.003134003e-05,-1.943427694e-05,5.652364987e-07,5.170277939e-04,2.994599254e-03,1.320627448e-02,3.273002417e-02,3.933892281e-02,1.816111693e-02,
1.180089154e-06,-4.723594790e-06,-3.182065982e-06,-1.757902693e-04,-1.040154666e-03,-3.523484955e-03,-6.534957673e-03,-6.271388134e-03,-2.469592743e-03,
1.583841382e-01
l,2.0,-1.0
0.551,1.151,1.791,
1.702183346e-04,4.295486606e+00
6.921863678e-05,-1.114545921e-04,-1.266550260e-04,2.545294041e-03,9.902171004e-03,3.348500531e-02,8.468020658e-02,1.091736262e-01,5.347887660e-02,
8.499563835e-06,-3.418707147e-05,-1.823908029e-05,-1.209136703e-03,-7.112371378e-03,-2.401341340e-02,-4.437231068e-02,-4.223470514e-02,-1.648745431e-02,
1.586317010e-01
l,2.0,0.0
0.611,1.251,1.891,
6.791130378e-04,4.246261909e+00
4.430816043e-04,-7.696585880e-04,-8.567059498e-04,1.379091518e-02,3.370777653e-02,5.250091003e-02,1.115114369e-01,1.546801922e-01,7.944570365e-02,
5.190681019e-05,-2.103470224e-04,-8.905456020e-05,-7.136687374e-03,-4.161479663e-02,-1.401963080e-01,-2.578661936e-01,-2.448088967e-01,-9.577580328e-02,
1.585388586e-01
l,2.0,1.0
0.691,1.291,1.931,
3.565364078e-03,4.607280185e+00
3.300447017e-03,-4.692649665e-03,-9.493471556e-03,1.078767252e-01,3.416436403e-01,6.744548672e-01,1.443044557e+00,1.990848168e+00,1.061274339e+00,
4.045887444e-04,-1.646112284e-03,-7.124979063e-04,-5.649000670e-02,-3.292932040e-01,-1.107292785e+00,-2.032541359e+00,-1.913321170e+00,-7.388341444e-01,
1.586928924e-01
l,2.0,2.0
0.731,1.371,2.031,
1.687686791e-02,4.483736649e+00
2.322326973e-02,-3.709579869e-02,-5.013305038e-02,8.493450482e-01,2.538111051e+00,4.460089132e+00,8.030112554e+00,9.922139557e+00,4.902429515e+00,
2.472312977e-03,-1.019402416e-02,-7.766577090e-03,-3.984606601e-01,-2.327314395e+00,-7.786418417e+00,-1.412132514e+01,-1.315021995e+01,-5.023014758e+00,
1.583223015e-01
l,3.0,-3.0
0.731,1.371,2.031,
2.881637261e-07,5.041258813e+00
3.447262884e-07,-5.494081293e-07,-9.412392617e-07,9.383092057e-06,1.827488126e-05,2.318549389e-06,-1.517275376e-06,2.680648402e-05,2.396111938e-05,
3.831514106e-08,-1.566344918e-07,-7.027179779e-08,-5.272981713e-06,-2.949538313e-05,-9.493138229e-05,-1.663495489e-04,-1.501104503e-04,-5.592514908e-05,
1.584460301e-01
l,3.0,-2.0
0.831,1.471,2.131,
1.032250303e-06,5.210220783e+00
2.081221055e-06,-3.034788665e-06,-4.954736184e-06,7.452079681e-05,2.934401010e-04,7.851856322e-04,1.618059939e-03,1.865586706e-03,8.480088570e-04,
2.328583338e-07,-9.573190248e-07,-3.611894460e-07,-3.216922281e-05,-1.850964681e-04,-6.163459636e-04,-1.113899701e-03,-1.028826899e-03,-3.887354313e-04,
1.586007878e-01
l,3.0,-1.0
0.911,1.551,2.211,
3.921838289e-06,5.353248082e+00
1.298494044e-05,-1.504633049e-05,-3.672968891e-05,4.943567586e-04,2.288934029e-03,5.943743904e-03,1.044837674e-02,1.051673073e-02,4.373839269e-03,
1.532172681e-06,-6.325055557e-06,-4.296801158e-06,-2.388235868e-04,-1.394011098e-03,-4.638372649e-03,-8.366665271e-03,-7.678524008e-03,-2.866826353e-03,
1.586007787e-01
l,3.0,0.0
0.971,1.631,2.311,
1.616230485e-05,5.537089134e+00
8.276088920e-05,-8.309921127e-05,-3.313311380e-04,2.279233381e-03,1.017347966e-02,2.034479077e-02,2.595552929e-02,2.036295343e-02,7.184809708e-03,
9.270884583e-06,-3.845403264e-05,-1.548248098e-05,-1.276698841e-03,-7.005378188e-03,-2.198425274e-02,-3.706400696e-02,-3.146358423e-02,-1.085653457e-02,
1.586627171e-01
l,3.0,1.0
1.031,1.711,2.391,
7.239084668e-05,5.656720139e+00
5.437377840e-04,-5.357232718e-04,-2.265508987e-03,1.486151993e-02,6.857382731e-02,1.370623627e-01,1.681168989e-01,1.241615851e-01,4.135328158e-02,
6.081336076e-05,-2.531614335e-04,-1.141884536e-04,-8.488201224e-03,-4.586687003e-02,-1.417674503e-01,-2.357528475e-01,-1.974473749e-01,-6.729628265e-02,
1.586007963e-01
l,3.0,2.0
1.111,1.771,2.451,
3.521089648e-04,5.833201468e+00
3.838533070e-03,-3.317779196e-03,-1.640741150e-02,1.122610196e-01,6.071108146e-01,1.539017016e+00,2.457164949e+00,2.256440692e+00,8.771384511e-01,
4.338490524e-04,-1.812421081e-03,-7.138397303e-04,-6.032287169e-02,-3.302234954e-01,-1.034403145e+00,-1.736231831e+00,-1.458436836e+00,-4.953989126e-01,
1.586618729e-01
l,3.0,3.0
1.151,1.851,2.551,
5.653401914e-04,1.433726683e+01
2.719998918e-02,-2.602078888e-02,-1.138193832e-01,-4.030802783e-01,-8.134914243e+00,-4.054242567e+01,-8.828454572e+01,-9.123123917e+01,-3.662091095e+01,
2.622882707e-03,-1.106371467e-02,-4.902962126e-03,-3.989114837e-01,-2.364257545e+00,-8.140836868e+00,-1.513672273e+01,-1.435327215e+01,-5.540473806e+00,
1.584151279e-01
l,4.0,-4.0
1.011,1.671,2.351,
1.604739860e-09,6.488920505e+00
1.058359977e-08,-1.320260251e-08,-3.885543974e-08,2.840005905e-07,9.224970001e-07,9.697530882e-07,1.454091809e-07,-4.646332809e-07,-2.766694279e-07,
1.120100467e-09,-4.654100522e-09,-1.647160287e-09,-1.520095130e-07,-8.301895084e-07,-2.608013467e-06,-4.405199596e-06,-3.773404329e-06,-1.324969766e-06,
1.585388929e-01
l,4.0,-3.0
1.091,1.771,2.451,
5.076013081e-09,7.029426655e+00
6.197915070e-08,-6.753019543e-08,-2.393717101e-07,1.595738912e-06,4.649371712e-06,-2.468481091e-07,-1.570123199e-05,-2.219446187e-05,-9.971921343e-06,
6.758594645e-09,-2.819975225e-08,-1.023830669e-08,-9.264112256e-07,-5.105527533e-06,-1.627312543e-05,-2.803095374e-05,-2.446481033e-05,-8.712497045e-06,
1.585698161e-01
l,4.0,-2.0
1.231,1.871,2.571,
1.707516848e-08,6.882892080e+00
3.626215914e-07,-2.530844447e-07,1.016388080e-06,3.844360132e-05,2.123844351e-04,6.279330869e-04,1.073304377e-03,9.797204186e-04,3.670481254e-04,
3.745485440e-08,-1.569909654e-07,3.749702745e-08,-3.749256394e-06,-2.007047501e-05,-6.755246144e-05,-1.252262572e-04,-1.189403369e-04,-4.659693958e-05,
1.586627110e-01
l,4.0,-1.0
1.311,1.951,2.651,
5.985190438e-08,7.087498890e+00
2.194846957e-06,-7.328929315e-07,8.272931013e-06,2.630571345e-04,1.520119634e-03,4.578441139e-03,7.804291709e-03,7.040265537e-03,2.601091590e-03,
2.449204323e-07,-1.029452399e-06,-4.065803498e-07,-3.573204221e-05,-2.131576984e-04,-7.407902180e-04,-1.399548190e-03,-1.341407426e-03,-5.198484645e-04,
1.586627019e-01
l,4.0,0.0
1.391,2.051,2.751,
2.313626826e-07,7.117545237e+00
1.337594040e-05,-1.265766755e-05,-1.577834799e-04,-5.592077344e-04,-1.969600284e-03,-4.288986416e-03,-4.150434018e-03,-7.378855485e-04,7.791778135e-04,
1.470723954e-06,-6.201949237e-06,1.746152745e-06,-1.134039512e-04,-3.697055352e-04,-5.409927974e-04,2.407180085e-04,1.432576999e-03,9.594601239e-04,
1.586627171e-01
l,4.0,1.0
1.471,2.131,2.851,
7.234991195e-07,7.916383911e+00
8.504657308e-05,-6.735194500e-05,-6.749189394e-04,1.138081043e-03,1.781448117e-02,7.341671774e-02,1.538927142e-01,1.611727483e-01,6.647591548e-02,
8.819999289e-06,-3.730648248e-05,2.697504023e-05,-4.316363979e-04,-6.136217678e-04,1.789541548e-03,9.639222536e-03,1.498915817e-02,7.561091161e-03,
1.586627739e-01
l,4.0,2.0
1.551,2.211,2.931,
1.942118693e-06,9.151809331e+00
5.614734837e-04,-3.439856530e-04,-8.928109203e-04,4.316532516e-02,2.902743890e-01,9.370024226e-01,1.666076137e+00,1.541932506e+00,5.774425508e-01,
5.749849865e-05,-2.437827682e-04,1.023967992e-04,-4.575107106e-03,-1.856343533e-02,-4.669599987e-02,-5.861777928e-02,-2.871463755e-02,-2.670075505e-03,
1.586317422e-01
l,4.0,3.0
1.591,2.271,2.991,
2.142507529e-05,7.484323969e+00
3.956756089e-03,-3.050933631e-03,-3.859890602e-02,-6.058759785e-02,3.900838386e-02,5.084931113e-01,1.376714768e+00,1.641836237e+00,7.287875225e-01,
4.081837973e-04,-1.734792762e-03,1.319070506e-03,-1.922798655e-02,-2.105931689e-02,1.132863567e-01,5.141660276e-01,7.716548892e-01,3.847871771e-01,
1.586627482e-01
l,4.0,4.0
1.611,2.331,3.071,
7.572140526e-06,1.329747198e+01
2.862662077e-02,-2.195306222e-02,-3.598300008e-01,-1.919590783e+00,-1.026654285e+01,-3.370904058e+01,-6.030007495e+01,-5.510268779e+01,-2.021559518e+01,
2.666455198e-03,-1.141215769e-02,5.094222389e-03,-1.910367757e-01,-5.907711124e-01,-9.036374627e-01,2.069720362e-01,1.912534058e+00,1.249544512e+00,
1.584460679e-01
l,5.0,-5.0
1.311,1.971,2.671,
7.343758114e-12,7.106112273e+00
3.076776889e-10,-2.408385380e-10,-4.672101255e-10,1.758059442e-08,9.268712973e-08,2.517420198e-07,4.108966050e-07,3.701526155e-07,1.391806723e-07,
3.211944531e-11,-1.350954613e-10,5.951298058e-11,-2.372345934e-09,-9.327550752e-09,-2.409403254e-08,-3.354838423e-08,-2.226920542e-08,-6.224927582e-09,
1.585388702e-01
l,5.0,-4.0
1.391,2.071,2.771,
2.652416972e-11,6.938059850e+00
1.759092982e-09,-1.035920146e-09,-5.846148451e-09,7.058588918e-08,3.981326041e-07,1.020257024e-06,1.503648502e-06,1.214369789e-06,4.131657886e-07,
1.929341324e-10,-8.140941577e-10,-3.036179938e-10,-2.726580383e-08,-1.541413282e-07,-5.060477651e-07,-8.974733805e-07,-8.014582607e-07,-2.890977163e-07,
1.586317505e-01
l,5.0,-3.0
1.491,2.191,2.891,
2.679704252e-11,1.011852901e+01
9.886815810e-09,-4.668581824e-09,1.916225006e-08,8.345423510e-07,3.950708087e-06,9.122364502e-06,1.155193707e-05,7.533745423e-06,1.929338477e-06,
1.062818814e-09,-4.500531777e-09,4.542274789e-10,-1.155055903e-07,-6.173888247e-07,-2.046098928e-06,-3.730758590e-06,-3.460178264e-06,-1.315929135e-06,
1.586317632e-01
l,5.0,-2.0
1.571,2.271,2.991,
1.347092497e-11,1.421810634e+01
5.778128909e-08,-3.675248655e-09,-2.834436976e-09,2.650605704e-06,9.140139242e-06,6.415700445e-06,-1.921210200e-05,-3.849183904e-05,-2.025152337e-05,
6.364090019e-09,-2.702249118e-08,-1.123985997e-08,-9.340452406e-07,-5.353685400e-06,-1.782069492e-05,-3.211816152e-05,-2.914899859e-05,-1.065585428e-05,
1.586627110e-01
l,5.0,-1.0
1.731,2.391,3.111,
2.812232658e-10,9.895795879e+00
3.359708103e-07,-1.574259135e-07,-2.727132770e-07,2.744651132e-05,1.797902566e-04,5.700138486e-04,9.978031716e-04,9.118493286e-04,3.381360442e-04,
3.495090906e-08,-1.488554093e-07,4.651030082e-08,-3.146142917e-06,-1.409515471e-05,-3.919359159e-05,-5.742434234e-05,-3.917238444e-05,-1.010096015e-05,
1.586627019e-01
l,5.0,0.0
1.791,2.471,3.211,
1.905804933e-09,8.920363681e+00
2.035528041e-06,-2.113859022e-07,3.497143129e-06,1.916102643e-04,1.141090369e-03,3.392736976e-03,5.633038560e-03,4.934568454e-03,1.770128313e-03,
2.087483230e-07,-8.911460637e-07,8.256176315e-08,-2.284266258e-05,-1.153386778e-04,-3.545791264e-04,-5.884134932e-04,-4.841589901e-04,-1.605847739e-04,
1.586627171e-01
l,5.0,1.0
1.851,2.551,3.291,
1.631973273e-08,7.861602253e+00
1.265925039e-05,5.685893720e-07,2.755100630e-06,7.614147303e-04,4.057408947e-03,1.038970701e-02,1.491072769e-02,1.147124303e-02,3.679352412e-03,
1.356285337e-06,-5.800259959e-06,9.793164378e-08,-1.520018766e-04,-7.767776720e-04,-2.431268452e-03,-4.143804341e-03,-3.510727753e-03,-1.194040772e-03,
1.586007963e-01
l,5.0,2.0
1.891,2.631,3.391,
3.302113973e-08,9.207448038e+00
8.147845801e-05,-2.526382138e-06,-3.239838128e-04,6.740305756e-04,2.539275080e-03,-3.016883520e-03,-1.793941449e-02,-2.253147346e-02,-9.387654912e-03,
8.086862042e-06,-3.465702101e-05,9.939356470e-06,-7.956704770e-04,-3.910645794e-03,-1.191837727e-02,-1.937718856e-02,-1.530097630e-02,-4.780642362e-03,
1.586008199e-01
l,5.0,3.0
1.971,2.711,3.451,
6.437208032e-09,1.394064770e+01
5.454355269e-04,-1.560696947e-04,-5.011116848e-03,-2.513558908e-02,-1.386952903e-01,-4.688909550e-01,-8.438572274e-01,-7.637837251e-01,-2.749095974e-01,
5.720447785e-05,-2.454720057e-04,8.036191498e-05,-4.880447720e-03,-2.038276651e-02,-5.358652976e-02,-7.309751288e-02,-4.236829050e-02,-7.107418603e-03,
1.586007706e-01
l,5.0,4.0
2.031,2.771,3.511,
1.799811959e-06,8.139897615e+00
3.834320931e-03,-1.818677115e-04,-1.189145905e-02,7.784541992e-02,3.890292459e-01,6.859100121e-01,5.473918876e-01,1.505813101e-01,-1.531744213e-02,
4.047437563e-04,-1.739967177e-03,2.505929386e-04,-4.157517139e-02,-2.018098129e-01,-6.125694679e-01,-1.010225199e+00,-8.169932392e-01,-2.629664226e-01,
1.586007702e-01
l,5.0,5.0
2.091,2.851,3.611,
5.497781190e-07,1.211707743e+01
2.759237960e-02,-1.222204945e-02,-2.019971405e-01,-6.333800463e-01,-3.806330268e+00,-1.449672012e+01,-2.727005479e+01,-2.484338142e+01,-8.834300308e+00,
2.414849633e-03,-1.043897459e-02,3.671168303e-03,-2.280443546e-01,-1.036879836e+00,-2.934348368e+00,-4.290748270e+00,-2.927003762e+00,-7.628410811e-01,
1.584460337e-01
l,6.0,-6.0
1.631,2.291,2.991,
3.110599408e-14,7.923012316e+00
8.459536890e-12,-5.120290881e-12,-1.605333532e-11,4.517111824e-10,2.522991728e-09,6.982517214e-09,1.133374317e-08,1.005268677e-08,3.717444371e-09,
9.078214172e-13,-3.854690272e-12,1.307649175e-12,-7.418671694e-11,-3.074917172e-10,-8.237768372e-10,-1.194939894e-09,-8.256073633e-10,-2.301138333e-10,
1.585388693e-01
l,6.0,-5.0
1.691,2.391,3.111,
1.978026666e-15,1.552294010e+01
4.752825911e-11,-2.223525993e-11,-4.128370630e-10,-2.080270189e-09,-1.468517078e-08,-5.760114841e-08,-1.146642638e-07,-1.128903635e-07,-4.387732059e-08,
4.987605207e-12,-2.124213584e-11,2.873873724e-12,-5.086747442e-10,-2.428101213e-09,-7.098159993e-09,-1.109495884e-08,-8.376022062e-09,-2.485431519e-09,
1.586007511e-01
l,6.0,-4.0
1.831,2.511,3.231,
1.753879773e-13,9.160227964e+00
2.635333896e-10,-6.062309337e-11,6.737541813e-10,2.565930459e-08,1.398532847e-07,3.878458845e-07,6.099756226e-07,5.127037271e-07,1.781950248e-07,
2.736135631e-11,-1.168582557e-10,-1.464886010e-11,-3.586085129e-09,-2.005968460e-08,-6.628854300e-08,-1.182821390e-07,-1.061843806e-07,-3.858916569e-08,
1.586626998e-01
l,6.0,-3.0
1.891,2.611,3.351,
1.909454034e-15,1.828817594e+01
1.495902957e-09,-7.073749023e-10,-1.784819674e-08,-1.063605286e-07,-5.977738031e-07,-2.016600761e-06,-3.690657777e-06,-3.440307122e-06,-1.283658393e-06,
1.498343708e-10,-6.415917777e-10,3.959966333e-10,-1.010677562e-08,-3.435249323e-08,-6.919782685e-08,-4.622503046e-08,3.733488002e-08,4.039329297e-08,
1.586618940e-01
l,6.0,-2.0
2.031,2.711,3.451,
1.200360133e-12,9.997024625e+00
8.548841635e-09,-1.260537790e-09,-1.381027489e-08,5.750589290e-07,3.984337129e-06,1.281357717e-05,2.247004250e-05,2.048894079e-05,7.573725165e-06,
8.929111662e-10,-3.831172854e-09,5.709711105e-10,-9.175240323e-08,-4.283938612e-07,-1.207951151e-06,-1.793479573e-06,-1.245966656e-06,-3.242512468e-07,
1.586627110e-01
l,6.0,-1.0
2.071,2.811,3.551,
1.969402850e-12,1.125871659e+01
4.991115077e-08,-3.758336661e-09,-2.747358308e-07,-3.378677808e-07,-2.192019071e-06,-1.238990375e-05,-2.780538383e-05,-2.796570885e-05,-1.063613635e-05,
5.316643472e-09,-2.285526299e-08,5.345911668e-09,-5.079432655e-07,-2.358189358e-06,-6.909883389e-06,-1.093684323e-05,-8.306163772e-06,-2.453847387e-06,
1.586627019e-01
l,6.0,0.0
2.171,2.911,3.651,
1.159462073e-11,1.066517130e+01
2.972900006e-07,-9.270717463e-08,-2.709093901e-06,-7.305012273e-06,-1.809087855e-05,-4.392665890e-05,-7.096434674e-05,-6.196884512e-05,-2.221006443e-05,
3.163171924e-08,-1.362228767e-07,3.376131125e-08,-2.842094237e-06,-1.138715033e-05,-2.656219477e-05,-2.825611883e-05,-6.067793415e-06,4.644736354e-06,
1.586627171e-01
l,6.0,1.0
2.271,2.991,3.751,
3.066911119e-10,8.370467764e+00
1.818107989e-06,-1.346332611e-07,-1.006743432e-05,2.698271404e-05,2.999692046e-04,9.875531201e-04,1.670859248e-03,1.447291471e-03,5.059138113e-04,
1.880538962e-07,-8.112327136e-07,3.128315379e-07,-1.518568850e-05,-5.706138182e-05,-1.298388267e-04,-1.364740787e-04,-2.860537999e-05,2.148952805e-05,
1.586627739e-01
l,6.0,2.0
2.331,3.091,3.851,
1.971621725e-10,1.075421003e+01
1.143815007e-05,-4.975416726e-07,-3.632448228e-05,1.976563115e-04,9.599261004e-04,1.407526104e-03,4.311803596e-04,-7.467788121e-04,-5.222394459e-04,
1.116986925e-06,-4.826233129e-06,1.569693690e-06,-1.094140370e-04,-5.331538976e-04,-1.623455866e-03,-2.636144942e-03,-2.072268745e-03,-6.428013468e-04,
1.586317422e-01
l,6.0,3.0
2.411,3.151,3.911,
4.736966906e-09,8.890571358e+00
7.452476711e-05,1.483352080e-05,-2.796430934e-05,3.941861739e-03,2.276219516e-02,6.097064747e-02,8.920873914e-02,6.851275444e-02,2.158922755e-02,
7.882725637e-06,-3.409116603e-05,5.414610256e-06,-8.024197788e-04,-3.830661038e-03,-1.145101022e-02,-1.856233655e-02,-1.460312508e-02,-4.508158508e-03,
1.586007706e-01
l,6.0,4.0
2.491,3.211,3.991,
9.146986711e-09,9.999756461e+00
5.036856164e-04,9.090714831e-05,-1.348783929e-03,1.849826030e-02,1.326360237e-01,3.966604146e-01,6.302428919e-01,5.170892052e-01,1.719896488e-01,
5.103622614e-05,-2.209986210e-04,7.000755461e-05,-4.584414055e-03,-1.962635544e-02,-5.276880538e-02,-7.425541273e-02,-4.639623264e-02,-9.750322230e-03,
1.586627478e-01
l,6.0,5.0
2.531,3.271,4.051,
9.318731752e-08,9.355098740e+00
3.557798918e-03,4.369831456e-05,-2.947111070e-02,-7.052552834e-02,-4.882424577e-02,1.589015860e-01,4.937153807e-01,5.445367223e-01,2.178016114e-01,
3.602142999e-04,-1.561939440e-03,8.014333888e-04,-2.555843938e-02,-8.255784311e-02,-1.542715794e-01,-8.703797494e-02,1.062792138e-01,9.962871792e-02,
1.586627135e-01
l,6.0,6.0
2.611,3.351,4.131,
1.493026689e-07,1.068088174e+01
2.580050938e-02,-2.281279768e-03,-8.960296070e-02,8.985066699e-01,6.599166624e+00,1.986176781e+01,3.181815589e+01,2.633197296e+01,8.822336682e+00,
2.333304636e-03,-1.016079788e-02,5.303341356e-03,-1.815361453e-01,-6.862425386e-01,-1.654192913e+00,-1.904061474e+00,-6.901926356e-01,7.403200889e-02,
1.584459913e-01
l,7.0,-7.0
1.951,2.611,3.331,
6.470539625e-17,9.662847108e+00
2.264989005e-13,-8.116608621e-14,1.674772104e-13,2.019597825e-11,1.188961541e-10,3.472261243e-10,5.685105318e-10,4.930327763e-10,1.756643398e-10,
2.329339112e-14,-9.970072025e-14,9.400867398e-15,-2.553309398e-12,-1.289222463e-11,-3.965639553e-11,-6.579949944e-11,-5.426358383e-11,-1.815542240e-11,
1.586008236e-01
l,7.0,-6.0
2.011,2.731,3.451,
3.624506736e-16,8.956825625e+00
1.244210030e-12,-9.094884318e-13,-1.376710184e-11,-4.719522816e-11,-1.758193188e-10,-4.862065796e-10,-7.627501983e-10,-6.142852446e-10,-1.989853946e-10,
1.274710401e-13,-5.469341255e-13,3.951942724e-13,-6.599953175e-12,-1.024728820e-11,2.240797726e-11,1.363206126e-10,2.191679863e-10,1.126658197e-10,
1.586627278e-01
l,7.0,-5.0
2.151,2.831,3.571,
5.386222064e-16,1.004617296e+01
6.886212087e-12,-5.134000450e-13,4.055944907e-12,5.243821427e-10,3.039148303e-09,8.648644001e-09,1.380470204e-08,1.171656977e-08,4.100638045e-09,
6.964580853e-13,-2.995042406e-12,5.382565228e-13,-7.400765874e-11,-3.706102885e-10,-1.143715944e-09,-1.902348977e-09,-1.562159391e-09,-5.161653103e-10,
1.586627287e-01
l,7.0,-4.0
2.211,2.931,3.671,
8.372866801e-19,1.982124252e+01
3.842760832e-11,-8.344524793e-12,-4.477463234e-10,-2.714037859e-09,-1.458646161e-08,-4.810810160e-08,-8.728026406e-08,-8.108135216e-08,-3.021077560e-08,
4.142986110e-12,-1.784806587e-11,6.232806496e-12,-3.424338322e-10,-1.334655733e-09,-3.159122800e-09,-3.530697034e-09,-9.770257143e-10,4.353885563e-10,
1.586626998e-01
l,7.0,-3.0
2.351,3.051,3.791,
8.806962190e-15,9.756056392e+00
2.152141937e-10,4.166759499e-12,-2.671561120e-10,9.766661448e-09,5.449997476e-08,1.407685257e-07,2.040602477e-07,1.595995784e-07,5.230368392e-08,
2.259029553e-11,-9.751422776e-11,1.633597421e-11,-2.377125836e-09,-1.178978982e-08,-3.636457926e-08,-6.077362524e-08,-4.988139200e-08,-1.632043179e-08,
1.586627100e-01
l,7.0,-2.0
2.411,3.151,3.911,
1.332537336e-16,1.606861550e+01
1.230442970e-09,-2.748800044e-10,-1.382080467e-08,-7.128118041e-08,-3.250480299e-07,-9.702851399e-07,-1.639953498e-06,-1.437285881e-06,-5.088960858e-07,
1.230770109e-10,-5.322755776e-10,2.185632140e-10,-1.038379934e-08,-4.072299560e-08,-9.439164426e-08,-9.732354798e-08,-1.586005052e-08,1.889157245e-08,
1.586928295e-01
l,7.0,-1.0
2.511,3.251,4.011,
2.173956626e-13,9.252159759e+00
7.123959200e-09,7.106868373e-10,-1.182322675e-08,3.437224577e-07,2.192156757e-06,6.227901864e-06,9.555576762e-06,7.637288891e-06,2.489033245e-06,
7.302650859e-10,-3.162858921e-09,1.292628561e-09,-6.286452198e-08,-2.712261377e-07,-7.524855174e-07,-1.108452128e-06,-7.453957216e-07,-1.817229457e-07,
1.586618317e-01
l,7.0,0.0
2.591,3.351,4.111,
1.442818058e-14,1.364837740e+01
4.226617989e-08,-8.697967750e-10,-3.299438792e-07,-1.369659889e-06,-6.585183440e-06,-2.155335020e-05,-3.804625423e-05,-3.364073768e-05,-1.177359886e-05,
4.331112204e-09,-1.878479278e-08,3.790700911e-09,-4.459357156e-07,-2.101260394e-06,-6.026379713e-06,-9.081680754e-06,-6.358014458e-06,-1.638475237e-06,
1.586618469e-01
l,7.0,1.0
2.671,3.431,4.211,
3.480285538e-14,1.414829288e+01
2.557468122e-07,-3.453779757e-09,-2.855323399e-06,-1.638334568e-05,-7.360203178e-05,-2.076096078e-04,-3.302730836e-04,-2.725491452e-04,-9.091914043e-05,
2.567208706e-08,-1.114926406e-07,5.137252494e-08,-2.043184519e-06,-7.657810917e-06,-1.748510752e-05,-1.810950368e-05,-3.094400277e-06,3.381102266e-06,
1.586618192e-01
l,7.0,2.0
2.791,3.531,4.311,
3.174302576e-12,1.104231677e+01
1.586479016e-06,9.909270065e-08,-4.580078109e-06,5.645635174e-05,4.052675640e-04,1.212272046e-03,1.930726862e-03,1.588393862e-03,5.292308777e-04,
1.520829776e-07,-6.613269471e-07,3.496255669e-07,-1.235216133e-05,-5.116327734e-05,-1.361170457e-04,-1.855597156e-04,-1.069532428e-04,-1.836426602e-05,
1.586627431e-01
l,7.0,3.0
2.871,3.611,4.391,
1.677980483e-11,1.095694864e+01
1.012864959e-05,1.879365604e-06,-7.411688725e-06,5.054340275e-04,3.049737035e-03,8.447212897e-03,1.271526418e-02,9.994757417e-03,3.207078594e-03,
9.821792548e-07,-4.275124721e-06,1.236936659e-06,-9.963278692e-05,-4.804952180e-04,-1.432681108e-03,-2.263602029e-03,-1.710176903e-03,-5.010245203e-04,
1.586317473e-01
l,7.0,4.0
2.931,3.671,4.451,
6.533060857e-11,1.119958031e+01
6.663709064e-05,1.290569640e-05,-2.625226357e-04,1.403707624e-03,1.252200678e-02,3.968153876e-02,6.520077402e-02,5.477424178e-02,1.853225968e-02,
6.919612201e-06,-3.014045615e-05,8.509577982e-06,-6.309726611e-04,-2.664554133e-03,-7.044424308e-03,-9.746176206e-03,-5.854064059e-03,-1.090604056e-03,
1.586317469e-01
l,7.0,5.0
2.971,3.731,4.531,
1.646026499e-09,9.802758077e+00
4.541554954e-04,5.510361290e-05,-3.918943408e-03,-1.396345143e-02,-3.475209396e-02,-6.062064203e-02,-6.190126665e-02,-3.046965146e-02,-4.650313339e-03,
4.466478730e-05,-1.947388266e-04,9.388564755e-05,-3.551213018e-03,-1.335735250e-02,-3.085572369e-02,-3.300774034e-02,-7.799542493e-03,4.487385111e-03,
1.586007903e-01
l,7.0,6.0
3.011,3.791,4.591,
1.009045908e-11,1.602623161e+01
3.218916943e-03,2.628770238e-04,-3.606358653e-02,-2.099595047e-01,-9.004000289e-01,-2.428221203e+00,-3.735970832e+00,-3.003095606e+00,-9.794316361e-01,
3.146539058e-04,-1.373334335e-03,7.931938894e-04,-2.272751270e-02,-7.833140287e-02,-1.657439799e-01,-1.430804387e-01,2.409934429e-02,5.958496124e-02,
1.586007479e-01
l,7.0,7.0
3.071,3.871,4.671,
1.328096887e-09,1.316859804e+01
2.344889939e-02,-3.141027275e-03,-2.132209361e-01,-7.608136263e-01,-2.345930461e+00,-5.628012839e+00,-8.288508758e+00,-6.495077693e+00,-2.075416822e+00,
2.034131124e-03,-8.907297127e-03,5.928791675e-03,-1.404339816e-01,-4.479596670e-01,-8.321726086e-01,-3.754097604e-01,7.183651784e-01,5.868302464e-01,
1.585388616e-01
l,8.0,-8.0
2.251,2.931,3.651,
9.698363601e-20,1.135507450e+01
5.934768956e-15,-9.338740437e-16,1.875920816e-15,4.972891829e-13,3.091881247e-12,9.385302481e-12,1.581563623e-11,1.401403164e-11,5.072204686e-12,
6.442803502e-16,-2.774611046e-15,-1.587132126e-16,-7.602188987e-14,-3.866422603e-13,-1.184623566e-12,-1.962453169e-12,-1.605672070e-12,-5.257600069e-13,
1.585698221e-01
l,8.0,-7.0
2.331,3.051,3.791,
9.761012719e-19,1.009198397e+01
3.235232855e-14,-1.487541482e-14,-3.243688014e-13,-1.038759417e-12,-3.506783927e-12,-9.578414986e-12,-1.531835382e-11,-1.265954445e-11,-4.213927271e-12,
3.223707016e-15,-1.391559042e-14,7.759453591e-15,-2.354736440e-13,-8.164339033e-13,-1.592244700e-12,-8.660415963e-13,1.225489958e-12,1.131959789e-12,
1.586007692e-01
l,8.0,-6.0
2.471,3.151,3.891,
1.406742141e-18,1.103132851e+01
1.768527951e-13,2.447746474e-14,4.636144635e-14,1.233006070e-11,7.456039963e-11,2.174971155e-10,3.524481291e-10,3.019307206e-10,1.062940477e-10,
1.915011405e-14,-8.279401905e-14,-7.274322371e-16,-2.217082093e-12,-1.118639386e-11,-3.431823650e-11,-5.701757017e-11,-4.656657723e-11,-1.510445421e-11,
1.586317269e-01
l,8.0,-5.0
2.531,3.271,4.011,
1.369099554e-17,9.967335232e+00
9.725765115e-13,-1.744441187e-13,-7.297480986e-12,-6.255992687e-12,4.166550686e-11,1.610568896e-10,2.727871080e-10,2.317979286e-10,7.918429514e-11,
1.042524386e-13,-4.515288510e-13,9.155431614e-14,-9.992587783e-12,-4.227430809e-11,-1.061224150e-10,-1.310255805e-10,-5.779357126e-11,6.160661379e-13,
1.586627287e-01
l,8.0,-4.0
2.671,3.371,4.131,
2.432243995e-17,1.070975860e+01
5.390132785e-12,1.413291661e-12,-8.479301732e-12,2.083380446e-10,1.257130732e-09,3.393912724e-09,5.068338773e-09,4.042102549e-09,1.340794213e-09,
5.669247848e-13,-2.459519799e-12,5.400006459e-13,-5.817927135e-11,-2.842235901e-10,-8.651417524e-10,-1.415657675e-09,-1.118574956e-09,-3.454815055e-10,
1.586618812e-01
l,8.0,-3.0
2.751,3.491,4.251,
1.841047630e-16,1.002672936e+01
3.027776987e-11,-7.931030623e-13,-1.564127403e-10,4.893375956e-10,4.965328931e-09,1.571779532e-08,2.566361586e-08,2.149038606e-08,7.271572738e-09,
3.080952935e-12,-1.338731445e-11,6.437639718e-12,-2.436675907e-10,-9.257896947e-10,-2.189909159e-09,-2.463635800e-09,-7.359958368e-10,2.416890880e-10,
1.586928284e-01
l,8.0,-2.0
2.831,3.591,4.351,
5.233001948e-17,1.258269777e+01
1.724572984e-10,3.669816306e-11,-6.731664069e-10,1.231025013e-09,8.408658050e-09,1.036821602e-08,-4.232079669e-09,-1.663530048e-08,-8.868529831e-09,
1.824409270e-11,-7.937261890e-11,1.075951765e-11,-1.988074447e-09,-9.846700237e-09,-2.986574729e-08,-4.850971932e-08,-3.794272589e-08,-1.151330404e-08,
1.586618408e-01
l,8.0,-1.0
2.931,3.691,4.451,
5.637772752e-16,1.161767591e+01
9.983240901e-10,-1.727443895e-11,-9.989430871e-09,-4.299225873e-08,-1.483371900e-07,-3.600869457e-07,-5.199019531e-07,-3.977666939e-07,-1.243894844e-07,
1.079981402e-10,-4.704135967e-10,1.021358755e-10,-1.005479003e-08,-4.053084584e-08,-9.689953735e-08,-1.114746355e-07,-3.773718826e-08,8.690874979e-09,
1.586627019e-01
l,8.0,0.0
3.051,3.791,4.571,
2.343503429e-15,1.159606707e+01
5.874493780e-09,1.787303547e-09,-5.466923187e-09,2.646737855e-07,1.612133840e-06,4.432502905e-06,6.600517402e-06,5.132576662e-06,1.630827423e-06,
5.856106343e-10,-2.554231293e-09,6.207536345e-10,-6.193428912e-08,-3.047405232e-07,-9.193782508e-07,-1.471035127e-06,-1.127027522e-06,-3.343155444e-07,
1.586627171e-01
l,8.0,1.0
3.091,3.871,4.651,
7.627464530e-15,1.187504940e+01
3.521710923e-08,1.638541859e-08,-6.532591405e-08,8.685504691e-07,5.235008448e-06,1.286383057e-05,1.674535251e-05,1.132076567e-05,3.126016929e-06,
3.778792716e-09,-1.649600808e-08,-1.682442818e-09,-4.748323127e-07,-2.440947504e-06,-7.468583622e-06,-1.223522724e-05,-9.732536454e-06,-3.012426868e-06,
1.586626894e-01
l,8.0,2.0
3.191,3.971,4.751,
7.845009761e-16,1.513489162e+01
2.173028975e-07,2.709483144e-09,-2.380152985e-06,-1.292700817e-05,-5.319502950e-05,-1.405480463e-04,-2.133513045e-04,-1.696434534e-04,-5.480657265e-05,
2.233654299e-08,-9.760942393e-08,4.459674977e-08,-1.731266810e-06,-6.101040444e-06,-1.291912376e-05,-1.141439123e-05,1.465718933e-06,4.572083059e-06,
1.586627431e-01
l,8.0,3.0
3.251,4.051,4.851,
6.168195787e-14,1.270647924e+01
1.365785010e-06,1.492465927e-07,-1.165194488e-05,-4.307551907e-05,-1.225021120e-04,-2.658139060e-04,-3.644707501e-04,-2.721273089e-04,-8.402179812e-05,
1.319733738e-07,-5.772888559e-07,3.068075464e-07,-1.039037533e-05,-3.916454926e-05,-9.147237869e-05,-9.909343309e-05,-2.469663690e-05,1.264435421e-05,
1.586627482e-01
l,8.0,4.0
3.371,4.131,4.931,
9.190465957e-13,1.176224627e+01
8.824168617e-06,1.793331221e-06,-4.318211579e-05,6.197547372e-05,9.440054254e-04,3.074238559e-03,4.962123627e-03,4.051183108e-03,1.328008063e-03,
8.505772133e-07,-3.723513543e-06,1.463563696e-06,-7.760192672e-05,-3.333123761e-04,-8.886219144e-04,-1.212655551e-03,-7.077196067e-04,-1.243480929e-04,
1.586317469e-01
l,8.0,5.0
3.391,4.191,4.991,
9.003567021e-14,1.504598314e+01
5.856724965e-05,1.104608415e-05,-5.394761305e-04,-2.521158442e-03,-8.882816482e-03,-2.150677334e-02,-3.110084660e-02,-2.397193863e-02,-7.569978597e-03,
5.984777283e-06,-2.621391721e-05,8.351338887e-06,-5.303822754e-04,-2.107272146e-03,-5.142019351e-03,-6.238049942e-03,-2.675674639e-03,4.202276934e-05,
1.586627135e-01
l,8.0,6.0
3.451,4.251,5.071,
4.433175494e-16,2.067183391e+01
4.016681050e-04,9.816445531e-05,-4.072315754e-03,-2.442571408e-02,-1.057746276e-01,-2.859070756e-01,-4.394245009e-01,-3.520031006e-01,-1.141606881e-01,
3.855635872e-05,-1.690096718e-04,7.234417353e-05,-3.369128374e-03,-1.379810378e-02,-3.506589994e-02,-4.448507464e-02,-2.180428766e-02,-1.738558689e-03,
1.586317997e-01
l,8.0,7.0
3.511,4.311,5.131,
2.031342831e-14,1.890644869e+01
2.853864105e-03,9.823387487e-04,-2.155988447e-02,-1.082410869e-01,-4.647672151e-01,-1.328398397e+00,-2.141486208e+00,-1.773140205e+00,-5.881185330e-01,
2.712202881e-04,-1.189859017e-03,5.200396133e-04,-2.430348208e-02,-1.055325209e-01,-2.899407817e-01,-4.116757812e-01,-2.576114072e-01,-5.375620328e-02,
1.586317191e-01
l,8.0,8.0
3.571,4.371,5.191,
1.135986134e-09,1.163317787e+01
2.076875046e-02,8.465527423e-03,-7.978801632e-02,7.837609892e-02,1.085176079e+00,2.693767441e+00,3.299393097e+00,2.093012528e+00,5.512540924e-01,
1.908988118e-03,-8.396518038e-03,3.447694515e-03,-1.765951603e-01,-7.899783903e-01,-2.255668523e+00,-3.362933961e+00,-2.300357220e+00,-5.767879312e-01,
1.584769246e-01
l,9.0,-9.0
2.571,3.251,3.991,
2.613868568e-22,1.215962612e+01
1.527216021e-16,3.695564886e-18,-1.180850940e-16,1.044942417e-14,6.856544267e-14,2.121983516e-13,3.608088350e-13,3.211792867e-13,1.165439012e-13,
1.622312465e-17,-7.024387939e-17,7.523269669e-19,-1.840863508e-15,-8.975404403e-15,-2.643750984e-14,-4.172064737e-14,-3.181839346e-14,-9.480500522e-15,
1.586008192e-01
l,9.0,-8.0
2.651,3.371,4.111,
1.057124470e-21,1.200709791e+01
8.273357255e-16,-2.011221489e-16,-8.518280959e-15,-3.306638894e-14,-1.208018862e-13,-3.304416969e-13,-5.336935828e-13,-4.520423062e-13,-1.555681224e-13,
8.825176648e-17,-3.827633771e-16,1.120688811e-16,-7.752472356e-15,-3.029885068e-14,-6.923743561e-14,-7.006421803e-14,-7.952461364e-15,1.683073462e-14,
1.586317151e-01
l,9.0,-7.0
2.751,3.491,4.231,
1.362896764e-22,1.522781074e+01
4.485457890e-15,-2.317450563e-16,-3.148271262e-14,-9.736579725e-14,-4.829010561e-13,-1.807599357e-12,-3.492205440e-12,-3.291722551e-12,-1.212710288e-12,
4.796702532e-16,-2.083723226e-15,5.259952910e-16,-4.560662100e-14,-2.045176648e-13,-5.774137486e-13,-8.693907911e-13,-6.039984693e-13,-1.527998786e-13,
1.586627005e-01
l,9.0,-6.0
2.851,3.591,4.351,
1.227474782e-20,1.200661470e+01
2.442088991e-14,4.519798269e-16,-2.076179596e-13,-5.463883973e-13,-8.719095598e-13,-1.125794118e-12,-1.137008199e-12,-7.528999560e-13,-2.377860532e-13,
2.604521390e-15,-1.133121208e-14,3.667413310e-15,-2.248444980e-13,-8.658899356e-13,-1.986965062e-12,-2.096061065e-12,-4.118510087e-13,3.688935701e-13,
1.586627278e-01
l,9.0,-5.0
2.951,3.711,4.471,
8.585392131e-22,1.563822333e+01
1.343761934e-13,6.939084274e-15,-1.206131052e-12,-5.766944115e-12,-2.602676130e-11,-7.844657201e-11,-1.317329327e-10,-1.129808644e-10,-3.875321811e-11,
1.413120652e-14,-6.156629596e-14,1.163169892e-14,-1.455228967e-12,-6.700821957e-12,-1.869390976e-11,-2.716822726e-11,-1.774276956e-11,-3.949295880e-12,
1.586618585e-01
l,9.0,-4.0
3.071,3.831,4.591,
1.130777499e-18,1.026326398e+01
7.449020784e-13,1.474475594e-13,-1.307050495e-12,2.723746632e-11,1.623964808e-10,4.214565264e-10,5.924016366e-10,4.377592889e-10,1.332337754e-10,
7.663122225e-14,-3.343119523e-13,9.726134648e-14,-7.626235075e-12,-3.651946258e-11,-1.100197769e-10,-1.777174521e-10,-1.375440723e-10,-4.132199226e-11,
1.586928699e-01
l,9.0,-3.0
3.171,3.931,4.691,
1.560322636e-20,1.518051709e+01
4.185372101e-12,1.641318888e-13,-4.311557774e-11,-2.268461158e-10,-9.690338631e-10,-2.695439205e-09,-4.270579542e-09,-3.516648596e-09,-1.170925354e-09,
4.530076487e-13,-1.978398060e-12,2.864429435e-13,-4.626656823e-11,-2.036517465e-10,-5.374203989e-10,-7.264164990e-10,-4.086994530e-10,-5.788368033e-11,
1.586627642e-01
l,9.0,-2.0
3.291,4.031,4.811,
7.712241182e-18,1.101313016e+01
2.373738012e-11,7.475287672e-12,-6.899524264e-11,6.909286996e-10,5.236452974e-09,1.574925075e-08,2.496362367e-08,2.040387332e-08,6.762475633e-09,
2.453560417e-12,-1.072835992e-11,3.466231544e-12,-2.329863732e-10,-1.046905478e-09,-2.948535911e-09,-4.382497938e-09,-2.972255432e-09,-7.203426220e-10,
1.586928295e-01
l,9.0,-1.0
3.351,4.131,4.911,
1.886827757e-21,1.908493792e+01
1.371926045e-10,4.312812840e-11,-9.043488769e-10,-3.566876538e-09,-1.547239462e-08,-5.004641246e-08,-8.957584156e-08,-8.043493891e-08,-2.849901903e-08,
1.449007172e-11,-6.342015367e-11,7.079147326e-12,-1.593132979e-09,-7.622107736e-09,-2.213923923e-08,-3.411803000e-08,-2.470237386e-08,-6.667321553e-09,
1.586618317e-01
l,9.0,0.0
3.471,4.231,5.011,
1.275961113e-16,1.110427718e+01
8.055229817e-10,1.370946850e-10,-6.662899667e-09,-2.194621695e-08,-4.597223055e-08,-6.323844363e-08,-4.288759177e-08,-2.167093095e-09,8.008935871e-09,
8.555601764e-11,-3.748092864e-10,1.578276971e-10,-6.907074179e-09,-2.573278356e-08,-5.951944700e-08,-6.584628490e-08,-1.741743531e-08,8.492831540e-09,
1.586627171e-01
l,9.0,1.0
3.571,4.311,5.111,
6.159112742e-17,1.285482744e+01
4.783773822e-09,2.210019106e-09,-1.984708519e-08,5.199007844e-08,6.453696216e-07,2.165143733e-06,3.639779110e-06,3.094306300e-06,1.054485619e-06,
5.049563690e-10,-2.214116851e-09,3.459563256e-10,-5.322830814e-08,-2.451625498e-07,-6.882647590e-07,-1.020347678e-06,-6.963974621e-07,-1.707429209e-07,
1.586619037e-01
l,9.0,2.0
3.611,4.411,5.211,
1.701197394e-17,1.505823592e+01
2.930443088e-08,1.204961002e-08,-1.517160294e-07,-3.558335276e-07,-9.288801069e-07,-3.115784753e-06,-6.037892684e-06,-5.613919902e-06,-2.000025622e-06,
2.978588593e-09,-1.307160553e-08,3.966982322e-09,-2.917584589e-07,-1.341521963e-06,-3.872074722e-06,-5.929015667e-06,-4.219854148e-06,-1.109101544e-06,
1.586317422e-01
l,9.0,3.0
3.691,4.491,5.311,
5.617167812e-20,2.058500292e+01
1.821045004e-07,6.589994484e-08,-1.511285377e-06,-8.356216057e-06,-3.626140145e-05,-1.012887431e-04,-1.600854449e-04,-1.307737476e-04,-4.298339230e-05,
1.757011799e-08,-7.717035993e-08,3.541839338e-08,-1.561082215e-06,-6.740858365e-06,-1.838936637e-05,-2.583073651e-05,-1.574092717e-05,-3.055277254e-06,
1.586627482e-01
l,9.0,4.0
3.771,4.571,5.391,
5.913838737e-20,2.162462860e+01
1.159917019e-06,3.419184140e-07,-1.150940079e-05,-6.938408478e-05,-2.985481518e-04,-8.028433867e-04,-1.230225173e-03,-9.836660516e-04,-3.186237596e-04,
1.130816047e-07,-4.969858858e-07,2.119295197e-07,-1.003778406e-05,-4.181586761e-05,-1.084608334e-04,-1.422679856e-04,-7.528242833e-05,-9.094260594e-06,
1.586317469e-01
l,9.0,5.0
3.831,4.651,5.471,
8.597095149e-17,1.732323988e+01
7.587710115e-06,1.834727931e-06,-7.061658573e-05,-3.594922479e-04,-1.328488631e-03,-3.227731769e-03,-4.591897904e-03,-3.453952037e-03,-1.060500772e-03,
7.277759836e-07,-3.200501848e-06,1.432096077e-06,-6.316709103e-05,-2.549775895e-04,-6.379934287e-04,-7.901982180e-04,-3.613521156e-04,-1.300644460e-05,
1.586317126e-01
l,9.0,6.0
3.911,4.711,5.531,
8.634754309e-19,2.186675744e+01
5.071366104e-05,1.840059708e-05,-4.706475128e-04,-2.861849514e-03,-1.245422540e-02,-3.381069681e-02,-5.215037363e-02,-4.188603067e-02,-1.361008320e-02,
5.112655205e-06,-2.249390692e-05,6.307070041e-06,-4.950190357e-04,-2.156123138e-03,-5.802821636e-03,-8.124343857e-03,-4.996948489e-03,-9.898605592e-04,
1.586008774e-01
l,9.0,7.0
3.971,4.791,5.611,
8.403541435e-16,1.803513669e+01
3.528071975e-04,6.243374182e-05,-3.337623236e-03,-1.736568806e-02,-6.667803696e-02,-1.661438356e-01,-2.397781448e-01,-1.818657259e-01,-5.611638424e-02,
3.290599429e-05,-1.448644613e-04,6.811625264e-05,-2.823287931e-03,-1.127117231e-02,-2.792987502e-02,-3.385754817e-02,-1.454629318e-02,3.231736458e-05,
1.586627201e-01
l,9.0,8.0
4.051,4.831,5.651,
1.542424966e-11,1.220920539e+01
2.491066931e-03,1.465197228e-03,-6.933774672e-03,2.637708290e-02,2.271339004e-01,6.285778567e-01,9.043842567e-01,6.776732789e-01,2.085163917e-01,
2.523428791e-04,-1.111508588e-03,2.703443901e-04,-2.581206521e-02,-1.213155912e-01,-3.569125242e-01,-5.597287310e-01,-4.141272777e-01,-1.156151177e-01,
1.585698185e-01
l,9.0,9.0
4.091,4.891,5.711,
1.205041677e-10,1.203353565e+01
1.816822961e-02,9.454292725e-03,-4.363528771e-02,3.785345034e-01,2.824952355e+00,8.014850210e+00,1.182680170e+01,8.951109835e+00,2.741647461e+00,
1.775070414e-03,-7.835700993e-03,1.598480778e-03,-1.829365293e-01,-8.341209016e-01,-2.378640440e+00,-3.594916671e+00,-2.534560052e+00,-6.636294068e-01,
1.585388804e-01
