l,0.0,-0.0
0.111,0.851,1.611,
2.562670598e-01,2.191623011e+00
8.613103069e-03,-1.529576472e-02,-1.904037492e-02,-5.504000516e-02,-1.504573322e-01,-4.944321441e-01,-2.451377800e+00,-4.165348333e+00,-2.201366991e+00,
1.632407963e-03,-4.147785929e-03,-4.264734041e-03,-1.085701691e-01,-5.468739075e-01,-1.484508529e+00,-2.172354469e+00,-1.614553256e+00,-4.776292137e-01,
1.588480358e-01
l,1.0,-1.0
0.431,1.191,1.971,
2.176347289e-02,4.111644286e+00
3.539921017e-03,-4.042810738e-03,1.722505805e-02,2.460749196e-01,1.037681080e+00,2.537597033e+00,3.450224879e+00,2.343685436e+00,6.086364875e-01,
6.420098612e-04,-1.695339705e-03,-1.449367661e-03,-3.944188178e-02,-1.915781058e-01,-5.276369929e-01,-8.165197300e-01,-6.653630376e-01,-2.239230921e-01,
1.589101100e-01
l,1.0,0.0
0.431,1.191,1.971,
2.176471107e-02,4.111714107e+00
3.539920086e-03,-4.042852144e-03,1.722416633e-02,2.460672699e-01,1.037642662e+00,2.537482241e+00,3.450028664e+00,2.343509787e+00,6.085729050e-01,
6.420098612e-04,-1.695339705e-03,-1.449356789e-03,-3.944162742e-02,-1.915759185e-01,-5.276279588e-01,-8.165005549e-01,-6.653429644e-01,-2.239149206e-01,
1.589101100e-01
l,1.0,1.0
0.431,1.191,1.971,
2.176347289e-02,4.111644286e+00
3.539921017e-03,-4.042810738e-03,1.722505805e-02,2.460749196e-01,1.037681080e+00,2.537597033e+00,3.450224879e+00,2.343685436e+00,6.086364875e-01,
6.420098612e-04,-1.695339705e-03,-1.449367661e-03,-3.944188178e-02,-1.915781058e-01,-5.276369929e-01,-8.165197300e-01,-6.653630376e-01,-2.239230921e-01,
1.589101100e-01
l,2.0,-2.0
0.871,1.691,2.531,
3.004516893e-04,5.180436623e+00
8.951831260e-04,-7.515858520e-04,-1.260380958e-03,8.552736587e-03,2.150851302e-03,-4.582941575e-02,-8.414764920e-02,-6.169758593e-02,-1.743271839e-02,
1.417121539e-04,-3.893681272e-04,-1.698654597e-04,-7.190091556e-03,-3.327998069e-02,-8.979797083e-02,-1.353589103e-01,-1.058441862e-01,-3.381954787e-02,
1.589272646e-01
l,2.0,-1.0
0.871,1.691,2.531,
3.004516893e-04,5.180436623e+00
8.951831260e-04,-7.515858520e-04,-1.260380958e-03,8.552736587e-03,2.150851302e-03,-4.582941575e-02,-8.414764920e-02,-6.169758593e-02,-1.743271839e-02,
1.417121539e-04,-3.893681272e-04,-1.698654597e-04,-7.190091556e-03,-3.327998069e-02,-8.979797083e-02,-1.353589103e-01,-1.058441862e-01,-3.381954787e-02,
1.589272646e-01
l,2.0,0.0
0.871,1.691,2.531,
3.004480719e-04,5.180383874e+00
8.951820200e-04,-7.515703444e-04,-1.260114638e-03,8.555199160e-03,2.162162097e-03,-4.580105648e-02,-8.410780824e-02,-6.166813581e-02,-1.742380778e-02,
1.417121539e-04,-3.893681272e-04,-1.698624880e-04,-7.190081038e-03,-3.328026969e-02,-8.979986063e-02,-1.353633579e-01,-1.058487685e-01,-3.382129535e-02,
1.589272646e-01
l,2.0,1.0
0.871,1.691,2.531,
3.004516893e-04,5.180436623e+00
8.951831260e-04,-7.515858520e-04,-1.260380958e-03,8.552736587e-03,2.150851302e-03,-4.582941575e-02,-8.414764920e-02,-6.169758593e-02,-1.743271839e-02,
1.417121539e-04,-3.893681272e-04,-1.698654597e-04,-7.190091556e-03,-3.327998069e-02,-8.979797083e-02,-1.353589103e-01,-1.058441862e-01,-3.381954787e-02,
1.589272646e-01
l,2.0,2.0
0.871,1.691,2.531,
3.004516893e-04,5.180436623e+00
8.951831260e-04,-7.515858520e-04,-1.260380958e-03,8.552736587e-03,2.150851302e-03,-4.582941575e-02,-8.414764920e-02,-6.169758593e-02,-1.743271839e-02,
1.417121539e-04,-3.893681272e-04,-1.698654597e-04,-7.190091556e-03,-3.327998069e-02,-8.979797083e-02,-1.353589103e-01,-1.058441862e-01,-3.381954787e-02,
1.589272646e-01
l,3.0,-3.0
1.371,2.251,3.131,
1.177617491e-06,1.007309263e+01
1.829344983e-04,-1.194482910e-04,-4.798228765e-04,-2.372974096e-04,-1.018923393e-02,-4.499891796e-02,-7.985068222e-02,-6.605786539e-02,-2.113282784e-02,
2.660984132e-05,-7.510292111e-05,-8.535133204e-06,-1.015698634e-03,-3.750140209e-03,-8.100723899e-03,-9.545875406e-03,-5.624699551e-03,-1.353955827e-03,
1.589272646e-01
l,3.0,-2.0
1.371,2.251,3.131,
1.177617491e-06,1.007309263e+01
1.829344983e-04,-1.194482910e-04,-4.798228765e-04,-2.372974096e-04,-1.018923393e-02,-4.499891796e-02,-7.985068222e-02,-6.605786539e-02,-2.113282784e-02,
2.660984132e-05,-7.510292111e-05,-8.535133204e-06,-1.015698634e-03,-3.750140209e-03,-8.100723899e-03,-9.545875406e-03,-5.624699551e-03,-1.353955827e-03,
1.589272646e-01
l,3.0,-1.0
1.371,2.251,3.131,
1.177617491e-06,1.007309263e+01
1.829344983e-04,-1.194482910e-04,-4.798228765e-04,-2.372974096e-04,-1.018923393e-02,-4.499891796e-02,-7.985068222e-02,-6.605786539e-02,-2.113282784e-02,
2.660984132e-05,-7.510292111e-05,-8.535133204e-06,-1.015698634e-03,-3.750140209e-03,-8.100723899e-03,-9.545875406e-03,-5.624699551e-03,-1.353955827e-03,
1.589272646e-01
l,3.0,0.0
1.371,2.251,3.131,
1.177629754e-06,1.007303047e+01
1.829340035e-04,-1.194556505e-04,-4.800141145e-04,-2.386447284e-04,-1.019382752e-02,-4.500755392e-02,-7.985978618e-02,-6.606289123e-02,-2.113395410e-02,
2.660984132e-05,-7.510292111e-05,-8.533368063e-06,-1.015636680e-03,-3.749606448e-03,-8.098717888e-03,-9.542155371e-03,-5.621354097e-03,-1.352792129e-03,
1.589272646e-01
l,3.0,1.0
1.371,2.251,3.131,
1.177617491e-06,1.007309263e+01
1.829344983e-04,-1.194482910e-04,-4.798228765e-04,-2.372974096e-04,-1.018923393e-02,-4.499891796e-02,-7.985068222e-02,-6.605786539e-02,-2.113282784e-02,
2.660984132e-05,-7.510292111e-05,-8.535133204e-06,-1.015698634e-03,-3.750140209e-03,-8.100723899e-03,-9.545875406e-03,-5.624699551e-03,-1.353955827e-03,
1.589272646e-01
l,3.0,2.0
1.371,2.251,3.131,
1.177617491e-06,1.007309263e+01
1.829344983e-04,-1.194482910e-04,-4.798228765e-04,-2.372974096e-04,-1.018923393e-02,-4.499891796e-02,-7.985068222e-02,-6.605786539e-02,-2.113282784e-02,
2.660984132e-05,-7.510292111e-05,-8.535133204e-06,-1.015698634e-03,-3.750140209e-03,-8.100723899e-03,-9.545875406e-03,-5.624699551e-03,-1.353955827e-03,
1.589272646e-01
l,3.0,3.0
1.371,2.251,3.131,
1.177617491e-06,1.007309263e+01
1.829344983e-04,-1.194482910e-04,-4.798228765e-04,-2.372974096e-04,-1.018923393e-02,-4.499891796e-02,-7.985068222e-02,-6.605786539e-02,-2.113282784e-02,
2.660984132e-05,-7.510292111e-05,-8.535133204e-06,-1.015698634e-03,-3.750140209e-03,-8.100723899e-03,-9.545875406e-03,-5.624699551e-03,-1.353955827e-03,
1.589272646e-01
l,4.0,-4.0
1.911,2.811,3.731,
2.722232246e-08,8.094251145e+00
3.442386878e-05,-1.419956725e-05,-1.103019456e-04,2.587264367e-04,1.277202820e-03,2.059233796e-03,1.661714009e-03,6.171003365e-04,6.025472093e-05,
4.814365677e-06,-1.383452991e-05,-2.337815275e-06,-2.034128687e-04,-7.774903979e-04,-1.721144085e-03,-2.050749329e-03,-1.194612788e-03,-2.724936508e-04,
1.589272646e-01
l,4.0,-3.0
1.911,2.811,3.731,
2.722232246e-08,8.094251145e+00
3.442386878e-05,-1.419956725e-05,-1.103019456e-04,2.587264367e-04,1.277202820e-03,2.059233796e-03,1.661714009e-03,6.171003365e-04,6.025472093e-05,
4.814365677e-06,-1.383452991e-05,-2.337815275e-06,-2.034128687e-04,-7.774903979e-04,-1.721144085e-03,-2.050749329e-03,-1.194612788e-03,-2.724936508e-04,
1.589272646e-01
l,4.0,-2.0
1.911,2.811,3.731,
2.722232246e-08,8.094251145e+00
3.442386878e-05,-1.419956725e-05,-1.103019456e-04,2.587264367e-04,1.277202820e-03,2.059233796e-03,1.661714009e-03,6.171003365e-04,6.025472093e-05,
4.814365677e-06,-1.383452991e-05,-2.337815275e-06,-2.034128687e-04,-7.774903979e-04,-1.721144085e-03,-2.050749329e-03,-1.194612788e-03,-2.724936508e-04,
1.589272646e-01
l,4.0,-1.0
1.911,2.811,3.731,
2.722232246e-08,8.094251145e+00
3.442386878e-05,-1.419956725e-05,-1.103019456e-04,2.587264367e-04,1.277202820e-03,2.059233796e-03,1.661714009e-03,6.171003365e-04,6.025472093e-05,
4.814365677e-06,-1.383452991e-05,-2.337815275e-06,-2.034128687e-04,-7.774903979e-04,-1.721144085e-03,-2.050749329e-03,-1.194612788e-03,-2.724936508e-04,
1.589272646e-01
l,4.0,0.0
1.911,2.811,3.731,
2.723178557e-08,8.093691006e+00
3.442366869e-05,-1.419793522e-05,-1.102835171e-04,2.588696819e-04,1.277831394e-03,2.060763636e-03,1.663790816e-03,6.185738952e-04,6.068015442e-05,
4.814365677e-06,-1.383452991e-05,-2.338409177e-06,-2.034228996e-04,-7.775592167e-04,-1.721369123e-03,-2.051126954e-03,-1.194924813e-03,-2.725942174e-04,
1.589272646e-01
l,4.0,1.0
1.911,2.811,3.731,
2.722232246e-08,8.094251145e+00
3.442386878e-05,-1.419956725e-05,-1.103019456e-04,2.587264367e-04,1.277202820e-03,2.059233796e-03,1.661714009e-03,6.171003365e-04,6.025472093e-05,
4.814365677e-06,-1.383452991e-05,-2.337815275e-06,-2.034128687e-04,-7.774903979e-04,-1.721144085e-03,-2.050749329e-03,-1.194612788e-03,-2.724936508e-04,
1.589272646e-01
l,4.0,2.0
1.911,2.811,3.731,
2.722232246e-08,8.094251145e+00
3.442386878e-05,-1.419956725e-05,-1.103019456e-04,2.587264367e-04,1.277202820e-03,2.059233796e-03,1.661714009e-03,6.171003365e-04,6.025472093e-05,
4.814365677e-06,-1.383452991e-05,-2.337815275e-06,-2.034128687e-04,-7.774903979e-04,-1.721144085e-03,-2.050749329e-03,-1.194612788e-03,-2.724936508e-04,
1.589272646e-01
l,4.0,3.0
1.911,2.811,3.731,
2.722232246e-08,8.094251145e+00
3.442386878e-05,-1.419956725e-05,-1.103019456e-04,2.587264367e-04,1.277202820e-03,2.059233796e-03,1.661714009e-03,6.171003365e-04,6.025472093e-05,
4.814365677e-06,-1.383452991e-05,-2.337815275e-06,-2.034128687e-04,-7.774903979e-04,-1.721144085e-03,-2.050749329e-03,-1.194612788e-03,-2.724936508e-04,
1.589272646e-01
l,4.0,4.0
1.911,2.811,3.731,
2.722232246e-08,8.094251145e+00
3.442386878e-05,-1.419956725e-05,-1.103019456e-04,2.587264367e-04,1.277202820e-03,2.059233796e-03,1.661714009e-03,6.171003365e-04,6.025472093e-05,
4.814365677e-06,-1.383452991e-05,-2.337815275e-06,-2.034128687e-04,-7.774903979e-04,-1.721144085e-03,-2.050749329e-03,-1.194612788e-03,-2.724936508e-04,
1.589272646e-01
l,5.0,-5.0
2.471,3.391,4.331,
1.730533268e-10,9.444379166e+00
6.045908776e-06,-7.239683170e-07,-1.573799242e-05,3.285417944e-05,1.236148356e-04,7.368292719e-05,-1.128002638e-04,-1.672454458e-04,-6.198873232e-05,
8.483762702e-07,-2.469371321e-06,-4.797135711e-07,-3.685096485e-05,-1.384476529e-04,-3.007131043e-04,-3.525113580e-04,-2.017294940e-04,-4.517855308e-05,
1.588962302e-01
l,5.0,-4.0
2.471,3.391,4.331,
1.730533268e-10,9.444379166e+00
6.045908776e-06,-7.239683170e-07,-1.573799242e-05,3.285417944e-05,1.236148356e-04,7.368292719e-05,-1.128002638e-04,-1.672454458e-04,-6.198873232e-05,
8.483762702e-07,-2.469371321e-06,-4.797135711e-07,-3.685096485e-05,-1.384476529e-04,-3.007131043e-04,-3.525113580e-04,-2.017294940e-04,-4.517855308e-05,
1.588962302e-01
l,5.0,-3.0
2.471,3.391,4.331,
1.730533268e-10,9.444379166e+00
6.045908776e-06,-7.239683170e-07,-1.573799242e-05,3.285417944e-05,1.236148356e-04,7.368292719e-05,-1.128002638e-04,-1.672454458e-04,-6.198873232e-05,
8.483762702e-07,-2.469371321e-06,-4.797135711e-07,-3.685096485e-05,-1.384476529e-04,-3.007131043e-04,-3.525113580e-04,-2.017294940e-04,-4.517855308e-05,
1.588962302e-01
l,5.0,-2.0
2.471,3.391,4.331,
1.730533268e-10,9.444379166e+00
6.045908776e-06,-7.239683170e-07,-1.573799242e-05,3.285417944e-05,1.236148356e-04,7.368292719e-05,-1.128002638e-04,-1.672454458e-04,-6.198873232e-05,
8.483762702e-07,-2.469371321e-06,-4.797135711e-07,-3.685096485e-05,-1.384476529e-04,-3.007131043e-04,-3.525113580e-04,-2.017294940e-04,-4.517855308e-05,
1.588962302e-01
l,5.0,-1.0
2.471,3.391,4.331,
1.730533268e-10,9.444379166e+00
6.045908776e-06,-7.239683170e-07,-1.573799242e-05,3.285417944e-05,1.236148356e-04,7.368292719e-05,-1.128002638e-04,-1.672454458e-04,-6.198873232e-05,
8.483762702e-07,-2.469371321e-06,-4.797135711e-07,-3.685096485e-05,-1.384476529e-04,-3.007131043e-04,-3.525113580e-04,-2.017294940e-04,-4.517855308e-05,
1.588962302e-01
l,5.0,0.0
2.471,3.391,4.331,
1.730658157e-10,9.444274778e+00
6.045847840e-06,-7.237656179e-07,-1.573679067e-05,3.286196098e-05,1.236496610e-04,7.376545383e-05,-1.126948922e-04,-1.671761079e-04,-6.197022107e-05,
8.483762702e-07,-2.469371321e-06,-4.800305185e-07,-3.685454137e-05,-1.384646460e-04,-3.007548305e-04,-3.525673952e-04,-2.017681190e-04,-4.518921022e-05,
1.588962302e-01
l,5.0,1.0
2.471,3.391,4.331,
1.730533268e-10,9.444379166e+00
6.045908776e-06,-7.239683170e-07,-1.573799242e-05,3.285417944e-05,1.236148356e-04,7.368292719e-05,-1.128002638e-04,-1.672454458e-04,-6.198873232e-05,
8.483762702e-07,-2.469371321e-06,-4.797135711e-07,-3.685096485e-05,-1.384476529e-04,-3.007131043e-04,-3.525113580e-04,-2.017294940e-04,-4.517855308e-05,
1.588962302e-01
l,5.0,2.0
2.471,3.391,4.331,
1.730533268e-10,9.444379166e+00
6.045908776e-06,-7.239683170e-07,-1.573799242e-05,3.285417944e-05,1.236148356e-04,7.368292719e-05,-1.128002638e-04,-1.672454458e-04,-6.198873232e-05,
8.483762702e-07,-2.469371321e-06,-4.797135711e-07,-3.685096485e-05,-1.384476529e-04,-3.007131043e-04,-3.525113580e-04,-2.017294940e-04,-4.517855308e-05,
1.588962302e-01
l,5.0,3.0
2.471,3.391,4.331,
1.730533268e-10,9.444379166e+00
6.045908776e-06,-7.239683170e-07,-1.573799242e-05,3.285417944e-05,1.236148356e-04,7.368292719e-05,-1.128002638e-04,-1.672454458e-04,-6.198873232e-05,
8.483762702e-07,-2.469371321e-06,-4.797135711e-07,-3.685096485e-05,-1.384476529e-04,-3.007131043e-04,-3.525113580e-04,-2.017294940e-04,-4.517855308e-05,
1.588962302e-01
l,5.0,4.0
2.471,3.391,4.331,
1.730533268e-10,9.444379166e+00
6.045908776e-06,-7.239683170e-07,-1.573799242e-05,3.285417944e-05,1.236148356e-04,7.368292719e-05,-1.128002638e-04,-1.672454458e-04,-6.198873232e-05,
8.483762702e-07,-2.469371321e-06,-4.797135711e-07,-3.685096485e-05,-1.384476529e-04,-3.007131043e-04,-3.525113580e-04,-2.017294940e-04,-4.517855308e-05,
1.588962302e-01
l,5.0,5.0
2.471,3.391,4.331,
1.730533268e-10,9.444379166e+00
6.045908776e-06,-7.239683170e-07,-1.573799242e-05,3.285417944e-05,1.236148356e-04,7.368292719e-05,-1.128002638e-04,-1.672454458e-04,-6.198873232e-05,
8.483762702e-07,-2.469371321e-06,-4.797135711e-07,-3.685096485e-05,-1.384476529e-04,-3.007131043e-04,-3.525113580e-04,-2.017294940e-04,-4.517855308e-05,
1.588962302e-01
l,6.0,-6.0
3.051,3.991,4.951,
2.835747240e-13,1.183028148e+01
1.021276944e-06,-2.553032561e-08,-2.784674291e-06,3.219143095e-06,1.418981030e-05,1.218431059e-06,-3.251282820e-05,-3.824163924e-05,-1.363585676e-05,
1.382983283e-07,-4.065436765e-07,-4.216297383e-08,-5.695776147e-06,-2.072545417e-05,-4.421827996e-05,-5.093457090e-05,-2.838827789e-05,-6.129637794e-06,
1.589101100e-01
l,6.0,-5.0
3.051,3.991,4.951,
2.835747240e-13,1.183028148e+01
1.021276944e-06,-2.553032561e-08,-2.784674291e-06,3.219143095e-06,1.418981030e-05,1.218431059e-06,-3.251282820e-05,-3.824163924e-05,-1.363585676e-05,
1.382983283e-07,-4.065436765e-07,-4.216297383e-08,-5.695776147e-06,-2.072545417e-05,-4.421827996e-05,-5.093457090e-05,-2.838827789e-05,-6.129637794e-06,
1.589101100e-01
l,6.0,-4.0
3.051,3.991,4.951,
2.835747240e-13,1.183028148e+01
1.021276944e-06,-2.553032561e-08,-2.784674291e-06,3.219143095e-06,1.418981030e-05,1.218431059e-06,-3.251282820e-05,-3.824163924e-05,-1.363585676e-05,
1.382983283e-07,-4.065436765e-07,-4.216297383e-08,-5.695776147e-06,-2.072545417e-05,-4.421827996e-05,-5.093457090e-05,-2.838827789e-05,-6.129637794e-06,
1.589101100e-01
l,6.0,-3.0
3.051,3.991,4.951,
2.835747240e-13,1.183028148e+01
1.021276944e-06,-2.553032561e-08,-2.784674291e-06,3.219143095e-06,1.418981030e-05,1.218431059e-06,-3.251282820e-05,-3.824163924e-05,-1.363585676e-05,
1.382983283e-07,-4.065436765e-07,-4.216297383e-08,-5.695776147e-06,-2.072545417e-05,-4.421827996e-05,-5.093457090e-05,-2.838827789e-05,-6.129637794e-06,
1.589101100e-01
l,6.0,-2.0
3.051,3.991,4.951,
2.835747240e-13,1.183028148e+01
1.021276944e-06,-2.553032561e-08,-2.784674291e-06,3.219143095e-06,1.418981030e-05,1.218431059e-06,-3.251282820e-05,-3.824163924e-05,-1.363585676e-05,
1.382983283e-07,-4.065436765e-07,-4.216297383e-08,-5.695776147e-06,-2.072545417e-05,-4.421827996e-05,-5.093457090e-05,-2.838827789e-05,-6.129637794e-06,
1.589101100e-01
l,6.0,-1.0
3.051,3.991,4.951,
2.835747240e-13,1.183028148e+01
1.021276944e-06,-2.553032561e-08,-2.784674291e-06,3.219143095e-06,1.418981030e-05,1.218431059e-06,-3.251282820e-05,-3.824163924e-05,-1.363585676e-05,
1.382983283e-07,-4.065436765e-07,-4.216297383e-08,-5.695776147e-06,-2.072545417e-05,-4.421827996e-05,-5.093457090e-05,-2.838827789e-05,-6.129637794e-06,
1.589101100e-01
l,6.0,0.0
3.051,3.991,4.951,
2.835238768e-13,1.183041529e+01
1.021262051e-06,-2.550058897e-08,-2.784821658e-06,3.217355449e-06,1.418357932e-05,1.206755307e-06,-3.252540441e-05,-3.824893259e-05,-1.363761865e-05,
1.382983283e-07,-4.065436765e-07,-4.218432800e-08,-5.695975044e-06,-2.072629100e-05,-4.422002342e-05,-5.093655046e-05,-2.838937575e-05,-6.129856071e-06,
1.589101100e-01
l,6.0,1.0
3.051,3.991,4.951,
2.835747240e-13,1.183028148e+01
1.021276944e-06,-2.553032561e-08,-2.784674291e-06,3.219143095e-06,1.418981030e-05,1.218431059e-06,-3.251282820e-05,-3.824163924e-05,-1.363585676e-05,
1.382983283e-07,-4.065436765e-07,-4.216297383e-08,-5.695776147e-06,-2.072545417e-05,-4.421827996e-05,-5.093457090e-05,-2.838827789e-05,-6.129637794e-06,
1.589101100e-01
l,6.0,2.0
3.051,3.991,4.951,
2.835747240e-13,1.183028148e+01
1.021276944e-06,-2.553032561e-08,-2.784674291e-06,3.219143095e-06,1.418981030e-05,1.218431059e-06,-3.251282820e-05,-3.824163924e-05,-1.363585676e-05,
1.382983283e-07,-4.065436765e-07,-4.216297383e-08,-5.695776147e-06,-2.072545417e-05,-4.421827996e-05,-5.093457090e-05,-2.838827789e-05,-6.129637794e-06,
1.589101100e-01
l,6.0,3.0
3.051,3.991,4.951,
2.835747240e-13,1.183028148e+01
1.021276944e-06,-2.553032561e-08,-2.784674291e-06,3.219143095e-06,1.418981030e-05,1.218431059e-06,-3.251282820e-05,-3.824163924e-05,-1.363585676e-05,
1.382983283e-07,-4.065436765e-07,-4.216297383e-08,-5.695776147e-06,-2.072545417e-05,-4.421827996e-05,-5.093457090e-05,-2.838827789e-05,-6.129637794e-06,
1.589101100e-01
l,6.0,4.0
3.051,3.991,4.951,
2.835747240e-13,1.183028148e+01
1.021276944e-06,-2.553032561e-08,-2.784674291e-06,3.219143095e-06,1.418981030e-05,1.218431059e-06,-3.251282820e-05,-3.824163924e-05,-1.363585676e-05,
1.382983283e-07,-4.065436765e-07,-4.216297383e-08,-5.695776147e-06,-2.072545417e-05,-4.421827996e-05,-5.093457090e-05,-2.838827789e-05,-6.129637794e-06,
1.589101100e-01
l,6.0,5.0
3.051,3.991,4.951,
2.835747240e-13,1.183028148e+01
1.021276944e-06,-2.553032561e-08,-2.784674291e-06,3.219143095e-06,1.418981030e-05,1.218431059e-06,-3.251282820e-05,-3.824163924e-05,-1.363585676e-05,
1.382983283e-07,-4.065436765e-07,-4.216297383e-08,-5.695776147e-06,-2.072545417e-05,-4.421827996e-05,-5.093457090e-05,-2.838827789e-05,-6.129637794e-06,
1.589101100e-01
l,6.0,6.0
3.051,3.991,4.951,
2.835747240e-13,1.183028148e+01
1.021276944e-06,-2.553032561e-08,-2.784674291e-06,3.219143095e-06,1.418981030e-05,1.218431059e-06,-3.251282820e-05,-3.824163924e-05,-1.363585676e-05,
1.382983283e-07,-4.065436765e-07,-4.216297383e-08,-5.695776147e-06,-2.072545417e-05,-4.421827996e-05,-5.093457090e-05,-2.838827789e-05,-6.129637794e-06,
1.589101100e-01
l,7.0,-7.0
3.631,4.591,5.571,
1.502382286e-14,1.110009088e+01
1.681894020e-07,5.977567869e-09,-5.924610633e-07,-4.879915723e-07,-1.815173577e-07,-2.098668562e-06,-4.705454590e-06,-3.901693106e-06,-1.149407252e-06,
2.219171075e-08,-6.573388329e-08,8.699324501e-09,-7.503047711e-07,-2.541282559e-06,-5.229905782e-06,-5.752634621e-06,-2.911396481e-06,-5.264800404e-07,
1.589272646e-01
l,7.0,-6.0
3.631,4.591,5.571,
1.502382286e-14,1.110009088e+01
1.681894020e-07,5.977567869e-09,-5.924610633e-07,-4.879915723e-07,-1.815173577e-07,-2.098668562e-06,-4.705454590e-06,-3.901693106e-06,-1.149407252e-06,
2.219171075e-08,-6.573388329e-08,8.699324501e-09,-7.503047711e-07,-2.541282559e-06,-5.229905782e-06,-5.752634621e-06,-2.911396481e-06,-5.264800404e-07,
1.589272646e-01
l,7.0,-5.0
3.631,4.591,5.571,
1.502382286e-14,1.110009088e+01
1.681894020e-07,5.977567869e-09,-5.924610633e-07,-4.879915723e-07,-1.815173577e-07,-2.098668562e-06,-4.705454590e-06,-3.901693106e-06,-1.149407252e-06,
2.219171075e-08,-6.573388329e-08,8.699324501e-09,-7.503047711e-07,-2.541282559e-06,-5.229905782e-06,-5.752634621e-06,-2.911396481e-06,-5.264800404e-07,
1.589272646e-01
l,7.0,-4.0
3.631,4.591,5.571,
1.502382286e-14,1.110009088e+01
1.681894020e-07,5.977567869e-09,-5.924610633e-07,-4.879915723e-07,-1.815173577e-07,-2.098668562e-06,-4.705454590e-06,-3.901693106e-06,-1.149407252e-06,
2.219171075e-08,-6.573388329e-08,8.699324501e-09,-7.503047711e-07,-2.541282559e-06,-5.229905782e-06,-5.752634621e-06,-2.911396481e-06,-5.264800404e-07,
1.589272646e-01
l,7.0,-3.0
3.631,4.591,5.571,
1.502382286e-14,1.110009088e+01
1.681894020e-07,5.977567869e-09,-5.924610633e-07,-4.879915723e-07,-1.815173577e-07,-2.098668562e-06,-4.705454590e-06,-3.901693106e-06,-1.149407252e-06,
2.219171075e-08,-6.573388329e-08,8.699324501e-09,-7.503047711e-07,-2.541282559e-06,-5.229905782e-06,-5.752634621e-06,-2.911396481e-06,-5.264800404e-07,
1.589272646e-01
l,7.0,-2.0
3.631,4.591,5.571,
1.502382286e-14,1.110009088e+01
1.681894020e-07,5.977567869e-09,-5.924610633e-07,-4.879915723e-07,-1.815173577e-07,-2.098668562e-06,-4.705454590e-06,-3.901693106e-06,-1.149407252e-06,
2.219171075e-08,-6.573388329e-08,8.699324501e-09,-7.503047711e-07,-2.541282559e-06,-5.229905782e-06,-5.752634621e-06,-2.911396481e-06,-5.264800404e-07,
1.589272646e-01
l,7.0,-1.0
3.631,4.591,5.571,
1.502382286e-14,1.110009088e+01
1.681894020e-07,5.977567869e-09,-5.924610633e-07,-4.879915723e-07,-1.815173577e-07,-2.098668562e-06,-4.705454590e-06,-3.901693106e-06,-1.149407252e-06,
2.219171075e-08,-6.573388329e-08,8.699324501e-09,-7.503047711e-07,-2.541282559e-06,-5.229905782e-06,-5.752634621e-06,-2.911396481e-06,-5.264800404e-07,
1.589272646e-01
l,7.0,0.0
3.631,4.591,5.571,
1.501793626e-14,1.110036376e+01
1.681860056e-07,5.982924119e-09,-5.924970125e-07,-4.883969739e-07,-1.829466858e-07,-2.101419422e-06,-4.708520325e-06,-3.903537618e-06,-1.149869278e-06,
2.219171075e-08,-6.573388329e-08,8.698683864e-09,-7.502994996e-07,-2.541244764e-06,-5.229784807e-06,-5.752448701e-06,-2.911241891e-06,-5.264257615e-07,
1.589272646e-01
l,7.0,1.0
3.631,4.591,5.571,
1.502382286e-14,1.110009088e+01
1.681894020e-07,5.977567869e-09,-5.924610633e-07,-4.879915723e-07,-1.815173577e-07,-2.098668562e-06,-4.705454590e-06,-3.901693106e-06,-1.149407252e-06,
2.219171075e-08,-6.573388329e-08,8.699324501e-09,-7.503047711e-07,-2.541282559e-06,-5.229905782e-06,-5.752634621e-06,-2.911396481e-06,-5.264800404e-07,
1.589272646e-01
l,7.0,2.0
3.631,4.591,5.571,
1.502382286e-14,1.110009088e+01
1.681894020e-07,5.977567869e-09,-5.924610633e-07,-4.879915723e-07,-1.815173577e-07,-2.098668562e-06,-4.705454590e-06,-3.901693106e-06,-1.149407252e-06,
2.219171075e-08,-6.573388329e-08,8.699324501e-09,-7.503047711e-07,-2.541282559e-06,-5.229905782e-06,-5.752634621e-06,-2.911396481e-06,-5.264800404e-07,
1.589272646e-01
l,7.0,3.0
3.631,4.591,5.571,
1.502382286e-14,1.110009088e+01
1.681894020e-07,5.977567869e-09,-5.924610633e-07,-4.879915723e-07,-1.815173577e-07,-2.098668562e-06,-4.705454590e-06,-3.901693106e-06,-1.149407252e-06,
2.219171075e-08,-6.573388329e-08,8.699324501e-09,-7.503047711e-07,-2.541282559e-06,-5.229905782e-06,-5.752634621e-06,-2.911396481e-06,-5.264800404e-07,
1.589272646e-01
l,7.0,4.0
3.631,4.591,5.571,
1.502382286e-14,1.110009088e+01
1.681894020e-07,5.977567869e-09,-5.924610633e-07,-4.879915723e-07,-1.815173577e-07,-2.098668562e-06,-4.705454590e-06,-3.901693106e-06,-1.149407252e-06,
2.219171075e-08,-6.573388329e-08,8.699324501e-09,-7.503047711e-07,-2.541282559e-06,-5.229905782e-06,-5.752634621e-06,-2.911396481e-06,-5.264800404e-07,
1.589272646e-01
l,7.0,5.0
3.631,4.591,5.571,
1.502382286e-14,1.110009088e+01
1.681894020e-07,5.977567869e-09,-5.924610633e-07,-4.879915723e-07,-1.815173577e-07,-2.098668562e-06,-4.705454590e-06,-3.901693106e-06,-1.149407252e-06,
2.219171075e-08,-6.573388329e-08,8.699324501e-09,-7.503047711e-07,-2.541282559e-06,-5.229905782e-06,-5.752634621e-06,-2.911396481e-06,-5.264800404e-07,
1.589272646e-01
l,7.0,6.0
3.631,4.591,5.571,
1.502382286e-14,1.110009088e+01
1.681894020e-07,5.977567869e-09,-5.924610633e-07,-4.879915723e-07,-1.815173577e-07,-2.098668562e-06,-4.705454590e-06,-3.901693106e-06,-1.149407252e-06,
2.219171075e-08,-6.573388329e-08,8.699324501e-09,-7.503047711e-07,-2.541282559e-06,-5.229905782e-06,-5.752634621e-06,-2.911396481e-06,-5.264800404e-07,
1.589272646e-01
l,7.0,7.0
3.631,4.591,5.571,
1.502382286e-14,1.110009088e+01
1.681894020e-07,5.977567869e-09,-5.924610633e-07,-4.879915723e-07,-1.815173577e-07,-2.098668562e-06,-4.705454590e-06,-3.901693106e-06,-1.149407252e-06,
2.219171075e-08,-6.573388329e-08,8.699324501e-09,-7.503047711e-07,-2.541282559e-06,-5.229905782e-06,-5.752634621e-06,-2.911396481e-06,-5.264800404e-07,
1.589272646e-01
l,8.0,-8.0
4.231,5.211,6.191,
1.203086572e-16,1.202411392e+01
2.716376990e-08,2.227086974e-10,-8.523673831e-08,4.377127954e-08,5.404274924e-07,9.950458336e-07,9.043136082e-07,4.286699466e-07,8.491428351e-08,
3.516076755e-09,-1.047814737e-08,1.788531539e-09,-1.172835107e-07,-3.946550945e-07,-8.113316558e-07,-8.889407632e-07,-4.447919725e-07,-7.847194438e-08,
1.589101100e-01
l,8.0,-7.0
4.231,5.211,6.191,
1.203086572e-16,1.202411392e+01
2.716376990e-08,2.227086974e-10,-8.523673831e-08,4.377127954e-08,5.404274924e-07,9.950458336e-07,9.043136082e-07,4.286699466e-07,8.491428351e-08,
3.516076755e-09,-1.047814737e-08,1.788531539e-09,-1.172835107e-07,-3.946550945e-07,-8.113316558e-07,-8.889407632e-07,-4.447919725e-07,-7.847194438e-08,
1.589101100e-01
l,8.0,-6.0
4.231,5.211,6.191,
1.203086572e-16,1.202411392e+01
2.716376990e-08,2.227086974e-10,-8.523673831e-08,4.377127954e-08,5.404274924e-07,9.950458336e-07,9.043136082e-07,4.286699466e-07,8.491428351e-08,
3.516076755e-09,-1.047814737e-08,1.788531539e-09,-1.172835107e-07,-3.946550945e-07,-8.113316558e-07,-8.889407632e-07,-4.447919725e-07,-7.847194438e-08,
1.589101100e-01
l,8.0,-5.0
4.231,5.211,6.191,
1.203086572e-16,1.202411392e+01
2.716376990e-08,2.227086974e-10,-8.523673831e-08,4.377127954e-08,5.404274924e-07,9.950458336e-07,9.043136082e-07,4.286699466e-07,8.491428351e-08,
3.516076755e-09,-1.047814737e-08,1.788531539e-09,-1.172835107e-07,-3.946550945e-07,-8.113316558e-07,-8.889407632e-07,-4.447919725e-07,-7.847194438e-08,
1.589101100e-01
l,8.0,-4.0
4.231,5.211,6.191,
1.203086572e-16,1.202411392e+01
2.716376990e-08,2.227086974e-10,-8.523673831e-08,4.377127954e-08,5.404274924e-07,9.950458336e-07,9.043136082e-07,4.286699466e-07,8.491428351e-08,
3.516076755e-09,-1.047814737e-08,1.788531539e-09,-1.172835107e-07,-3.946550945e-07,-8.113316558e-07,-8.889407632e-07,-4.447919725e-07,-7.847194438e-08,
1.589101100e-01
l,8.0,-3.0
4.231,5.211,6.191,
1.203086572e-16,1.202411392e+01
2.716376990e-08,2.227086974e-10,-8.523673831e-08,4.377127954e-08,5.404274924e-07,9.950458336e-07,9.043136082e-07,4.286699466e-07,8.491428351e-08,
3.516076755e-09,-1.047814737e-08,1.788531539e-09,-1.172835107e-07,-3.946550945e-07,-8.113316558e-07,-8.889407632e-07,-4.447919725e-07,-7.847194438e-08,
1.589101100e-01
l,8.0,-2.0
4.231,5.211,6.191,
1.203086572e-16,1.202411392e+01
2.716376990e-08,2.227086974e-10,-8.523673831e-08,4.377127954e-08,5.404274924e-07,9.950458336e-07,9.043136082e-07,4.286699466e-07,8.491428351e-08,
3.516076755e-09,-1.047814737e-08,1.788531539e-09,-1.172835107e-07,-3.946550945e-07,-8.113316558e-07,-8.889407632e-07,-4.447919725e-07,-7.847194438e-08,
1.589101100e-01
l,8.0,-1.0
4.231,5.211,6.191,
1.203086572e-16,1.202411392e+01
2.716376990e-08,2.227086974e-10,-8.523673831e-08,4.377127954e-08,5.404274924e-07,9.950458336e-07,9.043136082e-07,4.286699466e-07,8.491428351e-08,
3.516076755e-09,-1.047814737e-08,1.788531539e-09,-1.172835107e-07,-3.946550945e-07,-8.113316558e-07,-8.889407632e-07,-4.447919725e-07,-7.847194438e-08,
1.589101100e-01
l,8.0,0.0
4.231,5.211,6.191,
1.200345804e-16,1.202565992e+01
2.716305048e-08,2.238712655e-10,-8.524307653e-08,4.368598775e-08,5.400824850e-07,9.942811976e-07,9.033462108e-07,4.280232568e-07,8.473805261e-08,
3.516076755e-09,-1.047814737e-08,1.787799532e-09,-1.172890055e-07,-3.946749149e-07,-8.113638087e-07,-8.889642172e-07,-4.447933925e-07,-7.846774366e-08,
1.589101100e-01
l,8.0,1.0
4.231,5.211,6.191,
1.203086572e-16,1.202411392e+01
2.716376990e-08,2.227086974e-10,-8.523673831e-08,4.377127954e-08,5.404274924e-07,9.950458336e-07,9.043136082e-07,4.286699466e-07,8.491428351e-08,
3.516076755e-09,-1.047814737e-08,1.788531539e-09,-1.172835107e-07,-3.946550945e-07,-8.113316558e-07,-8.889407632e-07,-4.447919725e-07,-7.847194438e-08,
1.589101100e-01
l,8.0,2.0
4.231,5.211,6.191,
1.203086572e-16,1.202411392e+01
2.716376990e-08,2.227086974e-10,-8.523673831e-08,4.377127954e-08,5.404274924e-07,9.950458336e-07,9.043136082e-07,4.286699466e-07,8.491428351e-08,
3.516076755e-09,-1.047814737e-08,1.788531539e-09,-1.172835107e-07,-3.946550945e-07,-8.113316558e-07,-8.889407632e-07,-4.447919725e-07,-7.847194438e-08,
1.589101100e-01
l,8.0,3.0
4.231,5.211,6.191,
1.203086572e-16,1.202411392e+01
2.716376990e-08,2.227086974e-10,-8.523673831e-08,4.377127954e-08,5.404274924e-07,9.950458336e-07,9.043136082e-07,4.286699466e-07,8.491428351e-08,
3.516076755e-09,-1.047814737e-08,1.788531539e-09,-1.172835107e-07,-3.946550945e-07,-8.113316558e-07,-8.889407632e-07,-4.447919725e-07,-7.847194438e-08,
1.589101100e-01
l,8.0,4.0
4.231,5.211,6.191,
1.203086572e-16,1.202411392e+01
2.716376990e-08,2.227086974e-10,-8.523673831e-08,4.377127954e-08,5.404274924e-07,9.950458336e-07,9.043136082e-07,4.286699466e-07,8.491428351e-08,
3.516076755e-09,-1.047814737e-08,1.788531539e-09,-1.172835107e-07,-3.946550945e-07,-8.113316558e-07,-8.889407632e-07,-4.447919725e-07,-7.847194438e-08,
1.589101100e-01
l,8.0,5.0
4.231,5.211,6.191,
1.203086572e-16,1.202411392e+01
2.716376990e-08,2.227086974e-10,-8.523673831e-08,4.377127954e-08,5.404274924e-07,9.950458336e-07,9.043136082e-07,4.286699466e-07,8.491428351e-08,
3.516076755e-09,-1.047814737e-08,1.788531539e-09,-1.172835107e-07,-3.946550945e-07,-8.113316558e-07,-8.889407632e-07,-4.447919725e-07,-7.847194438e-08,
1.589101100e-01
l,8.0,6.0
4.231,5.211,6.191,
1.203086572e-16,1.202411392e+01
2.716376990e-08,2.227086974e-10,-8.523673831e-08,4.377127954e-08,5.404274924e-07,9.950458336e-07,9.043136082e-07,4.286699466e-07,8.491428351e-08,
3.516076755e-09,-1.047814737e-08,1.788531539e-09,-1.172835107e-07,-3.946550945e-07,-8.113316558e-07,-8.889407632e-07,-4.447919725e-07,-7.847194438e-08,
1.589101100e-01
l,8.0,7.0
4.231,5.211,6.191,
1.203086572e-16,1.202411392e+01
2.716376990e-08,2.227086974e-10,-8.523673831e-08,4.377127954e-08,5.404274924e-07,9.950458336e-07,9.043136082e-07,4.286699466e-07,8.491428351e-08,
3.516076755e-09,-1.047814737e-08,1.788531539e-09,-1.172835107e-07,-3.946550945e-07,-8.113316558e-07,-8.889407632e-07,-4.447919725e-07,-7.847194438e-08,
1.589101100e-01
l,8.0,8.0
4.231,5.211,6.191,
1.203086572e-16,1.202411392e+01
2.716376990e-08,2.227086974e-10,-8.523673831e-08,4.377127954e-08,5.404274924e-07,9.950458336e-07,9.043136082e-07,4.286699466e-07,8.491428351e-08,
3.516076755e-09,-1.047814737e-08,1.788531539e-09,-1.172835107e-07,-3.946550945e-07,-8.113316558e-07,-8.889407632e-07,-4.447919725e-07,-7.847194438e-08,
1.589101100e-01
l,9.0,-9.0
4.811,5.791,6.791,
8.377742448e-19,1.300575017e+01
4.314249846e-09,1.069083758e-09,-1.312192162e-08,-1.207990078e-09,6.782555811e-08,1.463535725e-07,1.492992483e-07,7.886808179e-08,1.735832617e-08,
5.855549402e-10,-1.753349956e-09,6.157710412e-11,-2.211266836e-08,-7.825013037e-08,-1.666875939e-07,-1.915576700e-07,-1.037454687e-07,-2.082416274e-08,
1.588962302e-01
l,9.0,-8.0
4.811,5.791,6.791,
8.377742448e-19,1.300575017e+01
4.314249846e-09,1.069083758e-09,-1.312192162e-08,-1.207990078e-09,6.782555811e-08,1.463535725e-07,1.492992483e-07,7.886808179e-08,1.735832617e-08,
5.855549402e-10,-1.753349956e-09,6.157710412e-11,-2.211266836e-08,-7.825013037e-08,-1.666875939e-07,-1.915576700e-07,-1.037454687e-07,-2.082416274e-08,
1.588962302e-01
l,9.0,-7.0
4.811,5.791,6.791,
8.377742448e-19,1.300575017e+01
4.314249846e-09,1.069083758e-09,-1.312192162e-08,-1.207990078e-09,6.782555811e-08,1.463535725e-07,1.492992483e-07,7.886808179e-08,1.735832617e-08,
5.855549402e-10,-1.753349956e-09,6.157710412e-11,-2.211266836e-08,-7.825013037e-08,-1.666875939e-07,-1.915576700e-07,-1.037454687e-07,-2.082416274e-08,
1.588962302e-01
l,9.0,-6.0
4.811,5.791,6.791,
8.377742448e-19,1.300575017e+01
4.314249846e-09,1.069083758e-09,-1.312192162e-08,-1.207990078e-09,6.782555811e-08,1.463535725e-07,1.492992483e-07,7.886808179e-08,1.735832617e-08,
5.855549402e-10,-1.753349956e-09,6.157710412e-11,-2.211266836e-08,-7.825013037e-08,-1.666875939e-07,-1.915576700e-07,-1.037454687e-07,-2.082416274e-08,
1.588962302e-01
l,9.0,-5.0
4.811,5.791,6.791,
8.377742448e-19,1.300575017e+01
4.314249846e-09,1.069083758e-09,-1.312192162e-08,-1.207990078e-09,6.782555811e-08,1.463535725e-07,1.492992483e-07,7.886808179e-08,1.735832617e-08,
5.855549402e-10,-1.753349956e-09,6.157710412e-11,-2.211266836e-08,-7.825013037e-08,-1.666875939e-07,-1.915576700e-07,-1.037454687e-07,-2.082416274e-08,
1.588962302e-01
l,9.0,-4.0
4.811,5.791,6.791,
8.377742448e-19,1.300575017e+01
4.314249846e-09,1.069083758e-09,-1.312192162e-08,-1.207990078e-09,6.782555811e-08,1.463535725e-07,1.492992483e-07,7.886808179e-08,1.735832617e-08,
5.855549402e-10,-1.753349956e-09,6.157710412e-11,-2.211266836e-08,-7.825013037e-08,-1.666875939e-07,-1.915576700e-07,-1.037454687e-07,-2.082416274e-08,
1.588962302e-01
l,9.0,-3.0
4.811,5.791,6.791,
8.377742448e-19,1.300575017e+01
4.314249846e-09,1.069083758e-09,-1.312192162e-08,-1.207990078e-09,6.782555811e-08,1.463535725e-07,1.492992483e-07,7.886808179e-08,1.735832617e-08,
5.855549402e-10,-1.753349956e-09,6.157710412e-11,-2.211266836e-08,-7.825013037e-08,-1.666875939e-07,-1.915576700e-07,-1.037454687e-07,-2.082416274e-08,
1.588962302e-01
l,9.0,-2.0
4.811,5.791,6.791,
8.377742448e-19,1.300575017e+01
4.314249846e-09,1.069083758e-09,-1.312192162e-08,-1.207990078e-09,6.782555811e-08,1.463535725e-07,1.492992483e-07,7.886808179e-08,1.735832617e-08,
5.855549402e-10,-1.753349956e-09,6.157710412e-11,-2.211266836e-08,-7.825013037e-08,-1.666875939e-07,-1.915576700e-07,-1.037454687e-07,-2.082416274e-08,
1.588962302e-01
l,9.0,-1.0
4.811,5.791,6.791,
8.377742448e-19,1.300575017e+01
4.314249846e-09,1.069083758e-09,-1.312192162e-08,-1.207990078e-09,6.782555811e-08,1.463535725e-07,1.492992483e-07,7.886808179e-08,1.735832617e-08,
5.855549402e-10,-1.753349956e-09,6.157710412e-11,-2.211266836e-08,-7.825013037e-08,-1.666875939e-07,-1.915576700e-07,-1.037454687e-07,-2.082416274e-08,
1.588962302e-01
l,9.0,0.0
4.811,5.791,6.791,
8.367375374e-19,1.300649838e+01
4.314094859e-09,1.069219348e-09,-1.312343220e-08,-1.224283277e-09,6.776812999e-08,1.462436434e-07,1.491776692e-07,7.879544932e-08,1.734023986e-08,
5.855549402e-10,-1.753349956e-09,6.154999146e-11,-2.211181861e-08,-7.824284995e-08,-1.666634674e-07,-1.915201727e-07,-1.037170391e-07,-2.081566244e-08,
1.588962302e-01
l,9.0,1.0
4.811,5.791,6.791,
8.377742448e-19,1.300575017e+01
4.314249846e-09,1.069083758e-09,-1.312192162e-08,-1.207990078e-09,6.782555811e-08,1.463535725e-07,1.492992483e-07,7.886808179e-08,1.735832617e-08,
5.855549402e-10,-1.753349956e-09,6.157710412e-11,-2.211266836e-08,-7.825013037e-08,-1.666875939e-07,-1.915576700e-07,-1.037454687e-07,-2.082416274e-08,
1.588962302e-01
l,9.0,2.0
4.811,5.791,6.791,
8.377742448e-19,1.300575017e+01
4.314249846e-09,1.069083758e-09,-1.312192162e-08,-1.207990078e-09,6.782555811e-08,1.463535725e-07,1.492992483e-07,7.886808179e-08,1.735832617e-08,
5.855549402e-10,-1.753349956e-09,6.157710412e-11,-2.211266836e-08,-7.825013037e-08,-1.666875939e-07,-1.915576700e-07,-1.037454687e-07,-2.082416274e-08,
1.588962302e-01
l,9.0,3.0
4.811,5.791,6.791,
8.377742448e-19,1.300575017e+01
4.314249846e-09,1.069083758e-09,-1.312192162e-08,-1.207990078e-09,6.782555811e-08,1.463535725e-07,1.492992483e-07,7.886808179e-08,1.735832617e-08,
5.855549402e-10,-1.753349956e-09,6.157710412e-11,-2.211266836e-08,-7.825013037e-08,-1.666875939e-07,-1.915576700e-07,-1.037454687e-07,-2.082416274e-08,
1.588962302e-01
l,9.0,4.0
4.811,5.791,6.791,
8.377742448e-19,1.300575017e+01
4.314249846e-09,1.069083758e-09,-1.312192162e-08,-1.207990078e-09,6.782555811e-08,1.463535725e-07,1.492992483e-07,7.886808179e-08,1.735832617e-08,
5.855549402e-10,-1.753349956e-09,6.157710412e-11,-2.211266836e-08,-7.825013037e-08,-1.666875939e-07,-1.915576700e-07,-1.037454687e-07,-2.082416274e-08,
1.588962302e-01
l,9.0,5.0
4.811,5.791,6.791,
8.377742448e-19,1.300575017e+01
4.314249846e-09,1.069083758e-09,-1.312192162e-08,-1.207990078e-09,6.782555811e-08,1.463535725e-07,1.492992483e-07,7.886808179e-08,1.735832617e-08,
5.855549402e-10,-1.753349956e-09,6.157710412e-11,-2.211266836e-08,-7.825013037e-08,-1.666875939e-07,-1.915576700e-07,-1.037454687e-07,-2.082416274e-08,
1.588962302e-01
l,9.0,6.0
4.811,5.791,6.791,
8.377742448e-19,1.300575017e+01
4.314249846e-09,1.069083758e-09,-1.312192162e-08,-1.207990078e-09,6.782555811e-08,1.463535725e-07,1.492992483e-07,7.886808179e-08,1.735832617e-08,
5.855549402e-10,-1.753349956e-09,6.157710412e-11,-2.211266836e-08,-7.825013037e-08,-1.666875939e-07,-1.915576700e-07,-1.037454687e-07,-2.082416274e-08,
1.588962302e-01
l,9.0,7.0
4.811,5.791,6.791,
8.377742448e-19,1.300575017e+01
4.314249846e-09,1.069083758e-09,-1.312192162e-08,-1.207990078e-09,6.782555811e-08,1.463535725e-07,1.492992483e-07,7.886808179e-08,1.735832617e-08,
5.855549402e-10,-1.753349956e-09,6.157710412e-11,-2.211266836e-08,-7.825013037e-08,-1.666875939e-07,-1.915576700e-07,-1.037454687e-07,-2.082416274e-08,
1.588962302e-01
l,9.0,8.0
4.811,5.791,6.791,
8.377742448e-19,1.300575017e+01
4.314249846e-09,1.069083758e-09,-1.312192162e-08,-1.207990078e-09,6.782555811e-08,1.463535725e-07,1.492992483e-07,7.886808179e-08,1.735832617e-08,
5.855549402e-10,-1.753349956e-09,6.157710412e-11,-2.211266836e-08,-7.825013037e-08,-1.666875939e-07,-1.915576700e-07,-1.037454687e-07,-2.082416274e-08,
1.588962302e-01
l,9.0,9.0
4.811,5.791,6.791,
8.377742448e-19,1.300575017e+01
4.314249846e-09,1.069083758e-09,-1.312192162e-08,-1.207990078e-09,6.782555811e-08,1.463535725e-07,1.492992483e-07,7.886808179e-08,1.735832617e-08,
5.855549402e-10,-1.753349956e-09,6.157710412e-11,-2.211266836e-08,-7.825013037e-08,-1.666875939e-07,-1.915576700e-07,-1.037454687e-07,-2.082416274e-08,
1.588962302e-01
