l,0.0,-0.0
0.091,0.731,1.391,
1.120144813e-01,1.769618540e+00
6.821850780e-03,-1.346089466e-02,1.759042044e-02,1.832457476e-01,7.812900059e-01,2.355646541e+00,3.100903742e+00,1.743386476e+00,4.421558904e-01,
1.188218580e-03,-3.637314101e-03,-4.844897270e-03,-1.420161481e-01,-8.575360740e-01,-2.839772520e+00,-5.167855319e+00,-4.878755782e+00,-1.872141693e+00,
1.586928241e-01
l,1.0,-1.0
0.371,1.011,1.711,
5.318186168e-03,3.537958765e+00
4.953315947e-04,-8.582094187e-04,-2.149751066e-04,3.440179961e-03,2.399577171e-02,2.352640514e-01,7.240903671e-01,9.177018680e-01,4.242615561e-01,
7.462558889e-05,-2.370405498e-04,-2.374807735e-04,-8.460927553e-03,-5.180079944e-02,-1.752799713e-01,-3.235162076e-01,-3.070318890e-01,-1.175569755e-01,
1.586627133e-01
l,1.0,0.0
0.391,1.031,1.711,
1.184543572e-02,3.115015994e+00
2.664452884e-03,-4.224727576e-03,2.290550663e-03,1.102007887e-01,5.643161659e-01,2.240091323e+00,5.053998596e+00,5.567071827e+00,2.366223709e+00,
4.376161902e-04,-1.392240011e-03,-1.832319978e-03,-5.444180324e-02,-3.222570021e-01,-1.046759022e+00,-1.862476548e+00,-1.712339883e+00,-6.400721194e-01,
1.588480582e-01
l,1.0,1.0
0.411,1.131,1.851,
1.945528955e+00,7.612455741e+00
1.203544997e-02,-1.734841291e-02,5.149888637e-02,1.903868371e-01,-2.466656678e+00,-1.378682214e+01,-3.071916307e+01,-3.256993412e+01,-1.343151056e+01,
1.640509047e-03,-5.316186809e-03,-5.496737735e-03,-1.987548358e-01,-1.228780999e+00,-4.209599670e+00,-7.862968248e+00,-7.558928958e+00,-2.933448727e+00,
1.586618536e-01
l,2.0,-2.0
0.651,1.351,2.091,
3.953125656e-05,4.462245070e+00
2.740843047e-05,-4.352837433e-05,-6.808445923e-05,9.331581151e-04,6.262640647e-03,2.274860330e-02,4.389982364e-02,4.166892682e-02,1.540246217e-02,
3.734784936e-06,-1.225614487e-05,-4.558915417e-06,-2.584355293e-04,-1.109566840e-03,-2.614533504e-03,-3.099979464e-03,-1.592477705e-03,-2.172946286e-04,
1.586618190e-01
l,2.0,-1.0
0.711,1.411,2.151,
1.007890326e-04,4.001089512e+00
1.287967025e-04,-1.920667872e-04,-1.048423713e-03,-4.619336818e-03,-2.307190074e-02,-5.403879750e-02,-5.740874764e-02,-2.326069137e-02,-2.163938825e-04,
1.794265424e-05,-5.912311389e-05,-1.088513840e-05,-1.055418862e-03,-4.062316021e-03,-8.327684292e-03,-7.392270705e-03,-7.601154692e-04,1.524791806e-03,
1.587237720e-01
l,2.0,0.0
0.771,1.491,2.231,
3.589336788e-04,4.417773465e+00
5.843610270e-04,-8.170329962e-04,-2.163488006e-03,1.344597614e-02,8.912280902e-02,3.100373371e-01,5.920725825e-01,5.622032379e-01,2.080950662e-01,
8.062716969e-05,-2.670729797e-04,-8.299961766e-05,-5.589824151e-03,-2.426735675e-02,-5.808800520e-02,-7.038531901e-02,-3.738558848e-02,-5.688414839e-03,
1.587857900e-01
l,2.0,1.0
0.811,1.551,2.311,
2.224531719e-03,7.651299423e+00
2.740962896e-03,-3.464184057e-03,-2.295729191e-02,-1.203820433e-01,-7.477181022e-01,-2.392263345e+00,-4.013220886e+00,-3.461996000e+00,-1.216383637e+00,
3.619812587e-04,-1.205691795e-03,-4.306547979e-04,-2.744850871e-02,-1.267083252e-01,-3.253034991e-01,-4.368191972e-01,-2.815064994e-01,-6.827149194e-02,
1.588170393e-01
l,2.0,2.0
0.911,1.631,2.411,
3.862333770e-03,5.192895438e+00
1.243351027e-02,-1.573156335e-02,-6.729373828e-02,1.248069306e-01,1.168703327e+00,4.497203349e+00,9.251649239e+00,9.284282144e+00,3.580299987e+00,
1.520389686e-03,-5.108493700e-03,-2.722011113e-04,-8.169488200e-02,-2.674613350e-01,-4.196568602e-01,-1.114173650e-01,3.586980138e-01,2.500728175e-01,
1.587238496e-01
l,3.0,-3.0
0.991,1.731,2.511,
2.362009290e-07,5.250627597e+00
1.269244990e-06,-1.577523373e-06,-9.696052964e-06,-3.740238510e-05,-1.904872167e-04,-4.896644425e-04,-6.072946804e-04,-3.488561966e-04,-6.965325108e-05,
1.580938131e-07,-5.314436535e-07,-1.832575350e-07,-1.122465599e-05,-4.688947057e-05,-1.084975696e-04,-1.273069334e-04,-6.592888394e-05,-1.020975532e-05,
1.586928424e-01
l,3.0,-2.0
1.071,1.811,2.591,
6.483688041e-07,6.101389083e+00
5.591542049e-06,-6.364752788e-06,-2.896558579e-05,6.397024293e-05,6.046090105e-04,2.300757539e-03,4.634880436e-03,4.580807784e-03,1.748843893e-03,
7.064971579e-07,-2.383631555e-06,-2.483762846e-07,-4.022353122e-05,-1.406321821e-04,-2.525379205e-04,-1.604454916e-04,6.651850186e-05,8.063823447e-05,
1.587238023e-01
l,3.0,-1.0
1.151,1.891,2.691,
1.800243840e-06,6.426060070e+00
2.459035022e-05,-2.176871312e-05,-4.296250317e-07,1.613816391e-03,9.313303553e-03,2.774156058e-02,4.607419282e-02,3.965907942e-02,1.372863613e-02,
2.948228343e-06,-9.989289242e-06,-1.394344408e-06,-1.980563048e-04,-8.675493161e-04,-2.190426632e-03,-2.952606215e-03,-1.975269099e-03,-5.335122672e-04,
1.587857977e-01
l,3.0,0.0
1.231,1.971,2.771,
5.605709799e-06,6.279131462e+00
1.084969990e-04,-7.152684355e-05,3.359763260e-04,9.417480375e-03,4.769784222e-02,1.280812016e-01,1.952527685e-01,1.570983111e-01,5.157382420e-02,
1.314570262e-05,-4.468289372e-05,-1.648786687e-05,-1.099983327e-03,-5.502842410e-03,-1.576768742e-02,-2.459105997e-02,-1.960329095e-02,-6.380886223e-03,
1.587857900e-01
l,3.0,1.0
1.291,2.031,2.831,
1.513078557e-05,6.692840247e+00
4.885519156e-04,-3.012828449e-04,-7.141801539e-04,2.593103784e-02,1.610569420e-01,4.867729665e-01,8.098407743e-01,6.969786363e-01,2.413445313e-01,
6.270212715e-05,-2.136330503e-04,-6.801196179e-05,-4.603261752e-03,-2.015061569e-02,-5.006961112e-02,-6.611867099e-02,-4.246619082e-02,-1.063769976e-02,
1.587860264e-01
l,3.0,2.0
1.371,2.111,2.911,
4.623149062e-05,6.751178764e+00
2.178164897e-03,-9.070405190e-04,5.571401494e-03,1.882582810e-01,1.009581470e+00,2.788112568e+00,4.310648678e+00,3.497909473e+00,1.155756773e+00,
2.793580133e-04,-9.550035408e-04,-5.300702059e-04,-2.524461195e-02,-1.250207018e-01,-3.517900903e-01,-5.388234133e-01,-4.197831374e-01,-1.329354607e-01,
1.588170519e-01
l,3.0,3.0
1.431,2.191,3.011,
1.515733183e-04,6.645139975e+00
9.720637463e-03,-3.338514137e-03,2.141620757e-02,6.921768982e-01,3.353550993e+00,8.425514063e+00,1.209943942e+01,9.293511728e+00,2.945513374e+00,
1.162208805e-03,-3.994329829e-03,-1.453968636e-03,-9.393958178e-02,-4.495210103e-01,-1.260398490e+00,-1.938381798e+00,-1.521817544e+00,-4.875508665e-01,
1.587547570e-01
l,4.0,-4.0
1.391,2.151,2.951,
9.168996335e-10,7.103248933e+00
5.183813911e-08,-3.955134102e-08,1.450211526e-07,4.147595318e-06,2.044331869e-05,5.413238953e-05,8.207565633e-05,6.587645874e-05,2.157545856e-05,
6.073735264e-09,-2.077794210e-08,-8.229248955e-09,-5.201305417e-07,-2.598047078e-06,-7.446905187e-06,-1.162194495e-05,-9.286235756e-06,-3.032574208e-06,
1.586928168e-01
l,4.0,-3.0
1.471,2.231,3.031,
3.030652974e-09,6.831677928e+00
2.242378940e-07,-1.305730622e-07,5.103590757e-07,1.423919994e-05,6.159712615e-05,1.423581715e-04,1.937296372e-04,1.440337517e-04,4.476236181e-05,
2.702290639e-08,-9.268569899e-08,-5.460387251e-08,-2.597400774e-06,-1.346513740e-05,-3.974378747e-05,-6.393294175e-05,-5.257309468e-05,-1.755666892e-05,
1.587547834e-01
l,4.0,-2.0
1.491,2.311,3.131,
8.695220595e-09,7.007390891e+00
9.689105127e-07,-5.458941016e-07,-1.924501183e-06,1.416633712e-05,1.962873561e-05,-7.366304061e-05,-2.187773050e-04,-2.134860568e-04,-7.368572418e-05,
1.121143955e-07,-3.857219302e-07,-4.926654582e-08,-7.936698865e-06,-3.706644710e-05,-1.032800715e-04,-1.577269185e-04,-1.226521248e-04,-3.893693584e-05,
1.587547486e-01
l,4.0,-1.0
1.571,2.391,3.211,
8.973789641e-09,9.375686740e+00
4.189400897e-06,-2.411491667e-06,-2.434685178e-05,-9.706277686e-05,-6.470104738e-04,-2.189348513e-03,-3.631585090e-03,-2.946016198e-03,-9.403346288e-04,
4.979592185e-07,-1.717158546e-06,-2.960072169e-07,-3.511627043e-05,-1.565646628e-04,-4.100422348e-04,-5.811931665e-04,-4.113487971e-04,-1.172569004e-04,
1.587857977e-01
l,4.0,0.0
1.651,2.471,3.291,
1.563137431e-08,1.027780332e+01
1.815213000e-05,-1.073632273e-05,-1.468699836e-04,-7.168499692e-04,-3.750014305e-03,-1.116301852e-02,-1.746362508e-02,-1.375580086e-02,-4.324165799e-03,
2.209900131e-06,-7.637358708e-06,-1.838981255e-06,-1.589123769e-04,-6.795384398e-04,-1.654064452e-03,-2.110669091e-03,-1.270781889e-03,-2.828891572e-04,
1.587857900e-01
l,4.0,1.0
1.731,2.551,3.371,
7.930666621e-08,9.132248822e+00
7.896307943e-05,-4.321451504e-05,-5.938091334e-04,-1.981846668e-03,-8.287120595e-03,-2.336078272e-02,-3.568941126e-02,-2.769277666e-02,-8.627208813e-03,
9.801650851e-06,-3.394545643e-05,-1.133948724e-05,-7.414584241e-04,-3.146499993e-03,-7.433610301e-03,-9.030058189e-03,-4.964863006e-03,-9.083048249e-04,
1.587858082e-01
l,4.0,2.0
1.831,2.631,3.471,
8.716085687e-07,6.897657000e+00
3.453493991e-04,-1.048926826e-04,-5.090501726e-04,1.348635849e-02,7.638132876e-02,2.017791543e-01,2.925160953e-01,2.212365112e-01,6.798858648e-02,
4.054498038e-05,-1.407718814e-04,3.429843382e-05,-1.950589850e-03,-6.936751358e-03,-1.535575536e-02,-1.809706837e-02,-9.692817204e-03,-1.875575987e-03,
1.588170519e-01
l,4.0,3.0
1.911,2.711,3.551,
3.035090308e-06,6.820784192e+00
1.520039048e-03,-4.710771271e-04,-2.755043610e-03,5.882900879e-02,3.459443189e-01,9.285314769e-01,1.356323920e+00,1.029978772e+00,3.173991306e-01,
1.796507243e-04,-6.250775583e-04,1.430212275e-04,-8.706428068e-03,-2.989504741e-02,-6.124972615e-02,-6.199609458e-02,-2.200152569e-02,4.407919713e-04,
1.588170131e-01
l,4.0,4.0
1.951,2.791,3.631,
1.933092666e-06,9.314309837e+00
6.707602181e-03,-2.135831638e-03,-3.082587711e-02,-1.331093345e-02,-7.995414870e-02,-6.250875051e-01,-1.364358584e+00,-1.254302158e+00,-4.280842858e-01,
7.961043436e-04,-2.778088158e-03,2.874747976e-04,-4.349864685e-02,-1.596673304e-01,-3.449745480e-01,-3.748934196e-01,-1.612825724e-01,-1.242176232e-02,
1.587857872e-01
l,5.0,-5.0
1.731,2.551,3.391,
5.072918570e-12,7.435388649e+00
2.052040982e-09,-1.233551869e-09,-8.865303205e-09,9.081814784e-09,2.958086651e-08,-5.097851227e-08,-1.952051731e-07,-1.975816523e-07,-6.838864762e-08,
2.282012507e-10,-7.906989538e-10,1.523752782e-10,-1.193131060e-08,-4.469233908e-08,-9.959298798e-08,-1.124685153e-07,-5.412783167e-08,-7.593205941e-09,
1.587238300e-01
l,5.0,-4.0
1.811,2.631,3.471,
4.548213106e-12,9.472572100e+00
8.729410084e-09,-3.928192530e-09,-4.958973748e-08,-1.453776021e-07,-8.947903123e-07,-3.138233236e-06,-5.334775757e-06,-4.387871347e-06,-1.411058444e-06,
1.011427359e-09,-3.511388854e-09,1.868272994e-10,-6.061314874e-08,-2.518391425e-07,-6.246382786e-07,-8.231519915e-07,-5.203889726e-07,-1.271880206e-07,
1.587238115e-01
l,5.0,-3.0
1.911,2.731,3.571,
5.671357941e-11,7.128423789e+00
3.677916993e-08,-1.421360510e-08,-8.170837249e-08,9.171830410e-07,4.751893208e-06,1.129939813e-05,1.524985860e-05,1.104218117e-05,3.303331153e-06,
4.180102031e-09,-1.454585277e-08,3.374189807e-09,-2.127601752e-07,-8.229478693e-07,-2.021291665e-06,-2.725120348e-06,-1.816670781e-06,-4.940489371e-07,
1.587547834e-01
l,5.0,-2.0
2.011,2.811,3.651,
1.405159891e-10,7.461947941e+00
1.562521987e-07,-4.351547891e-08,-2.352067714e-07,5.995801887e-06,3.423764630e-05,9.079183947e-05,1.318609315e-04,9.982217080e-05,3.069479367e-05,
1.850902528e-08,-6.452098647e-08,9.270449155e-09,-9.578958453e-07,-3.466203520e-06,-7.712417354e-06,-9.165522873e-06,-4.996087765e-06,-9.880472263e-07,
1.587857735e-01
l,5.0,-1.0
2.071,2.911,3.751,
7.147436556e-11,9.980078387e+00
6.608989906e-07,-2.833553567e-07,-2.762125447e-06,3.174746620e-06,1.515586371e-05,-1.597971808e-06,-5.161111891e-05,-6.592870046e-05,-2.623905545e-05,
7.637504142e-08,-2.667950220e-07,3.067380705e-08,-4.403341472e-06,-1.770853463e-05,-4.263753210e-05,-5.398483468e-05,-3.182555365e-05,-6.909529490e-06,
1.587857977e-01
l,5.0,0.0
2.151,2.991,3.831,
5.573105872e-10,8.696710535e+00
2.831153097e-06,-8.542690816e-07,-1.028711972e-05,3.303203480e-05,1.960850500e-04,4.016763281e-04,4.294744368e-04,2.357137337e-04,5.150798640e-05,
3.377584734e-07,-1.181746427e-06,1.004833442e-08,-2.123783261e-05,-9.060219673e-05,-2.321217977e-04,-3.200623970e-04,-2.147777042e-04,-5.649406629e-05,
1.587857900e-01
l,5.0,1.0
2.231,3.071,3.931,
4.670830512e-09,7.465811682e+00
1.217354020e-05,-2.526701228e-06,-4.566840762e-05,1.314179025e-04,9.338383567e-04,2.282661425e-03,3.010104073e-03,2.100915972e-03,6.047712429e-04,
1.391971981e-06,-4.879471339e-06,8.487847256e-07,-7.643954432e-05,-3.023961216e-04,-7.395931399e-04,-9.725190129e-04,-6.110948858e-04,-1.481909953e-04,
1.587858082e-01
l,5.0,2.0
2.311,3.151,4.011,
1.331534346e-08,7.635494050e+00
5.259082172e-05,-4.079920095e-06,-1.556836504e-04,7.420540713e-04,4.556818391e-03,1.088271325e-02,1.425898678e-02,9.962407670e-03,2.883947565e-03,
6.151178416e-06,-2.159395569e-05,2.068857588e-07,-3.891207863e-04,-1.643701843e-03,-4.201552100e-03,-5.829515678e-03,-3.975957081e-03,-1.076496775e-03,
1.588170519e-01
l,5.0,3.0
2.371,3.231,4.091,
1.771438090e-08,8.715887346e+00
2.283867943e-04,-1.088298316e-07,-6.456274712e-04,2.506418782e-03,1.406400294e-02,2.845445177e-02,3.074029937e-02,1.757130632e-02,4.163249861e-03,
2.716152124e-05,-9.548730345e-05,-1.216670961e-06,-1.751562970e-03,-7.430606509e-03,-1.893632161e-02,-2.616434646e-02,-1.774570766e-02,-4.767859746e-03,
1.587860002e-01
l,5.0,4.0
2.451,3.311,4.171,
6.964177551e-09,1.108586293e+01
9.971931577e-04,1.008303607e-05,-3.392108283e-03,3.760810704e-03,2.255063395e-02,1.432377585e-02,-3.353512211e-02,-5.408916004e-02,-2.270050123e-02,
1.199265096e-04,-4.222310033e-04,1.944963374e-05,-7.265358975e-03,-2.944200877e-02,-7.181346070e-02,-9.412748872e-02,-5.899408883e-02,-1.418421770e-02,
1.587860054e-01
l,5.0,5.0
2.531,3.391,4.271,
5.439804371e-09,1.256495823e+01
4.366389941e-03,-2.170855063e-04,-2.177695785e-02,-3.907030581e-02,-1.339389932e-01,-4.939517649e-01,-9.034037808e-01,-7.785296218e-01,-2.578374768e-01,
4.934848965e-04,-1.741220202e-03,7.490221331e-04,-1.994587118e-02,-5.845738360e-02,-1.018070557e-01,-6.977325729e-02,1.841256834e-02,2.620876862e-02,
1.587858021e-01
l,6.0,-6.0
2.151,2.991,3.831,
3.642247647e-14,7.545921317e+00
7.628646326e-11,-3.599897370e-11,-2.604133157e-10,6.329531814e-10,2.618466581e-09,3.253316276e-09,1.994618800e-09,8.437738365e-10,2.798343154e-10,
8.429577738e-12,-2.949331612e-11,8.556377084e-12,-4.003052208e-10,-1.394069319e-09,-3.030822829e-09,-3.446501530e-09,-1.734541821e-09,-3.016584183e-10,
1.587547955e-01
l,6.0,-5.0
2.231,3.071,3.911,
2.385113438e-14,9.494030171e+00
3.212181077e-10,-1.169699063e-10,-1.339865674e-09,1.593585066e-10,-7.072781074e-10,-1.976559528e-08,-4.599021361e-08,-4.192469099e-08,-1.396036283e-08,
3.725518033e-11,-1.305469441e-10,2.291080251e-11,-1.912046792e-09,-6.713464744e-09,-1.407012732e-08,-1.479637298e-08,-5.948021529e-09,-2.995879257e-10,
1.587238300e-01
l,6.0,-4.0
2.311,3.151,4.011,
1.975617935e-14,1.101049975e+01
1.350474954e-09,-3.566331795e-10,-6.431901482e-09,-5.191079204e-09,-2.100661668e-08,-1.265218540e-07,-2.672860558e-07,-2.447965975e-07,-8.384333328e-08,
1.534858485e-10,-5.388125837e-10,1.636413311e-10,-7.126317846e-09,-2.394485611e-08,-4.829098141e-08,-4.631575831e-08,-1.250647429e-08,2.830649668e-09,
1.587547577e-01
l,6.0,-3.0
2.431,3.251,4.111,
3.545981370e-13,8.871946199e+00
5.664027025e-09,-1.433142364e-09,-2.022921125e-08,7.134248895e-08,4.777815051e-07,1.186567276e-06,1.617791035e-06,1.174986511e-06,3.523116176e-07,
6.319470065e-10,-2.222284560e-09,4.058381093e-10,-3.496611082e-08,-1.386484459e-07,-3.404975357e-07,-4.493473689e-07,-2.847000150e-07,-7.025277531e-08,
1.587858084e-01
l,6.0,-2.0
2.491,3.331,4.191,
1.806318207e-12,8.340005273e+00
2.386400055e-08,-1.615285641e-09,-6.988211199e-08,3.232919942e-07,1.959340781e-06,4.589914073e-06,5.902669558e-06,4.058100394e-06,1.159144198e-06,
2.789591788e-09,-9.822741824e-09,-2.297577728e-10,-1.805884146e-07,-7.639210615e-07,-1.951074790e-06,-2.706314990e-06,-1.846685242e-06,-5.001759365e-07,
1.587857735e-01
l,6.0,-1.0
2.571,3.431,4.291,
1.911222270e-13,1.195613646e+01
1.002595980e-07,-2.058641033e-08,-4.423359257e-07,-2.316164029e-07,-5.662457267e-07,-5.847999954e-06,-1.353488369e-05,-1.270711970e-05,-4.376557576e-06,
1.147134005e-08,-4.045679928e-08,1.083196684e-08,-5.655086786e-07,-1.993789907e-06,-4.262164476e-06,-4.570231201e-06,-1.861894957e-06,-9.012938967e-08,
1.587857977e-01
l,6.0,0.0
2.651,3.511,4.371,
2.670817722e-12,1.034331231e+01
4.252221117e-07,-6.447222833e-08,-2.128272994e-06,-2.078769852e-06,-1.237291692e-06,-1.129731156e-05,-2.828276622e-05,-2.706937147e-05,-9.285813091e-06,
5.059718489e-08,-1.786605511e-07,3.807684375e-08,-2.509764688e-06,-8.623449486e-06,-1.781821305e-05,-1.816901378e-05,-6.145960491e-06,4.800172661e-07,
1.587857900e-01
l,6.0,1.0
2.731,3.591,4.471,
9.280904277e-11,7.939003691e+00
1.811143989e-06,-1.180438650e-07,-8.779680561e-06,-3.004737601e-06,4.415721241e-05,1.176488417e-04,1.527495427e-04,1.067333810e-04,3.164454549e-05,
2.078653994e-07,-7.350443160e-07,1.496600122e-07,-1.089601383e-05,-3.945444911e-05,-8.664029770e-05,-9.746756506e-05,-4.496273866e-05,-4.887807373e-06,
1.587858082e-01
l,6.0,2.0
2.851,3.671,4.551,
5.910605122e-11,9.536888722e+00
7.749435099e-06,4.761569655e-07,-3.012595683e-05,4.789396190e-05,5.016808886e-04,1.367354617e-03,1.941340701e-03,1.438768522e-03,4.363268288e-04,
9.161684454e-07,-3.243319264e-06,-1.613312834e-08,-5.859258101e-05,-2.417569744e-04,-5.967001239e-04,-7.878234244e-04,-4.955057825e-04,-1.181405808e-04,
1.587860390e-01
l,6.0,3.0
2.891,3.771,4.651,
1.350784373e-10,9.898443252e+00
3.332065171e-05,5.170125721e-07,-1.214713494e-04,6.401271132e-05,7.352263318e-04,1.060792856e-03,4.403906702e-04,-1.966463668e-04,-1.563000105e-04,
3.760529166e-06,-1.333043410e-05,3.845699336e-06,-1.910997710e-04,-7.154163040e-04,-1.674682365e-03,-2.079058032e-03,-1.178513023e-03,-2.397875317e-04,
1.587860002e-01
l,6.0,4.0
2.971,3.851,4.731,
7.649734374e-12,1.363318119e+01
1.440914930e-04,1.230191721e-06,-6.721009585e-04,-1.158658251e-03,-3.695259306e-03,-1.372708776e-02,-2.523114119e-02,-2.166492345e-02,-7.105492090e-03,
1.656350554e-05,-5.877607657e-05,2.074241660e-05,-7.461126977e-04,-2.434639043e-03,-4.908126054e-03,-4.855076590e-03,-1.467352810e-03,2.118825854e-04,
1.587857872e-01
l,6.0,5.0
3.051,3.931,4.811,
4.282161313e-12,1.514727172e+01
6.264282856e-04,-3.899180905e-06,-3.363921893e-03,-8.121364253e-03,-2.735196393e-02,-8.501893455e-02,-1.439130495e-01,-1.192951972e-01,-3.851037249e-02,
7.293844521e-05,-2.591006757e-04,8.894511855e-05,-3.231872405e-03,-9.996203872e-03,-1.847160774e-02,-1.509279155e-02,-3.813438276e-04,3.209090897e-03,
1.587858021e-01
l,6.0,6.0
3.131,4.011,4.891,
7.426776072e-11,1.359502577e+01
2.732178895e-03,2.607320775e-05,-1.454006320e-02,-2.758984388e-02,-5.918750358e-02,-1.804710465e-01,-3.258408551e-01,-2.827808422e-01,-9.407815293e-02,
3.211787485e-04,-1.142405651e-03,2.538312344e-04,-1.624249816e-02,-5.572722025e-02,-1.155267620e-01,-1.191568942e-01,-4.208749446e-02,2.027950945e-03,
1.587857958e-01
l,7.0,-7.0
2.551,3.411,4.271,
1.008600317e-16,8.862413551e+00
2.789120063e-12,-9.988533825e-13,-1.339145009e-11,3.803244922e-12,7.221474460e-11,1.305082806e-10,1.157485825e-10,5.698908737e-11,1.327956743e-11,
3.072149101e-13,-1.083141619e-12,3.947015744e-13,-1.363721569e-11,-4.434167938e-11,-8.769902444e-11,-8.039306965e-11,-1.625595606e-11,8.195437343e-12,
1.587547833e-01
l,7.0,-6.0
2.651,3.491,4.351,
4.725040028e-17,1.080775281e+01
1.164828997e-11,-2.218284133e-12,-5.484645774e-11,1.136336240e-11,3.293557837e-10,6.215835490e-10,4.707789782e-10,9.092113559e-11,-3.579784936e-11,
1.354899009e-12,-4.782773834e-12,8.508333818e-13,-7.112533978e-11,-2.608607174e-10,-5.888812155e-10,-6.966477570e-10,-3.594122957e-10,-5.758392639e-11,
1.587237947e-01
l,7.0,-5.0
2.731,3.591,4.451,
1.525686676e-16,1.071624662e+01
4.840548101e-11,-3.919790487e-12,-1.426999812e-10,4.692028155e-10,2.479702394e-09,4.411617162e-09,3.934096848e-09,1.684261574e-09,2.431534668e-10,
5.567909772e-12,-1.968339128e-11,4.894968564e-13,-3.524776603e-10,-1.468261350e-09,-3.691864634e-09,-5.015945701e-09,-3.330016350e-09,-8.741711897e-10,
1.587548308e-01
l,7.0,-4.0
2.811,3.671,4.551,
3.586255317e-17,1.317465704e+01
2.016830036e-10,1.421860784e-13,-8.357471620e-10,-5.727021725e-10,-9.396502586e-10,-9.749324587e-09,-2.333643425e-08,-2.244033631e-08,-7.877638890e-09,
2.286960521e-11,-8.096036448e-11,2.322735122e-11,-1.106551509e-09,-3.860047391e-09,-8.372121846e-09,-9.375403813e-09,-4.321832253e-09,-5.008912329e-10,
1.587857827e-01
l,7.0,-3.0
2.931,3.771,4.651,
6.031012089e-15,9.322052862e+00
8.415810271e-10,-9.675706986e-11,-3.936221899e-09,4.157945347e-10,2.796312786e-08,7.219800398e-08,9.506674059e-08,6.727357898e-08,2.002679898e-08,
9.387086392e-11,-3.327543950e-10,7.821579531e-11,-4.899972142e-09,-1.783334800e-08,-3.957276487e-08,-4.500824249e-08,-2.133298631e-08,-2.642605024e-09,
1.587858084e-01
l,7.0,-2.0
3.011,3.871,4.751,
2.590318750e-14,9.046936303e+00
3.520080005e-09,-1.112549582e-10,-1.063108541e-08,3.603128474e-08,2.311580697e-07,5.374972799e-07,6.884263350e-07,4.755077001e-07,1.372087687e-07,
3.851257712e-10,-1.366940652e-09,3.054685777e-10,-2.180199793e-08,-8.874178542e-08,-2.225020202e-07,-2.982347259e-07,-1.919995748e-07,-4.818629518e-08,
1.587859918e-01
l,7.0,-1.0
3.071,3.951,4.831,
8.710865733e-15,1.107363401e+01
1.476959977e-08,8.060520743e-10,-5.558539735e-08,2.923824104e-09,2.150942007e-07,1.970038528e-07,-1.951678017e-07,-3.828693254e-07,-1.604769018e-07,
1.695680258e-09,-6.024448829e-09,1.340604432e-09,-8.953751311e-08,-3.351207181e-07,-7.788218529e-07,-9.622442831e-07,-5.419184175e-07,-1.082224579e-07,
1.587857977e-01
l,7.0,0.0
3.151,4.031,4.931,
4.583110356e-16,1.463117979e+01
6.212611936e-08,6.459885728e-09,-2.924812547e-07,-5.926875432e-07,-1.853587985e-06,-6.258725211e-06,-1.111220602e-05,-9.419864671e-06,-3.073408422e-06,
6.951423509e-09,-2.472634644e-08,8.029894653e-09,-3.286501939e-07,-1.097160114e-06,-2.249434100e-06,-2.286587447e-06,-7.933039540e-07,3.289608341e-08,
1.587857900e-01
l,7.0,1.0
3.231,4.111,5.011,
4.974872597e-16,1.546732659e+01
2.623017963e-07,4.212797621e-08,-1.313160020e-06,-3.101215233e-06,-9.241605411e-06,-2.817499272e-05,-4.829717005e-05,-4.055864214e-05,-1.322664071e-05,
3.058814336e-08,-1.089016484e-07,1.929138388e-08,-1.635649433e-06,-5.838587229e-06,-1.256466603e-05,-1.382516357e-05,-6.082461564e-06,-5.224291167e-07,
1.587858082e-01
l,7.0,2.0
3.371,4.211,5.111,
3.763486748e-13,1.079412747e+01
1.118987029e-06,1.428218879e-07,-4.211917976e-06,5.516553711e-06,6.654152609e-05,1.872130185e-04,2.701376762e-04,2.011623749e-04,6.074664374e-05,
1.253048413e-07,-4.466067374e-07,9.503629212e-08,-7.076744570e-06,-2.832112172e-05,-6.971813428e-05,-9.117219677e-05,-5.589711964e-05,-1.280780206e-05,
1.587860390e-01
l,7.0,3.0
3.451,4.291,5.191,
1.145949462e-12,1.085582243e+01
4.774317858e-06,1.051120769e-06,-1.710944837e-05,1.664088934e-05,2.374238740e-04,6.713187820e-04,9.704408549e-04,7.259579647e-04,2.206462421e-04,
5.510644883e-07,-1.965745735e-06,3.423675845e-07,-3.121716134e-05,-1.233754127e-04,-3.019285346e-04,-3.966609772e-04,-2.455175433e-04,-5.702662367e-05,
1.587857819e-01
l,7.0,4.0
3.491,4.391,5.291,
2.627963902e-13,1.301092407e+01
2.050622061e-05,1.151549518e-06,-9.750809789e-05,-1.734937427e-04,-3.940804581e-04,-1.249050434e-03,-2.184504890e-03,-1.803792934e-03,-5.685142233e-04,
2.256358140e-06,-8.057065959e-06,2.745919400e-06,-1.082132727e-04,-3.657327986e-04,-7.570593785e-04,-7.721486419e-04,-2.674432835e-04,1.217812254e-05,
1.588170183e-01
l,7.0,5.0
3.571,4.471,5.371,
3.708238033e-13,1.365626679e+01
8.848508878e-05,7.132109713e-06,-4.320480726e-04,-7.623185455e-04,-1.420507140e-03,-4.381742470e-03,-8.026652543e-03,-6.911199364e-03,-2.253371099e-03,
9.915952574e-06,-3.543640525e-05,9.762203845e-06,-5.138334895e-04,-1.852171394e-03,-4.065457645e-03,-4.538556524e-03,-2.037035576e-03,-1.940934060e-04,
1.587860203e-01
l,7.0,6.0
3.651,4.551,5.451,
3.379651543e-12,1.284775221e+01
3.835824027e-04,4.619524586e-05,-1.780513458e-03,-2.099596426e-03,1.276504630e-03,2.398593167e-03,-3.255700124e-03,-6.725313414e-03,-2.976340732e-03,
4.357741205e-05,-1.558569865e-04,3.211219336e-05,-2.446238500e-03,-9.433132188e-03,-2.211623628e-02,-2.710565346e-02,-1.483448054e-02,-2.718334439e-03,
1.587860140e-01
l,7.0,7.0
3.731,4.631,5.531,
1.029217039e-10,1.115662199e+01
1.667162054e-03,2.927592660e-04,-6.987287030e-03,-2.128023076e-03,4.387573857e-02,1.190703246e-01,1.487013587e-01,9.392479988e-02,2.409541729e-02,
1.914924370e-04,-6.855119747e-04,1.093003805e-04,-1.127202024e-02,-4.523265552e-02,-1.106016150e-01,-1.435079065e-01,-8.665226417e-02,-1.918532544e-02,
1.587860103e-01
l,8.0,-8.0
2.991,3.831,4.711,
3.417099177e-19,9.783201939e+00
9.967040756e-14,1.136029680e-15,-2.914134110e-13,1.231254819e-12,7.777155164e-12,1.839068856e-11,2.367652290e-11,1.623795755e-11,4.621049923e-12,
1.107756995e-14,-3.929821728e-14,2.469623877e-15,-7.058782594e-13,-2.998835111e-12,-7.680953413e-12,-1.055187756e-11,-7.058842429e-12,-1.858766706e-12,
1.587547683e-01
l,8.0,-7.0
3.071,3.931,4.811,
1.006757841e-20,1.394039776e+01
4.116155116e-13,-4.781630932e-14,-2.053150806e-12,-3.190956162e-12,-9.547944123e-12,-3.677495779e-11,-6.872903833e-11,-5.957686612e-11,-1.972284316e-11,
4.544480382e-14,-1.614181578e-13,6.383579334e-14,-1.928577693e-12,-5.756276118e-12,-1.022895076e-11,-7.430659993e-12,1.124947623e-12,2.293585118e-12,
1.587858082e-01
l,8.0,-6.0
3.151,4.011,4.891,
2.123384020e-19,1.218367077e+01
1.704448973e-12,-6.828394270e-15,-9.108861928e-12,-1.624968377e-11,-3.084166325e-11,-9.083027351e-11,-1.610216420e-10,-1.365066022e-10,-4.433787803e-11,
1.999708990e-13,-7.109686433e-13,1.641650188e-13,-9.770102886e-12,-3.214335184e-11,-6.332534650e-11,-5.977104816e-11,-1.458739433e-11,4.858999993e-12,
1.587237947e-01
l,8.0,-5.0
3.271,4.111,4.991,
2.290751693e-18,1.105972156e+01
7.075025028e-12,7.050241437e-13,-2.115168020e-11,8.458429444e-11,6.086484521e-10,1.588695490e-09,2.221266194e-09,1.625089120e-09,4.853535976e-10,
8.197349553e-13,-2.917811384e-12,-5.782464729e-14,-5.499756431e-11,-2.359273012e-10,-6.054459315e-10,-8.355720506e-10,-5.604590782e-10,-1.467556867e-10,
1.587548308e-01
l,8.0,-4.0
3.331,4.211,5.091,
3.197754475e-20,1.557002480e+01
2.931261137e-11,-4.093605401e-14,-1.409094171e-10,-2.624196871e-10,-8.440228963e-10,-2.989836123e-09,-5.393876613e-09,-4.599878829e-09,-1.505073985e-09,
3.358970737e-12,-1.196933165e-11,3.642079727e-12,-1.573377120e-10,-5.139829798e-10,-1.028497198e-09,-1.005292306e-09,-2.916184936e-10,5.151302067e-11,
1.587857827e-01
l,8.0,-3.0
3.411,4.291,5.191,
6.066633159e-20,1.588717940e+01
1.217252965e-10,1.233703525e-11,-6.066076445e-10,-1.263570365e-09,-3.465523871e-09,-1.105133242e-08,-1.959629730e-08,-1.675590987e-08,-5.520808930e-09,
1.375582989e-11,-4.906947455e-11,1.164069135e-11,-7.135322837e-10,-2.516179343e-09,-5.370579991e-09,-5.780820003e-09,-2.388248066e-09,-1.308402770e-10,
1.587858084e-01
l,8.0,-2.0
3.551,4.391,5.291,
4.789701389e-17,1.135947337e+01
5.087650856e-10,5.805926939e-11,-1.905787176e-09,2.555710976e-09,2.999241107e-08,8.378637614e-08,1.205188304e-07,8.965655437e-08,2.707754955e-08,
5.631273300e-11,-2.010824937e-10,4.626787578e-11,-3.151252477e-09,-1.252886905e-08,-3.075611141e-08,-4.007298955e-08,-2.442827768e-08,-5.556258307e-09,
1.587859918e-01
l,8.0,-1.0
3.631,4.471,5.371,
1.454016182e-16,1.139489395e+01
2.122839904e-09,5.284888374e-10,-7.633920499e-09,5.393126985e-09,9.442962056e-08,2.676174328e-07,3.850353144e-07,2.869241818e-07,8.700917408e-08,
2.475217530e-10,-8.845518157e-10,1.186389629e-10,-1.435170749e-08,-5.672679813e-08,-1.384704001e-07,-1.819061951e-07,-1.127739365e-07,-2.623479580e-08,
1.587857977e-01
l,8.0,0.0
3.671,4.571,5.471,
1.897163608e-17,1.387047167e+01
8.906644311e-09,1.130765687e-09,-4.274343157e-08,-8.575220963e-08,-2.008100285e-07,-5.847735348e-07,-9.847724375e-07,-8.019769635e-07,-2.515226615e-07,
1.012643893e-09,-3.622263441e-09,8.835450531e-10,-5.233251004e-08,-1.837675784e-07,-3.931452432e-07,-4.276890412e-07,-1.813120956e-07,-1.217295009e-08,
1.587857900e-01
l,8.0,1.0
3.751,4.651,5.571,
2.345463157e-17,1.455990659e+01
3.744665023e-08,7.214968664e-09,-1.886544892e-07,-4.284118639e-07,-9.524682292e-07,-2.456293405e-06,-3.989951744e-06,-3.245107629e-06,-1.027467917e-06,
4.141488066e-09,-1.482783908e-08,5.210691448e-09,-2.014821902e-07,-7.069589166e-07,-1.535783314e-06,-1.686181061e-06,-7.183658812e-07,-5.007260000e-08,
1.587860264e-01
l,8.0,2.0
3.871,4.751,5.651,
7.926177138e-15,1.105845022e+01
1.590154000e-07,3.141624351e-08,-5.897061552e-07,2.961595745e-07,6.350197293e-06,1.734214107e-05,2.358621608e-05,1.651551429e-05,4.704727500e-06,
1.819021844e-08,-6.517296894e-08,1.131824645e-08,-1.048222597e-06,-4.169362692e-06,-1.024641997e-05,-1.349057362e-05,-8.359339072e-06,-1.939391004e-06,
1.587858208e-01
l,8.0,3.0
3.931,4.831,5.751,
1.326500924e-13,9.884658747e+00
6.743479730e-07,1.851568567e-07,-2.549933379e-06,-9.739249490e-07,1.534812561e-05,4.464873868e-05,6.153993908e-05,4.381514303e-05,1.276307471e-05,
7.435128348e-08,-2.666188857e-07,6.798742531e-08,-4.064794827e-06,-1.558362711e-05,-3.709888947e-05,-4.682042299e-05,-2.718311868e-05,-5.707991047e-06,
1.587857819e-01
l,8.0,4.0
4.011,4.911,5.831,
7.453086207e-14,1.119460935e+01
2.871463039e-06,9.542067371e-07,-1.109093818e-05,-1.307506978e-05,1.377930204e-05,4.671703559e-05,5.154238317e-05,3.024658415e-05,8.088669032e-06,
3.264215178e-07,-1.171305469e-06,2.211487338e-07,-1.851759128e-05,-7.109370637e-05,-1.674682233e-04,-2.093137086e-04,-1.199435431e-04,-2.450227622e-05,
1.587860054e-01
l,8.0,5.0
4.091,4.991,5.911,
1.391990044e-14,1.325790387e+01
1.228427027e-05,4.345224965e-06,-5.227145697e-05,-1.116338920e-04,-2.146409123e-04,-5.269137232e-04,-8.391487737e-04,-6.642102283e-04,-2.036346831e-04,
1.432803253e-06,-5.144691182e-06,8.146729515e-07,-8.180838050e-05,-3.107221008e-04,-7.195694418e-04,-8.814298164e-04,-4.868269794e-04,-9.166769393e-05,
1.587858021e-01
l,8.0,6.0
4.171,5.071,5.991,
3.952246323e-15,1.497994803e+01
5.282320853e-05,1.891629252e-05,-2.488913139e-04,-6.740581678e-04,-1.705527865e-03,-4.163970840e-03,-6.302014157e-03,-4.879780493e-03,-1.492516672e-03,
6.288054150e-06,-2.259251029e-05,3.340059035e-06,-3.568956364e-04,-1.342271076e-03,-3.076162967e-03,-3.723004230e-03,-2.001709236e-03,-3.507673273e-04,
1.587857958e-01
l,8.0,7.0
4.251,5.171,6.091,
2.382055364e-12,1.136978088e+01
2.300844062e-04,5.941644237e-05,-1.006416437e-03,-1.206695383e-03,2.382730552e-03,9.096780333e-03,1.247358036e-02,8.362181801e-03,2.260321691e-03,
2.568219794e-05,-9.234652905e-05,2.465634854e-05,-1.381797358e-03,-5.237764418e-03,-1.240700875e-02,-1.555087541e-02,-8.830762553e-03,-1.752093038e-03,
1.588170232e-01
l,8.0,8.0
4.331,5.251,6.171,
3.330438676e-12,1.199530096e+01
9.963496123e-04,3.173392323e-04,-3.978839073e-03,-3.963537622e-03,1.266685803e-02,4.141050332e-02,5.386527264e-02,3.473213650e-02,9.066652997e-03,
1.126529458e-04,-4.053480187e-04,8.811466250e-05,-6.353651310e-03,-2.468789741e-02,-5.950694288e-02,-7.646402100e-02,-4.549617977e-02,-9.860420928e-03,
1.587859837e-01
l,9.0,-9.0
3.391,4.271,5.151,
4.809767092e-22,1.134725210e+01
3.486541983e-15,-1.565671619e-16,-1.632852872e-14,-4.316089252e-15,8.507877532e-14,2.120169573e-13,2.499560810e-13,1.536493591e-13,3.937091649e-14,
3.959511776e-16,-1.411835454e-15,2.039810505e-16,-2.223866470e-14,-8.304235559e-14,-1.882193120e-13,-2.221542605e-13,-1.143162549e-13,-1.819334438e-14,
1.587547586e-01
l,9.0,-8.0
3.511,4.371,5.251,
4.335301943e-21,1.048193146e+01
1.438603976e-14,7.973785540e-16,-4.476514105e-14,1.191119776e-13,8.444053672e-13,1.988717535e-12,2.542388916e-12,1.744682614e-12,4.997578402e-13,
1.621472445e-15,-5.787647741e-15,5.905032035e-16,-9.909320543e-14,-4.060542569e-13,-1.014855247e-12,-1.362215674e-12,-8.792654222e-13,-2.199275473e-13,
1.587857933e-01
l,9.0,-7.0
3.571,4.451,5.351,
4.875809659e-22,1.310495667e+01
5.923617174e-14,9.272987269e-15,-2.486985959e-13,-2.817530117e-13,-1.787989592e-13,-1.258590028e-12,-3.162176100e-12,-3.054268127e-12,-1.052690524e-12,
6.636439215e-15,-2.371157757e-14,6.414526477e-15,-3.345388105e-13,-1.179891299e-12,-2.600061775e-12,-2.991866201e-12,-1.463041488e-12,-2.062105703e-13,
1.587858082e-01
l,9.0,-6.0
3.671,4.551,5.451,
8.202254389e-22,1.354184807e+01
2.445677124e-13,1.710546208e-14,-1.152151184e-12,-1.189967545e-12,1.295762060e-12,2.215607649e-12,-1.502168979e-12,-4.043822677e-12,-1.875636941e-12,
2.715239979e-14,-9.710689618e-14,2.069660674e-14,-1.498255406e-12,-5.630693206e-12,-1.284792935e-11,-1.515251958e-11,-7.744201471e-12,-1.214045357e-12,
1.587858204e-01
l,9.0,-5.0
3.771,4.651,5.551,
5.578984122e-20,1.117528648e+01
1.012294957e-12,1.259606121e-13,-3.774057299e-12,2.498861273e-12,4.003908056e-11,1.044362746e-10,1.393196977e-10,9.723505588e-11,2.785755183e-11,
1.110327436e-13,-3.974605810e-13,1.215637689e-13,-5.776245738e-12,-2.194337527e-11,-5.252674822e-11,-6.678714995e-11,-3.909650921e-11,-8.343452080e-12,
1.587548308e-01
l,9.0,-4.0
3.851,4.751,5.651,
1.959338472e-21,1.452264194e+01
4.186063822e-12,1.363851019e-13,-2.006127466e-11,-3.390544951e-11,-7.126345279e-11,-2.328417894e-10,-4.194687371e-10,-3.529329350e-10,-1.127239413e-10,
4.540695623e-13,-1.626866711e-12,5.708304086e-13,-2.195409050e-11,-7.470792038e-11,-1.559092719e-10,-1.602117037e-10,-5.664587619e-11,1.866416897e-12,
1.587857827e-01
l,9.0,-3.0
3.931,4.831,5.731,
4.217193576e-21,1.476402011e+01
1.733900003e-11,2.512906852e-12,-8.329024990e-11,-1.454526808e-10,-2.174331403e-10,-6.280558288e-10,-1.192488822e-09,-1.057910779e-09,-3.521359618e-10,
1.993964716e-12,-7.149017716e-12,1.083913687e-12,-1.136806822e-10,-4.275168706e-10,-9.723331309e-10,-1.152524692e-09,-5.955782426e-10,-9.492892966e-11,
1.587858084e-01
l,9.0,-2.0
4.051,4.931,5.831,
1.043769033e-18,1.158834345e+01
7.229201959e-11,1.267834008e-11,-2.699766024e-10,1.286516650e-10,2.805312472e-09,7.601148972e-09,1.029235876e-08,7.198281688e-09,2.052232126e-09,
8.148216917e-12,-2.923841412e-11,6.097754716e-12,-4.594751768e-10,-1.806415244e-09,-4.409829636e-09,-5.753366328e-09,-3.512382710e-09,-7.973328027e-10,
1.587857735e-01
l,9.0,-1.0
4.111,5.011,5.931,
1.505686420e-17,1.053436315e+01
3.005977134e-10,8.713182790e-11,-1.140376521e-09,-5.991083113e-10,5.934086434e-09,1.744307403e-08,2.387007416e-08,1.690705197e-08,4.917035733e-09,
3.328740648e-11,-1.195421366e-10,2.799895258e-11,-1.848393503e-09,-7.098980282e-09,-1.688722176e-08,-2.131001990e-08,-1.237856056e-08,-2.599253083e-09,
1.587860159e-01
l,9.0,0.0
4.191,5.091,6.011,
5.996210196e-18,1.201870013e+01
1.252129955e-09,4.815981612e-10,-4.840816460e-09,-6.952420297e-09,4.379122018e-10,7.231785803e-09,4.645129311e-09,3.348601839e-10,-2.568325847e-10,
1.460790892e-10,-5.249287866e-10,5.868548982e-11,-8.692392518e-09,-3.379061285e-08,-8.003867449e-08,-1.011830727e-07,-5.924337761e-08,-1.253992417e-08,
1.587857900e-01
l,9.0,1.0
4.291,5.191,6.111,
1.728247428e-19,1.527309752e+01
5.273002035e-09,1.264547584e-09,-2.633117547e-08,-6.067937009e-08,-1.155415190e-07,-2.584368787e-07,-4.049437597e-07,-3.288136016e-07,-1.048031366e-07,
5.964675619e-10,-2.145003750e-09,6.056008353e-10,-3.093051081e-08,-1.125166674e-07,-2.540732043e-07,-2.981130624e-07,-1.485080050e-07,-2.109394884e-08,
1.587860264e-01
l,9.0,2.0
4.371,5.291,6.211,
2.725597194e-17,1.261480262e+01
2.231070084e-08,5.594314010e-09,-8.756038697e-08,-6.539747774e-08,3.241092318e-07,9.148111623e-07,1.099737636e-06,6.651439978e-07,1.641957277e-07,
2.434826891e-09,-8.762486798e-09,2.443300082e-09,-1.321501219e-07,-5.051110648e-07,-1.204331568e-06,-1.520401817e-06,-8.797708766e-07,-1.830134521e-07,
1.587858208e-01
l,9.0,3.0
4.451,5.371,6.291,
1.234766852e-17,1.394806314e+01
9.414274160e-08,3.121263937e-08,-3.628519372e-07,-4.636073417e-07,2.375893070e-07,8.102567949e-07,3.254676826e-07,-2.887049023e-07,-1.952609686e-07,
1.067865725e-08,-3.845235519e-08,6.890350809e-09,-6.164603692e-07,-2.387570191e-06,-5.682943389e-06,-7.201259397e-06,-4.215990445e-06,-8.928260177e-07,
1.587860002e-01
l,9.0,4.0
4.531,5.451,6.371,
7.607506885e-18,1.505349999e+01
3.987775017e-07,1.502700521e-07,-1.622314358e-06,-3.244977920e-06,-5.059058092e-06,-1.154884338e-05,-1.883136018e-05,-1.526673023e-05,-4.758479236e-06,
4.682673824e-08,-1.687100254e-07,1.909111738e-08,-2.785525948e-06,-1.077211369e-05,-2.536947019e-05,-3.185579156e-05,-1.839858396e-05,-3.779339792e-06,
1.587857872e-01
l,9.0,5.0
4.631,5.551,6.471,
5.754676211e-16,1.299448240e+01
1.710502033e-06,3.799557072e-07,-8.205611174e-06,-1.542864383e-05,-1.220600223e-05,-6.779308709e-06,-7.965440081e-06,-7.738662265e-06,-2.695979543e-06,
1.910250096e-07,-6.886991809e-07,2.106458893e-07,-9.882552462e-06,-3.622425639e-05,-8.304376080e-05,-9.944967511e-05,-5.150570573e-05,-8.183882569e-06,
1.587860203e-01
l,9.0,6.0
4.711,5.631,6.551,
4.802319057e-15,1.241647226e+01
7.321973044e-06,2.144215324e-06,-3.243215972e-05,-5.019007290e-05,2.430315878e-05,1.753399618e-04,2.555902319e-04,1.738415504e-04,4.727887236e-05,
8.373684409e-07,-3.020532239e-06,6.356891177e-07,-4.685410166e-05,-1.794184417e-04,-4.269638614e-04,-5.408799653e-04,-3.129899329e-04,-6.395330012e-05,
1.587860140e-01
l,9.0,7.0
4.791,5.711,6.631,
1.140901233e-14,1.265888950e+01
3.146371091e-05,1.143276006e-05,-1.254681662e-04,-1.545242527e-04,3.033103567e-04,1.165896221e-03,1.596281595e-03,1.063719554e-03,2.849067643e-04,
3.670104940e-06,-1.324549683e-05,1.646635248e-06,-2.197156273e-04,-8.675274104e-04,-2.108748590e-03,-2.754273440e-03,-1.685659576e-03,-3.809185284e-04,
1.587857921e-01
l,9.0,8.0
4.871,5.791,6.731,
5.665100298e-15,1.388937576e+01
1.356052962e-04,5.605373002e-05,-5.186512221e-04,-7.528156449e-04,4.637335271e-04,2.448741500e-03,3.022357954e-03,1.720010604e-03,3.847379310e-04,
1.496291175e-05,-5.403562328e-05,1.408422474e-05,-8.470551106e-04,-3.340075473e-03,-8.130054772e-03,-1.046970863e-02,-6.239733597e-03,-1.359415754e-03,
1.587857655e-01
l,9.0,9.0
4.951,5.871,6.811,
1.369607388e-15,1.554791059e+01
5.854095798e-04,2.531119058e-04,-2.362471486e-03,-5.137488611e-03,-7.787860381e-03,-1.482121771e-02,-2.212466328e-02,-1.743733238e-02,-5.393429923e-03,
6.556281963e-05,-2.368931746e-04,6.754445822e-05,-3.561629957e-03,-1.360401321e-02,-3.235991198e-02,-4.071254715e-02,-2.328448076e-02,-4.694475463e-03,
1.587857887e-01
