l,0.0,-0.0
0.131,1.051,1.991,
1.313096629e-01,1.399261984e+00
1.919527911e-02,-2.389778234e-02,3.084316400e-02,4.869981584e-01,2.928550494e+00,8.700790157e+00,1.345054795e+01,1.063336646e+01,3.374955252e+00,
4.964999451e-03,-8.068163797e-03,-1.013039176e-02,-1.515077858e-01,-6.171604491e-01,-1.342791643e+00,-1.591484403e+00,-9.708590034e-01,-2.387566656e-01,
1.588790276e-01
l,1.0,-1.0
0.331,1.431,2.531,
1.944794448e-02,2.963897499e+00
3.592750058e-03,-4.012946670e-03,3.138438839e-03,2.151672056e-02,5.783950495e-02,1.058341451e-01,7.912052061e-02,1.737317169e-02,-1.389750902e-03,
7.041420491e-04,-1.199130008e-03,-1.038800169e-03,-1.639012267e-02,-5.821271200e-02,-1.133059137e-01,-1.218101445e-01,-6.824538893e-02,-1.559845334e-02,
1.586927830e-01
l,1.0,0.0
0.371,1.291,2.211,
1.041777480e-01,3.844215548e+00
1.296786964e-02,-1.398769742e-02,7.365698300e-03,1.944511875e-01,8.828792629e-01,2.175077811e+00,2.475111899e+00,1.191452922e+00,1.686723766e-01,
3.461026265e-03,-5.754744939e-03,-8.501105254e-03,-1.279472041e-01,-5.563271197e-01,-1.295716058e+00,-1.652344282e+00,-1.088480218e+00,-2.902359963e-01,
1.590203347e-01
l,1.0,1.0
0.411,1.391,2.371,
3.477705499e-01,4.317887594e+00
3.515426815e-02,-4.480453369e-02,4.471777980e-02,2.350366702e-01,4.228776374e-01,2.458451443e-01,-1.524462910e+00,-2.538799859e+00,-1.075155362e+00,
7.631793950e-03,-1.308920162e-02,-1.332795424e-02,-2.119434663e-01,-8.253464469e-01,-1.785276879e+00,-2.150856377e+00,-1.359675312e+00,-3.520475150e-01,
1.587857469e-01
l,2.0,-2.0
0.711,1.831,2.991,
6.844308720e-04,4.218184730e+00
6.565552903e-04,-7.299627709e-04,4.663370245e-04,6.744293190e-03,2.852573857e-02,7.049738715e-02,8.649788143e-02,5.112266047e-02,1.180051453e-02,
1.112351945e-04,-1.958350852e-04,-9.446872184e-05,-1.855260783e-03,-5.663936724e-03,-9.751539548e-03,-9.334859175e-03,-4.696204651e-03,-9.778836336e-04,
1.586626332e-01
l,2.0,-1.0
0.731,1.811,2.891,
1.249722868e-03,4.118014889e+00
1.911947038e-03,-1.906800714e-03,1.202813692e-03,1.866846161e-02,6.328161123e-02,1.548749231e-01,1.995659841e-01,1.229780156e-01,2.919139552e-02,
3.785055677e-04,-6.624679906e-04,-5.383061088e-04,-9.021030220e-03,-3.259077346e-02,-6.493164298e-02,-7.156794246e-02,-4.109304722e-02,-9.639193149e-03,
1.588790421e-01
l,2.0,0.0
0.791,1.851,2.911,
3.209809476e-03,4.922352456e+00
5.222492851e-03,-5.392131052e-03,2.490044036e-03,3.905019991e-02,1.018687519e-01,2.402098194e-01,3.042816356e-01,1.759585388e-01,3.738178819e-02,
1.042599907e-03,-1.830381882e-03,-1.475102416e-03,-2.525783855e-02,-9.237541610e-02,-1.865976830e-01,-2.086181651e-01,-1.216321753e-01,-2.900797147e-02,
1.588169655e-01
l,2.0,1.0
0.831,1.811,2.791,
6.899824885e-03,4.466752888e+00
1.621418074e-02,-1.591388699e-02,9.069611529e-03,1.855261983e-01,6.064074026e-01,1.602659008e+00,2.346683957e+00,1.643659102e+00,4.402750844e-01,
3.687912899e-03,-6.466793903e-03,-5.979084446e-03,-9.924494606e-02,-3.854185648e-01,-8.313803621e-01,-1.000480861e+00,-6.308827478e-01,-1.632636618e-01,
1.589582299e-01
l,2.0,2.0
0.851,1.871,2.911,
2.303923806e-02,5.966506130e+00
4.631989822e-02,-5.701064803e-02,2.888205587e-02,3.322997612e-01,8.503633492e-01,2.605835540e+00,3.838766527e+00,2.401214698e+00,5.280343141e-01,
8.602950809e-03,-1.539800396e-02,-1.157952853e-02,-2.109291700e-01,-7.709967425e-01,-1.574133970e+00,-1.781499124e+00,-1.056129543e+00,-2.571199572e-01,
1.587858968e-01
l,3.0,-3.0
1.091,2.211,3.391,
1.610174099e-05,5.314684559e+00
1.182221022e-04,-1.194304709e-04,2.760354707e-05,8.321055238e-04,2.847196941e-03,7.413059552e-03,9.963807222e-03,6.315449518e-03,1.529465640e-03,
1.914428226e-05,-3.445150224e-05,-1.677102043e-05,-3.361528005e-04,-1.041898233e-03,-1.826979672e-03,-1.775986940e-03,-9.026630105e-04,-1.892188825e-04,
1.586617971e-01
l,3.0,-2.0
1.171,2.271,3.411,
2.691767595e-05,5.441405991e+00
3.031136002e-04,-2.891729781e-04,6.148011777e-05,2.104160776e-03,6.002087069e-03,1.543260063e-02,2.203767578e-02,1.484630447e-02,3.790582794e-03,
5.269016850e-05,-9.491762989e-05,-4.735843684e-05,-9.987143507e-04,-3.340682375e-03,-6.284201524e-03,-6.536486636e-03,-3.537681320e-03,-7.845894034e-04,
1.588479857e-01
l,3.0,-1.0
1.191,2.311,3.451,
5.110625284e-05,5.491703784e+00
7.959853974e-04,-7.137867814e-04,4.987858213e-06,5.197593273e-03,9.601919805e-03,1.691951166e-02,2.190836178e-02,1.411380906e-02,3.433448142e-03,
1.397237206e-04,-2.522233707e-04,-1.279670074e-04,-2.624673201e-03,-8.680035886e-03,-1.633816991e-02,-1.717659944e-02,-9.451680433e-03,-2.138245824e-03,
1.588480171e-01
l,3.0,0.0
1.251,2.351,3.451,
1.146590729e-04,5.155073455e+00
2.124540042e-03,-1.873838765e-03,-1.865827926e-04,1.480346306e-02,3.463645874e-02,7.579980424e-02,1.069246497e-01,7.310332527e-02,1.889653657e-02,
3.984728721e-04,-7.197001698e-04,-5.119242799e-04,-9.235251330e-03,-3.241755303e-02,-6.287822533e-02,-6.731453080e-02,-3.746942988e-02,-8.540484263e-03,
1.588961970e-01
l,3.0,1.0
1.311,2.371,3.451,
2.394384278e-04,5.566392642e+00
5.921664182e-03,-5.172303707e-03,-3.337470019e-04,4.750478300e-02,1.188209991e-01,2.656390635e-01,3.820812620e-01,2.691175978e-01,7.200851470e-02,
1.137137479e-03,-2.057044029e-03,-1.556254679e-03,-2.763112779e-02,-9.902286979e-02,-1.962551485e-01,-2.148580032e-01,-1.223507214e-01,-2.853040809e-02,
1.589100894e-01
l,3.0,2.0
1.351,2.371,3.411,
5.989395274e-04,5.615877212e+00
1.746335067e-02,-1.545372111e-02,1.989869922e-03,1.787008234e-01,4.918233633e-01,1.138164878e+00,1.666809548e+00,1.208636800e+00,3.355008758e-01,
3.499053658e-03,-6.349879057e-03,-5.031508137e-03,-9.015560756e-02,-3.364978770e-01,-6.979337469e-01,-8.019407032e-01,-4.799761430e-01,-1.176437011e-01,
1.589581615e-01
l,3.0,3.0
1.371,2.411,3.491,
1.598526593e-03,5.774287631e+00
5.104830861e-02,-5.652657261e-02,1.173141969e-02,4.401223724e-01,1.157939680e+00,3.246415760e+00,5.244423370e+00,3.905377802e+00,1.082091286e+00,
8.703883804e-03,-1.602225971e-02,-1.097622374e-02,-2.109742509e-01,-7.510261321e-01,-1.495527073e+00,-1.643850626e+00,-9.432241724e-01,-2.223298440e-01,
1.588480084e-01
l,4.0,-4.0
1.471,2.631,3.831,
3.748353604e-07,5.863672295e+00
1.968169090e-05,-1.861779172e-05,1.465757791e-06,1.450046675e-04,3.840195030e-04,8.311036177e-04,1.070707689e-03,6.740837243e-04,1.627038549e-04,
3.021137379e-06,-5.538883972e-06,-2.441610364e-06,-5.427599513e-05,-1.708786540e-04,-3.058800264e-04,-3.037258522e-04,-1.575031253e-04,-3.360472320e-05,
1.587237499e-01
l,4.0,-3.0
1.551,2.711,3.871,
3.293086687e-07,7.375577877e+00
4.813214036e-05,-4.195231688e-05,9.368034069e-07,2.894993386e-04,3.573610150e-04,3.078863651e-04,3.099901090e-04,1.837368515e-04,3.838502117e-05,
8.006333185e-06,-1.470035787e-05,-7.798499387e-06,-1.624617752e-04,-5.512744317e-04,-1.053897600e-03,-1.113381882e-03,-6.104577678e-04,-1.366675719e-04,
1.588480198e-01
l,4.0,-2.0
1.631,2.791,3.951,
3.263452980e-07,8.457572945e+00
1.183412969e-04,-1.012660633e-04,-4.879523923e-05,2.951102941e-04,-9.209117449e-04,-3.242480867e-03,-3.873433941e-03,-2.238985996e-03,-5.254360677e-04,
1.969476658e-05,-3.626516216e-05,-1.656030676e-05,-3.755327034e-04,-1.243283351e-03,-2.323682115e-03,-2.398484214e-03,-1.284536532e-03,-2.816659861e-04,
1.588479857e-01
l,4.0,-1.0
1.711,2.831,3.991,
2.103469749e-06,5.996876366e+00
3.056249116e-04,-2.283143919e-04,-6.887930689e-05,2.659324600e-03,7.558466582e-03,1.502120785e-02,1.873021370e-02,1.198895579e-02,2.999503611e-03,
5.215862906e-05,-9.618069856e-05,-4.475044016e-05,-9.659687347e-04,-3.104734938e-03,-5.683781364e-03,-5.799564588e-03,-3.091394712e-03,-6.798755812e-04,
1.589100914e-01
l,4.0,0.0
1.791,2.891,4.031,
2.840001242e-06,6.754932017e+00
7.869547117e-04,-6.026919735e-04,-4.196868382e-04,5.269222373e-03,1.516603096e-02,3.395216162e-02,4.743945749e-02,3.279899310e-02,8.661432234e-03,
1.380777417e-04,-2.549977163e-04,-1.187259139e-04,-2.520202291e-03,-7.841116681e-03,-1.379950372e-02,-1.349932786e-02,-6.894237952e-03,-1.461245211e-03,
1.589100769e-01
l,4.0,1.0
1.791,2.911,4.051,
6.940043656e-06,6.652248949e+00
2.139329910e-03,-1.500891706e-03,-1.037188636e-03,1.474372922e-02,2.806678439e-02,3.368180372e-02,3.449080780e-02,2.178878583e-02,5.579291512e-03,
3.793872440e-04,-7.014022844e-04,-3.331381256e-04,-7.184266653e-03,-2.344628160e-02,-4.367920435e-02,-4.547326241e-02,-2.472664721e-02,-5.542832923e-03,
1.589272439e-01
l,4.0,2.0
1.831,2.931,4.051,
1.390629205e-05,6.991230884e+00
5.957279820e-03,-4.270508029e-03,-4.545974614e-03,2.942982558e-02,3.169730230e-02,2.344612449e-03,3.835594498e-03,1.433365238e-02,6.286898165e-03,
1.082302550e-03,-2.003410555e-03,-9.606676861e-04,-2.093297675e-02,-6.946927188e-02,-1.312404996e-01,-1.380047996e-01,-7.547945277e-02,-1.696975325e-02,
1.589273227e-01
l,4.0,3.0
1.851,2.931,4.011,
3.024187667e-05,7.310083592e+00
1.749707945e-02,-1.246488897e-02,-7.643492030e-03,1.296727134e-01,1.971811998e-01,1.346843647e-01,1.027508857e-01,7.936334438e-02,2.519072488e-02,
3.332989172e-03,-6.186125502e-03,-4.881129397e-03,-8.684050660e-02,-3.147003572e-01,-6.322611539e-01,-7.009485130e-01,-4.028978436e-01,-9.468169798e-02,
1.589582232e-01
l,4.0,4.0
1.891,2.971,4.071,
1.089300242e-04,6.936275008e+00
5.153274909e-02,-4.926983750e-02,-1.213641175e-02,3.787163992e-01,6.393398870e-01,1.168733059e+00,1.919872158e+00,1.532802521e+00,4.448168817e-01,
8.565092393e-03,-1.607230919e-02,-1.052310236e-02,-2.088631361e-01,-7.372245385e-01,-1.453342979e+00,-1.575494945e+00,-8.877550788e-01,-2.053224134e-01,
1.588790589e-01
l,5.0,-5.0
1.891,3.071,4.271,
6.758491107e-09,6.916089962e+00
3.107983957e-06,-2.739866970e-06,-8.144955300e-07,1.675011446e-05,3.451546791e-05,7.090300188e-05,9.866427073e-05,6.592646911e-05,1.644556947e-05,
4.704857812e-07,-8.752255716e-07,-3.190724602e-07,-8.175188231e-06,-2.543355097e-05,-4.496127923e-05,-4.386478926e-05,-2.228869614e-05,-4.675534172e-06,
1.587857108e-01
l,5.0,-4.0
1.991,3.151,4.331,
1.210838400e-08,6.767355477e+00
7.462807844e-06,-5.793603349e-06,-1.877592188e-06,5.364101922e-05,1.258302388e-04,2.217941115e-04,2.689921888e-04,1.706213089e-04,4.215528564e-05,
1.199479931e-06,-2.235237074e-06,-9.728176479e-07,-2.243497543e-05,-7.232402397e-05,-1.323478473e-04,-1.341565088e-04,-7.078834837e-05,-1.536965338e-05,
1.588479894e-01
l,5.0,-3.0
2.071,3.251,4.431,
1.365080978e-08,7.392487489e+00
1.770761992e-05,-1.399852236e-05,-1.012258010e-05,7.550810356e-05,5.326358581e-05,-4.149201796e-05,-3.227318601e-05,1.247836779e-05,9.466216648e-06,
2.837334630e-06,-5.302186421e-06,-2.156289614e-06,-5.165324545e-05,-1.632496586e-04,-2.935013844e-04,-2.918505928e-04,-1.505881828e-04,-3.193397710e-05,
1.589100450e-01
l,5.0,-2.0
2.151,3.311,4.491,
2.922591992e-08,7.188654170e+00
4.392116170e-05,-3.012724041e-05,-2.049090534e-05,3.058349915e-04,6.335808377e-04,8.218729737e-04,8.297114553e-04,4.993777921e-04,1.226653977e-04,
7.227226452e-06,-1.352755218e-05,-6.480315436e-06,-1.412609457e-04,-4.576541864e-04,-8.392200322e-04,-8.518298760e-04,-4.484123953e-04,-9.679243196e-05,
1.589100600e-01
l,5.0,-1.0
2.211,3.391,4.571,
4.648285066e-08,7.450754043e+00
1.085740005e-04,-7.647660593e-05,-7.426478835e-05,5.346106733e-04,6.568269876e-04,1.613044238e-04,1.969668214e-05,1.178326382e-04,5.797118386e-05,
1.773039176e-05,-3.325646524e-05,-1.361089416e-05,-3.254739300e-04,-1.030717805e-03,-1.855530907e-03,-1.847630118e-03,-9.529410716e-04,-2.018365361e-04,
1.589272073e-01
l,5.0,0.0
2.311,3.431,4.611,
7.006975768e-08,7.817368189e+00
2.807900019e-04,-1.691015297e-04,-1.482373116e-04,2.186955442e-03,5.922550276e-03,1.029991157e-02,1.203778576e-02,7.626207750e-03,1.925948433e-03,
4.687359432e-05,-8.801250320e-05,-3.796191330e-05,-8.770800120e-04,-2.801480574e-03,-5.073593962e-03,-5.087757724e-03,-2.646479215e-03,-5.665201280e-04,
1.589272314e-01
l,5.0,1.0
2.331,3.491,4.651,
2.724682356e-07,7.181408455e+00
7.283823215e-04,-4.819664876e-04,-7.357625598e-04,2.163423088e-03,4.547044635e-04,-5.029168195e-03,-4.958408465e-03,-1.287248181e-03,7.765146470e-05,
1.239176607e-04,-2.329328214e-04,-8.940964214e-05,-2.148117024e-03,-6.486211435e-03,-1.114033395e-02,-1.059615773e-02,-5.221199942e-03,-1.065317103e-03,
1.589272058e-01
l,5.0,2.0
2.391,3.511,4.651,
4.841767260e-07,7.529911683e+00
1.987454016e-03,-1.213852650e-03,-1.267514501e-03,1.524518642e-02,3.992472184e-02,6.425785573e-02,7.097679811e-02,4.368553810e-02,1.086682501e-02,
3.532322376e-04,-6.642138161e-04,-3.270180521e-04,-6.853582341e-03,-2.189143224e-02,-3.988211993e-02,-4.061361872e-02,-2.157555387e-02,-4.735977630e-03,
1.589273227e-01
l,5.0,3.0
2.391,3.511,4.651,
1.041433038e-06,7.728442214e+00
5.631939974e-03,-3.176792927e-03,-4.486540226e-03,3.887721577e-02,8.819383426e-02,1.078857190e-01,9.803267240e-02,5.636110105e-02,1.388942708e-02,
1.007676375e-03,-1.896691008e-03,-9.205234338e-04,-1.952376707e-02,-6.240323200e-02,-1.138024171e-01,-1.159609657e-01,-6.157864416e-02,-1.351138985e-02,
1.589582777e-01
l,5.0,4.0
2.411,3.511,4.631,
4.354228725e-06,7.250343488e+00
1.651992090e-02,-9.642277486e-03,-1.089949199e-02,1.350896382e-01,3.172399984e-01,4.319808482e-01,4.454581236e-01,2.813427775e-01,7.407023916e-02,
2.989522554e-03,-5.641123156e-03,-2.756324107e-03,-6.000072518e-02,-1.967619206e-01,-3.674198466e-01,-3.828479400e-01,-2.079466731e-01,-4.667571082e-02,
1.589582487e-01
l,5.0,5.0
2.431,3.551,4.671,
1.063941809e-05,7.477215617e+00
4.866414890e-02,-4.036004134e-02,-3.709725913e-02,1.961113838e-01,-8.617492857e-02,-7.332670443e-01,-6.850477655e-01,-1.874324516e-01,7.062593928e-03,
7.952100106e-03,-1.513082609e-02,-5.843523873e-03,-1.523637734e-01,-4.972155488e-01,-9.310804727e-01,-9.643226082e-01,-5.198481475e-01,-1.160295595e-01,
1.589100625e-01
l,6.0,-6.0
2.331,3.491,4.691,
1.064499114e-10,7.897356234e+00
4.869208965e-07,-3.701877841e-07,-2.205925863e-07,3.053785615e-06,5.928478180e-06,8.260867013e-06,9.557459657e-06,6.273113123e-06,1.614177152e-06,
7.525754186e-08,-1.415760794e-07,-6.294389074e-08,-1.412525565e-06,-4.435454365e-06,-7.935951956e-06,-7.861767964e-06,-4.046000691e-06,-8.560135026e-07,
1.588169670e-01
l,6.0,-5.0
2.411,3.591,4.791,
5.408203713e-11,9.208467754e+00
1.129756015e-06,-7.731395674e-07,-9.133929590e-07,3.485708636e-06,-1.612959269e-06,-1.542210766e-05,-1.865168542e-05,-9.557214407e-06,-1.892107172e-06,
1.777109578e-07,-3.351043808e-07,-1.308726074e-07,-3.206546553e-06,-9.971832969e-06,-1.756653331e-05,-1.701781866e-05,-8.513850792e-06,-1.750733068e-06,
1.588790040e-01
l,6.0,-4.0
2.531,3.691,4.891,
2.992932194e-10,7.860277510e+00
2.649504950e-06,-1.700067420e-06,-1.675853574e-06,1.767150043e-05,4.150773844e-05,6.078894797e-05,6.464706599e-05,3.928167865e-05,9.667565616e-06,
4.193768933e-07,-7.925967705e-07,-3.177099892e-07,-7.650517241e-06,-2.378581619e-05,-4.213365318e-05,-4.135192592e-05,-2.107152882e-05,-4.425823498e-06,
1.589100636e-01
l,6.0,-3.0
2.611,3.771,4.971,
4.289452255e-10,8.097042841e+00
6.354724064e-06,-3.668645484e-06,-4.454181572e-06,4.401006109e-05,1.055441828e-04,1.436677004e-04,1.390167433e-04,7.994850921e-05,1.921546328e-05,
1.027360369e-06,-1.945030566e-06,-8.557440406e-07,-1.932380157e-05,-6.048534096e-05,-1.077477346e-04,-1.063131047e-04,-5.430085626e-05,-1.139000292e-05,
1.589271996e-01
l,6.0,-2.0
2.671,3.851,5.051,
8.475385496e-10,8.056163824e+00
1.541938036e-05,-8.455404556e-06,-1.240318025e-05,9.406324801e-05,1.969165820e-04,2.012549225e-04,1.519631880e-04,8.046538868e-05,1.954716953e-05,
2.515838116e-06,-4.771088420e-06,-2.073737414e-06,-4.728187781e-05,-1.484112156e-04,-2.648051790e-04,-2.610417858e-04,-1.327204808e-04,-2.763096141e-05,
1.589272146e-01
l,6.0,-1.0
2.751,3.931,5.131,
5.140427478e-10,9.239065210e+00
3.793978976e-05,-2.105022809e-05,-3.469454181e-05,1.766928980e-04,2.393614096e-04,-3.501043621e-05,-2.295563341e-04,-1.499124308e-04,-3.199270962e-05,
6.159345992e-06,-1.169978329e-05,-4.525789564e-06,-1.121134812e-04,-3.506012697e-04,-6.229322080e-04,-6.094070476e-04,-3.065349000e-04,-6.307533821e-05,
1.589271783e-01
l,6.0,0.0
2.811,3.991,5.191,
4.015917212e-09,7.945644192e+00
9.600997873e-05,-5.081199630e-05,-7.924611914e-05,6.106797646e-04,1.399143725e-03,1.628127318e-03,1.345437079e-03,7.162279141e-04,1.686996376e-04,
1.566049557e-05,-2.978303258e-05,-1.189901272e-05,-2.881218096e-04,-9.018534374e-04,-1.608350569e-03,-1.585308378e-03,-8.055832334e-04,-1.676775078e-04,
1.589271092e-01
l,6.0,1.0
2.891,4.051,5.231,
6.147813827e-09,8.303050778e+00
2.469756873e-04,-1.309482094e-04,-1.509499675e-04,1.939972685e-03,5.053144829e-03,7.286036078e-03,6.979282641e-03,3.859491783e-03,8.940104470e-04,
4.135819695e-05,-7.871834896e-05,-3.731665030e-05,-8.268136145e-04,-2.675945184e-03,-4.903227265e-03,-4.972400872e-03,-2.607509746e-03,-5.602800118e-04,
1.589272058e-01
l,6.0,2.0
2.911,4.091,5.271,
1.798287812e-09,1.025794474e+01
6.534993881e-04,-3.549200942e-04,-7.111524368e-04,2.027415457e-03,4.398184011e-04,-7.723637561e-03,-1.156759793e-02,-6.821615082e-03,-1.509160148e-03,
1.092442083e-04,-2.081048477e-04,-8.041378997e-05,-1.964674304e-03,-6.023989268e-03,-1.049612032e-02,-1.008708297e-02,-4.987704654e-03,-1.013164739e-03,
1.589582161e-01
l,6.0,3.0
2.931,4.111,5.291,
4.970206297e-08,7.999359106e+00
1.791213988e-03,-9.011917887e-04,-1.368729555e-03,1.203967113e-02,2.872210769e-02,3.596489955e-02,3.140712911e-02,1.691180925e-02,3.932938103e-03,
2.997379678e-04,-5.713429266e-04,-2.296677626e-04,-5.658696528e-03,-1.807924891e-02,-3.280470764e-02,-3.292190116e-02,-1.707393395e-02,-3.637282607e-03,
1.589582214e-01
l,6.0,4.0
2.991,4.111,5.291,
3.040992198e-08,9.334528924e+00
5.086993799e-03,-2.387274201e-03,-3.926064434e-03,3.985907032e-02,1.124143269e-01,1.755899811e-01,1.817241437e-01,1.071090085e-01,2.611501572e-02,
8.547123997e-04,-1.630383846e-03,-6.048502881e-04,-1.579920972e-02,-5.038174387e-02,-9.137412364e-02,-9.160882440e-02,-4.741235941e-02,-1.008249828e-02,
1.589581300e-01
l,6.0,5.0
2.991,4.111,5.251,
2.068297382e-07,8.534950010e+00
1.491761021e-02,-7.613346582e-03,-1.449886568e-02,1.056799060e-01,2.923316698e-01,4.502853324e-01,4.786354254e-01,2.938733440e-01,7.434763275e-02,
2.634069050e-03,-5.032558988e-03,-2.112838333e-03,-4.941626332e-02,-1.542151874e-01,-2.751384039e-01,-2.735027686e-01,-1.411085268e-01,-3.013849425e-02,
1.589582030e-01
l,6.0,6.0
2.991,4.131,5.271,
3.743743212e-08,1.110889145e+01
4.469329864e-02,-3.037909617e-02,-3.166460630e-02,3.000628594e-01,4.051931794e-01,-8.227563400e-02,-4.980265038e-01,-3.723847790e-01,-9.388342469e-02,
7.263987005e-03,-1.396747675e-02,-5.770077305e-03,-1.460183463e-01,-4.852272915e-01,-9.253984040e-01,-9.772345781e-01,-5.353019875e-01,-1.206062492e-01,
1.589271534e-01
l,7.0,-7.0
2.751,3.951,5.151,
1.117413338e-12,9.148407514e+00
7.222214293e-08,-5.198540038e-08,-4.427477152e-08,3.981266349e-07,6.288204548e-07,4.704745459e-07,3.239499734e-07,1.925201549e-07,5.072915181e-08,
1.106776638e-08,-2.103161239e-08,-8.181552208e-09,-2.028982813e-07,-6.332694431e-07,-1.130228215e-06,-1.116564039e-06,-5.725083076e-07,-1.208169408e-07,
1.588479708e-01
l,7.0,-6.0
2.851,4.051,5.251,
1.815673188e-12,9.112872163e+00
1.657788999e-07,-1.046796502e-07,-1.415632876e-07,6.454790927e-07,4.734106382e-07,-8.900404295e-07,-1.311488101e-06,-6.019495427e-07,-8.928412385e-08,
2.608639123e-08,-4.966732150e-08,-1.950468133e-08,-4.793632170e-07,-1.490028246e-06,-2.625892687e-06,-2.543307309e-06,-1.268927824e-06,-2.597837929e-07,
1.589100784e-01
l,7.0,-5.0
2.971,4.151,5.351,
1.093959149e-11,7.929455615e+00
3.843746867e-07,-2.161755585e-07,-2.945339026e-07,2.430412408e-06,5.760696491e-06,7.691040028e-06,7.395915578e-06,4.259505232e-06,1.025519922e-06,
6.143851928e-08,-1.171948536e-07,-4.890184640e-08,-1.148445628e-06,-3.557309197e-06,-6.266724262e-06,-6.110005160e-06,-3.084756173e-06,-6.413839095e-07,
1.589100832e-01
l,7.0,-4.0
3.051,4.251,5.451,
1.673766454e-12,1.013435393e+01
8.983118960e-07,-4.932202344e-07,-8.312274469e-07,4.163113414e-06,5.611758319e-06,-1.442261979e-06,-6.733619336e-06,-4.563196489e-06,-1.030993532e-06,
1.446645823e-07,-2.764457537e-07,-1.104037193e-07,-2.686504010e-06,-8.399204473e-06,-1.492739762e-05,-1.461132949e-05,-7.353798227e-06,-1.513955023e-06,
1.589272182e-01
l,7.0,-3.0
3.151,4.351,5.551,
1.384186852e-11,8.796721860e+00
2.126274921e-06,-1.144222832e-06,-1.937578555e-06,1.034047422e-05,1.993346695e-05,1.823568054e-05,1.415891031e-05,8.510191126e-06,2.268054892e-06,
3.404795245e-07,-6.517623147e-07,-2.342385911e-07,-6.121909538e-06,-1.880111979e-05,-3.277358427e-05,-3.146379884e-05,-1.556168246e-05,-3.165893122e-06,
1.589271701e-01
l,7.0,-2.0
3.231,4.431,5.631,
2.571402926e-11,8.832238427e+00
5.155006875e-06,-2.608814242e-06,-4.539428341e-06,2.948477422e-05,6.916987933e-05,8.384444373e-05,7.214024396e-05,3.870546689e-05,8.951916880e-06,
8.323976325e-07,-1.595547025e-06,-6.069564400e-07,-1.522004853e-05,-4.684074837e-05,-8.197493877e-05,-7.926997196e-05,-3.956389688e-05,-8.124742320e-06,
1.589271181e-01
l,7.0,-1.0
3.291,4.491,5.711,
2.705642703e-11,9.377620858e+00
1.277698993e-05,-5.752181780e-06,-1.444897151e-05,5.154400711e-05,9.885016029e-05,6.462275029e-05,2.467042603e-05,1.206843624e-05,4.074696465e-06,
2.035018468e-06,-3.905809142e-06,-1.335967981e-06,-3.520688954e-05,-1.040188744e-04,-1.744719328e-04,-1.607483340e-04,-7.582448245e-05,-1.468281924e-05,
1.589581800e-01
l,7.0,0.0
3.351,4.551,5.771,
2.043820878e-11,1.022061471e+01
3.210680006e-05,-1.371390203e-05,-3.811326677e-05,1.142646714e-04,1.675142358e-04,-5.425748130e-05,-2.184796339e-04,-1.424281323e-04,-3.065310426e-05,
5.168038863e-06,-9.928457472e-06,-3.753477222e-06,-9.319531251e-05,-2.799035794e-04,-4.745140935e-04,-4.403671381e-04,-2.083960800e-04,-4.024317128e-05,
1.589581497e-01
l,7.0,1.0
3.411,4.611,5.831,
2.461564261e-11,1.070043756e+01
8.198781870e-05,-3.578501970e-05,-8.899428504e-05,3.601937793e-04,6.150738717e-04,8.506677940e-05,-4.548640523e-04,-3.684168701e-04,-9.014304288e-05,
1.312316476e-05,-2.523489546e-05,-9.378062852e-06,-2.411046788e-04,-7.446205372e-04,-1.299634060e-03,-1.241951883e-03,-6.059052646e-04,-1.204248354e-04,
1.589581605e-01
l,7.0,2.0
3.451,4.651,5.871,
2.928278279e-10,9.365839843e+00
2.150591026e-04,-8.524180041e-05,-2.053150277e-04,1.331322901e-03,3.583697053e-03,4.662676911e-03,3.853479365e-03,1.878415957e-03,3.968000483e-04,
3.462792896e-05,-6.662912433e-05,-2.401195767e-05,-6.208535620e-04,-1.895208224e-03,-3.301527508e-03,-3.175702647e-03,-1.569936076e-03,-3.181077418e-04,
1.589582161e-01
l,7.0,3.0
3.491,4.691,5.911,
1.341400462e-10,1.069916462e+01
5.733873113e-04,-2.492603734e-04,-6.929510029e-04,2.027772045e-03,2.839211209e-03,-1.587870025e-03,-4.853398637e-03,-3.186241422e-03,-7.087406329e-04,
9.137132083e-05,-1.759284109e-04,-5.599087401e-05,-1.589032060e-03,-4.776247118e-03,-8.130372464e-03,-7.566158022e-03,-3.584680947e-03,-6.927820126e-04,
1.589580729e-01
l,7.0,4.0
3.511,4.711,5.911,
1.512777494e-09,9.511166230e+00
1.579056028e-03,-6.509073077e-04,-1.638471827e-03,8.356820949e-03,2.023327574e-02,2.262434562e-02,1.712357231e-02,8.459849158e-03,1.906184263e-03,
2.604234909e-04,-5.015234218e-04,-1.888813860e-04,-4.773902557e-03,-1.463147581e-02,-2.543559656e-02,-2.436932659e-02,-1.198852014e-02,-2.419452098e-03,
1.589580773e-01
l,7.0,5.0
3.531,4.711,5.911,
1.274931149e-09,1.043335930e+01
4.495638888e-03,-1.748266089e-03,-5.032257517e-03,2.226151211e-02,5.027774936e-02,4.338563077e-02,1.998984166e-02,5.628482747e-03,9.131616445e-04,
7.426424664e-04,-1.430978482e-03,-5.131959331e-04,-1.345399142e-02,-4.114497042e-02,-7.143389954e-02,-6.830562995e-02,-3.350041495e-02,-6.740842335e-03,
1.589891200e-01
l,7.0,6.0
3.551,4.711,5.891,
3.241651329e-08,8.706466598e+00
1.319110021e-02,-5.519001525e-03,-1.335069751e-02,8.190149673e-02,2.083287635e-01,2.573247249e-01,2.190334413e-01,1.190030600e-01,2.871985165e-02,
2.202768646e-03,-4.250397097e-03,-1.440505873e-03,-4.010718306e-02,-1.256134140e-01,-2.243011014e-01,-2.209152040e-01,-1.118467617e-01,-2.326270588e-02,
1.589891599e-01
l,7.0,7.0
3.551,4.711,5.871,
6.910257477e-08,8.984024267e+00
4.001041129e-02,-2.097038142e-02,-4.299276299e-02,2.334983634e-01,5.070515605e-01,4.953179616e-01,3.668838603e-01,2.100101109e-01,5.672579727e-02,
6.551255605e-03,-1.270138857e-02,-4.615706661e-03,-1.211805713e-01,-3.736518739e-01,-6.619319037e-01,-6.490899573e-01,-3.290447925e-01,-6.907627506e-02,
1.589270767e-01
l,8.0,-8.0
3.191,4.391,5.611,
3.593222796e-14,9.256788860e+00
1.068022026e-08,-6.435439838e-09,-9.689269159e-09,4.964554912e-08,8.877064272e-08,8.045522069e-08,7.188051936e-08,4.821279053e-08,1.331274369e-08,
1.614701517e-09,-3.094048672e-09,-1.018922312e-09,-2.780341849e-08,-8.264497864e-08,-1.403369536e-07,-1.313257875e-07,-6.349769916e-08,-1.269326660e-08,
1.588788639e-01
l,8.0,-7.0
3.311,4.511,5.731,
1.216970921e-14,1.055761050e+01
2.398359022e-08,-1.383961377e-08,-2.429123236e-08,8.717858955e-08,6.753482996e-08,-1.602533761e-07,-2.664786120e-07,-1.491305659e-07,-2.992528757e-08,
3.656028843e-09,-7.019229852e-09,-2.217968423e-09,-6.394511253e-08,-1.945765977e-07,-3.362258568e-07,-3.179897206e-07,-1.541477390e-07,-3.062537983e-08,
1.589100046e-01
l,8.0,-6.0
3.411,4.611,5.831,
6.590153538e-14,9.571571157e+00
5.506715084e-08,-2.682315544e-08,-5.231525273e-08,3.048525562e-07,7.197762068e-07,8.486486771e-07,7.032807518e-07,3.685145730e-07,8.438066418e-08,
8.598108289e-09,-1.653328478e-08,-5.559683998e-09,-1.501930029e-07,-4.515719613e-07,-7.763216203e-07,-7.367623989e-07,-3.603352533e-07,-7.256686948e-08,
1.589271620e-01
l,8.0,-5.0
3.511,4.711,5.931,
1.716713492e-14,1.108017951e+01
1.274329975e-07,-5.731603144e-08,-1.235450117e-07,6.863553162e-07,1.389020506e-06,9.226495005e-07,7.764827757e-08,-1.738704569e-07,-5.874726642e-08,
2.021255894e-08,-3.892513423e-08,-1.484682392e-08,-3.781552736e-07,-1.183948907e-06,-2.099479554e-06,-2.041787172e-06,-1.016219844e-06,-2.061748850e-07,
1.589272079e-01
l,8.0,-4.0
3.611,4.811,6.031,
8.942697228e-14,1.022837856e+01
2.981975911e-07,-1.276356899e-07,-3.456575691e-07,1.190137236e-06,2.335026091e-06,1.465869556e-06,3.823117317e-07,1.064431328e-07,4.502741601e-08,
4.751178347e-08,-9.163052377e-08,-3.273260099e-08,-8.395478203e-07,-2.484822084e-06,-4.170752311e-06,-3.842374242e-06,-1.809209395e-06,-3.490306012e-07,
1.589582587e-01
l,8.0,-3.0
3.691,4.911,6.131,
2.605481361e-13,9.884211648e+00
7.067945944e-07,-3.078605899e-07,-6.146190307e-07,4.723720632e-06,1.251864662e-05,1.620823512e-05,1.320818889e-05,6.298980461e-06,1.299138040e-06,
1.116289891e-07,-2.155879296e-07,-7.404086247e-08,-2.028263666e-06,-6.317538452e-06,-1.122645644e-05,-1.098350768e-05,-5.513446151e-06,-1.130890250e-06,
1.589582106e-01
l,8.0,-2.0
3.771,4.991,6.211,
6.888641987e-14,1.139143455e+01
1.709443040e-06,-7.077627276e-07,-1.611496747e-06,1.023452725e-05,2.469166572e-05,2.541143360e-05,1.465865506e-05,4.690656870e-06,6.476482833e-07,
2.725414587e-07,-5.269292062e-07,-1.950659479e-07,-5.093742801e-06,-1.597598908e-05,-2.843878874e-05,-2.779291652e-05,-1.389442757e-05,-2.829474983e-06,
1.589581585e-01
l,8.0,-1.0
3.851,5.071,6.291,
2.801073979e-14,1.256415196e+01
4.185812941e-06,-1.776562688e-06,-4.471812110e-06,1.940950981e-05,3.650014490e-05,1.224060957e-05,-1.899480818e-05,-1.894512117e-05,-5.128945609e-06,
6.652978931e-07,-1.287643657e-06,-4.562872398e-07,-1.225554771e-05,-3.802918049e-05,-6.685255854e-05,-6.436634286e-05,-3.162428951e-05,-6.324960919e-06,
1.589580868e-01
l,8.0,0.0
3.911,5.131,6.351,
4.690043442e-13,1.101766566e+01
1.048737977e-05,-3.993618462e-06,-9.740823117e-06,6.665244404e-05,1.757492442e-04,2.105161897e-04,1.502994994e-04,6.202694653e-05,1.126726121e-05,
1.687937247e-06,-3.269438373e-06,-1.274751282e-06,-3.203636023e-05,-1.005249902e-04,-1.789634621e-04,-1.750752712e-04,-8.760293032e-05,-1.784529623e-05,
1.589581497e-01
l,8.0,1.0
3.971,5.191,6.411,
9.579137113e-12,9.392211083e+00
2.663188934e-05,-9.939261575e-06,-2.422942598e-05,1.785770911e-04,5.169804374e-04,7.329488711e-04,6.419403746e-04,3.201535462e-04,6.774822306e-05,
4.282109985e-06,-8.300536164e-06,-3.071032691e-06,-7.904292057e-05,-2.440968918e-04,-4.297534691e-04,-4.171884257e-04,-2.076426411e-04,-4.221259542e-05,
1.589580202e-01
l,8.0,2.0
4.011,5.231,6.471,
3.930764069e-13,1.229052654e+01
6.911255332e-05,-2.447620847e-05,-9.218043795e-05,2.004834262e-04,3.044971176e-04,-2.157671045e-04,-6.392276831e-04,-4.397614821e-04,-1.032140955e-04,
1.086233132e-05,-2.107163671e-05,-5.973200636e-06,-1.806189434e-04,-5.231266131e-04,-8.615093667e-04,-7.741995704e-04,-3.516282004e-04,-6.486202509e-05,
1.589580689e-01
l,8.0,3.0
4.051,5.271,6.511,
7.054281258e-12,1.083643950e+01
1.827158994e-04,-6.281032421e-05,-1.844879513e-04,1.128291643e-03,3.177524682e-03,4.082242894e-03,3.145969369e-03,1.393593016e-03,2.685052074e-04,
2.864279579e-05,-5.559185225e-05,-1.836729095e-05,-5.193800694e-04,-1.601161692e-03,-2.801704377e-03,-2.685557242e-03,-1.312601302e-03,-2.610482650e-04,
1.589580148e-01
l,8.0,4.0
4.091,5.311,6.531,
1.537682541e-11,1.092947861e+01
4.909220152e-04,-1.886613084e-04,-5.992048076e-04,1.862937192e-03,3.923810549e-03,2.494410249e-03,3.439247702e-04,-1.877993709e-04,-4.319915616e-05,
7.851786490e-05,-1.524375352e-04,-4.783434615e-05,-1.355227738e-03,-3.992323362e-03,-6.688573606e-03,-6.145723922e-03,-2.874720818e-03,-5.493485715e-04,
1.589579455e-01
l,8.0,5.0
4.111,5.311,6.531,
3.142807399e-11,1.110249889e+01
1.368670957e-03,-4.411717497e-04,-1.726176434e-03,5.458639714e-03,1.326203032e-02,1.177928393e-02,5.776992447e-03,1.906843065e-03,3.765487015e-04,
2.237800438e-04,-4.345205711e-04,-1.526619862e-04,-3.968044903e-03,-1.171765573e-02,-1.961911390e-02,-1.801867667e-02,-8.410395854e-03,-1.599344954e-03,
1.589579440e-01
l,8.0,6.0
4.131,5.331,6.531,
1.269911727e-10,1.083004223e+01
3.880477976e-03,-1.458327666e-03,-4.042210327e-03,2.352348615e-02,6.498137402e-02,8.302705315e-02,6.550664396e-02,3.038306632e-02,6.175662007e-03,
6.379500835e-04,-1.239260277e-03,-4.308701693e-04,-1.163676831e-02,-3.578832155e-02,-6.286520112e-02,-6.101586615e-02,-3.039274948e-02,-6.200463350e-03,
1.589579575e-01
l,8.0,7.0
4.131,5.311,6.511,
2.880334886e-11,1.262405946e+01
1.147691999e-02,-3.932541091e-03,-1.437117901e-02,4.870653303e-02,1.028097269e-01,4.987294262e-02,-2.886394089e-02,-3.664651756e-02,-1.021617404e-02,
1.892560966e-03,-3.680345859e-03,-1.217787686e-03,-3.410278695e-02,-1.037804015e-01,-1.792970157e-01,-1.699257415e-01,-8.206582783e-02,-1.619104305e-02,
1.589890361e-01
l,8.0,8.0
4.131,5.311,6.491,
6.486518977e-11,1.283969988e+01
3.478042036e-02,-1.529207317e-02,-4.123999758e-02,1.632816675e-01,2.964068792e-01,6.495540104e-02,-1.929955676e-01,-1.670139328e-01,-4.228274117e-02,
5.625756141e-03,-1.098009825e-02,-3.718153786e-03,-1.036632358e-01,-3.192596721e-01,-5.620064923e-01,-5.439972541e-01,-2.698939073e-01,-5.504271721e-02,
1.589579532e-01
l,9.0,-9.0
3.651,4.851,6.071,
3.599408442e-16,1.036579916e+01
1.536152983e-09,-8.386576472e-10,-1.557490877e-09,6.636241504e-09,1.167250546e-08,7.917426595e-09,4.578197101e-09,3.019435609e-09,9.434538159e-10,
2.339891617e-10,-4.515236430e-10,-1.507928429e-10,-4.090156028e-09,-1.212578588e-08,-2.049304595e-08,-1.904159979e-08,-9.101243756e-09,-1.793329541e-09,
1.589097518e-01
l,9.0,-8.0
3.771,4.971,6.191,
9.168399775e-17,1.174456817e+01
3.428259010e-09,-1.748684548e-09,-3.592705713e-09,1.422073971e-08,1.936906061e-08,-7.352080935e-09,-2.715272341e-08,-1.807073665e-08,-4.039872803e-09,
5.289144406e-10,-1.022323018e-09,-3.518652725e-10,-9.598190080e-09,-2.943204753e-08,-5.118549500e-08,-4.872291480e-08,-2.372187368e-08,-4.719643517e-09,
1.589269524e-01
l,9.0,-7.0
3.871,5.071,6.291,
7.794373544e-16,1.050803880e+01
7.802787749e-09,-3.176028362e-09,-8.279589156e-09,4.032426179e-08,1.005996878e-07,1.168735226e-07,9.097607766e-08,4.499980921e-08,9.992219167e-09,
1.242161580e-09,-2.404126553e-09,-8.974389923e-10,-2.241966153e-08,-6.703425528e-08,-1.141328934e-07,-1.071111472e-07,-5.158351156e-08,-1.019610503e-08,
1.589269568e-01
l,9.0,-6.0
3.971,5.191,6.411,
3.992575593e-17,1.305103898e+01
1.773389080e-08,-7.624125602e-09,-2.154438380e-08,5.898251713e-08,6.990295868e-08,-9.773332554e-08,-2.185096374e-07,-1.445446928e-07,-3.366582230e-08,
2.805603588e-09,-5.438419020e-09,-1.854813773e-09,-5.024142493e-08,-1.512818819e-07,-2.579876246e-07,-2.406445417e-07,-1.143039206e-07,-2.213566562e-08,
1.589269631e-01
l,9.0,-5.0
4.071,5.291,6.511,
9.792219226e-15,9.498690493e+00
4.117773855e-08,-1.557730913e-08,-4.073363523e-08,2.503022053e-07,7.085709572e-07,9.821318681e-07,8.648973951e-07,4.424215300e-07,9.650368001e-08,
6.586677564e-09,-1.278348231e-08,-4.625489710e-09,-1.195213356e-07,-3.621605356e-07,-6.262312101e-07,-5.973931147e-07,-2.923246346e-07,-5.858479784e-08,
1.589579991e-01
l,9.0,-4.0
4.171,5.391,6.611,
9.851809909e-17,1.316891449e+01
9.648982768e-08,-3.712385018e-08,-1.040232077e-07,4.768189829e-07,1.032798901e-06,6.836195834e-07,-2.490257973e-08,-2.227722679e-07,-7.356360539e-08,
1.545679882e-08,-3.003460177e-08,-1.137113326e-08,-2.916955588e-07,-9.066779420e-07,-1.595244236e-06,-1.537843305e-06,-7.559745197e-07,-1.511039425e-07,
1.589579662e-01
l,9.0,-3.0
4.251,5.471,6.711,
6.254776934e-17,1.389587128e+01
2.305238951e-07,-7.921151030e-08,-3.114919996e-07,7.106060757e-07,1.163198671e-06,-6.692240507e-07,-2.362216475e-06,-1.730914689e-06,-4.276830227e-07,
3.626381775e-08,-7.054712638e-08,-2.151913820e-08,-6.235213704e-07,-1.830462196e-06,-3.050263428e-06,-2.773269801e-06,-1.274390257e-06,-2.373501849e-07,
1.589580044e-01
l,9.0,-2.0
4.331,5.551,6.791,
3.185219680e-16,1.321059532e+01
5.571538964e-07,-1.752862605e-07,-7.600340810e-07,1.625952005e-06,2.879657803e-06,-8.746583916e-07,-4.432900794e-06,-3.276008381e-06,-7.968351629e-07,
8.843927767e-08,-1.722037925e-07,-5.278529414e-08,-1.507920504e-06,-4.380145499e-06,-7.222324419e-06,-6.497921450e-06,-2.949434177e-06,-5.420807527e-07,
1.589578972e-01
l,9.0,-1.0
4.411,5.631,6.871,
5.388991816e-15,1.175996360e+01
1.363545948e-06,-4.229979416e-07,-1.713422541e-06,5.087394437e-06,1.197767286e-05,9.156184671e-06,2.571675638e-06,-1.035589733e-07,-1.163260963e-07,
2.156536741e-07,-4.202780190e-07,-1.224338676e-07,-3.652985949e-06,-1.067455961e-05,-1.775820730e-05,-1.615793371e-05,-7.444529371e-06,-1.394260154e-06,
1.589578836e-01
l,9.0,0.0
4.471,5.691,6.931,
6.227006600e-16,1.369432740e+01
3.400602964e-06,-9.653999701e-07,-4.703974396e-06,9.804540408e-06,1.873980696e-05,-3.206133843e-06,-2.608952361e-05,-2.025230909e-05,-5.072678876e-06,
5.467006122e-07,-1.066130060e-06,-3.656040015e-07,-9.620037271e-06,-2.808427035e-05,-4.641681502e-05,-4.187619510e-05,-1.904772256e-05,-3.499240646e-06,
1.589578507e-01
l,9.0,1.0
4.531,5.751,6.991,
9.096225846e-16,1.394130665e+01
8.598082786e-06,-2.387822676e-06,-1.125547771e-05,3.221048883e-05,7.625414593e-05,4.393550325e-05,-1.748287443e-05,-2.849800805e-05,-8.591822359e-06,
1.385830648e-06,-2.704249872e-06,-1.027567312e-06,-2.555100928e-05,-7.635102894e-05,-1.289479616e-04,-1.190631230e-04,-5.563028951e-05,-1.050841654e-05,
1.589577628e-01
l,9.0,2.0
4.571,5.811,7.051,
1.176536937e-13,1.126351980e+01
2.205139026e-05,-6.428117291e-06,-2.404348133e-05,1.262755601e-04,3.739052418e-04,4.915563090e-04,3.827898709e-04,1.701750800e-04,3.283639978e-05,
3.512686183e-06,-6.858793108e-06,-2.552176947e-06,-6.584897660e-05,-2.016518224e-04,-3.495699773e-04,-3.318587832e-04,-1.601554534e-04,-3.134456527e-05,
1.589577066e-01
l,9.0,3.0
4.631,5.851,7.091,
4.207179736e-13,1.099416915e+01
5.772161967e-05,-1.523614729e-05,-6.672466091e-05,2.693197742e-04,7.666655090e-04,9.421066700e-04,7.128401937e-04,3.259495442e-04,6.711410162e-05,
9.257781587e-06,-1.808404384e-05,-6.171384459e-06,-1.650706407e-04,-4.908370388e-04,-8.291441750e-04,-7.679486546e-04,-3.611662359e-04,-6.903177211e-05,
1.589576410e-01
l,9.0,4.0
4.651,5.891,7.131,
4.568297714e-14,1.302099568e+01
1.535852061e-04,-4.655862160e-05,-1.905222892e-04,6.781297606e-04,1.793627523e-03,1.769019126e-03,8.734813528e-04,2.011837078e-04,1.327666850e-05,
2.439856202e-05,-4.767985039e-05,-1.644881841e-05,-4.423237833e-04,-1.326935022e-03,-2.255680698e-03,-2.096240122e-03,-9.866951638e-04,-1.880400423e-04,
1.589575633e-01
l,9.0,5.0
4.691,5.911,7.151,
8.060464317e-14,1.325177222e+01
4.184932041e-04,-1.172533548e-04,-5.658984334e-04,1.303167852e-03,2.842172955e-03,9.762154570e-04,-1.481766573e-03,-1.432596468e-03,-3.717762894e-04,
6.686472258e-05,-1.306989835e-04,-4.053171247e-05,-1.150555324e-03,-3.346993590e-03,-5.528509673e-03,-4.985701602e-03,-2.266447307e-03,-4.166009397e-04,
1.589575000e-01
l,9.0,6.0
4.711,5.931,7.151,
1.673631676e-11,1.043654456e+01
1.164493035e-03,-3.358240343e-04,-1.267861631e-03,6.542179838e-03,1.985784790e-02,2.786955451e-02,2.398249112e-02,1.186227217e-02,2.514857545e-03,
1.905620865e-04,-3.725308967e-04,-1.365603087e-04,-3.496100571e-03,-1.054850746e-02,-1.813424360e-02,-1.718338593e-02,-8.311512980e-03,-1.639207291e-03,
1.589575290e-01
l,9.0,7.0
4.711,5.931,7.151,
3.744480072e-11,1.057598372e+01
3.333802102e-03,-9.493054036e-04,-3.741013932e-03,1.867606873e-02,5.676483453e-02,7.886554040e-02,6.705365229e-02,3.288102926e-02,6.938760803e-03,
5.433104828e-04,-1.062473739e-03,-3.612595115e-04,-9.791221994e-03,-2.947477012e-02,-5.063334903e-02,-4.790802158e-02,-2.311889439e-02,-4.550272428e-03,
1.589885621e-01
l,9.0,8.0
4.711,5.911,7.131,
2.282078491e-12,1.307273635e+01
9.856880642e-03,-2.649965737e-03,-1.380751556e-02,3.520055936e-02,8.707184407e-02,6.010117786e-02,3.222821584e-03,-1.278336311e-02,-4.027858263e-03,
1.611480943e-03,-3.153892583e-03,-1.000120720e-03,-2.838680530e-02,-8.372825468e-02,-1.400077668e-01,-1.278161491e-01,-5.882555757e-02,-1.095490066e-02,
1.589886636e-01
l,9.0,9.0
4.711,5.911,7.111,
6.047901133e-12,1.316935578e+01
2.986313030e-02,-1.080489883e-02,-3.820521540e-02,1.322567687e-01,2.935331422e-01,1.847564809e-01,-6.697493213e-03,-4.964946683e-02,-1.434681712e-02,
4.787647714e-03,-9.396423393e-03,-2.949404713e-03,-8.689403422e-02,-2.638993116e-01,-4.561059261e-01,-4.309315967e-01,-2.068022955e-01,-4.048475224e-02,
1.589572727e-01
