l,0.0,-0.0
0.111,0.871,1.671,
4.022017121e-01,1.675825019e+00
1.986357011e-02,-2.718004488e-02,5.924268662e-02,1.259302469e+00,1.005282085e+01,3.801644461e+01,7.337947584e+01,7.050980722e+01,2.659014230e+01,
5.690999534e-03,-1.003731913e-02,-2.199197693e-02,-3.433892912e-01,-1.711548390e+00,-4.541968238e+00,-6.602437811e+00,-4.966943194e+00,-1.512251475e+00,
1.589582729e-01
l,1.0,-1.0
0.271,1.291,2.351,
4.290775516e-02,2.817800926e+00
3.599771997e-03,-4.600998681e-03,4.005765417e-03,1.772841720e-02,3.270225561e-02,3.330642127e-02,-1.887895093e-02,-3.379281394e-02,-7.463842525e-03,
6.270106445e-04,-1.185771140e-03,-8.442389531e-04,-1.610937093e-02,-5.951663063e-02,-1.221483819e-01,-1.385299678e-01,-8.183367069e-02,-1.969195115e-02,
1.586626665e-01
l,1.0,0.0
0.291,1.011,1.731,
2.006217103e+00,5.256558254e+00
1.544412039e-02,-1.368384365e-02,4.133243971e-02,-5.433982599e-02,-3.171734929e+00,-1.595509562e+01,-3.701383411e+01,-4.090082893e+01,-1.723645024e+01,
5.120334816e-03,-9.103558436e-03,-2.700507662e-02,-4.618935239e-01,-2.766741303e+00,-8.865074575e+00,-1.563242743e+01,-1.428273779e+01,-5.278979557e+00,
1.590513943e-01
l,1.0,1.0
0.311,1.171,2.031,
3.068148691e+00,4.868803700e+00
3.538336977e-02,-5.822905745e-02,-3.414385039e-02,-1.236887146e+00,-8.584024495e+00,-2.969071497e+01,-5.505137296e+01,-4.952673641e+01,-1.693769931e+01,
7.813576839e-03,-1.466060231e-02,-1.649563250e-02,-2.945343104e-01,-1.300076531e+00,-3.198536446e+00,-4.376783014e+00,-3.134862906e+00,-9.147412322e-01,
1.587237938e-01
l,2.0,-2.0
0.491,1.611,2.731,
4.665055782e-03,4.626958547e+00
7.881629281e-04,-1.037810066e-03,6.080831741e-04,2.273836007e-03,9.805078939e-04,-5.218997005e-03,-2.215883955e-02,-2.437530946e-02,-8.172197343e-03,
1.162894403e-04,-2.264235370e-04,-9.124681291e-05,-2.304652459e-03,-7.589859564e-03,-1.437190327e-02,-1.512659152e-02,-8.339445215e-03,-1.885808282e-03,
1.584459641e-01
l,2.0,-1.0
0.571,1.511,2.451,
1.474779867e-02,6.041519782e+00
2.441409975e-03,-2.569209237e-03,5.236125938e-03,2.835796902e-02,1.132271183e-02,-1.050060671e-01,-2.936443535e-01,-3.101612218e-01,-1.146561867e-01,
5.193452703e-04,-9.907551901e-04,-1.279547528e-03,-2.198657233e-02,-9.733240371e-02,-2.339957862e-01,-3.100282373e-01,-2.135047356e-01,-5.980050905e-02,
1.589100933e-01
l,2.0,0.0
0.591,1.631,2.691,
1.738951503e-02,5.173959015e+00
5.356498994e-03,-7.427906407e-03,5.981946280e-03,4.053581257e-02,1.288583183e-01,2.955511545e-01,2.613577298e-01,5.610228144e-02,-1.523278361e-02,
8.472693059e-04,-1.648446328e-03,-1.015950600e-03,-2.132025671e-02,-7.635180679e-02,-1.536458145e-01,-1.709558464e-01,-9.948833364e-02,-2.371572529e-02,
1.584768634e-01
l,2.0,1.0
0.671,1.431,2.231,
4.012487020e-02,5.087312876e+00
2.053098008e-02,-2.697078829e-02,3.279706117e-02,9.495201478e-01,6.310385383e+00,2.203619354e+01,3.892213808e+01,3.362526957e+01,1.139550261e+01,
5.366591276e-03,-1.019312306e-02,-1.555373180e-02,-2.602855732e-01,-1.186507707e+00,-2.896016419e+00,-3.852271761e+00,-2.636081535e+00,-7.286755734e-01,
1.590203654e-01
l,2.0,2.0
0.631,1.511,2.411,
3.238508754e+00,1.182060587e+01
5.368193984e-02,-8.650240690e-02,1.184803305e-01,-6.324635918e-01,-8.342905050e+00,-3.234804927e+01,-6.454730175e+01,-6.221772609e+01,-2.268213640e+01,
1.000037169e-02,-1.958413156e-02,-1.952587405e-02,-3.920027249e-01,-1.759941564e+00,-4.418985564e+00,-6.153897145e+00,-4.486382781e+00,-1.333335065e+00,
1.585697740e-01
l,3.0,-3.0
0.771,1.891,3.031,
1.863283879e-04,6.055934605e+00
1.818997989e-04,-2.428173894e-04,8.159827200e-05,5.265054337e-04,3.879267964e-04,7.250368583e-04,-6.280273759e-04,-1.919898768e-03,-8.543156159e-04,
2.484315816e-05,-4.925923973e-05,-1.299404852e-05,-4.407921499e-04,-1.351888832e-03,-2.413566264e-03,-2.401327139e-03,-1.261296767e-03,-2.749610883e-04,
1.583531693e-01
l,3.0,-2.0
0.871,1.871,2.871,
1.997957676e-04,5.314392219e+00
4.818933958e-04,-5.628439336e-04,1.396648985e-04,3.821205899e-03,1.200892386e-02,3.439975428e-02,5.028016385e-02,3.357144026e-02,8.414810670e-03,
8.865642677e-05,-1.741879271e-04,-1.217083988e-04,-2.390019312e-03,-8.688656132e-03,-1.772265926e-02,-2.014003701e-02,-1.201061093e-02,-2.953838924e-03,
1.588479964e-01
l,3.0,-1.0
0.931,1.991,3.071,
3.218660168e-04,5.322949726e+00
1.026722952e-03,-1.314034212e-03,9.656035037e-04,1.076993321e-02,3.851709847e-02,1.025235042e-01,1.366527430e-01,8.502277831e-02,2.014841887e-02,
1.545187724e-04,-3.071402208e-04,-1.775651538e-04,-3.970438620e-03,-1.428257367e-02,-2.892168274e-02,-3.228132624e-02,-1.876665638e-02,-4.459652002e-03,
1.584459868e-01
l,3.0,0.0
1.011,1.931,2.911,
6.324402089e-04,5.903653850e+00
2.912493888e-03,-3.238825532e-03,4.380157119e-03,8.021975198e-02,3.696375495e-01,1.003576226e+00,1.446417865e+00,1.029033276e+00,2.867666034e-01,
5.520120631e-04,-1.088484528e-03,-7.659403543e-04,-1.566097144e-02,-6.006513430e-02,-1.296233962e-01,-1.559293314e-01,-9.827494586e-02,-2.546408366e-02,
1.588790286e-01
l,3.0,1.0
1.011,2.011,3.031,
1.574541054e-03,5.576461859e+00
6.925348192e-03,-9.474699317e-03,6.896023201e-03,9.029791764e-02,3.989253849e-01,1.175763451e+00,1.690467146e+00,1.138337861e+00,2.933842149e-01,
1.128008684e-03,-2.242616831e-03,-1.274634526e-03,-2.886321270e-02,-1.032224887e-01,-2.086225146e-01,-2.338679662e-01,-1.376993867e-01,-3.345566299e-02,
1.584769474e-01
l,3.0,2.0
0.991,1.831,2.691,
4.891196941e-03,6.366182148e+00
2.558984980e-02,-2.770310644e-02,3.196989066e-02,3.299140502e-01,1.582641609e-01,-2.386838043e-01,-6.121553415e-02,1.187013360e-01,2.685819415e-02,
5.783547648e-03,-1.140673189e-02,-1.444574662e-02,-2.632260537e-01,-1.203492114e+00,-3.021604975e+00,-4.208010599e+00,-3.065928167e+00,-9.162854432e-01,
1.589582352e-01
l,3.0,3.0
0.991,1.891,2.791,
1.857802607e-02,6.734495956e+00
7.089187950e-02,-1.145367386e-01,2.279934420e-01,1.463778521e+00,6.366751838e+00,2.093556846e+01,3.232874860e+01,2.257666824e+01,5.873784094e+00,
1.249278497e-02,-2.523057866e-02,-2.863539961e-02,-5.700251594e-01,-2.632809057e+00,-6.748472752e+00,-9.530889130e+00,-7.007407138e+00,-2.092372126e+00,
1.585388266e-01
l,4.0,-4.0
1.071,2.171,3.291,
5.522845127e-06,6.713123178e+00
4.114448166e-05,-5.289278996e-05,2.986143008e-05,3.065727642e-04,9.189519304e-04,2.350505918e-03,2.935277802e-03,1.646144135e-03,3.402068063e-04,
5.701981116e-06,-1.145402442e-05,-4.021316912e-06,-1.161783741e-04,-3.798858356e-04,-7.200119724e-04,-7.571941671e-04,-4.171107361e-04,-9.460772007e-05,
1.584150377e-01
l,4.0,-3.0
1.171,2.211,3.251,
7.128918756e-06,5.848702906e+00
9.737655637e-05,-1.106162908e-04,4.283204167e-05,9.401470492e-04,2.789667424e-03,7.310124782e-03,1.061044200e-02,7.265857976e-03,1.887290628e-03,
1.607036498e-05,-3.222249294e-05,-1.911762912e-05,-4.302684583e-04,-1.588612529e-03,-3.304416242e-03,-3.803709332e-03,-2.282461559e-03,-5.612100140e-04,
1.588480229e-01
l,4.0,-2.0
1.271,2.311,3.391,
9.581350850e-06,6.216989140e+00
2.089495974e-04,-2.443287165e-04,8.101322252e-05,1.954043686e-03,6.022605980e-03,1.638821080e-02,2.420842397e-02,1.676218111e-02,4.391143127e-03,
3.139314407e-05,-6.334666519e-05,-3.357770897e-05,-7.973996347e-04,-2.831090019e-03,-5.676595870e-03,-6.278254693e-03,-3.617711010e-03,-8.550411592e-04,
1.585387854e-01
l,4.0,-1.0
1.351,2.331,3.371,
1.379319484e-05,6.727207621e+00
5.101052229e-04,-5.372296113e-04,1.026825828e-04,5.958599603e-03,2.024168893e-02,5.465534308e-02,8.348341791e-02,6.145168767e-02,1.728542385e-02,
8.495426843e-05,-1.712960558e-04,-9.398901954e-05,-2.213839818e-03,-8.093783855e-03,-1.669089056e-02,-1.904946547e-02,-1.133389395e-02,-2.770065210e-03,
1.588480191e-01
l,4.0,0.0
1.351,2.411,3.471,
3.100044279e-05,6.386542331e+00
1.170572010e-03,-1.380393599e-03,1.328375803e-04,8.060196719e-03,1.738259291e-02,4.955965279e-02,8.132709079e-02,5.938371791e-02,1.589393181e-02,
1.797627192e-04,-3.640675773e-04,-1.801873697e-04,-4.506311340e-03,-1.597905364e-02,-3.208577049e-02,-3.559347234e-02,-2.061675503e-02,-4.915462375e-03,
1.585697572e-01
l,4.0,1.0
1.391,2.371,3.371,
6.510751378e-05,6.691502847e+00
3.213048913e-03,-3.322374424e-03,8.068962379e-04,3.530580921e-02,9.289123308e-02,2.280249260e-01,3.541821916e-01,2.664749417e-01,7.593044049e-02,
5.720910356e-04,-1.154729361e-03,-7.526754287e-04,-1.655119499e-02,-6.377661873e-02,-1.385692035e-01,-1.671318095e-01,-1.051447441e-01,-2.711781043e-02,
1.588480332e-01
l,4.0,2.0
1.431,2.391,3.411,
1.530793317e-04,7.146706136e+00
8.442426100e-03,-1.042353153e-02,2.914314996e-03,9.734084105e-02,3.686951108e-01,1.133733222e+00,1.822495232e+00,1.370992739e+00,3.907604965e-01,
1.368181955e-03,-2.770972552e-03,-1.509444643e-03,-3.560753274e-02,-1.269951528e-01,-2.569317262e-01,-2.885404649e-01,-1.700952877e-01,-4.149760684e-02,
1.585388094e-01
l,4.0,3.0
1.411,2.251,3.151,
3.772945622e-04,7.991070546e+00
2.951714024e-02,-3.339457594e-02,3.394694496e-03,7.239654512e-01,3.630856018e+00,1.150608150e+01,1.973997284e+01,1.657144711e+01,5.384892063e+00,
6.054155426e-03,-1.224880799e-02,-1.376464077e-02,-2.575267699e-01,-1.113034949e+00,-2.632682742e+00,-3.419428256e+00,-2.300812486e+00,-6.311893356e-01,
1.589583070e-01
l,4.0,4.0
1.371,2.271,3.211,
1.829487993e-03,7.648860492e+00
8.881510794e-02,-1.438444679e-01,1.061103059e-01,1.268780036e+00,6.408870703e+00,2.565167513e+01,4.643999099e+01,3.759184329e+01,1.134419034e+01,
1.410692319e-02,-2.913459831e-02,-2.499012043e-02,-5.333638631e-01,-2.226189803e+00,-5.241683139e+00,-6.826812446e+00,-4.655741123e+00,-1.299163521e+00,
1.585388016e-01
l,5.0,-5.0
1.371,2.471,3.571,
1.668102266e-07,7.594266037e+00
8.912077647e-06,-1.125386568e-05,5.108910765e-06,6.446667192e-05,1.647908856e-04,4.308629510e-04,5.869358956e-04,3.608207361e-04,8.217413820e-05,
1.248795889e-06,-2.538283819e-06,-1.327353322e-06,-3.192834523e-05,-1.128997608e-04,-2.253378644e-04,-2.470971623e-04,-1.408570532e-04,-3.283025083e-05,
1.584769505e-01
l,5.0,-4.0
1.491,2.531,3.571,
2.927753405e-07,6.351264117e+00
1.997026993e-05,-2.183999512e-05,3.980733582e-06,1.826864450e-04,4.815939974e-04,1.220827188e-03,1.851973766e-03,1.333953504e-03,3.625607276e-04,
3.246133106e-06,-6.598067930e-06,-3.809812738e-06,-8.795537946e-05,-3.233408700e-04,-6.711776376e-04,-7.708973334e-04,-4.614405386e-04,-1.133120412e-04,
1.588169733e-01
l,5.0,-3.0
1.591,2.631,3.691,
2.980644884e-07,7.030307842e+00
4.211001942e-05,-4.486184164e-05,-1.956279789e-06,3.137274505e-04,5.906477006e-04,1.352764059e-03,2.212164209e-03,1.681376439e-03,4.693982596e-04,
6.587501934e-06,-1.344977015e-05,-7.357731428e-06,-1.744671647e-04,-6.295129765e-04,-1.282859578e-03,-1.443641328e-03,-8.458515119e-04,-2.034605824e-04,
1.586626704e-01
l,5.0,-2.0
1.671,2.691,3.731,
2.603170462e-07,8.133776932e+00
9.494020924e-05,-9.255376732e-05,-4.374592199e-05,5.142341328e-04,1.495906048e-04,-5.922119428e-04,-2.461272377e-04,2.210040180e-04,1.144517140e-04,
1.576463635e-05,-3.223316950e-05,-1.817086149e-05,-4.209984089e-04,-1.517951956e-03,-3.091005595e-03,-3.487634506e-03,-2.051502392e-03,-4.967363782e-04,
1.588479964e-01
l,5.0,-1.0
1.731,2.771,3.811,
6.941965845e-07,7.310218490e+00
2.124878956e-04,-2.164088603e-04,-7.147528640e-05,1.357546541e-03,1.732357258e-03,3.073425080e-03,6.057280234e-03,5.257620046e-03,1.587125709e-03,
3.468010533e-05,-7.110627817e-05,-3.990894746e-05,-9.292951226e-04,-3.339242412e-03,-6.780824763e-03,-7.626726056e-03,-4.474852655e-03,-1.081520871e-03,
1.586927849e-01
l,5.0,0.0
1.791,2.811,3.851,
1.307789989e-06,7.384036530e+00
5.096996902e-04,-5.082803046e-04,-9.165344886e-05,4.383799654e-03,9.507438710e-03,2.062671114e-02,3.258428752e-02,2.518367901e-02,7.281432446e-03,
8.295487102e-05,-1.703274470e-04,-8.759259309e-05,-2.197261642e-03,-8.045175993e-03,-1.668060602e-02,-1.912633108e-02,-1.141462783e-02,-2.798563099e-03,
1.588480036e-01
l,5.0,1.0
1.791,2.831,3.871,
3.009750447e-06,7.365117351e+00
1.270159963e-03,-1.277199326e-03,-4.246462609e-04,8.626941402e-03,1.128187766e-02,1.864463346e-02,3.632451216e-02,3.202721329e-02,9.831041029e-03,
2.063120522e-04,-4.239834764e-04,-2.472703887e-04,-5.662095267e-03,-2.046956177e-02,-4.182394075e-02,-4.732182906e-02,-2.791928867e-02,-6.780900161e-03,
1.586618105e-01
l,5.0,2.0
1.811,2.811,3.831,
6.035071910e-06,7.789487776e+00
3.438296961e-03,-3.312587378e-03,-5.486610703e-04,3.138685020e-02,5.917583590e-02,1.093786751e-01,1.751417658e-01,1.417388775e-01,4.260079705e-02,
5.819812070e-04,-1.195271098e-03,-6.981570778e-04,-1.648959239e-02,-6.238687647e-02,-1.333079518e-01,-1.575957776e-01,-9.691778405e-02,-2.444242954e-02,
1.588480204e-01
l,5.0,3.0
1.831,2.791,3.811,
1.302484970e-05,8.332416921e+00
9.622484446e-03,-1.042436016e-02,-2.500193795e-03,8.466242770e-02,2.076228034e-01,5.715927418e-01,1.012805102e+00,8.337992744e-01,2.537918051e-01,
1.572904112e-03,-3.234257854e-03,-1.771790208e-03,-4.237302422e-02,-1.527667882e-01,-3.123493329e-01,-3.540373470e-01,-2.099508849e-01,-5.149604289e-02,
1.586007075e-01
l,5.0,4.0
1.791,2.691,3.611,
5.175866254e-05,8.181116995e+00
3.204268962e-02,-3.348056247e-02,5.526727115e-03,3.901276135e-01,5.693419996e-01,8.559236681e-01,1.814008818e+00,1.890828740e+00,6.877381317e-01,
6.202078352e-03,-1.278046592e-02,-1.247972315e-02,-2.461288772e-01,-1.028345092e+00,-2.366427210e+00,-3.000502185e+00,-1.981254256e+00,-5.374858792e-01,
1.589272415e-01
l,5.0,5.0
1.731,2.671,3.631,
2.138573029e-04,8.247738463e+00
1.033476964e-01,-1.512518449e-01,1.170110344e-01,9.811398899e-01,9.511662997e-01,5.577364802e+00,1.467004455e+01,1.396024688e+01,4.542337008e+00,
1.566028734e-02,-3.288829624e-02,-3.294281479e-02,-6.828359703e-01,-2.958536091e+00,-7.103013927e+00,-9.338604313e+00,-6.378370357e+00,-1.773772576e+00,
1.585697494e-01
l,6.0,-6.0
1.691,2.751,3.851,
6.946620170e-09,7.678612144e+00
1.941692972e-06,-2.315822832e-06,4.175373412e-07,1.619198857e-05,4.879725402e-05,1.371811060e-04,2.077065104e-04,1.456714047e-04,3.838867994e-05,
2.718203130e-07,-5.580312653e-07,-2.477479343e-07,-6.596761620e-06,-2.264535938e-05,-4.404385804e-05,-4.713185366e-05,-2.628750085e-05,-6.033073357e-06,
1.585388240e-01
l,6.0,-5.0
1.831,2.851,3.891,
6.842783495e-09,7.883482607e+00
4.045237802e-06,-4.243622574e-06,-1.233867085e-07,3.482727367e-05,7.961907390e-05,1.868158327e-04,2.933321042e-04,2.208977304e-04,6.230414552e-05,
6.505783201e-07,-1.337336999e-06,-7.303821656e-07,-1.760494249e-05,-6.444770733e-05,-1.335291845e-04,-1.530468060e-04,-9.137329455e-05,-2.240391969e-05,
1.588169992e-01
l,6.0,-4.0
1.911,2.951,4.011,
8.486435626e-09,7.916229414e+00
8.389109098e-06,-8.143829041e-06,-3.348533439e-06,5.732104190e-05,7.599602882e-05,1.094958096e-04,2.049779011e-04,1.819003006e-04,5.625650605e-05,
1.317213211e-06,-2.717811187e-06,-1.312855288e-06,-3.395932693e-05,-1.217377842e-04,-2.472573183e-04,-2.772537160e-04,-1.616637764e-04,-3.875384034e-05,
1.587237165e-01
l,6.0,-3.0
2.031,3.051,4.091,
1.104984277e-08,8.045352424e+00
1.776976933e-05,-1.677697041e-05,-5.814276038e-06,1.528908998e-04,3.207018753e-04,6.218201905e-04,9.567184733e-04,7.472904047e-04,2.194346498e-04,
2.898465235e-06,-5.994561803e-06,-3.105080839e-06,-7.771216424e-05,-2.840261044e-04,-5.877887576e-04,-6.725354905e-04,-4.001539597e-04,-9.783071877e-05,
1.588480229e-01
l,6.0,-2.0
2.111,3.131,4.171,
1.587765901e-08,8.200127523e+00
3.891584129e-05,-3.564498613e-05,-1.459084290e-05,3.340499945e-04,6.709862399e-04,1.179027724e-03,1.766558815e-03,1.387768739e-03,4.112094765e-04,
6.368026585e-06,-1.320018737e-05,-7.484141147e-06,-1.768715032e-04,-6.470052020e-04,-1.338060225e-03,-1.530303842e-03,-9.099258738e-04,-2.222540533e-04,
1.587857282e-01
l,6.0,-1.0
2.131,3.171,4.231,
2.588025133e-08,8.322257176e+00
9.024517203e-05,-7.423612976e-05,-6.688016141e-05,6.285104090e-04,8.359493374e-04,4.636003528e-04,6.561799394e-04,7.631303973e-04,2.820241096e-04,
1.459316085e-05,-3.029996917e-05,-1.606315699e-05,-3.885419776e-04,-1.383188628e-03,-2.782581558e-03,-3.091462581e-03,-1.782752146e-03,-4.228486169e-04,
1.588790441e-01
l,6.0,0.0
2.191,3.231,4.291,
4.248063691e-08,8.571227937e+00
2.096726967e-04,-1.804398347e-04,-1.355099884e-04,1.441479922e-03,1.714375629e-03,6.130856132e-04,9.719567242e-04,1.384813517e-03,5.398616006e-04,
3.339664536e-05,-6.945436720e-05,-3.469861532e-05,-8.817038435e-04,-3.160884436e-03,-6.413293986e-03,-7.180385020e-03,-4.171768864e-03,-9.961152520e-04,
1.587857353e-01
l,6.0,1.0
2.211,3.251,4.311,
1.390765296e-07,8.065831414e+00
5.187925999e-04,-4.357475127e-04,-3.893738507e-04,3.653857982e-03,5.491414675e-03,5.324440219e-03,8.142007135e-03,7.694513955e-03,2.572023201e-03,
8.313417326e-05,-1.729963551e-04,-8.684340845e-05,-2.174663375e-03,-7.686902953e-03,-1.537915125e-02,-1.699186215e-02,-9.747944831e-03,-2.302891131e-03,
1.588480332e-01
l,6.0,2.0
2.251,3.271,4.331,
2.216717638e-07,8.610205077e+00
1.315535977e-03,-1.176908476e-03,-8.337258624e-04,9.769595035e-03,1.673737008e-02,2.476120427e-02,3.983869379e-02,3.413875135e-02,1.069414275e-02,
2.067202397e-04,-4.304774070e-04,-2.051856037e-04,-5.363006847e-03,-1.900207302e-02,-3.815848621e-02,-4.228232200e-02,-2.433862992e-02,-5.770545019e-03,
1.587237086e-01
l,6.0,3.0
2.211,3.231,4.271,
3.197816268e-07,9.440795341e+00
3.652408021e-03,-3.019553673e-03,-3.206479928e-03,2.209531623e-02,1.208325595e-02,-4.320660849e-02,-5.847642041e-02,-2.597195556e-02,-3.532005108e-03,
6.083126974e-04,-1.265624906e-03,-6.997395230e-04,-1.654470158e-02,-5.922980509e-02,-1.199021814e-01,-1.343621259e-01,-7.829652544e-02,-1.880550396e-02,
1.588480377e-01
l,6.0,4.0
2.191,3.211,4.251,
1.196696656e-06,9.249317785e+00
1.040057000e-02,-9.953644339e-03,-6.598446224e-03,6.401684642e-02,1.274768960e-02,-1.358077783e-01,-1.215560608e-01,-1.409404755e-02,1.101090976e-02,
1.645422758e-03,-3.427442812e-03,-1.728597412e-03,-4.441235555e-02,-1.609774011e-01,-3.315931777e-01,-3.775553461e-01,-2.238747448e-01,-5.471886464e-02,
1.586617899e-01
l,6.0,5.0
2.211,3.111,4.051,
2.635404701e-06,9.899177581e+00
3.479406983e-02,-3.481840255e-02,-3.452682863e-02,4.087343832e-01,1.411955683e+00,3.773286638e+00,6.362568559e+00,5.315317246e+00,1.694134270e+00,
6.519366797e-03,-1.362012284e-02,-1.238855259e-02,-2.446817760e-01,-9.832466661e-01,-2.194203194e+00,-2.698789049e+00,-1.722003708e+00,-4.500623140e-01,
1.589272246e-01
l,6.0,6.0
2.131,3.091,4.071,
2.242545737e-05,9.094896616e+00
1.133634001e-01,-1.652681717e-01,7.730486527e-02,1.369767569e+00,2.245973191e+00,6.423820282e+00,1.340548943e+01,1.201005318e+01,3.815309728e+00,
1.643801465e-02,-3.494476470e-02,-1.637204867e-02,-4.728233835e-01,-1.773400320e+00,-3.857801060e+00,-4.655322658e+00,-2.962946918e+00,-7.832507102e-01,
1.586007459e-01
l,7.0,-7.0
2.011,3.051,4.131,
1.931495038e-10,8.657608112e+00
4.047105904e-07,-4.485558621e-07,3.144629894e-08,3.394524099e-06,8.046126842e-06,2.000318968e-05,3.117144337e-05,2.288791987e-05,6.281144132e-06,
5.885331057e-08,-1.218582271e-07,-6.448993604e-08,-1.569365131e-06,-5.590963128e-06,-1.127527903e-05,-1.252349243e-05,-7.234519704e-06,-1.714599443e-06,
1.586006934e-01
l,7.0,-6.0
2.131,3.151,4.211,
1.811752115e-10,8.824656361e+00
8.262230153e-07,-7.787028563e-07,-4.308267511e-07,6.083795922e-06,1.079654601e-05,1.985027700e-05,3.365998891e-05,2.807746235e-05,8.537500347e-06,
1.295304656e-07,-2.687939379e-07,-1.343649148e-07,-3.374259179e-06,-1.192569997e-05,-2.387597052e-05,-2.640355306e-05,-1.519175852e-05,-3.601603866e-06,
1.588480350e-01
l,7.0,-5.0
2.231,3.271,4.331,
1.962014316e-10,8.971072268e+00
1.652142032e-06,-1.441286275e-06,-1.082796457e-06,1.125110584e-05,1.292338322e-05,5.054402304e-06,1.017454748e-05,1.366268074e-05,5.169311224e-06,
2.617641000e-07,-5.449197792e-07,-2.694884669e-07,-6.889194534e-06,-2.462949611e-05,-4.986908938e-05,-5.572974121e-05,-3.233431467e-05,-7.715071029e-06,
1.588169992e-01
l,7.0,-4.0
2.351,3.391,4.431,
3.956556113e-10,8.505606197e+00
3.371377034e-06,-2.942366278e-06,-2.137889365e-06,2.486522688e-05,3.757068222e-05,3.914431024e-05,5.970669939e-05,5.471862702e-05,1.793875683e-05,
5.514423122e-07,-1.150822964e-06,-5.678476640e-07,-1.468197875e-05,-5.305612574e-05,-1.087615183e-04,-1.233366817e-04,-7.268497935e-05,-1.762647362e-05,
1.588790354e-01
l,7.0,-3.0
2.431,3.471,4.511,
3.106259666e-10,9.254376999e+00
7.242656920e-06,-5.749217907e-06,-6.047404806e-06,5.002052603e-05,6.427080006e-05,1.123788672e-05,5.041147686e-07,2.007674445e-05,1.096514294e-05,
1.209987680e-06,-2.530008119e-06,-1.394013760e-06,-3.323111546e-05,-1.193741915e-04,-2.425005412e-04,-2.726630087e-04,-1.592073070e-04,-3.825864118e-05,
1.588480229e-01
l,7.0,-2.0
2.511,3.551,4.611,
3.763134753e-10,9.591281515e+00
1.585820064e-05,-1.229907151e-05,-1.354984095e-05,1.097644653e-04,1.402610206e-04,1.430408666e-07,-5.773255964e-05,-7.581559372e-06,8.192526869e-06,
2.546717137e-06,-5.337279535e-06,-2.453189978e-06,-6.620623384e-05,-2.362326143e-04,-4.778166414e-04,-5.330371062e-04,-3.079530195e-04,-7.312785170e-05,
1.589100706e-01
l,7.0,-1.0
2.571,3.611,4.671,
8.215677960e-10,9.383599697e+00
3.597759132e-05,-2.671535527e-05,-3.098799994e-05,2.678677487e-04,4.269527039e-04,2.392760425e-04,1.469940522e-04,1.541449399e-04,6.236730827e-05,
5.822493311e-06,-1.221876273e-05,-5.911916439e-06,-1.542533115e-04,-5.519462787e-04,-1.117704457e-03,-1.248016047e-03,-7.210876890e-04,-1.711005033e-04,
1.588480191e-01
l,7.0,0.0
2.611,3.671,4.731,
1.144323784e-09,9.746889953e+00
8.338822954e-05,-6.511934937e-05,-7.245004451e-05,5.635133187e-04,7.140395245e-04,-2.700886169e-05,-3.495674559e-04,-8.606239560e-05,2.648922678e-05,
1.332009321e-05,-2.798928120e-05,-1.291047575e-05,-3.480268419e-04,-1.238027861e-03,-2.495874146e-03,-2.774335633e-03,-1.596830544e-03,-3.778624882e-04,
1.589100778e-01
l,7.0,1.0
2.651,3.711,4.771,
5.970340112e-09,8.847094413e+00
2.004054986e-04,-1.625098743e-04,-1.628676357e-04,1.441015061e-03,2.363563708e-03,2.143816629e-03,2.602949785e-03,2.300883291e-03,7.605336412e-04,
3.175213189e-05,-6.677824950e-05,-3.155155408e-05,-8.314960389e-04,-2.935016175e-03,-5.875981300e-03,-6.491393471e-03,-3.717856615e-03,-8.765700585e-04,
1.588479985e-01
l,7.0,2.0
2.651,3.711,4.771,
1.215682583e-08,9.003665070e+00
5.104463780e-04,-3.841918608e-04,-4.496441334e-04,3.807929400e-03,6.725099207e-03,5.992856783e-03,6.146357776e-03,5.087965214e-03,1.670758971e-03,
8.236532741e-05,-1.732361254e-04,-9.189812461e-05,-2.231676975e-03,-7.892662452e-03,-1.578394884e-02,-1.742302957e-02,-9.963410478e-03,-2.343272318e-03,
1.588480025e-01
l,7.0,3.0
2.651,3.711,4.791,
2.791170751e-08,9.145097860e+00
1.335922047e-03,-1.052171392e-03,-1.319117738e-03,8.609371043e-03,1.221968215e-02,5.768758044e-03,6.390709250e-03,8.371445950e-03,3.330186104e-03,
2.047934165e-04,-4.309900750e-04,-1.776217546e-04,-5.076228849e-03,-1.742675033e-02,-3.396541180e-02,-3.643751213e-02,-2.023815848e-02,-4.636628345e-03,
1.587857144e-01
l,7.0,4.0
2.651,3.691,4.731,
3.697493127e-08,9.970487454e+00
3.686727956e-03,-3.038647581e-03,-3.219593247e-03,2.381018086e-02,2.376457362e-02,-1.568545104e-02,-2.621743468e-02,-6.399913339e-03,1.389139820e-03,
6.031821174e-04,-1.268551029e-03,-6.441979808e-04,-1.626382557e-02,-5.808601682e-02,-1.176633363e-01,-1.318546614e-01,-7.675211687e-02,-1.841261063e-02,
1.588480126e-01
l,7.0,5.0
2.631,3.651,4.691,
1.288656843e-07,9.922779480e+00
1.082300954e-02,-9.900119698e-03,-6.995715538e-03,8.395883708e-02,1.195031538e-01,1.120415381e-01,1.885122995e-01,1.884705577e-01,6.478203028e-02,
1.702869326e-03,-3.584077422e-03,-1.678279140e-03,-4.566272072e-02,-1.652945474e-01,-3.405739327e-01,-3.874565499e-01,-2.291600417e-01,-5.586001420e-02,
1.587237018e-01
l,7.0,6.0
2.571,3.531,4.511,
2.131275818e-07,1.083287555e+01
3.695961833e-02,-3.104800195e-02,-4.960460546e-02,1.059864910e-01,-7.243019389e-01,-2.891221256e+00,-3.899530971e+00,-2.399624608e+00,-5.744719862e-01,
6.492241444e-03,-1.371080622e-02,-7.792757459e-03,-1.915093100e-01,-7.207608293e-01,-1.546049119e+00,-1.843325788e+00,-1.146639787e+00,-2.949850474e-01,
1.589272505e-01
l,7.0,7.0
2.571,3.511,4.511,
7.099532830e-07,1.115689492e+01
1.222428977e-01,-1.691425711e-01,-4.498232170e-02,5.955934920e-01,-1.205528871e+00,-1.913199366e+00,3.043714817e+00,5.710771339e+00,2.330437477e+00,
1.705464249e-02,-3.660011319e-02,-1.473872710e-02,-4.653074025e-01,-1.677016852e+00,-3.516027846e+00,-4.080850473e+00,-2.499742449e+00,-6.398835435e-01,
1.586316350e-01
l,8.0,-8.0
2.291,3.351,4.431,
6.822430812e-12,9.188148562e+00
8.314150790e-08,-8.455777545e-08,-2.597825370e-08,5.729684583e-07,7.765912000e-07,1.263515463e-06,2.336451872e-06,2.003948639e-06,6.035907006e-07,
1.216565083e-08,-2.538887235e-08,-1.254897447e-08,-3.219200371e-07,-1.145214653e-06,-2.306879965e-06,-2.555945721e-06,-1.470501307e-06,-3.474260388e-07,
1.586617698e-01
l,8.0,-7.0
2.471,3.491,4.531,
4.956840982e-12,9.628722117e+00
1.601076036e-07,-1.498657907e-07,-6.931489056e-08,1.292767075e-06,2.330667306e-06,3.802295124e-06,5.947697112e-06,4.868081167e-06,1.476690773e-06,
2.563564641e-08,-5.362751049e-08,-2.773895807e-08,-7.001561663e-07,-2.547355143e-06,-5.257600279e-06,-5.999932108e-06,-3.560543515e-06,-8.688726886e-07,
1.588480235e-01
l,8.0,-6.0
2.571,3.611,4.651,
1.056163659e-11,9.004020985e+00
3.168098033e-07,-2.687336221e-07,-2.107765041e-07,2.486761471e-06,4.218413714e-06,4.876537727e-06,6.792958734e-06,5.822491291e-06,1.860216552e-06,
5.171499591e-08,-1.084776936e-07,-5.646892135e-08,-1.413260593e-06,-5.118792567e-06,-1.050431410e-05,-1.191613670e-05,-7.019785034e-06,-1.701087649e-06,
1.588479993e-01
l,8.0,-5.0
2.691,3.711,4.751,
2.604933387e-12,1.072640353e+01
6.473255780e-07,-4.737584012e-07,-5.912845400e-07,4.565364143e-06,5.537035721e-06,-2.775435481e-06,-8.076592276e-06,-4.929776597e-06,-1.014882040e-06,
1.087757492e-07,-2.286609658e-07,-1.339210486e-07,-3.093885288e-06,-1.119345490e-05,-2.287389259e-05,-2.585724986e-05,-1.515636640e-05,-3.650902160e-06,
1.589101106e-01
l,8.0,-4.0
2.791,3.831,4.871,
1.660288988e-11,9.239984744e+00
1.325451990e-06,-1.015139467e-06,-1.025293724e-06,1.112430181e-05,2.167014266e-05,2.455283301e-05,2.771272059e-05,2.142496897e-05,6.655855623e-06,
2.191720494e-07,-4.618650969e-07,-2.404396612e-07,-6.049292501e-06,-2.196759398e-05,-4.517829324e-05,-5.133863320e-05,-3.023395773e-05,-7.315693604e-06,
1.589100846e-01
l,8.0,-3.0
2.871,3.911,4.951,
2.331287932e-11,9.359812608e+00
2.850802048e-06,-1.979618012e-06,-2.369261827e-06,2.533563687e-05,5.463895370e-05,6.450834779e-05,6.574020154e-05,4.619893901e-05,1.372267257e-05,
4.802869192e-07,-1.013710639e-06,-5.923311555e-07,-1.380468923e-05,-5.025043339e-05,-1.032942429e-04,-1.173594507e-04,-6.903524157e-05,-1.666510066e-05,
1.589272518e-01
l,8.0,-2.0
2.951,3.991,5.031,
2.730257025e-11,9.723556911e+00
6.239215054e-06,-4.287183784e-06,-5.514342603e-06,5.298699194e-05,1.102423301e-04,1.168424400e-04,1.082501208e-04,7.529352919e-05,2.278468353e-05,
1.051985313e-06,-2.223738019e-06,-1.286977249e-06,-3.010830860e-05,-1.091009935e-04,-2.233366510e-04,-2.527752508e-04,-1.481137426e-04,-3.562693349e-05,
1.589100706e-01
l,8.0,-1.0
3.011,4.051,5.111,
4.616208485e-11,9.806843701e+00
1.413228983e-05,-9.423319345e-06,-1.500639011e-05,1.082614227e-04,2.230646860e-04,2.208591642e-04,1.978274056e-04,1.426172550e-04,4.492105991e-05,
2.303659045e-06,-4.876762458e-06,-2.251028298e-06,-6.036847068e-05,-2.125995835e-04,-4.241497166e-04,-4.665210058e-04,-2.649943016e-04,-6.186393066e-05,
1.588962135e-01
l,8.0,0.0
3.051,4.111,5.171,
5.433382005e-11,1.028136592e+01
3.260666927e-05,-2.277925096e-05,-3.394343449e-05,2.326875565e-04,4.131588261e-04,2.641518333e-04,1.351824825e-04,1.095155528e-04,4.299124718e-05,
5.262687250e-06,-1.115290855e-05,-5.340338265e-06,-1.396017235e-04,-4.906432300e-04,-9.769369245e-04,-1.072742387e-03,-6.088881135e-04,-1.421206989e-04,
1.589100778e-01
l,8.0,1.0
3.071,4.131,5.211,
4.871126819e-11,1.105384200e+01
7.904138329e-05,-4.886011503e-05,-8.327778395e-05,5.974412024e-04,1.134662606e-03,6.681110556e-04,3.439715982e-05,-7.925475673e-05,-1.267936525e-05,
1.254082851e-05,-2.659592180e-05,-1.264014860e-05,-3.335447093e-04,-1.177692185e-03,-2.349883168e-03,-2.576170562e-03,-1.454407348e-03,-3.364263177e-04,
1.589100728e-01
l,8.0,2.0
3.091,4.171,5.251,
3.352863447e-10,1.008723128e+01
1.930208964e-04,-1.367096471e-04,-2.114247608e-04,1.298183796e-03,2.314979241e-03,1.622143040e-03,1.121728128e-03,9.275352847e-04,3.318756603e-04,
2.987718966e-05,-6.340705743e-05,-2.533384125e-05,-7.440589484e-04,-2.551058269e-03,-4.967448319e-03,-5.320392124e-03,-2.941283097e-03,-6.695335511e-04,
1.588790632e-01
l,8.0,3.0
3.111,4.171,5.251,
7.525106075e-10,1.020156726e+01
4.977649078e-04,-3.442518726e-04,-5.433720756e-04,3.428703612e-03,6.330997237e-03,4.797181657e-03,3.485318263e-03,2.748701581e-03,9.585875167e-04,
7.751607474e-05,-1.645192201e-04,-7.479618679e-05,-2.002769006e-03,-6.889392722e-03,-1.342290600e-02,-1.438917500e-02,-7.962755888e-03,-1.813014681e-03,
1.589100569e-01
l,8.0,4.0
3.091,4.171,5.251,
2.452737590e-09,1.005391256e+01
1.319985953e-03,-1.002011959e-03,-1.343334493e-03,8.813962214e-03,1.451281297e-02,9.536302851e-03,7.888306672e-03,7.472870279e-03,2.718715711e-03,
2.010152512e-04,-4.267012891e-04,-1.728564281e-04,-5.040530870e-03,-1.730098853e-02,-3.374996205e-02,-3.621651076e-02,-2.008921337e-02,-4.592370596e-03,
1.588480126e-01
l,8.0,5.0
3.071,4.131,5.191,
2.330427240e-09,1.110262430e+01
3.747679992e-03,-2.815071011e-03,-3.601268939e-03,2.583418823e-02,3.530039177e-02,-1.410431950e-03,-2.397737587e-02,-1.226452872e-02,-1.380035494e-03,
5.925620726e-04,-1.257199827e-03,-6.003434754e-04,-1.587344974e-02,-5.623134881e-02,-1.129573369e-01,-1.250586918e-01,-7.164020905e-02,-1.687887171e-02,
1.588790207e-01
l,8.0,6.0
3.031,4.071,5.131,
1.293596410e-08,1.068522137e+01
1.129535958e-02,-8.905745769e-03,-1.050564107e-02,8.339656583e-02,1.151629059e-01,1.579282557e-02,-2.628016928e-02,8.818152352e-03,1.152459775e-02,
1.746834843e-03,-3.707968119e-03,-1.619836670e-03,-4.601405032e-02,-1.635833102e-01,-3.308099830e-01,-3.683508823e-01,-2.123853001e-01,-5.043125593e-02,
1.587857534e-01
l,8.0,7.0
2.991,3.971,4.971,
3.898543787e-08,1.094484106e+01
3.806183860e-02,-3.140264988e-02,-4.520647319e-02,2.664067230e-01,2.151212713e-01,-4.931337324e-01,-7.618424470e-01,-3.293919338e-01,-2.779448868e-02,
6.398714775e-03,-1.363039788e-02,-6.368017953e-03,-1.750777911e-01,-6.329663671e-01,-1.308182876e+00,-1.498560594e+00,-8.937466277e-01,-2.210795982e-01,
1.589272173e-01
l,8.0,8.0
2.931,3.931,4.951,
1.659510364e-07,1.101832893e+01
1.294436008e-01,-1.649739930e-01,-6.825325092e-02,5.803996641e-01,-2.311000098e+00,-7.501325276e+00,-7.285070814e+00,-2.704273529e+00,-2.320805028e-01,
1.752784876e-02,-3.789934245e-02,-1.583799447e-02,-4.947692651e-01,-1.811465554e+00,-3.848515431e+00,-4.512559089e+00,-2.776860292e+00,-7.096477636e-01,
1.586626698e-01
l,9.0,-9.0
2.611,3.671,4.731,
1.663867459e-13,1.011054521e+01
1.647824988e-08,-1.601151228e-08,-8.159455770e-09,1.089573368e-07,1.184379010e-07,9.786598251e-08,2.216844084e-07,2.313893587e-07,7.724318870e-08,
2.503267950e-09,-5.259971043e-09,-2.825572205e-09,-6.889026331e-08,-2.456555983e-07,-4.962124408e-07,-5.529809222e-07,-3.204472170e-07,-7.642193351e-08,
1.587237615e-01
l,9.0,-8.0
2.771,3.811,4.851,
3.372821120e-13,9.474628074e+00
3.134210047e-08,-2.714187802e-08,-1.914429275e-08,2.531788242e-07,4.431973717e-07,5.597087440e-07,7.915066420e-07,6.635968518e-07,2.085618969e-07,
5.048303395e-09,-1.063410197e-08,-5.475783438e-09,-1.390089755e-07,-5.045801993e-07,-1.039222443e-06,-1.183163272e-06,-6.995804776e-07,-1.701163526e-07,
1.588479925e-01
l,9.0,-7.0
2.891,3.931,4.991,
1.652356607e-13,1.031786884e+01
6.123470797e-08,-4.617787844e-08,-6.130658933e-08,4.308692752e-07,6.690283293e-07,3.531069481e-07,2.832400678e-07,3.441487661e-07,1.407234579e-07,
9.748080714e-09,-2.059041176e-08,-9.013837604e-09,-2.507198936e-07,-8.801131201e-07,-1.754670743e-06,-1.929399584e-06,-1.098480728e-06,-2.576557260e-07,
1.588790485e-01
l,9.0,-6.0
3.011,4.051,5.111,
6.531312005e-14,1.138614027e+01
1.213858951e-07,-8.274098078e-08,-1.283073869e-07,8.697768286e-07,1.328599798e-06,1.129762300e-07,-8.540713490e-07,-5.530130797e-07,-9.916801979e-08,
1.962407108e-08,-4.154331748e-08,-1.842633008e-08,-5.120696993e-07,-1.818115005e-06,-3.662478944e-06,-4.066585294e-06,-2.332785506e-06,-5.499056601e-07,
1.589272282e-01
l,9.0,-5.0
3.131,4.171,5.211,
2.335480285e-13,1.053090556e+01
2.454040953e-07,-1.659096385e-07,-2.389278532e-07,2.011590388e-06,4.033996519e-06,3.673442594e-06,2.883545436e-06,1.996420540e-06,6.361725174e-07,
4.118235323e-08,-8.733590581e-08,-4.586028880e-08,-1.145403016e-06,-4.132362590e-06,-8.441413923e-06,-9.530787506e-06,-5.567313374e-06,-1.335801526e-06,
1.589271412e-01
l,9.0,-4.0
3.231,4.271,5.311,
9.277971796e-14,1.167337605e+01
5.117130968e-07,-3.353564567e-07,-5.833993392e-07,3.583856891e-06,5.892835469e-06,1.077707420e-06,-3.395141263e-06,-2.523395222e-06,-5.286711106e-07,
8.639204692e-08,-1.835248100e-07,-8.998404363e-08,-2.333305771e-06,-8.319833012e-06,-1.680927122e-05,-1.877074701e-05,-1.083595033e-05,-2.571502421e-06,
1.589272392e-01
l,9.0,-3.0
3.311,4.351,5.411,
1.593912508e-13,1.160433942e+01
1.102093961e-06,-6.638065410e-07,-1.331301208e-06,7.967590636e-06,1.546648208e-05,8.711643249e-06,-2.519973925e-07,-1.420550356e-06,-1.920380584e-07,
1.811681878e-07,-3.854906249e-07,-1.748080939e-07,-4.753400439e-06,-1.669663237e-05,-3.324133186e-05,-3.647668722e-05,-2.063276306e-05,-4.792873130e-06,
1.589271699e-01
l,9.0,-2.0
3.371,4.431,5.491,
3.855488799e-13,1.131838825e+01
2.416687948e-06,-1.464639409e-06,-2.925372259e-06,1.757026778e-05,3.591222164e-05,2.624419165e-05,1.030687401e-05,4.580879442e-06,1.666774491e-06,
3.963235141e-07,-8.443666048e-07,-3.745138398e-07,-1.033811778e-05,-3.620605056e-05,-7.189574768e-05,-7.867737856e-05,-4.436959563e-05,-1.027717101e-05,
1.589272252e-01
l,9.0,-1.0
3.431,4.491,5.551,
9.199491731e-13,1.111084524e+01
5.459857221e-06,-3.129831411e-06,-6.371226047e-06,4.299750521e-05,9.871940262e-05,9.852128616e-05,6.836008824e-05,3.689581327e-05,1.012030433e-05,
9.045883347e-07,-1.929005829e-06,-9.771097824e-07,-2.464696814e-05,-8.689650961e-05,-1.732310670e-04,-1.903852874e-04,-1.078103436e-04,-2.503730439e-05,
1.589271700e-01
l,9.0,0.0
3.491,4.551,5.611,
1.487925345e-12,1.127811547e+01
1.257018994e-05,-7.507126584e-06,-1.369199995e-05,1.004576661e-04,2.247540927e-04,2.196199647e-04,1.490726703e-04,7.937232127e-05,2.165750598e-05,
2.064438820e-06,-4.406333096e-06,-2.177676440e-06,-5.621200387e-05,-1.994198327e-04,-4.003774876e-04,-4.430304211e-04,-2.526467820e-04,-5.906472451e-05,
1.589272324e-01
l,9.0,1.0
3.511,4.571,5.651,
2.352206527e-12,1.151241130e+01
3.027913044e-05,-1.571484786e-05,-3.976332267e-05,2.178370510e-04,5.142797052e-04,4.872963779e-04,2.870030630e-04,1.311195959e-04,3.422215170e-05,
4.915974607e-06,-1.049888152e-05,-5.079925264e-06,-1.302891795e-04,-4.487998826e-04,-8.726494038e-04,-9.327249043e-04,-5.119763878e-04,-1.151413456e-04,
1.589099801e-01
l,9.0,2.0
3.551,4.611,5.691,
3.719102196e-12,1.180187156e+01
7.349174848e-05,-4.178033122e-05,-8.102820721e-05,5.757299623e-04,1.281809419e-03,1.157461868e-03,6.206032925e-04,2.500652949e-04,6.083203965e-05,
1.170824350e-05,-2.501966643e-05,-1.246887462e-05,-3.187185667e-04,-1.120016412e-03,-2.224080129e-03,-2.427515671e-03,-1.362733130e-03,-3.131635518e-04,
1.589272671e-01
l,9.0,3.0
3.551,4.631,5.711,
1.388938786e-11,1.146935830e+01
1.847468957e-04,-1.139605835e-04,-2.171948258e-04,1.299359607e-03,2.708656120e-03,2.228999349e-03,1.213596171e-03,6.270345180e-04,1.889147632e-04,
2.909590299e-05,-6.219502322e-05,-2.926990386e-05,-7.684000579e-04,-2.646580042e-03,-5.158481511e-03,-5.529745555e-03,-3.052269732e-03,-6.916757157e-04,
1.589099880e-01
l,9.0,4.0
3.551,4.631,5.711,
3.837254785e-11,1.144022438e+01
4.824406933e-04,-3.087153206e-04,-5.497110838e-04,3.383409771e-03,6.847008315e-03,5.496841132e-03,3.070406018e-03,1.715703684e-03,5.363716954e-04,
7.547390646e-05,-1.613409589e-04,-7.648592046e-05,-1.999192946e-03,-6.889279620e-03,-1.343811538e-02,-1.441750852e-02,-7.970204428e-03,-1.809599644e-03,
1.589100869e-01
l,9.0,5.0
3.531,4.611,5.691,
2.807699062e-11,1.253320040e+01
1.314123045e-03,-8.535044640e-04,-1.343637822e-03,9.503973533e-03,1.667731101e-02,6.216470784e-03,-5.809552908e-03,-5.734363915e-03,-1.433700977e-03,
2.042654334e-04,-4.366010269e-04,-2.163087104e-04,-5.567427739e-03,-1.958522092e-02,-3.898579409e-02,-4.265735103e-02,-2.405162728e-02,-5.558598013e-03,
1.588478975e-01
l,9.0,6.0
3.491,4.571,5.651,
5.917628119e-10,1.103248105e+01
3.768851049e-03,-2.611541588e-03,-4.270891275e-03,2.619181328e-02,4.981624312e-02,3.886910207e-02,2.710161735e-02,1.996102859e-02,6.755871377e-03,
5.774502466e-04,-1.234092642e-03,-4.908896071e-04,-1.456332346e-02,-4.993523348e-02,-9.731376997e-02,-1.042154480e-01,-5.754959256e-02,-1.308370740e-02,
1.588790467e-01
l,9.0,7.0
3.451,4.511,5.571,
6.467197576e-10,1.198919424e+01
1.147662010e-02,-8.631920522e-03,-1.237481303e-02,7.827949941e-02,1.072439003e-01,-1.521186235e-02,-9.187071449e-02,-4.854504305e-02,-6.332189619e-03,
1.778079549e-03,-3.801109103e-03,-1.616056110e-03,-4.649103131e-02,-1.628175918e-01,-3.246842845e-01,-3.565557903e-01,-2.025398561e-01,-4.743087280e-02,
1.587858023e-01
l,9.0,8.0
3.391,4.391,5.411,
2.806697719e-10,1.382757569e+01
3.936072066e-02,-2.699812271e-02,-4.456264239e-02,3.224595891e-01,4.051327187e-01,-4.664582565e-01,-1.256104635e+00,-9.411057161e-01,-2.498844106e-01,
6.527303897e-03,-1.400340477e-02,-7.738271280e-03,-1.927946944e-01,-7.096771422e-01,-1.485808675e+00,-1.719266439e+00,-1.030892481e+00,-2.545689251e-01,
1.589272512e-01
l,9.0,9.0
3.351,4.351,5.371,
9.818486166e-09,1.218341964e+01
1.355646998e-01,-1.612637471e-01,-1.113658893e-01,7.499025246e-01,-1.149342846e+00,-5.104442288e+00,-4.732206000e+00,-1.238730279e+00,1.273896147e-01,
1.866862971e-02,-4.064312326e-02,-1.770602676e-02,-5.229983449e-01,-1.846522977e+00,-3.778073184e+00,-4.268884027e+00,-2.535008868e+00,-6.300315718e-01,
1.586927285e-01
