l,0.5,-0.5
0.271,1.331,2.391,
4.606535817e-02,2.246592471e+00
1.330353040e-02,-8.319354971e-03,1.069177484e-02,1.250363111e-01,3.821945236e-01,7.405386094e-01,7.863406873e-01,4.272189070e-01,9.578870679e-02,
4.118592653e-03,-5.672328597e-03,-7.671275856e-03,-9.313145767e-02,-3.504131205e-01,-7.094267625e-01,-7.965793087e-01,-4.662346236e-01,-1.111745884e-01,
1.590514100e-01
l,0.5,0.5
0.271,1.111,1.971,
6.241425822e-02,2.244884538e+00
2.161776088e-02,-4.562046204e-03,3.579346774e-02,5.164209455e-01,2.085647869e+00,5.018177027e+00,6.839335364e+00,4.859254219e+00,1.413044176e+00,
1.009977823e-02,-1.261806896e-02,-3.211851458e-02,-3.817382020e-01,-1.760958111e+00,-4.348352332e+00,-5.985395803e+00,-4.311328412e+00,-1.267456190e+00,
1.591446067e-01
l,1.5,-1.5
0.691,1.891,3.091,
3.372996729e-03,3.784257166e+00
4.718382843e-03,-3.575072746e-03,1.685819464e-03,2.849823393e-02,7.402690880e-02,1.444104223e-01,1.564192855e-01,8.207909277e-02,1.663271353e-02,
1.062858752e-03,-1.581211579e-03,-1.290836370e-03,-1.755690096e-02,-5.706570697e-02,-1.017775818e-01,-1.007200279e-01,-5.196224954e-02,-1.095091634e-02,
1.589892797e-01
l,1.5,-0.5
0.711,1.871,3.051,
4.250202490e-03,3.753227759e+00
6.750493776e-03,-4.721258031e-03,2.016414320e-03,4.424376179e-02,1.177056642e-01,2.327199734e-01,2.618095637e-01,1.445368757e-01,3.098785744e-02,
1.597867805e-03,-2.367086216e-03,-2.018664662e-03,-2.700905232e-02,-8.896072971e-02,-1.607415939e-01,-1.614778930e-01,-8.463491674e-02,-1.813136028e-02,
1.590203513e-01
l,1.5,0.5
0.731,1.851,2.991,
5.408020853e-03,3.713120905e+00
9.645454586e-03,-6.139845295e-03,2.795231007e-03,7.116127448e-02,1.953344529e-01,3.888715892e-01,4.501697586e-01,2.596102554e-01,5.854685426e-02,
2.472098458e-03,-3.637380572e-03,-3.427263298e-03,-4.434087735e-02,-1.500665409e-01,-2.786773250e-01,-2.887761304e-01,-1.564378841e-01,-3.467697144e-02,
1.590514307e-01
l,1.5,1.5
0.731,1.811,2.911,
6.920451308e-03,3.674217903e+00
1.396573987e-02,-7.418695536e-03,5.016451173e-03,1.345208142e-01,4.041035727e-01,8.140561224e-01,9.623697193e-01,5.784317706e-01,1.374036107e-01,
3.931855491e-03,-5.725593122e-03,-7.244723504e-03,-9.006258077e-02,-3.282272142e-01,-6.439880100e-01,-6.986373965e-01,-3.937942837e-01,-9.035221787e-02,
1.590824096e-01
l,2.5,-2.5
1.211,2.451,3.691,
1.027916303e-04,4.735713091e+00
1.479014987e-03,-1.053319734e-03,8.694973711e-05,8.045047472e-03,1.831925860e-02,3.398039682e-02,3.921868306e-02,2.248134026e-02,4.964972222e-03,
3.016973857e-04,-4.656034692e-04,-3.381161008e-04,-4.901750740e-03,-1.546559288e-02,-2.684335736e-02,-2.575791347e-02,-1.284574461e-02,-2.616583401e-03,
1.589582211e-01
l,2.5,-1.5
1.231,2.471,3.711,
1.302032671e-04,4.732459869e+00
2.035052981e-03,-1.439214005e-03,4.664663746e-05,1.086866747e-02,2.426985266e-02,4.459235950e-02,5.177601628e-02,2.992948751e-02,6.659508358e-03,
4.147176965e-04,-6.404889361e-04,-4.457672664e-04,-6.606940018e-03,-2.082606039e-02,-3.614264879e-02,-3.467505447e-02,-1.728784475e-02,-3.521134935e-03,
1.589892797e-01
l,2.5,-0.5
1.251,2.471,3.711,
1.662461561e-04,4.727512523e+00
2.843068913e-03,-1.882822335e-03,-9.887015804e-05,1.572682612e-02,3.514028915e-02,6.264292921e-02,7.259627177e-02,4.259003156e-02,9.669945221e-03,
5.879052024e-04,-9.076462405e-04,-6.698765373e-04,-9.621933502e-03,-3.036168590e-02,-5.266877343e-02,-5.051329878e-02,-2.516720928e-02,-5.121738414e-03,
1.590203513e-01
l,2.5,0.5
1.271,2.491,3.711,
2.134681983e-04,4.729617761e+00
3.916935995e-03,-2.578274508e-03,-1.045182487e-04,2.207910214e-02,4.944464050e-02,8.735985451e-02,1.006018503e-01,5.888780608e-02,1.336561549e-02,
8.331515931e-04,-1.285645066e-03,-9.626034175e-04,-1.382613487e-02,-4.413860788e-02,-7.755270219e-02,-7.547030789e-02,-3.819023386e-02,-7.897452219e-03,
1.590203720e-01
l,2.5,1.5
1.291,2.491,3.691,
2.767120188e-04,4.721576690e+00
5.475698970e-03,-3.371460654e-03,-2.420091704e-04,3.279693856e-02,7.531660072e-02,1.311409778e-01,1.500797995e-01,8.853448015e-02,2.038871764e-02,
1.217453387e-03,-1.875423783e-03,-1.501772198e-03,-2.097072858e-02,-6.784102732e-02,-1.207342215e-01,-1.192497790e-01,-6.129615720e-02,-1.287837040e-02,
1.590203408e-01
l,2.5,2.5
1.291,2.471,3.671,
3.564748560e-04,4.725248481e+00
7.756609004e-03,-4.156924331e-03,-1.195964619e-03,4.754478376e-02,1.093980458e-01,1.822423127e-01,2.067676824e-01,1.240332711e-01,2.928143325e-02,
1.778761065e-03,-2.734324530e-03,-2.222589683e-03,-3.064233457e-02,-9.920012402e-02,-1.763744705e-01,-1.741301526e-01,-8.941675235e-02,-1.876220620e-02,
1.590513824e-01
l,3.5,-3.5
1.771,3.051,4.331,
2.243125521e-06,5.970238263e+00
4.171516048e-04,-2.713713806e-04,-1.238882768e-04,1.694499780e-03,2.680663338e-03,3.493671791e-03,4.014543811e-03,2.491869934e-03,5.884572723e-04,
7.820706400e-05,-1.238833318e-04,-5.947748445e-05,-1.031593419e-03,-3.017802642e-03,-4.977499984e-03,-4.568745909e-03,-2.185753394e-03,-4.299941637e-04,
1.590202999e-01
l,3.5,-2.5
1.791,3.071,4.351,
2.907251392e-06,5.922383894e+00
5.704418290e-04,-3.625393212e-04,-1.874647793e-04,2.291478802e-03,3.609987263e-03,4.579450042e-03,5.233648176e-03,3.270678160e-03,7.783740765e-04,
1.074138140e-04,-1.702539455e-04,-7.862183344e-05,-1.397528463e-03,-4.085066367e-03,-6.735232575e-03,-6.180366119e-03,-2.954672674e-03,-5.807881565e-04,
1.590203384e-01
l,3.5,-1.5
1.811,3.071,4.351,
3.671957888e-06,5.927323043e+00
7.909422275e-04,-4.564755895e-04,-3.049993178e-04,3.336479468e-03,5.558636767e-03,6.720011620e-03,7.258605341e-03,4.498541067e-03,1.083496828e-03,
1.522752702e-04,-2.413427063e-04,-1.224854668e-04,-2.047146026e-03,-5.995019203e-03,-9.874633666e-03,-9.056035777e-03,-4.324119757e-03,-8.483126938e-04,
1.590203505e-01
l,3.5,-0.5
1.831,3.091,4.371,
4.522815886e-06,5.981946591e+00
1.083947951e-03,-6.158028517e-04,-4.493800109e-04,4.495601433e-03,7.288000293e-03,8.298029339e-03,8.834605535e-03,5.540980076e-03,1.351220714e-03,
2.091304480e-04,-3.316423446e-04,-1.627842732e-04,-2.774468453e-03,-8.118183239e-03,-1.336720605e-02,-1.225517859e-02,-5.848571844e-03,-1.146920885e-03,
1.590203513e-01
l,3.5,0.5
1.851,3.111,4.391,
5.761692822e-06,5.990434411e+00
1.487437054e-03,-8.330247937e-04,-6.513691512e-04,6.156301970e-03,9.922422527e-03,1.083115474e-02,1.126839469e-02,7.082722948e-03,1.739475348e-03,
2.871992066e-04,-4.556867100e-04,-2.184946566e-04,-3.776159927e-03,-1.103906347e-02,-1.816924309e-02,-1.664914086e-02,-7.939598520e-03,-1.556087820e-03,
1.590203720e-01
l,3.5,1.5
1.871,3.131,4.411,
7.349096809e-06,6.007275652e+00
2.042840933e-03,-1.127218173e-03,-9.393057373e-04,8.444459758e-03,1.371925169e-02,1.460526891e-02,1.476245277e-02,9.197327648e-03,2.257466709e-03,
3.943868660e-04,-6.260559726e-04,-2.925018264e-04,-5.141183017e-03,-1.501374330e-02,-2.470145125e-02,-2.262056493e-02,-1.077579782e-02,-2.109824348e-03,
1.590203408e-01
l,3.5,2.5
1.891,3.151,4.411,
9.282570123e-06,6.047685744e+00
2.805947093e-03,-1.519075140e-03,-1.223656605e-03,1.209552626e-02,2.065293640e-02,2.291650462e-02,2.250566401e-02,1.347660453e-02,3.222196455e-03,
5.590073673e-04,-8.871390350e-04,-4.568842737e-04,-7.635264140e-03,-2.261480206e-02,-3.769705878e-02,-3.503671336e-02,-1.695128053e-02,-3.369248295e-03,
1.590202345e-01
l,3.5,3.5
1.911,3.151,4.411,
1.158820274e-05,6.111339273e+00
3.896585898e-03,-1.914948580e-03,-1.688014963e-03,1.908118058e-02,3.920604503e-02,5.144699035e-02,5.048777632e-02,2.849013382e-02,6.500307769e-03,
7.922633140e-04,-1.256835643e-03,-6.199875415e-04,-1.064030936e-02,-3.152554439e-02,-5.252890672e-02,-4.883144700e-02,-2.360053013e-02,-4.680403872e-03,
1.590199424e-01
l,4.5,-4.5
2.371,3.651,4.931,
2.632088742e-08,7.539234043e+00
1.114429033e-04,-6.087071768e-05,-5.340275361e-05,4.535460108e-04,6.941854629e-04,5.911472373e-04,5.053307818e-04,3.105489928e-04,7.777757582e-05,
2.113313164e-05,-3.407283997e-05,-1.682399883e-05,-2.878124442e-04,-8.396910966e-04,-1.380633384e-03,-1.263677274e-03,-6.016168951e-04,-1.177124569e-04,
1.589891379e-01
l,4.5,-3.5
2.391,3.671,4.971,
3.321388620e-08,7.534781396e+00
1.519515936e-04,-7.962252631e-05,-8.193334472e-05,6.051570823e-04,9.378278437e-04,7.494886053e-04,5.870358249e-04,3.554960002e-04,9.025311111e-05,
2.809436047e-05,-4.534180166e-05,-2.073072721e-05,-3.698665811e-04,-1.064045879e-03,-1.726139124e-03,-1.555388999e-03,-7.276791720e-04,-1.398959997e-04,
1.590202999e-01
l,4.5,-2.5
2.411,3.691,4.991,
4.297596690e-08,7.506523182e+00
2.071972995e-04,-1.036745224e-04,-1.158577225e-04,8.428334345e-04,1.378818249e-03,1.153376429e-03,8.701926519e-04,4.972425371e-04,1.225501230e-04,
3.856458424e-05,-6.226998667e-05,-2.980031916e-05,-5.167254555e-04,-1.487305877e-03,-2.411543980e-03,-2.171568623e-03,-1.014679435e-03,-1.947232353e-04,
1.590203384e-01
l,4.5,-1.5
2.431,3.731,5.031,
5.174535755e-08,7.563114738e+00
2.795342880e-04,-1.488430827e-04,-1.540167807e-04,1.078783185e-03,1.644429374e-03,1.255698921e-03,9.366122472e-04,5.584571453e-04,1.408817404e-04,
5.125235904e-05,-8.283706112e-05,-3.459694553e-05,-6.568776362e-04,-1.885055931e-03,-3.057268199e-03,-2.752846565e-03,-1.286125630e-03,-2.469436477e-04,
1.590203505e-01
l,4.5,-0.5
2.451,3.731,5.031,
6.184531017e-08,7.630650445e+00
3.857472911e-04,-1.791230695e-04,-2.272464514e-04,1.591968108e-03,2.768283804e-03,2.422290613e-03,1.753899084e-03,9.332365909e-04,2.200371556e-04,
7.266070585e-05,-1.174349544e-04,-5.678308665e-05,-9.789379077e-04,-2.818091356e-03,-4.566422080e-03,-4.109897712e-03,-1.917382432e-03,-3.670323962e-04,
1.590203513e-01
l,4.5,0.5
2.491,3.771,5.051,
9.147352515e-08,7.473122592e+00
5.218358128e-04,-2.630087920e-04,-2.803885505e-04,2.144599654e-03,3.538986165e-03,3.049149811e-03,2.337989652e-03,1.319629306e-03,3.199471785e-04,
9.973309859e-05,-1.612620820e-04,-7.830228905e-05,-1.357856769e-03,-3.956883892e-03,-6.498861131e-03,-5.940118668e-03,-2.819726161e-03,-5.496465503e-04,
1.590203047e-01
l,4.5,1.5
2.511,3.791,5.071,
1.145882812e-07,7.497769804e+00
7.148659206e-04,-3.553843406e-04,-3.962295778e-04,2.939454749e-03,4.783995231e-03,3.837007322e-03,2.716828432e-03,1.518964060e-03,3.749980846e-04,
1.368885462e-04,-2.214356397e-04,-1.069866141e-04,-1.857516668e-03,-5.410731072e-03,-8.883329592e-03,-8.116882693e-03,-3.851955771e-03,-7.508426233e-04,
1.590203408e-01
l,4.5,2.5
2.531,3.811,5.091,
1.513439009e-07,7.472326230e+00
9.812974604e-04,-4.792830019e-04,-5.589302587e-04,4.141922541e-03,6.876235522e-03,5.385641005e-03,3.491568147e-03,1.849251743e-03,4.530121005e-04,
1.878798971e-04,-3.040453076e-04,-1.533357944e-04,-2.587686436e-03,-7.535795725e-03,-1.236383993e-02,-1.128514897e-02,-5.350000405e-03,-1.042166976e-03,
1.590201675e-01
l,4.5,3.5
2.531,3.831,5.131,
1.636299335e-07,7.665410194e+00
1.347761950e-03,-6.377002512e-04,-8.401883138e-04,5.588346236e-03,9.499968575e-03,7.059180985e-03,3.777590377e-03,1.694856897e-03,3.924523553e-04,
2.496863527e-04,-4.044153096e-04,-1.968722262e-04,-3.380632071e-03,-9.704397005e-03,-1.570415786e-02,-1.409419178e-02,-6.555851639e-03,-1.252978984e-03,
1.590503870e-01
l,4.5,4.5
2.551,3.851,5.171,
2.128035465e-07,7.669925837e+00
1.844804967e-03,-8.324418859e-04,-1.224194363e-03,7.353591038e-03,1.360862617e-02,1.201714949e-02,7.777288471e-03,3.585355978e-03,7.707500517e-04,
3.317269428e-04,-5.377373671e-04,-2.329646726e-04,-4.322574557e-03,-1.222918376e-02,-1.953870212e-02,-1.725805155e-02,-7.870413540e-03,-1.472208899e-03,
1.590469388e-01
l,5.5,-5.5
2.991,4.291,5.591,
1.567719651e-10,9.349203234e+00
2.791693987e-05,-1.372159573e-05,-1.649405974e-05,1.080349214e-04,1.836159707e-04,1.575310785e-04,1.126382542e-04,5.919398327e-05,1.374256598e-05,
5.101902570e-06,-8.348106079e-06,-3.492936837e-06,-6.704632252e-05,-1.922170463e-04,-3.115674244e-04,-2.803344791e-04,-1.305769867e-04,-2.494724998e-05,
1.590199094e-01
l,5.5,-4.5
3.011,4.311,5.611,
2.203227593e-10,9.241137870e+00
3.794940858e-05,-1.787215163e-05,-2.316194574e-05,1.482325252e-04,2.568834160e-04,2.202066637e-04,1.539693168e-04,7.987464148e-05,1.856274661e-05,
7.000256016e-06,-1.145876690e-05,-4.849740753e-06,-9.217606799e-05,-2.643303120e-04,-4.282178514e-04,-3.852322184e-04,-1.793792232e-04,-3.424988020e-05,
1.590201444e-01
l,5.5,-3.5
3.031,4.331,5.631,
2.618868942e-10,9.289285205e+00
5.164480899e-05,-2.327381161e-05,-3.233987993e-05,2.056185603e-04,3.632181420e-04,3.061335259e-04,2.008762944e-04,9.939467540e-05,2.275885023e-05,
9.604828509e-06,-1.572823904e-05,-6.881735773e-06,-1.276502295e-04,-3.662436685e-04,-5.930162094e-04,-5.333507657e-04,-2.482728889e-04,-4.738286312e-05,
1.590202999e-01
l,5.5,-2.5
3.071,4.351,5.651,
3.566171658e-10,9.224024333e+00
7.034050213e-05,-3.021294897e-05,-4.504102029e-05,2.881788631e-04,5.290261776e-04,4.594545502e-04,2.981235692e-04,1.427506742e-04,3.210077528e-05,
1.317829098e-05,-2.158809609e-05,-9.969422994e-06,-1.782231849e-04,-5.117155763e-04,-8.281187512e-04,-7.444152371e-04,-3.462998548e-04,-6.603606831e-05,
1.590203544e-01
l,5.5,-1.5
3.091,4.391,5.691,
4.617387867e-10,9.204626432e+00
9.493502876e-05,-4.392984279e-05,-6.078778290e-05,3.709248920e-04,6.301805636e-04,4.733813024e-04,2.665654717e-04,1.259389241e-04,2.966077567e-05,
1.749788179e-05,-2.868587488e-05,-1.196606212e-05,-2.289628193e-04,-6.556576436e-04,-1.061197421e-03,-9.535676402e-04,-4.435074972e-04,-8.464141390e-05,
1.590203505e-01
l,5.5,-0.5
3.111,4.411,5.711,
5.796241237e-10,9.215614224e+00
1.294143003e-04,-5.715671744e-05,-8.412997878e-05,5.187957192e-04,9.296899729e-04,7.531922301e-04,4.392200669e-04,1.968924435e-04,4.353958806e-05,
2.400694905e-05,-3.937124654e-05,-1.734948077e-05,-3.202264750e-04,-9.177458038e-04,-1.484873905e-03,-1.333653568e-03,-6.196945003e-04,-1.180844757e-04,
1.590202559e-01
l,5.5,0.5
3.131,4.431,5.731,
7.533195101e-10,9.198174458e+00
1.764163026e-04,-7.474830325e-05,-1.164438738e-04,7.117262136e-04,1.323647406e-03,1.135075305e-03,6.928554821e-04,3.086532389e-04,6.627602497e-05,
3.293687536e-05,-5.403581617e-05,-2.431929016e-05,-4.431035220e-04,-1.270515083e-03,-2.055216710e-03,-1.845611768e-03,-8.569315959e-04,-1.630472842e-04,
1.590203047e-01
l,5.5,1.5
3.151,4.451,5.751,
1.058965494e-09,9.113939784e+00
2.406131971e-04,-9.929725422e-05,-1.608733839e-04,9.601757258e-04,1.802208677e-03,1.573518455e-03,9.892371266e-04,4.505078461e-04,9.754782722e-05,
4.518777422e-05,-7.416081619e-05,-3.242955510e-05,-6.022320077e-04,-1.726801867e-03,-2.793466569e-03,-2.509717924e-03,-1.165360936e-03,-2.216229371e-04,
1.590203408e-01
l,5.5,2.5
3.171,4.471,5.771,
1.369608785e-09,9.103852686e+00
3.288087901e-04,-1.354412661e-04,-2.236800840e-04,1.282096863e-03,2.310381453e-03,1.845220231e-03,1.063870056e-03,4.837117443e-04,1.094196606e-04,
6.199427186e-05,-1.017784515e-04,-4.125164097e-05,-8.036548018e-04,-2.302641918e-03,-3.724873955e-03,-3.348921982e-03,-1.556583411e-03,-2.963914032e-04,
1.590201675e-01
l,5.5,3.5
3.191,4.471,5.771,
1.595971917e-09,9.187636655e+00
4.552534083e-04,-1.644262366e-04,-3.258803747e-04,1.906289831e-03,3.606641001e-03,2.801160754e-03,1.335703348e-03,4.846484633e-04,1.014608303e-04,
8.788864231e-05,-1.442857635e-04,-6.763023153e-05,-1.184820281e-03,-3.402034874e-03,-5.493041165e-03,-4.932842317e-03,-2.292139420e-03,-4.364963135e-04,
1.590187304e-01
l,5.5,4.5
3.211,4.511,5.811,
1.882701771e-09,9.270791732e+00
6.229166756e-04,-2.534419692e-04,-4.492027518e-04,2.716577645e-03,4.903223938e-03,3.161155109e-03,7.550135796e-04,-1.826201474e-05,-1.925460926e-05,
1.166713719e-04,-1.916707409e-04,-9.540715574e-05,-1.600700229e-03,-4.581284314e-03,-7.384656727e-03,-6.606301393e-03,-3.062545079e-03,-5.837950348e-04,
1.590113514e-01
l,5.5,5.5
3.231,4.571,5.911,
2.489749406e-09,9.268364079e+00
8.395180921e-04,-4.006216415e-04,-6.126060140e-04,3.437430818e-03,5.991349170e-03,3.675058095e-03,7.289608783e-04,-1.230059878e-04,-4.699855361e-05,
1.403986764e-04,-2.310534438e-04,-9.677361286e-05,-1.820652928e-03,-5.053445407e-03,-7.944596046e-03,-6.877486714e-03,-3.075850955e-03,-5.669375654e-04,
1.590962520e-01
l,6.5,-6.5
3.631,4.931,6.251,
4.941091182e-13,1.132233706e+01
6.861196198e-06,-2.982949059e-06,-4.865026018e-06,2.708152648e-05,5.066734516e-05,4.137913073e-05,2.239119387e-05,8.963539763e-06,1.858169244e-06,
1.214262625e-06,-2.009805968e-06,-7.867290060e-07,-1.567822881e-05,-4.414105805e-05,-7.036721194e-05,-6.205334890e-05,-2.823594915e-05,-5.271297049e-06,
1.590191570e-01
l,6.5,-5.5
3.651,4.951,6.271,
4.827438259e-13,1.151049798e+01
9.295429663e-06,-3.729400326e-06,-6.680361330e-06,3.730831530e-05,7.406140954e-05,6.562720552e-05,3.771514388e-05,1.474708946e-05,2.842069256e-06,
1.665451747e-06,-2.757447134e-06,-1.174164219e-06,-2.214406515e-05,-6.247470406e-05,-9.959880472e-05,-8.783888321e-05,-3.993294823e-05,-7.436659449e-06,
1.590195452e-01
l,6.5,-4.5
3.671,4.991,6.311,
5.365047666e-13,1.159965093e+01
1.248589979e-05,-5.358036765e-06,-8.958398161e-06,4.709416123e-05,8.748936285e-05,6.966278943e-05,3.547276088e-05,1.305549837e-05,2.533114441e-06,
2.209833027e-06,-3.660997069e-06,-1.376653393e-06,-2.833638191e-05,-7.975318505e-05,-1.272000345e-04,-1.122016692e-04,-5.100640759e-05,-9.501982243e-06,
1.590199518e-01
l,6.5,-3.5
3.691,5.011,6.331,
8.837894319e-13,1.138865916e+01
1.694047933e-05,-6.869116929e-06,-1.225351097e-05,6.479980025e-05,1.262680121e-04,1.099845623e-04,6.339859922e-05,2.532580170e-05,4.970036777e-06,
3.030856182e-06,-5.022686443e-06,-1.936423680e-06,-3.919715179e-05,-1.104574928e-04,-1.761960913e-04,-1.555096640e-04,-7.069113583e-05,-1.315377247e-05,
1.590202546e-01
l,6.5,-2.5
3.711,5.031,6.351,
1.201069310e-12,1.132801513e+01
2.301049062e-05,-8.878354929e-06,-1.689648591e-05,8.822957955e-05,1.755069200e-04,1.560873583e-04,9.132484263e-05,3.651801317e-05,7.118230184e-06,
4.156866651e-06,-6.890752332e-06,-2.692460029e-06,-5.396183452e-05,-1.521812034e-04,-2.427225861e-04,-2.143019714e-04,-9.741964840e-05,-1.811479749e-05,
1.590203224e-01
l,6.5,-1.5
3.751,5.051,6.371,
2.109716377e-12,1.107882727e+01
3.129685138e-05,-1.151634738e-05,-2.331148573e-05,1.216055853e-04,2.481666447e-04,2.277662087e-04,1.378430886e-04,5.648258146e-05,1.116881050e-05,
5.701142493e-06,-9.453468992e-06,-3.779955607e-06,-7.445033402e-05,-2.100878942e-04,-3.349640294e-04,-2.957458882e-04,-1.344299824e-04,-2.498500750e-05,
1.590202152e-01
l,6.5,-0.5
3.771,5.071,6.391,
2.796017054e-12,1.104554042e+01
4.261467984e-05,-1.488307020e-05,-3.215496634e-05,1.688131687e-04,3.530533089e-04,3.288308141e-04,1.968382403e-04,7.806166717e-05,1.496453139e-05,
7.819034045e-06,-1.296910662e-05,-5.438036645e-06,-1.035562068e-04,-2.924496063e-04,-4.660882442e-04,-4.113899189e-04,-1.869221382e-04,-3.471864147e-05,
1.590200811e-01
l,6.5,0.5
3.791,5.111,6.431,
2.940163964e-12,1.118960149e+01
5.759670967e-05,-2.222702157e-05,-4.346858931e-05,2.191725313e-04,4.293309695e-04,3.554719220e-04,1.808017537e-04,6.294615825e-05,1.149123959e-05,
1.037352700e-05,-1.721618760e-05,-6.481440729e-06,-1.329872592e-04,-3.743712890e-04,-5.965248258e-04,-5.260209200e-04,-2.388202930e-04,-4.438155628e-05,
1.590200468e-01
l,6.5,1.5
3.811,5.131,6.451,
3.891470568e-12,1.116349051e+01
7.846536755e-05,-2.849580285e-05,-5.971336197e-05,3.037441065e-04,6.278991935e-04,5.655811036e-04,3.160985346e-04,1.148433557e-04,2.045726049e-05,
1.422673230e-05,-2.361783425e-05,-9.633647891e-06,-1.873860526e-04,-5.281980775e-04,-8.414590528e-04,-7.416196445e-04,-3.362619535e-04,-6.233987158e-05,
1.590202459e-01
l,6.5,2.5
3.831,5.151,6.491,
6.033758423e-12,1.102042724e+01
1.067439007e-04,-3.683481992e-05,-8.442695445e-05,3.921832784e-04,8.413694536e-04,8.082540050e-04,4.976841187e-04,1.971212111e-04,3.671004918e-05,
1.887720969e-05,-3.135598480e-05,-1.124960167e-05,-2.386690956e-04,-6.635211507e-04,-1.044044010e-03,-9.064425890e-04,-4.034597061e-04,-7.328411345e-05,
1.590513154e-01
l,6.5,3.5
3.851,5.171,6.491,
9.983615202e-12,1.082680742e+01
1.450264972e-04,-4.909133016e-05,-1.083769678e-04,5.244119940e-04,1.117379716e-03,1.129221690e-03,7.750182304e-04,3.418791337e-04,6.807488039e-05,
2.675726976e-05,-4.444478581e-05,-1.611293053e-05,-3.433344016e-04,-9.699939754e-04,-1.550213596e-03,-1.373106175e-03,-6.244186138e-04,-1.156645912e-04,
1.590183369e-01
l,6.5,4.5
3.871,5.151,6.431,
1.669755506e-11,1.062264680e+01
2.008385054e-04,-5.159535719e-05,-1.399705188e-04,8.252218613e-04,1.785932340e-03,1.797370165e-03,1.216492128e-03,5.421712232e-04,1.118507106e-04,
4.188837022e-05,-6.951673412e-05,-3.275961239e-05,-5.809215933e-04,-1.698341998e-03,-2.783591376e-03,-2.553693200e-03,-1.211229222e-03,-2.341719532e-04,
1.589435104e-01
l,6.5,5.5
3.911,5.171,6.451,
2.493223658e-11,1.051598717e+01
2.790694998e-04,-7.656172255e-05,-2.028275944e-04,1.344126942e-03,2.877946307e-03,2.551179819e-03,1.290762516e-03,4.146306814e-04,7.102378613e-05,
5.744067744e-05,-9.535301824e-05,-5.632312234e-05,-8.471329594e-04,-2.468313182e-03,-4.022688906e-03,-3.660297546e-03,-1.727610267e-03,-3.341990936e-04,
1.589262492e-01
l,6.5,6.5
3.911,5.231,6.571,
1.876907410e-11,1.092724034e+01
3.802315914e-04,-1.339553812e-04,-3.212617164e-04,1.672460742e-03,3.402613107e-03,2.469898686e-03,6.549823994e-04,-5.819525972e-05,-4.321320847e-05,
6.676202054e-05,-1.110147336e-04,-4.812353322e-05,-8.721304192e-04,-2.419310264e-03,-3.785637943e-03,-3.269112594e-03,-1.456608924e-03,-2.670867365e-04,
1.590390765e-01
l,7.5,-7.5
4.271,5.571,6.871,
4.238382411e-16,1.390121144e+01
1.639901029e-06,-6.163761472e-07,-1.169603623e-06,6.535860130e-06,1.292598610e-05,1.122594545e-05,6.257133441e-06,2.404146300e-06,4.644213577e-07,
3.055145731e-07,-5.100879524e-07,-2.217264312e-07,-4.169735122e-06,-1.193417857e-05,-1.928501033e-05,-1.731135200e-05,-8.019647745e-06,-1.519755778e-06,
1.590175691e-01
l,7.5,-6.5
4.291,5.591,6.911,
5.915319919e-16,1.382123609e+01
2.223338015e-06,-7.758535880e-07,-1.733075789e-06,8.608487428e-06,1.753190306e-05,1.499829814e-05,7.777206103e-06,2.713896028e-06,4.954938621e-07,
4.051527124e-07,-6.767852773e-07,-2.651343316e-07,-5.292746618e-06,-1.491543199e-05,-2.375148127e-05,-2.095642989e-05,-9.519033115e-06,-1.768264609e-06,
1.590178500e-01
l,7.5,-5.5
4.331,5.631,6.931,
1.612522832e-15,1.328870480e+01
2.991077963e-06,-1.109723832e-06,-2.160968639e-06,1.249044311e-05,2.582584978e-05,2.370438461e-05,1.375418421e-05,5.278772609e-06,9.942591499e-07,
5.555286272e-07,-9.282117771e-07,-4.222665767e-07,-7.684232022e-06,-2.196776076e-05,-3.544448824e-05,-3.174330192e-05,-1.467174151e-05,-2.775999696e-06,
1.590185208e-01
l,7.5,-4.5
4.351,5.651,6.971,
1.585411100e-15,1.345402311e+01
4.056153102e-06,-1.384422559e-06,-3.175954121e-06,1.634234613e-05,3.507597959e-05,3.247427707e-05,1.825125539e-05,6.545194582e-06,1.152791007e-06,
7.366696385e-07,-1.231483105e-06,-5.149676816e-07,-9.831019500e-06,-2.768867430e-05,-4.404146617e-05,-3.877254162e-05,-1.756405965e-05,-3.254260261e-06,
1.590192774e-01
l,7.5,-3.5
4.371,5.691,7.011,
2.014554919e-15,1.344624071e+01
5.457027783e-06,-2.008402586e-06,-4.232978722e-06,2.143395218e-05,4.450807282e-05,3.938392663e-05,2.091999188e-05,7.136949777e-06,1.222502238e-06,
9.768417293e-07,-1.633775440e-06,-6.327418721e-07,-1.276041484e-05,-3.586691243e-05,-5.706805165e-05,-5.022321482e-05,-2.273943876e-05,-4.213643706e-06,
1.590198243e-01
l,7.5,-2.5
4.391,5.711,7.031,
2.480132467e-15,1.346076340e+01
7.401115909e-06,-2.516107756e-06,-5.795488862e-06,2.931715713e-05,6.374151323e-05,6.017506721e-05,3.432669728e-05,1.219946867e-05,2.077053870e-06,
1.339345947e-06,-2.240609208e-06,-9.396466744e-07,-1.797131699e-05,-5.060520271e-05,-8.051654925e-05,-7.086136461e-05,-3.205933025e-05,-5.927657832e-06,
1.590199390e-01
l,7.5,-1.5
4.411,5.731,7.071,
2.647728562e-15,1.357204509e+01
1.004208025e-05,-3.214325478e-06,-8.403161522e-06,3.706621421e-05,8.133880162e-05,7.512927363e-05,4.102583112e-05,1.384017871e-05,2.261617173e-06,
1.775909612e-06,-2.972369833e-06,-1.052321220e-06,-2.247316337e-05,-6.230633397e-05,-9.779489340e-05,-8.468990467e-05,-3.757801717e-05,-6.805685073e-06,
1.590197081e-01
l,7.5,-0.5
4.431,5.751,7.091,
4.818787160e-15,1.332590466e+01
1.364037962e-05,-4.114944001e-06,-1.142697751e-05,5.092290460e-05,1.147576386e-04,1.106605523e-04,6.426297511e-05,2.311056318e-05,3.954118282e-06,
2.434878630e-06,-4.076266038e-06,-1.477981868e-06,-3.103366469e-05,-8.615278339e-05,-1.352706735e-04,-1.172458401e-04,-5.205602614e-05,-9.425814581e-06,
1.590192703e-01
l,7.5,0.5
4.471,5.791,7.111,
1.076940006e-14,1.294793490e+01
1.842908023e-05,-6.299088340e-06,-1.456123557e-05,7.093858854e-05,1.517162503e-04,1.396510713e-04,7.819651797e-05,2.789790625e-05,4.862779298e-06,
3.338345733e-06,-5.590092870e-06,-2.133624610e-06,-4.352793763e-05,-1.224102720e-04,-1.947828200e-04,-1.715372684e-04,-7.763404776e-05,-1.435572030e-05,
1.590192283e-01
l,7.5,1.5
4.491,5.811,7.131,
1.310138424e-14,1.297954192e+01
2.512737956e-05,-8.172839945e-06,-2.017267989e-05,9.910286808e-05,2.164780404e-04,2.000898415e-04,1.086327274e-04,3.626327733e-05,5.880780405e-06,
4.577022873e-06,-7.666066184e-06,-3.124709051e-06,-6.076665012e-05,-1.709886181e-04,-2.718459627e-04,-2.391717194e-04,-1.081580144e-04,-1.998755025e-05,
1.590196765e-01
l,7.5,2.5
4.511,5.831,7.171,
1.947902196e-14,1.288299703e+01
3.429309072e-05,-1.036827406e-05,-2.909104311e-05,1.360984807e-04,3.148487116e-04,3.066782740e-04,1.725714870e-04,5.750880194e-05,8.981218754e-06,
6.069648483e-06,-1.017080191e-05,-4.042263955e-06,-7.932873808e-05,-2.199694304e-04,-3.445758381e-04,-2.975622834e-04,-1.317165472e-04,-2.382181825e-05,
1.590513824e-01
l,7.5,3.5
4.531,5.871,7.231,
2.305499541e-14,1.294211023e+01
4.638385872e-05,-1.498473337e-05,-4.050149429e-05,1.762444342e-04,4.168414922e-04,4.178393283e-04,2.419231307e-04,8.140857975e-05,1.247879054e-05,
7.783235827e-06,-1.305121533e-05,-4.711702597e-06,-9.869246001e-05,-2.689007067e-04,-4.150614915e-04,-3.511605051e-04,-1.517022930e-04,-2.677637148e-05,
1.590805383e-01
l,7.5,4.5
4.531,5.911,7.291,
1.812116315e-14,1.326519533e+01
6.215970643e-05,-2.098255840e-05,-5.322577335e-05,2.028932929e-04,4.891299194e-04,5.308845937e-04,3.511193545e-04,1.353545509e-04,2.286374162e-05,
9.976833576e-06,-1.674084148e-05,-5.165607292e-06,-1.228774055e-04,-3.303394394e-04,-5.052344231e-04,-4.214584054e-04,-1.782818997e-04,-3.063554109e-05,
1.590606002e-01
l,7.5,5.5
4.571,5.871,7.191,
7.050195027e-14,1.251957030e+01
8.534872177e-05,-1.840274368e-05,-6.500750822e-05,2.720661733e-04,6.628097329e-04,8.012589621e-04,6.474433399e-04,3.108263809e-04,6.356402841e-05,
1.671706387e-05,-2.801868772e-05,-8.539526125e-06,-2.102168553e-04,-5.983872661e-04,-9.628731057e-04,-8.637554257e-04,-3.962185124e-04,-7.339292009e-05,
1.589653163e-01
l,7.5,6.5
4.591,5.851,7.131,
1.756073885e-13,1.207463810e+01
1.195286022e-04,-1.826078853e-05,-8.240560464e-05,5.344818536e-04,1.287526841e-03,1.430238242e-03,1.010227427e-03,4.423829647e-04,8.810215579e-05,
2.619690667e-05,-4.387635212e-05,-2.459156978e-05,-3.863967010e-04,-1.133771868e-03,-1.854743078e-03,-1.703196135e-03,-8.094747416e-04,-1.566076008e-04,
1.589056064e-01
l,7.5,7.5
4.631,5.911,7.211,
1.863760364e-13,1.221110226e+01
1.641150011e-04,-4.280755414e-05,-1.281163378e-04,7.171337028e-04,1.549659219e-03,1.350124125e-03,6.499770127e-04,1.904061774e-04,2.947865166e-05,
3.249653908e-05,-5.447765139e-05,-2.663150764e-05,-4.525066265e-04,-1.298105555e-03,-2.089214618e-03,-1.874425102e-03,-8.692711147e-04,-1.648823568e-04,
1.589829706e-01
l,8.5,-8.5
4.931,6.251,7.571,
2.725672211e-19,1.635340268e+01
3.803127981e-07,-1.474000475e-07,-2.876469164e-07,1.440402281e-06,3.064293752e-06,2.986005035e-06,1.871721792e-06,7.481656098e-07,1.393040473e-07,
6.665434268e-08,-1.121832163e-07,-4.125064834e-08,-8.741590492e-07,-2.452907352e-06,-3.906675710e-06,-3.437532714e-06,-1.553127171e-06,-2.867361916e-07,
1.590450845e-01
l,8.5,-7.5
4.951,6.271,7.591,
2.121072516e-19,1.663968321e+01
5.139020800e-07,-1.858397881e-07,-3.990832827e-07,1.885065883e-06,4.022199471e-06,3.847066113e-06,2.333615446e-06,9.029015187e-07,1.643191582e-07,
9.135209172e-08,-1.537827814e-07,-5.551119923e-08,-1.191103448e-06,-3.345068644e-06,-5.329515776e-06,-4.695378644e-06,-2.122576602e-06,-3.915390415e-07,
1.590132452e-01
l,8.5,-6.5
4.991,6.291,7.611,
8.879171802e-19,1.588062964e+01
6.952162153e-07,-2.352818604e-07,-5.422701077e-07,2.586452340e-06,5.662037941e-06,5.622648273e-06,3.585657520e-06,1.457218404e-06,2.755980692e-07,
1.252256722e-07,-2.108491583e-07,-7.761299652e-08,-1.640878567e-06,-4.616348636e-06,-7.358686811e-06,-6.492885864e-06,-2.939678738e-06,-5.426804909e-07,
1.590135737e-01
l,8.5,-5.5
5.011,6.311,7.631,
1.069744715e-18,1.589934500e+01
9.416689863e-07,-2.980676548e-07,-7.441943253e-07,3.546214873e-06,7.870750311e-06,7.801445706e-06,4.878974391e-06,1.931707120e-06,3.581070789e-07,
1.716593667e-07,-2.890911519e-07,-1.098682579e-07,-2.265656695e-06,-6.381801804e-06,-1.017046164e-05,-8.978599445e-06,-4.068183182e-06,-7.513285004e-07,
1.590147306e-01
l,8.5,-4.5
5.031,6.331,7.651,
1.627027622e-18,1.577653154e+01
1.276776970e-06,-3.748367523e-07,-1.025880480e-06,4.908669572e-06,1.116256262e-05,1.120126267e-05,6.964380049e-06,2.706484661e-06,4.928343789e-07,
2.353095157e-07,-3.963648083e-07,-1.596144485e-07,-3.152076291e-06,-8.886688694e-06,-1.415032227e-05,-1.248647635e-05,-5.656312682e-06,-1.044237125e-06,
1.590161946e-01
l,8.5,-3.5
5.051,6.371,7.691,
2.591467320e-18,1.562867578e+01
1.720473961e-06,-5.621700488e-07,-1.379220104e-06,6.564092358e-06,1.432865950e-05,1.354034885e-05,7.846797613e-06,2.893909402e-06,5.156339980e-07,
3.118689088e-07,-5.255364904e-07,-1.898177670e-07,-4.039581760e-06,-1.135232232e-05,-1.806610615e-05,-1.592278934e-05,-7.206763525e-06,-1.331463655e-06,
1.590172421e-01
l,8.5,-2.5
5.071,6.391,7.711,
2.924862620e-18,1.569575019e+01
2.335317959e-06,-6.998415354e-07,-1.895169775e-06,9.153221219e-06,2.082639260e-05,2.046840161e-05,1.206667536e-05,4.360299741e-06,7.431954818e-07,
4.274955278e-07,-7.205252968e-07,-2.896110125e-07,-5.712667209e-06,-1.608064053e-05,-2.557536013e-05,-2.252401922e-05,-1.018461241e-05,-1.878714624e-06,
1.590173827e-01
l,8.5,-1.5
5.111,6.431,7.751,
6.227222798e-18,1.537598955e+01
3.147473080e-06,-1.042982108e-06,-2.556099177e-06,1.198136719e-05,2.621230789e-05,2.432732136e-05,1.335890755e-05,4.532584881e-06,7.451572903e-07,
5.665545732e-07,-9.552823825e-07,-3.496199772e-07,-7.369695740e-06,-2.068401559e-05,-3.288732350e-05,-2.893138148e-05,-1.306574210e-05,-2.409677383e-06,
1.590166655e-01
l,8.5,-0.5
5.131,6.451,7.771,
1.159215863e-17,1.513979268e+01
4.271827038e-06,-1.308269451e-06,-3.472546690e-06,1.657941092e-05,3.808568032e-05,3.811550811e-05,2.298793745e-05,8.446100398e-06,1.446483292e-06,
7.765849607e-07,-1.309677697e-06,-5.199554223e-07,-1.036555046e-05,-2.914462580e-05,-4.634257657e-05,-4.077292040e-05,-1.840452041e-05,-3.388411602e-06,
1.590155186e-01
l,8.5,0.5
5.151,6.471,7.791,
1.556895804e-17,1.510379378e+01
5.798451184e-06,-1.662463489e-06,-4.729928111e-06,2.234033242e-05,5.228914525e-05,5.353403933e-05,3.308276801e-05,1.236389299e-05,2.129532346e-06,
1.064473899e-06,-1.795541409e-06,-7.383467920e-07,-1.438508508e-05,-4.051037188e-05,-6.444567048e-05,-5.675317961e-05,-2.563101283e-05,-4.715842759e-06,
1.590150010e-01
l,8.5,1.5
5.171,6.491,7.811,
2.349927654e-17,1.499715812e+01
7.879963960e-06,-2.170520150e-06,-6.438386870e-06,3.011749851e-05,7.019957090e-05,7.116485040e-05,4.358275538e-05,1.625040108e-05,2.811748394e-06,
1.459091384e-06,-2.461655992e-06,-9.976330511e-07,-1.961775132e-05,-5.529894975e-05,-8.801784911e-05,-7.762628664e-05,-3.511641458e-05,-6.469104441e-06,
1.590160699e-01
l,8.5,2.5
5.191,6.511,7.831,
4.208679552e-17,1.478895338e+01
1.074118973e-05,-2.925768709e-06,-8.848123113e-06,4.176532675e-05,9.554209660e-05,9.258015552e-05,5.308669567e-05,1.866026480e-05,3.134531628e-06,
2.000004838e-06,-3.374891948e-06,-1.315552832e-06,-2.643520881e-05,-7.449748487e-05,-1.185124986e-04,-1.045705659e-04,-4.738102287e-05,-8.751733012e-06,
1.590185944e-01
l,8.5,3.5
5.211,6.531,7.851,
5.171970308e-17,1.481581171e+01
1.472372969e-05,-3.925906959e-06,-1.256161632e-05,6.186951199e-05,1.432268637e-04,1.336122560e-04,6.744714932e-05,1.895612204e-05,2.456040838e-06,
2.741375591e-06,-4.626800856e-06,-1.913065676e-06,-3.646842226e-05,-1.025667043e-04,-1.625594103e-04,-1.428143615e-04,-6.454288504e-05,-1.192805012e-05,
1.590181323e-01
l,8.5,4.5
5.231,6.571,7.911,
6.791157077e-17,1.481613051e+01
2.013342964e-05,-5.589192886e-06,-1.836530208e-05,9.371030315e-05,2.386245584e-04,2.481972828e-04,1.390792584e-04,4.171796735e-05,5.314234565e-06,
3.512832111e-06,-5.932228768e-06,-2.750728760e-06,-4.788825928e-05,-1.319992000e-04,-2.050193544e-04,-1.750085613e-04,-7.666846782e-05,-1.379258080e-05,
1.590487712e-01
l,8.5,5.5
5.231,6.631,8.051,
3.080132233e-17,1.545827492e+01
2.676949043e-05,-8.083631519e-06,-2.652849222e-05,9.337775269e-05,2.508743735e-04,2.744188687e-04,1.655341830e-04,5.430666365e-05,7.608799122e-06,
3.932500223e-06,-6.649577378e-06,-1.351556864e-06,-4.071110334e-05,-9.948789129e-05,-1.414082492e-04,-1.083663943e-04,-4.159536804e-05,-6.543854154e-06,
1.591068124e-01
l,8.5,6.5
5.251,6.631,8.031,
3.413545396e-17,1.553227895e+01
3.599112097e-05,-9.174150185e-06,-3.440891803e-05,9.033513548e-05,2.453889745e-04,2.870743557e-04,2.016090956e-04,8.050834994e-05,1.377889376e-05,
5.764662476e-06,-9.745834866e-06,-1.264305139e-06,-5.816081796e-05,-1.465512355e-04,-2.158449344e-04,-1.736370609e-04,-6.968184896e-05,-1.121717741e-05,
1.590419147e-01
l,8.5,7.5
5.291,6.611,7.951,
2.379756122e-16,1.450209531e+01
4.961514060e-05,-9.477133817e-06,-4.079103303e-05,1.505897570e-04,3.881532407e-04,4.678787150e-04,3.592144015e-04,1.617331089e-04,3.129209842e-05,
9.354043664e-06,-1.580233460e-05,-4.935366289e-06,-1.186980982e-04,-3.325791041e-04,-5.274925661e-04,-4.641817944e-04,-2.079461367e-04,-3.753779428e-05,
1.590099885e-01
l,8.5,8.5
5.311,6.611,7.931,
5.050456845e-16,1.419781005e+01
6.862654845e-05,-1.135883199e-05,-5.514868289e-05,2.384270384e-04,5.869738040e-04,6.506581674e-04,4.576977590e-04,1.970108053e-04,3.800290551e-05,
1.371273737e-05,-2.316129579e-05,-8.515542369e-06,-1.789828137e-04,-5.088015421e-04,-8.142712553e-04,-7.273182891e-04,-3.329963296e-04,-6.170253391e-05,
1.589574914e-01
