l,0.5,-0.5
0.151,1.091,2.031,
6.130306500e-02,1.951704468e+00
7.096806075e-03,-6.553993525e-03,5.817202133e-03,8.439462463e-02,3.028204995e-01,6.948350418e-01,8.926416385e-01,6.120371364e-01,1.768986159e-01,
1.642668560e-03,-3.164987313e-03,-3.600812234e-03,-6.102813095e-02,-2.580114054e-01,-5.921240845e-01,-7.515133550e-01,-4.954162932e-01,-1.328289217e-01,
1.589582446e-01
l,0.5,0.5
0.151,0.331,0.531,
5.085732648e-01,2.371428201e+00
1.910985075e-02,5.669384602e-02,1.200055804e+00,5.782693140e+01,1.186350911e+03,1.303461319e+04,7.823627567e+04,2.418852967e+05,3.018897801e+05,
2.350455305e-02,3.010025456e-03,-9.423900973e-01,-4.656945146e+01,-1.045984399e+03,-1.198076222e+04,-7.361996665e+04,-2.312433515e+05,-2.918588323e+05,
1.591437457e-01
l,1.5,-1.5
0.311,1.311,2.311,
2.292768351e-02,3.251016442e+00
2.524045063e-03,-2.746697419e-03,1.704995330e-03,1.805788000e-02,4.936961092e-02,9.901579762e-02,1.027097822e-01,5.571766092e-02,1.425062516e-02,
4.834071519e-04,-9.646683676e-04,-6.819768183e-04,-1.356604129e-02,-5.148023820e-02,-1.091340023e-01,-1.290573222e-01,-7.972096863e-02,-2.012550585e-02,
1.588789990e-01
l,1.5,-0.5
0.351,1.191,2.051,
9.648288800e-02,4.273333867e+00
6.369595882e-03,-7.018725570e-03,-2.426089620e-02,-2.112050068e-01,-1.091264168e+00,-2.793089420e+00,-4.084603625e+00,-3.196907264e+00,-1.018599735e+00,
1.581104422e-03,-3.054884867e-03,-3.576505187e-03,-6.318859446e-02,-2.842790907e-01,-7.014935523e-01,-9.646539321e-01,-6.936415845e-01,-2.037089872e-01,
1.590203620e-01
l,1.5,0.5
0.351,1.331,2.331,
6.320721509e-02,3.243350960e+00
9.188191965e-03,-9.955458093e-03,6.794922112e-03,6.234324202e-02,1.619901482e-01,3.002939148e-01,2.758737117e-01,1.422963305e-01,4.290611344e-02,
1.784720788e-03,-3.552945967e-03,-2.673126448e-03,-5.113366836e-02,-1.945553354e-01,-4.125259152e-01,-4.882807084e-01,-3.019771072e-01,-7.627699654e-02,
1.588790416e-01
l,1.5,1.5
0.331,0.551,0.811,
1.288101890e+00,4.709488402e+00
3.028666042e-02,1.220710634e-01,5.321682587e+00,2.221266254e+02,4.143423218e+03,3.977743180e+04,2.038192587e+05,5.307406728e+05,5.529627119e+05,
3.574411846e-02,-1.876721112e-02,-3.705222954e+00,-1.757948251e+02,-3.419304229e+03,-3.214830786e+04,-1.566808959e+05,-3.825049505e+05,-3.707238985e+05,
1.591436778e-01
l,2.5,-2.5
0.511,1.531,2.551,
6.829349177e-03,5.300574241e+00
8.888235898e-04,-1.100969445e-03,6.873524280e-04,4.776565958e-03,8.959823395e-03,1.190205160e-02,-9.548217485e-04,-1.086032871e-02,-4.626713417e-03,
1.517168472e-04,-3.092841469e-04,-1.833479519e-04,-4.104823900e-03,-1.525422394e-02,-3.188374299e-02,-3.706974987e-02,-2.251514965e-02,-5.590802725e-03,
1.588479187e-01
l,2.5,-1.5
0.611,1.451,2.331,
5.261938118e-03,4.830577847e+00
2.072704956e-03,-1.677195719e-03,1.632883541e-02,1.476481483e-01,6.000564533e-01,1.436632294e+00,1.913523378e+00,1.314414481e+00,3.659712179e-01,
4.647074040e-04,-9.291477161e-04,-1.074527216e-03,-1.993829850e-02,-9.152851344e-02,-2.331365630e-01,-3.328858516e-01,-2.504759304e-01,-7.752081550e-02,
1.589582433e-01
l,2.5,-0.5
0.611,1.631,2.651,
1.005095687e-02,5.497217214e+00
2.851652913e-03,-3.679942420e-03,2.389702636e-03,1.356124991e-02,1.630358400e-02,-4.597208572e-03,-9.183186699e-02,-1.222932305e-01,-4.592828043e-02,
4.762079788e-04,-9.769446085e-04,-5.794691349e-04,-1.299049815e-02,-4.818369210e-02,-1.006386238e-01,-1.169273898e-01,-7.104212241e-02,-1.765633430e-02,
1.587857616e-01
l,2.5,0.5
0.611,1.471,2.351,
1.482728871e-02,4.964557321e+00
7.497413084e-03,-7.072573825e-03,2.633371829e-02,2.777897770e-01,1.095331733e+00,2.687854266e+00,3.623535541e+00,2.448610675e+00,6.556370191e-01,
1.715841002e-03,-3.423034941e-03,-4.547150360e-03,-8.275263493e-02,-3.981135342e-01,-1.052121044e+00,-1.539400801e+00,-1.167636400e+00,-3.583484786e-01,
1.589582859e-01
l,2.5,1.5
0.571,1.591,2.631,
4.243451506e-02,5.171931172e+00
1.132007968e-02,-1.373700210e-02,8.160411801e-03,4.537984334e-02,1.249999859e-02,-1.835710145e-01,-5.887944132e-01,-6.142072228e-01,-2.065325840e-01,
1.906742741e-03,-3.890315585e-03,-2.594735125e-03,-5.312990346e-02,-1.952272944e-01,-4.012138283e-01,-4.583402843e-01,-2.733809325e-01,-6.659778559e-02,
1.587857157e-01
l,2.5,2.5
0.551,0.831,1.151,
3.673694432e-01,6.208333613e+00
4.377514869e-02,1.153088829e-01,2.054099422e+00,5.771202646e+01,7.107821559e+02,4.850883584e+03,1.875819778e+04,3.826661046e+04,3.194851028e+04,
4.535159961e-02,-4.356764567e-02,-1.568242292e+00,-4.373905002e+01,-5.622240984e+02,-3.817736802e+03,-1.427933910e+04,-2.776347065e+04,-2.192023717e+04,
1.591437337e-01
l,3.5,-3.5
0.731,1.731,2.751,
9.368183833e-04,8.183681998e+00
3.169305855e-04,-4.218815454e-04,2.786232475e-04,1.697325630e-03,2.873937136e-03,3.303779802e-03,-3.109643878e-03,-7.345325822e-03,-3.053838572e-03,
5.122474886e-05,-1.059166861e-04,-6.369888074e-05,-1.425277919e-03,-5.277575096e-03,-1.102952657e-02,-1.280332435e-02,-7.773564853e-03,-1.932476771e-03,
1.587854967e-01
l,3.5,-2.5
0.851,1.691,2.571,
4.767708945e-04,6.562964856e+00
6.849602796e-04,-4.271122117e-04,9.105321298e-03,7.940250836e-02,3.278581761e-01,7.853810297e-01,1.054515824e+00,7.363527416e-01,2.090759247e-01,
1.457521642e-04,-2.975755279e-04,-3.349350113e-04,-6.555064318e-03,-3.087919152e-02,-8.125839355e-02,-1.200947763e-01,-9.370516794e-02,-3.007894732e-02,
1.589581880e-01
l,3.5,-1.5
0.871,1.871,2.891,
6.862659720e-04,8.340656036e+00
9.444592870e-04,-1.309185235e-03,9.510154880e-04,6.431669875e-03,1.619162076e-02,3.368346370e-02,2.017212179e-02,-9.483692138e-03,-8.720088491e-03,
1.476055661e-04,-3.077268919e-04,-1.758280668e-04,-4.104765362e-03,-1.516337862e-02,-3.171097633e-02,-3.681722160e-02,-2.237604978e-02,-5.572552902e-03,
1.587236801e-01
l,3.5,-0.5
0.931,1.791,2.671,
7.824700901e-04,6.416760350e+00
2.159465104e-03,-2.024881807e-03,1.330251493e-02,1.254517778e-01,5.060563426e-01,1.234685054e+00,1.679091116e+00,1.166988036e+00,3.251280249e-01,
4.574582642e-04,-9.398311815e-04,-1.327896350e-03,-2.571343298e-02,-1.318734494e-01,-3.696346610e-01,-5.677565994e-01,-4.479551591e-01,-1.418208541e-01,
1.589272587e-01
l,3.5,0.5
0.891,1.931,2.971,
1.715609119e-03,8.053848495e+00
3.201192012e-03,-4.437082863e-03,3.245432364e-03,2.276821197e-02,6.448957697e-02,1.464440723e-01,1.251158535e-01,1.749012795e-02,-1.286407160e-02,
4.811174383e-04,-1.006693457e-03,-5.468189810e-04,-1.307056441e-02,-4.751653129e-02,-9.777201475e-02,-1.114958112e-01,-6.648909322e-02,-1.623767500e-02,
1.586927825e-01
l,3.5,1.5
0.891,1.771,2.671,
3.483139629e-03,6.742554886e+00
8.410371840e-03,-9.792680334e-03,-2.987934590e-04,6.895408172e-02,2.182753270e-01,7.079769450e-01,1.132839566e+00,7.897122528e-01,1.978605611e-01,
1.758639033e-03,-3.599951958e-03,-3.136273943e-03,-6.137007746e-02,-2.457733661e-01,-5.434369609e-01,-6.685300315e-01,-4.310356181e-01,-1.145442536e-01,
1.589272128e-01
l,3.5,2.5
0.831,1.871,2.931,
1.162839224e-02,7.085604631e+00
1.324724033e-02,-1.753216349e-02,1.073764790e-02,5.362243654e-02,3.573434962e-02,-1.128883264e-01,-5.458936666e-01,-6.484621213e-01,-2.348414477e-01,
2.010206391e-03,-4.180795432e-03,-2.264300417e-03,-5.307194032e-02,-1.908257107e-01,-3.861900765e-01,-4.329977755e-01,-2.534953113e-01,-6.067325196e-02,
1.586618320e-01
l,3.5,3.5
0.791,1.111,1.471,
6.990668811e-02,7.615045732e+00
5.648655072e-02,1.291200991e-01,2.388168204e+00,6.287961553e+01,7.150362483e+02,4.426290381e+03,1.531511568e+04,2.771001578e+04,2.040473416e+04,
5.357645075e-02,-6.403433987e-02,-1.824031151e+00,-4.878285494e+01,-5.817990149e+02,-3.603358731e+03,-1.213888814e+04,-2.107812273e+04,-1.478099477e+04,
1.591437156e-01
l,4.5,-4.5
0.971,1.951,2.931,
3.876539248e-05,1.154574451e+01
1.080965012e-04,-1.536667404e-04,1.193389370e-04,6.259160726e-04,1.122583826e-03,1.416756391e-03,-1.176814749e-03,-3.071469686e-03,-1.334503848e-03,
1.793199239e-05,-3.748146666e-05,-2.514444211e-05,-5.430672237e-04,-2.070358529e-03,-4.469180609e-03,-5.374485732e-03,-3.391110039e-03,-8.776399532e-04,
1.586923296e-01
l,4.5,-3.5
1.071,1.911,2.771,
1.585215829e-05,1.516275121e+01
2.286795061e-04,-4.453587490e-04,-3.375515214e-03,-2.649444698e-02,-1.159499585e-01,-2.740874500e-01,-3.706490543e-01,-2.699752951e-01,-8.164098484e-02,
4.920172555e-05,-1.018634624e-04,-5.824161355e-05,-1.067250439e-03,-1.566629812e-03,5.191538932e-03,2.154023448e-02,2.693229621e-02,1.140085845e-02,
1.589580340e-01
l,4.5,-2.5
1.131,2.111,3.111,
1.486828270e-05,1.214182891e+01
3.081886971e-04,-4.498455066e-04,3.483451759e-04,2.633730823e-03,8.201803306e-03,2.125027094e-02,2.339115188e-02,9.230601936e-03,4.671893720e-04,
4.737756980e-05,-9.995727940e-05,-5.537404953e-05,-1.349244126e-03,-5.039041337e-03,-1.072241557e-02,-1.267009317e-02,-7.852071197e-03,-1.998368490e-03,
1.586925851e-01
l,4.5,-1.5
1.191,2.051,2.931,
2.264108246e-05,1.005047107e+01
6.643924862e-04,-8.704185501e-04,-1.090906843e-03,-2.816272966e-03,-1.740276037e-02,-1.915640527e-02,2.229204563e-03,9.859021325e-03,2.572956171e-03,
1.359833464e-04,-2.841487571e-04,-1.752048627e-04,-3.700660010e-03,-1.152516515e-02,-1.762865891e-02,-1.121677342e-02,-1.725218120e-04,1.777173309e-03,
1.589582433e-01
l,4.5,-0.5
1.211,2.211,3.211,
3.282954159e-05,1.008096480e+01
9.684590041e-04,-1.412672773e-03,1.151831850e-03,9.436737258e-03,3.244022595e-02,8.842490688e-02,1.104568956e-01,5.907152479e-02,1.072925526e-02,
1.478110421e-04,-3.132618860e-04,-1.919693081e-04,-4.404622446e-03,-1.647205333e-02,-3.504197156e-02,-4.140525696e-02,-2.566119391e-02,-6.531122237e-03,
1.586617554e-01
l,4.5,0.5
1.211,2.111,3.011,
8.813578753e-05,8.073080064e+00
2.251130063e-03,-2.613080981e-03,2.909286847e-03,4.425856990e-02,1.638770519e-01,4.477392346e-01,6.777072890e-01,4.991577742e-01,1.420978533e-01,
4.431007079e-04,-9.292300783e-04,-1.030050804e-03,-2.066041462e-02,-9.428435105e-02,-2.340363477e-01,-3.185501625e-01,-2.245255369e-01,-6.432729234e-02,
1.589272455e-01
l,4.5,1.5
1.191,2.231,3.271,
1.613097275e-04,9.085856433e+00
3.507550107e-03,-5.035561041e-03,3.905719562e-03,3.180166453e-02,1.090072443e-01,2.911313579e-01,3.555958901e-01,1.869258335e-01,3.384213678e-02,
5.012878208e-04,-1.064438936e-03,-6.216239260e-04,-1.438436154e-02,-5.221218723e-02,-1.075844630e-01,-1.226865221e-01,-7.319199184e-02,-1.790118615e-02,
1.586005110e-01
l,4.5,2.5
1.151,2.051,2.971,
5.838854914e-04,7.312720793e+00
9.426646866e-03,-1.030309827e-02,9.455029823e-03,1.708494320e-01,6.276158116e-01,1.717156312e+00,2.611923160e+00,1.928756376e+00,5.492732988e-01,
1.852418989e-03,-3.862938088e-03,-4.103057015e-03,-8.130360590e-02,-3.613465864e-01,-8.734699010e-01,-1.158421608e+00,-7.954774295e-01,-2.220852758e-01,
1.589092575e-01
l,4.5,3.5
1.071,2.131,3.211,
1.728254523e-03,9.254631269e+00
1.560655981e-02,-2.136532416e-02,1.394825539e-02,9.467680925e-02,2.294861346e-01,4.669404384e-01,2.762870987e-01,-1.158768088e-01,-1.059747099e-01,
2.187765602e-03,-4.615304836e-03,-2.417064281e-03,-5.775088228e-02,-2.040700752e-01,-4.069058684e-01,-4.479099324e-01,-2.573259899e-01,-6.049598026e-02,
1.585587556e-01
l,4.5,4.5
1.031,1.391,1.791,
1.021617112e-02,8.981602272e+00
6.852518022e-02,1.390712922e-01,2.501972230e+00,6.312137932e+01,6.717974833e+02,3.820631019e+03,1.198645169e+04,1.950029066e+04,1.284365178e+04,
6.018442790e-02,-8.183351892e-02,-1.929848810e+00,-4.986389099e+01,-5.582696436e+02,-3.189191914e+03,-9.788245440e+03,-1.536228821e+04,-9.688488588e+03,
1.591437329e-01
l,5.5,-5.5
1.211,2.171,3.151,
4.179241270e-07,1.618542986e+01
3.635566827e-05,-5.408100504e-05,4.706729473e-05,2.800597958e-04,7.755388205e-04,1.590580555e-03,1.111242562e-03,-4.474456816e-05,-1.938611616e-04,
5.749035335e-06,-1.215396432e-05,-7.476036517e-06,-1.732477927e-04,-6.576425477e-04,-1.421776972e-03,-1.710152835e-03,-1.079273393e-03,-2.794995256e-04,
1.586619768e-01
l,5.5,-4.5
1.351,2.151,2.991,
4.664457586e-07,1.227673805e+01
7.332055975e-05,-4.623278233e-05,1.236367119e-03,1.193947841e-02,5.445877781e-02,1.409268845e-01,2.026886416e-01,1.511458545e-01,4.569739960e-02,
1.583850087e-05,-3.321425119e-05,-6.530421912e-05,-1.330609392e-03,-7.862009015e-03,-2.473965816e-02,-4.196541601e-02,-3.612946653e-02,-1.236198034e-02,
1.589267919e-01
l,5.5,-3.5
1.411,2.351,3.311,
1.361268290e-07,1.499942387e+01
9.877636330e-05,-1.482490510e-04,1.375193080e-04,1.097945703e-03,3.817383921e-03,1.032819012e-02,1.287063998e-02,6.857261090e-03,1.219386509e-03,
1.579009693e-05,-3.362309307e-05,-2.953026509e-05,-6.115307800e-04,-2.503331410e-03,-5.678273888e-03,-7.079271566e-03,-4.593086146e-03,-1.215628492e-03,
1.586924168e-01
l,5.5,-2.5
1.471,2.311,3.151,
3.426653422e-07,1.229782761e+01
2.026534930e-04,-2.251025672e-04,6.900606183e-04,7.779581244e-03,3.162389819e-02,8.418070302e-02,1.260187771e-01,9.529712216e-02,2.857742925e-02,
4.361260384e-05,-9.219285105e-05,-1.518650515e-04,-2.983213661e-03,-1.556781410e-02,-4.314444138e-02,-6.499528235e-02,-5.042934376e-02,-1.581701789e-02,
1.589580882e-01
l,5.5,-1.5
1.511,2.471,3.451,
3.540954890e-07,1.275510153e+01
2.970120986e-04,-4.427952473e-04,3.409095844e-04,3.265857892e-03,1.184870861e-02,3.539707957e-02,5.044666914e-02,3.237869211e-02,7.711720144e-03,
4.515147447e-05,-9.669204418e-05,-5.155567338e-05,-1.330721956e-03,-5.028501200e-03,-1.089189559e-02,-1.311268792e-02,-8.293999147e-03,-2.159928925e-03,
1.586926384e-01
l,5.5,-0.5
1.531,2.391,3.271,
1.092479513e-06,1.107015855e+01
6.501505850e-04,-7.679538239e-04,7.024251635e-05,7.916875382e-03,2.593059168e-02,8.227505836e-02,1.460888687e-01,1.208691123e-01,3.765178273e-02,
1.303562016e-04,-2.770262868e-04,-1.865539642e-04,-4.363774977e-03,-1.808327824e-02,-4.261203490e-02,-5.622664992e-02,-3.893635591e-02,-1.111416373e-02,
1.589272069e-01
l,5.5,0.5
1.531,2.531,3.551,
1.981070286e-06,1.106360111e+01
9.986106306e-04,-1.475856583e-03,1.039175468e-03,1.053766654e-02,3.854917067e-02,1.161920437e-01,1.677098308e-01,1.095495287e-01,2.672708599e-02,
1.404382495e-04,-3.018380655e-04,-1.393823234e-04,-3.891071914e-03,-1.422886335e-02,-2.984446271e-02,-3.465452117e-02,-2.109979895e-02,-5.285889784e-03,
1.586626465e-01
l,5.5,1.5
1.511,2.411,3.331,
9.297385732e-06,9.184810437e+00
2.366919070e-03,-2.715316853e-03,2.521409205e-04,2.853408555e-02,8.896289870e-02,2.655231196e-01,4.579751388e-01,3.713016181e-01,1.134214644e-01,
4.421531909e-04,-9.414476846e-04,-7.117875964e-04,-1.560620814e-02,-6.382914813e-02,-1.467446439e-01,-1.874232802e-01,-1.250111821e-01,-3.424119397e-02,
1.589270696e-01
l,5.5,2.5
1.471,2.531,3.591,
1.692972640e-05,9.972176260e+00
3.770699026e-03,-5.520774782e-03,3.964786039e-03,3.619271199e-02,1.306464663e-01,3.726908928e-01,5.022182449e-01,3.049912118e-01,6.890069950e-02,
4.962003136e-04,-1.067268288e-03,-5.319632481e-04,-1.377777236e-02,-4.904044313e-02,-9.972272132e-02,-1.118629256e-01,-6.558660305e-02,-1.577691773e-02,
1.585371197e-01
l,5.5,3.5
1.431,2.331,3.251,
1.003949670e-04,8.145186912e+00
1.038390957e-02,-1.141753899e-02,1.911253301e-03,1.306016407e-01,4.301947935e-01,1.263594809e+00,2.112078073e+00,1.671172691e+00,5.009012016e-01,
2.014061973e-03,-4.258520229e-03,-3.419358254e-03,-7.195980801e-02,-2.969627919e-01,-6.844882723e-01,-8.766473666e-01,-5.860213063e-01,-1.606138942e-01,
1.588369827e-01
l,5.5,4.5
1.331,2.411,3.511,
1.917780231e-04,1.037798445e+01
1.759604923e-02,-2.496858913e-02,1.690169018e-02,1.276779006e-01,3.929492654e-01,9.798346130e-01,1.054019349e+00,4.358179754e-01,4.306160713e-02,
2.265225183e-03,-4.840244234e-03,-2.427594476e-03,-5.986310160e-02,-2.079567495e-01,-4.092645951e-01,-4.430257199e-01,-2.500848337e-01,-5.779400939e-02,
1.585345470e-01
l,5.5,5.5
1.271,1.671,2.111,
1.432549899e-03,9.615615476e+00
7.996927947e-02,1.355348428e-01,1.301278897e+00,2.912047476e+01,2.523389037e+02,1.202938662e+03,3.282002675e+03,4.763093644e+03,2.842878097e+03,
6.533309018e-02,-9.701402435e-02,-1.135213124e+00,-2.248215648e+01,-2.041505700e+02,-9.879448713e+02,-2.660912095e+03,-3.747960995e+03,-2.151476017e+03,
1.591437597e-01
l,6.5,-6.5
1.451,2.391,3.351,
3.770077657e-10,2.395636358e+01
1.206452998e-05,-1.859408575e-05,1.803410344e-05,1.050512585e-04,2.986723302e-04,6.379270017e-04,4.964411099e-04,3.886506713e-05,-6.184302902e-05,
1.914469325e-06,-4.083654957e-06,-3.632589578e-06,-7.447306312e-05,-3.046790001e-04,-6.910128289e-04,-8.613048820e-04,-5.585875872e-04,-1.476629537e-04,
1.586617211e-01
l,6.5,-5.5
1.591,2.391,3.211,
5.781724354e-10,1.967168998e+01
2.328921983e-05,-3.220617760e-05,-7.445942765e-06,7.356045703e-05,-4.518368461e-05,2.194017250e-04,3.739156583e-04,-1.899064634e-04,-2.903340257e-04,
5.072678253e-06,-1.075418695e-05,-1.341994869e-05,-2.520290189e-04,-1.083092661e-03,-2.491989976e-03,-3.137575238e-03,-2.052822180e-03,-5.509610718e-04,
1.589575428e-01
l,6.5,-4.5
1.671,2.591,3.531,
9.458596524e-11,2.176827427e+01
3.128028038e-05,-4.794776696e-05,4.297451638e-05,3.540384053e-04,1.225861777e-03,3.432965315e-03,4.479549159e-03,2.547680370e-03,5.067971950e-04,
5.022700149e-06,-1.079000271e-05,-8.812489770e-06,-1.944816843e-04,-8.054791769e-04,-1.859654389e-03,-2.363454263e-03,-1.565329298e-03,-4.235251602e-04,
1.586921855e-01
l,6.5,-3.5
1.751,2.551,3.371,
3.498337246e-10,1.864994505e+01
6.283289986e-05,-7.715169357e-05,5.497249656e-06,7.711550103e-04,2.618729213e-03,8.656599734e-03,1.546996249e-02,1.275052672e-02,3.942236419e-03,
1.391725595e-05,-2.971005840e-05,-2.742799718e-05,-5.714864033e-04,-2.547892728e-03,-6.392563853e-03,-8.969352753e-03,-6.595116753e-03,-1.993245283e-03,
1.589579196e-01
l,6.5,-2.5
1.811,2.731,3.651,
1.054251932e-09,1.670244461e+01
8.965268353e-05,-1.346132752e-04,1.168638006e-04,1.172385608e-03,4.369280756e-03,1.307292716e-02,1.921166677e-02,1.296089432e-02,3.291062226e-03,
1.495556434e-05,-3.226685128e-05,-2.635774481e-05,-5.895519140e-04,-2.477729130e-03,-5.815700334e-03,-7.532067357e-03,-5.090407699e-03,-1.407409370e-03,
1.586614802e-01
l,6.5,-1.5
1.831,2.651,3.491,
3.079514810e-09,1.531958368e+01
1.918259950e-04,-2.095125405e-04,1.600337054e-04,4.335934988e-03,1.682328271e-02,4.820192109e-02,8.028630393e-02,6.648657339e-02,2.144076122e-02,
4.151137583e-05,-8.903535733e-05,-1.194976209e-04,-2.141553453e-03,-9.699060316e-03,-2.438740296e-02,-3.421202837e-02,-2.513749375e-02,-7.579991586e-03,
1.589581416e-01
l,6.5,-0.5
1.851,2.811,3.771,
6.938199761e-09,1.470636518e+01
2.887356968e-04,-4.245603350e-04,3.067775588e-04,3.579788735e-03,1.290969593e-02,3.967427896e-02,6.103504805e-02,4.319354253e-02,1.152507716e-02,
4.449078357e-05,-9.637204984e-05,-7.498503763e-05,-1.690103330e-03,-6.881818813e-03,-1.561308722e-02,-1.945275697e-02,-1.261466535e-02,-3.344044065e-03,
1.586617037e-01
l,6.5,0.5
1.851,2.711,3.591,
5.301418488e-08,1.237620829e+01
6.445439067e-04,-6.940233135e-04,1.987134994e-04,1.043634793e-02,3.360777898e-02,9.332149713e-02,1.599554254e-01,1.345009917e-01,4.330949505e-02,
1.290757847e-04,-2.778293340e-04,-3.196794654e-04,-6.020438345e-03,-2.630038666e-02,-6.371901628e-02,-8.573164927e-02,-6.022036317e-02,-1.733711593e-02,
1.589272279e-01
l,6.5,1.5
1.851,2.831,3.831,
2.219593300e-07,1.124802910e+01
1.043536002e-03,-1.498774286e-03,8.844078478e-04,1.171997551e-02,4.079461332e-02,1.278253631e-01,2.015202220e-01,1.455178634e-01,3.952214267e-02,
1.505511019e-04,-3.266724366e-04,-1.752059757e-04,-4.502290171e-03,-1.673164655e-02,-3.565268479e-02,-4.213522219e-02,-2.613715907e-02,-6.683746855e-03,
1.586004404e-01
l,6.5,2.5
1.811,2.731,3.671,
1.062661495e-06,1.006831265e+01
2.402168000e-03,-2.759612538e-03,4.783210441e-04,3.093039668e-02,9.142502055e-02,2.525517375e-01,4.239179822e-01,3.409595810e-01,1.038027191e-01,
4.186756251e-04,-9.032193484e-04,-8.090734124e-04,-1.684740828e-02,-6.980629998e-02,-1.604946963e-01,-2.033569547e-01,-1.339683501e-01,-3.611730477e-02,
1.589255554e-01
l,6.5,3.5
1.771,2.831,3.911,
2.233964604e-06,1.050773069e+01
3.989756107e-03,-5.899535044e-03,3.734441582e-03,3.664498396e-02,1.306455278e-01,3.865406535e-01,5.428549530e-01,3.443043238e-01,8.163244344e-02,
4.872027389e-04,-1.059117609e-03,-3.941102209e-04,-1.274189999e-02,-4.444634795e-02,-8.925218525e-02,-9.856850214e-02,-5.684889216e-02,-1.346236026e-02,
1.584551697e-01
l,6.5,4.5
1.711,2.631,3.551,
1.893971191e-05,8.730822344e+00
1.104556955e-02,-1.238567045e-02,4.795336743e-03,1.561267863e-01,5.055223205e-01,1.402547321e+00,2.270269794e+00,1.769432653e+00,5.258140551e-01,
2.083540935e-03,-4.460616905e-03,-4.689483590e-03,-8.909126835e-02,-3.765670298e-01,-8.796308674e-01,-1.136636977e+00,-7.650206074e-01,-2.106001577e-01,
1.588437497e-01
l,6.5,5.5
1.591,2.691,3.791,
2.410184773e-05,1.106245325e+01
1.955390908e-02,-2.831486696e-02,2.001597061e-02,1.619258590e-01,5.466021246e-01,1.447903431e+00,1.767079419e+00,9.465056402e-01,1.820645170e-01,
2.429987585e-03,-5.243563064e-03,-2.894410256e-03,-6.767629770e-02,-2.350103565e-01,-4.630077798e-01,-5.013345501e-01,-2.830915836e-01,-6.546945003e-02,
1.584442192e-01
l,6.5,6.5
1.531,1.971,2.431,
1.918467403e-04,1.052933499e+01
9.270983934e-02,1.216519289e-01,1.180782433e+00,2.638464861e+01,2.141836873e+02,9.483215742e+02,2.386632707e+03,3.176791406e+03,1.731862574e+03,
6.917692137e-02,-1.096699626e-01,-1.081414379e+00,-2.127566226e+01,-1.873954139e+02,-8.749926537e+02,-2.264641370e+03,-3.056035254e+03,-1.677453769e+03,
1.591437296e-01
l,7.5,-7.5
1.711,2.611,3.531,
0.000000000e+00,0.000000000e+00
3.948514859e-06,-6.203683971e-06,5.935227763e-06,3.241221775e-05,8.560588865e-05,1.770651415e-04,1.050731302e-04,-4.189717586e-05,-3.975120513e-05,
6.627684583e-07,-1.423803177e-06,-1.265287255e-06,-2.677483683e-05,-1.127547500e-04,-2.644395907e-04,-3.423356463e-04,-2.312242582e-04,-6.376174491e-05,
1.585684692e-01
l,7.5,-6.5
1.851,2.611,3.391,
1.176063692e-12,2.308363783e+01
7.510569048e-06,-8.761447340e-06,3.769692643e-05,4.270386357e-04,1.988458962e-03,5.639839213e-03,8.806446812e-03,7.012778339e-03,2.245238469e-03,
1.760704682e-06,-3.761866913e-06,-8.910597085e-06,-1.764506690e-04,-1.034793095e-03,-3.148944168e-03,-5.148984445e-03,-4.305169657e-03,-1.447341559e-03,
1.589263009e-01
l,7.5,-5.5
1.951,2.831,3.711,
0.000000000e+00,0.000000000e+00
9.779087122e-06,-1.527045128e-05,1.462561508e-05,1.153558716e-04,3.786797610e-04,1.042432657e-03,1.315975099e-03,6.847901397e-04,1.063368485e-04,
1.735308337e-06,-3.751734567e-06,-3.220228911e-06,-7.185630978e-05,-3.123935536e-04,-7.611396124e-04,-1.027533193e-03,-7.258466383e-04,-2.099741656e-04,
1.586919536e-01
l,7.5,-4.5
2.031,2.811,3.591,
3.072786801e-13,2.300059505e+01
1.889777013e-05,-2.300086298e-05,3.117297068e-05,5.171872619e-04,2.179697805e-03,6.477195139e-03,1.075074286e-02,8.885116767e-03,2.891893521e-03,
4.422902714e-06,-9.522431412e-06,-2.021344449e-05,-3.477518250e-04,-1.776199559e-03,-4.919432381e-03,-7.521152410e-03,-5.982782039e-03,-1.939217073e-03,
1.589886798e-01
l,7.5,-3.5
2.091,2.971,3.871,
1.154746014e-13,2.402643099e+01
2.765775025e-05,-4.076919639e-05,3.075182085e-05,3.671296822e-04,1.283276722e-03,3.932851830e-03,6.099787100e-03,4.349688049e-03,1.166040733e-03,
4.732393466e-06,-1.028408362e-05,-8.338478518e-06,-1.914712598e-04,-8.171976381e-04,-1.953763053e-03,-2.582062744e-03,-1.782537036e-03,-5.041982389e-04,
1.587541782e-01
l,7.5,-2.5
2.151,2.971,3.791,
4.353361755e-12,1.925395747e+01
5.229932867e-05,-6.617616687e-05,5.510435410e-05,1.083333365e-03,4.263523033e-03,1.268335481e-02,2.096940389e-02,1.692020997e-02,5.295473498e-03,
1.106934968e-05,-2.399445163e-05,-3.376180644e-05,-6.664701861e-04,-3.267725650e-03,-8.698954651e-03,-1.271577047e-02,-9.637764212e-03,-2.973029481e-03,
1.589579172e-01
l,7.5,-1.5
2.171,3.071,3.991,
4.566005626e-12,1.953271127e+01
8.497659292e-05,-1.213060911e-04,7.430909096e-05,1.142515247e-03,4.082509065e-03,1.289765906e-02,2.112561456e-02,1.606589545e-02,4.623816727e-03,
1.405051650e-05,-3.064217322e-05,-2.202280058e-05,-5.373119488e-04,-2.249612508e-03,-5.276941787e-03,-6.826373609e-03,-4.605842661e-03,-1.273334183e-03,
1.587235316e-01
l,7.5,-0.5
2.191,3.031,3.891,
7.434858816e-11,1.652649600e+01
1.720855071e-04,-2.002577563e-04,5.930521502e-05,2.754925842e-03,9.146595610e-03,2.698667121e-02,4.774528289e-02,4.096788947e-02,1.343866457e-02,
3.435393362e-05,-7.469701991e-05,-7.035805023e-05,-1.498275997e-03,-6.619068594e-03,-1.634011736e-02,-2.244074378e-02,-1.611557719e-02,-4.751970187e-03,
1.589581957e-01
l,7.5,0.5
2.191,3.131,4.091,
2.779074343e-10,1.560006113e+01
2.852444886e-04,-4.023625737e-04,2.027276696e-04,3.448170732e-03,1.149005062e-02,3.628552191e-02,6.012053559e-02,4.593313139e-02,1.320471346e-02,
4.353250896e-05,-9.520007053e-05,-6.500604516e-05,-1.602773834e-03,-6.503930462e-03,-1.475683212e-02,-1.837933764e-02,-1.190972291e-02,-3.159167942e-03,
1.586617237e-01
l,7.5,1.5
2.171,3.051,3.951,
2.190488378e-09,1.387169953e+01
6.196519826e-04,-6.840111929e-04,1.829314323e-05,8.401826577e-03,2.380123074e-02,6.522432054e-02,1.159235439e-01,9.967221423e-02,3.236071648e-02,
1.162077985e-04,-2.530918241e-04,-2.163932511e-04,-4.737336206e-03,-2.020898196e-02,-4.805467605e-02,-6.329518197e-02,-4.345813585e-02,-1.223672153e-02,
1.589097898e-01
l,7.5,2.5
2.151,3.131,4.131,
2.684093537e-08,1.170446347e+01
1.077344990e-03,-1.503001128e-03,5.577649519e-04,1.095023628e-02,3.244083787e-02,1.061594548e-01,1.827044224e-01,1.420502958e-01,4.106643130e-02,
1.537139988e-04,-3.364542003e-04,-1.604293193e-04,-4.494704547e-03,-1.664032665e-02,-3.546053541e-02,-4.188757067e-02,-2.597476228e-02,-6.654498811e-03,
1.585980723e-01
l,7.5,3.5
2.111,3.071,4.031,
9.705864055e-08,1.125470491e+01
2.355904086e-03,-2.906652883e-03,4.417086630e-04,2.604901285e-02,7.025451571e-02,1.936145884e-01,3.227036455e-01,2.530466121e-01,7.441022363e-02,
3.762885207e-04,-8.210501318e-04,-5.855408197e-04,-1.398656235e-02,-5.674625574e-02,-1.284390638e-01,-1.596300719e-01,-1.030145250e-01,-2.721160068e-02,
1.589364588e-01
l,7.5,4.5
2.051,3.111,4.171,
3.777862453e-07,1.083910760e+01
4.296831787e-03,-6.228734654e-03,3.406591208e-03,3.991308465e-02,1.365119566e-01,4.154712720e-01,6.159075784e-01,4.138305472e-01,1.041140414e-01,
5.418398457e-04,-1.186482793e-03,-4.019560874e-04,-1.423966488e-02,-5.029455949e-02,-1.024669109e-01,-1.150527906e-01,-6.754705333e-02,-1.631274653e-02,
1.583448406e-01
l,7.5,5.5
1.991,2.911,3.871,
1.741822537e-06,1.038394627e+01
1.190856006e-02,-1.301351223e-02,9.910712168e-04,1.447769853e-01,4.036750037e-01,1.072542658e+00,1.795484099e+00,1.443919607e+00,4.378740827e-01,
2.049304222e-03,-4.436826403e-03,-4.023211387e-03,-8.155720864e-02,-3.331885460e-01,-7.524152841e-01,-9.352292277e-01,-6.036600481e-01,-1.592982495e-01,
1.588462471e-01
l,7.5,6.5
1.871,2.971,4.091,
3.830313031e-06,1.143168558e+01
2.146963030e-02,-3.163042260e-02,1.962131348e-02,1.675067772e-01,5.696647006e-01,1.597307686e+00,2.067234722e+00,1.187207135e+00,2.508019997e-01,
2.482031300e-03,-5.405169791e-03,-1.245759361e-03,-5.268615928e-02,-1.690749633e-01,-3.209051585e-01,-3.372185319e-01,-1.864264168e-01,-4.262802062e-02,
1.583519998e-01
l,7.5,7.5
1.791,2.251,2.731,
2.361351287e-05,1.149784664e+01
1.032252014e-01,1.323074418e-01,1.371319154e+00,2.918228893e+01,2.307716557e+02,9.897797649e+02,2.398378388e+03,3.062611998e+03,1.598545848e+03,
7.429015610e-02,-1.225561114e-01,-1.218348527e+00,-2.363925276e+01,-2.023452910e+02,-9.135342612e+02,-2.276395005e+03,-2.949037589e+03,-1.550995363e+03,
1.591437329e-01
l,8.5,-8.5
1.351,1.391,1.451,
0.000000000e+00,0.000000000e+00
1.607042032e-05,3.186622316e-04,5.788737494e-03,9.861678362e-02,0.000000000e+00,0.000000000e+00,0.000000000e+00,0.000000000e+00,0.000000000e+00,
2.187831532e-05,-3.811344452e-05,-7.336406784e-03,-1.937493982e-01,-1.815858449e+00,0.000000000e+00,0.000000000e+00,0.000000000e+00,0.000000000e+00,
1.591436685e-01
l,8.5,-7.5
2.111,2.851,3.611,
0.000000000e+00,0.000000000e+00
2.336264060e-06,-3.257453283e-06,-6.061828542e-07,9.723044063e-06,-3.856010836e-06,6.673034738e-06,-2.269518193e-05,-1.097585360e-04,-7.643211059e-05,
5.592312128e-07,-1.204886669e-06,-7.659815960e-07,-1.772825447e-05,-7.162764085e-05,-1.689556145e-04,-2.279944736e-04,-1.639556076e-04,-4.939838772e-05,
1.589259415e-01
l,8.5,-6.5
2.211,3.051,3.891,
0.000000000e+00,0.000000000e+00
3.123449915e-06,-4.778659025e-06,4.591687366e-06,4.395805990e-05,1.579867686e-04,4.511789235e-04,6.196738954e-04,3.781926613e-04,8.184759399e-05,
5.981234899e-07,-1.300601246e-06,-1.175403833e-06,-2.634832503e-05,-1.184836350e-04,-2.990802377e-04,-4.200494006e-04,-3.093293849e-04,-9.343981478e-05,
1.586915461e-01
l,8.5,-5.5
2.311,3.091,3.871,
0.000000000e+00,0.000000000e+00
5.468074960e-06,-7.364793556e-06,8.075185283e-06,1.226990893e-04,5.067604514e-04,1.541018339e-03,2.519034348e-03,2.000142730e-03,6.177125947e-04,
1.228793349e-06,-2.670338866e-06,-3.894471944e-06,-7.734687538e-05,-3.916942886e-04,-1.083252947e-03,-1.654220055e-03,-1.315193752e-03,-4.265266003e-04,
1.589574011e-01
l,8.5,-4.5
2.391,3.211,4.051,
0.000000000e+00,0.000000000e+00
8.440317288e-06,-1.219771527e-05,1.109788816e-05,1.515769085e-04,5.965168074e-04,1.826461608e-03,2.912779001e-03,2.200634916e-03,6.366875515e-04,
1.628360115e-06,-3.557342132e-06,-3.190757246e-06,-7.181192649e-05,-3.229213309e-04,-8.159856117e-04,-1.147906800e-03,-8.467503042e-04,-2.564998010e-04,
1.587849267e-01
l,8.5,-3.5
2.451,3.251,4.051,
0.000000000e+00,0.000000000e+00
1.492915999e-05,-1.972411523e-05,1.789607219e-05,3.117234577e-04,1.206224129e-03,3.633813430e-03,6.078301199e-03,4.950451347e-03,1.562642752e-03,
3.202368933e-06,-6.995928537e-06,-9.926187950e-06,-1.985765171e-04,-9.900022026e-04,-2.689855190e-03,-4.022549181e-03,-3.125081547e-03,-9.893488140e-04,
1.590198025e-01
l,8.5,-2.5
2.491,3.331,4.191,
1.739255268e-15,2.394849122e+01
2.484455035e-05,-3.439764567e-05,2.108683997e-05,3.848478720e-04,1.367292126e-03,4.271731314e-03,7.241402031e-03,5.808816172e-03,1.778626735e-03,
4.621984635e-06,-1.013532687e-05,-8.760803751e-06,-1.993670247e-04,-8.782633518e-04,-2.172055060e-03,-2.983358194e-03,-2.144825834e-03,-6.332330566e-04,
1.587853016e-01
l,8.5,-1.5
2.511,3.331,4.151,
5.204980588e-15,2.305829658e+01
4.697922850e-05,-5.622426705e-05,3.682802487e-05,9.695011216e-04,3.608880691e-03,1.046734468e-02,1.768094177e-02,1.474283543e-02,4.766785395e-03,
9.918617743e-06,-2.172705723e-05,-3.149871218e-05,-6.163139678e-04,-3.020836631e-03,-8.040650741e-03,-1.175440623e-02,-8.908172856e-03,-2.748613959e-03,
1.589579854e-01
l,8.5,-0.5
2.531,3.411,4.291,
1.252833416e-13,2.010530682e+01
7.967931742e-05,-1.079915395e-04,5.521620819e-05,1.164205376e-03,3.984227413e-03,1.238883220e-02,2.126723824e-02,1.724565993e-02,5.316304278e-03,
1.430397807e-05,-3.144555279e-05,-2.554105022e-05,-5.951502210e-04,-2.575934137e-03,-6.255606172e-03,-8.419659424e-03,-5.922915320e-03,-1.710152682e-03,
1.587235464e-01
l,8.5,0.5
2.531,3.391,4.251,
1.450458865e-12,1.810180511e+01
1.576247014e-04,-1.877499276e-04,3.873170273e-05,2.331680869e-03,7.193061253e-03,2.072366477e-02,3.676745844e-02,3.155671191e-02,1.030407237e-02,
3.071420801e-05,-6.745226580e-05,-5.656034408e-05,-1.295348168e-03,-5.701361885e-03,-1.407009582e-02,-1.930539900e-02,-1.384697814e-02,-4.080167199e-03,
1.589581611e-01
l,8.5,1.5
2.511,3.451,4.391,
5.706059536e-12,1.738226243e+01
2.789687132e-04,-3.764012371e-04,1.331966167e-04,3.326478530e-03,9.942853465e-03,3.038435756e-02,5.195128428e-02,4.116561626e-02,1.222997571e-02,
4.424209304e-05,-9.749108663e-05,-6.750874357e-05,-1.681503075e-03,-6.922539934e-03,-1.596087549e-02,-2.024581174e-02,-1.336826514e-02,-3.617187799e-03,
1.586613682e-01
l,8.5,2.5
2.491,3.371,4.271,
1.184375441e-10,1.496483128e+01
6.064265035e-04,-6.512068082e-04,-7.937576879e-05,7.886813837e-03,2.054300648e-02,5.339156197e-02,9.692355743e-02,8.576134653e-02,2.850553908e-02,
1.132992577e-04,-2.489107664e-04,-2.015653711e-04,-4.562319931e-03,-1.942881157e-02,-4.617045773e-02,-6.078640529e-02,-4.170822566e-02,-1.174080825e-02,
1.589074716e-01
l,8.5,3.5
2.471,3.431,4.431,
9.290462847e-10,1.369781258e+01
1.104213996e-03,-1.488556426e-03,2.264406580e-04,9.920023502e-03,2.073726129e-02,6.755068619e-02,1.305740205e-01,1.102644738e-01,3.378800003e-02,
1.561793048e-04,-3.444147695e-04,-1.861980659e-04,-4.790132149e-03,-1.771502685e-02,-3.771089594e-02,-4.448421569e-02,-2.754719283e-02,-7.059160742e-03,
1.586605741e-01
l,8.5,4.5
2.411,3.371,4.331,
9.828525406e-09,1.220785993e+01
2.405337058e-03,-2.863696897e-03,1.021579870e-04,2.584755575e-02,6.568087461e-02,1.703249137e-01,2.827962135e-01,2.236817385e-01,6.638788409e-02,
3.827387737e-04,-8.417303317e-04,-5.763189664e-04,-1.426861162e-02,-5.785973111e-02,-1.309666266e-01,-1.627506316e-01,-1.049214060e-01,-2.768341957e-02,
1.589017392e-01
l,8.5,5.5
2.351,3.371,4.431,
3.770602653e-08,1.192053360e+01
4.725236911e-03,-6.465539786e-03,2.181439091e-03,4.206029299e-02,1.239816706e-01,3.887551027e-01,6.286492754e-01,4.581384746e-01,1.240640002e-01,
6.006976759e-04,-1.323763957e-03,-5.167892119e-04,-1.649217658e-02,-5.834923582e-02,-1.187206722e-01,-1.331480487e-01,-7.805875376e-02,-1.885334030e-02,
1.583495764e-01
l,8.5,6.5
2.251,3.211,4.191,
5.555010853e-07,1.019528550e+01
1.243359037e-02,-1.402245776e-02,-1.035068822e-03,1.283995651e-01,3.134066698e-01,8.279061545e-01,1.438248710e+00,1.176850406e+00,3.579682207e-01,
2.001761157e-03,-4.374963983e-03,-2.065677135e-03,-5.818995021e-02,-2.188172190e-01,-4.716119988e-01,-5.657775241e-01,-3.554369924e-01,-9.225101540e-02,
1.588468498e-01
l,8.5,7.5
2.131,3.251,4.371,
5.872333818e-07,1.200300838e+01
2.334756032e-02,-3.469764294e-02,2.158821439e-02,1.946714017e-01,6.706021922e-01,1.889165014e+00,2.511019835e+00,1.504202652e+00,3.362431100e-01,
2.635153998e-03,-5.780036060e-03,-1.266280624e-03,-5.648084297e-02,-1.808149519e-01,-3.435521088e-01,-3.611491408e-01,-1.997930698e-01,-4.575962948e-02,
1.582902357e-01
l,8.5,8.5
2.031,2.531,3.051,
2.425197032e-06,1.262922924e+01
1.132616028e-01,1.332728589e-01,1.139338436e+00,2.492640397e+01,1.880817267e+02,7.565200952e+02,1.705107270e+03,2.015185163e+03,9.703622812e+02,
7.613110152e-02,-1.311337190e-01,-1.072400249e+00,-2.038701068e+01,-1.657446363e+02,-7.025763558e+02,-1.630591525e+03,-1.956022187e+03,-9.489022736e+02,
1.591437872e-01
