l,0.5,-0.5
0.171,1.211,2.251,
5.064641695e-02,2.030325617e+00
5.885846913e-03,-6.274800484e-03,4.592186145e-03,4.308063769e-02,1.300318504e-01,2.762758596e-01,3.208313178e-01,2.003859609e-01,5.424517738e-02,
1.133148095e-03,-2.165749834e-03,-1.689828118e-03,-3.032892554e-02,-1.124825792e-01,-2.309539240e-01,-2.635318127e-01,-1.568485895e-01,-3.809830558e-02,
1.588480222e-01
l,0.5,0.5
0.171,0.391,0.631,
6.446002476e-01,2.743657945e+00
2.110992000e-02,7.983075589e-02,3.554946988e+00,1.471772284e+02,2.743305963e+03,2.634422690e+04,1.349544411e+05,3.512440277e+05,3.657806022e+05,
2.585759924e-02,-4.389459780e-03,-2.465454665e+00,-1.201949239e+02,-2.441554098e+03,-2.439400113e+04,-1.276657186e+05,-3.366961699e+05,-3.537646788e+05,
1.591437140e-01
l,1.5,-1.5
0.371,1.471,2.571,
1.095768152e-02,3.404008219e+00
1.634535962e-03,-2.005029169e-03,1.269708782e-03,7.991498128e-03,1.630639214e-02,2.554249652e-02,1.265795949e-02,-2.717877528e-03,-2.250124046e-03,
2.564249387e-04,-5.058147329e-04,-3.242920996e-04,-6.508226929e-03,-2.297960216e-02,-4.516964832e-02,-4.897752615e-02,-2.762805953e-02,-6.355077823e-03,
1.586626365e-01
l,1.5,-0.5
0.431,1.351,2.271,
2.272374098e-02,3.728877436e+00
4.811654799e-03,-5.271147234e-03,1.702412909e-03,3.602494676e-02,9.752056495e-02,2.245395388e-01,2.390048179e-01,9.039763173e-02,3.055896214e-03,
1.091147934e-03,-2.090121252e-03,-2.287005705e-03,-3.867934358e-02,-1.576124564e-01,-3.506833464e-01,-4.333626115e-01,-2.801470779e-01,-7.425641151e-02,
1.589272510e-01
l,1.5,0.5
0.431,1.531,2.631,
4.271855967e-02,3.582975547e+00
8.220558055e-03,-1.030686704e-02,6.574207671e-03,3.357033186e-02,4.856341877e-02,3.099478753e-02,-8.601154628e-02,-1.213866764e-01,-4.016384106e-02,
1.278702050e-03,-2.526306411e-03,-1.552733964e-03,-3.198296490e-02,-1.128389480e-01,-2.218384416e-01,-2.405482737e-01,-1.357168570e-01,-3.121911427e-02,
1.586316666e-01
l,1.5,1.5
0.431,0.751,1.111,
3.659643636e-01,4.527426683e+00
3.754907846e-02,7.999635099e-02,1.640838015e+00,4.224514262e+01,4.790066039e+02,2.972030150e+03,1.029639423e+04,1.862860536e+04,1.370807888e+04,
3.700418490e-02,-3.583344150e-02,-1.217134823e+00,-3.253592639e+01,-3.885635221e+02,-2.409194165e+03,-8.119680374e+03,-1.410331790e+04,-9.892850235e+03,
1.591437155e-01
l,2.5,-2.5
0.611,1.711,2.831,
1.624070686e-03,5.653853779e+00
4.561705864e-04,-5.988456948e-04,3.430308363e-04,1.962383955e-03,3.235124019e-03,4.288568481e-03,-1.598294535e-03,-5.936012610e-03,-2.511545262e-03,
6.435650936e-05,-1.293200763e-04,-4.874374005e-05,-1.318102502e-03,-4.321590706e-03,-8.173289797e-03,-8.595678119e-03,-4.739865408e-03,-1.074220326e-03,
1.585385974e-01
l,2.5,-1.5
0.691,1.651,2.611,
1.539423428e-03,5.263920877e+00
1.197524951e-03,-1.311815754e-03,1.663692699e-03,1.981823920e-02,6.916487302e-02,1.664409936e-01,2.151060050e-01,1.346125910e-01,3.258800672e-02,
2.372640848e-04,-4.694642633e-04,-5.717852013e-04,-1.031546079e-02,-4.537678494e-02,-1.070287724e-01,-1.375241969e-01,-9.109234147e-02,-2.442594707e-02,
1.588790141e-01
l,2.5,-0.5
0.731,1.831,2.951,
2.809916553e-03,5.838752245e+00
2.066300949e-03,-2.772241851e-03,1.712140165e-03,1.214753766e-02,3.242740902e-02,7.464673246e-02,7.155220392e-02,2.291927583e-02,3.653174944e-05,
2.841917683e-04,-5.748345433e-04,-2.008152921e-04,-5.797852558e-03,-1.897562754e-02,-3.593365207e-02,-3.782457900e-02,-2.089800162e-02,-4.751296562e-03,
1.584769363e-01
l,2.5,0.5
0.751,1.711,2.691,
4.796986924e-03,5.232295768e+00
5.927383900e-03,-6.479653782e-03,3.482275135e-03,6.788986285e-02,2.263538576e-01,5.886290058e-01,8.168101615e-01,5.350078346e-01,1.332769748e-01,
1.137431931e-03,-2.257926674e-03,-1.611430385e-03,-3.262360667e-02,-1.253806712e-01,-2.704338056e-01,-3.253957295e-01,-2.050112299e-01,-5.302303069e-02,
1.589100943e-01
l,2.5,1.5
0.731,1.851,2.971,
1.652593599e-02,5.973529239e+00
1.093523018e-02,-1.457064055e-02,8.294869201e-03,4.130963658e-02,5.460684199e-02,5.616080613e-02,-1.050731443e-01,-1.979776544e-01,-7.847449375e-02,
1.531816587e-03,-3.092317639e-03,-1.151771713e-03,-3.149540632e-02,-1.033444449e-01,-1.954524109e-01,-2.056419862e-01,-1.135337750e-01,-2.576355449e-02,
1.584147101e-01
l,2.5,2.5
0.711,1.131,1.571,
6.859746127e-02,5.844697000e+00
5.292921886e-02,7.462080719e-02,8.930855707e-01,1.876866953e+01,1.560655381e+02,7.202662073e+02,1.895639481e+03,2.639662236e+03,1.505729526e+03,
4.369692940e-02,-5.739446661e-02,-7.545556822e-01,-1.491848637e+01,-1.355876097e+02,-6.571132358e+02,-1.770517625e+03,-2.494509376e+03,-1.432671206e+03,
1.591437309e-01
l,3.5,-3.5
0.891,1.971,3.051,
7.427441023e-05,8.016921778e+00
1.207712994e-04,-1.671803199e-04,1.117364149e-04,6.643047379e-04,1.533162476e-03,3.130805533e-03,2.228471190e-03,-4.572081102e-05,-3.596618489e-04,
1.736900721e-05,-3.534866228e-05,-1.867362071e-05,-4.415216204e-04,-1.563659722e-03,-3.125712137e-03,-3.444812753e-03,-1.980021956e-03,-4.654216825e-04,
1.584147815e-01
l,3.5,-2.5
0.991,1.931,2.891,
6.329806652e-05,7.158771313e+00
2.994255046e-04,-3.462365023e-04,7.326577492e-05,2.761703978e-03,8.832565860e-03,2.534840308e-02,3.840798939e-02,2.695945982e-02,7.147519052e-03,
5.715650276e-05,-1.152737210e-04,-8.058022944e-05,-1.657403868e-03,-6.386548028e-03,-1.388440179e-02,-1.681204116e-02,-1.064488749e-02,-2.767413328e-03,
1.588788330e-01
l,3.5,-1.5
1.051,2.131,3.211,
7.731251381e-05,7.549277246e+00
5.051764892e-04,-6.984679685e-04,4.497048207e-04,3.939571320e-03,1.245160990e-02,3.303847376e-02,4.157212870e-02,2.331013354e-02,4.794898879e-03,
7.053574517e-05,-1.446862085e-04,-7.282686219e-05,-1.803571669e-03,-6.372486731e-03,-1.275697965e-02,-1.406619639e-02,-8.091563819e-03,-1.906813667e-03,
1.584767923e-01
l,3.5,-0.5
1.091,2.071,3.071,
1.329560519e-04,6.576512239e+00
1.281438977e-03,-1.451820205e-03,4.165753619e-04,1.268141688e-02,3.840537827e-02,1.057162455e-01,1.608788490e-01,1.148443718e-01,3.101726998e-02,
2.232822348e-04,-4.546685486e-04,-2.592211464e-04,-6.087110847e-03,-2.284303870e-02,-4.848744359e-02,-5.724300083e-02,-3.534635222e-02,-8.972157784e-03,
1.588480222e-01
l,3.5,0.5
1.111,2.211,3.311,
2.585969871e-04,6.861373990e+00
2.400611062e-03,-3.278475980e-03,2.015387341e-03,1.895552783e-02,6.021425217e-02,1.616471928e-01,2.096364376e-01,1.228797730e-01,2.685478806e-02,
3.230252301e-04,-6.652784721e-04,-3.552007715e-04,-8.394650764e-03,-2.930066117e-02,-5.780510737e-02,-6.269909152e-02,-3.544069259e-02,-8.202567569e-03,
1.584150473e-01
l,3.5,1.5
1.111,2.091,3.091,
6.928436575e-04,6.167285792e+00
6.814656779e-03,-7.538746552e-03,2.265844551e-03,6.818383265e-02,2.083102921e-01,5.624660083e-01,8.422257270e-01,5.944258789e-01,1.591093903e-01,
1.204450036e-03,-2.449474543e-03,-1.491846843e-03,-3.356601196e-02,-1.262918724e-01,-2.680259247e-01,-3.165191200e-01,-1.954455623e-01,-4.957392752e-02,
1.588476819e-01
l,3.5,2.5
1.051,2.171,3.311,
2.012227694e-03,7.497652019e+00
1.400787011e-02,-1.881172194e-02,1.062324094e-02,9.081163635e-02,2.684678145e-01,6.801982080e-01,7.862012791e-01,3.854195385e-01,6.406518251e-02,
1.811941595e-03,-3.719572113e-03,-1.053741693e-03,-3.564180774e-02,-1.144690190e-01,-2.136840701e-01,-2.211677859e-01,-1.201268368e-01,-2.689105579e-02,
1.582821035e-01
l,3.5,3.5
1.031,1.511,2.031,
9.630589786e-03,7.027842806e+00
6.661231816e-02,7.114607908e-02,7.113508359e-01,1.528255765e+01,1.170579955e+02,4.871067262e+02,1.142499914e+03,1.406926968e+03,7.060606300e+02,
4.683903675e-02,-7.157962101e-02,-6.375355576e-01,-1.198014369e+01,-9.750008335e+01,-4.137231044e+02,-9.603261213e+02,-1.152106878e+03,-5.590941250e+02,
1.591437023e-01
l,4.5,-4.5
1.171,2.231,3.291,
1.072527170e-06,1.187666640e+01
3.126321826e-05,-4.413250456e-05,2.999451900e-05,2.034509637e-04,5.438041316e-04,1.271962770e-03,1.260724246e-03,4.345889679e-04,1.147725143e-05,
4.478373270e-06,-9.221527244e-06,-4.933236715e-06,-1.188947479e-04,-4.258979544e-04,-8.649440127e-04,-9.694984355e-04,-5.673493860e-04,-1.359527470e-04,
1.584145940e-01
l,4.5,-3.5
1.291,2.231,3.191,
1.111736244e-06,9.983921683e+00
7.153944171e-05,-8.442863271e-05,4.794455127e-05,8.771396207e-04,2.912096164e-03,7.883593502e-03,1.160896444e-02,8.136494454e-03,2.180814087e-03,
1.308506728e-05,-2.681864666e-05,-2.540881935e-05,-4.933172332e-04,-2.029204111e-03,-4.591014704e-03,-5.717686789e-03,-3.698913126e-03,-9.761658285e-04,
1.588477536e-01
l,4.5,-2.5
1.371,2.391,3.431,
1.302018520e-06,9.559138806e+00
1.271195943e-04,-1.688857889e-04,8.639399688e-05,1.160449711e-03,3.709231412e-03,1.065219056e-02,1.550289297e-02,1.035783837e-02,2.606393374e-03,
1.889630728e-05,-3.914296956e-05,-1.872060382e-05,-4.952458762e-04,-1.795816097e-03,-3.705122700e-03,-4.226618676e-03,-2.520763443e-03,-6.177624930e-04,
1.585385974e-01
l,4.5,-1.5
1.431,2.391,3.371,
2.351921120e-06,8.714808328e+00
2.887246083e-04,-3.218112489e-04,8.032282274e-05,3.258946524e-03,9.700117650e-03,2.564052181e-02,3.973909638e-02,2.955314364e-02,8.364990764e-03,
5.086850579e-05,-1.051010127e-04,-6.766412333e-05,-1.504259080e-03,-5.728514260e-03,-1.235548234e-02,-1.484386245e-02,-9.337491382e-03,-2.418212054e-03,
1.588789573e-01
l,4.5,-0.5
1.471,2.511,3.571,
4.875909276e-06,8.148757546e+00
5.563740269e-04,-7.134954049e-04,2.497606848e-04,4.718366188e-03,1.352589430e-02,3.890070271e-02,5.921473515e-02,4.128572340e-02,1.078580276e-02,
7.951538050e-05,-1.656017589e-04,-7.823862271e-05,-2.077290105e-03,-7.415705957e-03,-1.506459392e-02,-1.688152172e-02,-9.875766844e-03,-2.374921352e-03,
1.585078058e-01
l,4.5,0.5
1.491,2.491,3.491,
1.294960306e-05,7.427786303e+00
1.328955055e-03,-1.502326129e-03,1.764823195e-04,1.206161942e-02,3.100728017e-02,8.273888348e-02,1.326158388e-01,9.967590455e-02,2.809718323e-02,
2.232452446e-04,-4.633681532e-04,-2.548531375e-04,-6.219999278e-03,-2.324490756e-02,-4.932252046e-02,-5.816398381e-02,-3.586893419e-02,-9.105367765e-03,
1.588480201e-01
l,4.5,1.5
1.471,2.571,3.691,
2.989335248e-05,7.453478739e+00
2.759203082e-03,-3.605179365e-03,1.137603788e-03,2.005116580e-02,5.495545599e-02,1.582624222e-01,2.346083613e-01,1.569676895e-01,3.909469795e-02,
3.481743344e-04,-7.279167709e-04,-1.771168158e-04,-7.100824661e-03,-2.293223942e-02,-4.353761066e-02,-4.579253563e-02,-2.529601242e-02,-5.790518971e-03,
1.584452980e-01
l,4.5,2.5
1.451,2.451,3.471,
1.058340796e-04,6.830789132e+00
7.762677968e-03,-8.117050429e-03,-1.133831122e-04,6.889374337e-02,1.779095552e-01,4.669169679e-01,7.499807112e-01,5.675200923e-01,1.610198710e-01,
1.306981646e-03,-2.704534873e-03,-1.392674660e-03,-3.495182612e-02,-1.289248493e-01,-2.690263227e-01,-3.117722816e-01,-1.885940806e-01,-4.689812980e-02,
1.587767351e-01
l,4.5,3.5
1.391,2.531,3.671,
2.553895776e-04,7.849262808e+00
1.649118960e-02,-2.254301491e-02,1.192948710e-02,1.195578272e-01,3.745477518e-01,1.020799407e+00,1.338782763e+00,7.917694051e-01,1.746963216e-01,
2.035959912e-03,-4.239517503e-03,-1.148034075e-03,-4.084726081e-02,-1.304917756e-01,-2.439061427e-01,-2.523731156e-01,-1.371166600e-01,-3.077156363e-02,
1.582863531e-01
l,4.5,4.5
1.351,1.891,2.471,
1.207333829e-03,7.973199196e+00
7.883287966e-02,6.676584350e-02,3.634296963e-01,8.456899658e+00,5.467691940e+01,1.929105425e+02,3.935738972e+02,4.292945745e+02,1.928114893e+02,
4.894847176e-02,-8.145896225e-02,-4.096145975e-01,-6.577727734e+00,-4.514040611e+01,-1.650202903e+02,-3.367640077e+02,-3.594590441e+02,-1.563682935e+02,
1.591437264e-01
l,5.5,-5.5
1.471,2.491,3.511,
3.509673386e-09,1.603063919e+01
7.936327165e-06,-1.131484126e-05,7.973549159e-06,6.432831914e-05,1.962635418e-04,5.133233936e-04,6.290694366e-04,3.364547155e-04,6.363142324e-05,
1.197521694e-06,-2.488664901e-06,-1.329884069e-06,-3.287616123e-05,-1.210390180e-04,-2.536693176e-04,-2.945085049e-04,-1.790222855e-04,-4.466766431e-05,
1.584454344e-01
l,5.5,-4.5
1.591,2.531,3.491,
4.153493613e-09,1.423712297e+01
1.686200085e-05,-2.049497691e-05,1.000597265e-05,1.991159344e-04,6.303920352e-04,1.713101122e-03,2.574620748e-03,1.841973399e-03,5.034718863e-04,
2.970064775e-06,-6.167458575e-06,-5.605884133e-06,-1.123954003e-04,-4.611022455e-04,-1.043998795e-03,-1.300160964e-03,-8.410864893e-04,-2.221218744e-04,
1.588785904e-01
l,5.5,-3.5
1.691,2.671,3.671,
6.370895585e-09,1.301742007e+01
3.049935913e-05,-3.888817903e-05,1.501574931e-05,2.946350223e-04,8.774855108e-04,2.502559648e-03,3.849391643e-03,2.752352921e-03,7.433389856e-04,
4.835641128e-06,-1.010928816e-05,-5.438690800e-06,-1.371555409e-04,-5.118997121e-04,-1.088768035e-03,-1.285214947e-03,-7.942356239e-04,-2.020514207e-04,
1.586313207e-01
l,5.5,-2.5
1.771,2.711,3.671,
1.584938231e-08,1.159637859e+01
6.427056360e-05,-7.136402952e-05,1.720220364e-05,7.731460701e-04,2.339734151e-03,6.178877038e-03,9.718775069e-03,7.412440010e-03,2.161625324e-03,
1.149160517e-05,-2.402379502e-05,-2.117458804e-05,-4.329127656e-04,-1.772841707e-03,-4.006249477e-03,-4.981220654e-03,-3.214794149e-03,-8.473535495e-04,
1.588788330e-01
l,5.5,-1.5
1.831,2.811,3.811,
4.365469352e-08,1.049552219e+01
1.261694997e-04,-1.502247372e-04,1.987966826e-05,1.142876472e-03,2.931022097e-03,8.236044010e-03,1.369397411e-02,1.057161903e-02,3.051583603e-03,
2.029779632e-05,-4.263604800e-05,-2.048474284e-05,-5.564505223e-04,-2.070865883e-03,-4.399190990e-03,-5.188684692e-03,-3.202212344e-03,-8.145828837e-04,
1.586006023e-01
l,5.5,-0.5
1.851,2.831,3.811,
9.956116075e-08,1.001411270e+01
2.790004946e-04,-2.971661942e-04,-3.360598128e-05,2.538040955e-03,5.578382905e-03,1.341336428e-02,2.269838474e-02,1.834306411e-02,5.517916476e-03,
4.823477465e-05,-1.013131421e-04,-5.861463455e-05,-1.410825009e-03,-5.346002045e-03,-1.151828709e-02,-1.381742655e-02,-8.671054952e-03,-2.242956231e-03,
1.588479935e-01
l,5.5,0.5
1.871,2.891,3.931,
3.343695664e-07,9.180314124e+00
5.907021114e-04,-6.729834469e-04,-2.817435669e-05,4.718578977e-03,9.829038294e-03,2.544900388e-02,4.364738380e-02,3.440616300e-02,9.978205092e-03,
8.874454100e-05,-1.870982526e-04,-9.268046469e-05,-2.423714173e-03,-8.762795981e-03,-1.803272185e-02,-2.051664397e-02,-1.218135705e-02,-2.978875456e-03,
1.585697737e-01
l,5.5,1.5
1.871,2.891,3.911,
1.140142206e-06,8.547235969e+00
1.383405994e-03,-1.497181431e-03,-2.791666316e-04,1.080067327e-02,1.964236889e-02,4.440287865e-02,7.794561886e-02,6.371072899e-02,1.899009006e-02,
2.199749432e-04,-4.633723434e-04,-2.255011901e-04,-5.964330631e-03,-2.183799505e-02,-4.555447357e-02,-5.266301329e-02,-3.178579144e-02,-7.908818064e-03,
1.588473286e-01
l,5.5,2.5
1.851,2.951,4.071,
3.432211041e-06,8.324580390e+00
3.001183039e-03,-3.752432321e-03,4.399597718e-04,2.018384286e-02,4.512793337e-02,1.250258013e-01,1.960505287e-01,1.381154693e-01,3.587305423e-02,
3.712653982e-04,-7.855989805e-04,-1.736894135e-04,-7.700210621e-03,-2.474631075e-02,-4.695377621e-02,-4.928838788e-02,-2.713011748e-02,-6.199456225e-03,
1.584594017e-01
l,5.5,3.5
1.811,2.811,3.831,
1.619206153e-05,7.577332484e+00
8.655396290e-03,-8.371208285e-03,-2.287820623e-03,7.377483652e-02,1.545664743e-01,3.435427251e-01,5.746935745e-01,4.645059904e-01,1.392823121e-01,
1.461378486e-03,-3.063481850e-03,-1.851014847e-03,-4.176517158e-02,-1.539816087e-01,-3.206034407e-01,-3.708106269e-01,-2.237823770e-01,-5.555074147e-02,
1.587187560e-01
l,5.5,4.5
1.731,2.871,4.031,
5.347606388e-05,7.726117256e+00
1.946334913e-02,-2.568497188e-02,8.102801150e-03,1.292477703e-01,3.474690075e-01,1.009852478e+00,1.480652706e+00,9.719793404e-01,2.368396431e-01,
2.265654799e-03,-4.772682543e-03,-1.153548204e-03,-4.538663430e-02,-1.424924045e-01,-2.628776664e-01,-2.677176884e-01,-1.430428265e-01,-3.165091960e-02,
1.582894245e-01
l,5.5,5.5
1.691,2.271,2.891,
1.371653129e-04,8.981495337e+00
8.977541327e-02,6.815261849e-02,3.787909066e-01,8.561373461e+00,5.299476363e+01,1.769880195e+02,3.388343183e+02,3.451170032e+02,1.443694203e+02,
5.113424816e-02,-8.971380972e-02,-4.250356531e-01,-6.750421796e+00,-4.420720866e+01,-1.531856114e+02,-2.945188614e+02,-2.948377510e+02,-1.199207953e+02,
1.591437120e-01
l,6.5,-6.5
1.791,2.771,3.751,
5.866521146e-12,1.935021489e+01
1.920541081e-06,-2.747314011e-06,1.965846746e-06,1.663533077e-05,5.071022074e-05,1.334321558e-04,1.668549123e-04,9.159318006e-05,1.782545183e-05,
3.058670606e-07,-6.412217938e-07,-3.615812897e-07,-8.952120620e-06,-3.395628049e-05,-7.348618248e-05,-8.843112346e-05,-5.581827850e-05,-1.447977546e-05,
1.584762035e-01
l,6.5,-5.5
1.911,2.831,3.751,
3.217368431e-12,1.903669301e+01
3.902328899e-06,-4.847182313e-06,2.737154258e-06,4.962620919e-05,1.632644846e-04,4.509426255e-04,6.845488543e-04,4.965774371e-04,1.380952934e-04,
7.274499470e-07,-1.525029821e-06,-1.388807244e-06,-2.852617826e-05,-1.204416456e-04,-2.818421917e-04,-3.644501268e-04,-2.454831739e-04,-6.760251212e-05,
1.588474653e-01
l,6.5,-4.5
2.031,2.971,3.911,
1.571525691e-11,1.616263525e+01
7.016193194e-06,-8.961777949e-06,4.658260266e-06,8.525852789e-05,2.758430112e-04,7.752336908e-04,1.201881710e-03,8.878310966e-04,2.508591045e-04,
1.231898854e-06,-2.595992590e-06,-2.214241382e-06,-4.689026224e-05,-1.944705112e-04,-4.473917100e-04,-5.671701244e-04,-3.741472231e-04,-1.009044605e-04,
1.586922467e-01
l,6.5,-3.5
2.111,3.031,3.971,
2.570354971e-11,1.544980553e+01
1.422598962e-05,-1.596843215e-05,3.541288184e-06,1.779166570e-04,5.231772799e-04,1.352426356e-03,2.150796661e-03,1.678404864e-03,5.026749587e-04,
2.579058591e-06,-5.444826548e-06,-5.071549245e-06,-1.021291245e-04,-4.238845989e-04,-9.735421151e-04,-1.232533468e-03,-8.111259409e-04,-2.182939675e-04,
1.589097478e-01
l,6.5,-2.5
2.171,3.131,4.091,
4.068949956e-11,1.508739854e+01
2.758139999e-05,-3.161575747e-05,5.710128135e-06,3.126390498e-04,8.635468601e-04,2.190305822e-03,3.445055170e-03,2.634051569e-03,7.672206797e-04,
4.743190724e-06,-1.004867417e-05,-8.515775097e-06,-1.803542643e-04,-7.370818930e-04,-1.667446484e-03,-2.073599725e-03,-1.338377321e-03,-3.530305841e-04,
1.587545149e-01
l,6.5,-1.5
2.231,3.171,4.131,
2.131508129e-10,1.347626781e+01
5.838106881e-05,-6.041779544e-05,-2.337583013e-06,6.752552499e-04,1.813088634e-03,4.276315312e-03,6.722767021e-03,5.282689683e-03,1.589737136e-03,
1.034958008e-05,-2.195036469e-05,-1.905430931e-05,-3.961617249e-04,-1.618504281e-03,-3.653912455e-03,-4.537390811e-03,-2.922031456e-03,-7.689098187e-04,
1.589100066e-01
l,6.5,-0.5
2.251,3.231,4.231,
6.888402490e-10,1.268937485e+01
1.221710991e-04,-1.291651051e-04,-3.916703311e-05,1.004044607e-03,1.831453156e-03,3.996165820e-03,7.251655999e-03,6.226058263e-03,1.949281980e-03,
1.983470911e-05,-4.218015686e-05,-1.921918027e-05,-5.456960318e-04,-2.023590435e-03,-4.289121990e-03,-5.046305516e-03,-3.100706643e-03,-7.862533000e-04,
1.587237350e-01
l,6.5,0.5
2.271,3.251,4.251,
3.237860887e-09,1.163702988e+01
2.719826880e-04,-2.663904707e-04,-1.243219508e-04,2.260740943e-03,4.056602885e-03,7.481547453e-03,1.303240896e-02,1.131939385e-02,3.599626422e-03,
4.514526125e-05,-9.605136939e-05,-4.847048823e-05,-1.277844506e-03,-4.744488918e-03,-1.003918461e-02,-1.179623670e-02,-7.230425008e-03,-1.827471958e-03,
1.588790451e-01
l,6.5,1.5
2.271,3.291,4.311,
1.874481648e-08,1.047625035e+01
5.993191735e-04,-6.326528086e-04,-2.024734152e-04,4.448230786e-03,6.683629317e-03,1.311487448e-02,2.529294453e-02,2.231028982e-02,6.978535925e-03,
9.409878904e-05,-2.004975753e-04,-9.019216897e-05,-2.554056488e-03,-9.335356235e-03,-1.947470129e-02,-2.251531822e-02,-1.358285649e-02,-3.379068870e-03,
1.585996196e-01
l,6.5,2.5
2.251,3.291,4.331,
6.734669177e-08,1.005285920e+01
1.422032015e-03,-1.462747320e-03,-6.394115068e-04,1.045168741e-02,1.370421902e-02,1.663448763e-02,3.117954599e-02,2.921116223e-02,9.450782632e-03,
2.143136601e-04,-4.567825951e-04,-2.443943162e-04,-6.041010558e-03,-2.174004245e-02,-4.456345782e-02,-5.044668628e-02,-2.976079742e-02,-7.245397648e-03,
1.588925684e-01
l,6.5,3.5
2.231,3.311,4.411,
3.636360046e-07,9.260767635e+00
3.270288929e-03,-3.721322748e-03,-4.935653200e-04,2.147918750e-02,4.050242146e-02,1.000043864e-01,1.658941918e-01,1.248623728e-01,3.432483478e-02,
4.272577366e-04,-9.121323394e-04,-2.885863843e-04,-1.045776091e-02,-3.598443591e-02,-7.091380429e-02,-7.664590959e-02,-4.300727542e-02,-9.926852761e-03,
1.584053208e-01
l,6.5,4.5
2.171,3.211,4.251,
2.175877980e-06,8.456811952e+00
9.117369540e-03,-9.192209242e-03,-3.323692792e-03,6.599950308e-02,1.021598942e-01,1.928243943e-01,3.546510298e-01,3.042638771e-01,9.310431961e-02,
1.426904051e-03,-3.028987075e-03,-1.451503939e-03,-3.831125262e-02,-1.382542126e-01,-2.834975105e-01,-3.219034935e-01,-1.904933509e-01,-4.642112841e-02,
1.587528361e-01
l,6.5,5.5
2.111,3.231,4.391,
5.125392352e-06,9.108854482e+00
2.190228924e-02,-2.826636877e-02,4.060189151e-03,1.260273957e-01,2.582402208e-01,7.840898238e-01,1.269533853e+00,8.930469503e-01,2.289735133e-01,
2.501115956e-03,-5.319278065e-03,-9.735783077e-04,-4.903370630e-02,-1.530289068e-01,-2.824338162e-01,-2.874378947e-01,-1.534661211e-01,-3.402234189e-02,
1.582900102e-01
l,6.5,6.5
2.031,2.651,3.311,
1.414699319e-05,9.984603371e+00
9.954822809e-02,6.871581384e-02,3.618973121e-01,8.264511931e+00,4.922329946e+01,1.561616213e+02,2.817683420e+02,2.692817011e+02,1.054296908e+02,
5.220506971e-02,-9.537164484e-02,-4.181838939e-01,-6.598727135e+00,-4.142424035e+01,-1.366271838e+02,-2.485006791e+02,-2.342697672e+02,-8.945950645e+01,
1.591437423e-01
l,7.5,-7.5
2.111,3.051,4.011,
3.326464770e-15,2.324507590e+01
4.598722114e-07,-6.608792571e-07,5.160223712e-07,4.832127965e-06,1.542269487e-05,4.145224484e-05,5.563581005e-05,3.427697088e-05,7.906581399e-06,
7.461309139e-08,-1.577088682e-07,-1.366106667e-07,-2.850908893e-06,-1.165774851e-05,-2.643583786e-05,-3.294168104e-05,-2.134963144e-05,-5.647300682e-06,
1.585687338e-01
l,7.5,-6.5
2.231,3.151,4.071,
0.000000000e+00,0.000000000e+00
8.724626923e-07,-1.139268709e-06,6.336876963e-07,1.053245736e-05,3.362396792e-05,9.263702848e-05,1.394554353e-04,1.000330084e-04,2.751080827e-05,
1.562699649e-07,-3.308802675e-07,-2.774783989e-07,-6.039545556e-06,-2.541713076e-05,-5.952241730e-05,-7.694686513e-05,-5.181272700e-05,-1.427108510e-05,
1.589093616e-01
l,7.5,-5.5
2.351,3.271,4.191,
7.431644587e-16,2.318911420e+01
1.592908006e-06,-1.997757204e-06,9.300797665e-07,1.954217509e-05,6.139565571e-05,1.688216479e-04,2.620628964e-04,1.954416994e-04,5.593795427e-05,
2.871926140e-07,-6.101108586e-07,-5.041382673e-07,-1.110306146e-05,-4.671267125e-05,-1.093399075e-04,-1.413194337e-04,-9.510867482e-05,-2.618823094e-05,
1.587540826e-01
l,7.5,-4.5
2.451,3.351,4.251,
3.277160488e-15,2.117119181e+01
3.107220891e-06,-3.534199721e-06,1.142894848e-06,4.147193304e-05,1.268816952e-04,3.329104611e-04,5.275185429e-04,4.106384880e-04,1.230939667e-04,
6.004153529e-07,-1.277541423e-06,-1.221016661e-06,-2.490844038e-05,-1.066231405e-04,-2.533993443e-04,-3.336146907e-04,-2.289237463e-04,-6.431045110e-05,
1.589095543e-01
l,7.5,-3.5
2.531,3.451,4.371,
1.286792081e-14,1.966675980e+01
5.976400189e-06,-6.812092269e-06,1.228800465e-06,7.264356917e-05,2.044537321e-04,5.251320389e-04,8.469204130e-04,6.687722985e-04,2.017765406e-04,
1.102535637e-06,-2.353052790e-06,-1.973406851e-06,-4.280303175e-05,-1.799340616e-04,-4.205818842e-04,-5.432059532e-04,-3.651772429e-04,-1.005075075e-04,
1.588164930e-01
l,7.5,-2.5
2.591,3.511,4.451,
5.738883512e-14,1.831538391e+01
1.221644015e-05,-1.276305090e-05,-1.144685332e-06,1.440579563e-04,3.735886167e-04,8.533252716e-04,1.353512407e-03,1.087819955e-03,3.355975328e-04,
2.206611613e-06,-4.718458621e-06,-4.052859726e-06,-8.578686218e-05,-3.549007301e-04,-8.142959379e-04,-1.029774356e-03,-6.763275347e-04,-1.817634381e-04,
1.589270367e-01
l,7.5,-1.5
2.631,3.571,4.531,
1.779469889e-13,1.753954034e+01
2.518525980e-05,-2.515667293e-05,-5.441148149e-06,2.876371723e-04,7.258207345e-04,1.549101277e-03,2.381067082e-03,1.889974868e-03,5.778335384e-04,
4.409608717e-06,-9.446648839e-06,-8.136536938e-06,-1.709982271e-04,-6.971794944e-04,-1.572796568e-03,-1.950613242e-03,-1.253821452e-03,-3.294674997e-04,
1.588478643e-01
l,7.5,-0.5
2.671,3.631,4.591,
1.791569893e-12,1.573228391e+01
5.277588934e-05,-5.363939688e-05,-1.208911733e-05,5.584588447e-04,1.303079975e-03,2.668958687e-03,4.100121158e-03,3.242346628e-03,9.796145356e-04,
9.203661077e-06,-1.974329197e-05,-1.530577034e-05,-3.413715597e-04,-1.388876146e-03,-3.133253388e-03,-3.886465062e-03,-2.498495064e-03,-6.567302349e-04,
1.589100486e-01
l,7.5,0.5
2.691,3.671,4.651,
1.895651862e-11,1.402854333e+01
1.145236020e-04,-1.161864804e-04,-4.918607987e-05,9.589308436e-04,1.645169724e-03,2.827450943e-03,4.904925175e-03,4.311126793e-03,1.384287053e-03,
1.918378070e-05,-4.120550854e-05,-2.047684827e-05,-5.562285603e-04,-2.092621870e-03,-4.501687338e-03,-5.385217223e-03,-3.364334234e-03,-8.675803855e-04,
1.587857518e-01
l,7.5,1.5
2.691,3.671,4.671,
1.001222750e-10,1.314187812e+01
2.625402994e-04,-2.396055802e-04,-1.566621878e-04,2.184370676e-03,4.021986529e-03,6.356941681e-03,1.016438414e-02,8.752909115e-03,2.803045978e-03,
4.362800462e-05,-9.374688718e-05,-4.694943697e-05,-1.257164613e-03,-4.662182077e-03,-9.855650876e-03,-1.156731725e-02,-7.067748297e-03,-1.778949618e-03,
1.588779729e-01
l,7.5,2.5
2.671,3.671,4.671,
7.312963790e-10,1.202397347e+01
6.146515952e-04,-5.668067825e-04,-3.956428559e-04,4.779982904e-03,5.545951718e-03,2.419331658e-03,6.190416328e-03,8.683557021e-03,3.459408877e-03,
1.033334077e-04,-2.220208281e-04,-1.223524020e-04,-2.997896663e-03,-1.112635771e-02,-2.348164756e-02,-2.755361787e-02,-1.688194792e-02,-4.269866802e-03,
1.586060158e-01
l,7.5,3.5
2.651,3.711,4.771,
4.150775340e-09,1.130251440e+01
1.409146003e-03,-1.462784392e-03,-7.173414828e-04,9.727807423e-03,1.257031566e-02,1.286640695e-02,2.217998838e-02,2.057639375e-02,6.594483704e-03,
1.980720472e-04,-4.264068436e-04,-1.848859235e-04,-5.343274357e-03,-1.884374485e-02,-3.804961057e-02,-4.225221483e-02,-2.439053085e-02,-5.813000065e-03,
1.589003375e-01
l,7.5,4.5
2.591,3.671,4.751,
3.074854072e-08,1.034886399e+01
3.515403019e-03,-3.599855546e-03,-1.503361982e-03,2.258916785e-02,3.342888943e-02,5.968929544e-02,1.057419577e-01,8.737685878e-02,2.569706285e-02,
4.890519930e-04,-1.051944195e-03,-3.640848065e-04,-1.238329194e-02,-4.317831934e-02,-8.608721538e-02,-9.440877997e-02,-5.371293408e-02,-1.257252070e-02,
1.584420876e-01
l,7.5,5.5
2.531,3.571,4.631,
1.984475789e-07,9.671165347e+00
9.863813408e-03,-8.914292691e-03,-6.228344264e-03,7.017725850e-02,9.210128494e-02,8.409778819e-02,1.565535640e-01,1.595892102e-01,5.451669186e-02,
1.502777344e-03,-3.219305818e-03,-1.675663141e-03,-4.163733850e-02,-1.480686565e-01,-2.984310161e-01,-3.322388507e-01,-1.922668120e-01,-4.580435134e-02,
1.587536417e-01
l,7.5,6.5
2.471,3.591,4.731,
6.475577280e-07,9.912411119e+00
2.426387928e-02,-3.021930175e-02,-1.763803668e-04,1.271180328e-01,1.716217411e-01,5.084576450e-01,9.469003533e-01,7.252600496e-01,1.963323917e-01,
2.862593880e-03,-6.133391183e-03,-1.281107964e-03,-5.873003089e-02,-1.857293782e-01,-3.471130712e-01,-3.583433317e-01,-1.940661938e-01,-4.369227814e-02,
1.582904276e-01
l,7.5,7.5
2.371,3.031,3.731,
1.298176676e-06,1.101509500e+01
1.082435995e-01,6.623818022e-02,2.483925143e-01,6.873162071e+00,3.964785128e+01,1.194854219e+02,2.036151610e+02,1.832428994e+02,6.743293246e+01,
5.236353969e-02,-9.878843291e-02,-2.905133381e-01,-4.272624748e+00,-2.393170725e+01,-7.182884316e+01,-1.211265954e+02,-1.069031964e+02,-3.844393649e+01,
1.591437384e-01
l,8.5,-8.5
2.511,2.751,3.011,
1.044543355e-15,1.928817827e+01
2.943291122e-07,1.202935627e-06,2.720415535e-05,1.366054889e-03,2.470035126e-02,2.197934647e-01,1.038725872e+00,2.497570247e+00,2.405243223e+00,
2.516688875e-07,-5.111110207e-07,-2.353290895e-05,-1.142153357e-03,-2.217874250e-02,-2.081928230e-01,-1.013693962e+00,-2.471540059e+00,-2.391808326e+00,
1.591435239e-01
l,8.5,-7.5
2.571,3.431,4.311,
0.000000000e+00,0.000000000e+00
2.030650990e-07,-2.569872324e-07,1.605879692e-07,2.830990870e-06,9.332925961e-06,2.606855866e-05,4.066640607e-05,3.061548837e-05,8.887050608e-06,
3.953941633e-08,-8.426002785e-08,-8.246540343e-08,-1.681792173e-06,-7.326504778e-06,-1.777253788e-05,-2.393184577e-05,-1.683751705e-05,-4.853138288e-06,
1.588469783e-01
l,8.5,-6.5
2.691,3.571,4.471,
0.000000000e+00,0.000000000e+00
3.594597899e-07,-4.510417771e-07,2.029317420e-07,4.631676458e-06,1.426676265e-05,3.960265468e-05,6.360392711e-05,4.937246317e-05,1.473265984e-05,
6.666734598e-08,-1.426241066e-07,-1.256204450e-07,-2.692322545e-06,-1.150176714e-05,-2.739178297e-05,-3.611229686e-05,-2.483707407e-05,-6.998732266e-06,
1.588471276e-01
l,8.5,-5.5
2.791,3.671,4.571,
0.000000000e+00,0.000000000e+00
6.773640280e-07,-7.841702690e-07,2.061533810e-07,9.068801953e-06,2.746499523e-05,7.193661366e-05,1.154201738e-04,9.157608708e-05,2.806470822e-05,
1.277519528e-07,-2.739299148e-07,-2.518027613e-07,-5.274349822e-06,-2.251011076e-05,-5.348863342e-05,-7.035993869e-05,-4.823463830e-05,-1.354785415e-05,
1.589266040e-01
l,8.5,-4.5
2.891,3.791,4.691,
2.852255966e-18,2.376286528e+01
1.255585971e-06,-1.483157175e-06,4.031256122e-07,1.595420683e-05,4.785142522e-05,1.259880572e-04,2.013476252e-04,1.581311361e-04,4.785477960e-05,
2.342506095e-07,-5.035986870e-07,-4.105885944e-07,-9.258796376e-06,-3.948486455e-05,-9.397514292e-05,-1.237962137e-04,-8.497026677e-05,-2.389260616e-05,
1.589094690e-01
l,8.5,-3.5
2.951,3.851,4.751,
1.199046650e-18,2.460457261e+01
2.535097110e-06,-2.692604007e-06,1.900904012e-07,3.294015075e-05,9.457964945e-05,2.308479722e-04,3.667190945e-04,2.934419021e-04,9.074377057e-05,
4.885709069e-07,-1.051658691e-06,-9.381358231e-07,-2.000178650e-05,-8.548346299e-05,-2.032318269e-04,-2.676482947e-04,-1.835230792e-04,-5.152839034e-05,
1.589267586e-01
l,8.5,-2.5
3.011,3.911,4.831,
1.551773566e-17,2.246884668e+01
5.177661933e-06,-5.130590982e-06,-8.015154789e-07,6.608175387e-05,1.819152362e-04,4.133036177e-04,6.509575947e-04,5.291954884e-04,1.667412288e-04,
9.754462618e-07,-2.103066171e-06,-1.881044575e-06,-3.944986983e-05,-1.657852646e-04,-3.867318809e-04,-4.986305302e-04,-3.341620206e-04,-9.166479127e-05,
1.588786849e-01
l,8.5,-1.5
3.051,3.971,4.911,
9.438296227e-17,2.120550970e+01
1.071388033e-05,-1.024611432e-05,-3.647777313e-06,1.255011088e-04,3.111965660e-04,6.178105970e-04,9.319203643e-04,7.518529452e-04,2.358350063e-04,
1.948154593e-06,-4.206792814e-06,-3.582242454e-06,-7.644582511e-05,-3.157301457e-04,-7.233668844e-04,-9.134610516e-04,-5.983995353e-04,-1.603977168e-04,
1.589270930e-01
l,8.5,-0.5
3.091,4.031,4.991,
2.310080268e-15,1.884333265e+01
2.241671973e-05,-2.182263585e-05,-8.330166143e-06,2.439451737e-04,5.817900008e-04,1.134225861e-03,1.707943764e-03,1.368410568e-03,4.237792900e-04,
3.888197370e-06,-8.408737705e-06,-6.421113726e-06,-1.452103600e-04,-5.897734233e-04,-1.329389724e-03,-1.646952543e-03,-1.056743802e-03,-2.773086804e-04,
1.589100199e-01
l,8.5,0.5
3.111,4.071,5.031,
3.488850494e-14,1.703544751e+01
4.863187860e-05,-4.710017045e-05,-1.811295711e-05,5.163773512e-04,1.169087309e-03,2.123137398e-03,3.113774481e-03,2.473711130e-03,7.598140594e-04,
8.461836069e-06,-1.831319852e-05,-1.429712651e-05,-3.185286503e-04,-1.294673965e-03,-2.918985084e-03,-3.618065083e-03,-2.322890986e-03,-6.098562887e-04,
1.589272489e-01
l,8.5,1.5
3.111,4.091,5.091,
2.284439594e-13,1.606868554e+01
1.091226004e-04,-1.011221517e-04,-7.585617489e-05,8.953869973e-04,1.495596074e-03,1.719757791e-03,2.517716741e-03,2.283726146e-03,7.683323837e-04,
1.762252446e-05,-3.817967626e-05,-1.779856778e-05,-5.028068613e-04,-1.853727119e-03,-3.912885358e-03,-4.577007263e-03,-2.786644749e-03,-7.004836188e-04,
1.588465540e-01
l,8.5,2.5
3.091,4.071,5.071,
1.895912558e-12,1.495409609e+01
2.557575935e-04,-2.074354028e-04,-2.002035591e-04,2.009375196e-03,3.676470768e-03,5.149118958e-03,8.050785723e-03,7.151768877e-03,2.356849863e-03,
4.365737187e-05,-9.454771254e-05,-3.760466280e-05,-1.195282317e-03,-4.426903631e-03,-9.354099120e-03,-1.099437551e-02,-6.710816959e-03,-1.683762082e-03,
1.588223343e-01
l,8.5,3.5
3.071,4.091,5.111,
2.432343798e-11,1.356359019e+01
6.030494114e-04,-5.543731198e-04,-4.448392723e-04,4.732077912e-03,5.088123579e-03,-1.992555834e-03,-3.615279071e-03,1.283128758e-04,7.905302199e-04,
9.495328709e-05,-2.057704861e-04,-1.236948279e-04,-2.859909486e-03,-1.043294475e-02,-2.165004649e-02,-2.488086229e-02,-1.491170984e-02,-3.693460468e-03,
1.587720517e-01
l,8.5,4.5
3.031,4.091,5.151,
1.599606344e-10,1.284879739e+01
1.442888984e-03,-1.346705029e-03,-1.019475544e-03,1.016321970e-02,1.501671426e-02,1.238106549e-02,1.537971098e-02,1.384664802e-02,4.542697330e-03,
2.066516092e-04,-4.480764322e-04,-1.886785868e-04,-5.595303064e-03,-1.969128954e-02,-3.965790921e-02,-4.391117582e-02,-2.520059693e-02,-5.964048245e-03,
1.588441100e-01
l,8.5,5.5
2.971,4.051,5.131,
2.200977200e-09,1.150393692e+01
3.657747060e-03,-3.533986010e-03,-2.161037569e-03,2.292042252e-02,3.013346445e-02,3.674687824e-02,6.690158213e-02,6.035322740e-02,1.879770970e-02,
5.107860744e-04,-1.106682268e-03,-3.600331564e-04,-1.286670069e-02,-4.471986147e-02,-8.900372866e-02,-9.740861805e-02,-5.523167594e-02,-1.288735874e-02,
1.585056675e-01
l,8.5,6.5
2.911,3.971,5.031,
2.235451492e-08,1.054161855e+01
1.015164983e-02,-9.550303315e-03,-6.319409365e-03,6.784996093e-02,7.691547180e-02,4.559970235e-02,1.012104761e-01,1.179021688e-01,4.204236944e-02,
1.505575501e-03,-3.251714259e-03,-1.452808990e-03,-4.046965194e-02,-1.432736183e-01,-2.888274708e-01,-3.213909515e-01,-1.858700488e-01,-4.428631670e-02,
1.587538422e-01
l,8.5,7.5
2.811,3.951,5.091,
2.356041748e-07,9.647886547e+00
2.653504908e-02,-3.162140844e-02,-6.155606948e-03,1.247855861e-01,7.698243484e-02,1.869099985e-01,5.340461522e-01,4.863735437e-01,1.437344514e-01,
3.122338535e-03,-6.736210410e-03,-1.141304486e-03,-6.303319610e-02,-1.983543875e-01,-3.702255410e-01,-3.813900619e-01,-2.059269619e-01,-4.632240002e-02,
1.583211526e-01
l,8.5,8.5
2.731,3.431,4.151,
1.570323962e-07,1.167434529e+01
1.167415008e-01,5.143050329e-02,1.251483380e-01,4.885442516e+00,2.505391634e+01,6.744565270e+01,1.053054272e+02,8.852331032e+01,3.078118716e+01,
5.178813329e-02,-1.003058608e-01,-2.654553175e-01,-3.995630059e+00,-2.188931866e+01,-6.420774751e+01,-1.055563275e+02,-9.062208925e+01,-3.166212236e+01,
1.591437106e-01
