l,0.5,-0.5
0.151,1.171,2.191,
6.144806072e-02,2.075844635e+00
6.218731869e-03,-6.404790017e-03,4.210825772e-03,4.670339508e-02,1.431193078e-01,3.102421355e-01,3.712107458e-01,2.397349022e-01,6.708031478e-02,
1.236256206e-03,-2.380009988e-03,-1.691316086e-03,-3.239384136e-02,-1.216959823e-01,-2.537873805e-01,-2.947662946e-01,-1.786591501e-01,-4.421481634e-02,
1.589101035e-01
l,0.5,0.5
0.171,0.351,0.551,
5.954440251e-01,2.617904196e+00
1.954711042e-02,9.268276757e-02,4.555083919e+00,2.003535166e+02,4.125905661e+03,4.534591690e+04,2.722568676e+05,8.427723062e+05,1.053204538e+06,
2.504945353e-02,2.694529201e-03,-3.088362323e+00,-1.611690615e+02,-3.624202631e+03,-4.156083442e+04,-2.555363281e+05,-8.029594099e+05,-1.013703005e+06,
1.591437283e-01
l,1.5,-1.5
0.351,1.411,2.491,
1.409379883e-02,3.353463865e+00
1.889973995e-03,-2.242038890e-03,1.309568781e-03,9.789741319e-03,2.081143797e-02,3.466204001e-02,2.198494653e-02,1.972565356e-03,-1.107801351e-03,
3.085708344e-04,-6.130573910e-04,-3.645106535e-04,-7.735502194e-03,-2.763280273e-02,-5.508119223e-02,-6.073344628e-02,-3.486689803e-02,-8.167594350e-03,
1.587237197e-01
l,1.5,-0.5
0.411,1.291,2.191,
2.247252252e-02,3.398168648e+00
5.278559867e-03,-4.925941087e-03,1.768950588e-02,1.729126548e-01,6.591197370e-01,1.530084582e+00,1.939910577e+00,1.246287649e+00,3.232347601e-01,
1.236631144e-03,-2.380731809e-03,-3.220841604e-03,-5.604921003e-02,-2.640229131e-01,-6.806569060e-01,-9.707402286e-01,-7.175002668e-01,-2.144980587e-01,
1.589582986e-01
l,1.5,0.5
0.391,1.451,2.531,
5.147714345e-02,3.529375256e+00
8.601968177e-03,-1.026901760e-02,6.298220277e-03,3.930715991e-02,6.102920797e-02,4.601327119e-02,-8.659537761e-02,-1.341418952e-01,-4.530609055e-02,
1.409712368e-03,-2.800515733e-03,-1.841110600e-03,-3.670886857e-02,-1.314746127e-01,-2.620953053e-01,-2.890694054e-01,-1.660311013e-01,-3.889556526e-02,
1.587237949e-01
l,1.5,1.5
0.391,0.691,1.011,
5.373001107e-01,4.566178548e+00
3.590806946e-02,8.034011416e-02,1.557043034e+00,4.190498112e+01,4.933196805e+02,3.207411171e+03,1.172914070e+04,2.249615638e+04,1.759426282e+04,
3.681067420e-02,-3.144127369e-02,-1.192998242e+00,-3.334631746e+01,-4.290776580e+02,-2.916141349e+03,-1.091121159e+04,-2.122020478e+04,-1.675850256e+04,
1.591437440e-01
l,2.5,-2.5
0.571,1.651,2.751,
2.799507067e-03,5.614698786e+00
5.654895795e-04,-7.372517013e-04,4.297854686e-04,2.433498261e-03,3.556400654e-03,3.293260944e-03,-5.643156916e-03,-1.023269327e-02,-3.921663467e-03,
8.220540771e-05,-1.665580274e-04,-9.040080627e-05,-2.057312509e-03,-7.209601632e-03,-1.418595095e-02,-1.537666682e-02,-8.673175460e-03,-1.996991088e-03,
1.586625400e-01
l,2.5,-1.5
0.651,1.571,2.511,
2.880143885e-03,5.611972705e+00
1.451691962e-03,-1.655754968e-03,1.633710389e-04,1.085142448e-02,3.222666848e-02,9.346914608e-02,1.329114553e-01,8.147565988e-02,1.748142082e-02,
2.968885237e-04,-5.908225260e-04,-5.703955840e-04,-1.026971653e-02,-4.033311318e-02,-8.679016883e-02,-1.035166123e-01,-6.456391551e-02,-1.654828107e-02,
1.589100878e-01
l,2.5,-0.5
0.691,1.771,2.851,
4.420867016e-03,5.787826458e+00
2.259868896e-03,-3.047234339e-03,2.106762493e-03,1.298211156e-02,3.031371338e-02,5.826758895e-02,3.351217774e-02,-1.184419217e-02,-1.093488989e-02,
3.324145835e-04,-6.773156179e-04,-4.129721985e-04,-8.842819932e-03,-3.144236656e-02,-6.279810196e-02,-6.921958328e-02,-3.978337458e-02,-9.343797776e-03,
1.585697828e-01
l,2.5,0.5
0.711,1.631,2.571,
7.116434730e-03,5.187067293e+00
6.368474104e-03,-6.841726755e-03,7.390591336e-03,1.038167420e-01,3.688668132e-01,9.262659694e-01,1.252135745e+00,8.147887216e-01,2.039193279e-01,
1.303373484e-03,-2.598269752e-03,-2.985101228e-03,-5.479210745e-02,-2.403510081e-01,-5.698922769e-01,-7.402791318e-01,-4.973810034e-01,-1.356462725e-01,
1.589101087e-01
l,2.5,1.5
0.671,1.771,2.871,
2.379443745e-02,5.736302926e+00
1.086501032e-02,-1.433186098e-02,8.952615967e-03,4.472841783e-02,5.504707737e-02,1.246967688e-02,-2.133282136e-01,-2.930667116e-01,-1.069274819e-01,
1.578504143e-03,-3.209848672e-03,-1.837097512e-03,-4.035957283e-02,-1.416836516e-01,-2.786566515e-01,-3.020851961e-01,-1.705216245e-01,-3.928756003e-02,
1.585385556e-01
l,2.5,2.5
0.651,1.031,1.431,
1.312367923e-01,6.215036886e+00
5.070101097e-02,8.478374611e-02,1.548778681e+00,3.880294793e+01,3.993371217e+02,2.187358691e+03,6.573509917e+03,1.019709279e+04,6.384094048e+03,
4.439545174e-02,-5.439918279e-02,-1.221517119e+00,-3.152041490e+01,-3.532024331e+02,-2.018749331e+03,-6.197118109e+03,-9.727114995e+03,-6.135312230e+03,
1.591437365e-01
l,3.5,-3.5
0.831,1.891,2.951,
1.818013806e-04,8.382112071e+00
1.655048982e-04,-2.292973222e-04,1.555956466e-04,8.609102261e-04,1.650790448e-03,2.695257515e-03,3.615113928e-04,-2.148824878e-03,-1.092062026e-03,
2.453110246e-05,-5.031527587e-05,-2.990314672e-05,-6.610071416e-04,-2.375498635e-03,-4.814955945e-03,-5.392981572e-03,-3.153895733e-03,-7.546276463e-04,
1.585385597e-01
l,3.5,-2.5
0.931,1.851,2.791,
1.334155499e-04,7.708612038e+00
3.920476011e-04,-4.853537486e-04,-2.358709641e-04,7.503293966e-04,-1.148469478e-04,7.175287624e-03,1.652823923e-02,1.159750452e-02,2.496498933e-03,
7.591612180e-05,-1.542137911e-04,-1.159654327e-04,-2.272513034e-03,-8.008273456e-03,-1.525458977e-02,-1.577951086e-02,-8.374284795e-03,-1.807108702e-03,
1.589099666e-01
l,3.5,-1.5
0.991,2.051,3.131,
1.528362705e-04,7.898686503e+00
6.119398749e-04,-8.667322161e-04,5.876605666e-04,4.465305673e-03,1.370044866e-02,3.537042224e-02,4.076568924e-02,1.941668360e-02,2.933333941e-03,
8.398283642e-05,-1.738682673e-04,-8.373653156e-05,-2.141579605e-03,-7.555474093e-03,-1.512682744e-02,-1.668182139e-02,-9.599551125e-03,-2.262131051e-03,
1.585696862e-01
l,3.5,-0.5
1.031,1.971,2.911,
2.368129982e-04,6.813561102e+00
1.524945954e-03,-1.762219125e-03,5.252135835e-04,1.614466429e-02,5.222515777e-02,1.489124652e-01,2.289438063e-01,1.642423648e-01,4.451401301e-02,
2.946688434e-04,-6.026057619e-04,-4.622187770e-04,-9.531861347e-03,-3.825073765e-02,-8.597489808e-02,-1.073950058e-01,-7.005344215e-02,-1.873026182e-02,
1.588790542e-01
l,3.5,0.5
1.031,2.111,3.211,
4.520796960e-04,7.267992334e+00
2.645930974e-03,-3.661365831e-03,2.399816740e-03,2.117616719e-02,6.900644243e-02,1.844023353e-01,2.313812638e-01,1.286504368e-01,2.605024704e-02,
3.525258807e-04,-7.321924440e-04,-3.908697655e-04,-9.232663009e-03,-3.220515897e-02,-6.351948472e-02,-6.890231390e-02,-3.895665664e-02,-9.015614899e-03,
1.584769485e-01
l,3.5,1.5
1.031,1.971,2.931,
1.142991978e-03,6.265758891e+00
7.367767859e-03,-8.034305722e-03,4.165672997e-03,9.577134122e-02,3.243411533e-01,8.705796668e-01,1.290574563e+00,9.159782059e-01,2.488400050e-01,
1.399574785e-03,-2.857524705e-03,-2.919945308e-03,-5.412938631e-02,-2.233016204e-01,-5.048544381e-01,-6.287227349e-01,-4.065601526e-01,-1.071948825e-01,
1.588477661e-01
l,3.5,2.5
0.971,2.071,3.191,
3.680559507e-03,7.485406800e+00
1.362278964e-02,-1.851506246e-02,1.132094933e-02,8.097636262e-02,2.172589255e-01,5.018623444e-01,4.718932033e-01,1.363692772e-01,-7.945654312e-03,
1.816659749e-03,-3.757037213e-03,-1.210635507e-03,-3.744386762e-02,-1.221505335e-01,-2.310738188e-01,-2.429717866e-01,-1.341836724e-01,-3.052064192e-02,
1.583801725e-01
l,3.5,3.5
0.951,1.371,1.831,
1.776901056e-02,7.027953819e+00
6.419155747e-02,8.402313877e-02,8.610002038e-01,1.921440274e+01,1.600088590e+02,7.363080192e+02,1.934647891e+03,2.692529248e+03,1.535905229e+03,
5.004004939e-02,-7.173156332e-02,-7.587674330e-01,-1.479212764e+01,-1.303903992e+02,-6.092610797e+02,-1.577102559e+03,-2.128455476e+03,-1.168564624e+03,
1.591436608e-01
l,4.5,-4.5
1.111,2.151,3.191,
3.915903648e-06,1.099084095e+01
4.604685819e-05,-6.708489301e-05,4.911328782e-05,2.599839214e-04,5.848374689e-04,1.134672397e-03,5.567562813e-04,-3.878221741e-04,-2.795132511e-04,
6.709730809e-06,-1.393383843e-05,-7.340592372e-06,-1.812651466e-04,-6.583166758e-04,-1.358324266e-03,-1.549853503e-03,-9.244210719e-04,-2.257838796e-04,
1.585074283e-01
l,4.5,-3.5
1.211,2.111,3.011,
2.696523423e-06,1.059269972e+01
1.064145035e-04,-1.284758575e-04,1.891732165e-05,9.839663806e-04,3.146736686e-03,9.709912025e-03,1.554169194e-02,1.132632262e-02,3.083439512e-03,
2.173266410e-05,-4.472256816e-05,-2.827724524e-05,-6.254104995e-04,-2.450875158e-03,-5.504463014e-03,-6.960450509e-03,-4.635413294e-03,-1.275205940e-03,
1.588787952e-01
l,4.5,-2.5
1.291,2.311,3.331,
2.608312626e-06,1.039204527e+01
1.666167955e-04,-2.369168687e-04,1.636911879e-04,1.545913990e-03,5.167358916e-03,1.452258520e-02,1.965041876e-02,1.198994871e-02,2.716616027e-03,
2.486958828e-05,-5.197126476e-05,-2.694452767e-05,-6.836624797e-04,-2.515327274e-03,-5.273427218e-03,-6.123637389e-03,-3.724379689e-03,-9.305506359e-04,
1.585386366e-01
l,4.5,-1.5
1.351,2.291,3.231,
4.971293521e-06,8.945396626e+00
3.718227963e-04,-4.438996026e-04,2.196363889e-04,4.674841339e-03,1.511928651e-02,4.175777827e-02,6.418611993e-02,4.694331162e-02,1.308542162e-02,
6.838984178e-05,-1.422682656e-04,-1.318587251e-04,-2.637599970e-03,-1.098504381e-02,-2.527415416e-02,-3.206861687e-02,-2.116583291e-02,-5.707603463e-03,
1.589100067e-01
l,4.5,-0.5
1.371,2.411,3.471,
8.186186664e-06,8.824127861e+00
6.655104226e-04,-9.113825228e-04,4.797307011e-04,6.122897931e-03,2.006786396e-02,5.881510623e-02,8.595309479e-02,5.732623026e-02,1.435664753e-02,
9.197229757e-05,-1.932865390e-04,-9.047071856e-05,-2.427756661e-03,-8.657263201e-03,-1.760246649e-02,-1.973971149e-02,-1.156731899e-02,-2.785383458e-03,
1.585078051e-01
l,4.5,0.5
1.391,2.351,3.331,
2.259213723e-05,7.738656722e+00
1.594483969e-03,-1.806468948e-03,3.802623115e-04,1.768783634e-02,5.303548288e-02,1.455156662e-01,2.311466073e-01,1.742964001e-01,4.977502094e-02,
2.752588371e-04,-5.749114307e-04,-3.257022024e-04,-7.906893080e-03,-3.001474139e-02,-6.475084416e-02,-7.779757863e-02,-4.894375141e-02,-1.268415387e-02,
1.588790594e-01
l,4.5,1.5
1.371,2.471,3.571,
4.758645577e-05,8.003589759e+00
2.912336029e-03,-4.087525215e-03,2.308195299e-03,2.400043931e-02,7.788565388e-02,2.213587951e-01,3.054266107e-01,1.909065168e-01,4.466659444e-02,
3.692966230e-04,-7.786548547e-04,-3.542113954e-04,-9.512618174e-03,-3.297318770e-02,-6.511870734e-02,-7.062517705e-02,-3.994027543e-02,-9.264815203e-03,
1.584455293e-01
l,4.5,2.5
1.351,2.311,3.291,
1.747104703e-04,7.110198214e+00
8.280457929e-03,-8.876536090e-03,1.929207638e-03,9.458590733e-02,2.917668790e-01,7.841429946e-01,1.220186854e+00,9.077678897e-01,2.566906301e-01,
1.480445834e-03,-3.078506239e-03,-1.900447103e-03,-4.335483492e-02,-1.652825797e-01,-3.562836007e-01,-4.282790258e-01,-2.694680427e-01,-6.975162132e-02,
1.588130500e-01
l,4.5,3.5
1.291,2.391,3.511,
4.467648787e-04,8.249022108e+00
1.619751006e-02,-2.238843871e-02,1.383289600e-02,1.203136365e-01,3.793503498e-01,9.971754867e-01,1.226258981e+00,6.645542717e-01,1.303601489e-01,
2.071329322e-03,-4.342232204e-03,-1.644120206e-03,-4.555871227e-02,-1.484205675e-01,-2.810423784e-01,-2.954130247e-01,-1.631670576e-01,-3.717702923e-02,
1.583456058e-01
l,4.5,4.5
1.231,1.711,2.231,
2.311992197e-03,8.316461115e+00
7.653661072e-02,8.762735987e-02,7.652797979e-01,1.698122082e+01,1.305501157e+02,5.418861614e+02,1.268138461e+03,1.559917789e+03,7.825763487e+02,
5.352676161e-02,-8.465368964e-02,-7.101107417e-01,-1.337995655e+01,-1.088654317e+02,-4.617121330e+02,-1.071612133e+03,-1.285478424e+03,-6.236842221e+02,
1.591437458e-01
l,5.5,-5.5
1.391,2.391,3.411,
2.636071762e-08,1.481938633e+01
1.298408006e-05,-1.930394831e-05,1.371368651e-05,8.076818190e-05,1.919781505e-04,4.341937959e-04,3.458492608e-04,9.046188116e-06,-5.631362341e-05,
1.903366514e-06,-3.991163228e-06,-1.994973141e-06,-5.186396275e-05,-1.902923298e-04,-3.986737933e-04,-4.624308127e-04,-2.809073510e-04,-7.002439934e-05,
1.585072685e-01
l,5.5,-4.5
1.511,2.391,3.271,
2.608241552e-08,1.315222400e+01
2.779640090e-05,-3.343931713e-05,2.980250193e-05,4.555727841e-04,1.622386220e-03,4.399412802e-03,6.564392173e-03,4.759593669e-03,1.338787673e-03,
5.695357326e-06,-1.187101159e-05,-1.615241608e-05,-2.789536286e-04,-1.226764939e-03,-2.977972586e-03,-4.013882215e-03,-2.826118212e-03,-8.139493268e-04,
1.589096893e-01
l,5.5,-3.5
1.591,2.571,3.551,
1.299950804e-08,1.413501844e+01
4.449627158e-05,-6.206732471e-05,3.852917786e-05,4.524859291e-04,1.499914669e-03,4.342698142e-03,6.295810952e-03,4.183894245e-03,1.045881472e-03,
7.037243207e-06,-1.483756098e-05,-7.736738923e-06,-2.028768658e-04,-7.680989982e-04,-1.662997054e-03,-2.001353286e-03,-1.263534811e-03,-3.283738571e-04,
1.585694071e-01
l,5.5,-2.5
1.671,2.571,3.491,
3.970914923e-08,1.195165287e+01
9.415453678e-05,-1.084353646e-04,4.382221403e-05,1.286323469e-03,4.184224450e-03,1.162011682e-02,1.862656704e-02,1.440506979e-02,4.265406174e-03,
1.782325265e-05,-3.749204507e-05,-3.627334718e-05,-7.215923508e-04,-3.048532073e-03,-7.126273168e-03,-9.208020278e-03,-6.195675002e-03,-1.705140091e-03,
1.589099214e-01
l,5.5,-1.5
1.711,2.691,3.691,
7.307461699e-08,1.135391708e+01
1.686751057e-04,-2.202405072e-04,7.776629882e-05,1.654749046e-03,4.962102070e-03,1.501186903e-02,2.428951806e-02,1.806412002e-02,5.040942859e-03,
2.596736825e-05,-5.502586815e-05,-2.550734869e-05,-7.168003595e-04,-2.664894540e-03,-5.673219491e-03,-6.700739467e-03,-4.146681233e-03,-1.057877858e-03,
1.585696862e-01
l,5.5,-0.5
1.751,2.691,3.651,
2.175115295e-07,1.028098730e+01
3.633231972e-04,-4.147909680e-04,7.289961877e-05,4.192432333e-03,1.195224280e-02,3.211143902e-02,5.227971566e-02,4.076948702e-02,1.204198392e-02,
6.308135788e-05,-1.334749166e-04,-1.067276164e-04,-2.319003556e-03,-9.470422099e-03,-2.141757336e-02,-2.663970990e-02,-1.720421512e-02,-4.541925344e-03,
1.589100670e-01
l,5.5,0.5
1.751,2.771,3.811,
6.593010936e-07,9.458015484e+00
7.012495771e-04,-9.031856922e-04,2.296819192e-04,6.106995122e-03,1.641669731e-02,4.925348684e-02,8.066888753e-02,6.001657778e-02,1.660462588e-02,
9.981379925e-05,-2.123320238e-04,-9.597442178e-05,-2.699102435e-03,-9.735674919e-03,-2.008183887e-02,-2.288497378e-02,-1.363426841e-02,-3.346521938e-03,
1.585388234e-01
l,5.5,1.5
1.751,2.731,3.711,
2.494920157e-06,8.525112107e+00
1.637539943e-03,-1.839356347e-03,1.591154372e-06,1.536667304e-02,3.592106088e-02,9.342751927e-02,1.586346182e-01,1.265496329e-01,3.757985976e-02,
2.754375191e-04,-5.837867128e-04,-3.420328393e-04,-8.207903435e-03,-3.108202336e-02,-6.701558748e-02,-8.042102645e-02,-5.052376437e-02,-1.308832646e-02,
1.588785854e-01
l,5.5,2.5
1.711,2.811,3.931,
6.144438030e-06,8.586748458e+00
3.218238940e-03,-4.370712430e-03,1.456377792e-03,2.380144646e-02,6.678852048e-02,1.980580585e-01,2.969816007e-01,1.999631167e-01,5.003288042e-02,
3.829911209e-04,-8.173859643e-04,-1.699741763e-04,-7.952573154e-03,-2.552381350e-02,-4.854288409e-02,-5.107521125e-02,-2.823656497e-02,-6.476418203e-03,
1.584382581e-01
l,5.5,3.5
1.691,2.651,3.631,
2.057199242e-05,8.389532405e+00
9.128212929e-03,-9.491886402e-03,-1.965905023e-04,8.957998384e-02,2.238746869e-01,5.741608014e-01,9.519717730e-01,7.510324307e-01,2.219175937e-01,
1.613887828e-03,-3.402039308e-03,-2.236954312e-03,-4.914304333e-02,-1.870433800e-01,-4.027061684e-01,-4.835149093e-01,-3.038541864e-01,-7.861359948e-02,
1.587781706e-01
l,5.5,4.5
1.591,2.731,3.871,
5.943706813e-05,8.954821441e+00
1.832029969e-02,-2.591942926e-02,1.452058106e-02,1.383184204e-01,4.484440046e-01,1.239570079e+00,1.633017410e+00,9.693636896e-01,2.146996741e-01,
2.151209761e-03,-4.567775754e-03,-1.134337926e-03,-4.400029317e-02,-1.399048650e-01,-2.617455501e-01,-2.708059349e-01,-1.472060325e-01,-3.308042291e-02,
1.582887787e-01
l,5.5,5.5
1.531,2.051,2.611,
2.619954275e-04,9.423370864e+00
8.787071705e-02,9.098417208e-02,6.686266873e-01,1.529291176e+01,1.125918847e+02,4.398538861e+02,9.601278363e+02,1.095849995e+03,5.084944502e+02,
5.714032713e-02,-9.590496185e-02,-5.311409177e-01,-8.571704975e+00,-6.030072071e+01,-2.267770246e+02,-4.776552241e+02,-5.274407837e+02,-2.376871468e+02,
1.591437196e-01
l,6.5,-6.5
1.671,2.631,3.611,
2.744721759e-11,2.019871831e+01
3.594105010e-06,-5.329307360e-06,4.232515434e-06,3.246254730e-05,1.064021161e-04,2.797704473e-04,3.365492673e-04,1.746095230e-04,3.119501555e-05,
5.606835179e-07,-1.184803036e-06,-5.756627661e-07,-1.577134229e-05,-5.962246341e-05,-1.290863186e-04,-1.553711504e-04,-9.815114757e-05,-2.548511551e-05,
1.584452237e-01
l,6.5,-5.5
1.791,2.671,3.571,
6.881338781e-12,2.084378063e+01
7.155796084e-06,-9.075680590e-06,5.598065859e-06,9.738219169e-05,3.276378377e-04,9.322601002e-04,1.442138941e-03,1.059835183e-03,2.977394310e-04,
1.362863437e-06,-2.875689654e-06,-2.734277521e-06,-5.551574287e-05,-2.376394994e-04,-5.650130978e-04,-7.440495619e-04,-5.113694805e-04,-1.438871576e-04,
1.589095290e-01
l,6.5,-4.5
1.911,2.831,3.771,
3.937381046e-11,1.714850285e+01
1.172368957e-05,-1.600396717e-05,1.005761681e-05,1.428407276e-04,4.774932565e-04,1.382966077e-03,2.111746975e-03,1.512880590e-03,4.126707778e-04,
1.984382017e-06,-4.216583242e-06,-3.585056313e-06,-7.669894899e-05,-3.178522564e-04,-7.319706025e-04,-9.282772907e-04,-6.128989635e-04,-1.654539469e-04,
1.586621885e-01
l,6.5,-3.5
1.991,2.891,3.791,
7.056572075e-11,1.608965959e+01
2.254417086e-05,-2.782447577e-05,1.252283853e-05,3.004757014e-04,9.633787456e-04,2.698514574e-03,4.313158386e-03,3.311137765e-03,9.728605038e-04,
4.242942448e-06,-9.021662151e-06,-8.007969664e-06,-1.703742019e-04,-7.281172787e-04,-1.732342688e-03,-2.281668809e-03,-1.567350171e-03,-4.409958731e-04,
1.589268815e-01
l,6.5,-2.5
2.051,2.991,3.931,
1.447596121e-10,1.523948047e+01
4.102594903e-05,-5.248385168e-05,2.251890086e-05,4.896821256e-04,1.513909036e-03,4.295257286e-03,6.835257942e-03,5.147519044e-03,1.472548228e-03,
7.002229493e-06,-1.495437714e-05,-1.206375867e-05,-2.678494845e-04,-1.109494340e-03,-2.555592315e-03,-3.242106030e-03,-2.139757151e-03,-5.776571843e-04,
1.586925230e-01
l,6.5,-1.5
2.091,3.011,3.931,
4.668814232e-10,1.407993891e+01
8.450807218e-05,-9.552620607e-05,1.767546233e-05,1.065302530e-03,3.093403634e-03,8.215669737e-03,1.350328613e-02,1.078099512e-02,3.278081320e-03,
1.561735010e-05,-3.335282612e-05,-2.852955602e-05,-6.128773196e-04,-2.578393963e-03,-6.026829884e-03,-7.784567369e-03,-5.233718359e-03,-1.440547688e-03,
1.589100067e-01
l,6.5,-0.5
2.111,3.071,4.051,
1.516825103e-09,1.317261564e+01
1.662461000e-04,-1.945133810e-04,9.709623121e-06,1.721444231e-03,4.340660859e-03,1.154760573e-02,1.951137482e-02,1.559920985e-02,4.668502721e-03,
2.686613164e-05,-5.757739471e-05,-2.914029417e-05,-7.853559240e-04,-2.963014301e-03,-6.397769809e-03,-7.681075539e-03,-4.829570267e-03,-1.253896071e-03,
1.586626039e-01
l,6.5,0.5
2.131,3.071,4.031,
7.876959827e-09,1.186109453e+01
3.586116945e-04,-3.728006658e-04,-4.038683250e-05,4.072477019e-03,1.023312507e-02,2.385013682e-02,3.875881319e-02,3.129820084e-02,9.585828020e-03,
6.254111649e-05,-1.339482881e-04,-1.141457652e-04,-2.407941393e-03,-9.830021889e-03,-2.220354113e-02,-2.758441177e-02,-1.777567393e-02,-4.683119504e-03,
1.588790594e-01
l,6.5,1.5
2.131,3.131,4.131,
6.074625151e-08,1.019248643e+01
7.240913110e-04,-8.674820617e-04,3.197687910e-05,6.202793164e-03,1.311619180e-02,3.613949097e-02,6.443168863e-02,5.221793616e-02,1.552449651e-02,
1.121568565e-04,-2.408672764e-04,-1.237650877e-04,-3.260463876e-03,-1.211969258e-02,-2.574896504e-02,-3.036287777e-02,-1.873982454e-02,-4.771850836e-03,
1.585381354e-01
l,6.5,2.5
2.111,3.111,4.111,
2.318054248e-07,9.614077419e+00
1.662272960e-03,-1.867907981e-03,-3.150986134e-04,1.380538798e-02,2.468270880e-02,5.508824715e-02,9.895724054e-02,8.300330418e-02,2.534724412e-02,
2.613108213e-04,-5.607386664e-04,-3.004188479e-04,-7.635309382e-03,-2.831578394e-02,-6.002368284e-02,-7.057859404e-02,-4.338985997e-02,-1.101383189e-02,
1.589023420e-01
l,6.5,3.5
2.071,3.151,4.251,
8.067059058e-07,9.302697804e+00
3.481192049e-03,-4.506061374e-03,8.675319313e-04,2.532353512e-02,6.315611331e-02,1.836249713e-01,2.886103001e-01,2.040356007e-01,5.338965053e-02,
4.290590084e-04,-9.238979589e-04,-3.009823383e-04,-1.075731353e-02,-3.700740916e-02,-7.313641325e-02,-7.925204028e-02,-4.470154270e-02,-1.037193511e-02,
1.583385231e-01
l,6.5,4.5
2.031,3.011,4.011,
2.613952405e-06,9.279732036e+00
9.714093059e-03,-1.035671999e-02,-1.440851267e-03,8.373027841e-02,1.736458190e-01,4.227624295e-01,7.355080519e-01,5.994082338e-01,1.798340050e-01,
1.601701470e-03,-3.419230925e-03,-1.924509726e-03,-4.665543715e-02,-1.738923232e-01,-3.683207698e-01,-4.338351467e-01,-2.671549176e-01,-6.778598667e-02,
1.587834311e-01
l,6.5,5.5
1.911,3.051,4.191,
1.383435825e-05,8.837780161e+00
2.094157971e-02,-2.907477542e-02,1.267740396e-02,1.515004294e-01,4.485911419e-01,1.296076585e+00,1.840705102e+00,1.176810224e+00,2.805719926e-01,
2.413115584e-03,-5.170752862e-03,-1.317980786e-03,-5.077303129e-02,-1.612225550e-01,-3.017946776e-01,-3.122666664e-01,-1.697549128e-01,-3.821544501e-02,
1.582280008e-01
l,6.5,6.5
1.851,2.411,2.991,
3.549153869e-05,1.003173562e+01
9.951441735e-02,8.212660340e-02,4.964347594e-01,1.089573904e+01,6.901833418e+01,2.368184022e+02,4.670256231e+02,4.911618983e+02,2.125150918e+02,
5.962415101e-02,-1.047211508e-01,-5.442234135e-01,-8.800163494e+00,-6.033466836e+01,-2.205415906e+02,-4.500969432e+02,-4.804860868e+02,-2.090274201e+02,
1.591436790e-01
l,7.5,-7.5
1.951,2.911,3.871,
0.000000000e+00,0.000000000e+00
9.272922057e-07,-1.415806625e-06,1.197780691e-06,8.284229576e-06,2.441946539e-05,6.079164606e-05,6.744446236e-05,2.953396112e-05,3.281578915e-06,
1.450745164e-07,-3.092615368e-07,-2.389948679e-07,-5.378227469e-06,-2.194462310e-05,-4.983291943e-05,-6.213919744e-05,-4.030535093e-05,-1.066546111e-05,
1.585687786e-01
l,7.5,-6.5
2.091,2.971,3.851,
0.000000000e+00,0.000000000e+00
1.770610993e-06,-2.364451724e-06,1.606898661e-06,2.275059404e-05,7.390709787e-05,2.065157093e-04,3.073188480e-04,2.150503446e-04,5.720835650e-05,
3.379209868e-07,-7.199069662e-07,-6.203685021e-07,-1.366930248e-05,-5.948674741e-05,-1.445274241e-04,-1.947940568e-04,-1.371729390e-04,-3.956668707e-05,
1.589093280e-01
l,7.5,-5.5
2.211,3.091,3.991,
4.284124320e-15,2.364592155e+01
3.039348030e-06,-3.981097624e-06,2.431807342e-06,4.249054951e-05,1.504597149e-04,4.428986601e-04,7.042970954e-04,5.352597699e-04,1.565580206e-04,
5.574321124e-07,-1.192630762e-06,-1.027339455e-06,-2.244490867e-05,-9.604326658e-05,-2.290278357e-04,-3.022484461e-04,-2.081016845e-04,-5.866527748e-05,
1.586920863e-01
l,7.5,-4.5
2.311,3.171,4.051,
2.192969481e-14,2.119092611e+01
5.615645023e-06,-6.802567780e-06,2.906415233e-06,8.035224703e-05,2.640989930e-04,7.569558722e-04,1.253520655e-03,1.003776722e-03,3.086463197e-04,
1.093493485e-06,-2.343594625e-06,-2.062266553e-06,-4.471505343e-05,-1.944707583e-04,-4.718471020e-04,-6.354122819e-04,-4.468553393e-04,-1.288297504e-04,
1.589267691e-01
l,7.5,-3.5
2.371,3.271,4.171,
1.176085086e-14,2.180902455e+01
1.016234000e-05,-1.243716842e-05,4.276551115e-06,1.317233676e-04,3.858539554e-04,1.063518386e-03,1.759448890e-03,1.401359398e-03,4.252000676e-04,
1.880743546e-06,-4.044194754e-06,-3.609360591e-06,-7.708303172e-05,-3.291246888e-04,-7.831249963e-04,-1.031428766e-03,-7.085853750e-04,-1.995217059e-04,
1.587852674e-01
l,7.5,-2.5
2.431,3.331,4.231,
1.253690377e-13,1.927581765e+01
1.963099021e-05,-2.253149170e-05,3.763026112e-06,2.545410898e-04,7.269786747e-04,1.908725128e-03,3.170546122e-03,2.580423283e-03,8.023596966e-04,
3.684861799e-06,-7.936125790e-06,-6.791050466e-06,-1.483003008e-04,-6.325330516e-04,-1.504372803e-03,-1.980805200e-03,-1.359351652e-03,-3.824014755e-04,
1.589269856e-01
l,7.5,-1.5
2.471,3.391,4.331,
4.467717565e-13,1.824027535e+01
3.815854143e-05,-4.322070511e-05,7.488967235e-07,4.420314757e-04,1.156272103e-03,2.937666630e-03,4.912996553e-03,4.001913321e-03,1.234266251e-03,
6.609379291e-06,-1.427069334e-05,-1.090918664e-05,-2.506759692e-04,-1.035597542e-03,-2.381508481e-03,-3.016511297e-03,-1.985318384e-03,-5.350089290e-04,
1.587855831e-01
l,7.5,-0.5
2.511,3.431,4.351,
9.415394127e-12,1.546457353e+01
7.728097989e-05,-8.463870104e-05,-1.198388260e-06,9.248664409e-04,2.426490662e-03,5.915622763e-03,9.741853130e-03,7.942519331e-03,2.464164517e-03,
1.410852129e-05,-3.047713464e-05,-2.439746777e-05,-5.477374878e-04,-2.297523596e-03,-5.366713988e-03,-6.924569643e-03,-4.647270822e-03,-1.277470911e-03,
1.588961508e-01
l,7.5,0.5
2.511,3.471,4.431,
3.497538438e-11,1.473633154e+01
1.578779047e-04,-1.753685639e-04,-9.945652330e-06,1.702426474e-03,3.980677656e-03,9.163012051e-03,1.501671796e-02,1.211317084e-02,3.679950472e-03,
2.640324934e-05,-5.714460549e-05,-4.541996916e-05,-1.009746836e-03,-4.111183580e-03,-9.293480583e-03,-1.154460973e-02,-7.440815996e-03,-1.962136003e-03,
1.587237405e-01
l,7.5,1.5
2.511,3.471,4.431,
2.739684089e-10,1.333498500e+01
3.430944926e-04,-3.548794820e-04,-7.456869655e-05,3.643183837e-03,8.504830666e-03,1.851723443e-02,2.981830884e-02,2.410035701e-02,7.362976165e-03,
5.886300926e-05,-1.273908473e-04,-9.560406523e-05,-2.190417705e-03,-8.912079493e-03,-2.012610581e-02,-2.499221944e-02,-1.608721709e-02,-4.234291706e-03,
1.588783699e-01
l,7.5,2.5
2.491,3.471,4.471,
3.120330403e-09,1.163054925e+01
7.558770012e-04,-7.978879405e-04,-3.448672542e-04,5.912975037e-03,7.115507465e-03,1.092801348e-02,2.672318889e-02,2.772832999e-02,9.638237705e-03,
1.199760741e-04,-2.598689344e-04,-1.280617983e-04,-3.441439174e-03,-1.274370203e-02,-2.698373679e-02,-3.172865401e-02,-1.951231538e-02,-4.961041705e-03,
1.585582466e-01
l,7.5,3.5
2.451,3.491,4.531,
1.229669409e-08,1.121851506e+01
1.666940982e-03,-1.868408961e-03,-6.353917371e-04,1.170953582e-02,1.515385676e-02,2.509329635e-02,4.991118789e-02,4.477808546e-02,1.396270318e-02,
2.351189157e-04,-5.098770309e-04,-1.962541325e-04,-6.298266455e-03,-2.248237426e-02,-4.619481417e-02,-5.230876039e-02,-3.086773502e-02,-7.529978868e-03,
1.589125525e-01
l,7.5,4.5
2.411,3.471,4.551,
1.062878555e-07,1.001065905e+01
3.813898889e-03,-4.508792692e-03,-3.667443941e-04,2.644381267e-02,5.111557929e-02,1.375679645e-01,2.383053573e-01,1.842924957e-01,5.186048664e-02,
4.994815437e-04,-1.083218591e-03,-3.424952214e-04,-1.264089942e-02,-4.401968737e-02,-8.806166322e-02,-9.684402271e-02,-5.541496713e-02,-1.306114284e-02,
1.583486190e-01
l,7.5,5.5
2.351,3.351,4.371,
2.777238105e-07,1.030488847e+01
1.043467969e-02,-1.062088474e-02,-3.960671020e-03,8.099687630e-02,1.241117650e-01,2.271355332e-01,4.307590883e-01,3.826108104e-01,1.206366906e-01,
1.644673185e-03,-3.545306980e-03,-1.939516301e-03,-4.780267455e-02,-1.751107396e-01,-3.647318947e-01,-4.213801022e-01,-2.540503786e-01,-6.312968903e-02,
1.587844340e-01
l,7.5,6.5
2.251,3.371,4.531,
1.437732562e-06,1.004122717e+01
2.359182015e-02,-3.182775786e-02,7.499671958e-03,1.458318705e-01,3.463731991e-01,1.067734789e+00,1.669838669e+00,1.145643003e+00,2.886057001e-01,
2.578324223e-03,-5.571183935e-03,-9.451399022e-04,-5.145638500e-02,-1.600543821e-01,-2.957537586e-01,-3.011498255e-01,-1.610214416e-01,-3.576124238e-02,
1.582283797e-01
l,7.5,7.5
2.171,2.751,3.371,
3.979027405e-06,1.094471595e+01
1.091343984e-01,8.707382783e-02,4.700373840e-01,1.057219058e+01,6.582338819e+01,2.199077843e+02,4.201805678e+02,4.270798462e+02,1.783718162e+02,
6.113433294e-02,-1.113294969e-01,-5.253312106e-01,-8.389307996e+00,-5.491492215e+01,-1.902342295e+02,-3.657862648e+02,-3.662128087e+02,-1.489383068e+02,
1.591437297e-01
l,8.5,-8.5
2.111,2.231,2.391,
0.000000000e+00,0.000000000e+00
1.489658985e-06,6.361495228e-06,2.627374730e-04,1.604653186e-02,4.094429553e-01,5.849348048e+00,4.769267141e+01,2.058575747e+02,3.642838126e+02,
1.387936396e-06,-2.736775526e-06,-1.953105660e-04,-1.132460025e-02,-2.915000903e-01,-3.963576109e+00,-2.967013005e+01,-1.153794821e+02,-1.821494905e+02,
1.591435746e-01
l,8.5,-7.5
2.411,3.251,4.111,
0.000000000e+00,0.000000000e+00
4.470228987e-07,-6.128245234e-07,4.518341303e-07,6.339381054e-06,2.171497350e-05,6.235484486e-05,9.551092285e-05,6.954719855e-05,1.944427166e-05,
8.701104032e-08,-1.867974139e-07,-1.731601466e-07,-3.706748522e-06,-1.637338880e-05,-4.045534505e-05,-5.555554741e-05,-3.992787156e-05,-1.176813720e-05,
1.589262516e-01
l,8.5,-6.5
2.531,3.391,4.271,
0.000000000e+00,0.000000000e+00
7.420504176e-07,-1.014811816e-06,6.484905134e-07,1.038073866e-05,3.640871654e-05,1.077216835e-04,1.719743571e-04,1.315463155e-04,3.887041148e-05,
1.372376627e-07,-2.958757160e-07,-2.425482246e-07,-5.535574536e-06,-2.396796983e-05,-5.813127903e-05,-7.815616066e-05,-5.491143482e-05,-1.581950850e-05,
1.587850307e-01
l,8.5,-5.5
2.631,3.471,4.331,
0.000000000e+00,0.000000000e+00
1.355738959e-06,-1.668774603e-06,7.811861063e-07,2.025398013e-05,6.753846122e-05,1.904233077e-04,3.099490254e-04,2.461027198e-04,7.555148933e-05,
2.688475270e-07,-5.804901796e-07,-5.441331555e-07,-1.164826238e-05,-5.144299218e-05,-1.269656398e-04,-1.742320704e-04,-1.249893258e-04,-3.678203387e-05,
1.589575886e-01
l,8.5,-4.5
2.711,3.571,4.431,
0.000000000e+00,0.000000000e+00
2.427042091e-06,-2.948410262e-06,1.254157996e-06,3.487693975e-05,1.106273608e-04,3.071384997e-04,5.026828829e-04,4.006007173e-04,1.228082747e-04,
4.820592708e-07,-1.043364311e-06,-9.599640999e-07,-2.078807864e-05,-9.185712655e-05,-2.268519215e-04,-3.115971027e-04,-2.237525212e-04,-6.591559523e-05,
1.588473537e-01
l,8.5,-3.5
2.771,3.631,4.491,
0.000000000e+00,0.000000000e+00
4.637256097e-06,-5.177856490e-06,1.297009709e-06,6.951008646e-05,2.155975621e-04,5.741690715e-04,9.555229689e-04,7.899106953e-04,2.519305647e-04,
9.433242917e-07,-2.044564563e-06,-2.008618589e-06,-4.167567840e-05,-1.842475617e-04,-4.544453345e-04,-6.237804704e-04,-4.474353292e-04,-1.316745587e-04,
1.589267640e-01
l,8.5,-2.5
2.831,3.711,4.591,
7.563308546e-17,2.283991450e+01
8.736275049e-06,-9.911858509e-06,1.546207909e-06,1.185300612e-04,3.340210658e-04,8.578707651e-04,1.436047274e-03,1.192021749e-03,3.791798705e-04,
1.690407094e-06,-3.671989186e-06,-3.348557843e-06,-7.169818854e-05,-3.111465702e-04,-7.535826583e-04,-1.012870815e-03,-7.104625068e-04,-2.044199661e-04,
1.588476665e-01
l,8.5,-1.5
2.871,3.751,4.651,
7.837794768e-16,2.095723035e+01
1.745669033e-05,-1.824734518e-05,-1.746414685e-06,2.336284163e-04,6.478886411e-04,1.545392722e-03,2.537687758e-03,2.122667045e-03,6.844450554e-04,
3.306351154e-06,-7.191499564e-06,-6.374032748e-06,-1.369220604e-04,-5.836545153e-04,-1.386181558e-03,-1.822616388e-03,-1.247678043e-03,-3.501156631e-04,
1.589270801e-01
l,8.5,-0.5
2.891,3.811,4.731,
5.643780832e-15,1.957374169e+01
3.441446825e-05,-3.741484531e-05,-3.646205431e-06,4.088011623e-04,1.029050482e-03,2.391402182e-03,3.932938144e-03,3.246589892e-03,1.020648207e-03,
6.184152227e-06,-1.347330694e-05,-1.059976895e-05,-2.424269042e-04,-1.015337703e-03,-2.371012912e-03,-3.056960934e-03,-2.049427082e-03,-5.629972174e-04,
1.588479199e-01
l,8.5,0.5
2.911,3.831,4.751,
1.199408380e-13,1.731257369e+01
7.208853640e-05,-7.378738567e-05,-1.467103141e-05,8.751217643e-04,2.160735985e-03,4.578859044e-03,7.244273174e-03,5.949557161e-03,1.876586401e-03,
1.319311704e-05,-2.875506672e-05,-2.523992334e-05,-5.396667782e-04,-2.264151581e-03,-5.282808564e-03,-6.808308805e-03,-4.560937246e-03,-1.251432372e-03,
1.589272633e-01
l,8.5,1.5
2.911,3.871,4.831,
1.108398702e-12,1.594015635e+01
1.490819996e-04,-1.610998505e-04,-3.228634139e-05,1.559351748e-03,3.467864164e-03,7.154344966e-03,1.134650206e-02,9.151137076e-03,2.795092992e-03,
2.465738150e-05,-5.382709086e-05,-3.981413325e-05,-9.295643347e-04,-3.771732649e-03,-8.518145408e-03,-1.056491152e-02,-6.792571961e-03,-1.787418412e-03,
1.587850898e-01
l,8.5,2.5
2.891,3.831,4.791,
1.100974779e-11,1.456897740e+01
3.397231922e-04,-3.097954862e-04,-1.581804513e-04,3.659162314e-03,8.741731878e-03,1.753125082e-02,2.761584840e-02,2.281473815e-02,7.202016841e-03,
5.994574582e-05,-1.307513492e-04,-9.377061786e-05,-2.211824783e-03,-8.996985417e-03,-2.028773814e-02,-2.518186575e-02,-1.618065299e-02,-4.247807782e-03,
1.588364728e-01
l,8.5,3.5
2.851,3.851,4.871,
1.013227210e-10,1.336963439e+01
7.502285880e-04,-7.807907480e-04,-4.809197349e-04,5.476219077e-03,3.527686219e-03,-4.391653922e-03,-1.698534640e-04,6.589722027e-03,3.389057331e-03,
1.120206575e-04,-2.447014423e-04,-1.215747313e-04,-3.228710017e-03,-1.172578753e-02,-2.440281086e-02,-2.810185620e-02,-1.691089823e-02,-4.215893724e-03,
1.587026433e-01
l,8.5,4.5
2.811,3.831,4.871,
7.258547089e-10,1.250689301e+01
1.729691052e-03,-1.719795426e-03,-1.072643153e-03,1.285048023e-02,1.932276189e-02,2.430463091e-02,4.047482802e-02,3.640437432e-02,1.171169169e-02,
2.497313596e-04,-5.454149049e-04,-2.238659654e-04,-6.896641753e-03,-2.462251511e-02,-5.045715996e-02,-5.698202925e-02,-3.343496780e-02,-8.099411064e-03,
1.588744825e-01
l,8.5,5.5
2.751,3.811,4.891,
1.100259718e-08,1.095356071e+01
4.033145960e-03,-4.501007972e-03,-1.341454607e-03,2.604176477e-02,3.771073544e-02,8.503990935e-02,1.643181406e-01,1.383197348e-01,4.111000632e-02,
5.307040000e-04,-1.159046990e-03,-3.348611125e-04,-1.330108121e-02,-4.616299444e-02,-9.220592983e-02,-1.012153695e-01,-5.774730667e-02,-1.358422851e-02,
1.584123360e-01
l,8.5,6.5
2.671,3.691,4.731,
7.752889548e-08,1.025905148e+01
1.109035034e-02,-1.071153051e-02,-6.358299746e-03,8.184418057e-02,1.062507613e-01,1.236176073e-01,2.545176561e-01,2.551263546e-01,8.637941191e-02,
1.677319698e-03,-3.645429597e-03,-1.841931500e-03,-4.774480637e-02,-1.718219069e-01,-3.519888836e-01,-3.988979378e-01,-2.354206983e-01,-5.728450166e-02,
1.587848143e-01
l,8.5,7.5
2.591,3.711,4.851,
2.075381288e-07,1.073361774e+01
2.555602975e-02,-3.428583971e-02,5.966662079e-03,1.478835867e-01,2.910116887e-01,9.116842099e-01,1.508375849e+00,1.073648799e+00,2.774800533e-01,
2.861156803e-03,-6.223079492e-03,-1.131095455e-03,-5.912786919e-02,-1.863118073e-01,-3.489636612e-01,-3.607338019e-01,-1.959123973e-01,-4.423394865e-02,
1.582285219e-01
l,8.5,8.5
2.471,3.091,3.751,
3.724253071e-07,1.198164893e+01
1.179310009e-01,9.173182539e-02,4.142006226e-01,9.718980190e+00,5.842146046e+01,1.852643524e+02,3.333439890e+02,3.177641331e+02,1.241890356e+02,
6.181414239e-02,-1.159624623e-01,-4.933979329e-01,-7.830902706e+00,-4.915287685e+01,-1.620530455e+02,-2.947986423e+02,-2.779437244e+02,-1.061173139e+02,
1.591437155e-01
