l,0.5,-0.5
0.171,1.191,2.231,
5.089792617e-02,2.011483144e+00
6.033236161e-03,-6.307616985e-03,4.382764929e-03,4.474098749e-02,1.366156534e-01,2.946738857e-01,3.488542535e-01,2.222611139e-01,6.129707755e-02,
1.164411398e-03,-2.231994169e-03,-1.680295859e-03,-3.079300577e-02,-1.141636097e-01,-2.344050168e-01,-2.675173845e-01,-1.592017425e-01,-3.866158623e-02,
1.588790496e-01
l,0.5,0.5
0.171,0.371,0.611,
6.018190262e-01,2.676451431e+00
2.028691955e-02,8.238576921e-02,3.490667203e+00,1.493654991e+02,2.916742865e+03,2.986445768e+04,1.650371685e+05,4.666264232e+05,5.301146465e+05,
2.560780640e-02,-2.850146607e-03,-2.389772719e+00,-1.161837729e+02,-2.359597967e+03,-2.357248131e+04,-1.233594962e+05,-3.253287766e+05,-3.418135878e+05,
1.591437433e-01
l,1.5,-1.5
0.371,1.451,2.551,
1.136184416e-02,3.331787346e+00
1.714839949e-03,-2.086371960e-03,1.262050764e-03,8.453467388e-03,1.783231077e-02,2.961793900e-02,1.800782514e-02,7.754184205e-04,-1.276722446e-03,
2.687289527e-04,-5.318923903e-04,-3.135533658e-04,-6.633692487e-03,-2.338615290e-02,-4.596710753e-02,-4.985005389e-02,-2.812081246e-02,-6.469026455e-03,
1.586927298e-01
l,1.5,-0.5
0.411,1.331,2.251,
2.709534078e-02,3.819103327e+00
4.959762096e-03,-5.389347191e-03,2.175009201e-03,4.137130406e-02,1.160626406e-01,2.648455078e-01,2.840422496e-01,1.124132077e-01,6.335936305e-03,
1.121126481e-03,-2.153892419e-03,-2.323779267e-03,-3.993935680e-02,-1.644459162e-01,-3.700128664e-01,-4.622953647e-01,-3.019383470e-01,-8.077901963e-02,
1.589582939e-01
l,1.5,0.5
0.411,1.491,2.591,
4.763858363e-02,3.618826606e+00
8.475444280e-03,-1.032430749e-02,6.345425966e-03,3.653583742e-02,5.271118583e-02,3.109700856e-02,-1.015246243e-01,-1.433636491e-01,-4.846708238e-02,
1.334672135e-03,-2.641599815e-03,-1.730179204e-03,-3.425464544e-02,-1.210524472e-01,-2.379020123e-01,-2.580054249e-01,-1.455681242e-01,-3.348302158e-02,
1.586618266e-01
l,1.5,1.5
0.411,0.731,1.071,
4.513698650e-01,4.625683073e+00
3.705966100e-02,8.117768434e-02,1.692223177e+00,4.354133826e+01,4.935758566e+02,3.062541882e+03,1.061277033e+04,1.920599706e+04,1.413538819e+04,
3.714713547e-02,-3.424991516e-02,-1.272434132e+00,-3.481946166e+01,-4.309233485e+02,-2.793142239e+03,-9.903209471e+03,-1.817158225e+04,-1.350190286e+04,
1.591437176e-01
l,2.5,-2.5
0.611,1.691,2.791,
1.674317648e-03,5.334330010e+00
4.900582135e-04,-6.412287051e-04,4.075542644e-04,2.363042914e-03,4.305282797e-03,5.999632024e-03,-5.253572441e-04,-5.867246944e-03,-2.606200709e-03,
7.162312036e-05,-1.442625156e-04,-9.221882742e-05,-1.887309777e-03,-6.634136523e-03,-1.305375906e-02,-1.414820547e-02,-7.980695167e-03,-1.837365663e-03,
1.585696360e-01
l,2.5,-1.5
0.691,1.631,2.591,
1.888445235e-03,5.369679263e+00
1.266711974e-03,-1.487887860e-03,7.067892335e-05,7.575431784e-03,2.038206091e-02,6.096317555e-02,8.538702174e-02,4.951356321e-02,9.603705642e-03,
2.485827099e-04,-4.935569402e-04,-4.250717675e-04,-7.991408863e-03,-3.049946261e-02,-6.370214508e-02,-7.354987782e-02,-4.436499609e-02,-1.100213743e-02,
1.589100381e-01
l,2.5,-0.5
0.711,1.811,2.931,
3.425001875e-03,5.932542376e+00
2.126616891e-03,-2.870025819e-03,1.756166745e-03,1.184270403e-02,3.024470792e-02,6.750759849e-02,5.843559298e-02,1.194403694e-02,-3.265312783e-03,
2.907250738e-04,-5.902308237e-04,-1.905297832e-04,-5.847955587e-03,-1.911056485e-02,-3.618780463e-02,-3.808874102e-02,-2.104233744e-02,-4.783608513e-03,
1.585388136e-01
l,2.5,0.5
0.731,1.691,2.651,
5.687181326e-03,5.332056052e+00
6.017462816e-03,-6.734396212e-03,3.298974689e-03,6.509969302e-02,2.158775175e-01,5.692011407e-01,7.878392466e-01,5.084426866e-01,1.237610332e-01,
1.186729724e-03,-2.360366474e-03,-2.024633303e-03,-3.922393917e-02,-1.588497607e-01,-3.551722259e-01,-4.390432217e-01,-2.824019365e-01,-7.415841437e-02,
1.589101236e-01
l,2.5,1.5
0.711,1.811,2.931,
1.803641634e-02,5.771552322e+00
1.108621992e-02,-1.455762030e-02,8.691375979e-03,5.049520366e-02,8.976799648e-02,1.280293001e-01,-3.375898097e-02,-1.679453026e-01,-7.491959873e-02,
1.562313793e-03,-3.161661674e-03,-1.244328497e-03,-3.265531626e-02,-1.072659488e-01,-2.027560866e-01,-2.133031044e-01,-1.177381106e-01,-2.671042910e-02,
1.584457133e-01
l,2.5,2.5
0.691,1.091,1.531,
8.091703392e-02,5.833877746e+00
5.197554082e-02,7.606109839e-02,7.762887730e-01,1.743667870e+01,1.497937936e+02,7.166595874e+02,1.966378679e+03,2.864652603e+03,1.712935461e+03,
4.348343884e-02,-5.636410729e-02,-6.750918773e-01,-1.328097710e+01,-1.207370728e+02,-5.848915873e+02,-1.575720752e+03,-2.219739546e+03,-1.274622613e+03,
1.591437277e-01
l,3.5,-3.5
0.871,1.931,3.011,
9.935529577e-05,8.020284651e+00
1.367876976e-04,-1.870860475e-04,1.248806391e-04,7.852522126e-04,1.792775541e-03,3.594006991e-03,2.464682833e-03,-2.113338661e-04,-4.862833101e-04,
1.973423067e-05,-4.027073731e-05,-2.394397161e-05,-5.246885926e-04,-1.863157021e-03,-3.724653744e-03,-4.106160911e-03,-2.360592640e-03,-5.548996838e-04,
1.584766179e-01
l,3.5,-2.5
0.971,1.911,2.851,
8.112838289e-05,7.410752450e+00
3.251023008e-04,-3.846589165e-04,1.392200824e-04,3.205660674e-03,1.025013736e-02,2.855008869e-02,4.172118016e-02,2.819480820e-02,7.168781106e-03,
6.357913268e-05,-1.285430553e-04,-1.004427701e-04,-2.003477495e-03,-7.964747212e-03,-1.778276864e-02,-2.210565518e-02,-1.436965789e-02,-3.831178570e-03,
1.588789071e-01
l,3.5,-1.5
1.031,2.111,3.191,
9.730264251e-05,7.670821080e+00
5.331909051e-04,-7.515498502e-04,5.019702447e-04,3.985135309e-03,1.250211520e-02,3.280342513e-02,3.972159897e-02,2.094319612e-02,3.923710732e-03,
7.357236513e-05,-1.514958888e-04,-7.162768838e-05,-1.854263495e-03,-6.540658870e-03,-1.309567409e-02,-1.443949882e-02,-8.307647039e-03,-1.957833422e-03,
1.585077763e-01
l,3.5,-0.5
1.071,2.031,3.011,
1.621431575e-04,6.576663424e+00
1.367721008e-03,-1.536024343e-03,5.999053469e-04,1.574340218e-02,5.113420350e-02,1.390762637e-01,2.091256875e-01,1.494651313e-01,4.072267711e-02,
2.475305583e-04,-5.048445465e-04,-3.290882290e-04,-7.178853779e-03,-2.741701954e-02,-5.913971205e-02,-7.110722502e-02,-4.477118482e-02,-1.159127200e-02,
1.588480246e-01
l,3.5,0.5
1.071,2.171,3.291,
3.095459889e-04,7.079189756e+00
2.499344992e-03,-3.421730545e-03,1.900167615e-03,1.878679831e-02,6.054420273e-02,1.674061164e-01,2.198236885e-01,1.293336517e-01,2.823111815e-02,
3.223566345e-04,-6.664857325e-04,-1.729753829e-04,-6.453485213e-03,-2.092610721e-02,-3.971453726e-02,-4.181770189e-02,-2.313632282e-02,-5.286200063e-03,
1.584150765e-01
l,3.5,1.5
1.071,2.051,3.051,
8.144683311e-04,6.247982678e+00
6.983255967e-03,-7.760025703e-03,2.123520245e-03,6.960876921e-02,2.143926634e-01,5.890006078e-01,8.905590559e-01,6.314369140e-01,1.693426294e-01,
1.227423641e-03,-2.502835597e-03,-1.384731893e-03,-3.315549555e-02,-1.245018889e-01,-2.642405238e-01,-3.120543265e-01,-1.926923346e-01,-4.889440986e-02,
1.588477449e-01
l,3.5,2.5
1.031,2.151,3.271,
2.450126811e-03,7.611006971e+00
1.358798984e-02,-1.864707474e-02,1.140034378e-02,8.059820011e-02,2.206521509e-01,5.266336086e-01,5.349412607e-01,1.992497043e-01,1.335186392e-02,
1.805140961e-03,-3.716567533e-03,-1.154018508e-03,-3.674264732e-02,-1.197667110e-01,-2.267374199e-01,-2.384527777e-01,-1.317256609e-01,-2.997880336e-02,
1.583154311e-01
l,3.5,3.5
0.991,1.451,1.951,
1.188658529e-02,7.141044485e+00
6.532306969e-02,8.392161139e-02,8.440826066e-01,1.780814726e+01,1.403521208e+02,6.029684439e+02,1.464801648e+03,1.873959675e+03,9.791613672e+02,
4.873819873e-02,-7.251443441e-02,-7.360309640e-01,-1.392088464e+01,-1.161568822e+02,-5.082175888e+02,-1.221426398e+03,-1.521629356e+03,-7.681821612e+02,
1.591436804e-01
l,4.5,-4.5
1.151,2.191,3.251,
1.692228379e-06,1.154823926e+01
3.631694926e-05,-5.122559566e-05,3.519406725e-05,2.381070573e-04,6.291143640e-04,1.443930736e-03,1.361014009e-03,3.892577510e-04,-2.946608316e-05,
5.191142939e-06,-1.072098805e-05,-5.982767255e-06,-1.404632242e-04,-5.036650282e-04,-1.022963396e-03,-1.146901969e-03,-6.713223868e-04,-1.608802821e-04,
1.584455636e-01
l,4.5,-3.5
1.251,2.171,3.091,
1.456265772e-06,1.029053401e+01
8.375309699e-05,-9.392114284e-05,7.075167322e-05,1.268042739e-03,4.382712378e-03,1.164761310e-02,1.726317749e-02,1.242997194e-02,3.459228367e-03,
1.679520990e-05,-3.441786423e-05,-4.538498743e-05,-7.655016409e-04,-3.261771983e-03,-7.625795183e-03,-9.861439948e-03,-6.642506411e-03,-1.827010081e-03,
1.588477575e-01
l,4.5,-2.5
1.331,2.351,3.391,
1.507280131e-06,1.013186011e+01
1.418228931e-04,-1.898712865e-04,9.915224592e-05,1.298735636e-03,4.157374090e-03,1.202258758e-02,1.749059652e-02,1.163120349e-02,2.905339049e-03,
2.095031572e-05,-4.353217922e-05,-2.139331616e-05,-5.555449060e-04,-2.013907675e-03,-4.153867455e-03,-4.737377429e-03,-2.825346603e-03,-6.924544458e-04,
1.585076385e-01
l,4.5,-1.5
1.391,2.351,3.331,
2.909907724e-06,8.889797905e+00
3.166655952e-04,-3.586760823e-04,8.040120046e-05,3.491316177e-03,1.046252858e-02,2.857215749e-02,4.512727312e-02,3.389764885e-02,9.658759675e-03,
5.522337310e-05,-1.144454710e-04,-6.561530348e-05,-1.572769852e-03,-5.973665539e-03,-1.288598660e-02,-1.548072012e-02,-9.738852465e-03,-2.523660130e-03,
1.588789889e-01
l,4.5,-0.5
1.431,2.471,3.531,
5.665424975e-06,8.414392853e+00
5.956583191e-04,-7.753269669e-04,3.078911497e-04,5.226173782e-03,1.554597141e-02,4.506154518e-02,6.810644501e-02,4.712181308e-02,1.222420935e-02,
8.436685019e-05,-1.762680116e-04,-8.822722987e-05,-2.255289640e-03,-8.056793555e-03,-1.636729891e-02,-1.834274918e-02,-1.073446794e-02,-2.581964304e-03,
1.585078056e-01
l,4.5,0.5
1.451,2.431,3.431,
1.573979405e-05,7.496607519e+00
1.432514982e-03,-1.574789857e-03,8.332413444e-05,1.352313947e-02,3.519255329e-02,9.421107610e-02,1.538851831e-01,1.183633213e-01,3.416171566e-02,
2.417783263e-04,-5.029847187e-04,-2.847199241e-04,-6.821742740e-03,-2.550801002e-02,-5.411495166e-02,-6.381410926e-02,-3.934521982e-02,-9.987323077e-03,
1.588480494e-01
l,4.5,1.5
1.451,2.551,3.651,
3.477678555e-05,7.649861054e+00
2.753967885e-03,-3.778600386e-03,1.836030985e-03,2.151004611e-02,6.522040069e-02,1.850810113e-01,2.608481707e-01,1.667657260e-01,3.991160739e-02,
3.534270146e-04,-7.413202993e-04,-3.220884464e-04,-8.930274119e-03,-3.093826392e-02,-6.108995366e-02,-6.622930426e-02,-3.742693143e-02,-8.679788166e-03,
1.584144485e-01
l,4.5,2.5
1.411,2.411,3.411,
1.274353911e-04,6.862310549e+00
7.858818397e-03,-8.493179919e-03,8.157223582e-04,7.339991125e-02,1.999216764e-01,5.372103315e-01,8.526856017e-01,6.362365372e-01,1.784250711e-01,
1.355616022e-03,-2.811221313e-03,-1.507725836e-03,-3.725931476e-02,-1.395630130e-01,-2.960171457e-01,-3.493724049e-01,-2.155490957e-01,-5.469043141e-02,
1.587789370e-01
l,4.5,3.5
1.351,2.471,3.611,
3.036748904e-04,8.030812472e+00
1.665108092e-02,-2.254942795e-02,1.207766111e-02,1.252604574e-01,3.957699451e-01,1.073363408e+00,1.403963710e+00,8.276123796e-01,1.815940186e-01,
2.064474330e-03,-4.309312486e-03,-1.392203749e-03,-4.309421444e-02,-1.380820484e-01,-2.579336066e-01,-2.668645260e-01,-1.449555441e-01,-3.250879001e-02,
1.582856078e-01
l,4.5,4.5
1.311,1.831,2.371,
1.431419512e-03,8.257264887e+00
7.839336991e-02,7.767158731e-02,8.300999135e-01,1.703466175e+01,1.246028263e+02,4.885685176e+02,1.069363679e+03,1.222023679e+03,5.672565455e+02,
5.193270478e-02,-8.436581666e-02,-7.407740427e-01,-1.383801435e+01,-1.099358194e+02,-4.530378637e+02,-1.017034023e+03,-1.176783383e+03,-5.497868988e+02,
1.591437175e-01
l,5.5,-5.5
1.451,2.451,3.471,
1.037752125e-08,1.460255140e+01
9.464764844e-06,-1.363686133e-05,9.655021225e-06,7.276874318e-05,2.114803367e-04,5.397348203e-04,6.239536900e-04,2.968679582e-04,4.356234553e-05,
1.416467924e-06,-2.952995984e-06,-1.638385258e-06,-3.956503915e-05,-1.455473388e-04,-3.047056688e-04,-3.533649823e-04,-2.145933735e-04,-5.349203727e-05,
1.584763242e-01
l,5.5,-4.5
1.571,2.491,3.431,
1.070849778e-08,1.319393033e+01
1.978108048e-05,-2.452515176e-05,1.462829989e-05,2.510223281e-04,8.325661253e-04,2.283858448e-03,3.419326838e-03,2.446110295e-03,6.720824254e-04,
3.584629135e-06,-7.461018155e-06,-7.171144477e-06,-1.413004720e-04,-5.884637529e-04,-1.353960921e-03,-1.717252557e-03,-1.133011360e-03,-3.053455034e-04,
1.589096690e-01
l,5.5,-3.5
1.651,2.631,3.631,
7.137986346e-09,1.363245017e+01
3.495797137e-05,-4.571202833e-05,2.008978781e-05,3.425763606e-04,1.057564704e-03,3.063615542e-03,4.672615843e-03,3.297350654e-03,8.781911337e-04,
5.469705287e-06,-1.147237313e-05,-5.847148724e-06,-1.534279831e-04,-5.723233067e-04,-1.218681127e-03,-1.439895728e-03,-8.908717669e-04,-2.268988006e-04,
1.586003680e-01
l,5.5,-2.5
1.731,2.671,3.611,
1.856460362e-08,1.198595910e+01
7.245200686e-05,-8.333006579e-05,2.934106995e-05,8.952909125e-04,2.740863030e-03,7.354313454e-03,1.152735822e-02,8.704002062e-03,2.509391395e-03,
1.327036127e-05,-2.781310175e-05,-2.555713575e-05,-5.172906707e-04,-2.152375705e-03,-4.950082205e-03,-6.278147729e-03,-4.140086028e-03,-1.115710590e-03,
1.589099000e-01
l,5.5,-1.5
1.791,2.771,3.771,
5.524592861e-08,1.067035466e+01
1.390419930e-04,-1.720003939e-04,3.796611243e-05,1.292712918e-03,3.517573425e-03,1.023777148e-02,1.687080030e-02,1.284282972e-02,3.660607405e-03,
2.197062257e-05,-4.630526049e-05,-2.169513593e-05,-6.023494671e-04,-2.240992652e-03,-4.765872822e-03,-5.625502598e-03,-3.476214564e-03,-8.854803573e-04,
1.586005733e-01
l,5.5,-0.5
1.811,2.771,3.751,
1.059672458e-07,1.044105134e+01
3.091681865e-04,-3.266395725e-04,-1.796916988e-05,3.274005667e-03,8.296193170e-03,2.005577730e-02,3.229916444e-02,2.537773520e-02,7.536710670e-03,
5.330261717e-05,-1.122585066e-04,-6.531978448e-05,-1.569646352e-03,-5.947474876e-03,-1.281367435e-02,-1.537023866e-02,-9.644979979e-03,-2.495387123e-03,
1.588790183e-01
l,5.5,0.5
1.831,2.851,3.891,
4.430221116e-07,9.187671560e+00
6.253177999e-04,-7.496248073e-04,5.156875374e-05,5.105733309e-03,1.171278990e-02,3.280649478e-02,5.554621780e-02,4.286457480e-02,1.221859571e-02,
9.189640882e-05,-1.944078563e-04,-8.843532527e-05,-2.462966913e-03,-8.889025937e-03,-1.831263425e-02,-2.085042607e-02,-1.239730152e-02,-3.037035535e-03,
1.585387126e-01
l,5.5,1.5
1.831,2.831,3.831,
1.522608653e-06,8.505747803e+00
1.472381991e-03,-1.592292346e-03,-1.934487441e-04,1.267061144e-02,2.586993793e-02,6.079089373e-02,1.038105014e-01,8.383662559e-02,2.500765145e-02,
2.426517509e-04,-5.122119166e-04,-2.952398939e-04,-7.053402000e-03,-2.629622198e-02,-5.573536659e-02,-6.562087204e-02,-4.038502776e-02,-1.024394411e-02,
1.588474196e-01
l,5.5,2.5
1.811,2.911,4.031,
4.253440332e-06,8.390213392e+00
3.039476927e-03,-3.986169519e-03,9.260173843e-04,2.104786100e-02,5.256956695e-02,1.518068376e-01,2.321099397e-01,1.592512568e-01,4.046881593e-02,
3.678901023e-04,-7.811865737e-04,-1.561904444e-04,-7.552070491e-03,-2.423082855e-02,-4.603916561e-02,-4.838024519e-02,-2.668733403e-02,-6.110657557e-03,
1.584636369e-01
l,5.5,3.5
1.771,2.771,3.771,
2.081341860e-05,7.546319698e+00
8.670074865e-03,-9.052867470e-03,-6.595563879e-04,7.697635140e-02,1.784420549e-01,4.445804182e-01,7.364808585e-01,5.778253258e-01,1.689498992e-01,
1.480881644e-03,-3.112541105e-03,-1.802547565e-03,-4.239495672e-02,-1.585040680e-01,-3.356675490e-01,-3.955754387e-01,-2.436778949e-01,-6.178169422e-02,
1.587490082e-01
l,5.5,4.5
1.691,2.831,3.971,
5.287073374e-05,8.202762534e+00
1.884591952e-02,-2.586684378e-02,1.205845376e-02,1.364569586e-01,4.094634283e-01,1.154883910e+00,1.599387488e+00,1.000603157e+00,2.339361179e-01,
2.243818240e-03,-4.740226420e-03,-1.346391322e-03,-4.697865005e-02,-1.498186897e-01,-2.802835616e-01,-2.900449056e-01,-1.576336826e-01,-3.543394694e-02,
1.582890440e-01
l,5.5,5.5
1.631,2.191,2.791,
1.765809406e-04,9.050701673e+00
8.925200999e-02,7.771702808e-02,4.212374098e-01,9.391673655e+00,5.963627793e+01,2.046747708e+02,4.036260681e+02,4.244696545e+02,1.836501472e+02,
5.344913808e-02,-9.241540773e-02,-4.641477333e-01,-7.389439610e+00,-4.950492544e+01,-1.760814343e+02,-3.486025145e+02,-3.601804359e+02,-1.514199843e+02,
1.591437301e-01
l,6.5,-6.5
1.751,2.711,3.691,
1.620841693e-11,1.876354337e+01
2.419593102e-06,-3.458682340e-06,2.591568015e-06,2.302440136e-05,7.532205539e-05,2.014968283e-04,2.589891048e-04,1.499201527e-04,3.200662793e-05,
3.847958019e-07,-8.088164941e-07,-4.609918950e-07,-1.133251836e-05,-4.299354857e-05,-9.303813112e-05,-1.119706270e-04,-7.069173427e-05,-1.834279998e-05,
1.584452259e-01
l,6.5,-5.5
1.871,2.771,3.691,
6.148920974e-12,1.900084619e+01
4.828323199e-06,-6.003233114e-06,3.407048726e-06,6.478885890e-05,2.245486760e-04,6.418897305e-04,1.000851798e-03,7.469814712e-04,2.142722534e-04,
8.959466968e-07,-1.883221571e-06,-1.696078988e-06,-3.506149779e-05,-1.479211051e-04,-3.460996257e-04,-4.475377893e-04,-3.015167912e-04,-8.307988428e-05,
1.588784881e-01
l,6.5,-4.5
1.991,2.911,3.851,
2.326192951e-11,1.637341399e+01
8.492116649e-06,-1.086565615e-05,5.642887318e-06,1.049940353e-04,3.396604111e-04,9.615522047e-04,1.500630118e-03,1.113487634e-03,3.156136554e-04,
1.482866248e-06,-3.133576912e-06,-2.787190210e-06,-5.777955341e-05,-2.397561399e-04,-5.516519095e-04,-6.994438186e-04,-4.615319341e-04,-1.245182977e-04,
1.586621576e-01
l,6.5,-3.5
2.071,2.991,3.911,
3.236768301e-11,1.581123120e+01
1.647467070e-05,-1.957343250e-05,7.157079388e-06,2.097580827e-04,6.367171697e-04,1.706956633e-03,2.703004822e-03,2.073018946e-03,6.086231103e-04,
3.037904543e-06,-6.431751456e-06,-5.920220757e-06,-1.217459808e-04,-5.131642604e-04,-1.200541331e-03,-1.551619244e-03,-1.044247747e-03,-2.875907876e-04,
1.589268718e-01
l,6.5,-2.5
2.131,3.071,4.031,
6.288461305e-11,1.513966728e+01
3.203823144e-05,-3.715038030e-05,6.909722079e-06,3.639549281e-04,1.005562240e-03,2.614712622e-03,4.186266424e-03,3.235768354e-03,9.504469940e-04,
5.461912231e-06,-1.160530779e-05,-9.631535815e-06,-2.069706901e-04,-8.455584559e-04,-1.913605613e-03,-2.380495306e-03,-1.537207609e-03,-4.057612217e-04,
1.587234758e-01
l,6.5,-1.5
2.171,3.111,4.071,
1.790271318e-10,1.422937924e+01
6.655567267e-05,-7.037266312e-05,-4.463390938e-06,7.526213880e-04,1.993001709e-03,4.849396486e-03,7.844326267e-03,6.260911640e-03,1.901111374e-03,
1.166230206e-05,-2.480787499e-05,-1.959885884e-05,-4.306460210e-04,-1.755926320e-03,-3.965290498e-03,-4.924591260e-03,-3.172183570e-03,-8.353804156e-04,
1.589099775e-01
l,6.5,-0.5
2.211,3.171,4.151,
9.033394807e-10,1.284800434e+01
1.364172058e-04,-1.472684870e-04,-1.255414030e-05,1.420543769e-03,3.428241776e-03,8.047090500e-03,1.306392724e-02,1.039881070e-02,3.122618872e-03,
2.280652170e-05,-4.862076270e-05,-2.686245650e-05,-6.772373801e-04,-2.559719560e-03,-5.517389687e-03,-6.616410314e-03,-4.150462943e-03,-1.074276849e-03,
1.586927279e-01
l,6.5,0.5
2.231,3.191,4.171,
4.749657976e-09,1.161368452e+01
2.980493882e-04,-3.010157669e-04,-7.086300084e-05,3.115613307e-03,7.519549476e-03,1.648979173e-02,2.611923888e-02,2.082028019e-02,6.302668618e-03,
5.080347483e-05,-1.083605186e-04,-5.942633977e-05,-1.500248246e-03,-5.667254169e-03,-1.219956372e-02,-1.461540620e-02,-9.149255504e-03,-2.362346016e-03,
1.588789485e-01
l,6.5,1.5
2.231,3.231,4.251,
3.072756158e-08,1.027486354e+01
6.428175839e-04,-7.032303749e-04,-1.701000779e-04,4.972893129e-03,8.454429089e-03,1.951724152e-02,3.690017025e-02,3.177114276e-02,9.847764579e-03,
9.924066082e-05,-2.121050429e-04,-9.249151704e-05,-2.687255319e-03,-9.812442691e-03,-2.048320698e-02,-2.368991639e-02,-1.430576725e-02,-3.564369704e-03,
1.585688341e-01
l,6.5,2.5
2.211,3.231,4.251,
1.159538101e-07,9.763997799e+00
1.495648990e-03,-1.601662118e-03,-4.782599880e-04,1.169124053e-02,1.786325256e-02,3.074997528e-02,5.538716073e-02,4.811257320e-02,1.497832832e-02,
2.308705952e-04,-4.933284314e-04,-2.766512872e-04,-6.715982301e-03,-2.455200207e-02,-5.116205781e-02,-5.901404709e-02,-3.553194624e-02,-8.828886180e-03,
1.588967606e-01
l,6.5,3.5
2.171,3.251,4.351,
4.973797332e-07,9.218570427e+00
3.361785086e-03,-3.975822256e-03,-1.152302497e-04,2.297846835e-02,4.705255862e-02,1.238067149e-01,2.026039129e-01,1.498418340e-01,4.065526973e-02,
4.313288565e-04,-9.237125349e-04,-3.212588069e-04,-1.086886381e-02,-3.746038212e-02,-7.389005194e-02,-7.993857053e-02,-4.493766697e-02,-1.039053286e-02,
1.584040690e-01
l,6.5,4.5
2.111,3.131,4.171,
2.832559784e-06,8.450524033e+00
9.424090385e-03,-9.399287763e-03,-3.699631712e-03,7.082580519e-02,1.151478629e-01,2.260171138e-01,4.172331705e-01,3.607470459e-01,1.117874650e-01,
1.472870272e-03,-3.134032322e-03,-1.542498821e-03,-4.003940336e-02,-1.445662571e-01,-2.964525643e-01,-3.366227001e-01,-1.992150522e-01,-4.855787348e-02,
1.587836973e-01
l,6.5,5.5
2.031,3.171,4.331,
1.196316005e-05,8.315601735e+00
2.151188068e-02,-2.872732977e-02,7.420270981e-03,1.340252347e-01,3.282364668e-01,9.866698790e-01,1.507703367e+00,1.018480199e+00,2.536313087e-01,
2.418658047e-03,-5.160455138e-03,-9.596176999e-04,-4.776330941e-02,-1.490874846e-01,-2.753713977e-01,-2.804384934e-01,-1.499070433e-01,-3.324670054e-02,
1.582899019e-01
l,6.5,6.5
1.971,2.571,3.211,
1.948482402e-05,9.998644650e+00
1.000436023e-01,6.751758395e-02,3.269881281e-01,8.171957898e+00,4.955326905e+01,1.606913266e+02,2.981520376e+02,2.940182614e+02,1.189808455e+02,
5.362893016e-02,-9.719779201e-02,-4.040118078e-01,-6.481407099e+00,-4.152830176e+01,-1.402772245e+02,-2.621951160e+02,-2.545495854e+02,-1.002408133e+02,
1.591437669e-01
l,7.5,-7.5
2.051,2.991,3.951,
0.000000000e+00,0.000000000e+00
5.949220849e-07,-8.626181609e-07,7.016474860e-07,6.500070948e-06,2.152662996e-05,5.810870803e-05,7.792328417e-05,4.823869270e-05,1.127440738e-05,
9.579208405e-08,-2.030568892e-07,-1.820154519e-07,-3.735935461e-06,-1.527027871e-05,-3.459873067e-05,-4.307247128e-05,-2.788931068e-05,-7.369828146e-06,
1.585687500e-01
l,7.5,-6.5
2.191,3.091,3.991,
1.975036899e-15,2.369514759e+01
1.107412004e-06,-1.464537092e-06,9.766935292e-07,1.480447014e-05,5.129791232e-05,1.446449645e-04,2.191240405e-04,1.589712875e-04,4.448085389e-05,
2.047992238e-07,-4.346460498e-07,-3.895111230e-07,-8.286307920e-06,-3.548007828e-05,-8.459388986e-05,-1.116116016e-04,-7.681907244e-05,-2.163810021e-05,
1.589264848e-01
l,7.5,-5.5
2.311,3.211,4.111,
4.329668798e-15,2.195469307e+01
1.979560921e-06,-2.534276581e-06,1.427055268e-06,2.597026209e-05,8.550621540e-05,2.384800322e-04,3.680889923e-04,2.724198832e-04,7.744087449e-05,
3.679942780e-07,-7.836867213e-07,-6.948194137e-07,-1.488262708e-05,-6.363129651e-05,-1.514702212e-04,-1.995770947e-04,-1.371533570e-04,-3.858624913e-05,
1.587230597e-01
l,7.5,-4.5
2.411,3.291,4.171,
2.083263423e-14,1.981076012e+01
3.791159088e-06,-4.436467585e-06,2.028520586e-06,5.591158170e-05,1.862058141e-04,5.124816612e-04,8.244806586e-04,6.504726012e-04,1.983658014e-04,
7.527981257e-07,-1.605804517e-06,-1.610028116e-06,-3.242643842e-05,-1.412040373e-04,-3.418861931e-04,-4.595856206e-04,-3.225420309e-04,-9.273892175e-05,
1.589095836e-01
l,7.5,-3.5
2.471,3.371,4.291,
8.269816632e-15,2.081776395e+01
7.316371011e-06,-8.143977439e-06,1.032963821e-06,9.373551047e-05,2.699625695e-04,6.987343868e-04,1.146959834e-03,9.273123925e-04,2.870391971e-04,
1.351639161e-06,-2.892260622e-06,-2.559202865e-06,-5.392382656e-05,-2.267961488e-04,-5.298586864e-04,-6.839564462e-04,-4.594954868e-04,-1.264029186e-04,
1.587854789e-01
l,7.5,-2.5
2.531,3.451,4.371,
4.028029787e-14,1.929075797e+01
1.432339013e-05,-1.559589061e-05,6.934121153e-07,1.762787075e-04,4.708806105e-04,1.127079040e-03,1.805252529e-03,1.444616309e-03,4.426678355e-04,
2.646632547e-06,-5.674586877e-06,-5.051872856e-06,-1.062661531e-04,-4.467533019e-04,-1.043628331e-03,-1.346831166e-03,-9.042753477e-04,-2.486083136e-04,
1.589269983e-01
l,7.5,-1.5
2.591,3.511,4.451,
8.445876835e-13,1.646983480e+01
2.894799036e-05,-3.048368181e-05,-1.782759467e-06,3.471016841e-04,9.181105916e-04,2.124692724e-03,3.363184548e-03,2.689625152e-03,8.261230619e-04,
5.172397547e-06,-1.111125018e-05,-9.818922335e-06,-2.061239255e-04,-8.534284190e-04,-1.959192148e-03,-2.478426722e-03,-1.628024762e-03,-4.375022042e-04,
1.588168662e-01
l,7.5,-0.5
2.611,3.551,4.491,
2.308595323e-12,1.596728545e+01
6.078702063e-05,-6.089188190e-05,-9.878373004e-06,7.115268221e-04,1.766523746e-03,3.727590675e-03,5.732614482e-03,4.557522664e-03,1.393279828e-03,
1.102741997e-05,-2.371075630e-05,-2.139241861e-05,-4.426702566e-04,-1.833851431e-03,-4.207830386e-03,-5.322455383e-03,-3.494558998e-03,-9.383830105e-04,
1.589100362e-01
l,7.5,0.5
2.631,3.591,4.571,
2.206023166e-11,1.431876336e+01
1.292469969e-04,-1.307185086e-04,-4.275120532e-05,1.320584769e-03,2.993470580e-03,6.063303428e-03,9.532499143e-03,7.709710075e-03,2.369124374e-03,
2.153874175e-05,-4.639502753e-05,-2.391625538e-05,-6.358103090e-04,-2.393755565e-03,-5.150814199e-03,-6.162846375e-03,-3.851449421e-03,-9.937485437e-04,
1.587856553e-01
l,7.5,1.5
2.631,3.611,4.591,
1.788654336e-10,1.296056470e+01
2.849083103e-04,-2.825577014e-04,-1.290244589e-04,2.397311617e-03,4.371504826e-03,8.051273776e-03,1.383898404e-02,1.194174837e-02,3.786742253e-03,
4.793021387e-05,-1.032845475e-04,-4.933436972e-05,-1.384088854e-03,-5.208857823e-03,-1.120839439e-02,-1.341756780e-02,-8.381668233e-03,-2.159308211e-03,
1.588781036e-01
l,7.5,2.5
2.611,3.591,4.591,
1.213747015e-09,1.188630199e+01
6.668543210e-04,-6.191268141e-04,-4.270423256e-04,5.411047674e-03,6.872060211e-03,5.153473801e-03,1.129945475e-02,1.347044317e-02,5.104688019e-03,
1.110772561e-04,-2.393368593e-04,-1.372771043e-04,-3.290081758e-03,-1.221577686e-02,-2.578871319e-02,-3.026099230e-02,-1.854393799e-02,-4.692246470e-03,
1.585810412e-01
l,7.5,3.5
2.571,3.631,4.691,
4.934669745e-09,1.147984973e+01
1.498357044e-03,-1.583324333e-03,-7.712668479e-04,1.011195093e-02,1.194125346e-02,1.193346869e-02,2.365630451e-02,2.302302266e-02,7.491670369e-03,
2.082631100e-04,-4.496464284e-04,-1.769693031e-04,-5.503614796e-03,-1.936773820e-02,-3.912643653e-02,-4.345837386e-02,-2.510125628e-02,-5.990364686e-03,
1.588990818e-01
l,7.5,4.5
2.531,3.591,4.671,
4.779866692e-08,1.022321717e+01
3.660487942e-03,-3.836990605e-03,-1.366665157e-03,2.457991011e-02,3.952562577e-02,8.039057239e-02,1.422626315e-01,1.162768010e-01,3.415189380e-02,
5.031797525e-04,-1.085442861e-03,-4.006371056e-04,-1.302278143e-02,-4.546289094e-02,-9.069941940e-02,-9.953426144e-02,-5.670930394e-02,-1.329573664e-02,
1.584109148e-01
l,7.5,5.5
2.471,3.511,4.551,
3.597434073e-07,9.353084180e+00
9.896512143e-03,-9.945376031e-03,-4.402829916e-03,7.017123055e-02,9.463525396e-02,1.448523895e-01,2.855770953e-01,2.620692912e-01,8.344506874e-02,
1.514507740e-03,-3.253407557e-03,-1.524264513e-03,-4.127112507e-02,-1.485600951e-01,-3.045365770e-01,-3.454826202e-01,-2.042055636e-01,-4.974039997e-02,
1.587535331e-01
l,7.5,6.5
2.391,3.511,4.651,
8.702163591e-07,9.928204488e+00
2.417113073e-02,-3.085057862e-02,2.324516464e-03,1.343173549e-01,2.250602701e-01,6.828121247e-01,1.182727804e+00,8.692100634e-01,2.295354512e-01,
2.820523587e-03,-6.060644779e-03,-1.358166178e-03,-5.873960447e-02,-1.858857026e-01,-3.475394601e-01,-3.589716984e-01,-1.946005036e-01,-4.383126861e-02,
1.582284053e-01
l,7.5,7.5
2.291,2.931,3.611,
1.833352809e-06,1.104028438e+01
1.088541001e-01,7.446330139e-02,3.229940981e-01,8.020786162e+00,4.710576942e+01,1.455450054e+02,2.548545523e+02,2.360602101e+02,8.951807487e+01,
5.478741724e-02,-1.024367390e-01,-4.072505330e-01,-6.466566425e+00,-3.979880711e+01,-1.281976720e+02,-2.271000783e+02,-2.080243714e+02,-7.705721324e+01,
1.591437389e-01
l,8.5,-8.5
2.251,2.391,2.571,
0.000000000e+00,0.000000000e+00
8.004167853e-07,2.801976013e-06,1.196249522e-04,6.815774454e-03,1.604243486e-01,2.085539642e+00,1.528322225e+01,5.878865918e+01,9.220042376e+01,
7.121168844e-07,-1.412775750e-06,-8.840516599e-05,-4.874942892e-03,-1.163783620e-01,-1.442516992e+00,-9.718030086e+00,-3.372711104e+01,-4.726759053e+01,
1.591435532e-01
l,8.5,-7.5
2.511,3.371,4.251,
0.000000000e+00,0.000000000e+00
2.651277100e-07,-3.486302554e-07,2.345664201e-07,3.743238816e-06,1.286594727e-05,3.709402812e-05,5.832644334e-05,4.405959364e-05,1.284640592e-05,
5.068597953e-08,-1.083478095e-07,-9.848935855e-08,-2.097411402e-06,-9.123406084e-06,-2.214557799e-05,-2.982514979e-05,-2.099077506e-05,-6.053705138e-06,
1.589090685e-01
l,8.5,-6.5
2.631,3.511,4.391,
0.000000000e+00,0.000000000e+00
4.591780964e-07,-5.970689499e-07,3.523882953e-07,6.273940362e-06,2.010572138e-05,5.625880394e-05,8.877517020e-05,6.750091024e-05,1.974623364e-05,
8.715635902e-08,-1.869616231e-07,-1.736545828e-07,-3.673326388e-06,-1.597367890e-05,-3.877683788e-05,-5.221198310e-05,-3.672974350e-05,-1.059080952e-05,
1.588160787e-01
l,8.5,-5.5
2.731,3.611,4.491,
0.000000000e+00,0.000000000e+00
8.485079093e-07,-1.030810757e-06,4.060061474e-07,1.183630572e-05,3.786981302e-05,1.035371431e-04,1.665479312e-04,1.312097726e-04,3.992587192e-05,
1.633782792e-07,-3.512959196e-07,-3.180792171e-07,-6.822953490e-06,-2.959469391e-05,-7.166141472e-05,-9.625996837e-05,-6.749559984e-05,-1.940258396e-05,
1.589265816e-01
l,8.5,-4.5
2.831,3.711,4.591,
3.385047013e-18,2.430045894e+01
1.579276955e-06,-1.863165482e-06,6.235777072e-07,2.133742184e-05,6.501638042e-05,1.721657858e-04,2.760783621e-04,2.179257960e-04,6.640215761e-05,
3.058022845e-07,-6.590189953e-07,-5.928407725e-07,-1.281596252e-05,-5.568962514e-05,-1.350132524e-04,-1.816197022e-04,-1.274833287e-04,-3.667465484e-05,
1.588783637e-01
l,8.5,-3.5
2.891,3.771,4.671,
3.549904714e-18,2.427072715e+01
3.127546961e-06,-3.358181942e-06,1.578921432e-07,4.182688042e-05,1.254201276e-04,3.229408989e-04,5.310743253e-04,4.362977238e-04,1.382851253e-04,
5.977228840e-07,-1.290351560e-06,-1.065547224e-06,-2.375644558e-05,-1.013831395e-04,-2.411130161e-04,-3.175955611e-04,-2.178257218e-04,-6.120387234e-05,
1.589267573e-01
l,8.5,-2.5
2.951,3.851,4.751,
4.059171379e-17,2.220175771e+01
6.126942026e-06,-6.599173317e-06,1.978677680e-07,7.868766447e-05,2.155417638e-04,5.203409213e-04,8.452314351e-04,6.914605965e-04,2.174656423e-04,
1.167260782e-06,-2.524063786e-06,-2.220237425e-06,-4.770934016e-05,-2.036456352e-04,-4.840665019e-04,-6.372639179e-04,-4.369693363e-04,-1.227761911e-04,
1.588787100e-01
l,8.5,-1.5
2.991,3.891,4.811,
2.227085501e-16,2.099901117e+01
1.270300982e-05,-1.233415185e-05,-2.989112158e-06,1.615479081e-04,4.218614997e-04,8.856029693e-04,1.359356045e-03,1.103552956e-03,3.487732454e-04,
2.381139380e-06,-5.155174753e-06,-4.840973397e-06,-9.914702039e-05,-4.166208077e-04,-9.714260766e-04,-1.251412036e-03,-8.376845544e-04,-2.295558273e-04,
1.589271321e-01
l,8.5,-0.5
3.011,3.951,4.891,
9.501490615e-16,2.015765059e+01
2.604851943e-05,-2.599670367e-05,-7.415429890e-06,2.957195979e-04,7.050137302e-04,1.405755749e-03,2.145693263e-03,1.724961374e-03,5.340311740e-04,
4.647706511e-06,-1.007806998e-05,-8.267840250e-06,-1.815018334e-04,-7.492503333e-04,-1.718013709e-03,-2.170531190e-03,-1.422760124e-03,-3.816542266e-04,
1.588789556e-01
l,8.5,0.5
3.031,3.971,4.931,
2.449818428e-14,1.781814717e+01
5.655670975e-05,-5.226975845e-05,-2.666972169e-05,6.313516635e-04,1.489823991e-03,2.709174301e-03,3.972671913e-03,3.201232269e-03,1.003983097e-03,
9.898053791e-06,-2.147916439e-05,-1.753639241e-05,-3.809425575e-04,-1.548656976e-03,-3.488748431e-03,-4.320606747e-03,-2.770684371e-03,-7.265870851e-04,
1.589271523e-01
l,8.5,1.5
3.031,4.011,5.011,
2.247312032e-13,1.652149031e+01
1.218731995e-04,-1.183151030e-04,-8.163447414e-05,9.680834652e-04,1.473804189e-03,1.726050055e-03,2.937546610e-03,2.822768319e-03,9.652519446e-04,
1.930807673e-05,-4.196126288e-05,-1.703719261e-05,-5.346089305e-04,-1.966252625e-03,-4.154918371e-03,-4.863569944e-03,-2.965050817e-03,-7.471144973e-04,
1.588468000e-01
l,8.5,2.5
3.031,3.991,4.951,
5.304768351e-12,1.444641683e+01
2.809769940e-04,-2.395162760e-04,-1.193105993e-04,3.096028217e-03,7.812284434e-03,1.501867361e-02,2.168190214e-02,1.682693346e-02,5.086902178e-03,
5.105663255e-05,-1.108303816e-04,-9.123017538e-05,-1.978356635e-03,-8.079554408e-03,-1.821856220e-02,-2.262748243e-02,-1.453965158e-02,-3.811041071e-03,
1.587973074e-01
l,8.5,3.5
2.991,4.011,5.031,
3.510679772e-11,1.360861462e+01
6.478118012e-04,-6.328835086e-04,-4.505649129e-04,4.821831379e-03,3.849683646e-03,-4.426501340e-03,-4.687082979e-03,6.540283785e-04,1.171577771e-03,
9.961796267e-05,-2.165499439e-04,-1.180690030e-04,-2.925027181e-03,-1.064739234e-02,-2.212198640e-02,-2.544508259e-02,-1.527667303e-02,-3.794695482e-03,
1.587700955e-01
l,8.5,4.5
2.951,3.991,5.051,
2.393602153e-10,1.284125237e+01
1.549975947e-03,-1.426090484e-03,-1.159506089e-03,1.117487951e-02,1.708843169e-02,1.559827447e-02,2.065750195e-02,1.859064621e-02,6.110766675e-03,
2.215401996e-04,-4.816797797e-04,-2.006375062e-04,-6.013465767e-03,-2.115318602e-02,-4.259675949e-02,-4.715555994e-02,-2.705136940e-02,-6.400673016e-03,
1.588438762e-01
l,8.5,5.5
2.891,3.951,5.031,
3.466831075e-09,1.141431902e+01
3.851437941e-03,-3.713129137e-03,-2.318169033e-03,2.496859304e-02,3.371474522e-02,4.440953484e-02,8.285725228e-02,7.538292091e-02,2.375962939e-02,
5.357206470e-04,-1.163855997e-03,-4.074929862e-04,-1.378706720e-02,-4.797596727e-02,-9.549593808e-02,-1.045441057e-01,-5.932063802e-02,-1.385495964e-02,
1.584435887e-01
l,8.5,6.5
2.831,3.871,4.931,
3.428765934e-08,1.045174678e+01
1.049960032e-02,-9.910563092e-03,-6.632403939e-03,7.214584463e-02,8.565194202e-02,6.695422152e-02,1.447055290e-01,1.584219753e-01,5.550964901e-02,
1.547052755e-03,-3.349958071e-03,-1.510606545e-03,-4.191286641e-02,-1.483933694e-01,-2.992129339e-01,-3.329797900e-01,-1.926364084e-01,-4.593092394e-02,
1.587848944e-01
l,8.5,7.5
2.731,3.851,5.011,
9.561327497e-08,1.084763333e+01
2.679681964e-02,-3.232170534e-02,-5.905894977e-03,1.248801776e-01,8.318926236e-02,2.435595536e-01,6.414227840e-01,5.653097755e-01,1.643926344e-01,
3.004515316e-03,-6.502728531e-03,-9.775513935e-04,-5.954990134e-02,-1.846011337e-01,-3.401192286e-01,-3.450985254e-01,-1.835163520e-01,-4.068061568e-02,
1.582901211e-01
l,8.5,8.5
2.631,3.311,4.011,
2.164352225e-07,1.174846219e+01
1.177024990e-01,6.370331423e-02,1.507771968e-01,5.392485892e+00,2.836605174e+01,7.822750012e+01,1.251444924e+02,1.079460525e+02,3.857093705e+01,
5.522982623e-02,-1.059443768e-01,-2.954920677e-01,-4.421603329e+00,-2.474628000e+01,-7.426172737e+01,-1.252324978e+02,-1.105069342e+02,-3.972967994e+01,
1.591436668e-01
