l,0.5,-0.5
0.171,1.271,2.391,
4.881866284e-02,2.128894172e+00
5.570035893e-03,-6.106029728e-03,3.873363891e-03,3.196149612e-02,8.833164164e-02,1.796891315e-01,1.942628093e-01,1.127706723e-01,2.910012539e-02,
9.585425706e-04,-1.794944632e-03,-9.456882822e-04,-1.911395575e-02,-6.385145310e-02,-1.204136823e-01,-1.267374257e-01,-6.984273931e-02,-1.577071034e-02,
1.587237324e-01
l,0.5,0.5
0.211,0.471,0.771,
3.441304301e-01,2.563878479e+00
2.372135967e-02,5.836861625e-02,1.226555687e+00,3.412235260e+01,4.387184789e+02,3.172980102e+03,1.303560816e+04,2.831995660e+04,2.525748213e+04,
2.662659564e-02,-1.334570141e-02,-8.755034943e-01,-2.520597166e+01,-3.392786436e+02,-2.431080157e+03,-9.643504907e+03,-1.996567116e+04,-1.683310224e+04,
1.591436961e-01
l,1.5,-1.5
0.411,1.551,2.711,
7.365077578e-03,3.601902536e+00
1.349790953e-03,-1.654642323e-03,8.597545434e-04,4.669472115e-03,6.261252467e-03,6.761202150e-03,-5.085013480e-03,-1.132879086e-02,-4.164319143e-03,
1.966923811e-04,-3.789659420e-04,-1.629767689e-04,-3.819476799e-03,-1.230747630e-02,-2.260730271e-02,-2.304905772e-02,-1.229086438e-02,-2.686575468e-03,
1.584767976e-01
l,1.5,-0.5
0.471,1.451,2.431,
1.443510553e-02,3.810439078e+00
4.214361776e-03,-4.434254029e-03,3.058756798e-03,3.973440815e-02,1.147011304e-01,2.523829974e-01,2.837840315e-01,1.420066251e-01,2.462348675e-02,
8.902797526e-04,-1.673696111e-03,-1.536516209e-03,-2.621818256e-02,-1.017484688e-01,-2.194151398e-01,-2.641019763e-01,-1.664963684e-01,-4.300633417e-02,
1.589101006e-01
l,1.5,0.5
0.471,1.611,2.771,
3.720889009e-02,4.007504966e+00
8.486050181e-03,-1.050485695e-02,5.348430872e-03,2.664383257e-02,2.268311267e-02,-6.640781680e-03,-1.158772686e-01,-1.411795582e-01,-4.772386206e-02,
1.228251519e-03,-2.369676081e-03,-9.849255154e-04,-2.367767796e-02,-7.626189007e-02,-1.401307842e-01,-1.428801145e-01,-7.620909169e-02,-1.666503513e-02,
1.584769164e-01
l,1.5,1.5
0.491,0.911,1.371,
1.620434486e-01,4.287700815e+00
4.127458110e-02,5.088373173e-02,6.033113859e-01,1.278131551e+01,1.059318149e+02,4.904962448e+02,1.294022209e+03,1.802198846e+03,1.026803031e+03,
3.409757044e-02,-4.120040538e-02,-5.039275084e-01,-9.726638562e+00,-8.586386956e+01,-4.017973448e+02,-1.040559427e+03,-1.404893959e+03,-7.717247749e+02,
1.591437236e-01
l,2.5,-2.5
0.691,1.831,2.971,
5.854433588e-04,5.736470998e+00
3.165306989e-04,-4.085766361e-04,2.283369384e-04,1.414008389e-03,2.794830589e-03,5.218788494e-03,3.110601399e-03,-6.939590082e-04,-7.537267157e-04,
4.475027098e-05,-8.770190247e-05,-3.696476711e-05,-9.038317209e-04,-2.937175956e-03,-5.479058399e-03,-5.672817448e-03,-3.077040715e-03,-6.856291852e-04,
1.584148331e-01
l,2.5,-1.5
0.771,1.811,2.851,
6.608055445e-04,5.408131518e+00
8.584684110e-04,-9.813904501e-04,4.728963373e-04,7.191607661e-03,2.133409853e-02,5.317951613e-02,6.883815913e-02,4.110390704e-02,9.200648364e-03,
1.503449528e-04,-2.924353696e-04,-1.798305325e-04,-3.830568889e-03,-1.406218038e-02,-2.892925792e-02,-3.298963039e-02,-1.963274980e-02,-4.785604264e-03,
1.588479376e-01
l,2.5,-0.5
0.831,1.951,3.091,
1.130149963e-03,5.582896399e+00
1.787871006e-03,-2.290231668e-03,1.212330539e-03,1.101335169e-02,3.087144840e-02,7.671482859e-02,8.978096340e-02,4.564834048e-02,8.208720232e-03,
2.483013519e-04,-4.896324099e-04,-1.656211794e-04,-4.806933600e-03,-1.555834997e-02,-2.905900972e-02,-3.011043499e-02,-1.635412825e-02,-3.656017519e-03,
1.584150536e-01
l,2.5,0.5
0.851,1.871,2.911,
2.234277859e-03,5.119921355e+00
5.257591140e-03,-5.604797231e-03,2.067500446e-03,4.770511872e-02,1.425519599e-01,3.606327212e-01,4.981353357e-01,3.244610169e-01,8.028348904e-02,
9.384386881e-04,-1.828479373e-03,-1.230879454e-03,-2.479514525e-02,-9.119485160e-02,-1.874932677e-01,-2.137653975e-01,-1.271383986e-01,-3.097797627e-02,
1.588480022e-01
l,2.5,1.5
0.831,1.971,3.111,
7.109033186e-03,5.926734632e+00
1.177215017e-02,-1.482006843e-02,8.165151244e-03,7.123769425e-02,1.955484928e-01,4.636628032e-01,5.106230743e-01,2.376223043e-01,3.677262347e-02,
1.671430887e-03,-3.288335392e-03,-1.291177265e-03,-3.330961440e-02,-1.082380231e-01,-2.018987007e-01,-2.091263617e-01,-1.135232713e-01,-2.534111604e-02,
1.582905160e-01
l,2.5,2.5
0.831,1.371,1.931,
2.589673993e-02,5.556793419e+00
5.617465824e-02,4.004604105e-02,3.008785561e-01,6.389952677e+00,4.076109062e+01,1.450840816e+02,2.990982059e+02,3.283780631e+02,1.479347474e+02,
3.671851535e-02,-5.523696435e-02,-3.139690173e-01,-5.031080844e+00,-3.542703899e+01,-1.334517975e+02,-2.811257502e+02,-3.104893143e+02,-1.400317512e+02,
1.591437205e-01
l,3.5,-3.5
1.011,2.111,3.231,
1.540231579e-05,7.574726373e+00
7.166787691e-05,-9.355975634e-05,5.287990498e-05,4.467039968e-04,1.254021636e-03,3.074641106e-03,3.506831910e-03,1.717561062e-03,2.906009316e-04,
1.010438106e-05,-2.007806716e-05,-6.539754650e-06,-1.988117975e-04,-6.511552855e-04,-1.233839409e-03,-1.299174658e-03,-7.177476303e-04,-1.632693203e-04,
1.584147443e-01
l,3.5,-2.5
1.091,2.131,3.171,
1.714298164e-05,7.108197340e+00
1.788080990e-04,-2.039784159e-04,7.150166575e-05,1.536040738e-03,4.403060279e-03,1.148247607e-02,1.633785773e-02,1.087312390e-02,2.737392614e-03,
3.024988340e-05,-5.992854859e-05,-3.543450166e-05,-7.819011833e-04,-2.858391711e-03,-5.878197530e-03,-6.697493371e-03,-3.983299924e-03,-9.718700682e-04,
1.588167682e-01
l,3.5,-1.5
1.171,2.251,3.351,
2.564359152e-05,6.730193675e+00
3.811520000e-04,-4.571326427e-04,1.686035718e-04,2.984012273e-03,8.385344510e-03,2.207754113e-02,3.098917349e-02,2.013220878e-02,4.927146447e-03,
5.595193519e-05,-1.117892980e-04,-6.450638119e-05,-1.425369787e-03,-4.998912893e-03,-9.848672567e-03,-1.067492647e-02,-6.021653986e-03,-1.391394027e-03,
1.585386854e-01
l,3.5,-0.5
1.231,2.271,3.311,
4.982508618e-05,6.239390567e+00
9.484532056e-04,-1.025346065e-03,2.242976764e-04,8.171686139e-03,2.190236371e-02,5.501513605e-02,8.045848990e-02,5.579943157e-02,1.465113514e-02,
1.609154521e-04,-3.208471019e-04,-2.072972710e-04,-4.360957584e-03,-1.595880903e-02,-3.280513304e-02,-3.736320155e-02,-2.219688311e-02,-5.409694344e-03,
1.588169892e-01
l,3.5,0.5
1.251,2.351,3.471,
1.065542384e-04,6.192497225e+00
2.186428057e-03,-2.581543963e-03,6.518261234e-04,1.560178569e-02,4.077345947e-02,1.078554030e-01,1.552126607e-01,1.027111281e-01,2.545711096e-02,
3.089536460e-04,-6.201383178e-04,-2.133838370e-04,-6.286320837e-03,-2.054802302e-02,-3.889662926e-02,-4.089246085e-02,-2.253865450e-02,-5.132950451e-03,
1.584768694e-01
l,3.5,1.5
1.251,2.311,3.371,
2.853427870e-04,5.953340954e+00
6.061823107e-03,-6.388157417e-03,7.400647371e-04,4.837516582e-02,1.255190143e-01,3.146301007e-01,4.629796599e-01,3.211557311e-01,8.392789673e-02,
1.001474463e-03,-1.998610288e-03,-1.080135324e-03,-2.523705904e-02,-9.088030871e-02,-1.840167184e-01,-2.060789451e-01,-1.201746119e-01,-2.873242668e-02,
1.587851739e-01
l,3.5,2.5
1.231,2.351,3.491,
8.266342159e-04,6.261536762e+00
1.509062015e-02,-1.839940968e-02,6.627382057e-03,1.036667237e-01,2.913358896e-01,7.820275173e-01,1.076343425e+00,6.754248668e-01,1.587605393e-01,
2.077395636e-03,-4.157970511e-03,-1.403433267e-03,-4.088873850e-02,-1.319378699e-01,-2.461327124e-01,-2.546944255e-01,-1.381643087e-01,-3.092915128e-02,
1.583367157e-01
l,3.5,3.5
1.211,1.811,2.451,
3.134624446e-03,6.724336834e+00
6.780783087e-02,4.341424067e-02,2.977892061e-01,6.271695823e+00,3.761640927e+01,1.228812292e+02,2.297019790e+02,2.275442929e+02,9.228575542e+01,
3.833196549e-02,-6.374314207e-02,-3.157055910e-01,-4.910248242e+00,-3.149728252e+01,-1.065351059e+02,-1.991144463e+02,-1.933615333e+02,-7.620717343e+01,
1.591437295e-01
l,4.5,-4.5
1.331,2.411,3.511,
1.672031912e-07,1.037446081e+01
1.540169978e-05,-2.002375273e-05,1.040911304e-05,1.123437161e-04,3.276552343e-04,8.515676046e-04,1.099998947e-03,6.459419290e-04,1.418374582e-04,
2.178104806e-06,-4.381877321e-06,-2.264891459e-06,-5.396446850e-05,-1.885067115e-04,-3.715848077e-04,-4.027441073e-04,-2.273038165e-04,-5.252691632e-05,
1.584764582e-01
l,4.5,-3.5
1.451,2.471,3.491,
2.397943804e-07,9.125350822e+00
3.549352914e-05,-4.076118944e-05,1.344263401e-05,3.163843950e-04,8.972062127e-04,2.326553807e-03,3.372521541e-03,2.308251634e-03,5.998708773e-04,
6.024227697e-06,-1.210952135e-05,-7.452698174e-06,-1.648579015e-04,-6.105469594e-04,-1.275529380e-03,-1.478610963e-03,-8.953262890e-04,-2.225743805e-04,
1.588166791e-01
l,4.5,-2.5
1.531,2.571,3.631,
3.568783722e-07,8.681118448e+00
7.665801240e-05,-8.666105904e-05,1.417750497e-05,6.162411821e-04,1.587553624e-03,4.168954187e-03,6.344104703e-03,4.511712674e-03,1.205794264e-03,
1.202975565e-05,-2.431404137e-05,-1.250258729e-05,-3.060422865e-04,-1.098137838e-03,-2.225614368e-03,-2.491907855e-03,-1.454178526e-03,-3.484185553e-04,
1.586314521e-01
l,4.5,-1.5
1.591,2.631,3.671,
6.778990317e-07,8.206051456e+00
1.774231059e-04,-1.856893016e-04,-5.640294599e-06,1.411085831e-03,3.118352191e-03,7.332801526e-03,1.146511248e-02,8.534387714e-03,2.375149400e-03,
2.945270415e-05,-5.961496002e-05,-3.396972506e-05,-7.804095397e-04,-2.841637327e-03,-5.837921537e-03,-6.641665335e-03,-3.939839378e-03,-9.603365654e-04,
1.588478962e-01
l,4.5,-0.5
1.651,2.711,3.791,
1.586982890e-06,7.706142081e+00
4.038848856e-04,-4.353077539e-04,-2.063145613e-05,2.927334884e-03,6.156766243e-03,1.466119845e-02,2.307432586e-02,1.702839113e-02,4.668090628e-03,
6.113700689e-05,-1.242668648e-04,-6.118616100e-05,-1.532429868e-03,-5.410800736e-03,-1.079609599e-02,-1.186990457e-02,-6.790024419e-03,-1.595439519e-03,
1.586626738e-01
l,4.5,0.5
1.671,2.731,3.791,
3.951898692e-06,7.375330344e+00
1.006216975e-03,-1.006793842e-03,-1.902630695e-04,7.410776568e-03,1.444599449e-02,3.028003652e-02,4.749211793e-02,3.592571904e-02,1.008586303e-02,
1.621793738e-04,-3.295827327e-04,-1.795576556e-04,-4.211306949e-03,-1.509303154e-02,-3.050945323e-02,-3.408071729e-02,-1.981375143e-02,-4.731716017e-03,
1.587859051e-01
l,4.5,1.5
1.671,2.791,3.911,
1.196749638e-05,6.948772494e+00
2.424922073e-03,-2.672753211e-03,-3.127168092e-04,1.385251522e-02,2.234457820e-02,5.330554762e-02,8.972166168e-02,6.709418137e-02,1.812299640e-02,
3.362313968e-04,-6.858039748e-04,-2.036355620e-04,-6.818873787e-03,-2.212086296e-02,-4.180182748e-02,-4.380355099e-02,-2.402691085e-02,-5.460863000e-03,
1.585991016e-01
l,4.5,2.5
1.671,2.711,3.771,
3.665317787e-05,6.792029500e+00
7.003568113e-03,-6.312491333e-03,-1.878570236e-03,5.450335004e-02,1.164379737e-01,2.410635419e-01,3.688806803e-01,2.789591357e-01,7.919558881e-02,
1.184519761e-03,-2.400885878e-03,-1.423663246e-03,-3.138578450e-02,-1.130082511e-01,-2.281908742e-01,-2.550805516e-01,-1.482953817e-01,-3.535629985e-02,
1.587072914e-01
l,4.5,3.5
1.631,2.771,3.911,
1.368169115e-04,6.555322016e+00
1.766943932e-02,-2.103084856e-02,3.046816448e-03,1.064169762e-01,2.268231143e-01,6.179323942e-01,9.493463568e-01,6.525054208e-01,1.651386048e-01,
2.353141477e-03,-4.782059537e-03,-1.553926746e-03,-4.750779492e-02,-1.526082053e-01,-2.847241323e-01,-2.943215621e-01,-1.594565245e-01,-3.573556532e-02,
1.584430019e-01
l,4.5,4.5
1.611,2.271,2.971,
3.230476204e-04,7.816088431e+00
7.767073810e-02,3.571485649e-02,2.025276992e-01,5.058132856e+00,2.862227765e+01,8.651139242e+01,1.484958576e+02,1.344334489e+02,4.966640396e+01,
3.805237582e-02,-6.755033040e-02,-2.136049062e-01,-3.074589742e+00,-1.723092515e+01,-5.177371554e+01,-8.726001534e+01,-7.700739564e+01,-2.771794905e+01,
1.591437559e-01
l,5.5,-5.5
1.671,2.711,3.771,
4.517328622e-10,1.407325280e+01
3.216875939e-06,-4.064274450e-06,1.843194127e-06,2.619618724e-05,7.721382320e-05,2.096594083e-04,2.950498150e-04,1.917117048e-04,4.702093138e-05,
4.857775919e-07,-9.868227063e-07,-4.996271236e-07,-1.240409006e-05,-4.449003237e-05,-9.031906421e-05,-1.012654809e-04,-5.924470352e-05,-1.421827616e-05,
1.585072562e-01
l,5.5,-4.5
1.791,2.791,3.811,
8.113416620e-10,1.260299053e+01
7.093348813e-06,-7.895271215e-06,1.061527986e-06,6.182138971e-05,1.574179991e-04,4.047835480e-04,6.288466319e-04,4.634053284e-04,1.289514152e-04,
1.189588078e-06,-2.419871647e-06,-1.402279348e-06,-3.226765239e-05,-1.190322296e-04,-2.483765267e-04,-2.875343381e-04,-1.738977575e-04,-4.325080120e-05,
1.588165060e-01
l,5.5,-3.5
1.891,2.911,3.951,
1.292964133e-09,1.195110709e+01
1.479533967e-05,-1.614342597e-05,9.416151258e-08,1.189034059e-04,2.651452276e-04,6.336375525e-04,9.927173481e-04,7.405173154e-04,2.071318477e-04,
2.370113041e-06,-4.843334061e-06,-2.732407956e-06,-6.395316277e-05,-2.323111398e-04,-4.774432905e-04,-5.428410161e-04,-3.218729904e-04,-7.847795703e-05,
1.587853390e-01
l,5.5,-2.5
1.971,2.991,4.011,
2.876223526e-09,1.116295030e+01
3.274394840e-05,-3.297486800e-05,-4.475699520e-06,2.729163717e-04,6.011389392e-04,1.304782801e-03,2.002592611e-03,1.510997619e-03,4.299988590e-04,
5.559887128e-06,-1.138263540e-05,-6.827656217e-06,-1.551241582e-04,-5.722952389e-04,-1.193223363e-03,-1.379953303e-03,-8.321102835e-04,-2.062609543e-04,
1.588478053e-01
l,5.5,-1.5
2.031,3.071,4.111,
6.975425329e-09,1.054546684e+01
7.337902935e-05,-7.304575499e-05,-1.857033208e-05,5.512570384e-04,1.036682897e-03,2.070562343e-03,3.309528434e-03,2.585539321e-03,7.484141039e-04,
1.200253734e-05,-2.464505619e-05,-1.295807428e-05,-3.181830354e-04,-1.154334662e-03,-2.369384743e-03,-2.691847279e-03,-1.592579265e-03,-3.873697128e-04,
1.587855866e-01
l,5.5,-0.5
2.091,3.131,4.171,
2.629012164e-08,9.572046060e+00
1.712148951e-04,-1.659103644e-04,-5.529241541e-05,1.283541906e-03,2.335616737e-03,4.241865507e-03,6.672418233e-03,5.274537799e-03,1.547031878e-03,
2.813901495e-05,-5.787532316e-05,-3.072670130e-05,-7.473745002e-04,-2.708598561e-03,-5.554113085e-03,-6.303665799e-03,-3.724646361e-03,-9.050022019e-04,
1.588480263e-01
l,5.5,0.5
2.111,3.171,4.231,
7.162687823e-08,9.213516131e+00
4.127956927e-04,-3.874426901e-04,-1.594401832e-04,2.984639743e-03,5.127716934e-03,8.329238563e-03,1.282765210e-02,1.017087128e-02,2.980268992e-03,
6.587648084e-05,-1.357079568e-04,-7.485845876e-05,-1.763485168e-03,-6.308767100e-03,-1.273917317e-02,-1.420842642e-02,-8.237105724e-03,-1.961925087e-03,
1.587237157e-01
l,5.5,1.5
2.131,3.191,4.271,
2.529054598e-07,8.691762549e+00
1.041635987e-03,-9.572273725e-04,-5.291779520e-04,7.136164191e-03,1.050104471e-02,1.275466013e-02,2.022633034e-02,1.751837292e-02,5.446001627e-03,
1.609248382e-04,-3.318158471e-04,-1.679523597e-04,-4.120041172e-03,-1.449326003e-02,-2.879553316e-02,-3.152461965e-02,-1.792545040e-02,-4.192185676e-03,
1.588464293e-01
l,5.5,2.5
2.111,3.251,4.391,
9.236106858e-07,8.275935864e+00
2.544679912e-03,-2.671887977e-03,-9.212052889e-04,1.281910772e-02,1.547596561e-02,2.769343301e-02,5.092897337e-02,4.081029173e-02,1.141418517e-02,
3.324945958e-04,-6.875249852e-04,-1.256153672e-04,-6.363058300e-03,-2.014300697e-02,-3.749213364e-02,-3.851787189e-02,-2.062904684e-02,-4.584051926e-03,
1.586612547e-01
l,5.5,3.5
2.091,3.151,4.231,
3.780140929e-06,7.857451587e+00
7.588705979e-03,-6.438777840e-03,-3.879857253e-03,5.362787155e-02,8.980439451e-02,1.287408214e-01,1.962143109e-01,1.605362753e-01,4.832490960e-02,
1.225330147e-03,-2.519366185e-03,-1.420863645e-03,-3.216710514e-02,-1.137139649e-01,-2.258050713e-01,-2.475937662e-01,-1.409278780e-01,-3.291431328e-02,
1.587207350e-01
l,5.5,4.5
2.031,3.171,4.331,
1.859757967e-05,7.393403242e+00
2.049178071e-02,-2.199248352e-02,-6.104082586e-03,1.002529110e-01,9.411265861e-02,1.861548052e-01,4.166277429e-01,3.581286234e-01,1.035980207e-01,
2.634037110e-03,-5.417969361e-03,-1.385992857e-03,-5.132007133e-02,-1.614990748e-01,-2.965520121e-01,-3.007936906e-01,-1.595099787e-01,-3.509896536e-02,
1.585065028e-01
l,5.5,5.5
2.011,2.731,3.491,
3.168964752e-05,8.761122383e+00
8.554343134e-02,2.922360692e-02,8.251271040e-02,3.249912374e+00,1.611062309e+01,4.243533510e+01,6.501877952e+01,5.353125316e+01,1.818040760e+01,
3.648729213e-02,-6.784194952e-02,-1.747881284e-01,-2.571641997e+00,-1.356568917e+01,-3.812649232e+01,-5.969083982e+01,-4.862967782e+01,-1.609280683e+01,
1.591437297e-01
l,6.5,-6.5
2.031,3.051,4.091,
3.820875555e-13,1.792690100e+01
6.279477134e-07,-8.006449963e-07,3.481882597e-07,5.395842013e-06,1.551148264e-05,4.155203347e-05,5.962668188e-05,4.002747365e-05,1.020862008e-05,
9.541949001e-08,-1.958173216e-07,-1.118457222e-07,-2.616692327e-06,-9.510022575e-06,-1.959986480e-05,-2.233332629e-05,-1.329181158e-05,-3.249202711e-06,
1.586619523e-01
l,6.5,-5.5
2.151,3.151,4.151,
3.098610884e-13,1.765395243e+01
1.326638994e-06,-1.514357899e-06,2.715162277e-07,1.162479940e-05,2.981652492e-05,7.553814739e-05,1.145847301e-04,8.279617534e-05,2.267633970e-05,
2.238981579e-07,-4.602687812e-07,-2.586200694e-07,-6.245124483e-06,-2.336269267e-05,-4.960634024e-05,-5.851342004e-05,-3.607037535e-05,-9.144635241e-06,
1.588474427e-01
l,6.5,-4.5
2.271,3.251,4.251,
1.674803213e-12,1.539358236e+01
2.798235982e-06,-2.942415146e-06,-1.053177540e-07,2.466651588e-05,5.912015701e-05,1.417245438e-04,2.240237919e-04,1.717695571e-04,4.982595289e-05,
4.829530359e-07,-9.955459360e-07,-5.651030982e-07,-1.349247329e-05,-5.043883690e-05,-1.068710797e-04,-1.258867919e-04,-7.745497150e-05,-1.960805550e-05,
1.587851142e-01
l,6.5,-3.5
2.371,3.351,4.351,
6.327110932e-12,1.400249765e+01
5.992707884e-06,-6.004000037e-06,-1.282121480e-06,5.124356512e-05,1.090536496e-04,2.309955797e-04,3.691729872e-04,2.938309325e-04,8.812910942e-05,
1.041981575e-06,-2.153543415e-06,-1.220385956e-06,-2.904229639e-05,-1.084021879e-04,-2.294178398e-04,-2.698957068e-04,-1.657845027e-04,-4.192917396e-05,
1.588476070e-01
l,6.5,-2.5
2.431,3.431,4.451,
7.989791811e-12,1.411001409e+01
1.324319965e-05,-1.224689976e-05,-5.340706627e-06,1.098946262e-04,2.140054912e-04,3.607543980e-04,5.370670798e-04,4.274313758e-04,1.290764622e-04,
2.246024829e-06,-4.653621187e-06,-2.853240655e-06,-6.414011406e-05,-2.360375883e-04,-4.911808769e-04,-5.666920276e-04,-3.405481984e-04,-8.419791974e-05,
1.588478053e-01
l,6.5,-1.5
2.491,3.511,4.551,
2.618754673e-11,1.332044655e+01
2.966463035e-05,-2.703888031e-05,-1.513630121e-05,2.217775014e-04,3.939218625e-04,5.968191268e-04,8.920695075e-04,7.225700378e-04,2.191572217e-04,
4.840817334e-06,-1.005372538e-05,-4.980364566e-06,-1.281850343e-04,-4.628602518e-04,-9.478492678e-04,-1.073412154e-03,-6.317780770e-04,-1.529529009e-04,
1.589099290e-01
l,6.5,-0.5
2.531,3.571,4.611,
1.082186241e-10,1.243973462e+01
6.888010103e-05,-6.135812736e-05,-3.669499828e-05,5.123015325e-04,8.785619846e-04,1.193124562e-03,1.722861735e-03,1.403566351e-03,4.277235979e-04,
1.132443103e-05,-2.355146859e-05,-1.231028065e-05,-3.051312616e-04,-1.103261992e-03,-2.258675526e-03,-2.558377012e-03,-1.506010369e-03,-3.645133507e-04,
1.588478805e-01
l,6.5,0.5
2.571,3.611,4.671,
5.734900249e-10,1.144928059e+01
1.658352994e-04,-1.407542725e-04,-1.041408197e-04,1.213428570e-03,2.136877480e-03,2.684032587e-03,3.594691804e-03,2.881040360e-03,8.785171727e-04,
2.650270400e-05,-5.519038698e-05,-2.808480903e-05,-7.025173398e-04,-2.501052200e-03,-5.037796157e-03,-5.600024408e-03,-3.228308045e-03,-7.647839405e-04,
1.588789801e-01
l,6.5,1.5
2.571,3.631,4.691,
2.308936513e-09,1.085365632e+01
4.125873966e-04,-3.363905384e-04,-2.625293840e-04,2.952485115e-03,4.828224871e-03,5.192790402e-03,6.881062830e-03,5.777516252e-03,1.811619233e-03,
6.735026409e-05,-1.403061401e-04,-7.585938600e-05,-1.818433650e-03,-6.498184890e-03,-1.309389058e-02,-1.458449956e-02,-8.426956815e-03,-1.998585592e-03,
1.587832612e-01
l,6.5,2.5
2.571,3.671,4.771,
8.940307306e-09,1.044654198e+01
1.043483964e-03,-9.280869080e-04,-7.014323498e-04,7.091201780e-03,9.527000528e-03,4.010488774e-03,2.554516492e-03,3.352595900e-03,1.358918391e-03,
1.512091226e-04,-3.155061218e-04,-1.719499881e-04,-4.002854167e-03,-1.383027234e-02,-2.701025743e-02,-2.893698652e-02,-1.607174328e-02,-3.676802815e-03,
1.588956711e-01
l,6.5,3.5
2.551,3.671,4.791,
5.684144287e-08,9.595990425e+00
2.720942022e-03,-2.435453242e-03,-1.787625414e-03,1.384164698e-02,1.645744775e-02,1.588986646e-02,2.905783265e-02,2.664745948e-02,8.221437942e-03,
3.837841481e-04,-8.008532470e-04,-1.316497093e-04,-7.389516040e-03,-2.367833466e-02,-4.452624053e-02,-4.636112522e-02,-2.506567968e-02,-5.610793106e-03,
1.586565508e-01
l,6.5,4.5
2.511,3.611,4.711,
2.951924896e-07,9.068094999e+00
7.915915921e-03,-6.684761461e-03,-5.095427934e-03,5.002875873e-02,6.515304835e-02,4.509244276e-02,6.710523457e-02,6.742485712e-02,2.261350171e-02,
1.201889070e-03,-2.500714534e-03,-1.189211165e-03,-3.027674720e-02,-1.050275012e-01,-2.054482065e-01,-2.211974325e-01,-1.233779797e-01,-2.825440389e-02,
1.587844200e-01
l,6.5,5.5
2.451,3.591,4.751,
1.570532380e-06,8.681112171e+00
2.262853086e-02,-2.213101326e-02,-1.302834079e-02,1.054245048e-01,4.859572084e-02,-6.203316834e-02,3.924743422e-02,1.153600982e-01,4.558346698e-02,
2.920706066e-03,-6.066968897e-03,-1.376249952e-03,-5.667860316e-02,-1.773984597e-01,-3.247200535e-01,-3.279643289e-01,-1.727900606e-01,-3.784066362e-02,
1.585685781e-01
l,6.5,6.5
2.411,3.191,3.991,
2.620285952e-06,9.805130288e+00
9.169009328e-02,2.462477291e-02,6.112829286e-02,2.973390172e+00,1.404907646e+01,3.464551223e+01,4.925597751e+01,3.746564764e+01,1.172984422e+01,
3.544544920e-02,-6.798017346e-02,-1.632728703e-01,-2.425403488e+00,-1.233096996e+01,-3.328053709e+01,-4.977907582e+01,-3.858774672e+01,-1.211883732e+01,
1.591437229e-01
l,7.5,-7.5
2.391,3.371,4.371,
1.659547183e-17,2.413759662e+01
1.232004934e-07,-1.525639310e-07,5.692591711e-08,1.119263991e-06,3.203897501e-06,8.763430803e-06,1.317787950e-05,9.317073862e-06,2.503635298e-06,
2.021167032e-08,-4.179433632e-08,-2.260248414e-08,-5.600314791e-07,-2.091870949e-06,-4.443579646e-06,-5.244033140e-06,-3.239055304e-06,-8.229653336e-07,
1.586306708e-01
l,7.5,-6.5
2.531,3.491,4.471,
7.611169395e-17,2.179289718e+01
2.517114979e-07,-2.862757655e-07,6.099163916e-08,2.606371673e-06,7.126317297e-06,1.770063583e-05,2.680717975e-05,1.977995189e-05,5.586419525e-06,
4.362193514e-08,-9.042603895e-08,-5.327682880e-08,-1.256591187e-06,-4.764721511e-06,-1.026946814e-05,-1.232301479e-05,-7.741768701e-06,-2.003602904e-06,
1.588473041e-01
l,7.5,-5.5
2.651,3.631,4.611,
3.734195956e-16,1.986398922e+01
5.027699785e-07,-5.632488565e-07,3.061830725e-08,4.478039653e-06,1.041739604e-05,2.452518625e-05,3.828881981e-05,2.911813402e-05,8.400859889e-06,
8.649100651e-08,-1.798787710e-07,-1.047695687e-07,-2.507113237e-06,-9.495755810e-06,-2.046556242e-05,-2.454050957e-05,-1.539439182e-05,-3.978737002e-06,
1.588784676e-01
l,7.5,-4.5
2.751,3.731,4.711,
8.506544964e-16,1.902667042e+01
1.061198986e-06,-1.096088451e-06,-1.288930741e-07,9.458462416e-06,2.161850450e-05,4.656407679e-05,7.095001892e-05,5.420034870e-05,1.579597899e-05,
1.862345225e-07,-3.881765917e-07,-2.288544586e-07,-5.449932225e-06,-2.065296116e-05,-4.446902360e-05,-5.329093588e-05,-3.335703483e-05,-8.595407671e-06,
1.589094562e-01
l,7.5,-3.5
2.831,3.811,4.791,
1.939011360e-15,1.838704949e+01
2.315081929e-06,-2.179569818e-06,-6.741638476e-07,2.077626827e-05,4.554726078e-05,8.792552487e-05,1.319187411e-04,1.030509092e-04,3.081339343e-05,
4.177564197e-07,-8.722280321e-07,-5.493928917e-07,-1.248631187e-05,-4.739819175e-05,-1.019131845e-04,-1.220825568e-04,-7.633306291e-05,-1.963587883e-05,
1.588784621e-01
l,7.5,-2.5
2.911,3.891,4.891,
1.856561259e-14,1.657854785e+01
5.131203125e-06,-4.605141237e-06,-2.431898111e-06,4.361172417e-05,8.648259915e-05,1.404999221e-04,2.070953236e-04,1.681017745e-04,5.214837390e-05,
8.988078284e-07,-1.880443252e-06,-1.086995467e-06,-2.572452289e-05,-9.588350950e-05,-2.025539763e-04,-2.378386790e-04,-1.455397581e-04,-3.665712015e-05,
1.589098795e-01
l,7.5,-1.5
2.951,3.971,4.991,
2.588564771e-14,1.672367803e+01
1.152047025e-05,-1.024303719e-05,-6.703175247e-06,8.848203950e-05,1.503912155e-04,1.795762821e-04,2.429448561e-04,2.017007719e-04,6.345777882e-05,
1.932601893e-06,-4.051209610e-06,-2.116865212e-06,-5.316998223e-05,-1.945540997e-04,-4.041584850e-04,-4.652394630e-04,-2.785684900e-04,-6.866401271e-05,
1.589098875e-01
l,7.5,-0.5
2.991,4.011,5.051,
1.421555144e-13,1.571615049e+01
2.717366078e-05,-2.141668628e-05,-1.990886889e-05,2.130672472e-04,4.093139624e-04,4.863738528e-04,5.700465732e-04,4.383727177e-04,1.345146668e-04,
4.517662918e-06,-9.480853421e-06,-5.144932944e-06,-1.248406862e-04,-4.505964379e-04,-9.203196194e-04,-1.039470956e-03,-6.087938308e-04,-1.465124012e-04,
1.589099547e-01
l,7.5,0.5
3.031,4.071,5.111,
1.760317260e-12,1.409513658e+01
6.413162191e-05,-5.257478799e-05,-4.338308355e-05,4.943055411e-04,8.948014649e-04,9.712252342e-04,1.099016013e-03,8.502554918e-04,2.616383190e-04,
1.055898061e-05,-2.218363984e-05,-1.251964719e-05,-2.961039082e-04,-1.069284212e-03,-2.184402085e-03,-2.467663052e-03,-1.446655975e-03,-3.486131360e-04,
1.589099664e-01
l,7.5,1.5
3.031,4.111,5.191,
5.311614679e-12,1.384109480e+01
1.559718949e-04,-1.271706086e-04,-1.178005386e-04,1.047905465e-03,1.842902844e-03,1.958154708e-03,2.184985172e-03,1.632868116e-03,4.807412703e-04,
2.365857533e-05,-4.977540868e-05,-2.088756036e-05,-6.012077869e-04,-2.097997848e-03,-4.159560074e-03,-4.532356778e-03,-2.550316402e-03,-5.891084178e-04,
1.589076017e-01
l,7.5,2.5
3.051,4.091,5.131,
8.930378623e-11,1.212484013e+01
4.096495977e-04,-2.988429401e-04,-3.241392651e-04,3.186989908e-03,5.109907443e-03,2.698589767e-03,1.321612787e-03,1.535481393e-03,6.836040047e-04,
7.107743772e-05,-1.493705408e-04,-9.284844734e-05,-2.007928346e-03,-7.271807828e-03,-1.481402875e-02,-1.674072310e-02,-9.834662511e-03,-2.375421743e-03,
1.587416333e-01
l,7.5,3.5
3.011,4.131,5.271,
1.780725211e-10,1.244891490e+01
1.042288030e-03,-8.237872819e-04,-1.028133720e-03,5.838499411e-03,7.344041356e-03,-1.453356501e-03,-6.568756583e-03,-3.630781253e-03,-6.012280494e-04,
1.404701948e-04,-2.959018756e-04,-5.900281668e-05,-2.752747161e-03,-8.600704408e-03,-1.578489533e-02,-1.592533350e-02,-8.321071488e-03,-1.812128500e-03,
1.588900888e-01
l,7.5,4.5
2.991,4.111,5.231,
2.607244805e-09,1.100896146e+01
2.814203035e-03,-2.242400653e-03,-2.369557903e-03,1.435428921e-02,1.763371206e-02,7.468350375e-03,1.010369337e-02,1.236910113e-02,4.475318853e-03,
4.044961014e-04,-8.511914316e-04,-1.496023500e-04,-7.923439719e-03,-2.533860532e-02,-4.748258114e-02,-4.927308290e-02,-2.646862208e-02,-5.878494614e-03,
1.586904277e-01
l,7.5,5.5
2.951,4.051,5.171,
1.814359816e-08,1.034530097e+01
8.269517682e-03,-6.344033345e-03,-7.017781164e-03,5.059523056e-02,6.808285505e-02,2.112589997e-02,9.259950388e-03,2.111610120e-02,9.793991687e-03,
1.216188964e-03,-2.553783494e-03,-6.131718428e-04,-2.441531460e-02,-7.841709899e-02,-1.466754572e-01,-1.522949560e-01,-8.219130792e-02,-1.839143281e-02,
1.587845547e-01
l,7.5,6.5
2.871,4.011,5.171,
8.720983669e-08,1.015125674e+01
2.448328957e-02,-2.113074102e-02,-1.993840707e-02,1.194376195e-01,7.357786330e-02,-1.552735999e-01,-1.840172759e-01,-5.451624214e-02,8.575428049e-04,
3.212625193e-03,-6.727975720e-03,-1.473975721e-03,-6.270699677e-02,-1.953553290e-01,-3.559193356e-01,-3.574036592e-01,-1.865731839e-01,-4.050235253e-02,
1.585991833e-01
l,7.5,7.5
2.831,3.651,4.491,
2.226344407e-07,1.071856862e+01
9.634686261e-02,1.895127340e-02,-2.122625965e-02,1.993601209e+00,8.642925795e+00,1.911437911e+01,2.490562560e+01,1.773799637e+01,5.270573838e+00,
3.383917955e-02,-6.650104612e-02,-1.082894304e-01,-1.629779250e+00,-7.514510701e+00,-1.876903578e+01,-2.637430414e+01,-1.931862989e+01,-5.755284039e+00,
1.591436904e-01
l,8.5,-8.5
2.771,3.751,4.731,
0.000000000e+00,0.000000000e+00
2.217275963e-08,-2.923142188e-08,1.318148804e-08,1.967298179e-07,5.482825742e-07,1.477243750e-06,2.168403670e-06,1.497722594e-06,3.943882487e-07,
3.612581465e-09,-7.533102062e-09,-3.993955424e-09,-1.026066142e-07,-3.880247394e-07,-8.387339940e-07,-1.007743402e-06,-6.345541750e-07,-1.645314741e-07,
1.587537287e-01
l,8.5,-7.5
2.911,3.851,4.811,
0.000000000e+00,0.000000000e+00
4.591986880e-08,-5.252407226e-08,1.664886279e-08,5.154055761e-07,1.518885798e-06,3.777729284e-06,5.572871421e-06,4.044785962e-06,1.135895632e-06,
8.109422386e-09,-1.693860090e-08,-1.493370328e-08,-3.071058256e-07,-1.257590268e-06,-2.845094186e-06,-3.539913038e-06,-2.285116732e-06,-6.020715361e-07,
1.588470229e-01
l,8.5,-6.5
3.031,3.971,4.911,
0.000000000e+00,0.000000000e+00
9.302468840e-08,-9.949947693e-08,2.536199336e-08,1.138604515e-06,3.410150838e-06,8.288848412e-06,1.235506202e-05,9.216030983e-06,2.670429488e-06,
1.744260928e-08,-3.650717162e-08,-3.557515800e-08,-6.959005620e-07,-2.894234305e-06,-6.643521890e-06,-8.413001362e-06,-5.534202362e-06,-1.486742665e-06,
1.588471487e-01
l,8.5,-5.5
3.131,4.091,5.051,
0.000000000e+00,0.000000000e+00
1.910403000e-07,-1.988023664e-07,3.017714836e-09,2.060023642e-06,5.242643382e-06,1.142518021e-05,1.689228366e-05,1.272034014e-05,3.700364733e-06,
3.449684128e-08,-7.239617048e-08,-6.238467594e-08,-1.287292041e-06,-5.256251388e-06,-1.185651942e-05,-1.471665115e-05,-9.474521670e-06,-2.491735528e-06,
1.589095168e-01
l,8.5,-4.5
3.231,4.191,5.171,
7.083201372e-20,2.356820411e+01
4.049620941e-07,-3.934993535e-07,-9.439978087e-08,4.234547913e-06,1.072546242e-05,2.166377485e-05,3.099690017e-05,2.332746414e-05,6.852001715e-06,
7.108227340e-08,-1.495020976e-07,-8.711264913e-08,-2.086272712e-06,-7.880567128e-06,-1.693132396e-05,-2.024186499e-05,-1.263354123e-05,-3.249720382e-06,
1.589264660e-01
l,8.5,-3.5
3.311,4.291,5.271,
4.584446307e-19,2.216210459e+01
8.664512166e-07,-8.197080964e-07,-3.307724333e-07,7.553491439e-06,1.599516797e-05,2.815107558e-05,4.044198582e-05,3.133181565e-05,9.377255530e-06,
1.526746410e-07,-3.216694099e-07,-1.837032062e-07,-4.481425578e-06,-1.692796148e-05,-3.637154900e-05,-4.348334881e-05,-2.710719341e-05,-6.957464076e-06,
1.589266658e-01
l,8.5,-2.5
3.371,4.351,5.351,
1.127049953e-18,2.169434958e+01
1.953131004e-06,-1.647275302e-06,-1.154241993e-06,1.652824179e-05,3.451512569e-05,5.351176054e-05,7.311734700e-05,5.728108057e-05,1.752072001e-05,
3.419357224e-07,-7.213922823e-07,-3.938846993e-07,-9.771354066e-06,-3.634495328e-05,-7.672145564e-05,-8.999266491e-05,-5.489985486e-05,-1.377135868e-05,
1.589270341e-01
l,8.5,-1.5
3.431,4.431,5.431,
2.372360419e-17,1.960543222e+01
4.393910785e-06,-3.767671718e-06,-2.684374741e-06,3.545016131e-05,6.548964358e-05,8.300492352e-05,1.084645929e-04,8.781961733e-05,2.758856601e-05,
7.656378969e-07,-1.617396565e-06,-8.650201360e-07,-2.168048942e-05,-8.053161501e-05,-1.698868099e-04,-1.991457451e-04,-1.214819296e-04,-3.049597241e-05,
1.589270421e-01
l,8.5,-0.5
3.471,4.491,5.511,
2.017609784e-16,1.837216798e+01
1.019469983e-05,-8.481316110e-06,-7.095214591e-06,7.963674370e-05,1.470251694e-04,1.668151621e-04,1.950928811e-04,1.530035710e-04,4.766004953e-05,
1.713990735e-06,-3.625352303e-06,-1.824262836e-06,-4.724632298e-05,-1.725094675e-04,-3.578784936e-04,-4.113374033e-04,-2.455074808e-04,-6.028419392e-05,
1.589271093e-01
l,8.5,0.5
3.491,4.511,5.551,
8.709715923e-16,1.776845937e+01
2.479109025e-05,-1.756001827e-05,-2.128667375e-05,1.983873165e-04,4.055850958e-04,4.336835436e-04,4.096225998e-04,2.867403154e-04,8.681524950e-05,
4.175216937e-06,-8.836654478e-06,-5.005827572e-06,-1.182221770e-04,-4.264716204e-04,-8.693131290e-04,-9.801729317e-04,-5.722576136e-04,-1.371543569e-04,
1.589271210e-01
l,8.5,1.5
3.511,4.571,5.631,
9.852886007e-15,1.649137057e+01
5.958149995e-05,-4.646969401e-05,-5.171333854e-05,4.430875755e-04,7.931374376e-04,5.800789070e-04,3.304267128e-04,2.139437485e-04,7.194061177e-05,
9.343631231e-06,-1.979915675e-05,-9.662825667e-06,-2.496012865e-04,-8.817377112e-04,-1.767940837e-03,-1.951902353e-03,-1.115358951e-03,-2.623700432e-04,
1.589234988e-01
l,8.5,2.5
3.511,4.571,5.631,
1.264629526e-13,1.515908630e+01
1.494627068e-04,-1.021340392e-04,-1.228205889e-04,1.000181742e-03,2.093617870e-03,2.853930171e-03,3.428705084e-03,2.471847881e-03,7.052625676e-04,
2.475188907e-05,-5.244827876e-05,-2.016454743e-05,-6.326050474e-04,-2.250568356e-03,-4.538828945e-03,-5.062898534e-03,-2.910193138e-03,-6.828709929e-04,
1.588038842e-01
l,8.5,3.5
3.511,4.571,5.651,
1.602175676e-12,1.393560716e+01
3.971701954e-04,-2.695785824e-04,-3.916692763e-04,3.055438671e-03,5.513440076e-03,2.766195915e-03,-4.334931788e-04,-6.193933191e-04,-7.219453710e-05,
6.290749629e-05,-1.333319209e-04,-7.597479909e-05,-1.726180139e-03,-6.041190036e-03,-1.191132315e-02,-1.293504803e-02,-7.268992951e-03,-1.680105877e-03,
1.588381316e-01
l,8.5,4.5
3.471,4.591,5.731,
5.678314966e-12,1.380287002e+01
1.032814966e-03,-7.427515629e-04,-1.103566449e-03,5.958768295e-03,9.619843940e-03,3.067297001e-03,-2.829605075e-03,-2.241921340e-03,-4.230533863e-04,
1.407977695e-04,-2.987401843e-04,-6.084602201e-05,-2.805267650e-03,-8.750324073e-03,-1.601136193e-02,-1.609140929e-02,-8.340408059e-03,-1.796579888e-03,
1.589077329e-01
l,8.5,5.5
3.431,4.551,5.671,
9.381021148e-11,1.246533994e+01
2.872898942e-03,-1.979318072e-03,-2.808688144e-03,1.545902342e-02,2.391621712e-02,1.226010445e-02,6.280292919e-03,6.298446972e-03,2.462429326e-03,
4.233026538e-04,-8.970616171e-04,-2.152524832e-04,-8.777734891e-03,-2.813465757e-02,-5.256339583e-02,-5.439645448e-02,-2.905088792e-02,-6.395378780e-03,
1.587218389e-01
l,8.5,6.5
3.391,4.491,5.611,
1.090449868e-09,1.149615856e+01
8.524968289e-03,-5.805854686e-03,-8.010833818e-03,5.584390113e-02,9.443319336e-02,5.406065704e-02,2.020583918e-02,1.568134572e-02,6.550070970e-03,
1.273669577e-03,-2.693948731e-03,-8.184054527e-04,-2.708874464e-02,-8.716175878e-02,-1.626138929e-01,-1.683937045e-01,-9.041375834e-02,-2.008280218e-02,
1.587842435e-01
l,8.5,7.5
3.311,4.451,5.611,
5.283449125e-09,1.134855611e+01
2.561160922e-02,-2.065030331e-02,-2.375472625e-02,1.292351731e-01,1.117432210e-01,-1.428856698e-01,-2.350618287e-01,-1.097386621e-01,-1.580834522e-02,
3.366081514e-03,-7.101447773e-03,-1.336898379e-03,-6.494096361e-02,-2.012376353e-01,-3.654972493e-01,-3.653971750e-01,-1.893985052e-01,-4.083957874e-02,
1.586616662e-01
l,8.5,8.5
3.231,4.111,4.991,
7.262902262e-08,1.042901002e+01
9.972126782e-02,1.456266674e-02,-4.889862479e-02,1.722050264e+00,7.282607023e+00,1.537347117e+01,1.903726980e+01,1.288040299e+01,3.637107810e+00,
3.186200617e-02,-6.385546176e-02,-9.018811554e-02,-1.419919393e+00,-6.308395729e+00,-1.517361189e+01,-2.044406700e+01,-1.429371938e+01,-4.053550870e+00,
1.591437113e-01
