l,0.5,-0.5
0.151,1.111,2.071,
6.156714111e-02,1.985957037e+00
6.846071221e-03,-6.496592347e-03,5.788552838e-03,7.692126850e-02,2.703516722e-01,6.120089985e-01,7.716505429e-01,5.188641699e-01,1.474319983e-01,
1.525491819e-03,-2.940970815e-03,-3.299874807e-03,-5.582647123e-02,-2.326314429e-01,-5.253711823e-01,-6.547108526e-01,-4.232259366e-01,-1.111659018e-01,
1.589582971e-01
l,0.5,0.5
0.151,0.331,0.531,
5.878327963e-01,2.486833326e+00
1.901515014e-02,6.630271752e-02,1.911968776e+00,8.828506007e+01,1.814830503e+03,1.994251961e+04,1.197337313e+05,3.704340665e+05,4.626049963e+05,
2.387022126e-02,3.470884183e-03,-1.405716598e+00,-7.113246613e+01,-1.597983942e+03,-1.831005551e+04,-1.125321357e+05,-3.535085816e+05,-4.462064754e+05,
1.591437146e-01
l,1.5,-1.5
0.331,1.331,2.351,
1.919532311e-02,3.227252257e+00
2.350586932e-03,-2.601327245e-03,1.629001156e-03,1.594285106e-02,4.150792397e-02,8.066833036e-02,7.886631328e-02,3.922231093e-02,9.419790709e-03,
4.343605438e-04,-8.660269499e-04,-6.195164674e-04,-1.210629838e-02,-4.527549759e-02,-9.445580017e-02,-1.097300410e-01,-6.654701021e-02,-1.648670840e-02,
1.588480166e-01
l,1.5,-0.5
0.391,1.211,2.071,
3.508259388e-02,3.447792861e+00
6.052048877e-03,-4.985181187e-03,3.095017217e-02,2.967134361e-01,1.188682869e+00,2.838414634e+00,3.749616206e+00,2.549380048e+00,7.070147969e-01,
1.525789243e-03,-2.941544214e-03,-3.868556163e-03,-6.611534752e-02,-3.045865796e-01,-7.725962262e-01,-1.098152144e+00,-8.213318938e-01,-2.523979211e-01,
1.589892891e-01
l,1.5,0.5
0.371,1.371,2.391,
7.396517370e-02,3.533605033e+00
8.913288824e-03,-1.008097928e-02,6.510905219e-03,5.036535068e-02,1.065088426e-01,1.539663463e-01,6.334572151e-02,-1.905562497e-02,-7.858486350e-03,
1.645787919e-03,-3.280442662e-03,-2.262503586e-03,-4.513808342e-02,-1.688906019e-01,-3.525276227e-01,-4.098671646e-01,-2.488074526e-01,-6.167018929e-02,
1.588480207e-01
l,1.5,1.5
0.351,0.591,0.851,
1.074621128e+00,4.727862788e+00
3.215945885e-02,1.189552461e-01,5.786391268e+00,2.338622673e+02,4.185366572e+03,3.789295995e+04,1.810561648e+05,4.368027092e+05,4.200555942e+05,
3.643300377e-02,-2.168977900e-02,-4.045451476e+00,-1.927498941e+02,-3.750387319e+03,-3.526867876e+04,-1.719059560e+05,-4.197000637e+05,-4.067928911e+05,
1.591437586e-01
l,2.5,-2.5
0.531,1.551,2.591,
4.921666839e-03,5.215740751e+00
7.994018961e-04,-9.931066427e-04,6.255050773e-04,4.397476173e-03,8.537957435e-03,1.211613463e-02,7.517354202e-04,-9.297443226e-03,-4.272780967e-03,
1.319751306e-04,-2.686006764e-04,-1.710965918e-04,-3.617033617e-03,-1.325678124e-02,-2.725799921e-02,-3.111075196e-02,-1.853582429e-02,-4.513728988e-03,
1.587856384e-01
l,2.5,-1.5
0.631,1.491,2.371,
3.924826273e-03,4.744068020e+00
1.865872997e-03,-1.381330776e-03,1.794673684e-02,1.570490260e-01,6.336430790e-01,1.488587122e+00,1.947984802e+00,1.318756105e+00,3.623153578e-01,
4.176549623e-04,-8.342734957e-04,-1.029530908e-03,-1.866809098e-02,-8.631497503e-02,-2.215170154e-01,-3.189252936e-01,-2.421777504e-01,-7.566373449e-02,
1.589582859e-01
l,2.5,-0.5
0.631,1.651,2.691,
8.438996047e-03,5.659340105e+00
2.735622926e-03,-3.516824173e-03,2.348462715e-03,1.508016950e-02,2.625645707e-02,2.831456056e-02,-3.845022481e-02,-8.335648958e-02,-3.563173818e-02,
4.425116871e-04,-9.061962600e-04,-6.053547968e-04,-1.245814547e-02,-4.564975531e-02,-9.384268195e-02,-1.070652847e-01,-6.382306141e-02,-1.555900195e-02,
1.587237883e-01
l,2.5,0.5
0.651,1.531,2.411,
1.097319908e-02,4.759953260e+00
7.020351011e-03,-6.775868884e-03,2.979898409e-02,2.885588254e-01,1.130301693e+00,2.702620874e+00,3.549565716e+00,2.354045761e+00,6.229614441e-01,
1.582504546e-03,-3.160576403e-03,-4.280012033e-03,-7.886976861e-02,-3.862379530e-01,-1.038011508e+00,-1.540804447e+00,-1.182983774e+00,-3.666054308e-01,
1.589582900e-01
l,2.5,1.5
0.611,1.651,2.691,
3.276959784e-02,5.082903050e+00
1.098081004e-02,-1.388493092e-02,8.976054109e-03,4.488967730e-02,2.852046238e-02,-1.126924844e-01,-4.435983075e-01,-4.770041761e-01,-1.599043806e-01,
1.815892628e-03,-3.704525298e-03,-2.430655426e-03,-5.027220213e-02,-1.844354069e-01,-3.789484482e-01,-4.324687115e-01,-2.578143090e-01,-6.280189407e-02,
1.586927222e-01
l,2.5,2.5
0.571,0.871,1.211,
3.025831354e-01,6.349580239e+00
4.499638081e-02,1.170495973e-01,2.139677945e+00,5.751638910e+01,6.794801805e+02,4.409065804e+03,1.609781782e+04,3.086800471e+04,2.415600423e+04,
4.586051983e-02,-4.677171432e-02,-1.619479037e+00,-4.412225606e+01,-5.454805186e+02,-3.532451357e+03,-1.251950530e+04,-2.296614499e+04,-1.705979366e+04,
1.591437289e-01
l,3.5,-3.5
0.751,1.771,2.811,
6.884872051e-04,8.644547269e+00
2.676206932e-04,-3.616303628e-04,2.220213855e-04,1.207526692e-03,1.351258805e-03,1.416691770e-04,-6.148105191e-03,-8.625420679e-03,-3.259033740e-03,
4.140788592e-05,-8.554849754e-05,-4.814845188e-05,-1.111818549e-03,-4.047950816e-03,-8.323405803e-03,-9.482374376e-03,-5.645082835e-03,-1.375747997e-03,
1.587235491e-01
l,3.5,-2.5
0.851,1.731,2.631,
5.648900452e-04,9.820490085e+00
5.922532873e-04,-1.013334006e-03,-5.954191997e-03,-4.449728962e-02,-1.894764938e-01,-4.272969221e-01,-5.512424457e-01,-3.846244249e-01,-1.116085966e-01,
1.217506873e-04,-2.485146440e-04,-1.475130412e-04,-2.933880613e-03,-7.348785616e-03,-2.874485019e-03,1.858182909e-02,2.978674169e-02,1.329594856e-02,
1.589271354e-01
l,3.5,-1.5
0.891,1.911,2.951,
4.815273925e-04,8.668472388e+00
8.498040843e-04,-1.180576984e-03,8.549080889e-04,6.300527716e-03,1.792976776e-02,4.231799369e-02,3.987924911e-02,9.789030765e-03,-2.075233491e-03,
1.274740155e-04,-2.654567199e-04,-1.573624767e-04,-3.556118714e-03,-1.295038350e-02,-2.666735069e-02,-3.041026082e-02,-1.813307356e-02,-4.429217910e-03,
1.586927017e-01
l,3.5,-0.5
0.931,1.831,2.731,
6.053521207e-04,7.330039505e+00
1.984057948e-03,-2.416251617e-03,-9.095212935e-04,8.878510326e-03,2.100758717e-02,1.006428734e-01,1.908875587e-01,1.435144747e-01,3.775312049e-02,
4.081848177e-04,-8.382162400e-04,-7.162393034e-04,-1.368120177e-02,-5.174885500e-02,-1.073010255e-01,-1.228782567e-01,-7.338281732e-02,-1.806398419e-02,
1.589272566e-01
l,3.5,0.5
0.931,1.971,3.031,
1.157610964e-03,7.759054358e+00
3.067954909e-03,-4.236643310e-03,3.096933039e-03,2.411575312e-02,7.441031118e-02,1.833715984e-01,1.956202877e-01,7.805405580e-02,5.998783771e-03,
4.437891962e-04,-9.274334060e-04,-5.572787783e-04,-1.237357426e-02,-4.445838011e-02,-9.016359794e-02,-1.010836614e-01,-5.919240470e-02,-1.418944366e-02,
1.586626524e-01
l,3.5,1.5
0.931,1.831,2.731,
2.496034487e-03,6.355250376e+00
8.031536825e-03,-8.987457201e-03,1.000826344e-02,1.444207423e-01,5.303336196e-01,1.398397627e+00,1.998710488e+00,1.379204883e+00,3.668131182e-01,
1.675526381e-03,-3.428876835e-03,-3.958418712e-03,-7.491646549e-02,-3.373338876e-01,-8.271599879e-01,-1.116525864e+00,-7.820875344e-01,-2.228860165e-01,
1.588961507e-01
l,3.5,2.5
0.871,1.931,2.991,
8.605528263e-03,7.176677300e+00
1.315931976e-02,-1.774244521e-02,1.184575923e-02,6.179883063e-02,8.632955947e-02,4.499330743e-02,-2.882030138e-01,-4.435925558e-01,-1.728110793e-01,
1.979061132e-03,-4.111544347e-03,-2.466316956e-03,-5.407479771e-02,-1.946511980e-01,-3.939167863e-01,-4.412844008e-01,-2.581734223e-01,-6.176539289e-02,
1.585685393e-01
l,3.5,3.5
0.831,1.191,1.571,
4.802522026e-02,7.499965777e+00
5.980870128e-02,1.037245663e-01,1.890547617e+00,4.876426270e+01,5.172449107e+02,2.942050714e+03,9.242122488e+03,1.505203243e+04,9.920496174e+03,
5.236920320e-02,-6.693373753e-02,-1.503089066e+00,-3.953455056e+01,-4.563855303e+02,-2.711587529e+03,-8.708400368e+03,-1.435683083e+04,-9.534383107e+03,
1.591437419e-01
l,4.5,-4.5
1.011,2.011,3.011,
2.077895250e-05,1.117139570e+01
8.534707740e-05,-1.239326972e-04,9.153553053e-05,4.281134781e-04,6.722743392e-04,6.958006635e-04,-1.356686422e-03,-2.600019155e-03,-1.069028117e-03,
1.345903505e-05,-2.812644263e-05,-1.586599605e-05,-3.793329440e-04,-1.417510828e-03,-3.009435229e-03,-3.550519129e-03,-2.195593683e-03,-5.567043029e-04,
1.586312627e-01
l,4.5,-3.5
1.131,1.971,2.831,
1.465841297e-05,8.967009676e+00
1.850461995e-04,-1.310599652e-04,2.268174759e-03,2.006835713e-02,8.324310525e-02,2.018165867e-01,2.748343588e-01,1.945206245e-01,5.588836931e-02,
3.978171002e-05,-8.228922838e-05,-1.564704640e-04,-3.023343223e-03,-1.705794183e-02,-5.163812843e-02,-8.462023779e-02,-7.056023932e-02,-2.342515542e-02,
1.589270171e-01
l,4.5,-2.5
1.171,2.171,3.171,
8.819468217e-06,1.176231645e+01
2.589639043e-04,-3.804957494e-04,3.071695050e-04,2.352099011e-03,7.709926573e-03,2.040918937e-02,2.421222502e-02,1.183527941e-02,1.784258665e-03,
3.962035729e-05,-8.345698168e-05,-4.920117836e-05,-1.155128877e-03,-4.319724351e-03,-9.197383479e-03,-1.087166673e-02,-6.739696866e-03,-1.715730398e-03,
1.586624886e-01
l,4.5,-1.5
1.231,2.111,2.991,
1.757521902e-05,8.870274372e+00
5.712384009e-04,-6.443256564e-04,1.206894054e-03,1.513210217e-02,5.846276559e-02,1.544611680e-01,2.278101921e-01,1.670828585e-01,4.808000785e-02,
1.174484133e-04,-2.451184305e-04,-3.388154119e-04,-6.527589313e-03,-3.155025200e-02,-8.184583289e-02,-1.158380417e-01,-8.461800599e-02,-2.504119282e-02,
1.589271645e-01
l,4.5,-0.5
1.251,2.271,3.291,
2.141841353e-05,9.840696129e+00
8.664106135e-04,-1.264225559e-03,9.836580900e-04,8.567860563e-03,3.036497398e-02,8.498931645e-02,1.117323682e-01,6.542456219e-02,1.399511165e-02,
1.265680044e-04,-2.680101719e-04,-1.506934764e-04,-3.630063643e-03,-1.334954883e-02,-2.796686107e-02,-3.246306610e-02,-1.974372608e-02,-4.930906110e-03,
1.586316265e-01
l,4.5,0.5
1.251,2.171,3.091,
6.247400922e-05,7.821971217e+00
2.057966078e-03,-2.331029473e-03,2.800318922e-03,4.153165262e-02,1.500789063e-01,3.970040270e-01,5.913749671e-01,4.325515499e-01,1.227242535e-01,
3.920637429e-04,-8.219665288e-04,-9.373512188e-04,-1.877322283e-02,-8.587942891e-02,-2.118923568e-01,-2.850385343e-01,-1.978263835e-01,-5.566547070e-02,
1.589272338e-01
l,4.5,1.5
1.231,2.291,3.371,
1.108173661e-04,8.884877911e+00
3.345814068e-03,-4.800116565e-03,3.311356131e-03,2.955603018e-02,1.035184412e-01,2.888626833e-01,3.756491444e-01,2.171451930e-01,4.596663358e-02,
4.393758912e-04,-9.329385524e-04,-4.357294740e-04,-1.153830350e-02,-4.056253575e-02,-8.122562427e-02,-8.958069837e-02,-5.157701923e-02,-1.217262868e-02,
1.585696018e-01
l,4.5,2.5
1.211,2.131,3.051,
4.092936970e-04,7.411093517e+00
8.961385116e-03,-1.030827872e-02,3.763653701e-03,1.106297784e-01,3.783304585e-01,1.094577918e+00,1.721200334e+00,1.273841340e+00,3.576237788e-01,
1.749768706e-03,-3.649071964e-03,-2.874704603e-03,-6.132465355e-02,-2.543737072e-01,-5.881962131e-01,-7.550640933e-01,-5.057599450e-01,-1.387370111e-01,
1.588467836e-01
l,4.5,3.5
1.131,2.211,3.291,
1.154373474e-03,8.981259252e+00
1.544213016e-02,-2.160237985e-02,1.486533335e-02,9.821601710e-02,2.609212595e-01,5.766525494e-01,4.774303795e-01,6.286925754e-02,-4.671388685e-02,
2.135449789e-03,-4.501931520e-03,-2.419731441e-03,-5.683672539e-02,-2.007369570e-01,-4.005056311e-01,-4.407752299e-01,-2.531892879e-01,-5.952236350e-02,
1.584637922e-01
l,4.5,4.5
1.071,1.471,1.911,
6.907348863e-03,8.473493270e+00
7.097940892e-02,1.136877270e-01,1.000131398e+00,2.330380057e+01,2.014748202e+02,9.591127330e+02,2.618913509e+03,3.805989213e+03,2.274309888e+03,
5.806615551e-02,-8.339778360e-02,-9.078475886e-01,-1.794259089e+01,-1.629988712e+02,-7.887740330e+02,-2.124430043e+03,-2.992033594e+03,-1.717385562e+03,
1.591437078e-01
l,5.5,-5.5
1.251,2.231,3.231,
1.539171891e-07,1.692535940e+01
2.763739940e-05,-4.144458368e-05,3.118294617e-05,1.513035060e-04,2.677738801e-04,3.802564653e-04,-2.785957979e-04,-8.162336316e-04,-3.691359489e-04,
4.177498986e-06,-8.824732236e-06,-4.958023388e-06,-1.207722353e-04,-4.507722820e-04,-9.597352692e-04,-1.134029881e-03,-7.022915401e-04,-1.784036901e-04,
1.586309626e-01
l,5.5,-4.5
1.371,2.211,3.071,
5.724939156e-08,1.681716708e+01
5.698749010e-05,-8.629087525e-05,-2.625477838e-04,-1.801619511e-03,-8.413776945e-03,-1.912467198e-02,-2.522172581e-02,-1.864681147e-02,-5.857126198e-03,
1.189274709e-05,-2.493052200e-05,-3.692240134e-06,-1.229356710e-04,3.614451185e-04,2.962154189e-03,6.664343144e-03,6.440676538e-03,2.301569669e-03,
1.589268443e-01
l,5.5,-3.5
1.451,2.411,3.391,
5.079489267e-08,1.568331500e+01
7.977431960e-05,-1.190704563e-04,9.147911994e-05,7.719377493e-04,2.595992000e-03,7.352964782e-03,9.570415140e-03,5.356442875e-03,1.034504122e-03,
1.225341849e-05,-2.606316716e-05,-1.260373556e-05,-3.478133840e-04,-1.313937672e-03,-2.846631767e-03,-3.427831153e-03,-2.167775260e-03,-5.640276611e-04,
1.586313188e-01
l,5.5,-2.5
1.511,2.371,3.231,
1.077337312e-07,1.357336465e+01
1.670741040e-04,-2.046523309e-04,-6.186676202e-06,1.694313159e-03,5.497904071e-03,1.875737473e-02,3.396286118e-02,2.797005232e-02,8.610003702e-03,
3.496846953e-05,-7.386385285e-05,-3.862724412e-05,-9.970735993e-04,-3.974440546e-03,-9.192609409e-03,-1.203482717e-02,-8.327205801e-03,-2.392281257e-03,
1.589270697e-01
l,5.5,-1.5
1.551,2.531,3.531,
1.520660508e-07,1.325043747e+01
2.550182980e-04,-3.725273415e-04,2.490791308e-04,2.757325498e-03,9.916957932e-03,3.020157199e-02,4.473317467e-02,3.013593818e-02,7.610648151e-03,
3.743572411e-05,-8.005995001e-05,-3.697974321e-05,-1.045015444e-03,-3.878599593e-03,-8.265824685e-03,-9.768589195e-03,-6.058617544e-03,-1.547766519e-03,
1.586625832e-01
l,5.5,-0.5
1.591,2.471,3.351,
7.744063682e-07,1.061888029e+01
5.554605741e-04,-6.434372836e-04,3.445303445e-04,8.668476145e-03,2.902164176e-02,8.190312398e-02,1.337406411e-01,1.055863259e-01,3.193716648e-02,
1.116560500e-04,-2.370501695e-04,-2.696622051e-04,-5.077672630e-03,-2.220121401e-02,-5.381214851e-02,-7.242922295e-02,-5.091821260e-02,-1.466291933e-02,
1.589272088e-01
l,5.5,0.5
1.591,2.591,3.611,
1.582782006e-06,1.038309241e+01
9.131495026e-04,-1.307707321e-03,8.173798334e-04,9.707896052e-03,3.419172243e-02,1.038066279e-01,1.557165986e-01,1.067496383e-01,2.751411309e-02,
1.297763249e-04,-2.783033591e-04,-1.424735358e-04,-3.707742354e-03,-1.358338252e-02,-2.847876992e-02,-3.305918176e-02,-2.011496571e-02,-5.037718714e-03,
1.585697429e-01
l,5.5,1.5
1.571,2.491,3.431,
6.496948994e-06,8.970366170e+00
2.151481109e-03,-2.422319513e-03,5.964892139e-04,2.835460287e-02,8.749463802e-02,2.422306910e-01,3.986882300e-01,3.150645218e-01,9.459603432e-02,
3.875510340e-04,-8.250122104e-04,-7.782632756e-04,-1.558761847e-02,-6.476151819e-02,-1.488390154e-01,-1.886301005e-01,-1.243026667e-01,-3.349758424e-02,
1.588960422e-01
l,5.5,2.5
1.531,2.611,3.691,
1.256322484e-05,9.566037710e+00
3.573217895e-03,-5.216743394e-03,3.445569372e-03,3.275244887e-02,1.149629829e-01,3.309536982e-01,4.543922090e-01,2.823269278e-01,6.561048859e-02,
4.496642263e-04,-9.664070672e-04,-4.621829021e-04,-1.225805729e-02,-4.299607388e-02,-8.621149886e-02,-9.510769304e-02,-5.478184990e-02,-1.294619160e-02,
1.585363107e-01
l,5.5,3.5
1.491,2.411,3.351,
7.352010442e-05,7.946396835e+00
1.005358994e-02,-1.078290678e-02,3.222850851e-03,1.366136503e-01,4.429324268e-01,1.223345808e+00,1.973854798e+00,1.534069925e+00,4.546311172e-01,
1.885738462e-03,-3.988273003e-03,-3.916272566e-03,-7.582506573e-02,-3.159528103e-01,-7.255624926e-01,-9.198652817e-01,-6.064130137e-01,-1.633468882e-01,
1.588349018e-01
l,5.5,4.5
1.411,2.511,3.611,
1.353196531e-04,9.921791339e+00
1.730580069e-02,-2.515357719e-02,1.749402035e-02,1.223743615e-01,3.799173991e-01,9.590059941e-01,1.058798490e+00,4.735601000e-01,6.354687964e-02,
2.190690877e-03,-4.678790212e-03,-2.239403259e-03,-5.716217634e-02,-1.981905347e-01,-3.904098769e-01,-4.226907844e-01,-2.386801274e-01,-5.518340414e-02,
1.584425213e-01
l,5.5,5.5
1.351,1.771,2.231,
9.455615655e-04,9.412750413e+00
8.294814825e-02,1.220492822e-01,1.248471689e+00,2.726212274e+01,2.282522917e+02,1.049337624e+03,2.749167209e+03,3.817401948e+03,2.174695511e+03,
6.417031551e-02,-9.856554812e-02,-1.081632809e+00,-2.114530974e+01,-1.862678749e+02,-8.699909062e+02,-2.251832919e+03,-3.039061584e+03,-1.668354064e+03,
1.591437396e-01
l,6.5,-6.5
1.511,2.451,3.411,
2.481681864e-10,2.206487927e+01
8.819182767e-06,-1.349660220e-05,1.261173446e-05,7.318602814e-05,1.928834523e-04,3.988613720e-04,2.665696354e-04,-5.301806223e-05,-7.508551758e-05,
1.404868605e-06,-2.990670092e-06,-2.667529189e-06,-5.465866020e-05,-2.238722635e-04,-5.081836498e-04,-6.339792668e-04,-4.115073517e-04,-1.088797371e-04,
1.585688874e-01
l,6.5,-5.5
1.631,2.451,3.291,
2.307467551e-10,1.952177650e+01
1.738852006e-05,-1.934520684e-05,9.058808642e-05,9.803921448e-04,4.340284574e-03,1.162159600e-02,1.719805117e-02,1.297842143e-02,3.927789665e-03,
3.687145972e-06,-7.809704263e-06,-1.472214437e-05,-2.898174635e-04,-1.562415707e-03,-4.414917018e-03,-6.736442016e-03,-5.273979750e-03,-1.664290463e-03,
1.589575839e-01
l,6.5,-4.5
1.731,2.671,3.611,
6.035511789e-11,2.072868393e+01
2.354776007e-05,-3.614871266e-05,3.156695263e-05,2.651814971e-04,9.293347354e-04,2.627975889e-03,3.523414860e-03,2.110861910e-03,4.615413113e-04,
3.775713853e-06,-8.098973396e-06,-6.241954985e-06,-1.426451957e-04,-5.898281882e-04,-1.360810306e-03,-1.727543584e-03,-1.142803266e-03,-3.089117840e-04,
1.586922300e-01
l,6.5,-3.5
1.811,2.631,3.451,
2.374205744e-10,1.778053011e+01
4.845029980e-05,-5.630252386e-05,6.385869600e-05,1.156855109e-03,4.620365985e-03,1.312072022e-02,2.094452393e-02,1.656564074e-02,5.122693645e-03,
1.080583544e-05,-2.303962477e-05,-4.555339065e-05,-7.800664460e-04,-3.850301264e-03,-1.024738589e-02,-1.498227871e-02,-1.135768176e-02,-3.500850805e-03,
1.589579409e-01
l,6.5,-2.5
1.871,2.791,3.731,
5.254849206e-10,1.651691827e+01
7.388321683e-05,-1.062319139e-04,7.456632567e-05,9.297215072e-04,3.331912468e-03,1.017482558e-02,1.572525483e-02,1.123936030e-02,3.038565002e-03,
1.200981519e-05,-2.586783941e-05,-1.973950941e-05,-4.553550914e-04,-1.883294605e-03,-4.344849438e-03,-5.518131249e-03,-3.650880592e-03,-9.880025041e-04,
1.586615200e-01
l,6.5,-1.5
1.911,2.771,3.631,
2.801676881e-09,1.430763008e+01
1.494549942e-04,-1.800820209e-04,8.695161281e-05,2.331034020e-03,7.906722208e-03,2.316531659e-02,3.905755631e-02,3.171569975e-02,9.857596819e-03,
3.026633775e-05,-6.496463874e-05,-6.417890105e-05,-1.321159840e-03,-5.848033192e-03,-1.443677270e-02,-1.982994203e-02,-1.424757221e-02,-4.199794769e-03,
1.589271645e-01
l,6.5,-0.5
1.931,2.891,3.851,
6.652769959e-09,1.367234441e+01
2.455844951e-04,-3.524361707e-04,2.275972391e-04,2.970736785e-03,1.030026640e-02,3.141241608e-02,4.906396258e-02,3.542582182e-02,9.659356909e-03,
3.816791576e-05,-8.252442487e-05,-6.344438053e-05,-1.442387323e-03,-5.871891920e-03,-1.331513541e-02,-1.658031962e-02,-1.074197709e-02,-2.845414635e-03,
1.586625796e-01
l,6.5,0.5
1.931,2.831,3.731,
3.509883731e-08,1.206558675e+01
5.342641962e-04,-6.247453888e-04,1.736614047e-04,7.357223790e-03,2.277526860e-02,6.435157059e-02,1.086146021e-01,8.805009596e-02,2.711624175e-02,
1.005019717e-04,-2.164340289e-04,-1.944157909e-04,-4.125351854e-03,-1.763829306e-02,-4.197340919e-02,-5.531396115e-02,-3.800936526e-02,-1.070228342e-02,
1.589272181e-01
l,6.5,1.5
1.911,2.911,3.931,
1.544316513e-07,1.092551053e+01
9.453365928e-04,-1.317333484e-03,5.480258417e-04,9.370010938e-03,2.935809569e-02,9.369064868e-02,1.535258491e-01,1.141286296e-01,3.167731246e-02,
1.320721253e-04,-2.862087458e-04,-1.226408674e-04,-3.657780747e-03,-1.333886633e-02,-2.797914273e-02,-3.247082556e-02,-1.975384893e-02,-4.958006840e-03,
1.585693699e-01
l,6.5,2.5
1.891,2.831,3.791,
7.032900656e-07,9.933816159e+00
2.171430038e-03,-2.503588380e-03,2.710960126e-04,2.566027942e-02,7.104617012e-02,1.899506914e-01,3.160159623e-01,2.518154629e-01,7.573559921e-02,
3.634528793e-04,-7.838666844e-04,-6.627774828e-04,-1.410370839e-02,-5.748711129e-02,-1.299597799e-01,-1.614926122e-01,-1.041929745e-01,-2.749818068e-02,
1.589247445e-01
l,6.5,3.5
1.831,2.911,4.011,
1.792454532e-06,1.002840608e+01
3.864401951e-03,-5.551158742e-03,2.867049597e-03,3.359091917e-02,1.121176344e-01,3.366903940e-01,4.906960301e-01,3.232446765e-01,7.961883307e-02,
4.564942480e-04,-9.910083877e-04,-3.623267698e-04,-1.182018810e-02,-4.068403758e-02,-8.053807354e-02,-8.747556971e-02,-4.955560293e-02,-1.153200354e-02,
1.584202998e-01
l,6.5,4.5
1.771,2.731,3.691,
1.239736636e-05,8.706939065e+00
1.064075995e-02,-1.197394137e-02,2.181365775e-03,1.250784626e-01,3.612847918e-01,9.844165337e-01,1.608640606e+00,1.249941155e+00,3.662540887e-01,
1.850732271e-03,-3.966842422e-03,-3.329284212e-03,-7.002225225e-02,-2.860358313e-01,-6.461407608e-01,-8.035242566e-01,-5.189836547e-01,-1.369955386e-01,
1.588445448e-01
l,6.5,5.5
1.671,2.791,3.911,
1.447542738e-05,1.101845537e+01
1.967599988e-02,-2.870236674e-02,1.869760061e-02,1.585652433e-01,5.390795227e-01,1.457269635e+00,1.831126796e+00,1.023465728e+00,2.099516185e-01,
2.326992018e-03,-5.019731398e-03,-1.309577189e-03,-4.959587971e-02,-1.596939462e-01,-3.029312281e-01,-3.183364174e-01,-1.759431484e-01,-4.019058983e-02,
1.583515606e-01
l,6.5,6.5
1.611,2.071,2.571,
1.152537743e-04,1.049046812e+01
9.432753921e-02,1.206968019e-01,1.082211752e+00,2.388812649e+01,1.891884225e+02,8.106546058e+02,1.963772265e+03,2.507959017e+03,1.309353150e+03,
6.719004682e-02,-1.098750862e-01,-9.843165531e-01,-1.880635839e+01,-1.568127904e+02,-6.854974391e+02,-1.647256404e+03,-2.051835096e+03,-1.035543463e+03,
1.591437212e-01
l,7.5,-7.5
1.771,2.691,3.631,
0.000000000e+00,0.000000000e+00
2.691971076e-06,-4.228908398e-06,3.927908612e-06,2.241780166e-05,6.386082067e-05,1.446006907e-04,1.186482148e-04,1.196395070e-05,-1.454809659e-05,
4.324776205e-07,-9.283379950e-07,-7.087616496e-07,-1.624593372e-05,-6.723444857e-05,-1.552380569e-04,-1.973745411e-04,-1.307534434e-04,-3.534473209e-05,
1.585375822e-01
l,7.5,-6.5
1.911,2.691,3.471,
0.000000000e+00,0.000000000e+00
5.233895990e-06,-7.031289957e-06,-4.962022092e-07,3.851786890e-05,1.001804737e-04,3.792371743e-04,6.519337939e-04,4.537170592e-04,1.042264117e-04,
1.239013378e-06,-2.643879214e-06,-2.039687968e-06,-4.174996388e-05,-1.702107821e-04,-4.022803911e-04,-5.426448091e-04,-3.894395505e-04,-1.166658139e-04,
1.589263607e-01
l,7.5,-5.5
2.011,2.891,3.771,
0.000000000e+00,0.000000000e+00
7.295326213e-06,-1.089807977e-05,9.696317384e-06,9.629128951e-05,3.401450659e-04,9.926013655e-04,1.429178265e-03,9.389345552e-04,2.297219714e-04,
1.318889720e-06,-2.844552795e-06,-2.580603538e-06,-5.571798441e-05,-2.421847576e-04,-5.887070475e-04,-7.932130377e-04,-5.591001626e-04,-1.614423274e-04,
1.586919275e-01
l,7.5,-4.5
2.111,2.931,3.751,
3.032580100e-13,2.152758809e+01
1.325138965e-05,-1.744254276e-05,1.720423672e-05,2.708476345e-04,1.071415843e-03,3.191403008e-03,5.195048827e-03,4.122308660e-03,1.272999154e-03,
2.798898355e-06,-6.032629069e-06,-8.922386608e-06,-1.718743733e-04,-8.438818222e-04,-2.248313645e-03,-3.288882950e-03,-2.495419431e-03,-7.704578760e-04,
1.589577326e-01
l,7.5,-3.5
2.171,3.051,3.951,
1.822240843e-13,2.198016525e+01
2.122174010e-05,-3.023496708e-05,2.028433766e-05,2.860203471e-04,9.886699297e-04,3.026661290e-03,4.843066888e-03,3.612673571e-03,1.022121521e-03,
3.680835503e-06,-7.983182470e-06,-6.309522275e-06,-1.466564442e-04,-6.253672568e-04,-1.493726478e-03,-1.972502263e-03,-1.360206669e-03,-3.844356430e-04,
1.587542291e-01
l,7.5,-2.5
2.211,3.051,3.911,
4.723462897e-13,2.084452831e+01
4.106820052e-05,-4.925413173e-05,1.722851909e-05,6.294263059e-04,2.078556926e-03,6.140198605e-03,1.067098386e-02,8.961089492e-03,2.881871670e-03,
8.156057726e-06,-1.766801510e-05,-1.545932805e-05,-3.434832891e-04,-1.516354536e-03,-3.745476199e-03,-5.144850095e-03,-3.695006761e-03,-1.089493557e-03,
1.589579571e-01
l,7.5,-1.5
2.251,3.151,4.051,
3.112474309e-12,1.884206785e+01
6.919992302e-05,-9.318255655e-05,4.968109689e-05,9.524239436e-04,3.195995912e-03,9.680147733e-03,1.603402158e-02,1.250577621e-02,3.703084545e-03,
1.219252048e-05,-2.651954636e-05,-2.225329870e-05,-4.996890881e-04,-2.131645234e-03,-5.082463051e-03,-6.701721251e-03,-4.611996882e-03,-1.300944405e-03,
1.586926047e-01
l,7.5,-0.5
2.271,3.131,4.011,
3.518782617e-11,1.643391433e+01
1.397609012e-04,-1.590782562e-04,2.376122369e-05,2.013960595e-03,6.137038704e-03,1.727708925e-02,3.034644275e-02,2.591961845e-02,8.433896404e-03,
2.702803342e-05,-5.871970746e-05,-5.144444631e-05,-1.124565393e-03,-4.874230617e-03,-1.179715868e-02,-1.584717851e-02,-1.111244280e-02,-3.197788484e-03,
1.589271609e-01
l,7.5,0.5
2.271,3.211,4.171,
1.739811828e-10,1.522415744e+01
2.470623003e-04,-3.256446878e-04,1.072577147e-04,2.912970580e-03,8.751836886e-03,2.640714298e-02,4.481883178e-02,3.540712357e-02,1.050989446e-02,
3.864574279e-05,-8.432784161e-05,-6.126287901e-05,-1.452091172e-03,-5.898959616e-03,-1.336720522e-02,-1.663253772e-02,-1.075921038e-02,-2.849392160e-03,
1.586625897e-01
l,7.5,1.5
2.271,3.171,4.071,
2.122397526e-09,1.307069541e+01
5.223958869e-04,-5.893495912e-04,7.581793862e-05,7.012078325e-03,2.026967764e-02,5.481878666e-02,9.398487013e-02,7.822618608e-02,2.470024359e-02,
9.765808452e-05,-2.125000703e-04,-1.861999502e-04,-4.028906086e-03,-1.720821406e-02,-4.094720748e-02,-5.396293353e-02,-3.706698459e-02,-1.043582079e-02,
1.589096897e-01
l,7.5,2.5
2.251,3.211,4.211,
7.242174327e-09,1.257887364e+01
9.938080329e-04,-1.287035919e-03,1.614987249e-04,9.015272576e-03,2.039291615e-02,6.457416297e-02,1.206506210e-01,1.000717126e-01,3.033556485e-02,
1.456817931e-04,-3.181637242e-04,-1.569314594e-04,-4.282243207e-03,-1.586051023e-02,-3.374655402e-02,-3.981895147e-02,-2.464148244e-02,-6.303923995e-03,
1.585350922e-01
l,7.5,3.5
2.191,3.171,4.151,
7.141286034e-08,1.092065542e+01
2.169863088e-03,-2.564819035e-03,-2.439718327e-04,1.939245326e-02,3.984294972e-02,1.037064710e-01,1.871128457e-01,1.552026752e-01,4.719674291e-02,
3.377292745e-04,-7.361889206e-04,-3.529916964e-04,-1.001879076e-02,-3.761471117e-02,-8.120769915e-02,-9.735422386e-02,-6.107734230e-02,-1.583630530e-02,
1.589325184e-01
l,7.5,4.5
2.131,3.191,4.271,
3.456208021e-07,1.024077927e+01
4.245563876e-03,-5.790449736e-03,1.924081702e-03,3.569079489e-02,1.050637594e-01,3.248450289e-01,5.124135614e-01,3.638026047e-01,9.599117090e-02,
5.251041160e-04,-1.147849903e-03,-3.862531576e-04,-1.364957547e-02,-4.756562717e-02,-9.542562942e-02,-1.052750382e-01,-6.062151182e-02,-1.437041490e-02,
1.583155706e-01
l,7.5,5.5
2.071,3.031,4.011,
2.103755824e-06,9.435120726e+00
1.140549965e-02,-1.263141882e-02,-3.245025134e-04,1.213943471e-01,3.113507456e-01,8.164258026e-01,1.379736378e+00,1.108505305e+00,3.332790136e-01,
1.880533963e-03,-4.072300814e-03,-2.181271347e-03,-5.587632095e-02,-2.109037409e-01,-4.543753625e-01,-5.451778477e-01,-3.425211888e-01,-8.881384703e-02,
1.588464092e-01
l,7.5,6.5
1.951,3.071,4.211,
3.212658989e-06,1.086679376e+01
2.209760062e-02,-3.201096853e-02,1.814405865e-02,1.798941439e-01,6.072184604e-01,1.722829898e+00,2.327279341e+00,1.418516195e+00,3.229473841e-01,
2.458165769e-03,-5.347892005e-03,-1.214922983e-03,-5.175573019e-02,-1.637941474e-01,-3.067924000e-01,-3.174586756e-01,-1.726888973e-01,-3.888342938e-02,
1.583211423e-01
l,7.5,7.5
1.871,2.371,2.891,
1.229849589e-05,1.160551248e+01
1.051492989e-01,1.254598537e-01,1.188917674e+00,2.495723330e+01,1.880383715e+02,7.576848664e+02,1.709494783e+03,2.021030364e+03,9.731532652e+02,
7.139342848e-02,-1.213857348e-01,-1.076360429e+00,-2.037691746e+01,-1.656657921e+02,-7.024751597e+02,-1.630418239e+03,-1.955980899e+03,-9.490396589e+02,
1.591437349e-01
l,8.5,-8.5
1.331,1.371,1.431,
0.000000000e+00,0.000000000e+00
1.410868026e-05,1.990709632e-04,3.344326293e-03,1.245091345e-01,1.229555855e+00,0.000000000e+00,0.000000000e+00,0.000000000e+00,0.000000000e+00,
1.737550138e-05,-2.993744213e-05,-4.063383433e-03,-1.052990624e-01,-1.016936431e+00,0.000000000e+00,0.000000000e+00,0.000000000e+00,0.000000000e+00,
1.591435997e-01
l,8.5,-7.5
2.171,2.931,3.711,
0.000000000e+00,0.000000000e+00
1.565746970e-06,-1.957091101e-06,3.063573266e-06,4.552357821e-05,2.011183924e-04,5.957172172e-04,9.598607353e-04,7.702302521e-04,2.447097136e-04,
3.650426029e-07,-7.857522669e-07,-1.736679115e-06,-2.953015521e-05,-1.509339104e-04,-4.180913674e-04,-6.393614831e-04,-5.087833111e-04,-1.649344764e-04,
1.589260190e-01
l,8.5,-6.5
2.291,3.131,3.991,
0.000000000e+00,0.000000000e+00
2.170939979e-06,-3.203231464e-06,2.701485459e-06,3.090699739e-05,1.132965115e-04,3.368015483e-04,5.023284825e-04,3.475384424e-04,9.096701758e-05,
4.038189837e-07,-8.768525527e-07,-7.304071002e-07,-1.692315218e-05,-7.469298132e-05,-1.850538578e-04,-2.546266077e-04,-1.834267651e-04,-5.418522823e-05,
1.587226329e-01
l,8.5,-5.5
2.391,3.191,3.991,
0.000000000e+00,0.000000000e+00
3.780171028e-06,-5.009446048e-06,4.770042025e-06,7.587384542e-05,2.943025564e-04,8.665205824e-04,1.383940074e-03,1.068808889e-03,3.190636636e-04,
8.206422698e-07,-1.781941344e-06,-2.486959881e-06,-4.993385858e-05,-2.491430309e-04,-6.772079667e-04,-1.013556017e-03,-7.881056380e-04,-2.496190630e-04,
1.589574296e-01
l,8.5,-4.5
2.471,3.291,4.131,
0.000000000e+00,0.000000000e+00
6.203804787e-06,-8.405423239e-06,6.995616812e-06,1.182882730e-04,4.645051883e-04,1.407723716e-03,2.309911788e-03,1.830866027e-03,5.615386636e-04,
1.226655270e-06,-2.673971939e-06,-2.485005481e-06,-5.456133517e-05,-2.452632843e-04,-6.184315718e-04,-8.687479967e-04,-6.397069962e-04,-1.934923629e-04,
1.587849592e-01
l,8.5,-3.5
2.531,3.331,4.151,
0.000000000e+00,0.000000000e+00
1.124852042e-05,-1.361573493e-05,9.830314179e-06,2.346171364e-04,8.817561539e-04,2.570350005e-03,4.323966444e-03,3.588744681e-03,1.156788657e-03,
2.385504146e-06,-5.202905688e-06,-7.790983391e-06,-1.496907774e-04,-7.339665029e-04,-1.953463634e-03,-2.855767045e-03,-2.164851210e-03,-6.681423403e-04,
1.589577364e-01
l,8.5,-2.5
2.571,3.431,4.291,
0.000000000e+00,0.000000000e+00
1.884569065e-05,-2.507036061e-05,1.245483564e-05,2.735562098e-04,8.889552511e-04,2.690263080e-03,4.606463633e-03,3.745539714e-03,1.159185527e-03,
3.561079925e-06,-7.794871957e-06,-6.546313095e-06,-1.508093573e-04,-6.643202610e-04,-1.643042503e-03,-2.257942524e-03,-1.623796554e-03,-4.796435060e-04,
1.587855614e-01
l,8.5,-1.5
2.611,3.451,4.291,
9.523267359e-15,2.127629297e+01
3.566039959e-05,-4.305410966e-05,1.379084016e-05,5.478120319e-04,1.739990147e-03,5.008696967e-03,8.734946858e-03,7.412115261e-03,2.409440953e-03,
7.233964543e-06,-1.583437972e-05,-1.419083423e-05,-3.166600650e-04,-1.419493313e-03,-3.568943489e-03,-5.000725456e-03,-3.668217976e-03,-1.105825583e-03,
1.589580533e-01
l,8.5,-0.5
2.631,3.511,4.391,
8.939163893e-14,1.943654556e+01
6.419910642e-05,-8.197497646e-05,3.108344085e-05,8.976643076e-04,2.768256818e-03,8.088098319e-03,1.390384265e-02,1.141218117e-02,3.557867823e-03,
1.177506364e-05,-2.583667823e-05,-2.187188955e-05,-4.965396537e-04,-2.152939626e-03,-5.227523654e-03,-7.036912096e-03,-4.947730174e-03,-1.427620225e-03,
1.587545912e-01
l,8.5,0.5
2.631,3.491,4.371,
7.423445298e-13,1.786604754e+01
1.302137971e-04,-1.427051548e-04,2.483601867e-06,1.864463440e-03,5.310035895e-03,1.380440426e-02,2.400097137e-02,2.072158804e-02,6.830687696e-03,
2.499720124e-05,-5.482130204e-05,-5.036034367e-05,-1.080881498e-03,-4.688851573e-03,-1.135600492e-02,-1.526086290e-02,-1.069958856e-02,-3.078444453e-03,
1.589582114e-01
l,8.5,1.5
2.611,3.551,4.491,
4.292482250e-12,1.678418745e+01
2.392302995e-04,-3.006634929e-04,5.426880041e-05,2.786250385e-03,7.526363908e-03,2.115432459e-02,3.634003111e-02,2.942394570e-02,8.935561435e-03,
3.890648011e-05,-8.556179180e-05,-6.345181225e-05,-1.511865251e-03,-6.231331620e-03,-1.434863752e-02,-1.818326096e-02,-1.198457700e-02,-3.236440928e-03,
1.586922736e-01
l,8.5,2.5
2.591,3.491,4.391,
6.684950412e-11,1.477015316e+01
5.192931858e-04,-5.383700146e-04,-6.423719259e-05,6.789676814e-03,1.767457809e-02,4.292180518e-02,7.415257807e-02,6.382747896e-02,2.079780456e-02,
9.845002778e-05,-2.159880376e-04,-1.915177775e-04,-4.114316756e-03,-1.756581555e-02,-4.174216549e-02,-5.496964021e-02,-3.770995369e-02,-1.060379631e-02,
1.588753203e-01
l,8.5,3.5
2.571,3.551,4.551,
4.773355876e-10,1.367159384e+01
9.831493953e-04,-1.295715202e-03,3.165244760e-05,7.680319823e-03,1.136813825e-02,3.625135756e-02,7.812775925e-02,6.945790208e-02,2.175736141e-02,
1.403065936e-04,-3.089218237e-04,-1.390738870e-04,-4.053781892e-03,-1.492866754e-02,-3.175773105e-02,-3.743280336e-02,-2.315719206e-02,-5.934239227e-03,
1.586239051e-01
l,8.5,4.5
2.511,3.491,4.471,
6.624152268e-09,1.196450815e+01
2.199335955e-03,-2.535967711e-03,-5.221129482e-04,1.874709167e-02,3.611624286e-02,8.745288486e-02,1.585020128e-01,1.331263424e-01,4.086315400e-02,
3.399423338e-04,-7.469017990e-04,-2.960791221e-04,-9.744809096e-03,-3.644347672e-02,-7.865186282e-02,-9.421831164e-02,-5.899006930e-02,-1.526737320e-02,
1.588723663e-01
l,8.5,5.5
2.451,3.491,4.551,
2.056404664e-08,1.193057918e+01
4.497131798e-03,-5.990252477e-03,1.300386323e-03,3.577344513e-02,9.086391986e-02,2.822423146e-01,4.690292409e-01,3.472233518e-01,9.466722004e-02,
5.761628966e-04,-1.267729087e-03,-4.247511788e-04,-1.523845797e-02,-5.375799333e-02,-1.093484023e-01,-1.225367053e-01,-7.172277319e-02,-1.730610133e-02,
1.582880009e-01
l,8.5,6.5
2.371,3.331,4.331,
1.555703748e-07,1.107778779e+01
1.211141981e-02,-1.312931643e-02,-3.979985287e-03,1.005831526e-01,1.759098356e-01,4.236723976e-01,8.319267475e-01,7.374931998e-01,2.345327840e-01,
1.898242897e-03,-4.146498551e-03,-1.911619986e-03,-5.412123905e-02,-2.002391503e-01,-4.242172912e-01,-4.992083918e-01,-3.071356805e-01,-7.804836725e-02,
1.588158958e-01
l,8.5,7.5
2.231,3.351,4.491,
9.614812329e-07,1.064906627e+01
2.456692979e-02,-3.503308290e-02,1.640260274e-02,1.929734050e-01,6.100413708e-01,1.793168502e+00,2.564460084e+00,1.653692398e+00,3.982047209e-01,
2.698205815e-03,-5.909344467e-03,-1.416932306e-03,-5.826594233e-02,-1.842344858e-01,-3.451264882e-01,-3.571063084e-01,-1.942587510e-01,-4.380093425e-02,
1.582284605e-01
l,8.5,8.5
2.151,2.671,3.231,
1.497063111e-06,1.241182674e+01
1.154391989e-01,1.161842814e-01,7.672020354e-01,1.861480241e+01,1.375670526e+02,5.364779109e+02,1.168976394e+03,1.332768377e+03,6.180762882e+02,
7.229008096e-02,-1.280952221e-01,-6.395217297e-01,-1.049362901e+01,-7.379038908e+01,-2.772999021e+02,-5.841115150e+02,-6.449347527e+02,-2.905185080e+02,
1.591437259e-01
