l,0.0,-0.0
0.071,0.371,0.691,
3.463954585e-01,2.248492477e+00
1.955929911e-03,-6.372107548e-03,3.670250307e-01,1.139511099e+01,1.655392136e+02,1.282474671e+03,5.381408905e+03,1.158376376e+04,1.002196337e+04,
2.563553634e-04,-1.881020625e-03,-6.001887538e-03,-4.132879399e-01,-6.045275945e+00,-4.936787215e+01,-2.203373917e+02,-5.037681670e+02,-4.602052964e+02,
1.579216925e-01
l,1.0,-1.0
0.191,0.491,0.851,
4.345602269e-03,3.875780013e+00
1.943788993e-05,-7.744451321e-05,5.438207676e-04,3.834867816e-02,6.396057989e-01,5.197712008e+00,2.176558048e+01,4.527103672e+01,3.710110979e+01,
2.089147158e-06,-1.585493218e-05,-1.884105968e-05,-1.536123829e-03,-1.052956583e-02,-2.865922060e-02,2.472614429e-02,2.460774028e-01,3.012692417e-01,
1.577056765e-01
l,1.0,0.0
0.231,0.551,0.911,
1.596873122e-01,4.994520481e+00
4.639019899e-04,-1.307611361e-03,3.543327797e-02,1.475757098e+00,2.108737620e+01,1.551383723e+02,6.099019148e+02,1.215352312e+03,9.650493208e+02,
4.924225395e-05,-3.776602036e-04,-3.090450104e-05,-3.300752461e-02,-2.970711603e-01,-1.641095978e+00,-5.128596331e+00,-8.595670225e+00,-6.248619013e+00,
1.585389597e-01
l,1.0,1.0
0.271,0.631,1.031,
2.083681044e-01,3.586302280e+00
8.897146210e-03,-2.926857690e-02,-2.168483335e-04,7.675102260e+00,1.104537739e+02,7.434823417e+02,2.567738386e+03,4.393143296e+03,2.957025014e+03,
7.196382634e-04,-5.636952485e-03,-8.156602926e-03,-7.063951922e-01,-6.256552864e+00,-2.820132304e+01,-5.768031326e+01,-4.062288264e+01,4.740490242e+00,
1.575517568e-01
l,2.0,-2.0
0.311,0.691,1.071,
1.739531342e-04,7.528076862e+00
1.214354057e-07,-5.129122436e-07,-9.931893787e-06,-2.554068752e-04,-3.327004419e-03,-2.098320572e-02,-6.926118373e-02,-1.157534856e-01,-7.741324099e-02,
1.033527430e-08,-8.092968506e-08,-2.881649553e-08,-8.186276379e-06,-7.289077018e-05,-3.467838974e-04,-7.588861175e-04,-5.801303932e-04,6.585527371e-05,
1.579203639e-01
l,2.0,-1.0
0.371,0.751,1.131,
8.353247852e-03,9.890169232e+00
2.475187102e-06,-8.564098805e-06,-2.296104142e-04,-4.621013217e-03,-5.408965825e-02,-3.291474128e-01,-1.075257865e+00,-1.799839023e+00,-1.213497046e+00,
2.393453711e-07,-1.886036482e-06,-2.364117482e-06,-2.258954434e-04,-1.912825609e-03,-7.555991412e-03,-9.013818770e-03,1.407398176e-02,2.926323154e-02,
1.581676147e-01
l,2.0,0.0
0.431,0.831,1.231,
5.442179722e-01,1.326741303e+01
4.451170025e-05,-1.097581004e-04,-3.597830443e-03,-8.024356448e-02,-9.918183939e-01,-6.144521312e+00,-1.995695592e+01,-3.268967903e+01,-2.133953982e+01,
4.014153530e-06,-3.192044282e-05,-3.640064234e-05,-3.583379369e-03,-3.029336625e-02,-1.375882107e-01,-2.980335009e-01,-2.415676545e-01,-6.431779819e-03,
1.580450689e-01
l,2.0,1.0
0.491,0.891,1.311,
2.076090196e-02,7.079786773e+00
8.742351783e-04,-7.612524270e-04,-2.911902599e-02,-3.863009109e-01,-4.474546267e+00,-2.774434131e+01,-9.025050201e+01,-1.478820789e+02,-9.656618337e+01,
7.867307857e-05,-6.297534356e-04,4.020364962e-04,-4.132638551e-02,-3.089582678e-01,-1.465823683e+00,-3.645915068e+00,-4.106977300e+00,-1.652941392e+00,
1.582293864e-01
l,2.0,2.0
0.591,0.991,1.431,
4.792020796e-02,5.167297240e+00
1.537807006e-02,-1.952226717e-02,-2.371350978e-01,1.315877182e+00,1.856598862e+01,1.023081741e+02,3.137426588e+02,5.011037581e+02,3.210444468e+02,
1.112032269e-03,-9.016957490e-03,4.520757899e-03,-5.788891118e-01,-3.685540148e+00,-1.453089653e+01,-2.585436459e+01,-1.090130167e+01,8.123972843e+00,
1.576133852e-01
l,3.0,-3.0
0.471,0.871,1.271,
4.979879306e-06,1.407072167e+01
7.105587230e-10,-2.006884632e-09,-4.299695694e-08,-9.992651263e-07,-1.327232484e-05,-8.486311388e-05,-2.799590615e-04,-4.627777302e-04,-3.039419639e-04,
5.737637904e-11,-4.577119411e-10,-1.300882952e-10,-4.493484484e-08,-3.982164900e-07,-2.035392679e-06,-5.366137175e-06,-6.772672333e-06,-3.280099204e-06,
1.579283639e-01
l,3.0,-2.0
0.531,0.931,1.351,
1.801219485e-06,1.076674360e+01
1.315008014e-08,-1.491258616e-08,-5.078120603e-07,-8.882126792e-06,-1.134708571e-04,-7.273572800e-04,-2.410703596e-03,-3.999986188e-03,-2.635140392e-03,
1.122555233e-09,-9.007324862e-09,6.051265633e-09,-5.862139402e-07,-4.329281664e-06,-2.037421634e-05,-4.988488247e-05,-5.534411557e-05,-2.229112772e-05,
1.581972353e-01
l,3.0,-1.0
0.611,1.031,1.451,
4.654770632e-07,5.281016343e+00
2.152958984e-07,-2.214111040e-07,-3.306310572e-06,1.064487848e-05,1.263297678e-04,4.488209224e-04,8.504800344e-04,8.643945963e-04,3.689797737e-04,
1.858840798e-08,-1.501006750e-07,6.085966784e-08,-1.068791797e-05,-8.117988567e-05,-3.915051610e-04,-9.893247350e-04,-1.141233678e-03,-4.751099795e-04,
1.581684822e-01
l,3.0,0.0
0.691,1.111,1.551,
3.781674300e-06,5.004953968e+00
3.607051895e-06,-1.191343348e-06,-4.656878547e-05,2.141875438e-04,2.848681232e-03,1.278935890e-02,3.163515097e-02,4.232911616e-02,2.376728998e-02,
3.065178860e-07,-2.488743192e-06,5.380841180e-07,-2.045561162e-04,-1.742848409e-03,-9.083607146e-03,-2.494235947e-02,-3.267643764e-02,-1.647354734e-02,
1.582294644e-01
l,3.0,1.0
0.751,1.211,1.671,
7.958672852e-05,7.520274280e+00
6.140463665e-05,-4.298551892e-05,-1.211886143e-03,-3.716040573e-03,-2.371724383e-02,-1.705748597e-01,-5.997090768e-01,-9.840432054e-01,-6.161841759e-01,
4.271220400e-06,-3.487809424e-05,5.581477388e-05,-1.500831353e-03,-7.082734773e-03,-2.120362522e-02,-9.798669218e-03,7.624123035e-02,9.413219169e-02,
1.581376778e-01
l,3.0,2.0
0.831,1.291,1.751,
7.966378987e-04,8.141641040e+00
1.130698016e-03,-4.816299748e-04,-2.324207163e-02,-9.528386448e-02,-5.711109267e-01,-3.486484936e+00,-1.166093752e+01,-1.894447451e+01,-1.189863550e+01,
8.227997087e-05,-6.743371849e-04,1.018360807e-03,-3.168936813e-02,-1.724736279e-01,-6.190840734e-01,-8.040853783e-01,6.533864215e-01,1.434350080e+00,
1.581685788e-01
l,3.0,3.0
0.891,1.371,1.851,
6.122295977e-03,6.406784096e+00
2.017107047e-02,-3.712500376e-03,-3.655852347e-01,-1.039142192e+00,-1.631938044e+00,-6.211478270e+00,-2.375163711e+01,-4.141063215e+01,-2.625096533e+01,
1.341000734e-03,-1.108231963e-02,1.165137376e-02,-6.335918161e-01,-4.062099441e+00,-1.719162749e+01,-3.397140909e+01,-2.121202128e+01,3.300606316e+00,
1.574593558e-01
l,4.0,-4.0
0.651,1.071,1.491,
7.825655061e-12,5.964547620e+00
3.553144974e-12,-6.533819471e-12,-4.772935743e-11,2.911312272e-10,2.100184270e-09,5.230293838e-09,6.176936344e-09,2.713432991e-09,-3.610783749e-10,
2.643834398e-13,-2.139774068e-12,2.341565241e-12,-1.253280556e-10,-8.842347594e-10,-4.185290328e-09,-1.005423884e-08,-1.071866760e-08,-4.145958280e-09,
1.580230261e-01
l,4.0,-3.0
0.711,1.131,1.571,
8.457351676e-11,6.554704268e+00
6.259171653e-11,-3.285665115e-11,-1.269344379e-09,-2.628323046e-09,-3.437032425e-09,-4.063667280e-08,-1.973784107e-07,-3.822482740e-07,-2.686411790e-07,
5.123601189e-12,-4.164259756e-11,3.284117086e-11,-2.494660126e-09,-1.586004343e-08,-6.337598443e-08,-1.156635506e-07,-4.297735776e-08,5.099071963e-08,
1.581746457e-01
l,4.0,-2.0
0.791,1.231,1.671,
7.351198000e-10,6.855317090e+00
1.008675032e-09,-3.760564582e-10,-1.378669760e-08,3.742390204e-08,4.447979050e-07,1.119437540e-06,4.461190788e-07,-2.095670356e-06,-2.354801402e-06,
8.405023334e-11,-6.863286905e-10,2.770018667e-10,-5.296946972e-08,-4.402679505e-07,-2.287750740e-06,-6.273722796e-06,-8.175895214e-06,-4.092981628e-06,
1.581972353e-01
l,4.0,-1.0
0.871,1.311,1.771,
8.756314778e-09,9.586294212e+00
1.604747979e-08,3.194048154e-09,-3.292650372e-07,-1.963934731e-06,-1.426730305e-05,-8.327437331e-05,-2.709518287e-04,-4.411885480e-04,-2.825590965e-04,
1.373680864e-09,-1.126347946e-08,6.739205782e-09,-7.258911688e-07,-4.943561852e-06,-2.201243840e-05,-5.124051000e-05,-4.978069877e-05,-1.302048124e-05,
1.581985068e-01
l,4.0,0.0
0.951,1.411,1.871,
5.340931459e-08,7.138762532e+00
2.553211118e-07,8.923691620e-08,-4.361827262e-06,-1.561177962e-05,-3.452637626e-05,-1.169041008e-04,-3.989029888e-04,-7.183824672e-04,-4.923209343e-04,
2.237485120e-08,-1.841375881e-07,4.217071104e-08,-1.433234321e-05,-1.133825204e-04,-5.569364492e-04,-1.442180751e-03,-1.721892544e-03,-7.435163908e-04,
1.581685416e-01
l,4.0,1.0
1.031,1.511,1.991,
5.039180641e-07,6.940088598e+00
4.178541985e-06,6.551608327e-07,-7.480832783e-05,-3.346958550e-04,-1.383479670e-03,-5.514052372e-03,-1.408712154e-02,-1.890071357e-02,-1.020102268e-02,
3.080706311e-07,-2.545245325e-06,2.902279343e-06,-1.515776542e-04,-1.066008117e-03,-5.028246645e-03,-1.203641979e-02,-1.214683064e-02,-3.695785618e-03,
1.581376778e-01
l,4.0,2.0
1.111,1.591,2.091,
5.165639538e-06,7.183229188e+00
7.108874706e-05,3.193863841e-05,-1.201706658e-03,-6.121568097e-03,-2.737045189e-02,-1.084063925e-01,-2.723229343e-01,-3.616964565e-01,-1.940838495e-01,
4.989307786e-06,-4.134156724e-05,4.820624533e-05,-2.516193232e-03,-1.842354786e-02,-8.980840976e-02,-2.219774745e-01,-2.404203255e-01,-8.859491162e-02,
1.581375968e-01
l,4.0,3.0
1.191,1.671,2.171,
5.384136225e-05,7.654520659e+00
1.295999042e-03,7.756738756e-04,-2.254135429e-02,-1.336114001e-01,-6.557241613e-01,-2.598637169e+00,-6.432356634e+00,-8.470348203e+00,-4.528947883e+00,
9.519220551e-05,-7.906620586e-04,8.487455339e-04,-4.853053715e-02,-3.509113028e-01,-1.701013501e+00,-4.238651531e+00,-4.651256415e+00,-1.742528964e+00,
1.581067924e-01
l,4.0,4.0
1.251,1.751,2.271,
5.078376933e-04,8.435481685e+00
2.306262963e-02,1.605838499e-02,-4.182976121e-01,-2.875530050e+00,-1.507490402e+01,-5.759376187e+01,-1.345553599e+02,-1.682303661e+02,-8.602563745e+01,
1.535988508e-03,-1.284307040e-02,1.169614604e-02,-8.066559114e-01,-5.535591325e+00,-2.547026807e+01,-5.935965040e+01,-5.920556009e+01,-1.879629493e+01,
1.575207329e-01
l,5.0,-5.0
0.831,1.251,1.691,
8.701250343e-15,6.537861728e+00
1.705195060e-14,-7.024684409e-15,-2.509916898e-13,6.792555711e-13,1.058051290e-11,4.538185195e-11,1.058574294e-10,1.345599205e-10,7.251889342e-11,
1.403210591e-15,-1.146812362e-14,2.147450140e-15,-9.256929328e-13,-7.538577546e-12,-3.784264177e-11,-9.952386595e-11,-1.228764630e-10,-5.718980318e-11,
1.580918651e-01
l,5.0,-4.0
0.911,1.351,1.791,
1.132391404e-13,1.015791652e+01
2.832345090e-13,-1.569219915e-13,-5.273277611e-12,-1.312174282e-11,-1.000845149e-10,-9.092464122e-10,-3.596040505e-09,-6.440359272e-09,-4.354662889e-09,
2.290352555e-14,-1.879415939e-13,1.817546144e-13,-1.095985843e-11,-7.316094364e-11,-3.249009442e-10,-7.270107313e-10,-6.265914181e-10,-9.418002055e-11,
1.579922225e-01
l,5.0,-3.0
0.991,1.431,1.891,
7.555263054e-13,9.809424483e+00
4.529036868e-12,5.102068893e-13,-9.708470787e-11,-5.473967726e-10,-3.432268177e-09,-1.863461327e-08,-5.925949453e-08,-9.588918213e-08,-6.140610790e-08,
3.734096858e-13,-3.075148162e-12,2.409263978e-12,-1.879882182e-10,-1.219756940e-09,-5.134372071e-09,-1.075847905e-08,-7.823462621e-09,3.148783481e-10,
1.582055391e-01
l,5.0,-2.0
1.091,1.531,2.011,
6.473606048e-12,6.923068643e+00
7.021142695e-11,1.890954525e-11,-1.327628922e-09,-5.835590044e-09,-1.561014876e-08,-2.209011673e-08,1.782173545e-08,1.034539776e-07,9.370330181e-08,
5.138788981e-12,-4.248172828e-11,5.264438051e-11,-2.442958331e-09,-1.685348184e-08,-7.847966862e-08,-1.808259717e-07,-1.645523106e-07,-3.445290037e-08,
1.581972353e-01
l,5.0,-1.0
1.151,1.631,2.111,
5.149530944e-11,7.928136599e+00
1.092078983e-09,3.794029127e-10,-2.010557290e-08,-9.943704289e-08,-4.280590655e-07,-1.697880943e-06,-4.340852941e-06,-5.861291631e-06,-3.185202258e-06,
8.316850529e-11,-6.895027833e-10,7.857244944e-10,-4.150315601e-08,-2.960889643e-07,-1.410816158e-06,-3.434146534e-06,-3.565214562e-06,-1.154084310e-06,
1.581684822e-01
l,5.0,0.0
1.251,1.731,2.211,
4.342245856e-10,8.119234267e+00
1.702871977e-08,7.849079210e-09,-3.086444554e-07,-1.745337774e-06,-7.965066281e-06,-2.998450696e-05,-7.282848301e-05,-9.575418356e-05,-5.149174257e-05,
1.342739576e-09,-1.116065863e-08,9.942093573e-09,-7.273185237e-07,-5.400371176e-06,-2.630288960e-05,-6.620415184e-05,-7.347318322e-05,-2.752136682e-05,
1.581068112e-01
l,5.0,1.0
1.331,1.811,2.311,
3.950649313e-09,8.279546252e+00
2.675297139e-07,2.444539296e-07,-4.314001859e-06,-2.984750139e-05,-1.539726041e-04,-5.835682888e-04,-1.371416805e-03,-1.743449160e-03,-9.130949292e-04,
2.163386973e-08,-1.802410259e-07,1.253197403e-07,-1.284679549e-05,-1.004250946e-04,-5.047966936e-04,-1.330257872e-03,-1.611963583e-03,-7.137071386e-04,
1.580450452e-01
l,5.0,2.0
1.411,1.911,2.411,
3.147337734e-08,9.013526075e+00
4.455277121e-06,3.338331820e-06,-6.676182769e-05,-3.918626922e-04,-1.944959630e-03,-7.957421262e-03,-2.022761857e-02,-2.706714801e-02,-1.456447911e-02,
3.480435188e-07,-2.905948578e-06,2.248258892e-06,-2.022311547e-04,-1.578789937e-03,-7.993925755e-03,-2.121805118e-02,-2.597381102e-02,-1.170197952e-02,
1.580450284e-01
l,5.0,3.0
1.471,1.991,2.511,
2.756076366e-07,9.576060161e+00
7.629225729e-05,6.960823519e-05,-1.175147012e-03,-8.258065712e-03,-4.394075112e-02,-1.700212446e-01,-3.983189977e-01,-4.939865433e-01,-2.483007547e-01,
5.590820501e-06,-4.677289486e-05,4.285181562e-05,-3.088757097e-03,-2.302419926e-02,-1.140641778e-01,-2.946729815e-01,-3.468344566e-01,-1.482759057e-01,
1.580759724e-01
l,5.0,4.0
1.551,2.071,2.591,
3.110588057e-06,9.552708750e+00
1.388977980e-03,1.442493383e-03,-2.022939395e-02,-1.434725843e-01,-7.321474481e-01,-2.713315992e+00,-6.192080597e+00,-7.575783530e+00,-3.783999984e+00,
1.060089854e-04,-8.884038453e-04,6.864087600e-04,-6.163066298e-02,-4.699502604e-01,-2.344755247e+00,-6.142469135e+00,-7.413543307e+00,-3.291100316e+00,
1.580450216e-01
l,5.0,5.0
1.631,2.151,2.691,
3.863464897e-05,9.346926289e+00
2.469491027e-02,2.787074428e-02,-3.436069658e-01,-2.531870547e+00,-1.277281272e+01,-4.512709401e+01,-9.781571884e+01,-1.146326023e+02,-5.537498776e+01,
1.698526638e-03,-1.431458702e-02,1.078275263e-02,-1.014295500e+00,-7.826449250e+00,-3.907647123e+01,-1.001844260e+02,-1.176155463e+02,-5.077048131e+01,
1.575208823e-01
l,6.0,-6.0
1.031,1.471,1.931,
9.126927984e-18,9.222087495e+00
7.565331678e-17,-3.680793287e-17,-1.529449269e-15,-4.460328999e-15,-1.756487709e-14,-1.222722397e-13,-4.639510199e-13,-8.205296066e-13,-5.516108328e-13,
5.278931334e-18,-4.353151464e-17,6.650443383e-17,-2.043212858e-15,-1.079901620e-14,-3.721513403e-14,-3.988376954e-14,6.484104784e-14,1.071878349e-13,
1.580918651e-01
l,6.0,-5.0
1.111,1.551,2.011,
9.601775450e-17,6.906196679e+00
1.239694022e-15,1.738411207e-16,-2.302968100e-14,-7.109794297e-14,-7.079110982e-15,6.762908308e-13,2.632376785e-12,4.529740337e-12,3.001903654e-12,
1.009398111e-16,-8.344568423e-16,6.621015894e-16,-5.478061911e-14,-3.991430179e-13,-1.868572209e-12,-4.470878649e-12,-4.531134039e-12,-1.357064249e-12,
1.579683799e-01
l,6.0,-4.0
1.211,1.651,2.131,
8.044204283e-16,7.594070376e+00
1.958881936e-14,2.680355950e-15,-3.647731942e-13,-1.487876924e-12,-4.280939120e-12,-9.857244607e-12,-1.068438571e-11,3.828652340e-12,1.178437796e-11,
1.386341791e-15,-1.149953495e-14,1.506944135e-14,-6.509098373e-13,-4.415943716e-12,-2.040450170e-11,-4.645257724e-11,-4.117340040e-11,-7.752649094e-12,
1.582085715e-01
l,6.0,-3.0
1.271,1.731,2.211,
6.545895840e-15,8.035588197e+00
2.997559069e-13,2.475099315e-13,-4.815694702e-12,-2.600191337e-11,-1.127625652e-10,-4.299643586e-10,-1.060275803e-09,-1.392341447e-09,-7.394112301e-10,
2.642460516e-14,-2.196375244e-13,5.331256819e-14,-1.717033832e-11,-1.353779079e-10,-6.750622318e-10,-1.801466006e-09,-2.249887784e-09,-1.040870066e-09,
1.581746457e-01
l,6.0,-2.0
1.371,1.851,2.331,
4.649793626e-14,8.728540256e+00
4.634522800e-12,2.020323596e-12,-8.396633064e-11,-4.817882322e-10,-2.277211819e-09,-8.657760908e-09,-2.080797576e-08,-2.694176956e-08,-1.428798356e-08,
3.604403144e-13,-3.004320504e-12,2.778399602e-12,-1.964508469e-10,-1.460426208e-09,-7.157829318e-09,-1.811923986e-08,-2.023011153e-08,-7.646908262e-09,
1.581363068e-01
l,6.0,-1.0
1.451,1.931,2.431,
4.285499932e-13,8.624537516e+00
6.950554021e-11,7.402779780e-11,-9.852811861e-10,-6.093692712e-09,-2.785681641e-08,-1.003229378e-07,-2.316225917e-07,-2.916971715e-07,-1.516525013e-07,
5.794444483e-12,-4.839976125e-11,2.967601554e-11,-3.643199997e-09,-2.982446040e-08,-1.545247935e-07,-4.204410409e-07,-5.329904283e-07,-2.515904679e-07,
1.580758777e-01
l,6.0,0.0
1.531,2.031,2.551,
2.135705167e-12,1.010079581e+01
1.074581979e-09,1.128855618e-09,-1.816189505e-08,-1.423868177e-07,-7.918190011e-07,-3.067224745e-06,-7.180559180e-06,-8.983369607e-06,-4.597431739e-06,
7.875005133e-11,-6.593062467e-10,7.785692908e-10,-4.125206369e-08,-3.077477308e-07,-1.545548488e-06,-3.996522952e-06,-4.633370852e-06,-1.915390581e-06,
1.581985662e-01
l,6.0,1.0
1.631,2.131,2.651,
3.899343377e-11,8.643374035e+00
1.682744077e-08,1.845135607e-08,-2.405255084e-07,-1.712664530e-06,-8.343390055e-06,-2.839506354e-05,-5.903660199e-05,-6.624312295e-05,-3.067900978e-05,
1.261731625e-09,-1.058204770e-08,1.006677792e-08,-7.402985724e-07,-5.959154790e-06,-3.087312165e-05,-8.232714074e-05,-1.007266188e-04,-4.540483831e-05,
1.581676504e-01
l,6.0,2.0
1.711,2.231,2.751,
1.923671224e-10,1.005479135e+01
2.735791043e-07,2.639220092e-07,-3.971229879e-06,-2.787056602e-05,-1.464229848e-04,-5.574873253e-04,-1.284698493e-03,-1.568590458e-03,-7.773537791e-04,
2.019073704e-08,-1.696150464e-07,1.587599217e-07,-1.147899868e-05,-8.831697530e-05,-4.490500322e-04,-1.188429577e-03,-1.441683234e-03,-6.421664617e-04,
1.581685788e-01
l,6.0,3.0
1.791,2.311,2.831,
2.610779745e-09,9.631803373e+00
4.513065960e-06,5.726217924e-06,-4.714297774e-05,-2.711131747e-04,-1.087022039e-03,-3.783361505e-03,-8.948250060e-03,-1.153123030e-02,-6.022529809e-03,
3.811962746e-07,-3.206209801e-06,1.351309366e-06,-2.437351558e-04,-1.926325679e-03,-9.793477361e-03,-2.670759434e-02,-3.435472210e-02,-1.661887254e-02,
1.579217279e-01
l,6.0,4.0
1.871,2.391,2.931,
3.465261420e-08,9.422432122e+00
7.794675912e-05,1.096962862e-04,-7.048186760e-04,-3.944890724e-03,-1.346019702e-02,-3.968558650e-02,-8.731410476e-02,-1.111854338e-01,-5.870505997e-02,
6.089560382e-06,-5.129282517e-05,3.263412848e-05,-3.823970657e-03,-3.072485447e-02,-1.579119727e-01,-4.260548264e-01,-5.376188719e-01,-2.544926303e-01,
1.580142075e-01
l,6.0,5.0
1.931,2.471,3.011,
5.726074186e-07,8.995223221e+00
1.420979039e-03,2.134968413e-03,-1.069005783e-02,-4.854994061e-02,-6.790847704e-02,7.645820055e-02,4.161723892e-01,5.666283836e-01,2.724813452e-01,
1.149533711e-04,-9.695331475e-04,4.499580001e-04,-7.525867615e-02,-6.100279906e-01,-3.139062997e+00,-8.522864650e+00,-1.087614125e+01,-5.222923093e+00,
1.579834892e-01
l,6.0,6.0
2.031,2.571,3.111,
3.872789557e-06,9.869169114e+00
2.596841007e-02,2.875719461e-02,-2.862891362e-01,-1.793752160e+00,-7.971708064e+00,-2.637587146e+01,-5.444868473e+01,-6.068816295e+01,-2.779469749e+01,
1.832542794e-03,-1.553166905e-02,8.452034155e-03,-1.180212975e+00,-9.325584676e+00,-4.731957682e+01,-1.248531807e+02,-1.531788766e+02,-7.020193160e+01,
1.575207932e-01
l,7.0,-7.0
1.251,1.691,2.151,
9.645389009e-21,8.125823927e+00
3.241316019e-19,-1.261155396e-19,-5.484598254e-18,-5.761152068e-18,5.700818816e-17,2.822399616e-16,6.980676382e-16,9.809855209e-16,5.947341012e-16,
2.308409909e-20,-1.915804885e-19,2.308329714e-19,-1.102995106e-17,-7.489793787e-17,-3.457159748e-16,-7.915636154e-16,-7.168260132e-16,-1.501563465e-16,
1.580918651e-01
l,7.0,-6.0
1.311,1.771,2.251,
6.592394002e-20,9.403276771e+00
5.289812159e-18,6.708501567e-19,-1.003587030e-16,-4.712329831e-16,-2.278135519e-15,-1.069916770e-14,-3.072728670e-14,-4.510636976e-14,-2.623498323e-14,
3.726656760e-19,-3.100538720e-18,4.144796574e-18,-1.741334105e-16,-1.173178897e-15,-5.388245527e-15,-1.220423267e-14,-1.072749099e-14,-1.956751529e-15,
1.581536257e-01
l,7.0,-5.0
1.391,1.871,2.351,
5.710497559e-19,9.410601974e+00
8.347550723e-17,1.897203310e-17,-1.600551482e-15,-8.239098443e-15,-3.585239123e-14,-1.373477491e-13,-3.431655375e-13,-4.605984776e-13,-2.510437537e-13,
6.003189914e-18,-5.005933746e-17,6.310302278e-17,-2.895842941e-15,-2.000012221e-14,-9.333087202e-14,-2.154321828e-13,-1.966258622e-13,-4.160344633e-14,
1.581844608e-01
l,7.0,-4.0
1.471,1.951,2.451,
3.952032815e-18,9.982861928e+00
1.268016051e-15,1.058460635e-15,-2.335382566e-14,-1.720174810e-13,-9.404270504e-13,-3.662912180e-12,-8.702537929e-12,-1.111259934e-11,-5.830099605e-12,
9.648749413e-17,-8.062633694e-16,8.127745685e-16,-5.263724136e-14,-3.950337754e-13,-1.954271441e-12,-4.973102955e-12,-5.621384044e-12,-2.203687090e-12,
1.581467713e-01
l,7.0,-3.0
1.571,2.051,2.551,
4.209133474e-17,9.444054224e+00
1.925826984e-14,1.865854890e-14,-2.913862055e-13,-1.806717210e-12,-8.573857902e-12,-3.232266164e-11,-7.719923119e-11,-9.933793773e-11,-5.231661046e-11,
1.548267230e-15,-1.296230591e-14,1.018778994e-14,-9.217376514e-13,-7.363169781e-12,-3.792847321e-11,-1.022241136e-10,-1.272032180e-10,-5.840008851e-11,
1.581128587e-01
l,7.0,-2.0
1.651,2.151,2.651,
3.780315524e-16,9.420644991e+00
2.900601038e-13,3.253701542e-13,-4.384900261e-12,-3.035709666e-11,-1.412056710e-10,-4.705029931e-10,-9.821739391e-10,-1.122421263e-09,-5.333900051e-10,
2.482923321e-14,-2.082409002e-13,7.893920310e-14,-1.592160918e-11,-1.246586157e-10,-6.260192309e-10,-1.677922518e-09,-2.098778119e-09,-9.727814981e-10,
1.582280789e-01
l,7.0,-1.0
1.751,2.251,2.771,
2.303112116e-15,1.012960895e+01
4.365930794e-12,5.222380938e-12,-5.931091145e-11,-4.303790168e-10,-2.242898177e-09,-8.452263333e-09,-1.947967707e-08,-2.402608394e-08,-1.211886872e-08,
3.357388373e-13,-2.821300713e-12,2.549689728e-12,-2.006061503e-10,-1.629475956e-09,-8.535920883e-09,-2.313406477e-08,-2.890971907e-08,-1.338752697e-08,
1.581676147e-01
l,7.0,0.0
1.851,2.351,2.871,
1.821788704e-14,1.037279311e+01
6.679248127e-11,8.450726207e-11,-8.879772653e-10,-6.499346000e-09,-3.278835376e-08,-1.206277897e-07,-2.769280061e-07,-3.443745991e-07,-1.761062418e-07,
5.362064057e-12,-4.512621841e-11,3.646449964e-11,-3.192019903e-09,-2.515099646e-08,-1.293390498e-07,-3.503146649e-07,-4.399428215e-07,-2.050684655e-07,
1.581067570e-01
l,7.0,1.0
1.931,2.451,2.971,
4.671950698e-13,8.887006376e+00
1.033677033e-09,1.382796422e-09,-1.034055586e-08,-5.710231293e-08,-1.724241578e-07,-3.366285698e-07,-3.541646445e-07,-1.083326724e-07,5.815091904e-08,
8.554971197e-11,-7.209747713e-10,3.912223162e-10,-5.627220254e-08,-4.678411218e-07,-2.454048599e-06,-6.768326336e-06,-8.756831431e-06,-4.256405215e-06,
1.580759391e-01
l,7.0,2.0
2.031,2.531,3.071,
3.512324650e-12,9.401423689e+00
1.599664934e-08,2.709091154e-08,-8.035896823e-08,-9.438793854e-08,2.460649248e-06,1.454643394e-05,3.796009546e-05,4.876611293e-05,2.489064279e-05,
1.363364185e-09,-1.150476732e-08,4.828567524e-09,-9.165310519e-07,-7.564401987e-06,-3.953223113e-05,-1.093738742e-04,-1.425966940e-04,-7.007167633e-05,
1.580451060e-01
l,7.0,3.0
2.091,2.631,3.171,
4.300519815e-11,9.290456008e+00
2.650087083e-07,4.101296054e-07,-1.744092056e-06,-5.753235396e-06,9.242975630e-06,9.305019325e-05,2.379461915e-04,2.801036948e-04,1.295890874e-04,
2.170851293e-08,-1.834105133e-07,1.040080472e-07,-1.405296903e-05,-1.145316238e-04,-5.950705247e-04,-1.633750659e-03,-2.108400809e-03,-1.024174612e-03,
1.580451042e-01
l,7.0,4.0
2.171,2.711,3.271,
2.230743105e-10,1.037255980e+01
4.414724117e-06,7.171289032e-06,-3.643418247e-05,-2.684769785e-04,-1.184731093e-03,-3.767332092e-03,-7.621662758e-03,-8.473016070e-03,-3.902266823e-03,
3.453831719e-07,-2.921399180e-06,1.970308325e-06,-2.225901716e-04,-1.809428788e-03,-9.335755818e-03,-2.519524648e-02,-3.181036665e-02,-1.507750641e-02,
1.580759559e-01
l,7.0,5.0
2.271,2.791,3.351,
4.187485060e-09,9.841658805e+00
7.696133252e-05,1.407149685e-04,-1.576644898e-04,1.695265109e-03,2.485624626e-02,1.147247474e-01,2.644530706e-01,3.072732189e-01,1.432308494e-01,
6.495328013e-06,-5.498834060e-05,2.290463080e-05,-4.358415431e-03,-3.559596267e-02,-1.837869780e-01,-5.032969369e-01,-6.507295075e-01,-3.174728952e-01,
1.579216379e-01
l,7.0,6.0
2.351,2.871,3.431,
4.466970411e-08,1.007868154e+01
1.406962983e-03,2.701147380e-03,9.824738461e-04,8.195133191e-02,8.141114173e-01,3.517433921e+00,7.964231221e+00,9.210715508e+00,4.292213341e+00,
1.222028601e-04,-1.035627359e-03,2.991685345e-04,-8.418985986e-02,-6.904906128e-01,-3.563678340e+00,-9.788163433e+00,-1.272840503e+01,-6.253895482e+00,
1.578908496e-01
l,7.0,7.0
2.411,2.971,3.531,
1.118419517e-07,1.193547811e+01
2.594622038e-02,3.691666250e-02,-2.614537344e-01,-1.982054491e+00,-9.008438070e+00,-2.778361847e+01,-5.321462732e+01,-5.606709094e+01,-2.467221626e+01,
1.940379190e-03,-1.651557838e-02,9.800127223e-03,-1.249661868e+00,-9.935793889e+00,-5.037753192e+01,-1.333725167e+02,-1.646755409e+02,-7.608318111e+01,
1.574593189e-01
l,8.0,-8.0
1.431,1.891,2.371,
3.187659084e-24,1.177005054e+01
1.367505954e-21,3.751241772e-22,-2.656016126e-20,-1.490685848e-19,-8.491214042e-19,-4.194540938e-18,-1.242120230e-17,-1.887369769e-17,-1.137982555e-17,
9.988789305e-23,-8.333025129e-22,9.591289350e-22,-4.973579885e-20,-3.457443913e-19,-1.606158180e-18,-3.738710984e-18,-3.540328052e-18,-8.812259706e-19,
1.580918651e-01
l,8.0,-7.0
1.511,1.991,2.471,
5.717654273e-23,9.922312778e+00
2.208443958e-20,5.377905698e-21,-4.137256191e-19,-2.195740813e-18,-1.001713136e-17,-3.848843430e-17,-9.413483167e-17,-1.235003004e-16,-6.608867188e-17,
1.605612019e-21,-1.342202699e-20,1.493621887e-20,-8.222391086e-19,-5.832938732e-18,-2.771498605e-17,-6.630559527e-17,-6.607307420e-17,-1.910191692e-17,
1.581227424e-01
l,8.0,-6.0
1.591,2.071,2.571,
4.583858098e-22,1.018749054e+01
3.435223957e-19,2.711603886e-19,-5.860091165e-18,-3.901727711e-17,-2.018659309e-16,-7.779705416e-16,-1.845428181e-15,-2.350712439e-15,-1.228901876e-15,
2.576148107e-20,-2.157572155e-19,2.119517622e-19,-1.461474765e-17,-1.137185459e-16,-5.750575255e-16,-1.494311382e-15,-1.751756350e-15,-7.347376089e-16,
1.581227424e-01
l,8.0,-5.0
1.691,2.171,2.671,
3.376236949e-21,1.051952962e+01
5.306096037e-18,4.611722471e-18,-9.039087640e-17,-6.222324121e-16,-3.256789045e-15,-1.272385196e-14,-3.068849658e-14,-3.966073421e-14,-2.095667582e-14,
4.127094296e-19,-3.462528467e-18,3.220634134e-18,-2.291947887e-16,-1.730607078e-15,-8.662871600e-15,-2.263581161e-14,-2.676903423e-14,-1.133893209e-14,
1.581227424e-01
l,8.0,-4.0
1.771,2.271,2.771,
4.599727815e-20,9.735280348e+00
7.997698323e-17,8.286020578e-17,-1.206135643e-15,-8.170688057e-15,-3.795787178e-14,-1.257009982e-13,-2.577122739e-13,-2.867477557e-13,-1.319935928e-13,
6.600920451e-18,-5.546925022e-17,3.437790272e-17,-4.120975007e-15,-3.288046632e-14,-1.681695520e-13,-4.533610941e-13,-5.668960347e-13,-2.620038253e-13,
1.580847779e-01
l,8.0,-3.0
1.871,2.371,2.891,
1.183929089e-19,1.174822526e+01
1.199841969e-15,1.327046889e-15,-1.820744404e-14,-1.399241775e-13,-7.874158265e-13,-3.143348588e-12,-7.559563798e-12,-9.648483404e-12,-5.008804293e-12,
8.919166941e-17,-7.508368260e-16,7.916719297e-16,-5.029710518e-14,-3.929430517e-13,-2.031030422e-12,-5.424816393e-12,-6.610526426e-12,-2.948978877e-12,
1.582055391e-01
l,8.0,-2.0
1.971,2.471,2.991,
2.911491685e-18,1.016823324e+01
1.790142978e-14,2.311615741e-14,-2.363961448e-13,-1.712953667e-12,-8.035801793e-12,-2.651463426e-11,-5.456538714e-11,-6.151882652e-11,-2.889015093e-11,
1.422620754e-15,-1.199241430e-14,9.773152307e-15,-8.690192383e-13,-7.008891939e-12,-3.640021550e-11,-9.872388048e-11,-1.240234794e-10,-5.785617861e-11,
1.581672109e-01
l,8.0,-1.0
2.051,2.571,3.091,
3.772525869e-17,9.721450827e+00
2.677007108e-13,3.806886476e-13,-2.462388572e-12,-1.267148460e-11,-3.452561905e-11,-6.778651214e-11,-8.905325688e-11,-6.256571412e-11,-1.504252717e-11,
2.265800975e-14,-1.912476635e-13,9.801347862e-14,-1.499076095e-11,-1.246275528e-10,-6.571338832e-10,-1.830416917e-09,-2.396391227e-09,-1.180159128e-09,
1.580758777e-01
l,8.0,0.0
2.151,2.671,3.211,
1.000018532e-16,1.144227617e+01
4.062590108e-12,5.876485440e-12,-4.440216205e-11,-3.230214767e-10,-1.548714182e-09,-5.493814376e-09,-1.232037436e-08,-1.499862145e-08,-7.489032333e-09,
3.049034122e-13,-2.577260429e-12,2.568251509e-12,-1.824471215e-10,-1.485538853e-09,-7.822862908e-09,-2.125415203e-08,-2.666422200e-08,-1.244963030e-08,
1.582294644e-01
l,8.0,1.0
2.231,2.771,3.311,
2.173982979e-15,1.043814529e+01
6.231974659e-11,9.330690084e-11,-5.429042301e-10,-3.370164556e-09,-1.231691446e-08,-3.351298495e-08,-6.099261362e-08,-6.329297286e-08,-2.786748308e-08,
4.846350251e-12,-4.101038249e-11,3.147398518e-11,-3.075567181e-09,-2.533998349e-08,-1.336865718e-07,-3.667711479e-07,-4.682994950e-07,-2.237850552e-07,
1.581685436e-01
l,8.0,2.0
2.331,2.871,3.411,
2.387272511e-14,1.039077714e+01
9.838091453e-10,1.438306347e-09,-7.811984474e-09,-3.891132650e-08,-9.395202364e-08,-1.647440862e-07,-2.312270774e-07,-2.214206020e-07,-9.764350902e-08,
7.697578237e-11,-6.520596446e-10,5.009202401e-10,-4.853259582e-08,-3.967437016e-07,-2.083289737e-06,-5.724522651e-06,-7.343708016e-06,-3.532857080e-06,
1.581375968e-01
l,8.0,3.0
2.411,2.951,3.511,
2.160677191e-13,1.062287403e+01
1.544277950e-08,2.624833104e-08,-1.008582507e-07,-5.941910599e-07,-1.713321044e-06,-3.691685987e-06,-6.005397884e-06,-6.130849019e-06,-2.759257822e-06,
1.221575666e-09,-1.035813263e-08,7.434847522e-09,-7.918222045e-07,-6.485569609e-06,-3.366161754e-05,-9.130788854e-05,-1.158232394e-04,-5.514516527e-05,
1.581067924e-01
l,8.0,4.0
2.511,3.031,3.591,
2.311271386e-12,1.069926032e+01
2.501550114e-07,5.354197914e-07,1.525212721e-06,3.340880532e-05,2.815454676e-04,1.164815949e-03,2.591200364e-03,2.969850100e-03,1.376935844e-03,
2.293091818e-08,-1.945841328e-07,6.765087113e-08,-1.545685577e-05,-1.264075050e-04,-6.565841912e-04,-1.831062606e-03,-2.422818260e-03,-1.211641550e-03,
1.579217114e-01
l,8.0,5.0
2.591,3.131,3.691,
3.468302736e-11,1.049688793e+01
4.362309937e-06,7.710880036e-06,-1.011889568e-05,3.878431815e-05,7.795172310e-04,3.519647685e-03,7.821849198e-03,8.810409500e-03,4.006561349e-03,
3.635980314e-07,-3.088116854e-06,1.275799419e-06,-2.482621289e-04,-2.040346017e-03,-1.053899195e-02,-2.876630779e-02,-3.703060622e-02,-1.797611383e-02,
1.579833321e-01
l,8.0,6.0
2.671,3.211,3.771,
4.212639908e-10,1.056364386e+01
7.696953980e-05,1.481741957e-04,1.188228033e-04,4.117675567e-03,3.556296452e-02,1.410431433e-01,3.003370328e-01,3.319919686e-01,1.494966046e-01,
6.820648002e-06,-5.796909139e-05,1.858484737e-05,-4.600772288e-03,-3.732469570e-02,-1.918646432e-01,-5.283571967e-01,-6.898994274e-01,-3.403915060e-01,
1.578600175e-01
l,8.0,7.0
2.731,3.291,3.871,
7.706718630e-09,1.026851720e+01
1.414607046e-03,2.543782334e-03,-4.782004307e-03,-1.262479905e-02,8.717402225e-02,5.444476398e-01,1.309247443e+00,1.515553778e+00,6.961820509e-01,
1.079642597e-04,-9.184906130e-04,8.197108750e-04,-6.681720608e-02,-5.388054721e-01,-2.789621890e+00,-7.515237158e+00,-9.427183053e+00,-4.428985125e+00,
1.578291587e-01
l,8.0,8.0
2.811,3.391,3.971,
1.026354721e-08,1.249086697e+01
2.604974061e-02,3.702658211e-02,-2.163123350e-01,-1.475558955e+00,-6.111608232e+00,-1.795427826e+01,-3.331978692e+01,-3.401123077e+01,-1.443820773e+01,
1.711243477e-03,-1.460761634e-02,9.738787187e-03,-1.163264190e+00,-9.484675241e+00,-4.833364801e+01,-1.257667688e+02,-1.519048512e+02,-6.869382334e+01,
1.577365832e-01
l,9.0,-9.0
1.631,2.111,2.591,
5.218599906e-27,1.046665607e+01
5.638229098e-24,2.041799882e-24,-1.000792815e-22,-5.204917415e-22,-2.345884447e-21,-9.107468789e-21,-2.246161417e-20,-2.952641677e-20,-1.577142071e-20,
4.283391895e-25,-3.588706735e-24,3.119771261e-24,-2.394184580e-22,-1.775714706e-21,-8.676777545e-21,-2.195318941e-20,-2.464560649e-20,-9.482409047e-21,
1.580301104e-01
l,9.0,-8.0
1.711,2.191,2.691,
4.498668843e-26,1.065744861e+01
9.000146253e-23,7.477746177e-23,-1.440062324e-21,-8.758514975e-21,-4.215537009e-20,-1.616234876e-19,-3.896435570e-19,-5.038226808e-19,-2.660928419e-19,
6.862866135e-24,-5.759681956e-23,4.991383277e-23,-4.019831555e-21,-3.167464264e-20,-1.616133909e-19,-4.273467784e-19,-5.165613120e-19,-2.277663626e-19,
1.580918651e-01
l,9.0,-7.0
1.791,2.291,2.791,
3.276801614e-25,1.106747318e+01
1.417706993e-21,1.206693929e-21,-2.496706823e-20,-1.768185546e-19,-8.959058646e-19,-3.227891126e-18,-7.140307749e-18,-8.526830567e-18,-4.196776608e-18,
1.097623560e-22,-9.226454550e-22,8.309196114e-22,-6.132897351e-20,-4.575669609e-19,-2.265526704e-18,-5.852353411e-18,-6.802600056e-18,-2.797899523e-18,
1.580918651e-01
l,9.0,-6.0
1.891,2.391,2.891,
3.259116311e-24,1.087848754e+01
2.175090000e-20,2.097562711e-20,-3.130136900e-19,-1.977471877e-18,-9.359637979e-18,-3.399797038e-17,-7.743300900e-17,-9.493264287e-17,-4.763863984e-17,
1.753244799e-21,-1.475923445e-20,9.563919508e-21,-1.110980030e-18,-9.042323713e-18,-4.684142516e-17,-1.271971692e-16,-1.605391608e-16,-7.527710073e-17,
1.580918651e-01
l,9.0,-5.0
1.991,2.491,2.991,
1.869269651e-23,1.152909891e+01
3.299316114e-19,3.549695306e-19,-4.682888286e-18,-3.103330954e-17,-1.493062627e-16,-5.509477288e-16,-1.288542709e-15,-1.631362721e-15,-8.461980735e-16,
2.796037269e-20,-2.357004650e-19,1.300747048e-19,-1.746825212e-17,-1.381113165e-16,-7.065211187e-16,-1.927999955e-15,-2.457216801e-15,-1.164995539e-15,
1.580301104e-01
l,9.0,-4.0
2.071,2.591,3.111,
2.713922646e-22,1.084938775e+01
4.912100812e-18,5.934589492e-18,-6.584132323e-17,-4.718692590e-16,-2.227526038e-15,-7.293888744e-15,-1.465846909e-14,-1.598718698e-14,-7.228143725e-15,
3.767111284e-19,-3.180459205e-18,2.860359127e-18,-2.296872699e-16,-1.876443167e-15,-9.837375511e-15,-2.666613716e-14,-3.334535420e-14,-1.545439648e-14,
1.581776593e-01
l,9.0,-3.0
2.171,2.691,3.211,
1.366186372e-21,1.161568331e+01
7.305741226e-17,9.774282196e-17,-8.203219232e-16,-5.366418990e-15,-2.415445810e-14,-8.452534025e-14,-1.893907140e-13,-2.296815468e-13,-1.138027668e-13,
5.993390099e-18,-5.066039447e-17,3.395395692e-17,-3.771930711e-15,-3.047076338e-14,-1.591474584e-13,-4.392349921e-13,-5.663988141e-13,-2.732546321e-13,
1.581128587e-01
l,9.0,-2.0
2.271,2.791,3.311,
3.402240278e-20,1.038126031e+01
1.082404980e-15,1.667373011e-15,-8.752534262e-15,-4.046453558e-14,-5.056124188e-14,1.249594741e-13,5.589240139e-13,7.914779105e-13,4.051550450e-13,
9.536931556e-17,-8.070262994e-16,1.863959511e-16,-6.720697349e-14,-5.569354373e-13,-2.896012902e-12,-8.034848253e-12,-1.055792405e-11,-5.239202793e-12,
1.582280789e-01
l,9.0,-1.0
2.371,2.891,3.431,
2.872393099e-19,1.055587188e+01
1.610795949e-14,2.538587386e-14,-1.240558539e-13,-6.579949127e-13,-1.687269370e-12,-2.863408831e-12,-2.948782678e-12,-1.221182216e-12,1.809482481e-13,
1.278450933e-15,-1.083190598e-14,8.302562496e-15,-8.178863751e-13,-6.775751293e-12,-3.593549596e-11,-9.939054375e-11,-1.281760650e-10,-6.195083683e-11,
1.581684822e-01
l,9.0,0.0
2.471,2.991,3.531,
2.194206341e-18,1.085645464e+01
2.429092084e-13,4.107147166e-13,-1.399867043e-12,-4.281288721e-12,1.462129216e-11,1.085438993e-10,2.618618533e-10,2.938849607e-10,1.289984411e-10,
2.028119095e-14,-1.720034535e-13,1.112320845e-13,-1.320172131e-11,-1.093735214e-10,-5.774808762e-10,-1.605521119e-09,-2.093784951e-09,-1.026632741e-09,
1.581068112e-01
l,9.0,1.0
2.571,3.091,3.631,
2.021858707e-17,1.097171716e+01
3.700598855e-12,6.481267681e-12,-1.176904415e-11,4.851965918e-11,1.000187972e-09,4.797864952e-09,1.122283732e-08,1.316202163e-08,6.178944550e-09,
3.214794673e-13,-2.728953765e-12,1.117686425e-12,-2.199894686e-10,-1.828745258e-09,-9.626916998e-09,-2.690842071e-08,-3.550141923e-08,-1.766778162e-08,
1.580450709e-01
l,9.0,2.0
2.671,3.191,3.731,
1.783397932e-16,1.116997256e+01
5.784221019e-11,1.004148226e-10,-1.405412459e-10,1.525815264e-09,2.110880180e-08,9.519999646e-08,2.165808670e-07,2.499314729e-07,1.161636978e-07,
5.091950834e-12,-4.326180400e-11,1.817935327e-11,-3.442367722e-09,-2.836187816e-08,-1.484523721e-07,-4.153347535e-07,-5.500147452e-07,-2.750750046e-07,
1.579832921e-01
l,9.0,3.0
2.751,3.271,3.831,
1.482010508e-15,1.144785823e+01
8.927522055e-10,1.901885706e-09,5.010125508e-09,1.126625793e-07,9.551730674e-07,3.953845278e-06,8.793571688e-06,1.007762476e-05,4.672889319e-06,
8.062548492e-11,-6.855675307e-10,3.071748198e-10,-5.418483130e-08,-4.456873419e-07,-2.326362928e-06,-6.489189531e-06,-8.566280502e-06,-4.268911808e-06,
1.579834221e-01
l,9.0,4.0
2.831,3.371,3.931,
2.604704823e-14,1.104182575e+01
1.466383992e-08,2.881090205e-08,2.798552929e-08,8.423308123e-07,7.112561079e-06,2.797561904e-05,5.934762720e-05,6.550008594e-05,2.948088956e-05,
1.275747706e-09,-1.085629697e-08,3.856753215e-09,-8.902125829e-07,-7.395212390e-06,-3.853158346e-05,-1.065457427e-04,-1.393469964e-04,-6.882853596e-05,
1.579833514e-01
l,9.0,5.0
2.931,3.451,4.031,
5.753475309e-14,1.263619210e+01
2.410598938e-07,5.313394199e-07,1.637993023e-06,2.646784990e-05,1.949852559e-04,7.399187477e-04,1.549773230e-03,1.700722130e-03,7.631671171e-04,
2.018112393e-08,-1.718637301e-07,5.610535367e-08,-1.464273279e-05,-1.224207244e-04,-6.306967459e-04,-1.707611150e-03,-2.183833714e-03,-1.054894107e-03,
1.580451714e-01
l,9.0,6.0
3.011,3.531,4.111,
3.596001647e-13,1.325095462e+01
4.118855941e-06,9.821212445e-06,4.636764347e-05,6.639579221e-04,4.667182884e-03,1.744901065e-02,3.632641781e-02,3.974468174e-02,1.780430744e-02,
3.778174753e-07,-3.219343324e-06,1.308965162e-06,-2.498307286e-04,-2.006868875e-03,-1.030711730e-02,-2.844504469e-02,-3.717434267e-02,-1.832353307e-02,
1.578908496e-01
l,9.0,7.0
3.071,3.631,4.211,
3.093902269e-11,1.156659778e+01
7.601109246e-05,1.463136031e-04,1.993103446e-04,4.758643935e-03,3.691651707e-02,1.360575699e-01,2.711619270e-01,2.816525419e-01,1.195833534e-01,
5.973779587e-06,-5.093690033e-05,2.948239023e-05,-3.964174345e-03,-3.225338287e-02,-1.670349524e-01,-4.541374463e-01,-5.796170050e-01,-2.784420124e-01,
1.580450672e-01
l,9.0,8.0
3.171,3.711,4.291,
5.606686242e-11,1.331578099e+01
1.397092012e-03,2.842146162e-03,8.179170829e-03,1.429390050e-01,1.039380927e+00,3.832958092e+00,7.771753239e+00,8.246682196e+00,3.576499231e+00,
1.118270067e-04,-9.541684399e-04,3.683364524e-04,-7.916976171e-02,-6.563860966e-01,-3.392692229e+00,-9.206493515e+00,-1.178048999e+01,-5.690395542e+00,
1.579833781e-01
l,9.0,9.0
3.251,3.791,4.391,
5.072129446e-10,1.360444619e+01
2.487771027e-02,5.023823152e-02,1.094131053e-01,2.049104111e+00,1.551546536e+01,5.871636701e+01,1.216538989e+02,1.315205280e+02,5.795397460e+01,
1.765728754e-03,-1.511242932e-02,4.868855273e-03,-1.343166406e+00,-1.126129980e+01,-5.726970385e+01,-1.498103668e+02,-1.838819013e+02,-8.511611278e+01,
1.577058000e-01
