l,0.0,-0.0
0.051,0.271,0.491,
2.431772157e-02,1.615991747e+00
4.634938959e-04,-4.305899487e-03,-3.479734794e-02,6.640156587e-01,3.026071481e+01,3.580568380e+02,1.748736369e+03,3.544719169e+03,2.064724693e+03,
4.118866896e-05,-5.479149855e-04,-1.964513600e-03,-2.489025193e-01,-4.726412756e+00,-4.729277201e+01,-2.389305743e+02,-5.714853352e+02,-4.955694143e+02,
1.558179165e-01
l,1.0,-1.0
0.131,0.391,0.651,
1.631130916e-05,3.722641757e+00
3.654247038e-08,-2.047740152e-07,3.794146899e-07,8.460504712e-05,1.291500182e-03,9.885398279e-03,4.137267275e-02,8.948189474e-02,7.804254376e-02,
2.482843983e-09,-3.425052058e-08,-1.718939457e-07,-1.446905806e-05,-1.807513334e-04,-7.961391331e-04,1.040092418e-03,1.520616616e-02,2.693918879e-02,
1.550000250e-01
l,1.0,0.0
0.171,0.451,0.751,
1.915062674e+09,1.929694908e+01
1.966618947e-05,2.088927100e-05,7.632157875e-04,-1.353527638e-02,-7.854904135e-01,-9.924461993e+00,-5.637621630e+01,-1.524086158e+02,-1.592708430e+02,
1.173144636e-06,-1.642351742e-05,8.952995205e-07,-4.148816088e-03,-6.727671070e-02,-6.667815599e-01,-3.462247681e+00,-8.806735817e+00,-8.778006699e+00,
1.563085792e-01
l,1.0,1.0
0.311,0.611,0.931,
3.134249327e-01,5.377754952e+00
3.281377023e-03,-7.741002083e-04,1.206409027e-01,8.421659701e+00,1.346523193e+02,1.040603464e+03,4.271124339e+03,8.927290137e+03,7.473425384e+03,
1.740750253e-04,-2.484944109e-03,5.555730959e-03,-3.519121094e-01,-3.204398373e+00,-2.001170724e+01,-5.554076985e+01,-2.969862991e+01,5.544496472e+01,
1.568591766e-01
l,2.0,-2.0
0.251,0.551,0.851,
8.564702445e-11,4.200527326e+00
1.278726040e-12,-1.021023850e-12,-3.678454372e-11,-1.683528600e-09,-3.525397954e-08,-3.129758450e-07,-1.382066051e-06,-3.014427846e-06,-2.593740853e-06,
8.007678231e-14,-1.133557644e-12,-1.717294882e-12,-2.998778542e-10,-4.340567668e-09,-3.902343882e-08,-1.896343898e-07,-4.571865918e-07,-4.343112217e-07,
1.544098112e-01
l,2.0,-1.0
0.291,0.611,0.951,
3.032786007e-02,1.567360017e+01
6.909545158e-10,-9.101144150e-10,-1.006741865e-07,-2.685338785e-06,-3.718251973e-05,-2.730382557e-04,-1.089812686e-03,-2.237384873e-03,-1.849965537e-03,
3.655616465e-11,-5.220018308e-10,-5.685273427e-10,-1.273669281e-07,-1.496662294e-06,-1.061272064e-05,-3.942656979e-05,-6.892925382e-05,-4.468552378e-05,
1.553066801e-01
l,2.0,0.0
0.371,0.711,1.071,
4.447234275e-06,4.707125690e+00
2.361105942e-07,4.745812098e-07,2.436291015e-05,7.103594260e-04,8.405477144e-03,5.140928574e-02,1.705016499e-01,2.910844837e-01,2.005893594e-01,
1.236026418e-08,-1.779540167e-07,1.043580664e-07,-3.552421083e-05,-4.385092761e-04,-3.597537449e-03,-1.558061754e-02,-3.212908076e-02,-2.538358865e-02,
1.559997314e-01
l,2.0,1.0
0.511,0.851,1.211,
2.917548379e-04,5.153974535e+00
4.725863982e-05,1.263287548e-04,4.065129030e-03,1.189321560e-01,1.435628555e+00,8.903646490e+00,2.983618600e+01,5.136535166e+01,3.565051047e+01,
3.079817456e-06,-4.467416209e-05,2.531826155e-05,-8.924371397e-03,-1.074828156e-01,-8.644678805e-01,-3.768229662e+00,-7.822288435e+00,-6.169996811e+00,
1.562780382e-01
l,2.0,2.0
0.651,1.031,1.411,
1.951419474e-02,7.866611251e+00
4.275801126e-03,1.506802750e-02,1.009017176e-01,1.013701260e+00,9.221605756e-01,-3.720864326e+01,-2.139245228e+02,-4.648048970e+02,-3.647310003e+02,
3.170409319e-04,-4.642798016e-03,2.930889310e-04,-1.012065676e+00,-1.236669996e+01,-9.964940725e+01,-4.344791647e+02,-8.969310299e+02,-6.972110465e+02,
1.572609190e-01
l,3.0,-3.0
0.371,0.711,1.071,
4.089200520e-14,9.058773884e+00
3.164084957e-17,-4.106435903e-17,-4.658818895e-15,-1.043621180e-13,-1.225395676e-12,-7.794420628e-12,-2.729165333e-11,-4.956709426e-11,-3.649169174e-11,
1.833973585e-18,-2.640420429e-17,-3.945375226e-17,-5.835041779e-15,-5.792332070e-14,-3.422447968e-13,-1.066702763e-12,-1.472433986e-12,-6.211741044e-13,
1.541696738e-01
l,3.0,-2.0
0.411,0.771,1.151,
1.987141358e-13,4.856422949e+00
1.690143963e-14,-1.077181715e-14,-1.623570622e-12,-2.689628151e-11,-2.404562423e-10,-1.198950486e-09,-3.362186301e-09,-4.979175239e-09,-3.036338872e-09,
1.086901084e-15,-1.571894003e-14,-4.325404901e-15,-2.387545720e-12,-1.627872049e-11,-6.418121694e-11,-1.270003792e-10,-2.290093649e-11,1.530359599e-10,
1.540492523e-01
l,3.0,-1.0
0.471,0.851,1.251,
2.166638045e-08,1.313506381e+01
6.988785852e-12,1.334606189e-12,-7.189599486e-10,-1.618735585e-08,-1.809754800e-07,-1.075286113e-06,-3.477416735e-06,-5.789923943e-06,-3.888306883e-06,
4.802678000e-13,-6.979065166e-12,-5.035191641e-12,-1.181759653e-09,-9.258659854e-09,-4.724446172e-08,-1.511090975e-07,-2.406945414e-07,-1.423382020e-07,
1.541997322e-01
l,3.0,0.0
0.591,0.971,1.391,
1.214404750e-08,6.544749306e+00
2.125793985e-09,5.599512148e-09,1.725082834e-07,4.777838438e-06,5.610263343e-05,3.342691753e-04,1.060964967e-03,1.711724921e-03,1.104935935e-03,
1.185836057e-10,-1.732751345e-09,3.485755271e-09,-2.369568993e-07,-2.377372907e-06,-1.861279792e-05,-7.933903181e-05,-1.557149045e-04,-1.132510649e-04,
1.556659288e-01
l,3.0,1.0
0.731,1.111,1.531,
6.186275613e-07,6.210262163e+00
4.384883994e-07,1.571017497e-06,2.855422969e-05,5.064689183e-04,4.428023126e-03,2.147689606e-02,5.894490055e-02,8.555089906e-02,5.097083459e-02,
2.876040067e-08,-4.221395856e-07,1.211133021e-06,-4.471025709e-05,-4.008135877e-04,-3.401573213e-03,-1.610997607e-02,-3.393357276e-02,-2.590121926e-02,
1.559388475e-01
l,3.0,2.0
0.911,1.291,1.711,
2.430662194e-05,7.986927578e+00
5.765828973e-05,2.772279780e-04,5.552780228e-03,9.472662168e-02,8.250180079e-01,4.001220397e+00,1.097696075e+01,1.592124737e+01,9.479979901e+00,
3.849573289e-06,-5.676865112e-05,1.733590657e-04,-7.004108929e-03,-7.392403853e-02,-6.550446653e-01,-3.054925991e+00,-6.357994880e+00,-4.822228910e+00,
1.567673386e-01
l,3.0,3.0
1.131,1.511,1.931,
2.454211286e-04,1.007086875e+01
4.171583802e-03,2.353090391e-02,5.148879243e-01,8.654389940e+00,7.504517526e+01,3.635531779e+02,9.971619725e+02,1.446401211e+03,8.613446474e+02,
2.812386757e-04,-4.170014532e-03,1.321409442e-02,-5.655075777e-01,-6.494380467e+00,-5.872662502e+01,-2.727294608e+02,-5.661245820e+02,-4.292508321e+02,
1.571379388e-01
l,4.0,-4.0
0.511,0.891,1.291,
1.137989832e-18,1.383596578e+01
6.602483049e-22,1.190010329e-22,-5.947792332e-20,-1.403391207e-18,-1.637388205e-17,-9.976458308e-17,-3.272380767e-16,-5.490973888e-16,-3.702033506e-16,
4.019930698e-23,-5.851563405e-22,-8.075657164e-22,-1.156844196e-19,-1.046890640e-18,-6.094511722e-18,-2.072151256e-17,-3.470131590e-17,-2.208759468e-17,
1.538103478e-01
l,4.0,-3.0
0.571,0.971,1.391,
1.071726754e-18,4.949673750e+00
3.659884919e-19,5.762336816e-19,6.989703432e-18,1.669447274e-16,1.513201719e-15,7.362226599e-15,2.016497512e-14,2.918131581e-14,1.733962149e-14,
1.756760629e-20,-2.566990034e-19,5.568025422e-19,-3.366783857e-17,-3.317147176e-16,-2.534352487e-15,-1.043106144e-14,-1.980088601e-14,-1.398812018e-14,
1.536000133e-01
l,4.0,-2.0
0.631,1.031,1.471,
2.927620415e-16,4.838952115e+00
1.634845983e-16,3.106714283e-16,2.859285866e-15,6.323875807e-14,5.661785414e-13,2.741983597e-12,7.502789256e-12,1.086623080e-11,6.466168537e-12,
1.029098721e-17,-1.507749257e-16,4.887526027e-16,-6.317141920e-15,2.329222759e-14,1.489328931e-13,-2.467783362e-13,-1.596510132e-12,-1.615407680e-12,
1.541696738e-01
l,4.0,-1.0
0.731,1.131,1.591,
9.790287841e-14,6.359111597e+00
5.956845260e-14,1.635283135e-13,3.027921427e-12,5.468375780e-11,4.779638323e-10,2.313619018e-09,6.304060699e-09,9.024304131e-09,5.270471653e-09,
3.346773573e-15,-4.920572635e-14,1.492847922e-13,-3.768471719e-12,-1.981470480e-11,-1.628345333e-10,-8.417343702e-10,-1.785168211e-09,-1.315189222e-09,
1.550908986e-01
l,4.0,0.0
0.831,1.251,1.711,
1.103703693e-11,5.909793632e+00
1.708139012e-11,5.036622455e-11,8.301956222e-10,1.390351757e-08,1.125791258e-07,4.990558510e-07,1.239910400e-06,1.619618324e-06,8.659379024e-07,
1.076451471e-12,-1.587391165e-11,6.037583600e-11,-7.634717405e-10,5.864060552e-11,-7.485622264e-09,-1.221050263e-07,-3.424740151e-07,-2.847673524e-07,
1.551851572e-01
l,4.0,1.0
0.971,1.391,1.851,
9.531042006e-10,6.612915053e+00
3.608443988e-09,1.218579019e-08,1.981033624e-07,3.234988078e-06,2.621792075e-05,1.167393114e-04,2.915243469e-04,3.827736525e-04,2.056651308e-04,
2.566620592e-10,-3.796217585e-09,1.770410883e-08,-7.184011037e-08,1.539229972e-06,8.072896864e-06,1.184119729e-06,-3.750655762e-05,-4.312671135e-05,
1.554889649e-01
l,4.0,2.0
1.151,1.571,2.031,
3.677184000e-08,8.424690734e+00
5.618945806e-07,2.250637369e-06,4.151503455e-05,6.737940981e-04,5.500917116e-03,2.478824401e-02,6.276120849e-02,8.358135049e-02,4.552351932e-02,
3.381325326e-08,-5.017415245e-07,3.033873567e-06,-4.598497369e-06,1.826188865e-04,7.872089455e-05,-5.300313839e-03,-1.609512230e-02,-1.360573315e-02,
1.567061014e-01
l,4.0,3.0
1.351,1.751,2.211,
5.131973761e-07,1.037012372e+01
5.488943134e-05,2.634980291e-04,4.801633890e-03,7.815780702e-02,6.620457076e-01,3.124032908e+00,8.312102593e+00,1.165020172e+01,6.681843409e+00,
4.387079828e-06,-6.527484376e-05,4.912723137e-04,3.654797077e-03,8.625350348e-02,4.479795987e-01,7.611183206e-01,1.651536518e-01,-4.261194207e-01,
1.567673386e-01
l,4.0,4.0
1.591,1.991,2.431,
4.989753417e-06,1.080755251e+01
3.522559069e-03,1.763346971e-02,3.170255134e-01,5.060497859e+00,4.200395046e+01,1.938806938e+02,5.048759634e+02,6.938718802e+02,3.911407346e+02,
3.127655606e-04,-4.670261959e-03,3.451477382e-02,2.913068928e-01,6.882794711e+00,3.807089764e+01,7.262021313e+01,3.107600233e+01,-2.745661077e+01,
1.574145361e-01
l,5.0,-5.0
0.691,1.091,1.531,
3.026446776e-26,6.603901534e+00
1.290283006e-26,2.632186256e-26,4.631215291e-25,9.265029236e-24,8.304892377e-23,4.075167878e-22,1.121060879e-21,1.615707162e-21,9.481087406e-22,
6.371893933e-28,-9.352541212e-27,2.102206001e-26,-1.160795410e-24,-1.071366254e-23,-7.910752359e-23,-3.225932696e-22,-6.064157487e-22,-4.222359479e-22,
1.532665825e-01
l,5.0,-4.0
0.711,1.151,1.611,
8.111516048e-24,5.550569466e+00
7.148973856e-24,1.536162941e-23,2.403089616e-22,4.366733249e-21,3.571894196e-20,1.586113903e-19,3.939063041e-19,5.135443145e-19,2.737626005e-19,
3.696014257e-25,-5.436925552e-24,1.902882482e-23,-3.882027982e-22,-2.093837159e-21,-1.710836629e-20,-8.602218494e-20,-1.786526717e-19,-1.295679271e-19,
1.530879531e-01
l,5.0,-3.0
0.791,1.231,1.711,
3.004320285e-21,6.107459050e+00
3.439055095e-21,7.180157026e-21,1.109473643e-19,1.943315074e-18,1.559003790e-17,6.807851493e-17,1.660093876e-16,2.119703234e-16,1.103707406e-16,
1.601843495e-22,-2.362161489e-21,1.115243036e-20,-8.971293894e-20,1.013206388e-19,-1.880517309e-18,-2.078621055e-17,-5.108570172e-17,-3.879489474e-17,
1.538103478e-01
l,5.0,-2.0
0.831,1.291,1.791,
6.872512466e-19,5.501451777e+00
1.352435028e-18,2.396339994e-18,8.057572552e-18,1.816273315e-16,1.523368073e-15,6.687738176e-15,1.627785972e-14,2.070693009e-14,1.073926936e-14,
9.260840139e-20,-1.368069173e-18,5.500136915e-18,-7.230724030e-18,9.797602023e-16,7.048532983e-15,1.851611278e-14,2.163833279e-14,9.488325906e-15,
1.539287837e-01
l,5.0,-1.0
0.931,1.411,1.911,
1.338536011e-16,5.375724277e+00
4.683724798e-16,8.396403491e-16,4.958279177e-15,9.274489789e-14,7.176329465e-13,2.937693240e-12,6.671247644e-12,7.924079324e-12,3.841603541e-12,
2.967127096e-17,-4.393628611e-16,2.198582670e-15,6.350682105e-15,4.096521518e-13,2.648775228e-12,6.604563518e-12,7.349761035e-12,3.035616995e-12,
1.546379462e-01
l,5.0,0.0
1.031,1.511,2.031,
1.989037179e-14,5.694213883e+00
1.225312983e-13,2.178594179e-13,-2.813651021e-13,-1.876459088e-12,-3.655384558e-12,1.779411444e-11,1.131058100e-10,2.172047054e-10,1.427455106e-10,
9.420935273e-15,-1.397935263e-13,6.786021824e-13,2.176492154e-12,1.377916065e-10,9.510222231e-10,2.570098761e-09,3.162303585e-09,1.486116789e-09,
1.545608557e-01
l,5.0,1.0
1.191,1.671,2.191,
1.935769750e-12,6.016786131e+00
2.727412914e-11,6.284148853e-11,4.701970202e-10,7.487880919e-09,5.751490921e-08,2.391779150e-07,5.546645510e-07,6.738584383e-07,3.341282565e-07,
1.660538876e-12,-2.469978439e-11,1.856687555e-10,1.697911500e-09,3.810774611e-08,2.158930432e-07,5.103562352e-07,5.505554352e-07,2.232342085e-07,
1.559999458e-01
l,5.0,2.0
1.391,1.851,2.351,
6.933173840e-11,8.196080237e+00
4.660515085e-09,1.483363177e-08,2.043322473e-07,3.162995705e-06,2.463170102e-05,1.047347609e-04,2.478302774e-04,3.062185377e-04,1.539574170e-04,
2.892374101e-10,-4.311263289e-09,3.305938841e-08,2.579082929e-07,5.942813973e-06,3.158029634e-05,6.467010027e-05,5.210753765e-05,9.796491725e-06,
1.564306952e-01
l,5.0,3.0
1.591,2.031,2.531,
1.796191617e-09,9.140795902e+00
5.678385264e-07,2.060584817e-06,2.806510292e-05,4.333472341e-04,3.435062688e-03,1.496152953e-02,3.644344725e-02,4.653468880e-02,2.424876548e-02,
3.721219149e-08,-5.557965594e-07,5.057612474e-06,5.617817559e-05,1.048081225e-03,5.548323250e-03,1.205009077e-02,1.120964891e-02,3.374933933e-03,
1.569195412e-01
l,5.0,4.0
1.831,2.251,2.731,
8.569336999e-09,1.187884294e+01
5.058001989e-05,2.413028034e-04,4.361295708e-03,6.811833205e-02,5.505283916e-01,2.463570893e+00,6.193224695e+00,8.188943110e+00,4.429946383e+00,
3.527348063e-06,-5.278652335e-05,4.688713362e-04,4.485051336e-03,8.626256673e-02,4.231582285e-01,7.272997987e-01,2.748958676e-01,-2.373082976e-01,
1.572299938e-01
l,5.0,5.0
2.071,2.491,2.951,
4.942470195e-08,1.298511915e+01
2.865066053e-03,1.302353965e-02,2.093079872e-01,3.265740233e+00,2.665564188e+01,1.206223148e+02,3.066561605e+02,4.097680977e+02,2.237837250e+02,
2.456645139e-04,-3.685025212e-03,3.485850138e-02,4.454059918e-01,8.163626041e+00,4.636089266e+01,1.092658110e+02,1.102163250e+02,3.559911183e+01,
1.569808618e-01
l,6.0,-6.0
0.851,1.271,1.751,
1.472375933e-31,6.528504176e+00
2.372238113e-31,4.742253669e-31,6.252317957e-30,1.179481449e-28,1.008448871e-27,4.710875047e-27,1.230071471e-26,1.679040495e-26,9.321365831e-27,
1.334777609e-32,-1.970114390e-31,6.225723007e-31,-9.350184427e-30,2.060949822e-29,1.516454514e-28,-2.816161737e-28,-1.606325319e-27,-1.513215594e-27,
1.540191704e-01
l,6.0,-5.0
0.871,1.331,1.831,
5.613775149e-29,5.943533358e+00
1.324062031e-28,2.314341395e-28,1.786608597e-27,3.505399223e-26,2.884159929e-25,1.271969061e-24,3.119938165e-24,3.998632057e-24,2.087233006e-24,
7.700026037e-30,-1.138435182e-28,4.399594490e-28,-2.149043873e-27,5.787185480e-26,4.012167926e-25,8.968050853e-25,7.894048931e-25,1.958001115e-25,
1.539588479e-01
l,6.0,-4.0
0.931,1.411,1.931,
2.078505592e-26,6.452883320e+00
6.624251759e-26,1.162194495e-25,1.179596482e-24,2.081239826e-23,1.621111707e-22,6.800203700e-22,1.579333133e-21,1.905433847e-21,9.312614366e-22,
3.285273049e-27,-4.866509712e-26,2.812045707e-25,4.913868238e-25,3.590441696e-23,1.983093260e-22,3.877124448e-22,2.855641461e-22,4.036810636e-23,
1.533566330e-01
l,6.0,-3.0
0.971,1.491,2.031,
5.930374993e-24,5.875684008e+00
2.874980850e-23,4.451639254e-23,2.654564310e-22,4.882639050e-21,3.654298324e-20,1.458626289e-19,3.223183589e-19,3.701552381e-19,1.722886128e-19,
1.406469625e-24,-2.087004557e-23,1.396725691e-22,7.745368993e-22,2.265412210e-20,1.262818668e-19,2.837105804e-19,2.875238359e-19,1.085151840e-19,
1.536899957e-01
l,6.0,-2.0
1.031,1.571,2.131,
1.239746902e-21,1.124277555e+01
1.060895002e-20,5.787250628e-21,-3.745743972e-19,-5.258819656e-18,-3.823877284e-17,-1.518892516e-16,-3.333083222e-16,-3.800169617e-16,-1.758094545e-16,
5.984275557e-22,-8.893656132e-21,1.043661004e-19,1.547013994e-18,2.168262110e-17,1.137949891e-16,2.766773954e-16,3.233097526e-16,1.478040087e-16,
1.534499078e-01
l,6.0,-1.0
1.131,1.671,2.231,
4.536771287e-20,2.063944001e+01
3.339094041e-18,-2.042566200e-18,-2.965534830e-16,-4.324426869e-15,-3.147724018e-14,-1.248166009e-13,-2.738818129e-13,-3.125209482e-13,-1.447393449e-13,
2.554015094e-19,-3.801074936e-18,3.142291080e-17,4.177686883e-16,7.162822991e-15,4.202972311e-14,1.105519942e-13,1.375898986e-13,6.633009722e-14,
1.540189588e-01
l,6.0,0.0
1.251,1.811,2.371,
2.103123320e-18,1.927481593e+01
9.071271820e-16,-2.243904704e-16,-5.454069202e-14,-6.721838492e-13,-4.312239960e-12,-1.561229917e-11,-3.207511987e-11,-3.486918048e-11,-1.556547159e-11,
6.013434788e-17,-8.965555721e-16,1.093273895e-14,1.810354899e-13,2.528269682e-12,1.357577899e-11,3.395243778e-11,4.078009628e-11,1.911884782e-11,
1.551246090e-01
l,6.0,1.0
1.411,1.951,2.511,
8.661639559e-18,2.429787476e+01
1.965863046e-13,-1.085417103e-13,-1.866291473e-11,-2.751238844e-10,-2.004309810e-09,-7.946490499e-09,-1.743316378e-08,-1.988876578e-08,-9.209624725e-09,
1.403891082e-14,-2.096391865e-13,2.748680068e-12,4.728322638e-11,6.485202818e-10,3.485022876e-09,8.762354316e-09,1.058863582e-08,4.993483667e-09,
1.554583883e-01
l,6.0,2.0
1.591,2.131,2.671,
1.420830059e-13,8.346650414e+00
3.576609842e-11,6.216094544e-11,-2.717918808e-10,-3.932245597e-09,-2.781434394e-08,-1.097584900e-07,-2.404671289e-07,-2.739868336e-07,-1.266983964e-07,
2.426823502e-12,-3.629698115e-11,2.970557441e-10,3.331426475e-09,6.782662305e-08,3.973122017e-07,1.005173956e-06,1.189008358e-06,5.427628277e-07,
1.560609071e-01
l,6.0,3.0
1.791,2.311,2.831,
1.832427680e-12,1.073697262e+01
4.928907060e-09,8.931648150e-09,-7.784446925e-08,-1.221420737e-06,-8.914809817e-06,-3.575379540e-05,-7.988505770e-05,-9.330036730e-05,-4.440654054e-05,
4.162288012e-10,-6.234166807e-09,4.926993675e-08,5.832786561e-07,1.224365513e-05,7.592718754e-05,2.036609204e-04,2.553619810e-04,1.235208119e-04,
1.559999458e-01
l,6.0,4.0
2.071,2.531,3.031,
7.217368533e-11,1.025114448e+01
5.482735901e-07,1.800625936e-06,2.004610185e-05,2.977894862e-04,2.297489252e-03,9.697577355e-03,2.279909681e-02,2.801687701e-02,1.402255428e-02,
3.929337350e-08,-5.894418326e-07,5.625419460e-06,7.195791328e-05,1.303040596e-03,7.287765046e-03,1.750999967e-02,1.923519882e-02,7.881346536e-03,
1.568889526e-01
l,6.0,5.0
2.311,2.751,3.231,
7.928034972e-10,1.124251970e+01
4.266120959e-05,1.509407426e-04,1.562369784e-03,2.323677978e-02,1.843025419e-01,8.039604679e-01,1.959659703e+00,2.502722592e+00,1.304038394e+00,
3.671661480e-06,-5.515416219e-05,5.323609137e-04,7.429931844e-03,1.349826076e-01,7.980521244e-01,2.056557681e+00,2.451496378e+00,1.107140217e+00,
1.568591766e-01
l,6.0,6.0
2.571,2.991,3.471,
1.954316781e-09,1.324465905e+01
2.211814048e-03,9.012599343e-03,1.186809464e-01,1.810549563e+00,1.470205755e+01,6.619251131e+01,1.673753910e+02,2.224780738e+02,1.209085746e+02,
1.876542798e-04,-2.823849076e-03,2.963399897e-02,4.314066941e-01,7.441085431e+00,4.261681435e+01,1.062358680e+02,1.213443134e+02,5.162920813e+01,
1.571072538e-01
l,7.0,-7.0
0.991,1.471,1.991,
8.811910533e-37,6.262239390e+00
4.342022078e-36,7.054569075e-36,6.804779107e-35,1.252573011e-33,9.677675940e-33,4.018169896e-32,9.300778499e-32,1.127229370e-31,5.573530787e-32,
2.025845960e-37,-3.004068628e-36,1.781232518e-35,4.393214016e-35,2.396071512e-33,1.296720979e-32,2.525855566e-32,1.873684987e-32,2.808896295e-33,
1.532667931e-01
l,7.0,-6.0
1.031,1.531,2.071,
3.835961584e-34,6.289157565e+00
2.428451943e-33,3.499036730e-33,2.027465564e-32,4.096427619e-31,3.214590948e-30,1.351175362e-29,3.158503853e-29,3.844909462e-29,1.897477947e-29,
1.162960878e-34,-1.726777528e-33,1.084842146e-32,4.903661698e-32,1.703304968e-30,9.616991789e-30,2.154926228e-29,2.163925919e-29,8.036420945e-30,
1.532665825e-01
l,7.0,-5.0
1.051,1.591,2.151,
1.186596233e-31,1.059618056e+01
1.220258962e-30,6.689936498e-31,-3.695309070e-29,-5.082807760e-28,-3.662285603e-27,-1.442867027e-26,-3.145626125e-26,-3.569546597e-26,-1.645967267e-26,
6.644688788e-32,-9.878042266e-31,1.050258623e-29,1.460730196e-28,2.111181318e-27,1.109213621e-26,2.677451827e-26,3.098430111e-26,1.401929334e-26,
1.527726070e-01
l,7.0,-4.0
1.111,1.671,2.251,
2.228548436e-29,1.355030711e+01
5.579962161e-28,8.251397160e-29,-2.141054479e-26,-2.564809784e-25,-1.632638112e-24,-5.870039932e-24,-1.198285538e-23,-1.296039755e-23,-5.763415697e-24,
2.834459102e-29,-4.219581355e-28,4.886603514e-27,7.064069966e-26,9.896699490e-25,5.101413372e-24,1.214584455e-23,1.388639880e-23,6.207545042e-24,
1.533266864e-01
l,7.0,-3.0
1.191,1.771,2.351,
2.055830646e-27,1.696833696e+01
2.296333912e-25,-2.951880643e-26,-1.022341207e-23,-1.215859637e-22,-7.689196334e-22,-2.744495155e-21,-5.542148509e-21,-5.902489496e-21,-2.573442067e-21,
1.202828394e-26,-1.792890447e-25,2.237735199e-24,3.482388180e-23,4.698608676e-22,2.414972356e-21,5.784411221e-21,6.663096076e-21,2.999076150e-21,
1.533866030e-01
l,7.0,-2.0
1.271,1.851,2.451,
1.464836556e-25,1.898550983e+01
7.895718898e-23,-2.926367164e-23,-4.405374754e-21,-5.306267469e-20,-3.339001836e-19,-1.180292102e-18,-2.357844155e-18,-2.484738799e-18,-1.072853360e-18,
5.123104848e-24,-7.645196766e-23,5.787489819e-22,5.868604649e-21,1.141802182e-19,6.586650839e-19,1.648712503e-18,1.930522830e-18,8.708672621e-19,
1.542901189e-01
l,7.0,-1.0
1.371,1.971,2.571,
0.000000000e+00,0.000000000e+00
2.439832063e-20,-2.497686882e-20,-1.915868018e-18,-2.288772437e-17,-1.403821347e-16,-4.815525000e-16,-9.322109908e-16,-9.511667544e-16,-3.973849087e-16,
1.609706659e-21,-2.405226660e-20,2.237751355e-19,2.923159940e-18,4.692437609e-17,2.598139882e-16,6.457684239e-16,7.585366142e-16,3.444916164e-16,
1.546212546e-01
l,7.0,0.0
1.511,2.091,2.691,
0.000000000e+00,0.000000000e+00
6.268914004e-18,-1.213484623e-17,-7.087483823e-16,-8.683048898e-15,-5.434623597e-14,-1.905002594e-13,-3.778706402e-13,-3.960610658e-13,-1.703301578e-13,
5.028133814e-19,-7.521767934e-18,5.713485929e-17,6.315246060e-16,1.206072512e-14,7.194115923e-14,1.869629425e-13,2.268318718e-13,1.056828474e-13,
1.543805056e-01
l,7.0,1.0
1.651,2.231,2.831,
0.000000000e+00,0.000000000e+00
1.369585995e-15,-3.185870595e-15,-1.786735952e-13,-2.199542294e-12,-1.379196722e-11,-4.842393451e-11,-9.620170033e-11,-1.009724020e-10,-4.347565526e-11,
1.166423914e-16,-1.747039421e-15,1.427944413e-14,1.684858454e-13,3.064063082e-12,1.813630668e-11,4.710325829e-11,5.719079773e-11,2.667040509e-11,
1.547587571e-01
l,7.0,2.0
1.831,2.411,2.991,
0.000000000e+00,0.000000000e+00
2.592507914e-13,-3.590066876e-13,-2.646543514e-11,-3.264477737e-10,-2.050089564e-09,-7.208659668e-09,-1.433248325e-08,-1.504513910e-08,-6.475815759e-09,
2.005930316e-14,-3.008220639e-13,3.432827399e-12,5.254230399e-11,7.806979317e-10,4.315572532e-09,1.091602318e-08,1.313089896e-08,6.125017302e-09,
1.556105119e-01
l,7.0,3.0
2.031,2.591,3.151,
0.000000000e+00,0.000000000e+00
3.928070022e-11,-9.799145706e-11,-5.783367873e-09,-7.289217858e-08,-4.686755800e-07,-1.694899542e-06,-3.479370531e-06,-3.781330140e-06,-1.687962862e-06,
3.424163126e-12,-5.140905860e-11,6.805029102e-10,1.200647354e-08,1.694136564e-07,9.463674921e-07,2.468718295e-06,3.084268321e-06,1.498307304e-06,
1.557571215e-01
l,7.0,4.0
2.271,2.791,3.331,
3.026603318e-17,2.111360804e+01
4.802267028e-09,5.440709844e-09,-2.153492985e-07,-3.324145191e-06,-2.480258581e-05,-1.012885143e-04,-2.298420587e-04,-2.719342498e-04,-1.308014955e-04,
4.323401626e-10,-6.498402097e-09,5.373664006e-08,6.676354398e-07,1.356267611e-05,8.404287515e-05,2.262804557e-04,2.847322736e-04,1.380019316e-04,
1.561558267e-01
l,7.0,5.0
2.511,3.011,3.531,
4.318864544e-14,1.588591216e+01
4.636058009e-07,9.227424669e-07,-9.283476362e-06,-1.548949775e-04,-1.178680732e-03,-4.946567097e-03,-1.161046672e-02,-1.426910218e-02,-7.148189219e-03,
4.030696544e-08,-6.065298393e-07,5.948383135e-06,8.655989540e-05,1.556425366e-03,9.307756017e-03,2.470121839e-02,3.087322684e-02,1.492638080e-02,
1.566449598e-01
l,7.0,6.0
2.811,3.251,3.751,
4.032764169e-11,1.183284023e+01
3.388401092e-05,1.078591094e-04,7.657556728e-04,1.082043070e-02,8.589786520e-02,3.753999316e-01,9.158977007e-01,1.170054439e+00,6.096231608e-01,
2.770893801e-06,-4.174198740e-05,4.524833219e-04,6.934321865e-03,1.175142611e-01,6.763869716e-01,1.728965065e+00,2.071741599e+00,9.540518853e-01,
1.571072538e-01
l,7.0,7.0
3.051,3.491,3.991,
2.629539772e-10,1.273853946e+01
1.651208964e-03,5.485917557e-03,3.723887751e-02,5.148286959e-01,4.071454397e+00,1.773975347e+01,4.318225485e+01,5.508757867e+01,2.868116618e+01,
1.401376830e-04,-2.113813268e-03,2.409159832e-02,3.847065442e-01,6.378912958e+00,3.667648979e+01,9.417717935e+01,1.136136705e+02,5.275294795e+01,
1.572374863e-01
l,8.0,-8.0
1.111,1.651,2.211,
4.017810263e-42,1.040099288e+01
7.560986124e-41,5.995331293e-41,-1.591965525e-39,-2.136335081e-38,-1.567001294e-37,-6.296616568e-37,-1.392987429e-36,-1.597074657e-36,-7.417731766e-37,
4.079235551e-42,-6.069367348e-41,5.700438258e-40,7.009074659e-39,1.114435923e-37,6.028097436e-37,1.471030961e-36,1.709805126e-36,7.744565068e-37,
1.524755016e-01
l,8.0,-7.0
1.171,1.731,2.291,
9.122226706e-40,1.339767963e+01
4.373789940e-38,7.845299759e-39,-1.481463640e-36,-1.753263918e-35,-1.127550990e-34,-4.107416503e-34,-8.478342177e-34,-9.247532343e-34,-4.137302768e-34,
2.332284522e-39,-3.473816869e-38,3.580311220e-37,4.975267399e-36,7.404094999e-35,3.974938864e-34,9.795279969e-34,1.156693421e-33,5.335856588e-34,
1.524457270e-01
l,8.0,-6.0
1.211,1.791,2.391,
1.136393018e-37,1.821522223e+01
2.242729001e-35,-3.652917619e-36,-1.027233547e-33,-1.230093739e-32,-7.777040473e-32,-2.766291041e-31,-5.565238091e-31,-5.908804085e-31,-2.570292218e-31,
9.964794728e-37,-1.486023641e-35,2.031137103e-34,3.232894371e-33,4.146782064e-32,2.034776715e-31,4.679894774e-31,5.193701080e-31,2.256715282e-31,
1.536600367e-01
l,8.0,-5.0
1.271,1.871,2.471,
1.310670654e-35,2.052439458e+01
1.064704963e-32,-6.060884813e-33,-5.947958383e-31,-6.981755075e-30,-4.286599219e-29,-1.475125948e-28,-2.864653794e-28,-2.931492398e-28,-1.227981773e-28,
5.651747612e-34,-8.435955428e-33,8.973348103e-32,1.222078517e-30,1.773529497e-29,9.312035141e-29,2.236835599e-28,2.563305111e-28,1.142322491e-28,
1.528026729e-01
l,8.0,-4.0
1.331,1.951,2.571,
1.571906730e-33,2.156424653e+01
4.509584901e-30,-3.061513939e-30,-2.623505045e-28,-3.026657187e-27,-1.813105238e-26,-6.058598073e-26,-1.138577144e-25,-1.124998957e-25,-4.544249518e-26,
2.392346879e-31,-3.574649120e-30,3.535088046e-29,4.402510269e-28,6.795210254e-27,3.588747763e-26,8.520647822e-26,9.577088086e-26,4.167851704e-26,
1.530581114e-01
l,8.0,-3.0
1.411,2.031,2.671,
0.000000000e+00,0.000000000e+00
1.685362998e-27,-1.548257516e-27,-1.142029127e-25,-1.335109824e-24,-8.040496286e-24,-2.695630631e-23,-5.078231559e-23,-5.027011923e-23,-2.033469052e-23,
1.018169956e-28,-1.522834095e-27,1.129458055e-26,1.042021642e-25,2.083994247e-24,1.172536914e-23,2.829661589e-23,3.176225773e-23,1.367988682e-23,
1.543805056e-01
l,8.0,-2.0
1.511,2.151,2.791,
0.000000000e+00,0.000000000e+00
5.810498965e-25,-6.530994601e-25,-4.301160281e-23,-4.959194612e-22,-2.915685901e-21,-9.501394924e-21,-1.735145491e-20,-1.662004709e-20,-6.497548946e-21,
3.165190843e-26,-4.739138209e-25,5.046100156e-24,6.574443194e-23,9.718648144e-22,5.024535087e-21,1.171022997e-20,1.290363440e-20,5.494419956e-21,
1.536600367e-01
l,8.0,-1.0
1.611,2.251,2.911,
0.000000000e+00,0.000000000e+00
1.675528951e-22,-2.306922517e-22,-1.431833498e-20,-1.668760944e-19,-9.837137225e-19,-3.205654638e-18,-5.849054231e-18,-5.596406398e-18,-2.185630178e-18,
9.880984562e-24,-1.480907383e-22,1.382229552e-21,1.496563194e-20,2.506329697e-19,1.332368380e-18,3.104037379e-18,3.381275976e-18,1.415211711e-18,
1.538704535e-01
l,8.0,0.0
1.751,2.391,3.031,
0.000000000e+00,0.000000000e+00
4.370667907e-20,-6.779717837e-20,-4.051741857e-18,-4.731372561e-17,-2.786928724e-16,-9.075032972e-16,-1.654996170e-15,-1.582949805e-15,-6.180450582e-16,
3.095322690e-21,-4.643308431e-20,3.311915001e-19,2.684872451e-18,6.114245194e-17,3.610888202e-16,8.966299033e-16,1.027055313e-15,4.493155904e-16,
1.548788129e-01
l,8.0,1.0
1.911,2.531,3.171,
0.000000000e+00,0.000000000e+00
9.623148758e-18,-1.873479190e-17,-1.065206142e-15,-1.270566599e-14,-7.652824041e-14,-2.558089276e-13,-4.804000855e-13,-4.741610897e-13,-1.912953016e-13,
7.138722633e-19,-1.071923051e-17,8.476126826e-17,8.108002047e-16,1.626085469e-14,9.387961892e-14,2.317473456e-13,2.650531510e-13,1.159467299e-13,
1.552156979e-01
l,8.0,2.0
2.091,2.691,3.311,
0.000000000e+00,0.000000000e+00
1.825119044e-15,-4.370105185e-15,-2.394708231e-13,-2.897446251e-12,-1.774347162e-11,-6.059674913e-11,-1.167433139e-10,-1.185640798e-10,-4.932242709e-11,
1.637665038e-16,-2.461238368e-15,1.604773300e-14,1.140915117e-13,3.116113310e-12,1.993371612e-11,5.248442646e-11,6.322731602e-11,2.896390710e-11,
1.550303162e-01
l,8.0,3.0
2.291,2.871,3.471,
0.000000000e+00,0.000000000e+00
2.928170130e-13,-9.500277027e-13,-4.810823429e-11,-5.947530278e-10,-3.733588777e-09,-1.311049962e-08,-2.603470470e-08,-2.730351486e-08,-1.174409276e-08,
2.785241654e-14,-4.189803016e-13,3.520293085e-12,4.137368980e-11,7.722372754e-10,4.648812614e-09,1.220826470e-08,1.493772371e-08,7.005444737e-09,
1.553673705e-01
l,8.0,4.0
2.511,3.071,3.651,
0.000000000e+00,0.000000000e+00
3.966663109e-11,-1.159970461e-10,-6.417396762e-09,-8.119393737e-08,-5.231846615e-07,-1.893681433e-06,-3.888306826e-06,-4.225444004e-06,-1.885861826e-06,
3.506500061e-12,-5.279763296e-11,6.658136815e-10,1.096456263e-08,1.591672394e-07,8.855149888e-07,2.269465506e-06,2.767923163e-06,1.307934907e-06,
1.560913878e-01
l,8.0,5.0
2.751,3.291,3.851,
0.000000000e+00,0.000000000e+00
4.456043090e-09,-6.193646568e-09,-6.438505338e-07,-9.620545227e-06,-7.023582903e-05,-2.784854816e-04,-6.107467102e-04,-6.964793504e-04,-3.223745021e-04,
3.259907222e-10,-4.913103759e-09,1.031992546e-07,2.101541769e-06,2.584434677e-05,1.327704677e-04,3.275966464e-04,3.923188379e-04,1.841270252e-04,
1.569195412e-01
l,8.0,6.0
2.991,3.511,4.051,
1.598783955e-16,1.827767595e+01
3.865987139e-07,7.642174424e-07,-7.610872964e-06,-1.259105546e-04,-9.369144212e-04,-3.810512029e-03,-8.616916587e-03,-1.016582004e-02,-4.878355600e-03,
3.010060573e-08,-4.540411564e-07,5.059663554e-06,7.859380663e-05,1.307465990e-03,7.415692128e-03,1.882780460e-02,2.257656621e-02,1.048232766e-02,
1.571037909e-01
l,8.0,7.0
3.271,3.751,4.271,
5.865199660e-12,1.163899367e+01
2.591029988e-05,7.276072888e-05,1.690076543e-04,1.643738228e-03,1.334580233e-02,5.908561719e-02,1.434627872e-01,1.802734851e-01,9.168598327e-02,
2.050185209e-06,-3.095140362e-05,3.612177998e-04,5.798808141e-03,9.455822585e-02,5.334967543e-01,1.349298090e+00,1.609784256e+00,7.423847615e-01,
1.572989132e-01
l,8.0,8.0
3.551,4.011,4.511,
1.425519784e-12,1.510152297e+01
1.265611034e-03,4.353380491e-03,3.783515821e-02,5.301658301e-01,4.070493446e+00,1.714401840e+01,4.020890626e+01,4.929276177e+01,2.461702445e+01,
1.028365141e-04,-1.554015388e-03,1.789038564e-02,2.827339196e-01,4.658958701e+00,2.645025155e+01,6.684220605e+01,7.909562598e+01,3.588235797e+01,
1.573008501e-01
l,9.0,-9.0
3.971,6.751,9.991,
0.000000000e+00,0.000000000e+00
-3.180243997e-211,5.387285948e-199,3.029017704e-198,6.594274671e-198,7.357665338e-198,4.608362841e-198,1.636767496e-198,3.075809763e-199,2.373309995e-200,
2.545730792e-200,-3.877372547e-199,-2.673233478e-198,-6.150420231e-198,-7.032593532e-198,-4.463808217e-198,-1.598361521e-198,-3.019735381e-199,-2.338695964e-200,
2.502514360e-105
l,9.0,-8.0
1.331,1.911,2.511,
3.009400096e-46,2.126928759e+01
7.524972753e-43,-9.775274297e-44,-3.315826918e-41,-4.032224032e-40,-2.613611387e-39,-9.531235440e-39,-1.959515720e-38,-2.117997281e-38,-9.347334931e-39,
4.703567882e-44,-7.023708300e-43,4.000795863e-42,3.028935823e-41,8.003272104e-40,4.859476309e-39,1.234850501e-38,1.453292265e-38,6.563029834e-39,
1.538995695e-01
l,9.0,-7.0
1.371,1.991,2.611,
7.877372000e-44,2.135563910e+01
4.004616738e-40,-1.571315809e-40,-1.897058348e-38,-2.213300610e-37,-1.351620116e-36,-4.591117859e-36,-8.740979998e-36,-8.727071613e-36,-3.554994409e-36,
1.973818162e-41,-2.950458876e-40,2.987859715e-39,3.753826597e-38,5.628268676e-37,2.910641959e-36,6.795020617e-36,7.528056425e-36,3.235059418e-36,
1.529221199e-01
l,9.0,-6.0
1.431,2.051,2.691,
4.284911993e-42,2.499354470e+01
1.914329078e-37,-1.743974336e-37,-1.256367078e-35,-1.470222237e-34,-8.871887436e-34,-2.977251385e-33,-5.610920200e-33,-5.555094132e-33,-2.247206847e-33,
1.129004213e-38,-1.688918394e-37,1.124958111e-36,9.056309466e-36,2.042833354e-34,1.179870742e-33,2.880688708e-33,3.257573963e-33,1.410786995e-33,
1.537802950e-01
l,9.0,-5.0
1.491,2.131,2.791,
7.408892489e-40,2.475088686e+01
8.468893246e-35,-7.497595588e-35,-5.348692934e-33,-6.141593721e-32,-3.618743698e-31,-1.180966338e-30,-2.157846984e-30,-2.067052665e-30,-8.080210286e-31,
4.720120838e-36,-7.067284762e-35,5.193476756e-34,3.816172598e-33,8.351584409e-32,4.705233427e-31,1.117146937e-30,1.226238548e-30,5.149187971e-31,
1.526243743e-01
l,9.0,-4.0
1.571,2.231,2.891,
0.000000000e+00,0.000000000e+00
3.443764984e-32,-4.117335722e-32,-2.462867628e-30,-2.789123253e-29,-1.600885178e-28,-5.063767092e-28,-8.947830557e-28,-8.280135621e-28,-3.125277159e-28,
1.986541809e-33,-2.976847022e-32,2.145869972e-31,1.593682059e-30,3.564113197e-29,2.034287641e-28,4.883924551e-28,5.413825409e-28,2.293203892e-28,
1.526840165e-01
l,9.0,-3.0
1.651,2.331,3.011,
0.000000000e+00,0.000000000e+00
1.256571036e-29,-1.217797320e-29,-8.033645097e-28,-8.956162861e-27,-5.064642286e-26,-1.574967986e-25,-2.727811045e-25,-2.467444954e-25,-9.083879948e-26,
6.229849475e-31,-9.344061870e-30,8.756515566e-29,9.093450331e-28,1.507015156e-26,7.749611455e-26,1.742134091e-25,1.830311948e-25,7.387658399e-26,
1.538103478e-01
l,9.0,-2.0
1.751,2.431,3.111,
0.000000000e+00,0.000000000e+00
4.029568141e-27,-5.212334677e-27,-3.094042801e-25,-3.502979935e-24,-1.989617377e-23,-6.191211303e-23,-1.071481708e-22,-9.679009537e-23,-3.557795855e-23,
2.623964700e-28,-3.938448241e-27,2.166311361e-26,6.037538806e-26,3.312699859e-24,2.085414666e-23,5.106653339e-23,5.640371828e-23,2.355844712e-23,
1.543796589e-01
l,9.0,-1.0
1.871,2.551,3.231,
0.000000000e+00,0.000000000e+00
1.166183036e-24,-1.536491746e-24,-9.162705995e-23,-1.034927733e-21,-5.875765960e-21,-1.830991461e-20,-3.175593325e-20,-2.875174710e-20,-1.059168803e-20,
8.151919733e-26,-1.224538213e-24,5.775726344e-24,-5.472303707e-24,8.220613045e-22,5.716641211e-21,1.444428765e-20,1.619148404e-20,6.818911223e-21,
1.545004803e-01
l,9.0,0.0
2.011,2.691,3.371,
0.000000000e+00,0.000000000e+00
3.000012022e-22,-5.065763474e-22,-2.752559399e-20,-3.121354636e-19,-1.772906994e-18,-5.523578538e-18,-9.576852918e-18,-8.667895679e-18,-3.192033811e-18,
1.865765053e-23,-2.805051683e-22,2.374306555e-21,2.125515047e-20,4.059314071e-19,2.210983488e-18,5.137715846e-18,5.522747803e-18,2.268014727e-18,
1.540793577e-01
l,9.0,1.0
2.171,2.831,3.491,
0.000000000e+00,0.000000000e+00
6.644907943e-20,-1.048592602e-19,-6.191835609e-18,-7.143546160e-17,-4.132367629e-16,-1.316246820e-15,-2.340402630e-15,-2.177122910e-15,-8.252469663e-16,
5.791059569e-21,-8.712371886e-20,3.033663928e-19,-2.986595469e-18,3.525802168e-17,3.338966668e-16,9.361775609e-16,1.120876535e-15,4.972791697e-16,
1.545002680e-01
l,9.0,2.0
2.351,2.991,3.651,
0.000000000e+00,0.000000000e+00
1.290254021e-17,-3.341028502e-17,-1.683594729e-15,-1.978190275e-14,-1.165404068e-13,-3.793889873e-13,-6.919002512e-13,-6.619090215e-13,-2.585015396e-13,
9.872849734e-19,-1.486562348e-17,1.197871169e-16,1.134173201e-15,2.269677289e-14,1.294021410e-13,3.139306653e-13,3.516597977e-13,1.502828105e-13,
1.555801252e-01
l,9.0,3.0
2.551,3.171,3.811,
0.000000000e+00,0.000000000e+00
2.184806079e-15,-6.096503462e-15,-3.086256382e-13,-3.685124939e-12,-2.218185934e-11,-7.413328808e-11,-1.392469931e-10,-1.374863667e-10,-5.548915760e-11,
1.672446149e-16,-2.520137828e-15,2.606287476e-14,3.377222366e-13,5.376787282e-12,2.922081677e-11,7.051521981e-11,7.975357300e-11,3.465947520e-11,
1.559692508e-01
l,9.0,4.0
2.771,3.371,3.971,
0.000000000e+00,0.000000000e+00
3.201402901e-13,-9.951494339e-13,-5.052087383e-11,-6.148500343e-10,-3.784736295e-09,-1.299035518e-08,-2.514145288e-08,-2.563511925e-08,-1.069996063e-08,
2.819423780e-14,-4.251450396e-13,4.399143623e-12,6.161112827e-11,9.940892322e-10,5.674081851e-09,1.450836649e-08,1.745041740e-08,8.081696592e-09,
1.558788067e-01
l,9.0,5.0
3.011,3.571,4.151,
0.000000000e+00,0.000000000e+00
3.855184921e-11,-1.319009306e-10,-6.879619944e-09,-8.694667533e-08,-5.598992536e-07,-2.026271947e-06,-4.161138319e-06,-4.523001594e-06,-2.019146531e-06,
3.517377237e-12,-5.307745587e-11,6.946742658e-10,1.166483991e-08,1.671746370e-07,9.297068422e-07,2.388680120e-06,2.921641883e-06,1.384130305e-06,
1.561558267e-01
l,9.0,6.0
3.251,3.791,4.351,
0.000000000e+00,0.000000000e+00
3.890303191e-09,-1.040254893e-08,-7.662730168e-07,-1.143429100e-05,-8.349658618e-05,-3.310993592e-04,-7.262071733e-04,-8.282261255e-04,-3.833861922e-04,
3.245083448e-10,-4.900445922e-09,9.300697470e-08,1.854246647e-06,2.360558205e-05,1.249605516e-04,3.158801426e-04,3.860515243e-04,1.843721193e-04,
1.567673386e-01
l,9.0,7.0
3.491,4.011,4.551,
0.000000000e+00,0.000000000e+00
3.076856103e-07,2.761171517e-07,-1.950401405e-05,-3.034694568e-04,-2.263610498e-03,-9.215864862e-03,-2.084690390e-02,-2.459931248e-02,-1.180733190e-02,
2.974310374e-08,-4.494552048e-07,4.455233713e-06,6.592560387e-05,1.187700625e-03,7.187865796e-03,1.929791187e-02,2.435050729e-02,1.185484790e-02,
1.566852739e-01
l,9.0,8.0
3.771,4.271,4.771,
2.183175623e-20,2.481773837e+01
2.029419920e-05,3.928530072e-05,-5.452524457e-04,-9.063388282e-03,-6.886501524e-02,-2.877487800e-01,-6.722091983e-01,-8.223558538e-01,-4.101924206e-01,
2.021401611e-06,-3.056645010e-05,2.939066720e-04,4.587189807e-03,8.470640745e-02,5.290111132e-01,1.470278390e+00,1.925508303e+00,9.754348091e-01,
1.574274997e-01
l,9.0,9.0
4.071,4.531,5.031,
6.265426834e-15,1.732116191e+01
9.496660205e-04,3.353687721e-03,3.399749731e-02,4.840000484e-01,3.711803027e+00,1.563398927e+01,3.669721161e+01,4.503504313e+01,2.251440017e+01,
7.446330770e-05,-1.126901374e-03,1.305052609e-02,2.042556710e-01,3.351569476e+00,1.882208946e+01,4.688766611e+01,5.449506969e+01,2.417183534e+01,
1.573637545e-01
