l,0.0,-0.0
0.091,0.511,0.951,
3.817539457e-02,1.723834198e+00
2.553194063e-03,-7.122752030e-03,1.538722802e-02,3.967844915e-01,2.975104668e+00,1.624533776e+01,4.732856833e+01,6.672738533e+01,3.669625842e+01,
3.619925009e-04,-1.922077767e-03,-2.101765269e-03,-1.518877281e-01,-1.422738395e+00,-7.468803984e+00,-2.141725775e+01,-3.158064710e+01,-1.882997036e+01,
1.586618813e-01
l,1.0,-1.0
0.331,0.811,1.291,
1.390371038e-03,3.179066740e+00
2.498255926e-04,-4.426192290e-04,-1.313263567e-03,1.817069699e-02,9.289058216e-02,2.703642659e-01,5.883689758e-01,7.751009825e-01,4.270635888e-01,
3.024887029e-05,-1.685576135e-04,-1.048793635e-04,-1.047327703e-02,-8.125383466e-02,-3.636817473e-01,-8.857663760e-01,-1.098897093e+00,-5.559837544e-01,
1.587237979e-01
l,1.0,0.0
0.351,0.831,1.311,
1.659647482e-03,2.979141640e+00
4.164449929e-04,-7.429972566e-04,-1.984535400e-03,3.173461514e-02,1.471919157e-01,4.014117270e-01,9.497965167e-01,1.440028828e+00,8.939381674e-01,
5.072030939e-05,-2.832621480e-04,-2.151934285e-04,-1.856766682e-02,-1.450546659e-01,-6.525095718e-01,-1.609347158e+00,-2.033161599e+00,-1.047924488e+00,
1.587238101e-01
l,1.0,1.0
0.371,0.851,1.331,
2.922395191e-03,3.161063516e+00
6.934396806e-04,-1.171897751e-03,-3.812512892e-03,5.501606507e-02,2.605106488e-01,5.389061832e-01,7.605210740e-01,8.482294468e-01,5.020045650e-01,
8.503169697e-05,-4.759442256e-04,-3.373695991e-04,-3.061240027e-02,-2.381473911e-01,-1.060643708e+00,-2.584660186e+00,-3.229422579e+00,-1.653188958e+00,
1.587238666e-01
l,2.0,-2.0
0.671,1.191,1.731,
1.059226298e-05,4.412349460e+00
1.260614044e-05,-6.021666930e-06,-1.158170966e-04,4.846659689e-04,4.936231750e-03,1.782243147e-02,3.578684825e-02,3.883067175e-02,1.756948755e-02,
1.325563513e-06,-7.646310332e-06,-1.388191022e-06,-4.066016317e-04,-2.821903971e-03,-1.128787860e-02,-2.376267097e-02,-2.417403705e-02,-9.584738665e-03,
1.586928763e-01
l,2.0,-1.0
0.711,1.211,1.751,
1.703033887e-05,4.660564555e+00
2.069973925e-05,-9.290444616e-06,-1.773504985e-04,8.606781453e-04,8.515935815e-03,3.312414687e-02,7.540546954e-02,9.408013594e-02,4.856980731e-02,
2.213834484e-06,-1.278481779e-05,-5.239431413e-06,-7.360181210e-04,-5.198664892e-03,-2.116676663e-02,-4.583667664e-02,-4.852634148e-02,-2.017373054e-02,
1.586928577e-01
l,2.0,0.0
0.711,1.231,1.771,
2.750560230e-05,4.975386776e+00
3.408490011e-05,-1.346505333e-05,-3.037657011e-04,1.150491089e-03,9.500273448e-03,2.174372068e-02,1.702795654e-02,-6.512304072e-03,-1.190861558e-02,
3.696149662e-06,-2.136909673e-05,-8.802072224e-06,-1.234893238e-03,-8.705311536e-03,-3.524233930e-02,-7.621891447e-02,-8.097130677e-02,-3.393083128e-02,
1.586618813e-01
l,2.0,1.0
0.731,1.251,1.791,
4.059707483e-05,5.079056394e+00
5.565501851e-05,-1.355921110e-05,-5.186746061e-04,1.647645446e-03,1.745947497e-02,5.231465219e-02,7.343560249e-02,4.296177134e-02,3.694006434e-03,
6.171450377e-06,-3.571916797e-05,-1.565187799e-05,-2.063503672e-03,-1.454208024e-02,-5.847971855e-02,-1.248563490e-01,-1.298363525e-01,-5.275661922e-02,
1.586627710e-01
l,2.0,2.0
0.751,1.291,1.831,
5.012970438e-05,4.558341640e+00
8.928783063e-05,-5.466955724e-05,-7.639138830e-04,3.389565503e-03,2.818043817e-02,8.334262393e-02,1.387094120e-01,1.303610941e-01,5.366739328e-02,
9.178786654e-06,-5.323758614e-05,-1.207025783e-05,-2.927908252e-03,-2.045660823e-02,-8.297184066e-02,-1.789563204e-01,-1.888723574e-01,-7.858059208e-02,
1.587238791e-01
l,3.0,-3.0
1.071,1.631,2.191,
4.806165639e-08,6.028780115e+00
4.863018717e-07,-9.072605169e-08,-5.077226326e-06,2.674398595e-06,8.293422297e-05,2.626491133e-04,3.961050112e-04,3.008710404e-04,9.163544432e-05,
4.830672151e-08,-2.845075299e-07,2.194777672e-07,-9.234714016e-06,-5.040630985e-05,-1.776292356e-04,-3.210942788e-04,-2.375566873e-04,-4.521300147e-05,
1.586627778e-01
l,3.0,-2.0
1.091,1.651,2.211,
7.019625207e-08,6.083707204e+00
7.941758895e-07,-1.220977297e-07,-8.294718350e-06,-1.426882223e-06,8.151753895e-05,2.169291124e-04,2.193179278e-04,5.244076839e-05,-3.316985454e-05,
8.049906969e-08,-4.744401503e-07,2.714378416e-07,-1.707420907e-05,-9.803740154e-05,-3.600762584e-04,-6.947621547e-04,-5.909677094e-04,-1.658569461e-04,
1.586928763e-01
l,3.0,-1.0
1.111,1.671,2.231,
1.013355031e-07,6.166457528e+00
1.294951971e-06,-6.319023331e-08,-1.427145237e-05,-1.859411663e-05,5.446754877e-05,1.795080410e-04,1.646838694e-04,-8.497665988e-06,-6.437379355e-05,
1.341084731e-07,-7.909436198e-07,3.965404554e-07,-2.892231745e-05,-1.654485372e-04,-5.980462112e-04,-1.120389700e-03,-8.911878324e-04,-2.056178500e-04,
1.586928577e-01
l,3.0,0.0
1.131,1.691,2.251,
1.483162208e-07,6.168074264e+00
2.114458994e-06,1.000510771e-07,-2.287963671e-05,-1.878466424e-05,2.110592204e-04,7.903571622e-04,1.272304547e-03,1.006694795e-03,3.156603070e-04,
2.234018670e-07,-1.318467356e-06,6.542278143e-07,-4.801492314e-05,-2.734387145e-04,-9.798062097e-04,-1.832377731e-03,-1.466680162e-03,-3.487477758e-04,
1.586928699e-01
l,3.0,1.0
1.151,1.711,2.271,
2.158548808e-07,6.167192830e+00
3.426016974e-06,3.397805120e-07,-3.541072332e-05,-1.974269098e-05,3.542647867e-04,1.170387993e-03,1.643669900e-03,1.071452699e-03,2.424810448e-04,
3.720495212e-07,-2.197208780e-06,7.399781762e-07,-8.676559768e-05,-5.163959881e-04,-1.930431102e-03,-3.875847967e-03,-3.572138654e-03,-1.171999200e-03,
1.586627710e-01
l,3.0,2.0
1.171,1.731,2.311,
3.152549963e-07,6.056075706e+00
5.511440122e-06,1.269257653e-06,-5.381865810e-05,-4.754576723e-05,4.398349382e-04,1.613377804e-03,2.587147076e-03,2.125260024e-03,7.300183412e-04,
5.505755211e-07,-3.255725716e-06,1.733191332e-06,-1.271110848e-04,-7.968695741e-04,-3.121250100e-03,-6.388408513e-03,-5.987975600e-03,-2.031361598e-03,
1.586627660e-01
l,3.0,3.0
1.191,1.751,2.331,
4.080060373e-07,6.666787748e+00
8.875769709e-06,2.759846169e-06,-1.074333833e-04,-3.599981522e-04,-8.816790315e-04,-2.525484242e-03,-5.681598636e-03,-6.974055418e-03,-3.427760610e-03,
9.170576370e-07,-5.426259825e-06,3.292310622e-06,-1.900222896e-04,-1.055261761e-03,-3.690045381e-03,-6.589873636e-03,-4.711579712e-03,-7.273534600e-04,
1.586928965e-01
l,4.0,-4.0
1.491,2.071,2.651,
9.998970404e-11,8.078728142e+00
1.679681993e-08,3.931468926e-09,-2.074436672e-07,-7.219696729e-07,-1.865862624e-06,-5.205429917e-06,-1.113351361e-05,-1.319485531e-05,-6.332107933e-06,
1.682813889e-09,-1.004438130e-08,7.465144690e-09,-3.303133995e-07,-1.748680956e-06,-5.929484574e-06,-1.007701313e-05,-6.174944792e-06,-1.320075648e-07,
1.586317675e-01
l,4.0,-3.0
1.511,2.091,2.671,
6.558338980e-11,1.002771957e+01
2.745657035e-08,7.055768130e-09,-3.444673443e-07,-1.358516846e-06,-5.323285698e-06,-2.120114836e-05,-5.235026180e-05,-6.560328377e-05,-3.226373983e-05,
2.798787823e-09,-1.671331298e-08,1.210701451e-08,-5.353329014e-07,-2.732966881e-06,-9.173652872e-06,-1.587748938e-05,-1.025507955e-05,-6.556699189e-07,
1.586008001e-01
l,4.0,-2.0
1.551,2.111,2.691,
3.165902632e-10,7.162335487e+00
4.455275970e-08,1.699427118e-08,-4.259541538e-07,-5.731444018e-07,3.154078497e-06,1.521647437e-05,3.179319687e-05,3.483586220e-05,1.594102524e-05,
4.658181011e-09,-2.782987464e-08,7.731635062e-09,-1.190106013e-06,-7.529107003e-06,-2.966160692e-05,-6.227961743e-05,-6.108519058e-05,-2.215532485e-05,
1.586928763e-01
l,4.0,-1.0
1.571,2.131,2.711,
4.692953673e-10,7.143357562e+00
7.226712739e-08,3.275712341e-08,-7.697758392e-07,-2.107740799e-06,-2.892571577e-07,1.348813192e-05,4.177783598e-05,5.570169106e-05,2.832828236e-05,
7.746434149e-09,-4.630159650e-08,1.331203389e-08,-1.947874193e-06,-1.204992629e-05,-4.601397167e-05,-9.306191135e-05,-8.603217648e-05,-2.812881890e-05,
1.586618691e-01
l,4.0,0.0
1.571,2.151,2.751,
1.775529640e-10,1.015191614e+01
1.172646975e-07,5.449460739e-08,-1.524717201e-06,-7.548565699e-06,-3.162537007e-05,-1.115413540e-04,-2.485608499e-04,-2.933965311e-04,-1.394715667e-04,
1.143139353e-08,-6.838846199e-08,6.050781224e-08,-2.036609111e-06,-9.977927268e-06,-3.276530548e-05,-5.377125143e-05,-2.888042334e-05,2.899683545e-06,
1.586627844e-01
l,4.0,1.0
1.591,2.171,2.771,
5.581078701e-10,8.435227409e+00
1.889265064e-07,1.119283046e-07,-1.882470160e-06,-5.572408243e-06,-1.071338919e-05,-3.723037213e-05,-1.067308372e-04,-1.477265883e-04,-7.651547346e-05,
1.900705280e-08,-1.137598126e-07,6.067435842e-08,-4.485296277e-06,-2.804635859e-05,-1.105885093e-04,-2.300746174e-04,-2.208866468e-04,-7.755395896e-05,
1.586317877e-01
l,4.0,2.0
1.631,2.191,2.791,
1.398788789e-09,7.261191777e+00
3.028700064e-07,1.969466905e-07,-3.323579514e-06,-1.332061434e-05,-3.143544366e-05,-4.625657784e-05,-1.686747561e-05,4.735020440e-05,4.561695657e-05,
3.161985365e-08,-1.893309275e-07,7.114273016e-08,-7.827914485e-06,-4.836853335e-05,-1.856904611e-04,-3.763978966e-04,-3.487933273e-04,-1.150428605e-04,
1.586928844e-01
l,4.0,3.0
1.631,2.211,2.811,
8.169811157e-10,9.126555524e+00
4.860924037e-07,3.438497459e-07,-6.437763982e-06,-3.816887702e-05,-1.629544014e-04,-5.067133711e-04,-9.847567203e-04,-1.042934507e-03,-4.571488008e-04,
5.256903424e-08,-3.149028473e-07,1.549417636e-07,-1.120091229e-05,-5.995171128e-05,-2.070013944e-04,-3.790782681e-04,-2.887259470e-04,-5.676797667e-05,
1.586619078e-01
l,4.0,4.0
1.671,2.251,2.851,
3.556084097e-09,6.910832818e+00
7.866227065e-07,4.082654587e-07,-7.973996828e-06,-2.295494315e-05,-2.597057947e-05,-4.488822124e-06,3.872766857e-05,7.818409546e-05,5.260889605e-05,
7.753585206e-08,-4.648479131e-07,2.578512464e-07,-1.853214046e-05,-1.166375490e-04,-4.590231545e-04,-9.451093100e-04,-8.919055022e-04,-3.045714416e-04,
1.586627882e-01
l,5.0,-5.0
1.931,2.511,3.111,
6.108245956e-13,7.505381237e+00
5.407707060e-10,3.618636396e-10,-6.100043155e-09,-2.803552587e-08,-8.474321889e-08,-1.839407354e-07,-2.360222717e-07,-1.399545444e-07,-1.966643730e-08,
5.687940095e-11,-3.426743373e-10,1.206713680e-10,-1.419769535e-08,-8.665985620e-08,-3.304022499e-07,-6.685293519e-07,-6.174589454e-07,-2.016420427e-07,
1.586619131e-01
l,5.0,-4.0
1.951,2.531,3.131,
1.139166328e-13,1.062256022e+01
8.818195063e-10,6.167304349e-10,-1.130238619e-08,-6.651053024e-08,-2.867460682e-07,-9.128917864e-07,-1.819648083e-06,-1.970289981e-06,-8.793893801e-07,
9.451373532e-11,-5.695993494e-10,2.611952410e-10,-2.086446406e-08,-1.139048247e-07,-4.021383173e-07,-7.593121461e-07,-6.168814956e-07,-1.491820092e-07,
1.586627684e-01
l,5.0,-3.0
1.971,2.571,3.171,
3.233834570e-13,9.636875786e+00
1.449076970e-09,6.540012059e-10,-1.568736553e-08,-5.938299409e-08,-1.863104637e-07,-5.946068390e-07,-1.276712971e-06,-1.441640518e-06,-6.485694865e-07,
1.392008505e-10,-8.394728942e-10,5.296206695e-10,-3.243510206e-08,-1.994840434e-07,-7.748136068e-07,-1.566097806e-06,-1.427878572e-06,-4.578683199e-07,
1.586627778e-01
l,5.0,-2.0
1.991,2.591,3.191,
1.344090012e-12,8.127026817e+00
2.350091011e-09,1.110743079e-09,-3.037481443e-08,-1.530169706e-07,-5.399991115e-07,-1.368081609e-06,-2.130612643e-06,-1.771900626e-06,-5.972971810e-07,
2.312740537e-10,-1.395192131e-09,1.051189548e-09,-4.631007414e-08,-2.442534589e-07,-8.422118829e-07,-1.482005722e-06,-9.970296148e-07,-1.012636035e-07,
1.586627579e-01
l,5.0,-1.0
2.011,2.611,3.211,
4.700464328e-13,1.019143426e+01
3.809359939e-09,2.173523968e-09,-4.472521860e-08,-2.037670971e-07,-6.840978625e-07,-1.972585877e-06,-3.877826096e-06,-4.212687144e-06,-1.879611360e-06,
3.840832511e-10,-2.317784063e-09,1.604766928e-09,-7.948738411e-08,-4.379780239e-07,-1.593719258e-06,-3.067283940e-06,-2.541235929e-06,-6.495047231e-07,
1.586008234e-01
l,5.0,0.0
2.031,2.631,3.231,
4.380798527e-13,1.081079767e+01
6.135234987e-09,4.196566103e-09,-5.816520961e-08,-2.055557692e-07,-5.786698474e-07,-2.059526130e-06,-5.152504771e-06,-6.533960055e-06,-3.204037988e-06,
6.380822171e-10,-3.851793169e-09,1.339921345e-09,-1.665898432e-07,-1.076708516e-06,-4.321162824e-06,-9.229669908e-06,-9.247476613e-06,-3.453323908e-06,
1.586008612e-01
l,5.0,1.0
2.051,2.651,3.271,
1.807537733e-12,9.346793254e+00
9.852000105e-09,6.569893197e-09,-1.257636166e-07,-7.447189780e-07,-3.141498251e-06,-9.282587408e-06,-1.663678353e-05,-1.599075255e-05,-6.317753506e-06,
9.397742281e-10,-5.676518512e-09,4.636797485e-09,-1.911586780e-07,-1.060354893e-06,-3.879165069e-06,-7.312451188e-06,-5.779268835e-06,-1.320148586e-06,
1.586627886e-01
l,5.0,2.0
2.071,2.671,3.291,
3.353045413e-12,9.013060933e+00
1.583672038e-08,1.256609804e-08,-1.862764811e-07,-1.015303805e-06,-3.641952360e-06,-9.350953435e-06,-1.520486716e-05,-1.366317179e-05,-5.143255130e-06,
1.561080590e-09,-9.432295826e-09,7.035425361e-09,-3.263363279e-07,-1.845054517e-06,-6.848147990e-06,-1.331213978e-05,-1.126202771e-05,-3.081169628e-06,
1.586627660e-01
l,5.0,3.0
2.091,2.691,3.311,
8.129040666e-13,1.143672112e+01
2.534526011e-08,2.294812678e-08,-2.517626344e-07,-1.231581092e-06,-4.531095948e-06,-1.469248089e-05,-3.162234766e-05,-3.650156213e-05,-1.696281576e-05,
2.592541291e-09,-1.566930308e-08,7.735654511e-09,-6.359612860e-07,-3.980378718e-06,-1.571137130e-05,-3.293310643e-05,-3.203895192e-05,-1.146832802e-05,
1.586317771e-01
l,5.0,4.0
2.131,2.731,3.331,
9.864269955e-12,8.571810577e+00
4.107007001e-08,2.572317068e-08,-5.158486335e-07,-2.841129753e-06,-1.066631821e-05,-2.792613909e-05,-4.465675882e-05,-3.838169375e-05,-1.353087247e-05,
4.305375287e-09,-2.602946836e-08,1.425037318e-08,-9.498608909e-07,-5.299996715e-06,-1.909410168e-05,-3.647681793e-05,-3.002715698e-05,-7.486035281e-06,
1.586008650e-01
l,5.0,5.0
2.151,2.751,3.371,
3.443403367e-12,1.043092230e+01
6.554058274e-08,5.016342789e-08,-7.154724808e-07,-3.505295831e-06,-1.208913848e-05,-3.424247131e-05,-6.563230411e-05,-7.001853552e-05,-3.088398684e-05,
6.338672591e-09,-3.834497176e-08,2.861833617e-08,-1.375398292e-06,-8.105856574e-06,-3.102899877e-05,-6.222406909e-05,-5.579790299e-05,-1.735521490e-05,
1.586627492e-01
l,6.0,-6.0
2.371,2.971,3.591,
3.840477679e-16,1.023832874e+01
1.692286936e-11,1.269528363e-11,-2.091840324e-10,-1.277160797e-09,-5.372001060e-09,-1.556268704e-08,-2.731243081e-08,-2.577210667e-08,-1.002168398e-08,
1.665321487e-12,-1.010441007e-11,6.802243066e-12,-3.644550483e-10,-2.082894424e-09,-7.764268953e-09,-1.517402476e-08,-1.297808629e-08,-3.625834244e-09,
1.586627580e-01
l,6.0,-5.0
2.391,2.991,3.611,
5.047139841e-16,1.038022527e+01
2.755357921e-11,2.328612988e-11,-3.069061486e-10,-1.670605406e-09,-6.008078570e-09,-1.578222254e-08,-2.664927270e-08,-2.504764472e-08,-9.886612442e-09,
2.764266368e-12,-1.677656912e-11,1.076601100e-11,-6.188415984e-10,-3.631794657e-09,-1.382466365e-08,-2.784958033e-08,-2.522752378e-08,-7.954011738e-09,
1.586317823e-01
l,6.0,-4.0
2.411,3.011,3.631,
1.007677393e-16,1.265455683e+01
4.467943029e-11,4.067993228e-11,-4.361150159e-10,-2.196304922e-09,-8.397831267e-09,-2.754233397e-08,-5.890283033e-08,-6.734499199e-08,-3.102775626e-08,
4.588263077e-12,-2.785356003e-11,1.247668948e-11,-1.160915442e-09,-7.335290808e-09,-2.914677818e-08,-6.163866912e-08,-6.076563634e-08,-2.215983882e-08,
1.586007907e-01
l,6.0,-3.0
2.431,3.031,3.651,
3.927353370e-16,1.154404343e+01
7.212397346e-11,6.651502251e-11,-7.812701547e-10,-4.765411027e-09,-2.067723311e-08,-6.451707202e-08,-1.232540637e-07,-1.262414823e-07,-5.296554340e-08,
7.617081216e-12,-4.625182815e-11,1.724901501e-11,-1.932725805e-09,-1.196216804e-08,-4.676882360e-08,-9.784037972e-08,-9.497695725e-08,-3.370262868e-08,
1.586008546e-01
l,6.0,-2.0
2.451,3.051,3.671,
2.986519627e-15,9.707654501e+00
1.165274960e-10,1.165428324e-10,-1.255796985e-09,-7.591274844e-09,-2.892981284e-08,-7.488499149e-08,-1.184613850e-07,-1.014403126e-07,-3.588612915e-08,
1.264977346e-11,-7.682981365e-11,2.506791286e-11,-3.160493253e-09,-1.904824559e-08,-7.304951016e-08,-1.511930305e-07,-1.449069487e-07,-5.036015375e-08,
1.586618877e-01
l,6.0,-1.0
2.471,3.091,3.711,
3.720897733e-16,1.244143319e+01
1.915675951e-10,1.417047492e-10,-2.090176977e-09,-1.098239381e-08,-4.356531588e-08,-1.351896496e-07,-2.642391338e-07,-2.767901221e-07,-1.179518089e-07,
1.859625874e-11,-1.130010591e-10,6.849900740e-11,-4.415469240e-09,-2.699032812e-08,-1.053398240e-07,-2.162497786e-07,-2.024295550e-07,-6.796031689e-08,
1.586628011e-01
l,6.0,0.0
2.491,3.111,3.731,
6.229575890e-16,1.227857696e+01
3.079060062e-10,2.429533507e-10,-3.735930173e-09,-2.374032520e-08,-1.048904066e-07,-3.191250084e-07,-5.866349734e-07,-5.779827119e-07,-2.337529678e-07,
3.086238476e-11,-1.875813430e-10,1.177734447e-10,-6.933116004e-09,-4.027571916e-08,-1.520856189e-07,-3.034427603e-07,-2.696666509e-07,-8.150915730e-08,
1.586317835e-01
l,6.0,1.0
2.511,3.131,3.751,
4.697444611e-15,1.048673583e+01
4.952684929e-10,4.528064554e-10,-5.210796764e-09,-2.828313637e-08,-9.844136600e-08,-2.473337648e-07,-3.980332620e-07,-3.554482004e-07,-1.328684750e-07,
5.121780487e-11,-3.113746282e-10,1.687093583e-10,-1.205245544e-08,-7.254261147e-08,-2.805524388e-07,-5.794206806e-07,-5.486833367e-07,-1.868993549e-07,
1.586007934e-01
l,6.0,2.0
2.551,3.171,3.791,
6.700237958e-16,1.296545811e+01
8.061142864e-10,4.987841578e-10,-9.895027796e-09,-5.835901384e-08,-2.579712610e-07,-8.169376886e-07,-1.566936251e-06,-1.600082704e-06,-6.662158865e-07,
7.530585217e-11,-4.580278529e-10,3.709883324e-10,-1.603111077e-08,-9.195076091e-08,-3.462042057e-07,-6.748907809e-07,-5.700204885e-07,-1.550956181e-07,
1.586618958e-01
l,6.0,3.0
2.571,3.191,3.811,
4.272030259e-15,1.138446414e+01
1.290709983e-09,9.381312765e-10,-1.560594086e-08,-9.278439769e-08,-3.784009322e-07,-1.077816399e-06,-1.884491803e-06,-1.783907344e-06,-6.977770222e-07,
1.249885395e-10,-7.603826348e-10,5.839931730e-10,-2.637282307e-08,-1.487303663e-07,-5.533789669e-07,-1.076572122e-06,-9.072435896e-07,-2.443720906e-07,
1.586627780e-01
l,6.0,4.0
2.591,3.211,3.831,
1.114649881e-14,1.076699364e+01
2.062680027e-09,1.772094396e-09,-2.037514898e-08,-9.524491941e-08,-2.820474563e-07,-6.595894772e-07,-1.072851446e-06,-1.002992143e-06,-3.961722742e-07,
2.074020232e-10,-1.262038971e-09,6.960985249e-10,-5.013481006e-08,-3.096394026e-07,-1.218354317e-06,-2.546105148e-06,-2.456697224e-06,-8.657782657e-07,
1.586317553e-01
l,6.0,5.0
2.611,3.231,3.851,
3.031917197e-15,1.250797620e+01
3.276708904e-09,3.031321113e-09,-3.194512195e-08,-1.711968518e-07,-6.631755209e-07,-2.015336235e-06,-3.903952140e-06,-4.078256709e-06,-1.737500352e-06,
3.441470394e-10,-2.094597391e-09,7.269821432e-10,-9.047201478e-08,-5.745743081e-07,-2.287059976e-06,-4.870875341e-06,-4.859282834e-06,-1.799483627e-06,
1.586007715e-01
l,6.0,6.0
2.631,3.251,3.891,
3.712012933e-15,1.266450849e+01
5.194673136e-09,5.095909797e-09,-5.874687837e-08,-4.001544307e-07,-1.805515779e-06,-5.486357351e-06,-1.002709731e-05,-9.828261917e-06,-3.959437450e-06,
5.058656264e-10,-3.080222794e-09,2.165470408e-09,-1.159350885e-07,-7.038673211e-07,-2.749772159e-06,-5.621133874e-06,-5.203416003e-06,-1.715735929e-06,
1.586627413e-01
l,7.0,-7.0
2.811,3.431,4.051,
1.098181359e-19,1.303740367e+01
5.144350115e-13,4.671307264e-13,-5.803063995e-12,-3.730827103e-11,-1.617491988e-10,-4.813916131e-10,-8.696971877e-10,-8.456985987e-10,-3.385599966e-10,
5.407812495e-14,-3.298313820e-13,1.459469906e-13,-1.318410382e-11,-7.916522402e-11,-3.047023066e-10,-6.290714399e-10,-5.964038310e-10,-2.029439010e-10,
1.586008759e-01
l,7.0,-6.0
2.831,3.451,4.091,
3.997858050e-19,1.217181731e+01
8.364427857e-13,8.039191983e-13,-9.124545573e-12,-5.547451593e-11,-2.178510965e-10,-5.962852057e-10,-1.015313408e-09,-9.457801496e-10,-3.663504822e-10,
7.944922398e-14,-4.847656493e-13,3.748775080e-13,-1.764065049e-11,-1.045375726e-10,-4.042103124e-10,-8.188950215e-10,-7.469737143e-10,-2.406135144e-10,
1.586618878e-01
l,7.0,-5.0
2.851,3.471,4.111,
1.461102510e-19,1.350742890e+01
1.354292004e-12,1.356642132e-12,-1.371932492e-11,-8.134766212e-11,-3.299037679e-10,-9.828044035e-10,-1.836357107e-09,-1.859443033e-09,-7.735464416e-10,
1.318149364e-13,-8.044358898e-13,4.934944988e-13,-3.165117522e-11,-1.952253584e-10,-7.737425818e-10,-1.618225570e-09,-1.558109316e-09,-5.485751542e-10,
1.586627833e-01
l,7.0,-4.0
2.871,3.491,4.131,
1.239045959e-19,1.402338215e+01
2.185577023e-12,2.282815365e-12,-2.286428001e-11,-1.531534804e-10,-6.899137949e-10,-2.136373474e-09,-3.998578175e-09,-4.007520627e-09,-1.646015915e-09,
2.186889395e-13,-1.334865264e-12,7.233110690e-13,-5.402873513e-11,-3.373798843e-10,-1.338586221e-09,-2.802972333e-09,-2.707619089e-09,-9.570018153e-10,
1.586627684e-01
l,7.0,-3.0
2.891,3.511,4.151,
1.148772947e-18,1.228168430e+01
3.530865053e-12,3.977529267e-12,-3.536018265e-11,-2.299348403e-10,-9.358472803e-10,-2.594747777e-09,-4.421931067e-09,-4.103662131e-09,-1.581113961e-09,
3.627388190e-13,-2.214560883e-12,1.168379806e-12,-8.906024922e-11,-5.497568777e-10,-2.160754954e-09,-4.517708088e-09,-4.369706296e-09,-1.548164185e-09,
1.586317769e-01
l,7.0,-2.0
2.931,3.551,4.171,
3.263397831e-19,1.380460981e+01
5.814289154e-12,5.144326518e-12,-5.873472237e-11,-3.296577287e-10,-1.340203965e-09,-4.118783094e-09,-7.920296220e-09,-8.186423632e-09,-3.454348796e-09,
6.016599988e-13,-3.673896296e-12,1.426962554e-12,-1.561896232e-10,-9.819323805e-10,-3.891795693e-09,-8.244597106e-09,-8.146176450e-09,-2.970892901e-09,
1.586007802e-01
l,7.0,-1.0
2.951,3.571,4.191,
9.029954031e-19,1.320984550e+01
9.351236799e-12,8.794107875e-12,-1.017994301e-10,-6.538443971e-10,-2.810413307e-09,-8.307624540e-09,-1.494754148e-08,-1.449907078e-08,-5.795008647e-09,
9.979265531e-13,-6.094747230e-12,2.480872845e-12,-2.477154586e-10,-1.502440855e-09,-5.826936281e-09,-1.217286811e-08,-1.176477927e-08,-4.127692178e-09,
1.585699072e-01
l,7.0,0.0
2.971,3.591,4.231,
3.402531495e-18,1.234044513e+01
1.504239962e-11,1.527435472e-11,-1.558209155e-10,-9.466689586e-10,-3.662869610e-09,-9.892420245e-09,-1.669291308e-08,-1.545732520e-08,-5.962541015e-09,
1.465925553e-12,-8.956316113e-12,6.048227593e-12,-3.406968703e-10,-2.056288637e-09,-8.026620503e-09,-1.654489121e-08,-1.557850249e-08,-5.293611282e-09,
1.586627515e-01
l,7.0,1.0
2.991,3.611,4.251,
1.273815262e-18,1.358510330e+01
2.409011012e-11,2.602851925e-11,-2.256900406e-10,-1.329584692e-09,-5.260954906e-09,-1.544732605e-08,-2.872826525e-08,-2.907761324e-08,-1.210953498e-08,
2.431250188e-12,-1.485683111e-11,7.511584548e-12,-6.112153828e-10,-3.840206522e-09,-1.536272593e-08,-3.266682152e-08,-3.233049358e-08,-1.184817090e-08,
1.586317525e-01
l,7.0,2.0
3.011,3.631,4.271,
1.181470896e-18,1.398783945e+01
3.844635027e-11,4.410771225e-11,-3.631157977e-10,-2.419501820e-09,-1.065735501e-08,-3.260184527e-08,-6.073576820e-08,-6.077945738e-08,-2.495610453e-08,
4.032160910e-12,-2.464408342e-11,1.033859112e-11,-1.046886483e-09,-6.672091949e-09,-2.676082975e-08,-5.715155278e-08,-5.701853817e-08,-2.111504538e-08,
1.586007883e-01
l,7.0,3.0
3.031,3.651,4.291,
1.398271935e-17,1.209115660e+01
6.140012804e-11,7.703410518e-11,-5.294498653e-10,-3.339469719e-09,-1.270453891e-08,-3.339671319e-08,-5.486172691e-08,-4.954678179e-08,-1.867323550e-08,
6.688388583e-12,-4.088592708e-11,1.357688720e-11,-1.767040235e-09,-1.117427201e-08,-4.439917910e-08,-9.493117141e-08,-9.546411991e-08,-3.580300951e-08,
1.586008548e-01
l,7.0,4.0
3.071,3.691,4.331,
1.244795911e-18,1.457938913e+01
1.001599012e-10,9.978771135e-11,-1.021859822e-09,-6.499919925e-09,-2.856881304e-08,-8.894413900e-08,-1.691053314e-07,-1.722782868e-07,-7.179496797e-08,
9.820972325e-12,-6.005645958e-11,3.514406142e-11,-2.409802877e-09,-1.505828800e-08,-6.009034915e-08,-1.264219057e-07,-1.227103850e-07,-4.367034001e-08,
1.586627882e-01
l,7.0,5.0
3.091,3.711,4.351,
5.918167790e-18,1.351542059e+01
1.592016935e-10,1.744072803e-10,-1.603644138e-09,-1.083355030e-08,-4.712822213e-08,-1.389903300e-07,-2.488784091e-07,-2.404243320e-07,-9.579896653e-08,
1.628639381e-11,-9.961059640e-11,5.216830245e-11,-4.051752636e-09,-2.528398287e-08,-1.001701404e-07,-2.106404065e-07,-2.051068657e-07,-7.331669954e-08,
1.586317482e-01
l,7.0,6.0
3.111,3.731,4.371,
4.636803158e-17,1.202466206e+01
2.529718102e-10,3.083837116e-10,-2.140607120e-09,-1.244521302e-08,-4.287731816e-08,-1.045204560e-07,-1.639494400e-07,-1.439698293e-07,-5.327645046e-08,
2.700763059e-11,-1.652120650e-10,6.399337245e-11,-7.013814545e-09,-4.408349702e-08,-1.753000718e-07,-3.750564051e-07,-3.769332559e-07,-1.412328401e-07,
1.586008181e-01
l,7.0,7.0
3.131,3.771,4.411,
5.478711419e-18,1.422143327e+01
4.093659023e-10,3.933299728e-10,-4.401009394e-09,-2.881970423e-08,-1.248247912e-07,-3.661585341e-07,-6.476647031e-07,-6.146574202e-07,-2.397408658e-07,
3.965026489e-11,-2.426323095e-10,1.612203432e-10,-9.419770211e-09,-5.809665794e-08,-2.298733483e-07,-4.772019384e-07,-4.526173292e-07,-1.552413441e-07,
1.586627646e-01
l,8.0,-8.0
3.271,3.891,4.531,
1.205486650e-22,1.418384962e+01
1.529681025e-14,1.620070781e-14,-1.581590187e-13,-1.062354472e-12,-4.601868176e-12,-1.348121507e-11,-2.396806402e-11,-2.300212689e-11,-9.112581827e-12,
1.534787443e-15,-9.401057061e-15,5.188139647e-15,-3.784564864e-13,-2.341725792e-12,-9.229452827e-12,-1.925735803e-11,-1.852524538e-11,-6.505434741e-12,
1.586627620e-01
l,8.0,-7.0
3.291,3.911,4.551,
6.230010566e-22,1.313707622e+01
2.483986968e-14,2.804298414e-14,-2.271869418e-13,-1.336950458e-12,-4.871237797e-12,-1.263774340e-11,-2.091289559e-11,-1.919982014e-11,-7.380222401e-12,
2.544665026e-15,-1.558934379e-14,7.504554808e-15,-6.428044490e-13,-4.000090626e-12,-1.585864222e-11,-3.360099290e-11,-3.318663194e-11,-1.213212370e-11,
1.586317458e-01
l,8.0,-6.0
3.311,3.931,4.571,
1.916123937e-22,1.445376716e+01
4.016864017e-14,4.702303851e-14,-3.357825246e-13,-1.928778754e-12,-7.319844814e-12,-2.118448700e-11,-3.952742326e-11,-4.033357582e-11,-1.693438951e-11,
4.218953508e-15,-2.585056877e-14,9.213835558e-15,-1.126874625e-12,-7.218434664e-12,-2.912719977e-11,-6.292076026e-11,-6.392987958e-11,-2.430102639e-11,
1.586007804e-01
l,8.0,-5.0
3.331,3.951,4.591,
2.593935745e-22,1.452326182e+01
6.481168819e-14,7.888845274e-14,-5.561878598e-13,-3.614034938e-12,-1.521848801e-11,-4.520674831e-11,-8.287422603e-11,-8.214429774e-11,-3.351111304e-11,
6.996092549e-15,-4.287345223e-14,1.271769429e-14,-1.902508033e-12,-1.223694423e-11,-4.920086576e-11,-1.060295234e-10,-1.075928322e-10,-4.082555610e-11,
1.586008601e-01
l,8.0,-4.0
3.351,3.991,4.631,
3.885237832e-22,1.451014224e+01
1.073398030e-13,1.036668339e-13,-1.073622034e-12,-6.195237854e-12,-2.364907224e-11,-6.554093177e-11,-1.146295106e-10,-1.094028986e-10,-4.309905863e-11,
1.026659161e-14,-6.293503897e-14,4.188999421e-14,-2.440379994e-12,-1.494033964e-11,-5.914738766e-11,-1.235230590e-10,-1.184581560e-10,-4.141854778e-11,
1.586627684e-01
l,8.0,-3.0
3.371,4.011,4.651,
3.927503983e-22,1.481924875e+01
1.726961944e-13,1.742053447e-13,-1.718997200e-12,-1.070824049e-11,-4.434753579e-11,-1.281531228e-10,-2.265732725e-10,-2.157621535e-10,-8.446842052e-11,
1.702363848e-14,-1.043720915e-13,5.760301471e-14,-4.255811872e-12,-2.669940827e-11,-1.066757685e-10,-2.251097206e-10,-2.197199504e-10,-7.883914976e-11,
1.586627778e-01
l,8.0,-2.0
3.391,4.031,4.671,
5.271778610e-22,1.488908134e+01
2.778571915e-13,3.010727090e-13,-2.767015231e-12,-1.836041552e-11,-7.752138115e-11,-2.212992796e-10,-3.842681014e-10,-3.606387259e-10,-1.397505899e-10,
2.822185222e-14,-1.730544291e-13,9.191185852e-14,-7.039175056e-12,-4.382320853e-11,-1.735248234e-10,-3.648986501e-10,-3.553055418e-10,-1.269979503e-10,
1.586317570e-01
l,8.0,-1.0
3.431,4.051,4.691,
5.899594557e-21,1.322865137e+01
4.469152912e-13,5.246851971e-13,-3.829470510e-12,-2.209865843e-11,-7.726262692e-11,-1.935549999e-10,-3.129878864e-10,-2.830421697e-10,-1.076476744e-10,
4.678544128e-14,-2.869277659e-13,1.214739046e-13,-1.210581970e-11,-7.606160790e-11,-3.032353525e-10,-6.488518714e-10,-6.509295740e-10,-2.431754296e-10,
1.586007616e-01
l,8.0,0.0
3.451,4.071,4.711,
2.038357860e-21,1.439946238e+01
7.156672173e-13,8.861782457e-13,-5.383856444e-12,-2.962460678e-11,-1.045449231e-10,-2.915787721e-10,-5.409912390e-10,-5.551403427e-10,-2.349317956e-10,
7.755830083e-14,-4.757230727e-13,1.261801827e-13,-2.140920461e-11,-1.386017460e-10,-5.619082905e-10,-1.225631919e-09,-1.264868576e-09,-4.908423881e-10,
1.585698576e-01
l,8.0,1.0
3.471,4.111,4.751,
1.315557241e-21,1.505497485e+01
1.173892038e-12,1.163254575e-12,-1.220447991e-11,-7.769778305e-11,-3.193835536e-10,-9.016404111e-10,-1.563649975e-09,-1.471508498e-09,-5.724118981e-10,
1.138120835e-13,-6.982980392e-13,4.704184594e-13,-2.684117165e-11,-1.629724864e-10,-6.390284905e-10,-1.322337619e-09,-1.251091441e-09,-4.278148067e-10,
1.586627710e-01
l,8.0,2.0
3.491,4.131,4.771,
4.098804830e-21,1.444653188e+01
1.877682905e-12,2.018466151e-12,-1.686599855e-11,-9.526018441e-11,-3.457639515e-10,-9.275684380e-10,-1.600582450e-09,-1.520841989e-09,-5.985222098e-10,
1.886979852e-13,-1.157929617e-12,5.597723065e-13,-4.821024361e-11,-3.025168461e-10,-1.209637230e-09,-2.578082942e-09,-2.563491755e-09,-9.460291029e-10,
1.586627660e-01
l,8.0,3.0
3.511,4.151,4.791,
4.893661533e-21,1.460585112e+01
2.990702087e-12,3.412243100e-12,-2.587029429e-11,-1.565297046e-10,-6.132626812e-10,-1.717539335e-09,-2.997900975e-09,-2.840523954e-09,-1.109692048e-09,
3.127295270e-13,-1.919312569e-12,7.365897886e-13,-8.332228258e-11,-5.352202610e-10,-2.162522700e-09,-4.664350394e-09,-4.721028335e-09,-1.783458099e-09,
1.586008004e-01
l,8.0,4.0
3.551,4.171,4.811,
1.586716239e-20,1.396237995e+01
4.762287786e-12,5.900528599e-12,-3.959795338e-11,-2.536535262e-10,-1.004447992e-09,-2.770453429e-09,-4.759185098e-09,-4.471706215e-09,-1.745513200e-09,
5.184809068e-13,-3.182518846e-12,9.427939783e-13,-1.406286868e-10,-8.979911705e-10,-3.591887564e-09,-7.732723366e-09,-7.849129620e-09,-2.980083056e-09,
1.586008650e-01
l,8.0,5.0
3.571,4.211,4.851,
6.192106241e-21,1.499854288e+01
7.762827707e-12,7.767755651e-12,-7.421448019e-11,-4.372195786e-10,-1.714555039e-09,-4.841692297e-09,-8.532043569e-09,-8.153271492e-09,-3.207485443e-09,
7.605571829e-13,-4.669725341e-12,2.617930603e-12,-1.903663884e-10,-1.194360231e-09,-4.787467037e-09,-1.015454860e-08,-9.984417713e-09,-3.621497671e-09,
1.586627492e-01
l,8.0,6.0
3.591,4.231,4.871,
6.727803063e-21,1.522116914e+01
1.231047989e-11,1.339194937e-11,-1.171376619e-10,-7.661827781e-10,-3.227328344e-09,-9.270242974e-09,-1.619611198e-08,-1.526008135e-08,-5.925772511e-09,
1.260632090e-12,-7.741189316e-12,3.651939304e-12,-3.248031302e-10,-2.055723460e-09,-8.226473697e-09,-1.750209396e-08,-1.734173578e-08,-6.356733089e-09,
1.586317404e-01
l,8.0,7.0
3.611,4.251,4.891,
2.319016791e-20,1.454036001e+01
1.952841014e-11,2.363962118e-11,-1.631985249e-10,-1.002346842e-09,-3.767398955e-09,-9.990812975e-09,-1.676573648e-08,-1.552229529e-08,-5.988934842e-09,
2.089478529e-12,-1.283265773e-11,4.618108476e-12,-5.540356443e-10,-3.503890430e-09,-1.397792766e-08,-3.001388852e-08,-3.032046738e-08,-1.143567024e-08,
1.586008803e-01
l,8.0,8.0
3.651,4.291,4.931,
8.748315318e-21,1.557227792e+01
3.159584053e-11,3.040936044e-11,-3.201780191e-10,-2.020822526e-09,-8.523898237e-09,-2.484495922e-08,-4.403610637e-08,-4.194637623e-08,-1.641500674e-08,
3.064624139e-12,-1.882665585e-11,1.150187949e-11,-7.548630672e-10,-4.721867684e-09,-1.888352540e-08,-3.976890751e-08,-3.859592423e-08,-1.371650070e-08,
1.586627830e-01
l,9.0,-9.0
3.731,4.351,4.991,
3.832108751e-25,1.446897018e+01
4.470034796e-16,5.561313961e-16,-3.672593344e-15,-2.321863191e-14,-9.004504306e-14,-2.436782151e-13,-4.122999183e-13,-3.826379240e-13,-1.478079149e-13,
4.865568194e-17,-2.990211089e-16,8.984426750e-17,-1.321082301e-14,-8.438697743e-14,-3.378859379e-13,-7.284907433e-13,-7.407850237e-13,-2.818713002e-13,
1.585698849e-01
l,9.0,-8.0
3.751,4.391,5.031,
8.043689355e-26,1.595493320e+01
7.420569777e-16,7.110611053e-16,-7.364935731e-15,-4.414489447e-14,-1.780279513e-13,-5.106268284e-13,-9.046709496e-13,-8.654008135e-13,-3.402947283e-13,
7.136548793e-17,-4.387014618e-16,2.667187232e-16,-1.761152217e-14,-1.099234611e-13,-4.397644387e-13,-9.272917566e-13,-9.020441344e-13,-3.219698956e-13,
1.586627130e-01
l,9.0,-7.0
3.771,4.411,5.051,
8.147423935e-26,1.623989802e+01
1.200111008e-15,1.209594744e-15,-1.221048100e-14,-8.014610094e-14,-3.427276722e-13,-9.930832415e-13,-1.742396026e-12,-1.645541920e-12,-6.399694484e-13,
1.182948669e-16,-7.272811675e-16,4.151594488e-16,-2.943244356e-14,-1.833897581e-13,-7.286314975e-13,-1.529410425e-12,-1.481002561e-12,-5.248297452e-13,
1.586627467e-01
l,9.0,-6.0
3.791,4.431,5.071,
2.471375237e-25,1.569812057e+01
1.942447930e-15,2.108978304e-15,-1.820032327e-14,-1.125515841e-13,-4.405368541e-13,-1.206978338e-12,-2.065782661e-12,-1.934520649e-12,-7.514654975e-13,
1.960432192e-16,-1.205433957e-15,6.317549819e-16,-4.924973313e-14,-3.057242628e-13,-1.212313306e-12,-2.563655937e-12,-2.519669712e-12,-9.136387171e-13,
1.586317571e-01
l,9.0,-5.0
3.811,4.451,5.091,
7.503604762e-25,1.516128725e+01
3.134799058e-15,3.585309449e-15,-2.568571238e-14,-1.410665662e-13,-4.857605543e-13,-1.259445774e-12,-2.143227721e-12,-2.027417868e-12,-7.970709054e-13,
3.248860643e-16,-1.997916774e-15,7.883557035e-16,-8.623232811e-14,-5.493449752e-13,-2.214855231e-12,-4.784656605e-12,-4.858108998e-12,-1.844328198e-12,
1.586008056e-01
l,9.0,-4.0
3.831,4.471,5.111,
7.972843062e-25,1.540871023e+01
5.042363842e-15,5.995259572e-15,-4.091035427e-14,-2.463134856e-13,-9.447492390e-13,-2.600489747e-12,-4.489937703e-12,-4.225559666e-12,-1.643526386e-12,
5.385034528e-16,-3.311990492e-15,9.788359947e-16,-1.483084405e-13,-9.586078532e-13,-3.876757898e-12,-8.404779235e-12,-8.592393802e-12,-3.291815091e-12,
1.586008452e-01
l,9.0,-3.0
3.851,4.491,5.131,
1.467369935e-24,1.524368586e+01
8.114610363e-15,1.026130038e-14,-6.353119990e-14,-3.944103496e-13,-1.485721132e-12,-3.938463134e-12,-6.586408312e-12,-6.068198385e-12,-2.329629428e-12,
8.923892991e-16,-5.489196681e-15,1.446314492e-15,-2.456524107e-13,-1.573778946e-12,-6.309317800e-12,-1.365388791e-11,-1.397359302e-11,-5.363823766e-12,
1.585698839e-01
l,9.0,-2.0
3.871,4.511,5.171,
1.507179281e-24,1.551130838e+01
1.304782003e-14,1.697265507e-14,-1.017157261e-13,-6.299992238e-13,-2.336862202e-12,-6.178404744e-12,-1.042856648e-11,-9.733811461e-12,-3.783229452e-12,
1.308624151e-15,-8.051481476e-15,4.327452803e-15,-3.337147549e-13,-2.116112224e-12,-8.560744751e-12,-1.837414641e-11,-1.840693122e-11,-6.871353391e-12,
1.586627579e-01
l,9.0,-1.0
3.911,4.551,5.191,
7.062705692e-25,1.634467134e+01
2.142986072e-14,2.278747321e-14,-2.060162589e-13,-1.349468963e-12,-5.699756922e-12,-1.637639537e-11,-2.859753163e-11,-2.693415265e-11,-1.045710111e-11,
2.168508820e-15,-1.334365024e-14,6.692356446e-15,-5.552249414e-13,-3.500127677e-12,-1.399098220e-11,-2.970485152e-11,-2.931739036e-11,-1.068320787e-11,
1.586318001e-01
l,9.0,0.0
3.931,4.571,5.211,
2.746082003e-24,1.562958779e+01
3.438423862e-14,3.991037793e-14,-2.932468294e-13,-1.768438293e-12,-6.608504171e-12,-1.755790578e-11,-2.960770239e-11,-2.754693106e-11,-1.067163527e-11,
3.593361363e-15,-2.211396055e-14,9.237671460e-15,-9.402374458e-13,-5.923972035e-12,-2.366002919e-11,-5.073087808e-11,-5.102694617e-11,-1.912111551e-11,
1.586008068e-01
l,9.0,1.0
3.951,4.591,5.231,
1.154392472e-23,1.486426419e+01
5.500357860e-14,6.823633744e-14,-3.868082061e-13,-1.946320776e-12,-5.646681458e-12,-1.283930722e-11,-2.066332749e-11,-1.927524295e-11,-7.587789724e-12,
5.954350606e-15,-3.664812960e-14,9.404959593e-15,-1.657016438e-12,-1.070654908e-11,-4.341081618e-11,-9.497814664e-11,-9.849875533e-11,-3.846691269e-11,
1.585698947e-01
l,9.0,2.0
3.971,4.611,5.271,
2.505709126e-24,1.625184515e+01
8.768184881e-14,1.100466225e-13,-7.247852430e-13,-4.837432617e-12,-2.009023619e-11,-5.725431453e-11,-9.986055763e-11,-9.414145279e-11,-3.659293518e-11,
8.730331733e-15,-5.374653981e-14,2.803786258e-14,-2.296996724e-12,-1.486615141e-11,-6.038035031e-11,-1.291796807e-10,-1.289340016e-10,-4.794661889e-11,
1.586627660e-01
l,9.0,3.0
4.011,4.651,5.291,
6.152242489e-24,1.586713473e+01
1.436550938e-13,1.550967116e-13,-1.268018367e-12,-7.300558042e-12,-2.664986847e-11,-7.082090742e-11,-1.207233180e-10,-1.136452252e-10,-4.445192694e-11,
1.446589062e-14,-8.906673401e-14,4.454515735e-14,-3.695875660e-12,-2.314988007e-11,-9.258907093e-11,-1.977754890e-10,-1.971937888e-10,-7.298438091e-11,
1.586317771e-01
l,9.0,4.0
4.031,4.671,5.311,
1.105064342e-23,1.571908160e+01
2.285272123e-13,2.631295198e-13,-1.829433674e-12,-1.038298805e-11,-3.766887815e-11,-1.013457129e-10,-1.748636314e-10,-1.656400620e-10,-6.490235386e-11,
2.396919492e-14,-1.475957994e-13,5.090225498e-14,-6.524992172e-12,-4.209714385e-11,-1.707591824e-10,-3.709505570e-10,-3.795933289e-10,-1.455476548e-10,
1.586008106e-01
l,9.0,5.0
4.051,4.691,5.331,
1.568253444e-23,1.573741280e+01
3.630268015e-13,4.496413049e-13,-2.820320564e-12,-1.750498733e-11,-6.729826872e-11,-1.824367440e-10,-3.095699305e-10,-2.873875673e-10,-1.106998842e-10,
3.971509197e-14,-2.445828159e-13,6.429877550e-14,-1.103373909e-11,-7.128977012e-11,-2.876574968e-10,-6.250718994e-10,-6.422939496e-10,-2.477061840e-10,
1.585698553e-01
l,9.0,6.0
4.071,4.711,5.371,
1.115885334e-23,1.624588259e+01
5.767951221e-13,7.488060490e-13,-4.665593493e-12,-3.103106063e-11,-1.234182327e-10,-3.371402018e-10,-5.729077074e-10,-5.330543145e-10,-2.060401877e-10,
5.822240349e-14,-3.586402291e-13,1.937627253e-13,-1.473690849e-11,-9.241152861e-11,-3.713873656e-10,-7.944592664e-10,-7.925534489e-10,-2.939782034e-10,
1.586627413e-01
l,9.0,7.0
4.091,4.731,5.391,
1.312016175e-22,1.476082453e+01
9.133457879e-13,1.291778107e-12,-5.227655862e-12,-2.570484631e-11,-6.269528175e-11,-1.153962715e-10,-1.625935641e-10,-1.441114873e-10,-5.611831754e-11,
9.646594551e-14,-5.942806578e-13,2.050292278e-13,-2.680311455e-11,-1.762293592e-10,-7.230796401e-10,-1.581248171e-09,-1.632681695e-09,-6.347620299e-10,
1.586317636e-01
l,9.0,8.0
4.131,4.771,5.411,
3.693668280e-23,1.591748680e+01
1.483069960e-12,1.801704044e-12,-1.185247328e-11,-7.307559431e-11,-2.763721215e-10,-7.361795208e-10,-1.236041252e-09,-1.142276062e-09,-4.395439209e-10,
1.598277293e-13,-9.847319530e-13,3.032824984e-13,-4.357613593e-11,-2.781453714e-10,-1.115130690e-09,-2.409101388e-09,-2.456131429e-09,-9.377475055e-10,
1.586008598e-01
l,9.0,9.0
4.151,4.791,5.451,
5.102789002e-23,1.595008856e+01
2.344724892e-12,3.021505897e-12,-1.762775718e-11,-1.059993433e-10,-3.800460653e-10,-9.845039103e-10,-1.649151848e-09,-1.537027918e-09,-5.978475065e-10,
2.342355368e-13,-1.443491624e-12,7.786949553e-13,-6.020214148e-11,-3.838890228e-10,-1.559635416e-09,-3.359981168e-09,-3.381735102e-09,-1.270105419e-09,
1.586627790e-01
