l,0.5,-0.5
0.151,0.751,1.351,
1.977138750e-02,2.220460499e+00
1.040989999e-03,-2.458335896e-03,2.459457272e-03,3.304124238e-02,1.367655009e-01,5.025502713e-01,8.795418007e-01,6.793634759e-01,2.005278463e-01,
1.450980336e-04,-5.567592588e-04,-4.932778259e-04,-2.221413225e-02,-1.398176460e-01,-4.997112815e-01,-9.877953380e-01,-1.018444997e+00,-4.298233019e-01,
1.582911772e-01
l,0.5,0.5
0.191,0.511,0.851,
2.737410123e-01,2.735702367e+00
1.512688957e-02,5.425484939e-03,2.761474823e-01,9.684664833e+00,1.075551670e+02,6.650251905e+02,2.316634536e+03,4.209515853e+03,3.103205307e+03,
7.828531237e-03,-2.458603569e-02,-2.498910492e-01,-7.619550128e+00,-9.413877775e+01,-6.086952497e+02,-2.157173193e+03,-3.955596929e+03,-2.936934295e+03,
1.591437801e-01
l,1.5,-1.5
0.351,0.971,1.591,
4.876806594e-04,3.755672079e+00
4.944276952e-05,-1.064081349e-04,3.634834030e-05,1.869375719e-03,7.892555148e-03,3.339001622e-02,8.040721649e-02,9.075315119e-02,3.880470789e-02,
6.225737516e-06,-2.460272198e-05,-1.862812594e-05,-9.448176515e-04,-5.753481509e-03,-2.001098913e-02,-3.831277337e-02,-3.814204313e-02,-1.558176231e-02,
1.582913310e-01
l,1.5,-0.5
0.411,1.011,1.631,
1.917383168e-03,3.841290648e+00
3.682885144e-04,-6.463770551e-04,-4.562448961e-04,1.319305608e-02,4.371056721e-02,1.436267731e-01,3.705633649e-01,4.751830388e-01,2.284715524e-01,
4.871895289e-05,-1.932408988e-04,-1.240160410e-04,-7.113789905e-03,-4.310223162e-02,-1.493889845e-01,-2.849436989e-01,-2.815045647e-01,-1.142119431e-01,
1.586618825e-01
l,1.5,0.5
0.471,1.111,1.751,
7.157727265e-03,3.639444654e+00
2.341520973e-03,-4.552429505e-03,-1.548270778e-03,7.492020921e-02,2.303499435e-01,7.937572243e-01,2.039518691e+00,2.509018265e+00,1.145997267e+00,
2.754597863e-04,-1.103154004e-03,-6.250622305e-04,-3.935313391e-02,-2.321475348e-01,-7.862160728e-01,-1.458070402e+00,-1.399651691e+00,-5.517731064e-01,
1.583841446e-01
l,1.5,1.5
0.531,1.011,1.511,
5.964721286e-02,4.250569657e+00
2.391565964e-02,-7.155009572e-03,-3.668810441e-02,2.377169088e+00,1.699266253e+01,6.463111078e+01,1.467788581e+02,1.806124430e+02,9.154130780e+01,
6.391732036e-03,-2.426852474e-02,-5.909376321e-02,-1.841219177e+00,-1.497830012e+01,-6.521649050e+01,-1.565618915e+02,-1.936180344e+02,-9.682488347e+01,
1.591446622e-01
l,2.5,-2.5
0.631,1.251,1.871,
5.122371449e-06,5.753754847e+00
1.801402959e-06,-3.518831050e-06,-1.028697240e-06,6.438791901e-05,2.057251521e-04,6.854038268e-04,1.744892950e-03,2.188696992e-03,1.029611351e-03,
2.220848203e-07,-8.985436568e-07,-6.545483280e-07,-3.484434773e-05,-2.109992897e-04,-7.326632024e-04,-1.399043308e-03,-1.386287768e-03,-5.646234689e-04,
1.583840570e-01
l,2.5,-1.5
0.691,1.311,1.951,
1.666229216e-05,5.842046029e+00
1.193074968e-05,-1.751231224e-05,-2.873164255e-05,4.126673644e-04,1.379168753e-03,2.956326627e-03,5.762045031e-03,6.962324586e-03,3.365302838e-03,
1.470630251e-06,-5.982296830e-06,-4.202386382e-06,-2.259193019e-04,-1.329562873e-03,-4.471415809e-03,-8.224346563e-03,-7.779351591e-03,-3.015839414e-03,
1.586007656e-01
l,2.5,-0.5
0.771,1.411,2.051,
5.431560332e-05,5.520541820e+00
7.316660049e-05,-1.069871538e-04,-1.739933137e-04,2.523895057e-03,8.511576101e-03,1.679831799e-02,2.875187384e-02,3.226029261e-02,1.502394751e-02,
8.942440460e-06,-3.659901295e-05,-2.575280630e-05,-1.389372287e-03,-8.170875038e-03,-2.746760967e-02,-5.049443034e-02,-4.772383615e-02,-1.848473144e-02,
1.585388577e-01
l,2.5,0.5
0.831,1.471,2.131,
2.294296152e-04,5.531103029e+00
4.900466884e-04,-5.594833471e-04,-1.612039525e-03,1.574077909e-02,6.109028477e-02,1.112640986e-01,1.411941681e-01,1.224403774e-01,4.976532183e-02,
5.893709767e-05,-2.422528699e-04,-1.584260039e-04,-8.896847875e-03,-5.097493273e-02,-1.664743694e-01,-2.956921973e-01,-2.678333397e-01,-9.898757986e-02,
1.586007942e-01
l,2.5,1.5
0.871,1.551,2.231,
1.097709728e-03,5.386266853e+00
3.274341114e-03,-4.092853384e-03,-1.026740641e-02,9.088153421e-02,2.914873406e-01,3.835005966e-01,3.534082105e-01,2.951830444e-01,1.340198251e-01,
3.564709395e-04,-1.471361398e-03,-7.144395044e-04,-5.080010113e-02,-2.834704288e-01,-9.077417981e-01,-1.572857990e+00,-1.386021189e+00,-4.981320107e-01,
1.584757969e-01
l,2.5,2.5
0.931,1.511,2.111,
6.300341309e-03,5.277697805e+00
2.842810936e-02,-4.571775782e-03,-1.333256404e-01,9.060137530e-01,6.179137322e+00,1.775586334e+01,3.011403538e+01,2.888804073e+01,1.190529795e+01,
5.287825409e-03,-2.133422449e-02,-1.335656697e-02,-7.861918359e-01,-4.910048521e+00,-1.733610308e+01,-3.398790601e+01,-3.376560962e+01,-1.344733778e+01,
1.590825443e-01
l,3.5,-3.5
0.931,1.551,2.191,
2.158815656e-08,1.024379154e+01
5.778694145e-08,-1.009516083e-07,-1.121945668e-07,1.715109825e-06,3.741064083e-06,4.517511790e-06,9.995071625e-06,1.559104129e-05,8.440679720e-06,
6.567981214e-09,-2.708643580e-08,-1.215575953e-08,-9.487427976e-07,-5.534721627e-06,-1.868781134e-05,-3.447134440e-05,-3.279551925e-05,-1.283845180e-05,
1.584768106e-01
l,3.5,-2.5
1.011,1.651,2.291,
5.310528372e-08,9.191538899e+00
3.441425065e-07,-5.428207396e-07,-8.617571152e-07,1.065216406e-05,3.205065141e-05,5.541352479e-05,9.532089866e-05,1.148995698e-04,5.642636505e-05,
3.977205219e-08,-1.648127563e-07,-6.938146870e-08,-5.697123160e-06,-3.301691388e-05,-1.108566404e-04,-2.027973240e-04,-1.903681823e-04,-7.341096689e-05,
1.586007065e-01
l,3.5,-1.5
1.091,1.731,2.391,
1.564730667e-07,9.091979361e+00
2.105874046e-06,-2.627433512e-06,-6.845067355e-06,6.742482709e-05,2.578055264e-04,4.781047368e-04,6.461770325e-04,6.054217390e-04,2.608414578e-04,
2.402374075e-07,-9.999130425e-07,-4.418573958e-07,-3.444249588e-05,-1.951651802e-04,-6.368587305e-04,-1.127653020e-03,-1.017136086e-03,-3.752121314e-04,
1.586316670e-01
l,3.5,-0.5
1.171,1.831,2.491,
5.641010628e-07,8.620784304e+00
1.268093001e-05,-1.528258953e-05,-4.222201466e-05,3.758397822e-04,1.415026326e-03,2.321012851e-03,2.376267037e-03,1.612326694e-03,5.442244150e-04,
1.448580039e-06,-6.053562471e-06,-3.009397600e-06,-2.136338261e-04,-1.212225219e-03,-3.956562776e-03,-7.000304397e-03,-6.294367692e-03,-2.308427147e-03,
1.586627162e-01
l,3.5,0.5
1.231,1.911,2.591,
2.531531338e-06,7.946134274e+00
7.996743807e-05,-8.446927521e-05,-2.990070611e-04,2.168563907e-03,9.287984872e-03,1.776352004e-02,2.178117805e-02,1.698317192e-02,6.147605354e-03,
8.715302908e-06,-3.655526222e-05,-1.347247627e-05,-1.212750117e-03,-6.681498758e-03,-2.122230750e-02,-3.627817338e-02,-3.124230852e-02,-1.092333248e-02,
1.586007398e-01
l,3.5,1.5
1.291,1.971,2.651,
1.323431213e-05,7.447788933e+00
5.348657141e-04,-4.246756147e-04,-2.187571668e-03,1.563185390e-02,8.223625075e-02,1.837497562e-01,2.359971967e-01,1.702797880e-01,5.337094997e-02,
6.195499492e-05,-2.603679627e-04,-1.449362930e-04,-9.152446656e-03,-5.067976450e-02,-1.596935795e-01,-2.711099183e-01,-2.315195353e-01,-8.002338534e-02,
1.585686901e-01
l,3.5,2.5
1.331,2.031,2.731,
7.634813886e-05,7.120293381e+00
3.692541039e-03,-3.014222043e-03,-1.574449082e-02,7.824731090e-02,3.035490401e-01,3.107949851e-01,-9.276197943e-02,-3.648259426e-01,-1.811431882e-01,
4.040352446e-04,-1.700980702e-03,4.422358931e-04,-3.759690294e-02,-1.791162019e-01,-5.284484667e-01,-8.550886493e-01,-6.904225828e-01,-2.269651956e-01,
1.584094571e-01
l,3.5,3.5
1.371,2.011,2.671,
5.472274121e-04,6.556061910e+00
2.978532016e-02,3.427056988e-03,-1.446255655e-01,4.996175760e-01,4.274353214e+00,1.257063561e+01,2.045010592e+01,1.806623151e+01,6.708744459e+00,
4.728154951e-03,-1.964569718e-02,-1.146358290e-02,-7.077700507e-01,-4.128981790e+00,-1.364516015e+01,-2.469618487e+01,-2.226069030e+01,-7.912445786e+00,
1.590204110e-01
l,4.5,-4.5
1.271,1.891,2.511,
1.166149099e-11,1.397174082e+01
1.629739010e-09,-3.011150594e-09,-2.552795414e-09,5.140084170e-08,1.255046963e-07,2.162110038e-07,4.815580613e-07,6.673713658e-07,3.425795842e-07,
1.900619965e-10,-7.948729742e-10,-3.714783306e-10,-2.891183096e-08,-1.723926897e-07,-5.975368287e-07,-1.135552753e-06,-1.115134212e-06,-4.507142410e-07,
1.585385567e-01
l,4.5,-3.5
1.351,1.971,2.611,
2.127611953e-11,1.453682558e+01
9.841499171e-09,-1.394697759e-08,-2.878485434e-08,3.165322814e-07,1.146609367e-06,2.180072251e-06,3.173920013e-06,3.124132035e-06,1.362065009e-06,
1.144060593e-09,-4.802114296e-09,-2.500853503e-09,-1.737455299e-07,-1.006431740e-06,-3.366736632e-06,-6.128888221e-06,-5.702654973e-06,-2.173504311e-06,
1.586006206e-01
l,4.5,-2.5
1.431,2.071,2.731,
5.232529274e-11,1.434875723e+01
5.722629126e-08,-7.302621406e-08,-1.928275348e-07,1.768467675e-06,6.947405406e-06,1.349568153e-05,1.926230642e-05,1.879219721e-05,8.308566590e-06,
6.318337779e-09,-2.662711026e-08,-6.322623074e-09,-8.557651061e-07,-4.789390197e-06,-1.560549836e-05,-2.752493100e-05,-2.464880208e-05,-9.029025499e-06,
1.586006162e-01
l,4.5,-1.5
1.511,2.171,2.831,
1.127316147e-10,1.483891710e+01
3.352946010e-07,-3.805334224e-07,-1.192980948e-06,9.620021636e-06,3.958665692e-05,7.117459943e-05,7.631833482e-05,4.892775327e-05,1.426260387e-05,
3.791529663e-08,-1.602752618e-07,-7.360483749e-08,-5.618653451e-06,-3.170808497e-05,-1.032067510e-04,-1.816528725e-04,-1.617383226e-04,-5.857202441e-05,
1.586626679e-01
l,4.5,-0.5
1.591,2.251,2.931,
1.040822380e-09,1.236798737e+01
2.038821094e-06,-1.780724720e-06,-8.252488402e-06,5.478409268e-05,2.705570634e-04,5.808286048e-04,7.574770549e-04,5.921460017e-04,2.097351782e-04,
2.271496210e-07,-9.629422906e-07,-4.330553565e-07,-3.325086922e-05,-1.836720323e-04,-5.826507350e-04,-9.953029904e-04,-8.534395951e-04,-2.955948020e-04,
1.586618460e-01
l,4.5,0.5
1.651,2.331,3.031,
3.239777958e-09,1.269792330e+01
1.261785019e-05,-8.834831641e-06,-5.739762330e-05,2.720480903e-04,1.475036236e-03,3.098491745e-03,3.628383593e-03,2.358969067e-03,6.632752032e-04,
1.358744692e-06,-5.775327989e-06,1.207135437e-06,-1.306700105e-04,-6.112572237e-04,-1.765126094e-03,-2.736633544e-03,-2.051173462e-03,-6.081314929e-04,
1.586007398e-01
l,4.5,1.5
1.711,2.411,3.131,
3.733114110e-08,1.076225243e+01
7.964522956e-05,-5.045623320e-05,-3.870454104e-04,8.560034816e-04,4.450778980e-03,7.029788309e-03,6.103295522e-03,3.577684183e-03,1.211503143e-03,
8.126412998e-06,-3.462634814e-05,3.535246454e-06,-8.295710649e-04,-3.861411909e-03,-1.109273166e-02,-1.694041815e-02,-1.230226055e-02,-3.426677349e-03,
1.586906677e-01
l,4.5,2.5
1.751,2.471,3.211,
2.100487453e-07,1.054248782e+01
5.342850927e-04,-1.813194093e-04,-3.090477278e-03,2.075054550e-03,3.284023444e-02,8.734481580e-02,1.191392676e-01,8.521405223e-02,2.511309330e-02,
5.284668200e-05,-2.255771478e-04,6.017911473e-05,-4.626888980e-03,-1.931416818e-02,-4.883622372e-02,-5.932750611e-02,-2.564887956e-02,-1.468824020e-04,
1.586871859e-01
l,4.5,3.5
1.791,2.511,3.251,
3.910110967e-06,8.478626395e+00
3.796627978e-03,-9.060907629e-04,-1.923913865e-02,5.640932165e-02,3.964425071e-01,8.745577163e-01,9.981188266e-01,6.000174229e-01,1.514822453e-01,
4.067210381e-04,-1.736378109e-03,4.678719524e-04,-3.718547274e-02,-1.670457998e-01,-4.623647797e-01,-6.887501562e-01,-4.883225435e-01,-1.330923695e-01,
1.584757863e-01
l,4.5,4.5
1.851,2.531,3.231,
2.802521826e-05,8.231873542e+00
2.920540981e-02,4.205115151e-03,-1.717074373e-01,-7.850949858e-02,9.588494217e-01,2.566975787e+00,3.151882350e+00,2.010982461e+00,5.382262567e-01,
4.035551308e-03,-1.709026030e-02,1.411146652e-03,-4.162881458e-01,-2.072187008e+00,-6.246852077e+00,-1.029559720e+01,-8.079891018e+00,-2.372935360e+00,
1.589273199e-01
l,5.5,-5.5
1.611,2.211,2.831,
4.512937380e-16,2.069465919e+01
4.600745132e-11,-7.800645958e-11,-9.311495023e-11,1.534409017e-09,4.658833491e-09,9.493177814e-09,1.921751985e-08,2.480257330e-08,1.267921140e-08,
5.408512930e-12,-2.286282799e-11,-1.206409421e-11,-8.566435092e-10,-5.105091622e-09,-1.766027788e-08,-3.348759790e-08,-3.271389808e-08,-1.312746603e-08,
1.585385566e-01
l,5.5,-4.5
1.711,2.331,2.951,
1.155611902e-15,1.993732746e+01
2.564118917e-10,-4.321679565e-10,-5.946697394e-10,8.019797538e-09,2.343965726e-08,3.361371417e-08,3.960638553e-08,3.768391172e-08,1.651608555e-08,
2.978519937e-11,-1.263356173e-10,-5.005268868e-11,-4.482826606e-09,-2.645402365e-08,-9.107310912e-08,-1.712275588e-07,-1.654653770e-07,-6.580112740e-08,
1.586314141e-01
l,5.5,-3.5
1.791,2.431,3.071,
1.878005205e-15,2.026072523e+01
1.475075950e-09,-2.247561781e-09,-4.201695630e-09,4.379817507e-08,1.390181102e-07,2.128377452e-07,2.784632560e-07,3.023971941e-07,1.504457732e-07,
1.636947636e-10,-6.964881920e-10,-1.628844801e-10,-2.303215495e-08,-1.319114567e-07,-4.425399657e-07,-8.075733634e-07,-7.527923012e-07,-2.879058340e-07,
1.586625028e-01
l,5.5,-2.5
1.891,2.531,3.171,
2.548783860e-14,1.735330419e+01
8.530457229e-09,-1.137527068e-08,-2.645069301e-08,2.766594441e-07,1.199400386e-06,2.763571735e-06,4.382590093e-06,4.234201401e-06,1.766589715e-06,
9.780825189e-10,-4.171587594e-09,-1.813887935e-09,-1.479934783e-07,-8.509840539e-07,-2.838192699e-06,-5.138211359e-06,-4.728466495e-06,-1.776791118e-06,
1.586625938e-01
l,5.5,-1.5
1.971,2.611,3.271,
4.319308184e-14,1.805487065e+01
5.095420974e-08,-5.168955262e-08,-1.882085504e-07,1.471397757e-06,6.616923845e-06,1.285165688e-05,1.449987192e-05,9.467832207e-06,2.756362407e-06,
5.838235311e-09,-2.495675174e-08,-1.271005591e-08,-9.017090169e-07,-5.106598323e-06,-1.664890014e-05,-2.942730518e-05,-2.628658007e-05,-9.520629792e-06,
1.586617768e-01
l,5.5,-0.5
2.031,2.711,3.391,
1.206773061e-13,1.813993878e+01
3.007965006e-07,-2.915552288e-07,-1.222647838e-06,7.319413803e-06,3.557020272e-05,7.539723308e-05,9.778510510e-05,7.610748288e-05,2.667798834e-05,
3.195711548e-08,-1.369530663e-07,-3.101388401e-08,-4.373582313e-06,-2.380130575e-05,-7.529664199e-05,-1.275697407e-04,-1.078229471e-04,-3.675169838e-05,
1.586618460e-01
l,5.5,0.5
2.111,2.791,3.491,
1.469209661e-12,1.638912921e+01
1.843691962e-06,-1.431185774e-06,-8.394526341e-06,3.472790230e-05,1.885375573e-04,3.981168563e-04,4.790649305e-04,3.263590945e-04,9.709147014e-05,
1.904137366e-07,-8.176313692e-07,2.224767313e-07,-1.818919196e-05,-8.404670560e-05,-2.418376650e-04,-3.696356086e-04,-2.686618832e-04,-7.582593388e-05,
1.586928039e-01
l,5.5,1.5
2.171,2.851,3.551,
3.336551134e-11,1.414006658e+01
1.178743969e-05,-5.147953892e-06,-5.451844937e-05,2.843502388e-04,1.906634454e-03,4.904779223e-03,6.925744029e-03,5.315675799e-03,1.735722756e-03,
1.345083487e-06,-5.782249354e-06,6.151810362e-07,-1.371613503e-04,-6.451248938e-04,-1.838678427e-03,-2.839409184e-03,-2.126994031e-03,-6.279254070e-04,
1.585676571e-01
l,5.5,2.5
2.211,2.931,3.671,
8.470280457e-11,1.486458632e+01
7.525132241e-05,-4.405232047e-05,-3.356352407e-04,1.124325528e-03,4.304238585e-03,1.496938815e-03,-1.001898991e-02,-1.491366071e-02,-6.498389796e-03,
7.338798618e-06,-3.161526520e-05,1.350877028e-05,-6.736013438e-04,-3.109098292e-03,-9.206495958e-03,-1.494793948e-02,-1.191081085e-02,-3.772512803e-03,
1.584973700e-01
l,5.5,3.5
2.251,2.991,3.751,
1.982055094e-09,1.296420622e+01
5.041362019e-04,-1.244299128e-04,-3.013103584e-03,-1.974729693e-03,1.069025597e-02,3.168679697e-02,4.296226156e-02,3.059277499e-02,9.067132430e-03,
4.761015405e-05,-2.053646439e-04,7.526431361e-05,-4.099598317e-03,-1.688864505e-02,-4.283574041e-02,-5.220731768e-02,-2.240446920e-02,8.829973332e-05,
1.586916909e-01
l,5.5,4.5
2.291,3.031,3.791,
1.448948527e-07,9.942964419e+00
3.621906973e-03,-5.069515267e-04,-1.896416213e-02,3.402695333e-02,2.973898184e-01,6.685105711e-01,7.528197346e-01,4.369318495e-01,1.041778718e-01,
3.659614221e-04,-1.578703917e-03,6.274729957e-04,-3.192906844e-02,-1.387459768e-01,-3.774826515e-01,-5.463314739e-01,-3.658828819e-01,-9.030826226e-02,
1.585381705e-01
l,5.5,5.5
2.331,3.051,3.791,
9.835102701e-07,9.855493521e+00
2.746742032e-02,6.138811328e-03,-1.709621906e-01,-3.188015000e-01,-2.742387911e-01,-4.783149555e-01,-1.160889850e+00,-1.337144425e+00,-5.613071275e-01,
3.339280120e-03,-1.432969572e-02,3.443832700e-03,-3.228592308e-01,-1.519538533e+00,-4.397252994e+00,-6.791287956e+00,-4.802710541e+00,-1.197794178e+00,
1.589101643e-01
l,6.5,-6.5
1.971,2.571,3.171,
2.314277055e-20,2.394913722e+01
1.174985022e-12,-2.279221723e-12,-1.356318764e-12,4.338963946e-11,1.527555452e-10,4.586790064e-10,1.087032303e-09,1.384732868e-09,6.846173441e-10,
1.395751938e-13,-5.952975711e-13,-2.703031286e-13,-2.232450340e-11,-1.357899137e-10,-4.831771758e-10,-9.450781298e-10,-9.557162865e-10,-3.977344044e-10,
1.586003207e-01
l,6.5,-5.5
2.051,2.651,3.271,
0.000000000e+00,0.000000000e+00
6.973558016e-12,-1.030069546e-11,-1.873850071e-11,2.473156550e-10,9.785444813e-10,2.162173655e-09,3.436426105e-09,3.407295581e-09,1.457895943e-09,
8.334634837e-13,-3.562813144e-12,-2.263916758e-12,-1.385085507e-10,-8.231954647e-10,-2.826710837e-09,-5.304870357e-09,-5.103806706e-09,-2.013084751e-09,
1.586624149e-01
l,6.5,-4.5
2.151,2.771,3.391,
0.000000000e+00,0.000000000e+00
3.841540974e-11,-5.845944809e-11,-1.021510257e-10,1.183713924e-09,3.673478083e-09,5.029292852e-09,4.748760621e-09,3.830325666e-09,1.663079307e-09,
4.560397576e-12,-1.954370605e-11,-9.293020967e-12,-7.241520312e-10,-4.292594472e-09,-1.480196389e-08,-2.795615210e-08,-2.706416560e-08,-1.072745984e-08,
1.586004375e-01
l,6.5,-3.5
2.251,2.871,3.511,
0.000000000e+00,0.000000000e+00
2.198353999e-10,-2.880406877e-10,-7.213293636e-10,7.030144413e-09,3.162160642e-08,7.484501351e-08,1.196002251e-07,1.156962734e-07,4.853213343e-08,
2.494104649e-11,-1.071369068e-10,-3.979063364e-11,-3.725299760e-09,-2.130862262e-08,-7.089499407e-08,-1.278136836e-07,-1.168581998e-07,-4.360696220e-08,
1.586625028e-01
l,6.5,-2.5
2.331,2.971,3.631,
0.000000000e+00,0.000000000e+00
1.262598026e-09,-1.515990742e-09,-4.510973146e-09,3.590137802e-08,1.507484140e-07,2.951048472e-07,3.832500381e-07,3.266511696e-07,1.298444153e-07,
1.361903667e-10,-5.863020942e-10,-1.093870572e-10,-1.888115320e-08,-1.050619083e-07,-3.422907390e-07,-6.024602396e-07,-5.349130549e-07,-1.932218627e-07,
1.586616758e-01
l,6.5,-1.5
2.411,3.071,3.731,
0.000000000e+00,0.000000000e+00
7.328014195e-09,-7.839963809e-09,-2.781569847e-08,1.929273755e-07,8.953781763e-07,1.838777317e-06,2.237998327e-06,1.574909501e-06,4.869307541e-07,
8.097849541e-10,-3.492116954e-09,-1.192113965e-09,-1.187592693e-07,-6.636984591e-07,-2.153029032e-06,-3.763060866e-06,-3.302392630e-06,-1.172781215e-06,
1.586617768e-01
l,6.5,-0.5
2.491,3.151,3.831,
3.239820909e-18,2.353682121e+01
4.396467901e-08,-3.590884417e-08,-1.822851731e-07,1.085270349e-06,5.912056540e-06,1.407497908e-05,2.018401031e-05,1.683676355e-05,6.157893571e-06,
4.811525214e-09,-2.078288555e-08,-7.861280462e-09,-7.105302532e-07,-3.905710489e-06,-1.239715282e-05,-2.115738191e-05,-1.801528350e-05,-6.157866687e-06,
1.586627162e-01
l,6.5,0.5
2.571,3.251,3.931,
8.562294815e-17,2.126498422e+01
2.629693086e-07,-2.236376475e-07,-1.065411805e-06,6.396178932e-06,3.330858671e-05,7.305149455e-05,9.260326098e-05,6.660492040e-05,2.090160626e-05,
2.856916818e-08,-1.235912687e-07,-4.554997944e-08,-4.218150428e-06,-2.317759228e-05,-7.359874079e-05,-1.257368179e-04,-1.072828391e-04,-3.677705027e-05,
1.586626855e-01
l,6.5,1.5
2.631,3.331,4.031,
1.827600762e-15,1.942230612e+01
1.618799956e-06,-1.092033996e-06,-8.118623358e-06,1.116587461e-05,8.323480795e-05,1.985826582e-04,2.975051979e-04,2.625328008e-04,9.886583539e-05,
1.695859545e-07,-7.347051091e-07,3.046687004e-08,-1.836762619e-05,-8.651738057e-05,-2.498843532e-04,-3.789234704e-04,-2.658782601e-04,-6.802654516e-05,
1.587207971e-01
l,6.5,2.5
2.671,3.391,4.111,
9.829284354e-16,2.153054464e+01
1.050046012e-05,-2.902752328e-06,-6.378297306e-05,1.227061936e-05,7.035681586e-04,2.210465773e-03,3.280140615e-03,2.428749099e-03,7.178659722e-04,
1.096548122e-06,-4.755912931e-06,1.334121777e-06,-9.600272297e-05,-3.936265630e-04,-9.495230014e-04,-1.018445441e-03,-2.151533245e-04,1.636041467e-04,
1.586823114e-01
l,6.5,3.5
2.731,3.451,4.191,
5.919263539e-13,1.665232264e+01
6.909247895e-05,-2.413669700e-05,-3.222556179e-04,1.021299841e-03,6.158770737e-03,1.146171029e-02,9.826602138e-03,3.349106149e-03,3.183551167e-05,
7.082793072e-06,-3.075185632e-05,9.308766844e-06,-6.845011491e-04,-3.141274485e-03,-9.054958733e-03,-1.427719827e-02,-1.094708689e-02,-3.295879320e-03,
1.585367759e-01
l,6.5,4.5
2.771,3.511,4.271,
1.627671369e-11,1.502435598e+01
4.640212865e-04,-5.478785586e-05,-2.818831919e-03,-3.879973833e-03,9.326565933e-04,7.996931086e-03,8.751578450e-03,3.217252926e-03,-1.306286560e-04,
4.580825896e-05,-1.990816957e-04,4.410244746e-05,-4.367072470e-03,-1.880520311e-02,-4.953620979e-02,-6.535373605e-02,-3.488813110e-02,-4.290825364e-03,
1.586620285e-01
l,6.5,5.5
2.791,3.551,4.311,
3.664790460e-09,1.153604005e+01
3.346058074e-03,-1.032530794e-04,-1.708864786e-02,2.277952857e-02,2.396650144e-01,5.609052007e-01,6.566768726e-01,4.007258400e-01,1.020729716e-01,
3.517535247e-04,-1.528757021e-03,3.595287980e-04,-3.417887805e-02,-1.538326190e-01,-4.286124131e-01,-6.449879929e-01,-4.596530774e-01,-1.236324794e-01,
1.585383403e-01
l,6.5,6.5
2.831,3.571,4.331,
2.738073894e-08,1.139584721e+01
2.509534918e-02,8.240319214e-03,-1.581900298e-01,-4.325152981e-01,-9.063498150e-01,-1.942421811e+00,-3.042437426e+00,-2.642219204e+00,-9.395671125e-01,
2.944565776e-03,-1.274975470e-02,2.383701848e-03,-2.960647601e-01,-1.384516296e+00,-3.973131339e+00,-6.056075489e+00,-4.212915965e+00,-1.027446577e+00,
1.588480958e-01
l,7.5,-7.5
2.311,2.911,3.511,
0.000000000e+00,0.000000000e+00
3.056539058e-14,-5.987081723e-14,-3.978043949e-14,1.090072264e-12,3.798276957e-12,1.127961120e-11,2.632386277e-11,3.307708869e-11,1.615522367e-11,
3.559161409e-15,-1.528875480e-14,-4.958840239e-15,-5.487159313e-13,-3.311380831e-12,-1.176892960e-11,-2.294772067e-11,-2.309364147e-11,-9.569258260e-12,
1.586003284e-01
l,7.5,-6.5
2.411,3.011,3.611,
0.000000000e+00,0.000000000e+00
1.744739065e-13,-3.004451315e-13,-3.558199721e-13,6.437438281e-12,2.282594880e-11,4.970777354e-11,8.663360754e-11,9.721871547e-11,4.640631917e-11,
2.118618347e-14,-9.117460218e-14,-4.696967036e-14,-3.473079838e-12,-2.105762018e-11,-7.438313941e-11,-1.442537476e-10,-1.442617723e-10,-5.940417872e-11,
1.586312973e-01
l,7.5,-5.5
2.511,3.111,3.731,
0.000000000e+00,0.000000000e+00
9.857437132e-13,-1.494414945e-12,-2.552835543e-12,3.248713476e-11,1.175991372e-10,2.490399268e-10,4.243406334e-10,4.702032613e-10,2.204504633e-10,
1.156044843e-13,-4.985328242e-13,-2.493833000e-13,-1.880017642e-11,-1.115391254e-10,-3.851574235e-10,-7.280619688e-10,-7.047971645e-10,-2.791051674e-10,
1.586624149e-01
l,7.5,-4.5
2.611,3.231,3.851,
0.000000000e+00,0.000000000e+00
5.437756148e-12,-8.279864331e-12,-1.562776024e-11,1.695658579e-10,6.044211363e-10,1.003852212e-09,1.021706941e-09,6.421808727e-10,1.842081583e-10,
6.300269528e-13,-2.722190376e-12,-9.617499434e-13,-9.608723347e-11,-5.629058150e-10,-1.927527494e-09,-3.596781215e-09,-3.429474636e-09,-1.341747920e-09,
1.586615448e-01
l,7.5,-3.5
2.711,3.331,3.971,
0.000000000e+00,0.000000000e+00
3.095283058e-11,-4.283325794e-11,-9.645433662e-11,9.307253779e-10,3.636406781e-09,7.415774680e-09,1.119422507e-08,1.126786578e-08,5.043943132e-09,
3.430911264e-12,-1.485104017e-11,-4.160068995e-12,-5.082028323e-10,-2.908787892e-09,-9.751215685e-09,-1.776783375e-08,-1.644598818e-08,-6.210934175e-09,
1.586925938e-01
l,7.5,-2.5
2.791,3.431,4.071,
0.000000000e+00,0.000000000e+00
1.779506958e-10,-2.157818628e-10,-6.066741967e-10,5.531042785e-09,2.640166420e-08,6.289185771e-08,9.526364888e-08,8.495576028e-08,3.284764282e-08,
2.034930915e-11,-8.820988363e-11,-3.715268072e-11,-3.145187079e-09,-1.801394325e-08,-5.989504222e-08,-1.079224431e-07,-9.832851103e-08,-3.642348622e-08,
1.586616758e-01
l,7.5,-1.5
2.871,3.531,4.191,
0.000000000e+00,0.000000000e+00
1.030101004e-09,-1.195009801e-09,-3.747377054e-09,2.684111608e-08,1.111253979e-07,1.935912606e-07,1.906323619e-07,1.086323905e-07,2.824394393e-08,
1.106344219e-10,-4.803545820e-10,-1.079578948e-10,-1.584741057e-08,-8.834094168e-08,-2.881209048e-07,-5.074345973e-07,-4.497656774e-07,-1.616604851e-07,
1.586927446e-01
l,7.5,-0.5
2.951,3.611,4.291,
0.000000000e+00,0.000000000e+00
6.168724198e-09,-5.358486612e-09,-2.592278859e-08,1.420083434e-07,7.802049513e-07,1.877993910e-06,2.724048499e-06,2.287519117e-06,8.372142502e-07,
6.554739103e-10,-2.849593605e-09,-7.546711729e-10,-9.359743413e-08,-5.096695625e-07,-1.611881593e-06,-2.727844535e-06,-2.291523678e-06,-7.710989484e-07,
1.586928346e-01
l,7.5,0.5
3.031,3.711,4.391,
0.000000000e+00,0.000000000e+00
3.669380888e-08,-3.249578728e-08,-1.522242777e-07,8.169621607e-07,4.419393367e-06,1.018301951e-05,1.369139214e-05,1.039465570e-05,3.399113744e-06,
3.881363225e-09,-1.689435719e-08,-4.677189012e-09,-5.575191415e-07,-3.034506052e-06,-9.588957234e-06,-1.620352445e-05,-1.358354763e-05,-4.558220533e-06,
1.586928039e-01
l,7.5,1.5
3.091,3.771,4.471,
0.000000000e+00,0.000000000e+00
2.307733951e-07,-1.339865799e-07,-9.826558957e-07,6.129390142e-06,3.591570096e-05,8.307499229e-05,1.054010963e-04,7.353123450e-05,2.226974030e-05,
2.503824610e-08,-1.090856616e-07,3.072574094e-08,-2.485613154e-06,-1.171343614e-05,-3.437918552e-05,-5.563137473e-05,-4.455888479e-05,-1.437342990e-05,
1.585358415e-01
l,7.5,2.5
3.151,3.871,4.611,
8.420797339e-20,2.491830195e+01
1.401676968e-06,-1.186020396e-06,-6.164662845e-06,6.721716585e-06,-3.565730037e-05,-3.137213323e-04,-6.799284150e-04,-6.304107536e-04,-2.209862082e-04,
1.244723358e-07,-5.431414588e-07,2.045222242e-07,-1.248866897e-05,-5.936078470e-05,-1.829121321e-04,-3.036097066e-04,-2.443895148e-04,-7.703839410e-05,
1.586178378e-01
l,7.5,3.5
3.211,3.931,4.651,
6.109753430e-18,2.248798284e+01
9.193058759e-06,-3.166967465e-06,-5.279283208e-05,4.945580444e-06,4.554687605e-04,1.344512669e-03,1.909874731e-03,1.372352534e-03,3.957992565e-04,
9.567582173e-07,-4.176643420e-06,6.694779739e-07,-9.446461712e-05,-4.145263165e-04,-1.097799471e-03,-1.450322378e-03,-7.640200187e-04,-8.277712719e-05,
1.586907187e-01
l,7.5,4.5
3.251,3.991,4.731,
1.376092013e-15,1.925412698e+01
6.132895942e-05,-2.389184207e-05,-2.863909763e-04,7.397827493e-04,4.532170854e-03,8.116904365e-03,6.607160307e-03,2.091524114e-03,-1.288260228e-05,
6.165889772e-06,-2.693886861e-05,8.253055662e-06,-6.047826458e-04,-2.781127910e-03,-8.061368938e-03,-1.272058322e-02,-9.699375144e-03,-2.880549727e-03,
1.585376479e-01
l,7.5,5.5
3.271,4.031,4.811,
4.858245216e-15,1.961848784e+01
4.179003881e-04,4.182728863e-06,-2.671908498e-03,-6.119502492e-03,-1.036547308e-02,-1.909337577e-02,-2.890260174e-02,-2.539133838e-02,-9.245656940e-03,
3.979323278e-05,-1.739891167e-04,6.400656884e-05,-3.532484996e-03,-1.466009980e-02,-3.752730531e-02,-4.683655133e-02,-2.140158942e-02,-6.785950870e-04,
1.586621983e-01
l,7.5,6.5
3.291,4.071,4.851,
3.802617339e-11,1.366122088e+01
3.018873045e-03,2.152565139e-04,-1.550316106e-02,7.646118786e-03,1.532671241e-01,3.566376254e-01,3.938353794e-01,2.200832400e-01,5.004366385e-02,
3.053376670e-04,-1.335077901e-03,4.076099671e-04,-2.917161905e-02,-1.298964721e-01,-3.622870231e-01,-5.442372884e-01,-3.844724889e-01,-1.015196565e-01,
1.585693925e-01
l,7.5,7.5
3.331,4.091,4.871,
4.609951604e-10,1.315714729e+01
2.244459093e-02,9.840357072e-03,-1.433720475e-01,-5.030834242e-01,-1.350163661e+00,-2.988578720e+00,-4.374992551e+00,-3.538047240e+00,-1.185452417e+00,
2.556402177e-03,-1.114590085e-02,1.515279296e-03,-2.658568510e-01,-1.236524191e+00,-3.518242911e+00,-5.293515913e+00,-3.627779477e+00,-8.693493112e-01,
1.588480780e-01
l,8.5,-8.5
2.671,3.251,3.851,
0.000000000e+00,0.000000000e+00
7.835846738e-16,-1.538540622e-15,-1.201593655e-15,2.570344096e-14,7.848827548e-14,1.981383412e-13,4.338205843e-13,5.316990192e-13,2.526309282e-13,
8.992473470e-17,-3.885425001e-16,-1.017678809e-16,-1.365979945e-14,-8.194407312e-14,-2.906753831e-13,-5.647528161e-13,-5.655142015e-13,-2.332665861e-13,
1.586311542e-01
l,8.5,-7.5
2.771,3.351,3.951,
0.000000000e+00,0.000000000e+00
4.451278840e-15,-7.705020234e-15,-9.340463278e-15,1.687972388e-13,6.216007946e-13,1.447810342e-12,2.655778504e-12,3.063161695e-12,1.492665281e-12,
5.338717969e-16,-2.310236549e-15,-9.541114496e-16,-8.517486887e-14,-5.141681254e-13,-1.815488293e-12,-3.517553613e-12,-3.513049126e-12,-1.445992236e-12,
1.586312506e-01
l,8.5,-6.5
2.891,3.471,4.071,
0.000000000e+00,0.000000000e+00
2.416936009e-14,-4.166031164e-14,-4.603635839e-14,8.605510105e-13,3.144123538e-12,8.126045992e-12,1.695880764e-11,2.086106068e-11,1.037950286e-11,
2.905056635e-15,-1.259279643e-14,-6.522643915e-15,-4.884763378e-13,-2.967870272e-12,-1.053412980e-11,-2.054727708e-11,-2.061944722e-11,-8.484728765e-12,
1.586622981e-01
l,8.5,-5.5
2.991,3.591,4.191,
0.000000000e+00,0.000000000e+00
1.326134027e-13,-2.298489818e-13,-2.865541181e-13,4.739113393e-12,1.725992277e-11,3.757819642e-11,6.325169421e-11,6.839461925e-11,3.179617358e-11,
1.579094453e-14,-6.856141545e-14,-2.385976238e-14,-2.471299522e-12,-1.485982568e-11,-5.242794668e-11,-1.013838225e-10,-1.008986223e-10,-4.136905868e-11,
1.586615447e-01
l,8.5,-4.5
3.071,3.691,4.311,
0.000000000e+00,0.000000000e+00
7.507953135e-13,-1.174499986e-12,-1.997098831e-12,2.198206885e-11,6.890793152e-11,1.025688837e-10,1.149002329e-10,1.038447609e-10,4.560660608e-11,
8.578123495e-14,-3.730162958e-13,-1.301803801e-13,-1.340078760e-11,-7.886580367e-11,-2.722290429e-10,-5.134463467e-10,-4.948477142e-10,-1.950660251e-10,
1.586925334e-01
l,8.5,-3.5
3.171,3.791,4.411,
0.000000000e+00,0.000000000e+00
4.293872116e-12,-5.916398842e-12,-1.299837358e-11,1.450897274e-10,6.511015826e-10,1.524725974e-09,2.330853605e-09,2.135153029e-09,8.543949585e-10,
5.078004740e-13,-2.210820616e-12,-1.082938625e-12,-8.239880762e-11,-4.846614734e-10,-1.656221983e-09,-3.086103493e-09,-2.929942125e-09,-1.136432904e-09,
1.586624755e-01
l,8.5,-2.5
3.251,3.891,4.531,
0.000000000e+00,0.000000000e+00
2.457666015e-11,-3.166442120e-11,-7.872097266e-11,7.358164980e-10,3.117054898e-09,6.706501704e-09,9.862983601e-09,9.153918089e-09,3.767088716e-09,
2.754677788e-12,-1.200963276e-11,-4.428646236e-12,-4.272086238e-10,-2.453491157e-09,-8.224375853e-09,-1.499218344e-08,-1.385168450e-08,-5.202843948e-09,
1.586926525e-01
l,8.5,-1.5
3.351,3.991,4.631,
0.000000000e+00,0.000000000e+00
1.424911994e-10,-1.674636220e-10,-4.925686299e-10,4.190892134e-09,1.979952950e-08,4.429627078e-08,6.037672088e-08,4.779836602e-08,1.650984597e-08,
1.628887172e-11,-7.109260111e-11,-3.154868267e-11,-2.572787093e-09,-1.475993982e-08,-4.913437695e-08,-8.869470197e-08,-8.088412917e-08,-2.993303362e-08,
1.586617559e-01
l,8.5,-0.5
3.431,4.091,4.751,
0.000000000e+00,0.000000000e+00
8.328882029e-10,-9.735710062e-10,-3.064150527e-09,2.072504828e-08,9.018257622e-08,1.732641246e-07,2.030090271e-07,1.469067813e-07,4.978360785e-08,
8.823540652e-11,-3.855837018e-10,-5.920090753e-11,-1.239904299e-08,-6.869971190e-08,-2.236448205e-07,-3.922134223e-07,-3.449879504e-07,-1.228349943e-07,
1.586627162e-01
l,8.5,0.5
3.491,4.171,4.851,
0.000000000e+00,0.000000000e+00
5.045401874e-09,-4.845712989e-09,-2.045499164e-08,1.126777255e-07,5.567839939e-07,1.158016472e-06,1.408219976e-06,9.947235345e-07,3.127383853e-07,
5.213304494e-10,-2.280446395e-09,-3.166029796e-10,-7.200104504e-08,-3.901787529e-07,-1.239262992e-06,-2.109167952e-06,-1.784036490e-06,-6.056290709e-07,
1.586626855e-01
l,8.5,1.5
3.571,4.251,4.931,
0.000000000e+00,0.000000000e+00
3.082039868e-08,-2.106957218e-08,-1.402739274e-07,4.559272992e-07,3.380381908e-06,9.749098372e-06,1.560159410e-05,1.324194652e-05,4.609939745e-06,
3.361883920e-09,-1.471707191e-08,-8.155887007e-09,-5.315973980e-07,-2.904365089e-06,-9.083661320e-06,-1.502125443e-05,-1.211138423e-05,-3.822994164e-06,
1.587203206e-01
l,8.5,2.5
3.631,4.311,4.991,
0.000000000e+00,0.000000000e+00
1.971061039e-07,-5.271163034e-08,-1.064030780e-06,2.925631905e-06,3.156989635e-05,1.005479926e-04,1.620462398e-04,1.339835861e-04,4.522287555e-05,
2.362989318e-08,-1.035004511e-07,-6.939848996e-08,-3.712724817e-06,-1.996617441e-05,-5.987321675e-05,-9.377275757e-05,-7.017213732e-05,-2.001314342e-05,
1.585860269e-01
l,8.5,3.5
3.671,4.391,5.131,
0.000000000e+00,0.000000000e+00
1.231746978e-06,-6.803230247e-07,-5.663491641e-06,1.257048715e-05,5.209821599e-05,9.001670735e-06,-1.488064117e-04,-2.100187730e-04,-9.008844988e-05,
1.170706059e-07,-5.134167268e-07,1.745570678e-07,-1.169751404e-05,-5.454675157e-05,-1.627148525e-04,-2.635079217e-04,-2.067848868e-04,-6.347994977e-05,
1.586290235e-01
l,8.5,4.5
3.731,4.451,5.191,
0.000000000e+00,0.000000000e+00
8.043618436e-06,-1.359029165e-06,-4.866363158e-05,-5.147438254e-05,1.399797951e-04,5.245636810e-04,7.228456311e-04,4.617511134e-04,1.074752927e-04,
8.233356936e-07,-3.612615373e-06,8.708671611e-07,-7.862152903e-05,-3.384273700e-04,-8.836188502e-04,-1.145349441e-03,-5.739082191e-04,-4.499005221e-05,
1.586605605e-01
l,8.5,5.5
3.771,4.511,5.271,
1.312830675e-18,2.223765631e+01
5.403660907e-05,-1.210440625e-05,-2.605488572e-04,3.917578816e-04,3.114716110e-03,5.846969035e-03,4.990534627e-03,1.816973027e-03,1.317174653e-04,
5.297733010e-06,-2.326064348e-05,7.524848379e-06,-5.190169236e-04,-2.362332556e-03,-6.810722707e-03,-1.062758591e-02,-7.916940880e-03,-2.258584982e-03,
1.585379975e-01
l,8.5,6.5
3.791,4.551,5.331,
3.853147449e-18,2.272310149e+01
3.700052039e-04,5.460090976e-05,-2.384374613e-03,-6.841410156e-03,-1.524358924e-02,-3.074662429e-02,-4.456153895e-02,-3.681369356e-02,-1.271001591e-02,
3.725965343e-05,-1.636682879e-04,3.285869859e-05,-3.658085864e-03,-1.586365255e-02,-4.198139923e-02,-5.623758949e-02,-3.111801555e-02,-4.386894925e-03,
1.586312424e-01
l,8.5,7.5
3.811,4.591,5.391,
2.395306359e-13,1.587870044e+01
2.673916053e-03,4.619915160e-04,-1.371277753e-02,-3.918883766e-03,8.078454188e-02,1.803461503e-01,1.626390247e-01,5.823627209e-02,2.501150133e-03,
2.616530011e-04,-1.149579906e-03,4.430591373e-04,-2.444518290e-02,-1.083808678e-01,-3.050206348e-01,-4.609644566e-01,-3.259224992e-01,-8.568219081e-02,
1.585384924e-01
l,8.5,8.5
3.831,4.611,5.411,
4.475398334e-12,1.512979196e+01
1.974752918e-02,1.080303979e-02,-1.284716985e-01,-5.417869894e-01,-1.643553958e+00,-3.681100688e+00,-5.214535428e+00,-4.049388195e+00,-1.304223861e+00,
2.190782825e-03,-9.604254013e-03,1.638623178e-03,-2.256438075e-01,-1.039622351e+00,-2.936717793e+00,-4.362127219e+00,-2.931543702e+00,-6.822536932e-01,
1.587858432e-01
