l,0.5,-0.5
0.171,0.811,1.471,
2.021088929e-02,2.279180228e+00
1.449952018e-03,-2.833604055e-03,2.507088194e-03,4.369419563e-02,1.890345963e-01,6.546432483e-01,1.153516088e+00,9.490535062e-01,3.045596303e-01,
2.211315419e-04,-7.437820390e-04,-8.691757641e-04,-2.880128593e-02,-1.726427269e-01,-5.716119031e-01,-1.038165507e+00,-9.768918916e-01,-3.741960935e-01,
1.584769704e-01
l,0.5,0.5
0.231,0.631,1.051,
1.445352405e-01,2.559141827e+00
1.476805005e-02,-5.508297204e-03,7.644124377e-02,2.860772304e+00,2.318635455e+01,1.115636855e+02,3.116776276e+02,4.574936742e+02,2.732148974e+02,
6.259074969e-03,-1.842828946e-02,-8.502712582e-02,-2.142066672e+00,-2.000446662e+01,-1.004732587e+02,-2.823350834e+02,-4.156243926e+02,-2.499152451e+02,
1.591437542e-01
l,1.5,-1.5
0.411,1.091,1.791,
4.311215633e-04,3.901815228e+00
7.597140939e-05,-1.324894761e-04,-9.020362839e-06,2.095958587e-03,7.610146075e-03,2.687375609e-02,5.869560115e-02,6.123992232e-02,2.416523412e-02,
9.865050869e-06,-3.441608800e-05,-1.219066360e-05,-8.539720501e-04,-4.393778448e-03,-1.325055521e-02,-2.218262843e-02,-1.939180231e-02,-7.012085222e-03,
1.584768609e-01
l,1.5,-0.5
0.471,1.151,1.831,
1.205857135e-03,3.634998299e+00
4.562179965e-04,-7.144347959e-04,-2.598744175e-04,1.401738423e-02,4.995044372e-02,1.535142184e-01,3.274981428e-01,3.536432741e-01,1.465580732e-01,
6.425008465e-05,-2.248837603e-04,-2.239266047e-04,-8.301221646e-03,-4.824703909e-02,-1.556385584e-01,-2.741453765e-01,-2.489236210e-01,-9.212365041e-02,
1.586928222e-01
l,1.5,0.5
0.531,1.211,1.911,
4.968730078e-03,3.755825991e+00
2.680493053e-03,-3.784021150e-03,-3.376314798e-03,7.607842490e-02,2.545880271e-01,6.685719237e-01,1.356635681e+00,1.471808359e+00,6.186842960e-01,
3.624970670e-04,-1.275645830e-03,-5.470359866e-04,-3.300188197e-02,-1.697993431e-01,-5.098152979e-01,-8.495884632e-01,-7.356304217e-01,-2.631744674e-01,
1.586627076e-01
l,1.5,1.5
0.591,1.191,1.791,
2.194823754e-02,3.843743009e+00
1.873932965e-02,-1.214890189e-02,-4.246440976e-02,8.068365492e-01,4.088148672e+00,1.134125680e+01,2.057764884e+01,2.132570719e+01,9.253708894e+00,
4.087228610e-03,-1.402234488e-02,-1.690482211e-02,-5.682539010e-01,-3.640415231e+00,-1.288365651e+01,-2.536302160e+01,-2.579875223e+01,-1.067604405e+01,
1.590824905e-01
l,2.5,-2.5
0.731,1.431,2.151,
3.222733770e-06,5.821525902e+00
3.072424079e-06,-4.618943207e-06,-4.963336085e-06,6.384327490e-05,1.315169902e-04,2.033117730e-04,4.794376122e-04,6.396456300e-04,3.020087161e-04,
3.691267108e-07,-1.322312236e-06,-2.814480960e-07,-3.095790947e-05,-1.533007277e-04,-4.491585506e-04,-7.256917631e-04,-6.081461296e-04,-2.114390798e-04,
1.585696959e-01
l,2.5,-1.5
0.811,1.511,2.231,
9.691907506e-06,5.593780678e+00
1.688060001e-05,-2.251065782e-05,-3.521197620e-05,3.430873155e-04,7.375972618e-04,6.509453052e-04,9.449911530e-04,1.426051781e-03,7.609772832e-04,
2.073643269e-06,-7.462882645e-06,-1.834662274e-06,-1.786473506e-04,-8.844979028e-04,-2.586044337e-03,-4.166465632e-03,-3.464367342e-03,-1.191139375e-03,
1.586927670e-01
l,2.5,-0.5
0.871,1.591,2.311,
3.291887384e-05,5.677225404e+00
9.239911742e-05,-1.099286900e-04,-2.226136054e-04,1.942895627e-03,5.005824800e-03,4.672321319e-03,3.072873657e-03,3.082613533e-03,1.716599486e-03,
1.162258443e-05,-4.200791279e-05,-1.214970629e-05,-1.024128958e-03,-5.070584309e-03,-1.476939651e-02,-2.370120469e-02,-1.957071269e-02,-6.669458897e-03,
1.586618335e-01
l,2.5,0.5
0.931,1.651,2.391,
1.177814887e-04,5.552035244e+00
5.215653800e-04,-4.732994579e-04,-1.572401990e-03,1.083716004e-02,3.714027788e-02,5.077211018e-02,4.138280269e-02,2.443914426e-02,8.392125503e-03,
6.508351207e-05,-2.361390610e-04,-6.403077590e-05,-5.618806375e-03,-2.709763123e-02,-7.665944809e-02,-1.188191132e-01,-9.378777808e-02,-3.036883576e-02,
1.586928260e-01
l,2.5,1.5
0.991,1.731,2.491,
4.596227155e-04,5.416006796e+00
2.914479934e-03,-2.623419533e-03,-9.324156456e-03,4.969199628e-02,1.518482556e-01,1.424990649e-01,3.377474293e-02,-1.083832913e-02,5.300647915e-04,
3.382011388e-04,-1.231819356e-03,-4.194479567e-05,-2.616669309e-02,-1.219011125e-01,-3.382962474e-01,-5.105663385e-01,-3.884946564e-01,-1.207413877e-01,
1.586913290e-01
l,2.5,2.5
1.071,1.751,2.451,
1.965273474e-03,5.320760970e+00
1.822753996e-02,-6.505178051e-03,-6.716001051e-02,4.417420677e-01,2.557977062e+00,6.361001349e+00,9.245849129e+00,7.513988822e+00,2.605194658e+00,
2.913678127e-03,-1.051524448e-02,-3.946574962e-03,-2.655710453e-01,-1.350441907e+00,-3.979921189e+00,-6.478021215e+00,-5.307494042e+00,-1.749068991e+00,
1.590204119e-01
l,3.5,-3.5
1.091,1.811,2.531,
8.557125384e-09,8.421888013e+00
1.065625028e-07,-1.510318989e-07,-2.178864389e-07,2.206013614e-06,5.002323494e-06,5.163532719e-06,7.334823527e-06,9.980446901e-06,5.163301517e-06,
1.247444909e-08,-4.555762875e-08,-5.187121520e-09,-1.033570347e-06,-5.051227190e-06,-1.472434376e-05,-2.358947748e-05,-1.951034771e-05,-6.702309574e-06,
1.586005360e-01
l,3.5,-2.5
1.171,1.891,2.631,
2.559885223e-08,8.253702332e+00
5.683476161e-07,-6.778744989e-07,-1.462878361e-06,1.125481325e-05,3.147890019e-05,3.945001129e-05,4.550572720e-05,4.780408280e-05,2.251568028e-05,
6.476095126e-08,-2.374843702e-07,-1.943631015e-08,-5.271439368e-06,-2.510378814e-05,-7.136981788e-05,-1.108058667e-04,-8.781222558e-05,-2.871605690e-05,
1.586927081e-01
l,3.5,-1.5
1.251,1.971,2.711,
8.217824840e-08,8.084238417e+00
3.027241064e-06,-2.965770574e-06,-8.908085059e-06,6.285427471e-05,2.191348971e-04,3.202698501e-04,2.937077071e-04,1.922800683e-04,6.738779690e-05,
3.611489058e-07,-1.328415942e-06,-2.476829693e-07,-3.081770386e-05,-1.472815711e-04,-4.159676904e-04,-6.419656029e-04,-5.036869495e-04,-1.623416739e-04,
1.586927670e-01
l,3.5,-0.5
1.311,2.051,2.811,
2.610772078e-07,8.194590508e+00
1.609753963e-05,-1.281010620e-05,-5.336571296e-05,2.941624904e-04,1.164991588e-03,1.887879160e-03,1.853663926e-03,1.175488942e-03,3.701429937e-04,
1.869077030e-06,-6.899537248e-06,-8.678380136e-07,-1.540437486e-04,-7.169759222e-04,-1.976097961e-03,-2.954865612e-03,-2.217467462e-03,-6.768103488e-04,
1.586928222e-01
l,3.5,0.5
1.391,2.151,2.911,
1.047418168e-06,7.754463781e+00
8.498320676e-05,-7.224220268e-05,-2.800657315e-04,1.449507320e-03,5.399646165e-03,7.636594818e-03,5.788697254e-03,2.556008405e-03,5.876250751e-04,
9.662675115e-06,-3.578636568e-05,-2.337570971e-06,-7.794852949e-04,-3.607722818e-03,-9.937046806e-03,-1.481869276e-02,-1.107115537e-02,-3.364513592e-03,
1.587238207e-01
l,3.5,1.5
1.451,2.211,2.971,
4.374408836e-06,7.487149827e+00
4.734027025e-04,-2.670551543e-04,-1.729870583e-03,9.097659106e-03,4.579591005e-02,9.126026965e-02,1.013062276e-01,6.239366673e-02,1.674888450e-02,
5.785521953e-05,-2.146482248e-04,-4.314590950e-05,-4.891444711e-03,-2.271222409e-02,-6.170525113e-02,-9.082363810e-02,-6.670378146e-02,-1.981350255e-02,
1.586913290e-01
l,3.5,2.5
1.511,2.271,3.051,
2.045798635e-05,7.093582819e+00
2.635477111e-03,-1.150704619e-03,-9.499362631e-03,3.766706129e-02,1.655210140e-01,2.465236442e-01,1.755969022e-01,5.617671498e-02,5.112983731e-03,
3.213070375e-04,-1.194211037e-03,-1.141951447e-04,-2.655103476e-02,-1.232280306e-01,-3.380304013e-01,-5.076616892e-01,-3.804564572e-01,-1.141084511e-01,
1.586580952e-01
l,3.5,3.5
1.571,2.331,3.091,
1.002667956e-04,6.854809599e+00
1.551934984e-02,-2.720804900e-03,-6.837448119e-02,1.670906098e-01,1.232827717e+00,2.870926479e+00,3.588392909e+00,2.418524354e+00,6.901806993e-01,
2.067883182e-03,-7.664863842e-03,-1.076406067e-03,-1.706957015e-01,-7.924194988e-01,-2.153909458e+00,-3.148604170e+00,-2.228704984e+00,-6.119001696e-01,
1.589583500e-01
l,4.5,-4.5
1.491,2.191,2.911,
5.291697961e-12,1.197827952e+01
3.493757950e-09,-4.376454323e-09,-8.567784693e-09,7.562398583e-08,2.253169211e-07,3.208894648e-07,3.846311100e-07,3.762410806e-07,1.696519368e-07,
4.120642117e-10,-1.526142334e-09,-2.739749149e-10,-3.609430671e-08,-1.760133262e-07,-5.101283654e-07,-8.110969020e-07,-6.618344984e-07,-2.234845165e-07,
1.586314245e-01
l,4.5,-3.5
1.571,2.291,3.011,
1.480921186e-11,1.184188073e+01
1.783170056e-08,-2.106848667e-08,-4.389441760e-08,3.731202572e-07,1.163572540e-06,1.772559471e-06,2.163087830e-06,1.980866173e-06,8.274634721e-07,
2.127783445e-09,-7.904844649e-09,-1.866893059e-09,-1.940504794e-07,-9.516079865e-07,-2.769626550e-06,-4.425298783e-06,-3.614252179e-06,-1.213509514e-06,
1.586616434e-01
l,4.5,-2.5
1.651,2.371,3.111,
3.527818229e-11,1.216368662e+01
9.355159136e-08,-8.831179364e-08,-2.864064951e-07,1.907975626e-06,7.256351504e-06,1.176998492e-05,1.164675422e-05,7.438370180e-06,2.355067438e-06,
1.097305624e-08,-4.088271249e-08,-4.726197038e-09,-9.260863105e-07,-4.388996260e-06,-1.235629663e-05,-1.895760041e-05,-1.470973488e-05,-4.677293835e-06,
1.586616656e-01
l,4.5,-1.5
1.731,2.471,3.211,
1.192134243e-10,1.187883097e+01
4.787033276e-07,-4.344761405e-07,-1.491197492e-06,8.456709350e-06,3.054738141e-05,4.267722433e-05,3.128058982e-05,1.229307121e-05,2.126706713e-06,
5.654109841e-08,-2.112232041e-07,-4.354411903e-08,-5.038411520e-06,-2.404817157e-05,-6.799001683e-05,-1.048141293e-04,-8.149277661e-05,-2.579024620e-05,
1.586927670e-01
l,4.5,-0.5
1.791,2.551,3.311,
3.600930190e-10,1.191991900e+01
2.519220970e-06,-1.810914606e-06,-8.738139197e-06,4.310355591e-05,1.918318720e-04,3.436190943e-04,3.556288396e-04,2.163800513e-04,6.049458413e-05,
2.910006403e-07,-1.089841197e-06,-1.115858752e-07,-2.432952299e-05,-1.125912609e-04,-3.090293667e-04,-4.591991929e-04,-3.400376999e-04,-1.016994291e-04,
1.586928222e-01
l,4.5,0.5
1.871,2.631,3.411,
1.925745928e-09,1.113654577e+01
1.332183001e-05,-7.510970378e-06,-5.006326546e-05,1.961225673e-04,9.772483913e-04,1.817919832e-03,1.855536637e-03,1.045821185e-03,2.565094830e-04,
1.496327959e-06,-5.617209108e-06,-4.446469447e-08,-1.181954282e-04,-5.311026415e-04,-1.419628167e-03,-2.037527310e-03,-1.435915064e-03,-4.034591913e-04,
1.586928260e-01
l,4.5,1.5
1.931,2.731,3.531,
9.995622240e-09,1.053547267e+01
6.972670963e-05,-4.403247752e-05,-2.638992855e-04,6.223750673e-04,2.783089672e-03,4.222902384e-03,3.810901755e-03,2.277201350e-03,6.867243859e-04,
7.134172226e-06,-2.685244570e-05,1.329922822e-06,-5.529858938e-04,-2.429783786e-03,-6.425954500e-03,-8.977280752e-03,-6.032266072e-03,-1.579548583e-03,
1.587831662e-01
l,4.5,2.5
1.991,2.791,3.591,
6.367298204e-08,9.841557117e+00
3.877789131e-04,-1.054369088e-04,-1.728802804e-03,3.659308290e-03,3.007366735e-02,7.396192526e-02,9.536521569e-02,6.476496589e-02,1.826407115e-02,
4.257423126e-05,-1.604367395e-04,-8.962488407e-06,-3.294489134e-03,-1.401950144e-02,-3.482502986e-02,-4.436159764e-02,-2.561937435e-02,-5.226795273e-03,
1.587813314e-01
l,4.5,3.5
2.071,2.871,3.671,
5.577828981e-07,8.750096295e+00
2.129348926e-03,-9.574152572e-04,-8.037530952e-03,2.284279426e-02,1.050578274e-01,1.480106004e-01,9.072246189e-02,1.686619872e-02,-3.020069673e-03,
2.353381541e-04,-8.879628632e-04,1.097666694e-04,-1.778734288e-02,-7.938112749e-02,-2.135439340e-01,-3.105798453e-01,-2.213743100e-01,-6.235963644e-02,
1.586917993e-01
l,4.5,4.5
2.131,2.911,3.711,
3.846495574e-06,8.197072587e+00
1.237997971e-02,3.173477250e-04,-5.848442003e-02,4.731735651e-02,6.878746514e-01,1.740507857e+00,2.216696187e+00,1.480037795e+00,4.122181221e-01,
1.512315509e-03,-5.697385852e-03,-1.466954615e-04,-1.184168986e-01,-5.207089175e-01,-1.344851329e+00,-1.831589321e+00,-1.163830888e+00,-2.715420672e-01,
1.588790899e-01
l,5.5,-5.5
1.891,2.591,3.311,
2.088791436e-16,1.787823514e+01
1.073753031e-10,-1.324301267e-10,-2.736993938e-10,2.368622696e-09,7.829349616e-09,1.277433006e-08,1.574895632e-08,1.402471661e-08,5.798176209e-09,
1.241429704e-11,-4.649343874e-11,-4.715512875e-12,-1.069751904e-09,-5.170183439e-09,-1.493663820e-08,-2.360868757e-08,-1.907830179e-08,-6.378938794e-09,
1.586623597e-01
l,5.5,-4.5
1.971,2.691,3.411,
2.282922399e-16,1.893038864e+01
5.420299765e-10,-6.247979813e-10,-1.375757104e-09,1.112794451e-08,3.614687079e-08,5.667128242e-08,6.700535393e-08,5.760360113e-08,2.292795744e-08,
6.384671266e-11,-2.396810154e-10,-5.458880762e-11,-5.931845406e-09,-2.904548115e-08,-8.458436484e-08,-1.350997427e-07,-1.099951136e-07,-3.673149855e-08,
1.586925438e-01
l,5.5,-3.5
2.051,2.771,3.511,
2.975798115e-16,1.971819440e+01
2.813157929e-09,-2.508501509e-09,-9.045290661e-09,5.344918658e-08,2.072523445e-07,3.123893773e-07,2.329624457e-07,7.311994671e-08,9.527507968e-10,
3.280190439e-10,-1.234124796e-09,-1.621420129e-10,-2.840560738e-08,-1.342967545e-07,-3.769747384e-07,-5.757381204e-07,-4.429381055e-07,-1.391536030e-07,
1.586925984e-01
l,5.5,-2.5
2.151,2.891,3.631,
1.106093675e-14,1.606686099e+01
1.393321991e-08,-1.435764760e-08,-4.184939685e-08,2.400290036e-07,8.260652156e-07,1.159068802e-06,9.776046889e-07,5.697689653e-07,1.808731225e-07,
1.561536723e-09,-5.889757475e-09,-6.961694262e-11,-1.294581598e-07,-6.078718295e-07,-1.716732697e-06,-2.630997820e-06,-2.025400462e-06,-6.356522092e-07,
1.586926542e-01
l,5.5,-1.5
2.231,2.971,3.711,
5.687142466e-14,1.531887066e+01
7.258186940e-08,-5.847969917e-08,-2.327216571e-07,1.411410457e-06,6.222544436e-06,1.176565699e-05,1.322014522e-05,8.805495707e-06,2.668470175e-06,
8.637374794e-09,-3.262947203e-08,-6.353841244e-09,-7.776280070e-07,-3.698829253e-06,-1.040802000e-05,-1.596772046e-05,-1.231594402e-05,-3.856465103e-06,
1.586927670e-01
l,5.5,-0.5
2.291,3.051,3.831,
5.680405660e-14,1.664399723e+01
3.766928955e-07,-2.300086170e-07,-1.418972733e-06,4.792155436e-06,2.304014100e-05,3.966923895e-05,3.624850569e-05,1.767901191e-05,3.621861143e-06,
4.104503802e-08,-1.554025715e-07,8.282784374e-09,-3.209966767e-06,-1.433830771e-05,-3.840312266e-05,-5.498395369e-05,-3.838001492e-05,-1.060877551e-05,
1.586928222e-01
l,5.5,0.5
2.371,3.151,3.931,
7.427675562e-13,1.495660812e+01
1.945810027e-06,-1.226014608e-06,-7.280272177e-06,2.428048485e-05,1.196593447e-04,2.190876911e-04,2.266488335e-04,1.347576336e-04,3.607540969e-05,
2.102555757e-07,-7.974545595e-07,4.122572409e-08,-1.652381120e-05,-7.370989861e-05,-1.972481494e-04,-2.817259692e-04,-1.958021796e-04,-5.377186288e-05,
1.587238207e-01
l,5.5,1.5
2.431,3.211,3.991,
3.249163004e-12,1.469236390e+01
1.049066032e-05,-3.251116760e-06,-4.133184136e-05,1.665964637e-04,1.035719898e-03,2.301600077e-03,2.711650546e-03,1.693915041e-03,4.431345544e-04,
1.252184996e-06,-4.754051222e-06,-3.089364759e-07,-1.022909570e-04,-4.594353047e-04,-1.209764219e-03,-1.719919429e-03,-1.200541089e-03,-3.328232941e-04,
1.586599313e-01
l,5.5,2.5
2.511,3.311,4.111,
6.215526728e-11,1.282582766e+01
5.457130101e-05,-2.882077432e-05,-1.839964773e-04,5.614880074e-04,1.809247019e-03,7.243318379e-04,-2.353947752e-03,-2.998682613e-03,-1.070200611e-03,
5.934799401e-06,-2.257532199e-05,9.710696016e-07,-4.907156665e-04,-2.249561774e-03,-6.245940156e-03,-9.481720817e-03,-7.135763415e-03,-2.130524266e-03,
1.585932084e-01
l,5.5,3.5
2.571,3.371,4.191,
3.532057130e-10,1.246748378e+01
3.005880862e-04,-2.219723831e-05,-1.413308881e-03,6.759672800e-04,1.424233222e-02,3.725822993e-02,4.790131568e-02,3.170781967e-02,8.617429169e-03,
3.278290248e-05,-1.248494350e-04,-3.692665821e-06,-2.561228398e-03,-1.079079849e-02,-2.656996140e-02,-3.349626337e-02,-1.881846248e-02,-3.542505584e-03,
1.587846974e-01
l,5.5,4.5
2.631,3.451,4.271,
6.418957416e-09,1.090411031e+01
1.647767029e-03,-3.770805593e-04,-6.463951556e-03,1.001401640e-02,6.307669203e-02,1.039502141e-01,8.462661390e-02,3.524073814e-02,6.034394871e-03,
1.807013786e-04,-6.888264787e-04,1.021559508e-05,-1.471027317e-02,-6.556707896e-02,-1.751925876e-01,-2.519959657e-01,-1.757819160e-01,-4.761612725e-02,
1.587232798e-01
l,5.5,5.5
2.691,3.491,4.311,
1.039229317e-07,9.638045579e+00
9.449722245e-03,2.190922818e-03,-4.473709543e-02,-2.723558964e-03,3.872880617e-01,1.072330952e+00,1.395461534e+00,9.289217627e-01,2.547019227e-01,
1.159850285e-03,-4.417123678e-03,-6.494746326e-04,-9.749699076e-02,-4.285407859e-01,-1.097553763e+00,-1.489421664e+00,-9.486146749e-01,-2.225297351e-01,
1.588480608e-01
l,6.5,-6.5
2.311,3.011,3.711,
0.000000000e+00,0.000000000e+00
3.128794966e-12,-4.298074888e-12,-7.079792923e-12,6.650700368e-11,1.763236799e-10,1.593844445e-10,1.907174217e-11,-5.258822102e-11,-2.431136604e-11,
3.684763581e-13,-1.391995774e-12,-1.296186752e-13,-3.271613087e-11,-1.617736729e-10,-4.801611683e-10,-7.830813961e-10,-6.562970975e-10,-2.281288107e-10,
1.586622714e-01
l,6.5,-5.5
2.391,3.111,3.831,
0.000000000e+00,0.000000000e+00
1.569555076e-11,-2.036665632e-11,-4.042962768e-11,2.590960749e-10,5.556170764e-10,4.377642862e-11,-8.692860027e-10,-9.271207580e-10,-3.162791656e-10,
1.751342441e-12,-6.630841425e-12,9.576914990e-14,-1.475978997e-10,-7.088778294e-10,-2.061943518e-09,-3.274789064e-09,-2.644619935e-09,-8.790304858e-10,
1.586924781e-01
l,6.5,-4.5
2.491,3.191,3.911,
3.260626469e-20,2.183169606e+01
8.121656819e-11,-8.298573677e-11,-2.377292417e-10,1.738441914e-09,6.955352743e-09,1.288633431e-08,1.529011007e-08,1.151977655e-08,4.055859103e-09,
9.676345890e-12,-3.668774178e-11,-6.654958178e-12,-8.830498092e-10,-4.274752701e-09,-1.229182438e-08,-1.933003257e-08,-1.541617370e-08,-5.039969875e-09,
1.586925124e-01
l,6.5,-3.5
2.571,3.291,4.031,
3.660951145e-20,2.260292083e+01
4.069855009e-10,-3.898088690e-10,-1.224305951e-09,7.464378804e-09,2.978291386e-08,5.628225228e-08,7.195937468e-08,5.883071632e-08,2.165111007e-08,
4.592653211e-11,-1.744794380e-10,-2.058718673e-11,-4.082866406e-09,-1.934346789e-08,-5.479482834e-08,-8.435603654e-08,-6.517698541e-08,-2.043886861e-08,
1.587545393e-01
l,6.5,-2.5
2.651,3.391,4.131,
4.223092400e-20,2.337588328e+01
2.062378046e-09,-1.875707465e-09,-6.681820699e-09,3.717046011e-08,1.482754855e-07,2.320287141e-07,1.880564099e-07,7.615135834e-08,1.114750261e-08,
2.348728384e-10,-8.937156154e-10,-2.627856030e-11,-1.984512690e-08,-9.301480387e-08,-2.609020819e-07,-3.975099102e-07,-3.037745964e-07,-9.455528303e-08,
1.587236488e-01
l,6.5,-1.5
2.731,3.471,4.231,
2.167644616e-19,2.264473902e+01
1.058926014e-08,-7.185282510e-09,-3.774087905e-08,1.460221266e-07,6.817082023e-07,1.244751056e-06,1.306661207e-06,7.981394381e-07,2.200864604e-07,
1.200693184e-09,-4.575632259e-09,-5.948165664e-10,-1.058012094e-07,-4.902515334e-07,-1.351131950e-06,-2.010498493e-06,-1.478144532e-06,-4.336622848e-07,
1.587237072e-01
l,6.5,-0.5
2.811,3.571,4.331,
2.291858029e-18,2.132415605e+01
5.410380055e-08,-3.644712777e-08,-1.902919785e-07,8.387173756e-07,4.042693279e-06,7.686819444e-06,8.201178318e-06,4.898170870e-06,1.276637647e-06,
6.134635464e-09,-2.341150319e-08,-1.807330664e-09,-5.270789377e-07,-2.430522788e-06,-6.674621384e-06,-9.908340648e-06,-7.278603344e-06,-2.140774453e-06,
1.587238169e-01
l,6.5,0.5
2.891,3.651,4.431,
4.810089828e-17,1.946744318e+01
2.815017126e-07,-1.419790658e-07,-1.066487636e-06,3.561856270e-06,1.924453425e-05,3.715863290e-05,3.840567797e-05,2.127209293e-05,4.954562655e-06,
3.132656609e-08,-1.197142669e-07,-2.916877561e-09,-2.597725943e-06,-1.170384223e-05,-3.141895959e-05,-4.532434756e-05,-3.195492834e-05,-8.898827298e-06,
1.587238207e-01
l,6.5,1.5
2.951,3.751,4.551,
9.954029009e-17,1.984800259e+01
1.443145038e-06,-7.313343947e-07,-5.941139826e-06,4.666810222e-06,3.712394232e-05,7.345799304e-05,9.035568480e-05,6.689818545e-05,2.135902041e-05,
1.482197636e-07,-5.673027780e-07,-2.603047508e-08,-1.234827781e-05,-5.427956279e-05,-1.425159942e-04,-1.951562624e-04,-1.251058633e-04,-2.985516641e-05,
1.588445991e-01
l,6.5,2.5
3.031,3.811,4.611,
3.668459233e-15,1.771641519e+01
7.826704859e-06,-7.162126334e-07,-3.830049724e-05,1.863054122e-05,4.515740389e-04,1.285139892e-03,1.754952612e-03,1.211047762e-03,3.387399838e-04,
8.809005985e-07,-3.374112451e-06,-1.615273257e-07,-6.830004979e-05,-2.843886845e-04,-6.799581974e-04,-8.053979503e-04,-3.893249997e-04,-4.446482953e-05,
1.587769803e-01
l,6.5,3.5
3.091,3.911,4.731,
6.824878959e-14,1.624559287e+01
4.102642924e-05,-1.837479071e-05,-1.533219449e-04,2.990019666e-04,1.271746829e-03,1.067848245e-03,-5.562424180e-04,-1.251944635e-03,-5.086162806e-04,
4.158205257e-06,-1.594996921e-05,2.609235016e-06,-3.217375397e-04,-1.420078632e-03,-3.830934721e-03,-5.553652265e-03,-3.910649583e-03,-1.076801785e-03,
1.586911280e-01
l,6.5,4.5
3.151,3.971,4.791,
1.166725295e-12,1.498807503e+01
2.259444009e-04,-1.243541703e-05,-1.043922702e-03,6.861724336e-04,1.170097676e-02,3.022599279e-02,3.844792290e-02,2.521262419e-02,6.805057968e-03,
2.472051878e-05,-9.488526324e-05,2.923426008e-06,-1.905722660e-03,-8.023369821e-03,-1.982727088e-02,-2.529163516e-02,-1.454124099e-02,-2.879526270e-03,
1.587540967e-01
l,6.5,5.5
3.211,4.051,4.891,
2.036792595e-11,1.372708919e+01
1.226210035e-03,-2.354885797e-04,-5.635134993e-03,-3.511045624e-03,2.778553510e-03,-1.432722432e-02,-4.573618485e-02,-4.408702198e-02,-1.477827533e-02,
1.259215114e-04,-4.837983369e-04,2.011465236e-04,-7.589434310e-03,-2.954275748e-02,-7.417765494e-02,-9.787946147e-02,-5.745530101e-02,-1.141478462e-02,
1.587233676e-01
l,6.5,6.5
3.251,4.091,4.931,
1.471336504e-09,1.141029600e+01
7.023823913e-03,1.521105121e-03,-3.534031910e-02,-2.315292644e-02,1.863935296e-01,5.261513359e-01,6.358648374e-01,3.824897993e-01,9.369283421e-02,
8.074223507e-04,-3.100666649e-03,1.224287514e-03,-4.600918804e-02,-1.706948836e-01,-3.951924721e-01,-4.719488331e-01,-2.268724011e-01,-2.406495499e-02,
1.587857981e-01
l,7.5,-7.5
2.731,3.411,4.111,
0.000000000e+00,0.000000000e+00
9.187603071e-14,-1.207740964e-13,-1.979066345e-13,2.428448387e-12,9.087338899e-12,1.831833787e-11,2.495670619e-11,2.068291994e-11,7.467594798e-12,
1.081194917e-14,-4.112785983e-14,-4.830577776e-15,-9.836824520e-13,-4.861644013e-12,-1.440187516e-11,-2.341360350e-11,-1.950545628e-11,-6.726600192e-12,
1.586923307e-01
l,7.5,-6.5
2.811,3.511,4.231,
0.000000000e+00,0.000000000e+00
4.581455115e-13,-5.691371324e-13,-1.199316364e-12,8.484105159e-12,2.575585005e-11,3.894359819e-11,5.071192986e-11,5.124594506e-11,2.302981390e-11,
5.122213425e-14,-1.951986181e-13,-5.336244555e-16,-4.411044323e-12,-2.118692999e-11,-6.159501778e-11,-9.778748879e-11,-7.874234517e-11,-2.602182449e-11,
1.586923897e-01
l,7.5,-5.5
2.911,3.611,4.311,
0.000000000e+00,0.000000000e+00
2.303060086e-12,-2.620137573e-12,-6.006705318e-12,5.264500243e-11,1.950454700e-10,3.311430460e-10,3.421585036e-10,2.176766012e-10,6.519805382e-11,
2.824602270e-13,-1.077645521e-12,-2.845733554e-13,-2.752339193e-11,-1.370830721e-10,-4.050235326e-10,-6.581872070e-10,-5.463233368e-10,-1.864852362e-10,
1.586924193e-01
l,7.5,-4.5
2.991,3.711,4.451,
0.000000000e+00,0.000000000e+00
1.147977026e-11,-1.235506612e-11,-3.517390613e-11,1.734494635e-10,5.173263446e-10,4.567770925e-10,-5.299535491e-11,-3.178999696e-10,-1.492093781e-10,
1.238541046e-12,-4.734332681e-12,2.792326253e-13,-1.023733981e-10,-4.774665744e-10,-1.351137324e-09,-2.068766327e-09,-1.584881410e-09,-4.939993334e-10,
1.587544218e-01
l,7.5,-3.5
3.091,3.811,4.531,
0.000000000e+00,0.000000000e+00
5.786080989e-11,-5.823553101e-11,-1.716013172e-10,1.191919359e-09,4.811280864e-09,8.586155757e-09,9.220333920e-09,6.048855061e-09,1.867471962e-09,
6.820907024e-12,-2.610002663e-11,-2.789000780e-12,-6.125525766e-10,-2.949912618e-09,-8.480398535e-09,-1.332851385e-08,-1.059166133e-08,-3.442674463e-09,
1.586925480e-01
l,7.5,-2.5
3.171,3.911,4.651,
0.000000000e+00,0.000000000e+00
2.899447904e-10,-2.753548796e-10,-9.138568187e-10,4.675386955e-09,1.881451901e-08,3.376306176e-08,3.914608190e-08,2.893268912e-08,9.866134742e-09,
3.223571659e-11,-1.235327066e-10,-2.777299204e-12,-2.771806026e-09,-1.298761672e-08,-3.663578006e-08,-5.592140002e-08,-4.251479808e-08,-1.305372807e-08,
1.587235944e-01
l,7.5,-1.5
3.251,3.991,4.731,
0.000000000e+00,0.000000000e+00
1.496515023e-09,-1.098835645e-09,-4.995177491e-09,2.616111635e-08,1.223085611e-07,2.357499817e-07,2.598724000e-07,1.638678536e-07,4.606499988e-08,
1.774287226e-10,-6.805818915e-10,-1.341899272e-10,-1.647918781e-08,-7.833608892e-08,-2.205557731e-07,-3.386740613e-07,-2.602853697e-07,-8.068898937e-08,
1.586926902e-01
l,7.5,-0.5
3.331,4.091,4.851,
0.000000000e+00,0.000000000e+00
7.582512396e-09,-5.449849098e-09,-2.694591416e-08,1.036901590e-07,4.943275453e-07,9.236067293e-07,9.839879134e-07,6.005279269e-07,1.631611125e-07,
8.376168292e-10,-3.217314072e-09,-3.671306967e-11,-7.066398542e-08,-3.234607935e-07,-8.876412146e-07,-1.310264278e-06,-9.502660628e-07,-2.742902080e-07,
1.587238169e-01
l,7.5,0.5
3.411,4.171,4.951,
0.000000000e+00,0.000000000e+00
3.926950143e-08,-2.115118716e-08,-1.505918242e-07,4.186383546e-07,2.384824695e-06,4.911495327e-06,5.709424188e-06,3.734292090e-06,1.061016529e-06,
4.266949670e-09,-1.640726160e-08,2.251610252e-10,-3.513085991e-07,-1.572539012e-06,-4.215518057e-06,-6.027939698e-06,-4.164676522e-06,-1.121973375e-06,
1.587238207e-01
l,7.5,1.5
3.471,4.251,5.031,
0.000000000e+00,0.000000000e+00
2.068608040e-07,-9.203465535e-08,-7.546782254e-07,3.860383359e-06,2.129745530e-05,4.415213326e-05,4.853085411e-05,2.832058367e-05,6.953149374e-06,
2.345201235e-08,-9.025292478e-08,1.191591094e-08,-1.817938223e-06,-8.103307913e-06,-2.162709437e-05,-3.153932637e-05,-2.286506261e-05,-6.680860301e-06,
1.586276047e-01
l,7.5,2.5
3.551,4.351,5.171,
6.668257150e-20,2.250447801e+01
1.050315973e-06,-6.295949952e-07,-3.559722939e-06,5.456543108e-06,-5.947856033e-07,-8.097711277e-05,-1.754599083e-04,-1.487194303e-04,-4.651542667e-05,
1.023653477e-07,-3.944945128e-07,2.374309675e-08,-8.732089177e-06,-3.986909799e-05,-1.117876936e-04,-1.692211816e-04,-1.255315919e-04,-3.656007070e-05,
1.586816718e-01
l,7.5,3.5
3.611,4.411,5.211,
3.759892341e-19,2.215138768e+01
5.704321211e-06,-4.300109633e-07,-2.636206711e-05,1.436774289e-05,2.986181477e-04,8.226378369e-04,1.106171847e-03,7.611899799e-04,2.141624653e-04,
6.565679143e-07,-2.531247463e-06,-3.249928056e-07,-5.521043179e-05,-2.391391483e-04,-6.013147104e-04,-7.841300520e-04,-4.652568506e-04,-9.620693160e-05,
1.587216121e-01
l,7.5,4.5
3.671,4.491,5.331,
1.169815053e-17,2.048315363e+01
3.014881077e-05,-6.292832613e-06,-1.329049315e-04,-5.292277016e-05,3.775330164e-05,-7.822474714e-04,-2.039741479e-03,-1.882738128e-03,-6.218518182e-04,
3.091911316e-06,-1.193347734e-05,3.967610233e-06,-2.012010085e-04,-8.094300510e-04,-2.093692494e-03,-2.897714136e-03,-1.860477855e-03,-4.384547227e-04,
1.587227227e-01
l,7.5,5.5
3.731,4.551,5.391,
6.759708423e-16,1.846478010e+01
1.657934044e-04,2.242359618e-05,-8.313090892e-04,-6.019411150e-04,4.071033273e-03,1.193180477e-02,1.467044468e-02,8.904240264e-03,2.186336954e-03,
1.834844461e-05,-7.085426504e-05,2.805982558e-05,-1.039622698e-03,-3.741324958e-03,-8.317764623e-03,-9.211183497e-03,-3.621961863e-03,1.256484199e-05,
1.587232532e-01
l,7.5,6.5
3.791,4.631,5.491,
1.389769866e-14,1.722855060e+01
8.936127997e-04,3.254801476e-05,-4.497431043e-03,-9.565809637e-03,-2.215261812e-02,-5.387131906e-02,-7.970865684e-02,-6.032605321e-02,-1.828805869e-02,
9.329106336e-05,-3.605351614e-04,1.083584362e-04,-6.077077913e-03,-2.401106568e-02,-6.025001570e-02,-7.904482178e-02,-4.574989701e-02,-8.699163390e-03,
1.587544611e-01
l,7.5,7.5
3.831,4.671,5.531,
1.109538676e-11,1.340563033e+01
5.069233011e-03,2.001611754e-03,-2.461036855e-02,-2.958524364e-02,7.442965682e-02,2.480612071e-01,2.973460287e-01,1.700174788e-01,3.862261379e-02,
5.974897821e-04,-2.308475092e-03,7.881884162e-04,-3.607778255e-02,-1.380855663e-01,-3.310717726e-01,-4.253381043e-01,-2.426345830e-01,-4.544051122e-02,
1.587238586e-01
l,8.5,-8.5
3.151,3.831,4.511,
0.000000000e+00,0.000000000e+00
2.583091982e-15,-3.686771821e-15,-4.598521568e-15,7.344430632e-14,2.762004684e-13,6.088296272e-13,9.358586459e-13,8.612060696e-13,3.373741363e-13,
3.141846005e-16,-1.201911924e-15,-8.791514219e-16,-4.273946026e-14,-2.424040846e-13,-7.762289288e-13,-1.349278744e-12,-1.200512335e-12,-4.357359391e-13,
1.586923225e-01
l,8.5,-7.5
3.251,3.931,4.631,
0.000000000e+00,0.000000000e+00
1.284096019e-14,-1.738924284e-14,-2.615011878e-14,3.139816064e-13,1.177928122e-12,2.768879053e-12,4.735429579e-12,4.711966695e-12,1.922307595e-12,
1.484720949e-15,-5.688322617e-15,-4.179659773e-16,-1.361441057e-13,-6.735201468e-13,-2.012368747e-12,-3.304247731e-12,-2.771215547e-12,-9.558858269e-13,
1.586923307e-01
l,8.5,-6.5
3.331,4.031,4.731,
0.000000000e+00,0.000000000e+00
6.437589313e-14,-8.081294167e-14,-1.677236800e-13,1.341440798e-12,4.289048051e-12,5.543273176e-12,3.473748741e-12,9.687156651e-13,7.934379404e-14,
7.572149252e-15,-2.904528414e-14,-2.336126296e-15,-6.870667270e-13,-3.380069383e-12,-9.983506780e-12,-1.616820800e-11,-1.336748265e-11,-4.564192649e-12,
1.587233569e-01
l,8.5,-5.5
3.431,4.131,4.851,
0.000000000e+00,0.000000000e+00
3.196966888e-13,-3.777187447e-13,-8.608933341e-13,5.956685720e-12,2.084605967e-11,3.827065983e-11,5.341901974e-11,4.948968305e-11,2.002627686e-11,
3.574007220e-14,-1.372788050e-13,-1.311895356e-15,-3.133374153e-12,-1.502752980e-11,-4.363187876e-11,-6.904767577e-11,-5.512692523e-11,-1.797162035e-11,
1.587233448e-01
l,8.5,-4.5
3.511,4.211,4.931,
0.000000000e+00,0.000000000e+00
1.639769050e-12,-1.488277586e-12,-5.017097819e-12,3.491895517e-11,1.557279912e-10,3.141367700e-10,3.798607052e-10,2.699380286e-10,8.585237140e-11,
1.965796044e-13,-7.557262455e-13,-1.481531152e-13,-1.852596010e-11,-8.968176660e-11,-2.576074554e-10,-4.046879588e-10,-3.208029467e-10,-1.036086068e-10,
1.586924810e-01
l,8.5,-3.5
3.611,4.331,5.071,
0.000000000e+00,0.000000000e+00
7.999840373e-12,-8.328308084e-12,-2.483401909e-11,1.238425538e-10,4.530917736e-10,7.239603177e-10,7.548478865e-10,5.338811863e-10,1.828128166e-10,
8.587292674e-13,-3.306087535e-12,2.110828952e-13,-7.164149964e-11,-3.327619352e-10,-9.382360781e-10,-1.426713380e-09,-1.078847481e-09,-3.300877947e-10,
1.587855138e-01
l,8.5,-2.5
3.691,4.411,5.151,
0.000000000e+00,0.000000000e+00
4.113294080e-11,-3.338612694e-11,-1.366830608e-10,7.396031947e-10,3.365268113e-09,6.393558529e-09,6.975492350e-09,4.398172108e-09,1.253247922e-09,
4.718993436e-12,-1.818246689e-11,-1.271870684e-12,-4.170364232e-10,-1.959605660e-09,-5.498122698e-09,-8.388589997e-09,-6.393719144e-09,-1.970807990e-09,
1.587235950e-01
l,8.5,-1.5
3.771,4.511,5.271,
0.000000000e+00,0.000000000e+00
2.064966947e-10,-1.590684319e-10,-7.282727284e-10,2.776216740e-09,1.310364881e-08,2.551566777e-08,3.007081632e-08,2.126726235e-08,6.789716842e-09,
2.223277733e-11,-8.576202647e-11,4.009681988e-12,-1.840631313e-09,-8.368199167e-09,-2.294668909e-08,-3.370569972e-08,-2.421242470e-08,-6.904302093e-09,
1.587546311e-01
l,8.5,-0.5
3.851,4.611,5.371,
0.000000000e+00,0.000000000e+00
1.048252041e-09,-8.097980708e-10,-3.684061677e-09,1.518823276e-08,7.048245805e-08,1.293908407e-07,1.356325698e-07,8.256617409e-08,2.283738424e-08,
1.130531876e-10,-4.364973654e-10,4.572490722e-11,-9.104013164e-09,-4.124627702e-08,-1.130526954e-07,-1.666437820e-07,-1.206950158e-07,-3.492532529e-08,
1.587238169e-01
l,8.5,0.5
3.931,4.691,5.471,
0.000000000e+00,0.000000000e+00
5.419085181e-09,-3.242630508e-09,-2.041284343e-08,6.539014109e-08,3.415098886e-07,6.430608998e-07,6.581714256e-07,3.724392514e-07,9.238444786e-08,
5.747842336e-10,-2.221192953e-09,2.958380535e-10,-4.517255227e-08,-2.003627858e-07,-5.376095922e-07,-7.717150882e-07,-5.375261927e-07,-1.473410792e-07,
1.587238207e-01
l,8.5,1.5
4.011,4.791,5.571,
0.000000000e+00,0.000000000e+00
2.756148021e-08,-1.460351274e-08,-1.148690546e-07,9.592572628e-08,1.014412382e-06,2.727563445e-06,4.070293422e-06,3.218113852e-06,1.032492081e-06,
2.923538912e-09,-1.130729925e-08,-1.070540693e-09,-2.525304319e-07,-1.117953942e-06,-2.935292863e-06,-3.990023597e-06,-2.497081231e-06,-5.627487566e-07,
1.588431300e-01
l,8.5,2.5
4.071,4.831,5.611,
0.000000000e+00,0.000000000e+00
1.484526990e-07,1.105229890e-08,-7.541755851e-07,-2.794990264e-07,7.002154834e-06,2.348464714e-05,3.489162061e-05,2.564040823e-05,7.588327168e-06,
1.871708333e-08,-7.241555063e-08,-2.698007076e-08,-1.716888462e-06,-7.538287571e-06,-1.867147578e-05,-2.351671169e-05,-1.284679207e-05,-2.089051701e-06,
1.586790102e-01
l,8.5,3.5
4.151,4.951,5.771,
0.000000000e+00,0.000000000e+00
7.581874115e-07,-3.493293241e-07,-2.820453216e-06,3.633922572e-06,1.307598662e-05,-3.978873006e-06,-3.819887665e-05,-3.982948016e-05,-1.342414565e-05,
7.539023799e-08,-2.920539241e-07,2.359161072e-08,-6.265210993e-06,-2.805290539e-05,-7.674412154e-05,-1.125505463e-04,-7.999430133e-05,-2.211717214e-05,
1.587209542e-01
l,8.5,4.5
4.211,5.011,5.811,
0.000000000e+00,0.000000000e+00
4.109042948e-06,-1.428133451e-07,-1.806601113e-05,1.924077710e-05,2.552750356e-04,6.828061169e-04,9.115053580e-04,6.292099891e-04,1.788596565e-04,
4.830473230e-07,-1.871850285e-06,-3.221713734e-07,-4.224640427e-05,-1.858331375e-04,-4.746823584e-04,-6.409577058e-04,-4.071302742e-04,-9.584609270e-05,
1.587223464e-01
l,8.5,5.5
4.271,5.111,5.951,
1.547866469e-21,2.428527220e+01
2.153856985e-05,-6.220550098e-06,-1.013007855e-04,-1.135712126e-04,-2.252063088e-04,-8.621924191e-04,-1.516775127e-03,-1.207993180e-03,-3.691497717e-04,
2.100477866e-06,-8.148023185e-06,3.500596251e-06,-1.280213034e-04,-4.927644503e-04,-1.229368178e-03,-1.579785677e-03,-8.710224565e-04,-1.477064746e-04,
1.587538615e-01
l,8.5,6.5
4.331,5.151,5.991,
1.061510322e-18,2.079041727e+01
1.194362994e-04,1.820599126e-05,-5.598504613e-04,-9.032286203e-05,4.270272388e-03,1.136972199e-02,1.388049647e-02,8.585862576e-03,2.179209290e-03,
1.344745138e-05,-5.217882785e-05,2.026934640e-05,-7.881344217e-04,-2.931357030e-03,-6.816602335e-03,-8.321236633e-03,-4.292913039e-03,-6.220160317e-04,
1.586612363e-01
l,8.5,7.5
4.391,5.251,6.111,
8.934025916e-18,2.028381385e+01
6.419096026e-04,-2.377106726e-05,-3.427981076e-03,-7.948095710e-03,-1.701479891e-02,-3.462162195e-02,-4.620068882e-02,-3.323364082e-02,-9.816433440e-03,
6.318715793e-05,-2.453730107e-04,1.123458586e-04,-3.656341448e-03,-1.334199753e-02,-3.115606121e-02,-3.560797835e-02,-1.448537455e-02,-1.120994570e-04,
1.587855136e-01
l,8.5,8.5
4.431,5.291,6.151,
5.559462277e-14,1.544225356e+01
3.634107066e-03,8.062924659e-04,-1.627371380e-02,-5.506433942e-03,9.144444069e-02,2.167214631e-01,2.250322508e-01,1.147924487e-01,2.325288996e-02,
4.044016676e-04,-1.570261229e-03,6.731833906e-04,-2.408130043e-02,-9.307008934e-02,-2.305619112e-01,-3.097567789e-01,-1.908243669e-01,-4.198872052e-02,
1.587237995e-01
