l,0.5,-0.5
0.131,0.711,1.291,
2.326788928e-02,2.260992387e+00
9.962023469e-04,-2.430211853e-03,2.316520900e-03,3.397753393e-02,1.384273204e-01,5.264835803e-01,9.435497559e-01,7.230773000e-01,2.042781824e-01,
1.362356384e-04,-5.486195210e-04,-4.573549595e-04,-2.253575650e-02,-1.445082931e-01,-5.306300571e-01,-1.080924352e+00,-1.150733986e+00,-5.024875186e-01,
1.581684766e-01
l,0.5,0.5
0.191,0.471,0.791,
2.859727588e-01,2.666409311e+00
1.490718964e-02,7.247316748e-03,2.427027785e-01,1.000778393e+01,1.202744225e+02,8.190836588e+02,3.189212412e+03,6.531722802e+03,5.455658151e+03,
7.988458129e-03,-2.584790801e-02,-2.340384866e-01,-7.387483619e+00,-9.497066941e+01,-6.435099028e+02,-2.406609891e+03,-4.676778316e+03,-3.690115607e+03,
1.591437919e-01
l,1.5,-1.5
0.331,0.911,1.511,
6.322582580e-04,3.772474523e+00
4.915324826e-05,-1.094854226e-04,2.857598952e-05,2.031720641e-03,8.738009915e-03,3.967353759e-02,1.027133679e-01,1.238425629e-01,5.648224312e-02,
6.038278896e-06,-2.501570826e-05,-1.665859120e-05,-9.774447555e-04,-6.050769970e-03,-2.161802854e-02,-4.263285895e-02,-4.380742421e-02,-1.852282826e-02,
1.582293421e-01
l,1.5,-0.5
0.391,0.971,1.551,
2.256071762e-03,3.782374152e+00
3.514639102e-04,-7.051783917e-04,-2.944453536e-04,1.394427844e-02,4.747545613e-02,1.826130329e-01,5.103224229e-01,6.786089455e-01,3.352729762e-01,
4.709723984e-05,-1.958832543e-04,-8.900389099e-05,-7.212989465e-03,-4.540124424e-02,-1.661744127e-01,-3.367095981e-01,-3.550833259e-01,-1.544453699e-01,
1.586618829e-01
l,1.5,0.5
0.451,1.051,1.671,
1.116016896e-02,3.929604638e+00
2.285975032e-03,-4.648797270e-03,-1.729718268e-03,7.901556110e-02,2.359427715e-01,8.466709736e-01,2.328057146e+00,3.012012450e+00,1.432549732e+00,
2.609244856e-04,-1.096301131e-03,-5.873578178e-04,-4.067649189e-02,-2.437999119e-01,-8.469058483e-01,-1.615262057e+00,-1.597931288e+00,-6.509143229e-01,
1.582293371e-01
l,1.5,1.5
0.511,0.931,1.391,
8.242390471e-02,4.229752087e+00
2.506509051e-02,-2.300984609e-03,-3.969319773e-02,3.128556410e+00,2.485486102e+01,1.055515451e+02,2.695568566e+02,3.754232206e+02,2.163931938e+02,
7.452305519e-03,-2.924382314e-02,-7.405724157e-02,-2.364378216e+00,-2.037718559e+01,-9.465960956e+01,-2.449634396e+02,-3.284227888e+02,-1.785918913e+02,
1.591446842e-01
l,2.5,-2.5
0.591,1.171,1.771,
1.054536541e-05,6.300582171e+00
1.860400971e-06,-3.860635412e-06,-1.601726067e-06,6.869593371e-05,1.990481028e-04,6.847063703e-04,1.930659604e-03,2.587838132e-03,1.271526655e-03,
2.210564699e-07,-9.373086664e-07,-4.491809947e-07,-3.493540347e-05,-2.135515886e-04,-7.606982963e-04,-1.492345447e-03,-1.521949871e-03,-6.406811534e-04,
1.583221870e-01
l,2.5,-1.5
0.651,1.251,1.851,
2.417656812e-05,5.853663492e+00
1.178886032e-05,-2.079967157e-05,-2.465806790e-05,4.373869871e-04,1.246294914e-03,2.748004315e-03,6.882510011e-03,9.896088676e-03,5.306281640e-03,
1.448025498e-06,-6.175128695e-06,-3.101385080e-06,-2.329592341e-04,-1.421282437e-03,-5.045319297e-03,-9.853380377e-03,-9.954908886e-03,-4.146613490e-03,
1.586626956e-01
l,2.5,-0.5
0.731,1.331,1.951,
8.694148435e-05,5.965871209e+00
7.367949729e-05,-1.133726723e-04,-2.148677140e-04,2.550356171e-03,7.343219715e-03,9.381111675e-03,1.260151756e-02,1.673061885e-02,9.415389176e-03,
8.661895359e-06,-3.717769089e-05,-1.844678704e-05,-1.379007157e-03,-8.179788171e-03,-2.815901482e-02,-5.306525528e-02,-5.143875457e-02,-2.051937031e-02,
1.585078964e-01
l,2.5,0.5
0.771,1.391,2.031,
3.320525036e-04,5.644597395e+00
4.940141225e-04,-6.134226474e-04,-1.863593478e-03,1.661335056e-02,6.161460969e-02,9.959183435e-02,1.163054105e-01,1.084117468e-01,5.080058058e-02,
5.641701271e-05,-2.432464027e-04,-8.407055908e-05,-8.391835874e-03,-4.816913723e-02,-1.607445128e-01,-2.915926931e-01,-2.693976043e-01,-1.020346372e-01,
1.586008219e-01
l,2.5,1.5
0.811,1.471,2.131,
1.594362504e-03,5.302451839e+00
3.306018887e-03,-4.787185298e-03,-1.074389827e-02,9.537964104e-02,2.520662054e-01,1.689240429e-01,-2.329127189e-02,1.674197330e-02,6.458140347e-02,
3.356111145e-04,-1.453447420e-03,-4.616255220e-04,-4.967610002e-02,-2.788763353e-01,-9.139805836e-01,-1.621276957e+00,-1.466110365e+00,-5.440473356e-01,
1.584143291e-01
l,2.5,2.5
0.891,1.411,1.951,
1.063073905e-02,5.587121034e+00
3.146037832e-02,-6.143286963e-03,-1.120992593e-01,2.108681654e+00,1.557207427e+01,5.484764887e+01,1.118974805e+02,1.235052992e+02,5.647876096e+01,
6.593835501e-03,-2.762917929e-02,-4.559865396e-02,-1.767585194e+00,-1.348478903e+01,-5.532539479e+01,-1.239931024e+02,-1.414214652e+02,-6.472117869e+01,
1.590824915e-01
l,3.5,-3.5
0.871,1.451,2.051,
4.188834238e-08,9.157582166e+00
6.203141822e-08,-1.184763779e-07,-1.018013022e-07,2.352641424e-06,6.604116534e-06,1.684782828e-05,4.631739596e-05,6.831498711e-05,3.732202270e-05,
7.266264256e-09,-3.137007332e-08,-1.548232999e-08,-1.197709323e-06,-7.296015642e-06,-2.595114189e-05,-5.078743500e-05,-5.153484825e-05,-2.159380530e-05,
1.584768306e-01
l,3.5,-2.5
0.951,1.551,2.151,
1.038321891e-07,9.969992484e+00
3.633564063e-07,-6.227811965e-07,-9.232750189e-07,1.298855669e-05,3.765917551e-05,6.520063363e-05,1.297315524e-04,1.793086064e-04,9.644542636e-05,
4.332565384e-08,-1.880284901e-07,-7.427451992e-08,-6.905815467e-06,-4.173184572e-05,-1.477614476e-04,-2.870862473e-04,-2.876228837e-04,-1.188658973e-04,
1.586006509e-01
l,3.5,-1.5
1.031,1.631,2.251,
2.766383250e-07,9.512023901e+00
2.191050044e-06,-2.964879153e-06,-7.797396259e-06,7.786772735e-05,2.805142091e-04,4.327408719e-04,4.494310682e-04,3.729878088e-04,1.663637180e-04,
2.575226797e-07,-1.122937504e-06,-4.533326962e-07,-4.071839087e-05,-2.393845551e-04,-8.200963482e-04,-1.534608492e-03,-1.468261428e-03,-5.767425498e-04,
1.585697894e-01
l,3.5,-0.5
1.091,1.711,2.351,
8.978283984e-07,9.298860909e+00
1.338290986e-05,-1.436409771e-05,-5.569868185e-05,4.411708367e-04,1.961068722e-03,3.877449131e-03,4.997443511e-03,4.246521793e-03,1.714077527e-03,
1.528254007e-06,-6.692863365e-06,-2.567819029e-06,-2.374923820e-04,-1.358974268e-03,-4.522222957e-03,-8.159570820e-03,-7.444439619e-03,-2.767373057e-03,
1.586007539e-01
l,3.5,0.5
1.151,1.791,2.451,
3.853945955e-06,8.536048531e+00
8.393412281e-05,-8.070170149e-05,-3.749717898e-04,2.406462165e-03,1.110609140e-02,2.093683330e-02,2.325434853e-02,1.589613053e-02,5.240996100e-03,
9.051030421e-06,-3.979448580e-05,-1.303885947e-05,-1.369108745e-03,-7.622590047e-03,-2.468729037e-02,-4.303503878e-02,-3.762402308e-02,-1.333330885e-02,
1.586007845e-01
l,3.5,1.5
1.211,1.851,2.511,
2.153999144e-05,7.598590927e+00
5.652240943e-04,-4.304492780e-04,-2.657743732e-03,1.726021371e-02,9.711574317e-02,2.274637739e-01,3.077524355e-01,2.361471246e-01,7.931492410e-02,
6.380547135e-05,-2.811122910e-04,-1.157644862e-04,-9.856379989e-03,-5.490060675e-02,-1.762827048e-01,-3.046676239e-01,-2.633524748e-01,-9.195875587e-02,
1.585380903e-01
l,3.5,2.5
1.231,1.911,2.591,
1.419133913e-04,6.927916628e+00
3.980577923e-03,-3.619763080e-03,-1.758686177e-02,1.088762559e-01,4.649640627e-01,6.898679042e-01,4.199748993e-01,2.719172513e-02,-4.996210713e-02,
4.108209200e-04,-1.813373914e-03,-1.663970451e-04,-5.666652035e-02,-3.076906729e-01,-9.789503688e-01,-1.681471286e+00,-1.449932387e+00,-5.071383808e-01,
1.583141362e-01
l,3.5,3.5
1.271,1.871,2.471,
1.073899763e-03,6.432284182e+00
3.504179046e-02,4.991187736e-03,-1.742415477e-01,8.803078144e-01,7.202296772e+00,2.214455788e+01,3.817213283e+01,3.595681187e+01,1.428855674e+01,
6.337866544e-03,-2.739613298e-02,-1.918442197e-02,-1.099325381e+00,-6.898701405e+00,-2.460385632e+01,-4.890705903e+01,-4.901277492e+01,-1.950696361e+01,
1.590514819e-01
l,4.5,-4.5
1.171,1.751,2.351,
2.474251279e-11,1.616203005e+01
1.882926925e-09,-3.535202872e-09,-4.099617153e-09,6.485460877e-08,1.612324392e-07,3.102867638e-07,8.876228077e-07,1.461100230e-06,8.595150684e-07,
2.145362237e-10,-9.395480604e-10,-2.505004637e-10,-3.334676145e-08,-2.005397741e-07,-7.125227211e-07,-1.389756025e-06,-1.401388618e-06,-5.842600871e-07,
1.584766639e-01
l,4.5,-3.5
1.271,1.851,2.451,
5.542173959e-11,1.488843362e+01
1.077850964e-08,-1.749140885e-08,-3.092221727e-08,4.141551264e-07,1.527462465e-06,3.461260029e-06,6.671515189e-06,8.129286455e-06,4.068209738e-06,
1.271849265e-09,-5.592056685e-09,-2.364156988e-09,-2.095197778e-07,-1.261096007e-06,-4.447566023e-06,-8.591212601e-06,-8.529957270e-06,-3.489549853e-06,
1.586315629e-01
l,4.5,-2.5
1.351,1.951,2.571,
1.116207625e-10,1.500839405e+01
6.154210297e-08,-8.951930153e-08,-2.171312509e-07,2.102299099e-06,7.198261988e-06,1.023618320e-05,9.819844705e-06,8.545186967e-06,4.247314740e-06,
6.885970683e-09,-3.040731024e-08,-5.888449808e-09,-1.033961916e-06,-6.003979753e-06,-2.056403821e-05,-3.836600960e-05,-3.653160787e-05,-1.430932054e-05,
1.586626143e-01
l,4.5,-1.5
1.431,2.051,2.671,
4.057407177e-10,1.384923679e+01
3.554212071e-07,-4.666194408e-07,-1.305557807e-06,1.238767558e-05,5.208140918e-05,1.067108964e-04,1.532128687e-04,1.460310248e-04,6.357224713e-05,
4.064032614e-08,-1.800527664e-07,-6.152664534e-08,-6.468642577e-06,-3.773290367e-05,-1.289475081e-04,-2.396718931e-04,-2.263227598e-04,-8.745158864e-05,
1.586626833e-01
l,4.5,-0.5
1.511,2.131,2.771,
1.614332757e-09,1.316316990e+01
2.145874078e-06,-2.260525883e-06,-9.313396990e-06,6.385146448e-05,2.826005440e-04,4.865627465e-04,4.235676294e-04,1.669538471e-04,1.182345903e-05,
2.394721124e-07,-1.064191458e-06,-3.164715051e-07,-3.709087193e-05,-2.108533330e-04,-7.006642979e-04,-1.260203216e-03,-1.141448560e-03,-4.201820441e-04,
1.586317306e-01
l,4.5,0.5
1.571,2.211,2.871,
1.338968561e-08,1.132222006e+01
1.327496011e-05,-1.208604616e-05,-6.113325124e-05,3.788078602e-04,1.982745075e-03,4.410589027e-03,5.932902882e-03,4.791936262e-03,1.760012735e-03,
1.409791518e-06,-6.282684030e-06,-1.198788257e-06,-2.074631085e-04,-1.143112872e-03,-3.688299880e-03,-6.388665017e-03,-5.514807134e-03,-1.921793715e-03,
1.586627076e-01
l,4.5,1.5
1.611,2.291,2.971,
6.480505018e-08,1.113362586e+01
8.444936248e-05,-7.596452724e-05,-3.963805790e-04,1.663804861e-03,7.857055766e-03,1.423351609e-02,1.535727492e-02,1.046252297e-02,3.456263672e-03,
8.287701706e-06,-3.703042316e-05,-5.525078804e-06,-1.198340061e-03,-6.450751328e-03,-2.044901863e-02,-3.439437644e-02,-2.842891827e-02,-9.360777682e-03,
1.586612461e-01
l,4.5,2.5
1.651,2.331,3.031,
5.251201250e-07,1.026508531e+01
5.869927118e-04,-2.683428030e-04,-3.558084154e-03,5.019808356e-03,5.301307068e-02,1.440651022e-01,2.078174398e-01,1.591602954e-01,5.051933040e-02,
5.820221182e-05,-2.604131726e-04,8.073840478e-05,-5.652590986e-03,-2.425633942e-02,-6.381169185e-02,-8.069797352e-02,-3.575118132e-02,2.947061617e-04,
1.586536902e-01
l,4.5,3.5
1.671,2.371,3.071,
7.731862791e-06,8.598134757e+00
4.317880142e-03,-2.073828194e-03,-2.280644299e-02,8.794410862e-02,5.439137506e-01,1.126939597e+00,1.173065298e+00,6.022417332e-01,1.146207563e-01,
4.458276283e-04,-1.994970695e-03,7.310549074e-04,-4.395619209e-02,-2.009274063e-01,-5.756142470e-01,-8.859610518e-01,-6.486643109e-01,-1.847123181e-01,
1.583829415e-01
l,4.5,4.5
1.711,2.351,3.011,
7.971580457e-05,7.842669388e+00
3.646773100e-02,7.992188284e-03,-2.041239205e-01,2.717969945e-01,3.634843283e+00,1.087751286e+01,1.734745453e+01,1.497998480e+01,5.462099277e+00,
5.323245636e-03,-2.352478119e-02,-5.637445828e-03,-7.905148207e-01,-4.563701279e+00,-1.524426490e+01,-2.783079232e+01,-2.495462907e+01,-8.702488779e+00,
1.590204477e-01
l,5.5,-5.5
1.491,2.071,2.651,
5.127845877e-16,2.447714447e+01
5.298975841e-11,-1.068194883e-10,-8.816555966e-11,1.902963855e-09,5.014581856e-09,1.203357959e-08,3.372386502e-08,5.130696150e-08,2.861311238e-08,
6.233474368e-12,-2.759916045e-11,-8.633475773e-12,-1.029047253e-09,-6.360566326e-09,-2.327838365e-08,-4.694577554e-08,-4.906715739e-08,-2.119708404e-08,
1.585385356e-01
l,5.5,-4.5
1.591,2.171,2.751,
9.921580617e-16,2.341839265e+01
3.000762971e-10,-5.243239279e-10,-7.414765240e-10,1.211895406e-08,4.407574602e-08,1.002471819e-07,1.883246513e-07,2.216439743e-07,1.076624920e-07,
3.676213526e-11,-1.632711042e-10,-7.979701467e-11,-6.426895012e-09,-3.975491931e-08,-1.442264533e-07,-2.879092774e-07,-2.965455200e-07,-1.259839319e-07,
1.586004738e-01
l,5.5,-3.5
1.691,2.271,2.871,
5.329347417e-15,2.090298895e+01
1.689339002e-09,-2.606424926e-09,-5.305285707e-09,6.100501184e-08,2.048996877e-07,3.023421975e-07,3.084913791e-07,2.640702417e-07,1.205020973e-07,
1.980610105e-10,-8.826545509e-10,-3.145163895e-10,-3.283446883e-08,-1.970769350e-07,-6.953393141e-07,-1.344939979e-06,-1.333601651e-06,-5.434897181e-07,
1.586625312e-01
l,5.5,-2.5
1.771,2.371,2.991,
1.184877054e-14,2.065217462e+01
9.583552618e-09,-1.287237765e-08,-3.625344705e-08,3.264924586e-07,1.392084470e-06,2.926404648e-06,4.344585877e-06,4.302259569e-06,1.948604390e-06,
1.065003644e-09,-4.761048100e-09,-9.423515575e-10,-1.630761909e-07,-9.414501746e-07,-3.208566534e-06,-5.926770609e-06,-5.544027219e-06,-2.123726227e-06,
1.586927327e-01
l,5.5,-1.5
1.851,2.471,3.091,
2.254795116e-14,2.093942953e+01
5.504249856e-08,-6.950084335e-08,-2.130818607e-07,1.769418343e-06,7.024981034e-06,1.111715775e-05,9.067995541e-06,3.812917187e-06,6.456389226e-07,
6.251308873e-09,-2.801379551e-08,-8.072932009e-09,-9.999766588e-07,-5.824686801e-06,-1.993807996e-05,-3.717033531e-05,-3.515876189e-05,-1.358369493e-05,
1.586626586e-01
l,5.5,-0.5
1.931,2.551,3.191,
6.571464255e-13,1.727196445e+01
3.295461966e-07,-3.220471309e-07,-1.465464087e-06,9.706486134e-06,5.061698126e-05,1.167633007e-04,1.651907502e-04,1.394569154e-04,5.267677453e-05,
3.666223886e-08,-1.646650374e-07,-5.319060815e-08,-5.839805679e-06,-3.311909171e-05,-1.097993887e-04,-1.965467833e-04,-1.761192308e-04,-6.373413425e-05,
1.586627316e-01
l,5.5,0.5
1.991,2.631,3.291,
2.456277003e-12,1.713964803e+01
2.013975063e-06,-1.635248405e-06,-9.620621435e-06,4.931650387e-05,2.763409404e-04,6.318748621e-04,8.425761413e-04,6.464203751e-04,2.184774135e-04,
2.148016034e-07,-9.668065013e-07,-2.330136530e-07,-3.282257495e-05,-1.810762057e-04,-5.845179923e-04,-1.010428668e-03,-8.641025840e-04,-2.954778128e-04,
1.586618374e-01
l,5.5,1.5
2.031,2.691,3.371,
2.098145790e-11,1.609105301e+01
1.294263984e-05,-6.794890066e-06,-6.743936429e-05,3.266175672e-04,2.239048199e-03,5.797652339e-03,8.266209140e-03,6.453674060e-03,2.159626775e-03,
1.375196950e-06,-6.199564603e-06,-4.883585532e-07,-1.932718488e-04,-1.029830908e-03,-3.200959887e-03,-5.312653118e-03,-4.328136818e-03,-1.402805208e-03,
1.585683531e-01
l,5.5,2.5
2.091,2.771,3.471,
5.971616776e-10,1.361710617e+01
8.374579193e-05,-6.388683512e-05,-3.870358382e-04,1.627934637e-03,6.053728090e-03,2.742566776e-03,-1.245949676e-02,-1.952212851e-02,-8.724386564e-03,
8.037075262e-06,-3.630039177e-05,1.922412566e-05,-8.030656477e-04,-3.809773675e-03,-1.183364390e-02,-2.018953903e-02,-1.690407974e-02,-5.647573035e-03,
1.584305632e-01
l,5.5,3.5
2.111,2.811,3.531,
7.041828086e-09,1.261652219e+01
5.828991998e-04,-1.743857423e-04,-3.745076938e-03,-2.322227037e-03,1.334794401e-02,3.926121750e-02,5.583596820e-02,4.354691288e-02,1.443299334e-02,
5.636689604e-05,-2.548403422e-04,7.161613838e-05,-5.807985228e-03,-2.537171357e-02,-6.868420378e-02,-9.203536458e-02,-4.773434861e-02,-4.148327241e-03,
1.586615122e-01
l,5.5,4.5
2.131,2.851,3.571,
3.802618840e-07,9.879911547e+00
4.381305072e-03,-1.342928310e-03,-2.452267230e-02,6.055264682e-02,4.729686009e-01,1.080861209e+00,1.254147111e+00,7.515144844e-01,1.845752166e-01,
4.311792121e-04,-1.949401592e-03,9.493652402e-04,-4.039575257e-02,-1.767249477e-01,-4.907913709e-01,-7.189007772e-01,-4.770694698e-01,-1.134652505e-01,
1.584453395e-01
l,5.5,5.5
2.151,2.831,3.531,
2.950393051e-06,9.760468261e+00
3.635856137e-02,1.093438275e-02,-2.494093398e-01,-5.634801185e-01,-1.132962660e+00,-3.492774353e+00,-7.179305029e+00,-7.289582382e+00,-2.874825068e+00,
4.723912435e-03,-2.116849628e-02,7.597919009e-03,-4.914492622e-01,-2.441106555e+00,-7.564467170e+00,-1.275933114e+01,-1.001084504e+01,-2.845497659e+00,
1.589273218e-01
l,6.5,-6.5
1.831,2.391,2.951,
0.000000000e+00,0.000000000e+00
1.451954984e-12,-3.076624765e-12,-1.467324717e-12,6.148739398e-11,2.216887859e-10,7.659995221e-10,2.063929669e-09,2.880917001e-09,1.539539866e-09,
1.787977331e-13,-7.984964762e-13,-3.745287394e-13,-3.248163712e-11,-2.075622322e-10,-7.829377158e-10,-1.634295684e-09,-1.772701398e-09,-7.940633187e-10,
1.586003947e-01
l,6.5,-5.5
1.931,2.491,3.071,
0.000000000e+00,0.000000000e+00
8.166045097e-12,-1.521931019e-11,-1.873475297e-11,3.427821300e-10,1.339688230e-09,3.712300544e-09,8.217827494e-09,1.056951523e-08,5.465389307e-09,
9.605679988e-13,-4.302539624e-12,-1.117300604e-12,-1.571007339e-10,-9.608070468e-10,-3.483713032e-09,-6.935277042e-09,-7.125380778e-09,-3.029983185e-09,
1.586623938e-01
l,6.5,-4.5
2.031,2.611,3.191,
0.000000000e+00,0.000000000e+00
4.390742978e-11,-8.235197672e-11,-1.037596404e-10,1.506709037e-09,4.016157820e-09,5.573229068e-09,9.281775400e-09,1.308371408e-08,7.283976054e-09,
5.149637024e-12,-2.312911772e-11,-4.178534797e-12,-8.278000037e-10,-5.058799842e-09,-1.841788288e-08,-3.687241463e-08,-3.804074237e-08,-1.619556711e-08,
1.586314504e-01
l,6.5,-3.5
2.111,2.691,3.291,
0.000000000e+00,0.000000000e+00
2.554171874e-10,-3.530872817e-10,-9.021668166e-10,9.502648555e-09,4.140059385e-08,9.195914176e-08,1.413918676e-07,1.405829502e-07,6.337171653e-08,
3.017747040e-11,-1.358266741e-10,-5.533659618e-11,-5.137503383e-09,-3.070236133e-08,-1.076237728e-07,-2.060324573e-07,-2.009583710e-07,-8.030003809e-08,
1.586625312e-01
l,6.5,-2.5
2.211,2.811,3.411,
1.029327365e-18,2.443541121e+01
1.400243033e-09,-2.121198652e-09,-4.477596284e-09,4.926733045e-08,1.821546488e-07,3.318603137e-07,4.637189465e-07,4.840763797e-07,2.360983832e-07,
1.614377040e-10,-7.283455104e-10,-2.052038048e-10,-2.665534451e-08,-1.592345379e-07,-5.620188919e-07,-1.086240708e-06,-1.072847133e-06,-4.346757095e-07,
1.586926901e-01
l,6.5,-1.5
2.291,2.891,3.511,
0.000000000e+00,0.000000000e+00
8.254199102e-09,-9.443974183e-09,-3.442759326e-08,2.554922280e-07,1.215650535e-06,2.561491322e-06,3.203382838e-06,2.325393049e-06,7.403196093e-07,
9.438208303e-10,-4.266041470e-09,-1.520475216e-09,-1.562123176e-07,-9.073881310e-07,-3.088595465e-06,-5.704588677e-06,-5.308952947e-06,-2.005879699e-06,
1.586617884e-01
l,6.5,-0.5
2.351,2.971,3.611,
0.000000000e+00,0.000000000e+00
4.914765128e-08,-4.398806543e-08,-2.194375643e-07,1.468186843e-06,8.135351611e-06,2.001890408e-05,3.001790417e-05,2.652512729e-05,1.036701280e-05,
5.514528436e-09,-2.496899687e-08,-9.047526525e-09,-9.065699558e-07,-5.158421016e-06,-1.713961307e-05,-3.081685436e-05,-2.772061162e-05,-1.004184601e-05,
1.586627316e-01
l,6.5,0.5
2.431,3.071,3.711,
2.025818451e-16,2.179733011e+01
2.927693004e-07,-2.876683852e-07,-1.271704266e-06,8.216263402e-06,4.106733147e-05,8.464989378e-05,9.812282757e-05,6.367717172e-05,1.800086498e-05,
3.219525100e-08,-1.460157450e-07,-4.438655541e-08,-5.206426120e-06,-2.956424144e-05,-9.835986319e-05,-1.770744454e-04,-1.597180857e-04,-5.815061640e-05,
1.586627076e-01
l,6.5,1.5
2.471,3.131,3.811,
5.329259518e-16,2.216438130e+01
1.840738946e-06,-1.128276176e-06,-9.686018500e-06,2.195347325e-05,1.623617928e-04,4.364321663e-04,7.081078750e-04,6.525844378e-04,2.537770960e-04,
1.878607540e-07,-8.533366149e-07,-2.277537662e-07,-2.908800173e-05,-1.572065828e-04,-4.967802297e-04,-8.271761561e-04,-6.637306321e-04,-2.061758633e-04,
1.586907599e-01
l,6.5,2.5
2.531,3.191,3.871,
3.732944039e-14,1.915749481e+01
1.205718036e-05,-2.988334986e-06,-7.569309098e-05,6.339916213e-05,1.260922173e-03,4.179742820e-03,6.796169487e-03,5.602734073e-03,1.867848259e-03,
1.313365634e-06,-5.971147657e-06,-2.240976584e-06,-2.005216341e-04,-1.050392126e-03,-3.123020426e-03,-4.738762605e-03,-3.266910095e-03,-7.860072207e-04,
1.586463517e-01
l,6.5,3.5
2.551,3.251,3.951,
7.644425543e-13,1.768901619e+01
8.119997801e-05,-3.500399236e-05,-4.107972236e-04,1.548528836e-03,9.568677770e-03,1.933954942e-02,1.907658063e-02,8.878575150e-03,1.361674711e-03,
8.372659923e-06,-3.810920001e-05,1.517570447e-05,-8.718070714e-04,-4.083373015e-03,-1.217962579e-02,-1.995579447e-02,-1.587962946e-02,-4.976813510e-03,
1.584437207e-01
l,6.5,4.5
2.591,3.311,4.031,
5.816887946e-11,1.495924215e+01
5.632892717e-04,-1.903686414e-04,-3.581279059e-03,-2.698331209e-03,9.423800155e-03,2.584398667e-02,2.979832968e-02,1.704972093e-02,3.670056565e-03,
5.347127331e-05,-2.436316710e-04,9.191112537e-05,-5.353847756e-03,-2.315149950e-02,-6.267419910e-02,-8.365368479e-02,-4.237406788e-02,-2.949867704e-03,
1.586000955e-01
l,6.5,5.5
2.591,3.331,4.071,
1.284689126e-08,1.137842084e+01
4.304343835e-03,-5.936528969e-04,-2.500310445e-02,3.242532574e-02,3.655906886e-01,8.892220029e-01,1.071979065e+00,6.661765762e-01,1.707326872e-01,
4.088249497e-04,-1.862649300e-03,1.034402824e-03,-3.742678207e-02,-1.593930652e-01,-4.353364590e-01,-6.206707679e-01,-3.873223141e-01,-7.970340763e-02,
1.585073418e-01
l,6.5,6.5
2.611,3.311,4.031,
1.228961512e-07,1.108919899e+01
3.516573086e-02,1.544371096e-02,-2.277731976e-01,-6.147730784e-01,-1.303751249e+00,-3.122508960e+00,-5.385775759e+00,-4.992251280e+00,-1.868886843e+00,
4.488792259e-03,-2.030299445e-02,3.456504246e-03,-5.219456884e-01,-2.625918752e+00,-8.155993371e+00,-1.381438624e+01,-1.103469413e+01,-3.257932979e+00,
1.589101958e-01
l,7.5,-7.5
2.151,2.711,3.271,
0.000000000e+00,0.000000000e+00
3.901090876e-14,-8.642092135e-14,-3.669269690e-14,1.603430398e-12,5.869345568e-12,2.172781021e-11,5.960472285e-11,8.279890703e-11,4.386516754e-11,
4.637959473e-15,-2.086651290e-14,-4.963044946e-15,-7.853484219e-13,-4.962279741e-12,-1.872534958e-11,-3.899879131e-11,-4.217024142e-11,-1.886777804e-11,
1.586312584e-01
l,7.5,-6.5
2.251,2.811,3.371,
0.000000000e+00,0.000000000e+00
2.183327033e-13,-4.267107008e-13,-4.029537819e-13,9.776016457e-12,3.714169903e-11,1.012584380e-10,2.197381841e-10,2.780070558e-10,1.417625477e-10,
2.715875880e-14,-1.224355111e-13,-5.369095485e-14,-4.898400538e-12,-3.104417200e-11,-1.160505478e-10,-2.396892527e-10,-2.566831094e-10,-1.137266891e-10,
1.586623722e-01
l,7.5,-5.5
2.371,2.931,3.491,
0.000000000e+00,0.000000000e+00
1.164237001e-12,-2.255876740e-12,-2.033251888e-12,4.879616542e-11,1.798270525e-10,5.029371881e-10,1.141687501e-09,1.470100791e-09,7.482959214e-10,
1.451392643e-13,-6.557882364e-13,-3.037218233e-13,-2.674019314e-11,-1.698806142e-10,-6.370661862e-10,-1.321594056e-09,-1.418601771e-09,-6.274576967e-10,
1.586615237e-01
l,7.5,-4.5
2.451,3.031,3.611,
0.000000000e+00,0.000000000e+00
6.516706012e-12,-1.107634362e-11,-1.822167464e-11,2.565804234e-10,9.686075709e-10,1.998011726e-09,3.092437096e-09,3.219229942e-09,1.501544023e-09,
7.748779215e-13,-3.508536553e-12,-1.061834212e-12,-1.309808156e-10,-7.997076823e-10,-2.888711741e-09,-5.725305589e-09,-5.830065502e-09,-2.449381956e-09,
1.586925697e-01
l,7.5,-3.5
2.551,3.131,3.731,
0.000000000e+00,0.000000000e+00
3.643159038e-11,-5.590784422e-11,-1.202200805e-10,1.228017054e-09,4.386072437e-09,7.881674970e-09,1.182115029e-08,1.385578935e-08,7.389864012e-09,
4.130807629e-12,-1.874049977e-11,-3.188827348e-12,-6.610406595e-10,-3.924574763e-09,-1.386116377e-08,-2.677088238e-08,-2.636771733e-08,-1.065151591e-08,
1.586624986e-01
l,7.5,-2.5
2.631,3.231,3.831,
0.000000000e+00,0.000000000e+00
2.062948978e-10,-2.815108471e-10,-7.597441191e-10,7.054032853e-09,3.041913066e-08,6.082334010e-08,7.448987508e-08,5.515693911e-08,1.848763857e-08,
2.410039111e-11,-1.095064008e-10,-4.092239922e-11,-4.124349139e-09,-2.457313803e-08,-8.606139637e-08,-1.644628268e-07,-1.597323991e-07,-6.343113302e-08,
1.586926901e-01
l,7.5,-1.5
2.711,3.331,3.951,
0.000000000e+00,0.000000000e+00
1.179119025e-09,-1.564461018e-09,-4.604291103e-09,3.608011898e-08,1.501694249e-07,2.803618568e-07,3.393087490e-07,2.797954727e-07,1.135051979e-07,
1.282398397e-10,-5.837077753e-10,-4.668115723e-11,-1.951041476e-08,-1.119649379e-07,-3.827602886e-07,-7.099995121e-07,-6.644058647e-07,-2.534687359e-07,
1.586626462e-01
l,7.5,-0.5
2.791,3.411,4.051,
0.000000000e+00,0.000000000e+00
7.025653836e-09,-7.333310042e-09,-3.151463566e-08,1.937153369e-07,1.016102603e-06,2.367982507e-06,3.392099486e-06,2.904181835e-06,1.110203065e-06,
7.469611187e-10,-3.404601076e-09,-2.733986442e-10,-1.113341841e-07,-6.207122596e-07,-2.051022426e-06,-3.639663081e-06,-3.208957029e-06,-1.139645066e-06,
1.586627316e-01
l,7.5,0.5
2.871,3.511,4.151,
0.000000000e+00,0.000000000e+00
4.159456068e-08,-4.630684197e-08,-1.832801603e-07,1.061775112e-06,5.127571181e-06,1.019655105e-05,1.139155376e-05,7.084098269e-06,1.889184547e-06,
4.348189092e-09,-1.984462597e-08,-8.212453792e-10,-6.395618565e-07,-3.554637683e-06,-1.174230696e-05,-2.080238064e-05,-1.830892264e-05,-6.499075157e-06,
1.586626889e-01
l,7.5,1.5
2.911,3.571,4.231,
0.000000000e+00,0.000000000e+00
2.633217946e-07,-2.197020067e-07,-1.207057743e-06,7.714724498e-06,4.134481265e-05,8.582049356e-05,9.388014333e-05,5.406420527e-05,1.296698832e-05,
2.769541125e-08,-1.265247641e-07,2.936333270e-10,-3.992730671e-06,-2.187689570e-05,-7.113791346e-05,-1.255067275e-04,-1.107266105e-04,-3.944941501e-05,
1.585367850e-01
l,7.5,2.5
2.971,3.651,4.351,
6.179714614e-19,2.459350809e+01
1.636199045e-06,-1.544846919e-06,-7.757659721e-06,9.087828462e-06,-5.588331878e-05,-4.729728198e-04,-1.040269426e-03,-9.839919990e-04,-3.522060863e-04,
1.469844949e-07,-6.724475249e-07,2.806595765e-07,-1.659026028e-05,-8.197267022e-05,-2.657688409e-04,-4.657719497e-04,-3.955877618e-04,-1.314245012e-04,
1.585482821e-01
l,7.5,3.5
3.011,3.691,4.391,
2.471816043e-18,2.472736692e+01
1.102162969e-05,-3.116154056e-06,-7.475937370e-05,-9.560384792e-05,7.391410931e-05,3.550702554e-04,3.619951957e-04,4.066544512e-05,-9.117305476e-05,
1.125055128e-06,-5.149425064e-06,1.406944447e-06,-1.180215588e-04,-5.168621183e-04,-1.382260777e-03,-1.788020017e-03,-7.938619157e-04,3.268162433e-05,
1.586603973e-01
l,7.5,4.5
3.031,3.731,4.451,
9.965062309e-16,2.085937082e+01
7.639045361e-05,-1.224394627e-05,-4.039083125e-04,9.756926037e-04,8.141338232e-03,1.967451473e-02,2.454598341e-02,1.630674775e-02,4.610132224e-03,
7.842322857e-06,-3.591836210e-05,1.218408204e-05,-8.399861057e-04,-3.880641189e-03,-1.135727869e-02,-1.814924448e-02,-1.384571279e-02,-4.045659045e-03,
1.584756932e-01
l,7.5,5.5
3.051,3.791,4.531,
3.993297543e-14,1.916354022e+01
5.368359853e-04,-8.181684025e-05,-3.647494410e-03,-7.302211672e-03,-1.167378831e-02,-2.438213993e-02,-3.998035654e-02,-3.573389140e-02,-1.300329980e-02,
4.996327726e-05,-2.290193159e-04,9.960229847e-05,-4.895727426e-03,-2.080331657e-02,-5.557130731e-02,-7.228428992e-02,-3.373727029e-02,-4.901982553e-04,
1.586002535e-01
l,7.5,6.5
3.051,3.791,4.551,
2.395091929e-10,1.320767825e+01
4.116449039e-03,1.078211463e-03,-2.457886043e-02,-1.207125387e-02,1.842304942e-01,5.407473831e-01,6.980147777e-01,4.490998638e-01,1.173184023e-01,
4.180937030e-04,-1.915818639e-03,7.407066802e-04,-4.225370553e-02,-1.862082192e-01,-5.178242760e-01,-7.685801383e-01,-5.170396917e-01,-1.214925000e-01,
1.584455822e-01
l,7.5,7.5
3.071,3.811,4.551,
2.971943104e-09,1.274976991e+01
3.359844163e-02,1.199818544e-02,-2.312839493e-01,-7.575759500e-01,-2.072900793e+00,-4.965367130e+00,-7.711524584e+00,-6.464410249e+00,-2.220421190e+00,
3.831850052e-03,-1.747166095e-02,6.594939375e-03,-4.075706575e-01,-1.959002008e+00,-5.925718435e+00,-9.550891539e+00,-7.000723333e+00,-1.799094086e+00,
1.588481116e-01
l,8.5,-8.5
2.491,3.031,3.571,
0.000000000e+00,0.000000000e+00
1.032459047e-15,-2.357157121e-15,-8.292042913e-17,5.488429808e-14,2.489031132e-13,9.457228557e-13,2.331270388e-12,2.951769962e-12,1.463168983e-12,
1.303928769e-16,-5.899958435e-16,-7.911947249e-16,-3.759755820e-14,-2.796684823e-13,-1.149995950e-12,-2.559516166e-12,-2.922679147e-12,-1.355290662e-12,
1.586002693e-01
l,8.5,-7.5
2.591,3.131,3.671,
0.000000000e+00,0.000000000e+00
5.755748119e-15,-1.165211198e-14,-4.054308100e-15,3.444483243e-13,1.544223909e-12,4.713377706e-12,9.678763636e-12,1.094712484e-11,5.006091062e-12,
7.614975137e-16,-3.451398709e-15,-5.648578380e-15,-2.361798922e-13,-1.768044777e-12,-7.263056214e-12,-1.617141926e-11,-1.847421563e-11,-8.568997730e-12,
1.586002818e-01
l,8.5,-6.5
2.691,3.251,3.811,
0.000000000e+00,0.000000000e+00
3.050930006e-14,-6.112410068e-14,-5.211159543e-14,1.230391833e-12,4.289447089e-12,1.180562340e-11,2.691094620e-11,3.456052768e-11,1.740222100e-11,
3.708619007e-15,-1.684599556e-14,-6.291199111e-15,-6.694108492e-13,-4.228834459e-12,-1.585382324e-11,-3.282070496e-11,-3.513432376e-11,-1.551280702e-11,
1.587234852e-01
l,8.5,-5.5
2.791,3.351,3.911,
0.000000000e+00,0.000000000e+00
1.699199050e-13,-2.974910215e-13,-4.221123368e-13,7.018461899e-12,2.428114148e-11,4.107183864e-11,4.531812071e-11,3.397403794e-11,1.240846987e-11,
2.161294522e-14,-9.831944224e-14,-5.442583477e-14,-4.099896834e-12,-2.599889934e-11,-9.681189112e-11,-1.992784784e-10,-2.119705993e-10,-9.300910455e-11,
1.586623938e-01
l,8.5,-4.5
2.891,3.471,4.051,
0.000000000e+00,0.000000000e+00
9.093520750e-13,-1.644049632e-12,-2.345918785e-12,3.121210175e-11,9.643379853e-11,1.787416962e-10,3.369131576e-10,4.540471441e-10,2.493963105e-10,
1.049392809e-13,-4.783065412e-13,-6.203540393e-14,-1.700483320e-11,-1.033042927e-10,-3.758096260e-10,-7.505429352e-10,-7.691326281e-10,-3.245443518e-10,
1.586615811e-01
l,8.5,-3.5
2.991,3.571,4.151,
0.000000000e+00,0.000000000e+00
5.119100022e-12,-8.276428789e-12,-1.523219395e-11,2.019940494e-10,8.470254636e-10,1.963440603e-09,3.267789521e-09,3.460594030e-09,1.610410811e-09,
6.109892559e-13,-2.788483454e-12,-9.350143075e-13,-1.059848054e-10,-6.478625287e-10,-2.340240478e-09,-4.639066550e-09,-4.714434217e-09,-1.971861883e-09,
1.586926170e-01
l,8.5,-2.5
3.071,3.671,4.271,
0.000000000e+00,0.000000000e+00
2.888649042e-11,-4.405848627e-11,-9.921533307e-11,8.975977161e-10,3.091572977e-09,4.436614745e-09,3.766090849e-09,2.438471831e-09,9.491284506e-10,
3.243485400e-12,-1.482484159e-11,-2.053450031e-12,-5.192301277e-10,-3.069642436e-09,-1.082410359e-08,-2.084480894e-08,-2.041317122e-08,-8.181973755e-09,
1.586616731e-01
l,8.5,-1.5
3.151,3.751,4.371,
0.000000000e+00,0.000000000e+00
1.702011032e-10,-2.003039026e-10,-7.089138779e-10,5.392641099e-09,2.734421520e-08,6.533531435e-08,9.775246477e-08,8.790680984e-08,3.529531277e-08,
1.886115720e-11,-8.630880918e-11,-1.738250377e-11,-3.013021302e-09,-1.730786817e-08,-5.871776921e-08,-1.077497847e-07,-9.921369727e-08,-3.705900763e-08,
1.586927646e-01
l,8.5,-0.5
3.231,3.851,4.471,
0.000000000e+00,0.000000000e+00
9.861681471e-10,-1.176088444e-09,-3.924600674e-09,2.983931682e-08,1.376473979e-07,2.837677275e-07,3.559536503e-07,2.724101138e-07,9.612495650e-08,
1.096002487e-10,-5.020924571e-10,-1.400090854e-10,-1.821312290e-08,-1.056598633e-07,-3.614437459e-07,-6.718599899e-07,-6.292229788e-07,-2.390308309e-07,
1.586928500e-01
l,8.5,0.5
3.311,3.931,4.571,
0.000000000e+00,0.000000000e+00
5.951939830e-09,-6.032850989e-09,-2.634760182e-08,1.563648259e-07,7.970694025e-07,1.723782267e-06,2.205783505e-06,1.675583827e-06,5.792103853e-07,
6.364372590e-10,-2.918712888e-09,-4.918942812e-10,-1.000074978e-07,-5.630113274e-07,-1.873819611e-06,-3.366430552e-06,-3.015517334e-06,-1.086920458e-06,
1.586626889e-01
l,8.5,1.5
3.371,4.011,4.651,
0.000000000e+00,0.000000000e+00
3.644990088e-08,-2.914103663e-08,-1.759089172e-07,7.408352663e-07,5.256999718e-06,1.555779715e-05,2.619603154e-05,2.376939040e-05,8.922758174e-06,
4.050607610e-09,-1.859140271e-08,-9.315666459e-09,-7.045766816e-07,-3.982246961e-06,-1.305674077e-05,-2.281574064e-05,-1.953111971e-05,-6.584340680e-06,
1.586903026e-01
l,8.5,2.5
3.411,4.051,4.711,
0.000000000e+00,0.000000000e+00
2.375367956e-07,-3.335909082e-08,-1.539597357e-06,1.770284243e-06,3.473280045e-05,1.247704715e-04,2.179998446e-04,1.934837979e-04,6.997375858e-05,
2.822182702e-08,-1.296092888e-07,-5.657639345e-08,-4.433748339e-06,-2.357405500e-05,-7.015506302e-05,-1.064325885e-04,-7.254629579e-05,-1.664653728e-05,
1.585480405e-01
l,8.5,3.5
3.471,4.151,4.831,
0.000000000e+00,0.000000000e+00
1.491223998e-06,-1.152336098e-06,-6.368089041e-06,3.234567762e-05,1.426103149e-04,1.994665230e-04,8.017885103e-05,-5.501944058e-05,-4.424280786e-05,
1.493641357e-07,-6.867451296e-07,-1.079773045e-07,-2.354514620e-05,-1.299567363e-04,-4.264051196e-04,-7.594428016e-04,-6.736640296e-04,-2.383095803e-04,
1.585667002e-01
l,8.5,4.5
3.511,4.191,4.891,
0.000000000e+00,0.000000000e+00
1.005917966e-05,-2.545548731e-06,-6.707177889e-05,-9.089045161e-05,4.045311158e-05,2.553083794e-04,2.708601959e-04,6.347360091e-05,-3.763292799e-05,
1.041522309e-06,-4.791341260e-06,9.759967650e-07,-1.154515238e-04,-5.198904917e-04,-1.433166258e-03,-1.981899848e-03,-1.081135612e-03,-1.097794931e-04,
1.586303920e-01
l,8.5,5.5
3.531,4.251,4.971,
2.306518873e-18,2.316275371e+01
7.008617831e-05,-2.868556848e-05,-3.704094787e-04,7.812727784e-04,5.482815329e-03,1.013219624e-02,7.900712857e-03,1.642426100e-03,-6.185960637e-04,
6.613654936e-06,-3.044650062e-05,1.676053691e-05,-6.512773202e-04,-2.938562852e-03,-8.653158478e-03,-1.372368818e-02,-1.022655184e-02,-2.890018284e-03,
1.584759577e-01
l,8.5,6.5
3.551,4.291,5.031,
6.759749747e-16,2.012405625e+01
5.024797283e-04,-8.568472891e-05,-3.395766765e-03,-6.756098672e-03,-9.412506201e-03,-1.665513866e-02,-2.699996694e-02,-2.513975313e-02,-9.544483191e-03,
4.611677372e-05,-2.124020276e-04,1.038164236e-04,-4.418955729e-03,-1.846860223e-02,-4.864229832e-02,-6.142370882e-02,-2.581039990e-02,1.622445845e-03,
1.586002839e-01
l,8.5,7.5
3.531,4.291,5.051,
4.381997573e-12,1.482052939e+01
3.885139944e-03,7.414095094e-04,-2.242529610e-02,-5.843934329e-03,1.798202720e-01,4.923670196e-01,6.042572190e-01,3.694470201e-01,9.126881921e-02,
3.858459929e-04,-1.776624838e-03,7.223564391e-04,-3.945572834e-02,-1.752493816e-01,-4.949112400e-01,-7.497178215e-01,-5.213543042e-01,-1.301852112e-01,
1.584765155e-01
l,8.5,8.5
3.551,4.291,5.051,
6.033901984e-11,1.434803160e+01
3.130111843e-02,1.576108813e-02,-2.128905085e-01,-8.688082091e-01,-2.781268189e+00,-6.758144078e+00,-1.022006211e+01,-8.362587458e+00,-2.824278123e+00,
3.537044468e-03,-1.621953640e-02,4.751805121e-03,-3.982546173e-01,-1.939954613e+00,-5.909204753e+00,-9.599260442e+00,-7.174574839e+00,-1.924181214e+00,
1.587860641e-01
