l,0.5,-0.5
0.111,0.651,1.191,
3.213451562e-02,2.284894689e+00
9.724302799e-04,-2.575753465e-03,3.311969274e-03,5.368230490e-02,2.835885489e-01,1.154740398e+00,2.296387310e+00,2.111137463e+00,7.705684017e-01,
1.293411836e-04,-5.681651433e-04,-9.453454726e-04,-3.818669370e-02,-2.886565905e-01,-1.191432609e+00,-2.670593920e+00,-3.083706332e+00,-1.443149730e+00,
1.581985337e-01
l,0.5,0.5
0.171,0.391,0.631,
4.416508816e-01,2.710996202e+00
1.405510027e-02,2.288792006e-02,1.486483647e+00,6.756066359e+01,1.254549682e+03,1.203616679e+04,6.170830263e+04,1.607257936e+05,1.674386158e+05,
9.516998609e-03,-3.002589872e-02,-1.107586769e+00,-5.527441772e+01,-1.120625411e+03,-1.117654056e+04,-5.844904752e+04,-1.540755294e+05,-1.618274478e+05,
1.591438077e-01
l,1.5,-1.5
0.291,0.831,1.371,
2.524614948e-03,4.289201581e+00
5.762873116e-05,-1.528286228e-04,1.356904676e-04,3.483579941e-03,1.816767213e-02,8.507211925e-02,2.084801760e-01,2.337946359e-01,9.736638351e-02,
7.150456422e-06,-3.222296408e-05,-4.229050675e-05,-2.016309666e-03,-1.510935138e-02,-6.243382639e-02,-1.399078204e-01,-1.615331432e-01,-7.577646753e-02,
1.582293514e-01
l,1.5,-0.5
0.371,0.851,1.371,
4.215695439e-03,3.813675041e+00
4.031969002e-04,-8.313047788e-04,-2.103722488e-04,2.969383585e-02,1.548637437e-01,6.917739787e-01,1.989841606e+00,2.851952849e+00,1.574936783e+00,
5.825603018e-05,-2.624546019e-04,-3.741129228e-04,-1.716717131e-02,-1.320658352e-01,-5.599180732e-01,-1.294096149e+00,-1.540696031e+00,-7.465004803e-01,
1.587858701e-01
l,1.5,0.5
0.391,0.951,1.531,
1.920043494e-02,3.913819133e+00
2.137633972e-03,-5.188185169e-03,-1.355209539e-04,8.625884830e-02,2.941138134e-01,1.429588855e+00,4.298643132e+00,5.759524820e+00,2.826793712e+00,
2.273558375e-04,-1.040812308e-03,-2.698663620e-04,-3.867085283e-02,-2.384931858e-01,-8.763891557e-01,-1.775620531e+00,-1.877121430e+00,-8.224129017e-01,
1.580450002e-01
l,1.5,1.5
0.431,0.771,1.151,
1.960657489e-01,4.405268538e+00
2.545111999e-02,1.187219249e-02,1.316764207e-01,9.814085954e+00,1.065243824e+02,6.123757348e+02,1.996538469e+03,3.423948636e+03,2.390249735e+03,
9.689674864e-03,-3.963272405e-02,-2.294235144e-01,-7.682700670e+00,-8.796766325e+01,-5.204233263e+02,-1.671274947e+03,-2.750118907e+03,-1.820544634e+03,
1.591438018e-01
l,2.5,-2.5
0.511,1.031,1.571,
6.335173046e-05,6.904396327e+00
2.918409109e-06,-7.098722654e-06,1.516412701e-06,1.829771636e-04,8.134892667e-04,3.604688274e-03,1.002551857e-02,1.332152461e-02,6.666617156e-03,
3.544332324e-07,-1.630195468e-06,-2.023227826e-06,-1.017516932e-04,-7.593743351e-04,-3.136591592e-03,-7.020121325e-03,-8.087664722e-03,-3.793032860e-03,
1.583840724e-01
l,2.5,-1.5
0.591,1.091,1.631,
8.914360877e-05,6.229239174e+00
1.684526069e-05,-3.144166594e-05,-3.758274618e-05,1.111258681e-03,5.241670136e-03,1.931128191e-02,5.275327307e-02,7.651075628e-02,4.312258020e-02,
2.187187850e-06,-1.011098175e-05,-1.247627589e-05,-6.286558022e-04,-4.672276719e-03,-1.918160498e-02,-4.264562606e-02,-4.859265942e-02,-2.252292869e-02,
1.587237637e-01
l,2.5,-0.5
0.631,1.191,1.751,
2.211924046e-04,5.891891686e+00
8.745127707e-05,-1.725703829e-04,-2.439911648e-04,3.707161818e-03,8.928039935e-03,1.390675747e-02,4.547877608e-02,8.611813866e-02,5.487434888e-02,
1.015440813e-05,-4.736720572e-05,-8.076667919e-06,-1.766441783e-03,-1.105342531e-02,-4.142269983e-02,-8.563127746e-02,-9.185577311e-02,-4.100881831e-02,
1.584461058e-01
l,2.5,0.5
0.671,1.231,1.791,
7.981767058e-04,5.642232216e+00
5.467159790e-04,-8.266724763e-04,-2.208286416e-03,2.406581373e-02,7.774363780e-02,8.536346483e-02,6.369468786e-02,9.654567872e-02,7.773249385e-02,
6.847147791e-05,-3.201985522e-04,-1.277490618e-04,-1.290925793e-02,-8.139638378e-02,-3.031224521e-01,-6.234585706e-01,-6.604700510e-01,-2.890837873e-01,
1.586317484e-01
l,2.5,1.5
0.691,1.291,1.911,
3.713150779e-03,5.258034532e+00
3.345473902e-03,-5.802020268e-03,-1.186477722e-02,1.111765940e-01,2.063464920e-01,-1.854196469e-01,-5.966509121e-01,-2.392749601e-01,1.172276687e-01,
3.152061441e-04,-1.483750695e-03,-1.314137317e-04,-5.126993463e-02,-2.937308472e-01,-1.011447801e+00,-1.890760174e+00,-1.812489975e+00,-7.213923662e-01,
1.581064756e-01
l,2.5,2.5
0.751,1.171,1.611,
3.131492742e-02,5.654606466e+00
3.468455002e-02,8.944229047e-03,-9.084632207e-02,4.442152158e+00,3.834136393e+01,1.630881414e+02,4.046922234e+02,5.469754037e+02,3.081665819e+02,
1.004922382e-02,-4.431731832e-02,-1.083020575e-01,-3.768720169e+00,-3.338413447e+01,-1.606687264e+02,-4.339490418e+02,-6.072785830e+02,-3.440901566e+02,
1.591446736e-01
l,3.5,-3.5
0.751,1.271,1.791,
3.990808028e-07,9.739314536e+00
1.234949991e-07,-2.981870451e-07,-2.071222805e-08,7.827915315e-06,3.597815776e-05,1.681258914e-04,5.138702269e-04,7.625304398e-04,4.290552172e-04,
1.573143307e-08,-7.358598337e-08,-9.307549867e-08,-4.751725807e-06,-3.620684358e-05,-1.534830795e-04,-3.538468078e-04,-4.205777393e-04,-2.038396051e-04,
1.584458922e-01
l,3.5,-2.5
0.831,1.351,1.891,
9.895706283e-07,1.183820840e+01
6.518271789e-07,-1.270580410e-06,-1.526655292e-06,3.921530242e-05,1.496344414e-04,3.895073265e-04,8.660413626e-04,1.134983291e-03,5.872920701e-04,
8.004113155e-08,-3.767668641e-07,-3.695566099e-07,-2.216672204e-05,-1.636216956e-04,-6.728576841e-04,-1.495899646e-03,-1.703248897e-03,-7.899264369e-04,
1.587237581e-01
l,3.5,-1.5
0.911,1.451,1.991,
1.425705130e-06,9.397437145e+00
3.275898962e-06,-6.114141554e-06,-7.689776590e-06,2.185674735e-04,1.020642009e-03,3.162030741e-03,7.227452961e-03,9.388694039e-03,4.921337083e-03,
4.051619837e-07,-1.917923743e-06,-2.131905639e-06,-1.173673268e-04,-8.672926920e-04,-3.559446137e-03,-7.900517541e-03,-8.977176897e-03,-4.152085736e-03,
1.586317041e-01
l,3.5,-0.5
0.971,1.511,2.071,
4.077454290e-06,9.641142671e+00
1.823210005e-05,-2.487605272e-05,-7.833509501e-05,9.852440957e-04,4.714035517e-03,1.109077099e-02,1.766796193e-02,1.776490243e-02,7.964316780e-03,
2.251568230e-06,-1.070191405e-05,-3.444434704e-06,-4.263234955e-04,-2.661937973e-03,-9.865971196e-03,-2.012301674e-02,-2.098470304e-02,-9.013481901e-03,
1.586619155e-01
l,3.5,0.5
1.011,1.591,2.171,
1.499599240e-05,8.530431934e+00
1.014068985e-04,-1.442388305e-04,-4.649703059e-04,4.048015228e-03,1.469032824e-02,1.689192968e-02,3.509381024e-03,-5.081771019e-03,-1.709286595e-03,
1.134501288e-05,-5.417468218e-05,-9.052926527e-06,-2.013825798e-03,-1.210269510e-02,-4.352349295e-02,-8.547261093e-02,-8.544151682e-02,-3.521960673e-02,
1.585388909e-01
l,3.5,1.5
1.051,1.631,2.231,
7.394362110e-05,7.813768150e+00
6.412069779e-04,-7.429054635e-04,-3.435342516e-03,2.410015319e-02,1.119484818e-01,1.914991202e-01,1.513040782e-01,3.826601579e-02,-9.343619469e-03,
6.915203350e-05,-3.310124425e-04,1.654964436e-05,-1.099779492e-02,-6.311395853e-02,-2.177758596e-01,-4.057541944e-01,-3.788129592e-01,-1.450442606e-01,
1.585695877e-01
l,3.5,2.5
1.051,1.671,2.311,
4.826801564e-04,7.019262697e+00
4.236501176e-03,-5.651831777e-03,-2.001900275e-02,1.320734926e-01,3.816140393e-01,-7.367679397e-02,-1.385185715e+00,-1.845684918e+00,-7.942437089e-01,
3.812413605e-04,-1.829124479e-03,2.531770364e-04,-5.850643798e-02,-3.212959942e-01,-1.072828335e+00,-1.929547971e+00,-1.749722351e+00,-6.537636802e-01,
1.581306059e-01
l,3.5,3.5
1.091,1.571,2.071,
3.891672245e-03,6.896411152e+00
4.185064882e-02,1.123618229e-02,-1.798175131e-01,3.110811306e+00,2.685432837e+01,1.040197187e+02,2.280723712e+02,2.690844320e+02,1.317539468e+02,
9.534722168e-03,-4.387523455e-02,-6.966899318e-02,-2.979129503e+00,-2.390442129e+01,-1.043301133e+02,-2.522811980e+02,-3.113055127e+02,-1.538728797e+02,
1.591136056e-01
l,4.5,-4.5
1.011,1.511,2.031,
7.388571851e-10,1.905842675e+01
4.964511913e-09,-1.127892344e-08,-3.058307334e-09,3.595147102e-07,1.648083729e-06,6.220127838e-06,1.630360490e-05,2.206976263e-05,1.153537083e-05,
6.254858545e-10,-2.967066853e-09,-3.402448653e-09,-1.871851025e-07,-1.420468565e-06,-6.021254217e-06,-1.387969372e-05,-1.648074566e-05,-7.987083173e-06,
1.585077061e-01
l,4.5,-3.5
1.111,1.611,2.131,
1.028921523e-09,1.481140682e+01
2.436584978e-08,-4.860867137e-08,-5.132026957e-08,1.632325950e-06,7.663756919e-06,2.693183396e-05,7.026249407e-05,1.002128828e-04,5.652201912e-05,
3.160715740e-09,-1.506626103e-08,-1.907864732e-08,-9.828229829e-07,-7.450007549e-06,-3.145899208e-05,-7.217226413e-05,-8.500429006e-05,-4.078700901e-05,
1.586926903e-01
l,4.5,-2.5
1.191,1.711,2.231,
1.726834113e-09,1.454566097e+01
1.195835040e-07,-2.168147666e-07,-3.115817053e-07,7.967431486e-06,3.663007719e-05,1.073027509e-04,2.390116409e-04,3.159966533e-04,1.718805649e-04,
1.591805934e-08,-7.621181621e-08,-1.114034485e-07,-5.239873758e-06,-3.988219087e-05,-1.682851217e-04,-3.861131970e-04,-4.545190462e-04,-2.177215124e-04,
1.586927635e-01
l,4.5,-1.5
1.271,1.811,2.351,
3.512713485e-09,1.454037437e+01
5.980357969e-07,-1.052246840e-06,-1.875848157e-06,3.497780855e-05,1.521393208e-04,3.690509291e-04,6.510074199e-04,7.099826823e-04,3.287324714e-04,
7.268363683e-08,-3.496545079e-07,-3.475693862e-07,-2.093197762e-05,-1.537565748e-04,-6.300469127e-04,-1.393627415e-03,-1.572751534e-03,-7.215273974e-04,
1.587237637e-01
l,4.5,-0.5
1.331,1.871,2.431,
1.800955895e-08,1.216745711e+01
3.279488055e-06,-4.137165935e-06,-1.424159497e-05,1.931099504e-04,1.111047635e-03,3.323024141e-03,6.477149271e-03,7.372365429e-03,3.575276006e-03,
4.013001134e-07,-1.936124147e-06,-6.410679744e-07,-7.845019899e-05,-4.886822111e-04,-1.808385748e-03,-3.678269246e-03,-3.808690922e-03,-1.618583868e-03,
1.586627857e-01
l,4.5,0.5
1.371,1.951,2.531,
4.316149717e-08,1.337312333e+01
1.809324931e-05,-2.335377179e-05,-9.373122387e-05,6.892279356e-04,2.933813169e-03,4.118442872e-03,1.184929310e-03,-2.482633257e-03,-1.898112375e-03,
2.009847125e-06,-9.729390131e-06,4.240271524e-07,-3.370084622e-04,-1.990503648e-03,-7.107015360e-03,-1.378552368e-02,-1.345962554e-02,-5.393023121e-03,
1.586627494e-01
l,4.5,1.5
1.411,2.011,2.611,
4.307605292e-07,1.088144029e+01
1.066857003e-04,-1.298732432e-04,-5.579364325e-04,3.365443148e-03,1.459865319e-02,2.336943485e-02,2.021487637e-02,1.183396465e-02,4.452610474e-03,
1.106610410e-05,-5.370217390e-05,1.635938944e-06,-1.850166189e-03,-1.064026268e-02,-3.707349790e-02,-6.955378782e-02,-6.492126454e-02,-2.458669730e-02,
1.585383611e-01
l,4.5,2.5
1.411,2.031,2.651,
3.262595928e-06,1.005735666e+01
7.086719852e-04,-5.141019956e-04,-4.500740704e-03,1.914897278e-02,1.396912876e-01,3.853729099e-01,5.965546963e-01,5.062094264e-01,1.821386551e-01,
7.402787352e-05,-3.596162953e-04,-3.636423462e-05,-1.234123018e-02,-6.795199242e-02,-2.214161998e-01,-3.776687856e-01,-3.063326737e-01,-9.598011451e-02,
1.586247640e-01
l,4.5,3.5
1.411,2.051,2.691,
4.320997814e-05,8.287822778e+00
5.006148014e-03,-4.119697688e-03,-2.782992523e-02,1.719681804e-01,9.586575548e-01,1.990645224e+00,2.128019988e+00,1.147758410e+00,2.393394620e-01,
4.929949887e-04,-2.395124429e-03,-1.081749269e-04,-8.143960082e-02,-4.481738100e-01,-1.468915405e+00,-2.589966451e+00,-2.269545551e+00,-8.061587827e-01,
1.581667614e-01
l,4.5,4.5
1.451,1.971,2.511,
3.927939122e-04,8.063600254e+00
4.735416174e-02,1.752358021e-02,-2.031528258e-01,2.684006153e+00,2.359191695e+01,8.840569609e+01,1.831542062e+02,2.014168245e+02,9.126405236e+01,
9.425684554e-03,-4.443446951e-02,-6.524325382e-02,-2.901934669e+00,-2.208574852e+01,-9.129362919e+01,-2.072223891e+02,-2.380005982e+02,-1.087800748e+02,
1.590825604e-01
l,5.5,-5.5
1.291,1.771,2.271,
2.241628484e-13,2.037999351e+01
1.837051067e-10,-4.280549196e-10,-1.232193644e-10,1.294987223e-08,6.149296604e-08,2.710878078e-07,8.341403173e-07,1.308091629e-06,7.923235460e-07,
2.452219707e-11,-1.175999500e-10,-1.600085194e-10,-8.064588714e-09,-6.298718641e-08,-2.750549148e-07,-6.563092062e-07,-8.086454308e-07,-4.068266217e-07,
1.585695706e-01
l,5.5,-4.5
1.391,1.891,2.391,
2.689668067e-13,1.989926066e+01
8.479157931e-10,-1.946781289e-09,-7.905962210e-10,5.830264667e-08,2.724980612e-07,1.077898205e-06,3.026719613e-06,4.445341457e-06,2.546032233e-06,
1.119572777e-10,-5.393824784e-10,-6.407171965e-10,-3.543438301e-08,-2.753287279e-07,-1.201668864e-06,-2.862179964e-06,-3.514864006e-06,-1.762629357e-06,
1.587236542e-01
l,5.5,-3.5
1.471,1.971,2.491,
0.000000000e+00,0.000000000e+00
4.277378896e-09,-7.592405014e-09,-1.075048843e-08,3.233746797e-07,1.662994587e-06,5.214995742e-06,1.118025088e-05,1.365708402e-05,6.859149589e-06,
5.608740052e-10,-2.711569236e-09,-3.345881129e-09,-1.765698974e-07,-1.337416249e-06,-5.646179074e-06,-1.295861474e-05,-1.524630137e-05,-7.303139504e-06,
1.586617017e-01
l,5.5,-2.5
1.551,2.071,2.611,
1.370001859e-13,2.298180012e+01
2.086517981e-08,-3.377361598e-08,-7.535732106e-08,1.314568257e-06,7.045533933e-06,2.271173584e-05,5.108342673e-05,6.630483372e-05,3.557007477e-05,
2.548365134e-09,-1.236719742e-08,-1.315398289e-08,-7.583776849e-07,-5.560321426e-06,-2.271952261e-05,-5.007527154e-05,-5.618587422e-05,-2.559012751e-05,
1.587547044e-01
l,5.5,-1.5
1.631,2.171,2.711,
5.548471862e-13,2.122984790e+01
1.041376976e-07,-1.688404872e-07,-3.949697865e-07,5.804921497e-06,2.618627011e-05,5.941349899e-05,9.234191206e-05,9.272041530e-05,4.220794959e-05,
1.272589005e-08,-6.193843423e-08,-6.390862200e-08,-3.771684510e-06,-2.765742713e-05,-1.130046318e-04,-2.492633833e-04,-2.800594041e-04,-1.277527077e-04,
1.587238181e-01
l,5.5,-0.5
1.691,2.251,2.811,
1.461125787e-12,2.099290404e+01
5.507116043e-07,-7.925297990e-07,-2.715355335e-06,2.138100366e-05,8.189757767e-05,8.807523306e-05,-4.672146671e-05,-1.698226990e-04,-1.027606816e-04,
6.346331091e-08,-3.097162988e-07,8.985610580e-09,-1.109831456e-05,-6.738538141e-05,-2.481371411e-04,-4.988823243e-04,-5.072652109e-04,-2.121308440e-04,
1.586929042e-01
l,5.5,0.5
1.751,2.311,2.891,
6.091618874e-11,1.622838191e+01
3.085521030e-06,-3.426093465e-06,-1.683805062e-05,1.170485519e-04,6.382485181e-04,1.535081459e-03,2.365559563e-03,2.309337883e-03,1.041596923e-03,
3.485737335e-07,-1.704554387e-06,-1.253153529e-07,-6.238253273e-05,-3.702670359e-04,-1.321385192e-03,-2.558879249e-03,-2.473946571e-03,-9.699155111e-04,
1.586627262e-01
l,5.5,1.5
1.771,2.351,2.951,
1.821967048e-10,1.677570474e+01
1.834589966e-05,-1.205053419e-05,-1.116708201e-04,6.367822821e-04,4.367689699e-03,1.162630808e-02,1.729517216e-02,1.439287608e-02,5.259274332e-03,
2.109961924e-06,-1.033268604e-05,-2.151388530e-06,-3.869757218e-04,-2.247787837e-03,-7.723684161e-03,-1.436141520e-02,-1.320079226e-02,-4.855146426e-03,
1.586312184e-01
l,5.5,2.5
1.811,2.431,3.051,
6.965086454e-09,1.329873479e+01
1.086441989e-04,-1.266240025e-04,-5.518269422e-04,2.568598473e-03,6.189651700e-03,-1.192891326e-02,-5.305971604e-02,-6.363130133e-02,-2.650035534e-02,
1.048886099e-05,-5.148051342e-05,3.435125085e-06,-1.813912202e-03,-1.039449218e-02,-3.651251198e-02,-6.958159036e-02,-6.607666657e-02,-2.524547428e-02,
1.585582924e-01
l,5.5,3.5
1.811,2.451,3.091,
1.118765332e-07,1.172333446e+01
7.369293016e-04,-5.288474465e-04,-4.742512065e-03,1.019368245e-02,8.212951303e-02,2.163506474e-01,3.263292838e-01,2.748705503e-01,9.850540846e-02,
7.000916136e-05,-3.438654168e-04,4.714585866e-06,-1.149566304e-02,-6.157769969e-02,-1.977526764e-01,-3.278748055e-01,-2.515541262e-01,-7.116776994e-02,
1.586300320e-01
l,5.5,4.5
1.791,2.451,3.111,
3.643359888e-06,9.334426927e+00
5.501149222e-03,-3.172171276e-03,-3.357637071e-02,1.462697118e-01,1.013325349e+00,2.472928197e+00,3.206836807e+00,2.221500186e+00,6.518217633e-01,
5.137346472e-04,-2.521967214e-03,2.549031384e-04,-8.038478027e-02,-4.236046741e-01,-1.336894931e+00,-2.229648614e+00,-1.791979129e+00,-5.668898753e-01,
1.582904153e-01
l,5.5,5.5
1.811,2.371,2.951,
4.721466760e-05,8.664022283e+00
5.135868117e-02,2.364145109e-02,-3.133075405e-01,6.990301284e-01,8.922096073e+00,3.026085383e+01,5.523495792e+01,5.474041599e+01,2.295714565e+01,
9.020860862e-03,-4.326826232e-02,-1.235339531e-02,-1.669822935e+00,-1.069892348e+01,-3.992634672e+01,-8.394078752e+01,-8.808459004e+01,-3.620339989e+01,
1.590204374e-01
l,6.5,-6.5
1.571,2.051,2.531,
0.000000000e+00,0.000000000e+00
6.295536141e-12,-1.640757131e-11,8.923089058e-12,5.577282618e-10,3.091202861e-09,1.431181101e-08,4.087252772e-08,5.881624201e-08,3.301600347e-08,
8.631266739e-13,-4.178298686e-12,-5.216391412e-12,-2.870250591e-10,-2.305334613e-09,-1.043947433e-08,-2.595715992e-08,-3.346906822e-08,-1.765626961e-08,
1.586623807e-01
l,6.5,-5.5
1.671,2.151,2.651,
0.000000000e+00,0.000000000e+00
3.022992967e-11,-6.944945663e-11,-2.733340109e-11,2.212664965e-09,1.057229140e-08,3.919716201e-08,9.935860898e-08,1.326259976e-07,6.929391253e-08,
3.918798810e-12,-1.904054842e-11,-2.089753882e-11,-1.228615367e-09,-9.518510748e-09,-4.154041796e-08,-9.886121489e-08,-1.212429531e-07,-6.074800840e-08,
1.587545235e-01
l,6.5,-4.5
1.771,2.251,2.751,
0.000000000e+00,0.000000000e+00
1.447010983e-10,-2.966384646e-10,-3.062344849e-10,9.795193915e-09,4.380397587e-08,1.416635427e-07,3.571278335e-07,5.151624118e-07,2.981529015e-07,
1.955477250e-11,-9.528030763e-11,-1.193739599e-10,-6.394116047e-09,-4.968611637e-08,-2.162402845e-07,-5.140002453e-07,-6.289432057e-07,-3.139600444e-07,
1.586925972e-01
l,6.5,-3.5
1.851,2.351,2.871,
0.000000000e+00,0.000000000e+00
6.963369881e-10,-1.265182450e-09,-2.054856381e-09,4.562495616e-08,2.343462389e-07,7.883352470e-07,1.897091989e-06,2.602829339e-06,1.458234870e-06,
8.846239076e-11,-4.323755987e-10,-5.203874292e-10,-2.820860315e-08,-2.128257260e-07,-8.973390005e-07,-2.051955959e-06,-2.399932158e-06,-1.141681267e-06,
1.587856561e-01
l,6.5,-2.5
1.931,2.451,2.971,
0.000000000e+00,0.000000000e+00
3.405500992e-09,-5.896557679e-09,-9.697029892e-09,2.345645055e-07,1.155646091e-06,3.208520386e-06,6.020269744e-06,6.662277963e-06,3.118554531e-06,
4.401971037e-10,-2.156702015e-09,-2.622636783e-09,-1.412119311e-07,-1.067910339e-06,-4.507612979e-06,-1.033909024e-05,-1.213783198e-05,-5.794605846e-06,
1.587237581e-01
l,6.5,-1.5
2.011,2.531,3.071,
0.000000000e+00,0.000000000e+00
1.753302925e-08,-2.469910277e-08,-6.656417549e-08,1.145062035e-06,6.890660334e-06,2.297283170e-05,4.936013221e-05,6.009576132e-05,3.055551978e-05,
2.188831000e-09,-1.074795019e-08,-1.388969041e-08,-7.047948928e-07,-5.188336708e-06,-2.119401099e-05,-4.673266196e-05,-5.234493847e-05,-2.372056528e-05,
1.587237637e-01
l,6.5,-0.5
2.071,2.611,3.171,
0.000000000e+00,0.000000000e+00
9.241161081e-08,-1.170695223e-07,-4.521328441e-07,4.460770152e-06,2.386549116e-05,5.830423763e-05,8.553492598e-05,7.261028854e-05,2.673667208e-05,
1.087219543e-08,-5.349804787e-08,-5.614069488e-09,-2.035959973e-06,-1.246855016e-05,-4.593375267e-05,-9.257203764e-05,-9.412451110e-05,-3.911522948e-05,
1.587238444e-01
l,6.5,0.5
2.131,2.691,3.251,
3.783754704e-15,2.246391860e+01
5.011963822e-07,-6.223493516e-07,-2.531504580e-06,1.997919248e-05,9.430405670e-05,1.691776482e-04,1.375303550e-04,2.929398948e-05,-1.540035178e-05,
5.952791349e-08,-2.933767428e-07,-6.477521131e-08,-1.164779423e-05,-7.181398852e-05,-2.649352840e-04,-5.360126408e-04,-5.482607340e-04,-2.289104335e-04,
1.586928447e-01
l,6.5,1.5
2.171,2.751,3.351,
3.566110602e-14,2.122271728e+01
2.869234095e-06,-3.024149052e-06,-1.704603950e-05,7.063396252e-05,3.807188139e-04,7.818918965e-04,9.475146897e-04,7.079516622e-04,2.488728834e-04,
2.951065483e-07,-1.457108199e-06,2.563553792e-07,-4.792710090e-05,-2.701794867e-04,-9.309044790e-04,-1.702875904e-03,-1.505418303e-03,-5.244799987e-04,
1.586610753e-01
l,6.5,2.5
2.191,2.771,3.371,
5.186379538e-13,1.976845343e+01
1.789497946e-05,-5.075257700e-06,-1.302465258e-04,3.080618153e-04,3.895600737e-03,1.387375812e-02,2.560247731e-02,2.463758614e-02,9.761038793e-03,
2.170052023e-06,-1.071857838e-05,-5.269977250e-06,-4.230450257e-04,-2.415060009e-03,-7.932891500e-03,-1.361451657e-02,-1.086000635e-02,-3.147648540e-03,
1.585892789e-01
l,6.5,3.5
2.211,2.831,3.451,
6.692073574e-11,1.581169501e+01
1.126772986e-04,-8.527648068e-05,-6.227499817e-04,4.034143203e-03,2.340977303e-02,4.998981148e-02,5.380738808e-02,2.851019147e-02,5.608389643e-03,
1.185767380e-05,-5.864927771e-05,3.954329853e-06,-2.011350034e-03,-1.139316071e-02,-3.893484101e-02,-7.278035874e-02,-6.798661450e-02,-2.565565886e-02,
1.584736543e-01
l,6.5,4.5
2.191,2.851,3.511,
1.075140185e-09,1.471458785e+01
7.663900033e-04,-3.538213211e-04,-5.189646802e-03,2.805670242e-03,4.808380024e-02,1.258148566e-01,1.827889159e-01,1.509860444e-01,5.384625538e-02,
7.160312099e-05,-3.544709160e-04,5.930811997e-06,-1.191244938e-02,-6.336317224e-02,-2.022772097e-01,-3.335573891e-01,-2.526755774e-01,-6.914195551e-02,
1.586000661e-01
l,6.5,5.5
2.171,2.831,3.511,
2.123572687e-07,1.073719320e+01
5.885235965e-03,-2.475597501e-04,-3.924609957e-02,6.703917642e-02,8.248338337e-01,2.412674694e+00,3.591105748e+00,2.798615392e+00,9.077340294e-01,
5.796764382e-04,-2.866909363e-03,-2.081224598e-04,-9.694360502e-02,-5.089040180e-01,-1.576348321e+00,-2.572425364e+00,-1.980155909e+00,-5.732352250e-01,
1.582596809e-01
l,6.5,6.5
2.171,2.771,3.391,
3.747223717e-06,9.866773953e+00
5.404283106e-02,3.194916796e-02,-3.333289169e-01,1.012836142e-01,5.155956321e+00,1.752722597e+01,2.997970346e+01,2.736419001e+01,1.052962342e+01,
8.437783995e-03,-4.100053288e-02,-4.017710272e-03,-1.476276833e+00,-9.027865470e+00,-3.257001148e+01,-6.551850346e+01,-6.486028262e+01,-2.485249696e+01,
1.590204231e-01
l,7.5,-7.5
1.851,2.311,2.771,
0.000000000e+00,0.000000000e+00
2.228780989e-13,-5.821246528e-13,1.365224443e-13,1.554977926e-11,6.139634691e-11,2.411687884e-10,6.728220989e-10,9.393891844e-10,4.947017811e-10,
3.311303284e-14,-1.614295847e-13,-2.611305598e-13,-1.241021797e-11,-1.026856161e-10,-4.778872284e-10,-1.227285759e-09,-1.638368065e-09,-8.952837435e-10,
1.586312709e-01
l,7.5,-6.5
1.951,2.431,2.911,
0.000000000e+00,0.000000000e+00
1.009248999e-12,-2.586583439e-12,-3.643012847e-13,6.547110671e-11,2.884549312e-10,1.252636792e-09,3.787733091e-09,5.804933451e-09,3.433221112e-09,
1.357958761e-13,-6.643763258e-13,-6.705267751e-13,-4.279423317e-11,-3.395833749e-10,-1.528947873e-09,-3.770589399e-09,-4.810626266e-09,-2.512657287e-09,
1.587234937e-01
l,7.5,-5.5
2.051,2.531,3.011,
0.000000000e+00,0.000000000e+00
4.808100966e-12,-1.102936678e-11,-2.841672472e-12,3.877635521e-10,2.000146999e-09,8.207995518e-09,2.314359725e-08,3.463940000e-08,2.049267517e-08,
6.755520040e-13,-3.312820672e-12,-4.215553439e-12,-2.291725283e-10,-1.833600534e-09,-8.264148916e-09,-2.045709890e-08,-2.619176300e-08,-1.370893397e-08,
1.586925320e-01
l,7.5,-4.5
2.151,2.631,3.131,
0.000000000e+00,0.000000000e+00
2.296655054e-11,-4.644722067e-11,-3.456346401e-11,1.895520068e-09,1.065959551e-08,4.028913880e-08,9.969999306e-08,1.338461639e-07,7.258266392e-08,
3.045049263e-12,-1.497129220e-11,-1.956229210e-11,-1.026608013e-09,-7.976160301e-09,-3.477813358e-08,-8.273265808e-08,-1.011773344e-07,-5.044643099e-08,
1.587855629e-01
l,7.5,-3.5
2.231,2.731,3.251,
0.000000000e+00,0.000000000e+00
1.108297967e-10,-2.114698665e-10,-3.110736419e-10,7.378542741e-09,3.597693277e-08,1.125486379e-07,2.553368387e-07,3.364819903e-07,1.820973938e-07,
1.369737948e-11,-6.750602925e-11,-5.814881104e-11,-4.032956639e-09,-3.019719795e-08,-1.273449207e-07,-2.913997379e-07,-3.413362884e-07,-1.629538080e-07,
1.587855824e-01
l,7.5,-2.5
2.311,2.831,3.351,
0.000000000e+00,0.000000000e+00
5.421292859e-10,-9.777056621e-10,-1.690902170e-09,3.384170419e-08,1.733499750e-07,5.483839661e-07,1.214268635e-06,1.552891024e-06,8.215191405e-07,
6.791773885e-11,-3.353485476e-10,-3.764821460e-10,-2.151382049e-08,-1.616854708e-07,-6.807390913e-07,-1.553299964e-06,-1.810289945e-06,-8.576417517e-07,
1.587857293e-01
l,7.5,-1.5
2.391,2.911,3.451,
0.000000000e+00,0.000000000e+00
2.801868071e-09,-4.350431947e-09,-1.055395410e-08,1.696230682e-07,8.815503599e-07,2.416662329e-06,4.324549315e-06,4.572423613e-06,2.074090160e-06,
3.364011185e-10,-1.663912820e-09,-1.596990973e-09,-1.006112497e-07,-7.360970026e-07,-3.011012014e-06,-6.646349676e-06,-7.457817775e-06,-3.393181078e-06,
1.587547644e-01
l,7.5,-0.5
2.451,2.991,3.551,
0.000000000e+00,0.000000000e+00
1.474330968e-08,-2.045052838e-08,-6.785735690e-08,7.655987319e-07,4.454431341e-06,1.360963954e-05,2.705492789e-05,3.121568030e-05,1.525604595e-05,
1.664817251e-09,-8.248132190e-09,9.561887748e-10,-2.902209779e-07,-1.747895385e-06,-6.426977183e-06,-1.285685087e-05,-1.290993917e-05,-5.305580528e-06,
1.587238989e-01
l,7.5,0.5
2.511,3.071,3.631,
0.000000000e+00,0.000000000e+00
7.957086723e-08,-1.074421545e-07,-3.972145576e-07,3.182018645e-06,1.602615958e-05,3.684437465e-05,5.427901317e-05,5.061603205e-05,2.180783088e-05,
9.091272633e-09,-4.509799840e-08,-5.895911718e-10,-1.669154463e-06,-1.013903276e-05,-3.731493452e-05,-7.484392054e-05,-7.539817418e-05,-3.097563609e-05,
1.586928331e-01
l,7.5,1.5
2.551,3.131,3.711,
0.000000000e+00,0.000000000e+00
4.556310955e-07,-5.395122211e-07,-2.442920898e-06,1.784826066e-05,9.000396462e-05,1.691072238e-04,1.468265169e-04,4.625840480e-05,-3.353929780e-06,
4.962178383e-08,-2.464474908e-07,4.735858939e-08,-8.279461897e-06,-4.835824184e-05,-1.724009154e-04,-3.347787508e-04,-3.258148932e-04,-1.296882874e-04,
1.586619455e-01
l,7.5,2.5
2.591,3.191,3.811,
1.066446053e-16,2.329669701e+01
2.630469908e-06,-3.133294832e-06,-1.402574485e-05,2.460588700e-05,-8.979772543e-05,-8.785595884e-04,-1.883981849e-03,-1.650127109e-03,-5.157003281e-04,
2.451639692e-07,-1.219344409e-06,1.328456383e-08,-4.513724997e-05,-2.623315519e-04,-9.424741990e-04,-1.815971826e-03,-1.713634601e-03,-6.372355671e-04,
1.586796829e-01
l,7.5,3.5
2.611,3.231,3.851,
7.322229631e-16,2.299007199e+01
1.666193020e-05,-1.284890586e-05,-1.121182316e-04,2.188974929e-04,2.146134955e-03,6.483976872e-03,1.058928726e-02,9.124196393e-03,3.214347872e-03,
1.631710082e-06,-8.119880460e-06,1.366413031e-06,-2.567301365e-04,-1.360760155e-03,-4.334800229e-03,-6.967856929e-03,-4.895813643e-03,-1.117792720e-03,
1.586895015e-01
l,7.5,4.5
2.611,3.251,3.891,
9.535102142e-14,1.985438842e+01
1.117341017e-04,-7.314884208e-05,-6.681463324e-04,3.098153421e-03,2.013041194e-02,4.493981498e-02,4.973434144e-02,2.628435755e-02,4.675316740e-03,
1.084336720e-05,-5.398795790e-05,1.678042826e-05,-1.655589184e-03,-8.909409133e-03,-2.940311418e-02,-5.215858201e-02,-4.509750130e-02,-1.549056886e-02,
1.584755378e-01
l,7.5,5.5
2.591,3.251,3.931,
1.121815118e-11,1.694949795e+01
7.817213191e-04,-1.666999364e-04,-5.516667380e-03,-5.004344327e-03,9.318471447e-03,1.649291502e-02,-1.030880988e-03,-1.654700150e-02,-9.256755112e-03,
7.219894894e-05,-3.596224745e-04,-4.397390367e-08,-1.221425437e-02,-6.478331418e-02,-2.061635745e-01,-3.391461418e-01,-2.557083452e-01,-6.911144792e-02,
1.586002603e-01
l,7.5,6.5
2.551,3.231,3.931,
8.026305698e-09,1.238262941e+01
6.096841767e-03,8.810298792e-04,-4.589051998e-02,-3.574211608e-02,3.111325613e-01,1.007151935e+00,1.367458431e+00,9.042052728e-01,2.374881147e-01,
5.847821589e-04,-2.910273525e-03,1.579711720e-03,-6.647470174e-02,-2.864900811e-01,-7.894467443e-01,-1.099632303e+00,-5.785223317e-01,-3.936337029e-02,
1.583218532e-01
l,7.5,7.5
2.571,3.191,3.811,
3.960707136e-07,1.059816581e+01
5.624407902e-02,2.712036739e-02,-3.202172891e-01,2.976821615e-01,6.021680133e+00,2.002784690e+01,3.439772700e+01,3.147544926e+01,1.204902369e+01,
8.550010313e-03,-4.189239719e-02,-1.209157295e-02,-1.630400871e+00,-1.000667752e+01,-3.606410543e+01,-7.246156938e+01,-7.200922906e+01,-2.782748127e+01,
1.589582903e-01
l,8.5,-8.5
2.131,2.571,3.031,
0.000000000e+00,0.000000000e+00
7.776067388e-15,-2.007188818e-14,1.882292889e-14,9.729017563e-13,7.167356555e-12,3.872453529e-11,1.210423795e-10,1.917439214e-10,1.200777832e-10,
1.143457670e-15,-5.609876083e-15,-8.642798993e-15,-4.277555398e-13,-3.558461402e-12,-1.668292793e-11,-4.316984285e-11,-5.806539119e-11,-3.196812159e-11,
1.586625729e-01
l,8.5,-7.5
2.231,2.691,3.151,
0.000000000e+00,0.000000000e+00
3.498528981e-14,-8.755531769e-14,4.870626278e-14,3.661695179e-12,2.259818787e-11,1.040600829e-10,2.920945239e-10,4.240453172e-10,2.450012757e-10,
5.151782668e-15,-2.533970346e-14,-4.168569029e-14,-1.976614507e-12,-1.640110911e-11,-7.666920175e-11,-1.976352880e-10,-2.645050270e-10,-1.448807383e-10,
1.587233302e-01
l,8.5,-6.5
2.331,2.791,3.271,
0.000000000e+00,0.000000000e+00
1.654002998e-13,-3.723633870e-13,-1.532296479e-13,1.327309970e-11,6.591042788e-11,2.525155234e-10,6.698534487e-10,9.517571987e-10,5.345251030e-10,
2.316856235e-14,-1.142272874e-13,-1.500780736e-13,-8.027492525e-12,-6.425072375e-11,-2.894055345e-10,-7.157146063e-10,-9.149539652e-10,-4.780323720e-10,
1.587234037e-01
l,8.5,-5.5
2.431,2.911,3.391,
0.000000000e+00,0.000000000e+00
7.489831780e-13,-1.679216373e-12,-8.054296481e-13,5.690355552e-11,2.816276272e-10,1.024990002e-09,2.560315900e-09,3.474817686e-09,1.888735113e-09,
1.040938083e-13,-5.143368233e-13,-7.371304370e-13,-3.726006657e-11,-2.979819108e-10,-1.340502239e-09,-3.305713536e-09,-4.208223755e-09,-2.187973999e-09,
1.587854978e-01
l,8.5,-4.5
2.531,3.011,3.511,
0.000000000e+00,0.000000000e+00
3.582509072e-12,-7.486310897e-12,-8.007067377e-12,2.378931936e-10,1.099590944e-09,3.803857953e-09,1.015033214e-08,1.531305311e-08,9.238321156e-09,
4.669142429e-13,-2.311771143e-12,-2.375620304e-12,-1.481001253e-10,-1.144134679e-09,-4.982335445e-09,-1.184040800e-08,-1.446959719e-08,-7.215569812e-09,
1.587854880e-01
l,8.5,-3.5
2.611,3.111,3.611,
0.000000000e+00,0.000000000e+00
1.731124966e-11,-3.305042102e-11,-3.720784818e-11,1.290447528e-09,6.841220089e-09,2.277195856e-08,5.052551780e-08,6.295256103e-08,3.229595418e-08,
2.310052808e-12,-1.145568161e-11,-1.622788196e-11,-8.101543595e-10,-6.295050471e-09,-2.739616619e-08,-6.504143694e-08,-7.927062639e-08,-3.933640292e-08,
1.587855824e-01
l,8.5,-2.5
2.691,3.191,3.711,
0.000000000e+00,0.000000000e+00
8.807436724e-11,-1.402051010e-10,-2.792022531e-10,6.408643679e-09,3.655405887e-08,1.196407677e-07,2.557630096e-07,3.117621406e-07,1.587916869e-07,
1.141574381e-11,-5.669650405e-11,-7.314705151e-11,-3.812659100e-09,-2.880210114e-08,-1.213661545e-07,-2.779731272e-07,-3.252721726e-07,-1.545011636e-07,
1.587236068e-01
l,8.5,-1.5
2.771,3.291,3.811,
0.000000000e+00,0.000000000e+00
4.393269082e-10,-7.130052637e-10,-1.415445747e-09,2.931102961e-08,1.675670618e-07,5.536865978e-07,1.193936269e-06,1.459723658e-06,7.434326077e-07,
5.640600225e-11,-2.805402973e-10,-3.920227745e-10,-1.937833853e-08,-1.463918764e-07,-6.162162925e-07,-1.407433520e-06,-1.640295654e-06,-7.752533609e-07,
1.587547644e-01
l,8.5,-0.5
2.831,3.371,3.911,
0.000000000e+00,0.000000000e+00
2.313697012e-09,-3.459096520e-09,-8.726814973e-09,1.376673206e-07,7.468289803e-07,2.109457533e-06,3.772286723e-06,3.896842323e-06,1.715989758e-06,
2.784599823e-10,-1.386813880e-09,-1.525545578e-09,-8.749479858e-08,-6.414766184e-07,-2.623261283e-06,-5.789447624e-06,-6.488765361e-06,-2.943601486e-06,
1.587548451e-01
l,8.5,0.5
2.891,3.431,3.991,
0.000000000e+00,0.000000000e+00
1.279633999e-08,-1.466409701e-08,-6.129019177e-08,6.574814004e-07,4.105865704e-06,1.255417164e-05,2.367301119e-05,2.554653471e-05,1.177812157e-05,
1.517536853e-09,-7.565564605e-09,-1.679339919e-09,-3.043025684e-07,-1.877167459e-06,-6.935363141e-06,-1.404894961e-05,-1.432859858e-05,-5.934751410e-06,
1.587237733e-01
l,8.5,1.5
2.951,3.511,4.091,
0.000000000e+00,0.000000000e+00
7.043229999e-08,-8.373205750e-08,-3.941093511e-07,2.105953216e-06,1.226372723e-05,3.213694407e-05,5.264584566e-05,5.060998241e-05,2.103893792e-05,
7.485861907e-09,-3.736604418e-08,2.550823227e-09,-1.316416796e-06,-7.642869133e-06,-2.697552524e-05,-5.077935878e-05,-4.656126447e-05,-1.694837542e-05,
1.587848011e-01
l,8.5,2.5
2.971,3.531,4.111,
0.000000000e+00,0.000000000e+00
4.328495891e-07,-1.362871009e-07,-3.195905192e-06,1.268951527e-05,1.453451775e-04,5.358299041e-04,1.021076262e-03,1.013929057e-03,4.159116088e-04,
5.491244476e-08,-2.741634222e-07,-6.164423393e-08,-9.754777711e-06,-5.510469962e-05,-1.773302083e-04,-2.921522453e-04,-2.132816774e-04,-5.108837727e-05,
1.584947446e-01
l,8.5,3.5
3.011,3.611,4.211,
0.000000000e+00,0.000000000e+00
2.532676035e-06,-2.523288051e-06,-1.269708226e-05,9.052544128e-05,4.034428150e-04,5.132709061e-04,-8.405965604e-05,-6.682013920e-04,-3.952284582e-04,
2.707006578e-07,-1.353100580e-06,5.278514687e-08,-4.927313822e-05,-2.903057617e-04,-1.041498638e-03,-2.065859214e-03,-2.067364205e-03,-8.373004151e-04,
1.585650208e-01
l,8.5,4.5
3.011,3.631,4.271,
0.000000000e+00,0.000000000e+00
1.621559932e-05,-6.421416430e-06,-1.163676201e-04,-1.196025462e-05,9.485567903e-04,3.294825080e-03,5.983008352e-03,5.833424404e-03,2.350824801e-03,
1.629457485e-06,-8.150282298e-06,-4.407491715e-07,-2.846339704e-04,-1.546128911e-03,-5.005169222e-03,-8.364240028e-03,-6.342771073e-03,-1.679189569e-03,
1.586612695e-01
l,8.5,5.5
3.011,3.651,4.311,
1.754898534e-16,2.293394689e+01
1.108373981e-04,-3.230183825e-05,-7.005543541e-04,2.161851899e-03,1.909452866e-02,5.262270346e-02,7.628518351e-02,5.931557906e-02,1.961458199e-02,
1.081730934e-05,-5.412916785e-05,1.291330803e-05,-1.691753088e-03,-8.955827518e-03,-2.883730587e-02,-4.962731813e-02,-4.088148156e-02,-1.299865077e-02,
1.584450323e-01
l,8.5,6.5
2.991,3.671,4.351,
6.844485787e-14,1.937828596e+01
7.832503761e-04,-1.771787598e-04,-5.457050199e-03,-5.491041527e-03,8.411841493e-03,2.267123233e-02,2.206590357e-02,1.279279910e-02,4.000953540e-03,
7.195459673e-05,-3.601766097e-04,3.668659224e-06,-1.224927882e-02,-6.503908394e-02,-2.075140272e-01,-3.425613378e-01,-2.593387685e-01,-7.041106634e-02,
1.585694003e-01
l,8.5,7.5
2.951,3.651,4.351,
3.235666338e-10,1.373663513e+01
6.231037900e-03,4.682920022e-04,-4.556190444e-02,-2.217452953e-02,3.830204763e-01,1.209704925e+00,1.690359092e+00,1.176280569e+00,3.312346502e-01,
5.830782238e-04,-2.916396600e-03,1.785727821e-03,-6.515696362e-02,-2.789518040e-01,-7.726364361e-01,-1.082219457e+00,-5.731975788e-01,-4.130739949e-02,
1.583528263e-01
l,8.5,8.5
2.951,3.591,4.251,
2.087079676e-08,1.195650948e+01
5.701113865e-02,3.549535712e-02,-3.349399020e-01,-3.175808626e-01,2.247384456e+00,8.128305295e+00,1.304866671e+01,1.094730430e+01,3.866103746e+00,
7.752668937e-03,-3.830324764e-02,7.187228160e-04,-1.332031515e+00,-7.851159327e+00,-2.766763712e+01,-5.369041266e+01,-5.065951606e+01,-1.833941436e+01,
1.588963303e-01
