l,0.5,-0.5
0.131,0.671,1.211,
2.372142683e-02,2.165054315e+00
9.412210784e-04,-2.521353742e-03,3.438164046e-03,5.053591077e-02,2.741807231e-01,1.129483331e+00,2.294752926e+00,2.227714013e+00,8.880451573e-01,
1.271770815e-04,-5.511849495e-04,-9.059909602e-04,-3.660464609e-02,-2.768782547e-01,-1.142935647e+00,-2.562003865e+00,-2.958779285e+00,-1.384609785e+00,
1.581684874e-01
l,0.5,0.5
0.171,0.411,0.671,
4.187947738e-01,2.716385588e+00
1.427111030e-02,1.562843566e-02,1.090629965e+00,4.991824269e+01,8.878790295e+02,8.031319033e+03,3.841077420e+04,9.271744870e+04,8.916610309e+04,
8.877553851e-03,-2.879555466e-02,-8.347534409e-01,-4.102415476e+01,-7.975180342e+02,-7.490526521e+03,-3.649430673e+04,-8.907141310e+04,-8.631038471e+04,
1.591438064e-01
l,1.5,-1.5
0.291,0.831,1.391,
2.444262737e-03,4.396579903e+00
5.671468898e-05,-1.397471486e-04,7.054904314e-05,3.166139556e-03,1.563557483e-02,7.273013795e-02,1.843120643e-01,2.149867781e-01,9.336788589e-02,
6.877092373e-06,-3.056261975e-05,-1.653204624e-05,-1.251559102e-03,-8.057021026e-03,-3.043137062e-02,-6.378358530e-02,-6.998363713e-02,-3.174274020e-02,
1.582911517e-01
l,1.5,-0.5
0.371,0.871,1.391,
3.975012545e-03,3.879123005e+00
3.885304905e-04,-7.905606090e-04,-3.934530695e-05,2.911251070e-02,1.518725947e-01,6.493070348e-01,1.770675300e+00,2.422667371e+00,1.282324542e+00,
5.790969866e-05,-2.572885459e-04,-4.499095768e-04,-1.815157808e-02,-1.403899487e-01,-5.950622946e-01,-1.375703914e+00,-1.638851921e+00,-7.937887303e-01,
1.587548233e-01
l,1.5,0.5
0.391,0.971,1.551,
1.456283381e-02,3.729894479e+00
2.143766964e-03,-5.096272098e-03,8.197801264e-05,8.866516999e-02,3.146278163e-01,1.455294038e+00,4.221612782e+00,5.564194578e+00,2.707315584e+00,
2.362414752e-04,-1.066268464e-03,-4.732060875e-04,-4.196235966e-02,-2.611891171e-01,-9.590323827e-01,-1.943907591e+00,-2.055598202e+00,-8.990592218e-01,
1.581066986e-01
l,1.5,1.5
0.451,0.811,1.191,
1.652392694e-01,4.365624154e+00
2.554496005e-02,2.837196775e-03,1.450793914e-01,9.419647439e+00,9.763145648e+01,5.397406273e+02,1.684266226e+03,2.749991294e+03,1.821145072e+03,
9.361321486e-03,-3.808699997e-02,-2.260359711e-01,-7.559664107e+00,-8.651288432e+01,-5.120565304e+02,-1.644154647e+03,-2.705639905e+03,-1.791873967e+03,
1.591438290e-01
l,2.5,-2.5
0.531,1.071,1.611,
2.517740691e-05,5.915011544e+00
2.491455007e-06,-6.332496866e-06,2.257292213e-06,1.389747195e-04,6.287187240e-04,3.019932346e-03,8.572108699e-03,1.142628371e-02,5.747978485e-03,
3.047538702e-07,-1.384328996e-06,-1.662102014e-06,-8.480587361e-05,-6.323783432e-04,-2.608705185e-03,-5.829379740e-03,-6.706569137e-03,-3.139356606e-03,
1.583840919e-01
l,2.5,-1.5
0.591,1.131,1.671,
7.040554145e-05,6.229482132e+00
1.498661004e-05,-3.013220629e-05,-1.860800406e-05,9.844156455e-04,4.526424903e-03,1.645503314e-02,4.235611550e-02,5.699173531e-02,2.978768553e-02,
1.950851306e-06,-8.905062447e-06,-1.074276823e-05,-5.454784532e-04,-4.061996293e-03,-1.671429712e-02,-3.726449567e-02,-4.263209178e-02,-1.983954554e-02,
1.586618570e-01
l,2.5,-0.5
0.651,1.211,1.791,
1.659990395e-04,5.670498200e+00
8.403373795e-05,-1.540061343e-04,-2.677741478e-04,3.319828208e-03,8.211842537e-03,1.060258510e-02,3.131047838e-02,6.250537510e-02,4.150993416e-02,
9.437049614e-06,-4.345448919e-05,-4.295683272e-06,-1.525586481e-03,-9.260847613e-03,-3.366989444e-02,-6.720698902e-02,-6.931812272e-02,-2.973658851e-02,
1.584460840e-01
l,2.5,0.5
0.691,1.251,1.831,
7.097766848e-04,5.781246528e+00
5.383230164e-04,-7.188212050e-04,-2.344157533e-03,2.230228811e-02,7.885973293e-02,9.393802995e-02,4.654917345e-02,2.549928802e-02,2.248408432e-02,
6.595556073e-05,-3.044420041e-04,-1.211928255e-04,-1.188357134e-02,-7.291335320e-02,-2.631628860e-01,-5.222365018e-01,-5.310506583e-01,-2.224183570e-01,
1.586007820e-01
l,2.5,1.5
0.731,1.331,1.951,
3.147418048e-03,5.232184303e+00
3.294459078e-03,-5.878366159e-03,-1.058449487e-02,1.056776963e-01,1.901702185e-01,-1.231309608e-01,-3.393818314e-01,7.787219002e-02,2.512231508e-01,
3.164442650e-04,-1.469989478e-03,-1.410979787e-04,-5.036742758e-02,-2.895352884e-01,-9.983515511e-01,-1.870943496e+00,-1.800011404e+00,-7.182417713e-01,
1.581371940e-01
l,2.5,2.5
0.771,1.211,1.671,
2.577042717e-02,5.655677615e+00
3.444001824e-02,7.379942456e-03,-1.026739481e-01,3.841515740e+00,3.237256288e+01,1.325073140e+02,3.148630874e+02,4.065435916e+02,2.185362915e+02,
9.389478479e-03,-4.114884553e-02,-9.290737093e-02,-3.291828532e+00,-2.820591690e+01,-1.310600205e+02,-3.400966068e+02,-4.554925246e+02,-2.464215867e+02,
1.591446247e-01
l,3.5,-3.5
0.771,1.291,1.831,
2.638981696e-07,9.894670776e+00
1.064351025e-07,-2.325719596e-07,-7.361995623e-08,7.146156195e-06,3.482659149e-05,1.472999607e-04,4.175750186e-04,5.986867864e-04,3.312225144e-04,
1.325270842e-08,-6.118825886e-08,-8.930290766e-08,-4.057317542e-06,-3.026378700e-05,-1.244283608e-04,-2.771418691e-04,-3.172151532e-04,-1.477461920e-04,
1.584768780e-01
l,3.5,-2.5
0.851,1.391,1.931,
5.429372864e-07,1.075673784e+01
5.566577101e-07,-1.102490944e-06,-1.203332627e-06,3.032952853e-05,1.103066267e-04,2.945545419e-04,6.998262819e-04,9.607980251e-04,5.156344579e-04,
7.012082123e-08,-3.257336780e-07,-3.777451221e-07,-1.994499745e-05,-1.477232717e-04,-6.063811331e-04,-1.346501157e-03,-1.531938140e-03,-7.090907660e-04,
1.586617944e-01
l,3.5,-1.5
0.931,1.471,2.031,
1.078039399e-06,1.014604211e+01
3.012238949e-06,-4.829110402e-06,-9.950590357e-06,1.758551084e-04,8.121033527e-04,2.158724361e-03,4.166414175e-03,4.832561894e-03,2.345770748e-03,
3.694447971e-07,-1.725607816e-06,-5.006277032e-07,-6.705985415e-05,-4.196106860e-04,-1.559826154e-03,-3.197813349e-03,-3.377449974e-03,-1.477438492e-03,
1.586008040e-01
l,3.5,-0.5
0.991,1.551,2.131,
2.983853887e-06,8.960084708e+00
1.672829967e-05,-2.312041111e-05,-7.674649630e-05,6.724649634e-04,2.535661303e-03,3.625808850e-03,3.381652793e-03,3.511040556e-03,2.264338700e-03,
1.943636070e-06,-9.123223638e-06,-1.470327605e-06,-3.331704542e-04,-2.010942675e-03,-7.241710229e-03,-1.426295359e-02,-1.431352795e-02,-5.921494494e-03,
1.586928823e-01
l,3.5,0.5
1.031,1.631,2.231,
1.120486433e-05,9.095469804e+00
9.606005187e-05,-1.346446127e-04,-4.444548209e-04,3.437467523e-03,1.203836301e-02,1.146654619e-02,-4.750628482e-03,-1.474050056e-02,-7.090106548e-03,
1.018888258e-05,-4.803864261e-05,-3.621298604e-07,-1.630788175e-03,-9.464483305e-03,-3.304302692e-02,-6.253045213e-02,-5.990311449e-02,-2.365919774e-02,
1.585698658e-01
l,3.5,1.5
1.071,1.671,2.271,
5.747848732e-05,7.919883410e+00
6.231110892e-04,-6.739383791e-04,-3.122866453e-03,2.420097799e-02,1.190678109e-01,2.380887252e-01,2.668828574e-01,1.710778749e-01,5.019678837e-02,
7.084965912e-05,-3.345405863e-04,-1.008868885e-04,-1.257550172e-02,-7.405169949e-02,-2.570938297e-01,-4.853827786e-01,-4.626280007e-01,-1.802538303e-01,
1.586004505e-01
l,3.5,2.5
1.091,1.711,2.351,
3.905428400e-04,6.792539709e+00
4.229169805e-03,-5.093630399e-03,-1.960475647e-02,1.381626152e-01,4.925519239e-01,4.164177115e-01,-3.881497335e-01,-8.434666873e-01,-3.895691563e-01,
4.060510904e-04,-1.921514528e-03,-1.124455376e-04,-6.550762078e-02,-3.659645584e-01,-1.222242215e+00,-2.209939706e+00,-2.017839330e+00,-7.549953320e-01,
1.581656830e-01
l,3.5,3.5
1.131,1.611,2.131,
3.013888341e-03,6.893723867e+00
4.093901068e-02,2.081931646e-02,-1.316320077e-01,3.277399913e+00,2.876479432e+01,1.149159617e+02,2.572115299e+02,3.068787512e+02,1.510921319e+02,
9.423922074e-03,-4.288282535e-02,-8.644234206e-02,-3.167021142e+00,-2.492205505e+01,-1.057604928e+02,-2.477044351e+02,-2.957712238e+02,-1.412357809e+02,
1.591135339e-01
l,4.5,-4.5
1.051,1.571,2.091,
4.267214607e-10,1.442191417e+01
3.737521848e-09,-9.109202504e-09,-6.799448851e-10,2.162642937e-07,8.398305604e-07,3.375542514e-06,9.790230962e-06,1.404551496e-05,7.625524087e-06,
4.708349352e-10,-2.205837122e-09,-2.410271752e-09,-1.363356806e-07,-1.035408679e-06,-4.393607943e-06,-1.013701977e-05,-1.205545812e-05,-5.848108731e-06,
1.585077133e-01
l,4.5,-3.5
1.131,1.651,2.191,
4.094889840e-10,1.742144798e+01
1.996366983e-08,-3.787897214e-08,-3.823210750e-08,1.394306869e-06,6.953217334e-06,2.349213096e-05,5.459903257e-05,6.928214123e-05,3.513413532e-05,
2.475175166e-09,-1.165009331e-08,-1.389316254e-08,-7.274144115e-07,-5.385132667e-06,-2.212479078e-05,-4.915105528e-05,-5.589050123e-05,-2.585282686e-05,
1.586927296e-01
l,4.5,-2.5
1.211,1.751,2.291,
8.561294353e-10,1.539342870e+01
1.016391025e-07,-1.745135941e-07,-2.677903192e-07,6.837651027e-06,3.488948577e-05,1.121997703e-04,2.532330105e-04,3.246951263e-04,1.699659206e-04,
1.296726846e-08,-6.129235030e-08,-8.163850509e-08,-3.973792403e-06,-2.945443959e-05,-1.206502143e-04,-2.674512118e-04,-3.031611952e-04,-1.395993146e-04,
1.586626137e-01
l,4.5,-1.5
1.291,1.831,2.391,
1.471836843e-09,1.603365912e+01
5.432933108e-07,-7.240306497e-07,-2.299546968e-06,2.821054890e-05,1.391232475e-04,3.342775257e-04,5.151886722e-04,4.757310757e-04,1.910831934e-04,
6.781763731e-08,-3.217914311e-07,-1.296360552e-07,-1.317671833e-05,-8.249185388e-05,-3.056322228e-04,-6.230410999e-04,-6.482128195e-04,-2.768530581e-04,
1.586618570e-01
l,4.5,-0.5
1.351,1.911,2.491,
5.480277671e-09,1.473415744e+01
2.973296887e-06,-3.348478634e-06,-1.516168155e-05,1.156114588e-04,5.203358087e-04,8.142955260e-04,3.932521318e-04,-3.028064395e-04,-3.116201921e-04,
3.540635900e-07,-1.685958082e-06,-5.287054263e-07,-6.576806507e-05,-3.980927324e-04,-1.426982603e-03,-2.797260055e-03,-2.774791670e-03,-1.124652998e-03,
1.586627639e-01
l,4.5,0.5
1.411,1.991,2.591,
4.249760035e-08,1.221653551e+01
1.690640056e-05,-1.886264570e-05,-8.989251319e-05,6.045940848e-04,2.993393828e-03,5.977577704e-03,7.004970360e-03,5.196965188e-03,1.942893636e-03,
1.845144210e-06,-8.814647625e-06,2.738527753e-07,-2.970076073e-04,-1.711291231e-03,-5.931522945e-03,-1.111207719e-02,-1.039912857e-02,-3.964931019e-03,
1.586317587e-01
l,4.5,1.5
1.451,2.051,2.671,
3.630528836e-07,1.041428829e+01
1.023629011e-04,-1.026247707e-04,-5.498577714e-04,2.943708253e-03,1.466830177e-02,2.890101881e-02,3.488952493e-02,2.804239662e-02,1.136621744e-02,
1.056647932e-05,-5.059935637e-05,-5.220045521e-06,-1.785740320e-03,-1.012803981e-02,-3.438995214e-02,-6.266489192e-02,-5.646465919e-02,-2.043924976e-02,
1.586000819e-01
l,4.5,2.5
1.451,2.071,2.711,
2.611758987e-06,9.775172731e+00
6.896632840e-04,-3.130296324e-04,-4.533923002e-03,1.271193409e-02,1.148202092e-01,3.450088250e-01,5.732483602e-01,5.175105845e-01,1.966352910e-01,
7.326339939e-05,-3.511837630e-04,-1.071148046e-04,-1.266508529e-02,-6.931962022e-02,-2.213417867e-01,-3.690898280e-01,-2.903146238e-01,-8.617330391e-02,
1.586298386e-01
l,4.5,3.5
1.471,2.111,2.771,
3.461588102e-05,8.117036502e+00
4.910651129e-03,-3.901510972e-03,-2.764852570e-02,1.494063858e-01,8.368213357e-01,1.683173062e+00,1.689796568e+00,8.064196574e-01,1.263323872e-01,
4.597760861e-04,-2.205496705e-03,3.849572672e-04,-6.686908475e-02,-3.539134610e-01,-1.126679593e+00,-1.909890898e+00,-1.590363628e+00,-5.343149980e-01,
1.582278320e-01
l,4.5,4.5
1.491,2.031,2.591,
3.759852629e-04,7.405674423e+00
4.583017156e-02,2.088503742e-02,-2.279139074e-01,1.741671949e+00,1.671016823e+01,6.268876167e+01,1.291903473e+02,1.415313774e+02,6.399693572e+01,
9.001087428e-03,-4.198523841e-02,-2.734296912e-02,-1.807114731e+00,-1.199770588e+01,-4.562931873e+01,-9.828162532e+01,-1.070819819e+02,-4.619748213e+01,
1.590515109e-01
l,5.5,-5.5
1.331,1.831,2.331,
6.166600467e-14,2.175636038e+01
1.330029975e-10,-3.150298561e-10,6.877653685e-11,1.058470979e-08,5.386716034e-08,2.197054164e-07,5.780369572e-07,7.789632894e-07,4.094262753e-07,
1.810870093e-11,-8.572998582e-11,-1.337393604e-10,-6.149880695e-09,-4.828396223e-08,-2.111050864e-07,-5.047483517e-07,-6.235894265e-07,-3.142801122e-07,
1.585695743e-01
l,5.5,-4.5
1.431,1.931,2.451,
1.608076907e-13,1.912476805e+01
6.690669130e-10,-1.390245492e-09,-1.142567407e-09,4.358284974e-08,2.091977578e-07,7.712096284e-07,2.035219064e-06,2.896301894e-06,1.631788240e-06,
8.612332350e-11,-4.095328687e-10,-5.287876251e-10,-2.686612104e-08,-2.036599196e-07,-8.599827319e-07,-1.972317399e-06,-2.322830037e-06,-1.114319292e-06,
1.586926668e-01
l,5.5,-3.5
1.511,2.031,2.571,
5.641992985e-14,2.249641604e+01
3.356301015e-09,-6.248765332e-09,-1.002435441e-08,1.835498873e-07,7.353491642e-07,1.848826215e-06,3.933977867e-06,5.296274243e-06,2.940820566e-06,
4.082954729e-10,-1.949298219e-09,-1.802915881e-09,-1.139373799e-07,-8.364859076e-07,-3.427176443e-06,-7.586190788e-06,-8.581808793e-06,-3.950388823e-06,
1.586926895e-01
l,5.5,-2.5
1.591,2.131,2.671,
3.448707988e-14,2.433833626e+01
1.700693986e-08,-2.832380006e-08,-4.870305169e-08,1.079603835e-06,5.392582330e-06,1.542736579e-05,2.948955598e-05,3.240779605e-05,1.483400123e-05,
2.126050604e-09,-1.018122324e-08,-1.312257606e-08,-6.586511441e-07,-4.870522597e-06,-1.996253357e-05,-4.420731359e-05,-4.993811609e-05,-2.288849860e-05,
1.587237268e-01
l,5.5,-1.5
1.671,2.211,2.771,
8.002334730e-13,1.921917049e+01
9.070971174e-08,-1.221614060e-07,-3.574422189e-07,5.480298384e-06,3.186290027e-05,1.005482492e-04,2.067373726e-04,2.439856756e-04,1.209092047e-04,
1.105080330e-08,-5.306935267e-08,-1.370616298e-08,-2.091590333e-06,-1.300712399e-05,-4.820346865e-05,-9.826917647e-05,-1.021400818e-04,-4.362713684e-05,
1.586927850e-01
l,5.5,-0.5
1.731,2.291,2.871,
1.231591911e-12,2.013794777e+01
4.938751772e-07,-5.610946608e-07,-2.539864738e-06,1.974751853e-05,1.058102369e-04,2.586284771e-04,4.059539848e-04,3.960355400e-04,1.748776080e-04,
5.737629930e-08,-2.762598003e-07,-5.002547107e-08,-1.037921916e-05,-6.220781261e-05,-2.225153326e-04,-4.334665501e-04,-4.242564353e-04,-1.689185855e-04,
1.586928823e-01
l,5.5,0.5
1.791,2.371,2.971,
2.396331252e-11,1.695964770e+01
2.776329893e-06,-3.045392347e-06,-1.508360587e-05,9.007494174e-05,4.553112365e-04,9.033956163e-04,1.009927197e-03,6.805631922e-04,2.284689494e-04,
2.974810052e-07,-1.435821122e-06,1.078929695e-07,-4.809266088e-05,-2.753028383e-04,-9.524970086e-04,-1.772614871e-03,-1.633398976e-03,-6.083543731e-04,
1.586618895e-01
l,5.5,1.5
1.831,2.431,3.031,
1.565116840e-10,1.616620304e+01
1.667035940e-05,-1.553679508e-05,-9.099510207e-05,6.068638465e-04,3.467183737e-03,7.675607803e-03,8.852628019e-03,5.101393134e-03,1.065527074e-03,
1.869358882e-06,-9.035067082e-06,-1.172715787e-06,-3.261518435e-04,-1.893937541e-03,-6.537181795e-03,-1.224526355e-02,-1.146266413e-02,-4.351579657e-03,
1.586310585e-01
l,5.5,2.5
1.851,2.491,3.131,
1.927833854e-09,1.467985492e+01
1.030889980e-04,-1.105814505e-04,-5.201766898e-04,2.292365722e-03,5.815530486e-03,-1.005018746e-02,-4.729826661e-02,-5.765627440e-02,-2.429631011e-02,
9.670930220e-06,-4.684309012e-05,6.224060413e-06,-1.567208378e-03,-8.780920372e-03,-3.020782606e-02,-5.620079167e-02,-5.192258828e-02,-1.924797759e-02,
1.585373645e-01
l,5.5,3.5
1.871,2.511,3.171,
7.920613195e-08,1.164160136e+01
7.105686818e-04,-4.002455363e-04,-4.607706803e-03,6.434121719e-03,6.513834877e-02,1.803602718e-01,2.836053702e-01,2.482701271e-01,9.205663290e-02,
6.693746155e-05,-3.244554428e-04,-2.826080354e-06,-1.066882957e-02,-5.628753688e-02,-1.770085307e-01,-2.861695773e-01,-2.123261558e-01,-5.702564179e-02,
1.586302352e-01
l,5.5,4.5
1.851,2.511,3.191,
2.333979616e-06,9.506349470e+00
5.379489157e-03,-1.823681138e-03,-3.374748059e-02,1.090482828e-01,8.881955432e-01,2.313859832e+00,3.167185930e+00,2.302742538e+00,7.043281751e-01,
5.086491691e-04,-2.464205386e-03,2.425561980e-04,-7.639079594e-02,-3.950449160e-01,-1.215806672e+00,-1.966163533e+00,-1.510612148e+00,-4.464381210e-01,
1.582904147e-01
l,5.5,5.5
1.871,2.451,3.051,
3.330049236e-05,8.664695516e+00
4.919737950e-02,2.357761051e-02,-2.862719918e-01,5.657113125e-01,7.526699686e+00,2.527054347e+01,4.532598349e+01,4.389549065e+01,1.790801135e+01,
8.316961646e-03,-3.947993123e-02,-1.350973585e-02,-1.524440753e+00,-9.556453233e+00,-3.482385273e+01,-7.111883745e+01,-7.232928667e+01,-2.877123842e+01,
1.590204555e-01
l,6.5,-6.5
1.611,2.091,2.591,
0.000000000e+00,0.000000000e+00
4.615380127e-12,-1.052485049e-11,-1.570546895e-12,3.484221091e-10,1.812937221e-09,8.033001024e-09,2.370401985e-08,3.606148108e-08,2.145917501e-08,
6.261971359e-13,-2.991491856e-12,-4.600691882e-12,-2.145203442e-10,-1.681544355e-09,-7.346639888e-09,-1.754984955e-08,-2.164198883e-08,-1.088487571e-08,
1.586004540e-01
l,6.5,-5.5
1.711,2.211,2.711,
0.000000000e+00,0.000000000e+00
2.192107086e-11,-4.863089004e-11,-1.558541159e-11,1.613166948e-09,8.057029883e-09,3.084772686e-08,8.036772159e-08,1.115759069e-07,6.149074810e-08,
2.962926271e-12,-1.420521770e-11,-2.076959557e-11,-9.977059218e-10,-7.791667167e-09,-3.399532497e-08,-8.100238962e-08,-9.950712241e-08,-4.986292962e-08,
1.586925864e-01
l,6.5,-4.5
1.811,2.311,2.831,
0.000000000e+00,0.000000000e+00
1.088854007e-10,-2.152532312e-10,-1.889420311e-10,7.746356929e-09,3.711394845e-08,1.184141808e-07,2.652976726e-07,3.338927626e-07,1.702573427e-07,
1.398383016e-11,-6.726160589e-11,-7.617985054e-11,-4.268722872e-09,-3.233079921e-08,-1.368643547e-07,-3.150498005e-07,-3.722614784e-07,-1.791655867e-07,
1.586925826e-01
l,6.5,-3.5
1.891,2.411,2.951,
0.000000000e+00,0.000000000e+00
5.440652928e-10,-9.472723284e-10,-1.583692997e-09,3.567053059e-08,1.945114363e-07,6.587922215e-07,1.493548360e-06,1.892350158e-06,9.814075575e-07,
6.590535542e-11,-3.179485073e-10,-3.305058569e-10,-1.929793883e-08,-1.415710779e-07,-5.792264600e-07,-1.278379301e-06,-1.438050663e-06,-6.571320978e-07,
1.587546304e-01
l,6.5,-2.5
1.991,2.511,3.051,
3.156528101e-17,2.423523373e+01
2.756280093e-09,-4.538103287e-09,-9.031063526e-09,1.676264691e-07,8.706022589e-07,2.720824020e-06,5.993942194e-06,7.718219106e-06,4.132272122e-06,
3.413901204e-10,-1.650766851e-09,-1.894515193e-09,-1.034618572e-07,-7.615235004e-07,-3.114656121e-06,-6.885735909e-06,-7.761213348e-06,-3.549361375e-06,
1.587237268e-01
l,6.5,-1.5
2.051,2.591,3.151,
0.000000000e+00,0.000000000e+00
1.465989996e-08,-1.914095255e-08,-6.447366093e-08,7.493359457e-07,4.153251237e-06,1.152444580e-05,1.999505294e-05,1.989439124e-05,8.394673350e-06,
1.766848991e-09,-8.561846914e-09,-2.283251281e-09,-3.402090225e-07,-2.103214791e-06,-7.757867192e-06,-1.567656136e-05,-1.603852837e-05,-6.706308827e-06,
1.587237252e-01
l,6.5,-0.5
2.131,2.691,3.251,
2.380138923e-16,2.371291374e+01
7.756050024e-08,-1.111557002e-07,-3.487915970e-07,3.056136417e-06,1.222585329e-05,1.699409084e-05,5.582598772e-06,-8.527239744e-06,-6.706824780e-06,
9.135041264e-09,-4.435601653e-08,-7.452467859e-09,-1.710537227e-06,-1.055071619e-05,-3.903877629e-05,-7.926827969e-05,-8.182575861e-05,-3.467334703e-05,
1.587238077e-01
l,6.5,0.5
2.171,2.751,3.331,
0.000000000e+00,0.000000000e+00
4.451900963e-07,-4.748861389e-07,-2.301226066e-06,1.645480009e-05,8.748560069e-05,1.908873281e-04,2.328716774e-04,1.590269429e-04,4.739070911e-05,
5.199626362e-08,-2.528566486e-07,-6.988242702e-08,-9.931390639e-06,-5.987595951e-05,-2.145907806e-04,-4.200448778e-04,-4.133194529e-04,-1.649271158e-04,
1.586928781e-01
l,6.5,1.5
2.231,2.831,3.431,
7.556895063e-14,1.947036271e+01
2.559587074e-06,-2.885432314e-06,-1.357520122e-05,7.066036064e-05,3.789802313e-04,8.904936243e-04,1.347473762e-03,1.261775388e-03,5.300478817e-04,
2.684370043e-07,-1.307751309e-06,-4.723494209e-08,-4.627647261e-05,-2.659322992e-04,-9.213416070e-04,-1.707564789e-03,-1.553706801e-03,-5.642132032e-04,
1.587228577e-01
l,6.5,2.5
2.251,2.851,3.471,
3.537768041e-13,1.947983180e+01
1.642292955e-05,-5.673809576e-06,-1.182421737e-04,2.466481791e-04,3.185966578e-03,1.105760275e-02,1.971686852e-02,1.826124780e-02,6.955734450e-03,
1.853615647e-06,-9.036504410e-06,-1.388585615e-06,-3.055996011e-04,-1.649817188e-03,-5.142264382e-03,-8.132305024e-03,-5.637212791e-03,-1.248224523e-03,
1.585993174e-01
l,6.5,3.5
2.271,2.911,3.551,
1.965341294e-11,1.667683298e+01
1.055343964e-04,-8.004272189e-05,-5.877456108e-04,3.192383192e-03,1.781150536e-02,3.360182885e-02,2.710803415e-02,4.804863310e-03,-3.334315203e-03,
1.052409787e-05,-5.137317880e-05,1.419565988e-05,-1.573800449e-03,-8.590515603e-03,-2.865561797e-02,-5.187882590e-02,-4.651047574e-02,-1.678075313e-02,
1.584121465e-01
l,6.5,4.5
2.271,2.931,3.611,
9.534613366e-10,1.424647940e+01
7.300358848e-04,-2.911626710e-04,-4.924574063e-03,9.837424341e-05,3.091559364e-02,7.566666181e-02,9.648870344e-02,6.938317069e-02,2.177871132e-02,
6.601692476e-05,-3.225363329e-04,2.979028505e-05,-1.024650857e-02,-5.310211167e-02,-1.651067057e-01,-2.623538149e-01,-1.883567468e-01,-4.740776592e-02,
1.586309876e-01
l,6.5,5.5
2.251,2.931,3.611,
1.719596675e-07,1.050525389e+01
5.645550787e-03,-1.106289454e-03,-3.557355131e-02,8.593357508e-02,8.324891511e-01,2.296397271e+00,3.284641692e+00,2.481045989e+00,7.847638189e-01,
5.527508568e-04,-2.698122473e-03,-7.233056369e-05,-8.865405740e-02,-4.653354406e-01,-1.444676432e+00,-2.370075013e+00,-1.851222462e+00,-5.527459968e-01,
1.582908445e-01
l,6.5,6.5
2.251,2.871,3.511,
2.270917454e-06,9.985936651e+00
5.129244179e-02,2.684876012e-02,-3.181097207e-01,-7.335634901e-02,3.453499279e+00,1.148835106e+01,1.862644230e+01,1.609044250e+01,5.885002853e+00,
7.500930502e-03,-3.607178917e-02,7.946681850e-05,-1.224929713e+00,-7.285040461e+00,-2.569013700e+01,-5.008283175e+01,-4.768130690e+01,-1.748096802e+01,
1.589583353e-01
l,7.5,-7.5
1.891,2.371,2.871,
0.000000000e+00,0.000000000e+00
1.497025973e-13,-3.638268552e-13,4.568267169e-14,1.204907992e-11,6.437644970e-11,2.817825171e-10,7.810824420e-10,1.104829944e-09,6.110122745e-10,
1.946451769e-14,-9.371926318e-14,-9.578073443e-14,-5.900819597e-12,-4.582165834e-11,-2.006822801e-10,-4.802469538e-10,-5.935104985e-10,-2.996962670e-10,
1.586002916e-01
l,7.5,-6.5
2.011,2.491,2.991,
0.000000000e+00,0.000000000e+00
7.057847145e-13,-1.668656156e-12,-2.117702502e-13,5.408579704e-11,2.789114343e-10,1.108959262e-09,2.867909702e-09,3.871753197e-09,2.061327443e-09,
9.170113864e-14,-4.428111879e-13,-4.563370165e-13,-2.785836611e-11,-2.157507829e-10,-9.426147503e-10,-2.246464547e-09,-2.761101832e-09,-1.386987534e-09,
1.586924955e-01
l,7.5,-5.5
2.111,2.591,3.091,
0.000000000e+00,0.000000000e+00
3.481910940e-12,-7.293134576e-12,-4.621904552e-12,2.519786406e-10,1.219551229e-09,4.305329859e-09,1.073256673e-08,1.467607766e-08,8.021690392e-09,
4.748967544e-13,-2.298342644e-12,-3.245274648e-12,-1.604663394e-10,-1.251995250e-09,-5.455864472e-09,-1.299697580e-08,-1.594992753e-08,-7.978561152e-09,
1.586925275e-01
l,7.5,-4.5
2.191,2.691,3.211,
0.000000000e+00,0.000000000e+00
1.723952925e-11,-3.134094766e-11,-4.737134903e-11,1.114941456e-09,5.834637906e-09,2.016755613e-08,4.875604531e-08,6.664432906e-08,3.724890005e-08,
2.230081694e-12,-1.081981773e-11,-1.444878610e-11,-7.250521897e-10,-5.484534221e-09,-2.310956273e-08,-5.283939639e-08,-6.182029776e-08,-2.940059106e-08,
1.587235228e-01
l,7.5,-3.5
2.291,2.811,3.331,
0.000000000e+00,0.000000000e+00
8.287810022e-11,-1.636928903e-10,-1.958123998e-10,4.898810502e-09,2.079623908e-08,5.746487970e-08,1.235361833e-07,1.598990725e-07,8.525861559e-08,
1.045767279e-11,-5.085543049e-11,-5.408412137e-11,-3.192923044e-09,-2.408205004e-08,-1.017207253e-07,-2.333996371e-07,-2.744738727e-07,-1.313814437e-07,
1.587545903e-01
l,7.5,-2.5
2.371,2.891,3.431,
0.000000000e+00,0.000000000e+00
4.360342087e-10,-6.728496008e-10,-1.355804607e-09,2.948949315e-08,1.722112659e-07,5.684219599e-07,1.183492785e-06,1.369550484e-06,6.556524401e-07,
5.397885351e-11,-2.629702764e-10,-3.377467734e-10,-1.715010008e-08,-1.264689472e-07,-5.175796324e-07,-1.143418751e-06,-1.285200766e-06,-5.851316442e-07,
1.587546731e-01
l,7.5,-1.5
2.451,2.991,3.531,
0.000000000e+00,0.000000000e+00
2.251185904e-09,-3.564816284e-09,-6.950103893e-09,1.447349548e-07,8.033359559e-07,2.549599513e-06,5.308973200e-06,6.300445379e-06,3.118136106e-06,
2.783289814e-10,-1.358240426e-09,-1.677176628e-09,-8.767819010e-08,-6.463472794e-07,-2.645887777e-06,-5.856056257e-06,-6.601970046e-06,-3.015599217e-06,
1.587237797e-01
l,7.5,-0.5
2.511,3.071,3.631,
0.000000000e+00,0.000000000e+00
1.224344004e-08,-1.701849548e-08,-5.602554892e-08,5.121277737e-07,2.515651289e-06,5.912513680e-06,9.144969077e-06,8.948052671e-06,3.977406746e-06,
1.434262617e-09,-7.010362560e-09,-1.093178956e-09,-2.703987598e-07,-1.663204991e-06,-6.143758021e-06,-1.242140433e-05,-1.270727387e-05,-5.317248444e-06,
1.587237533e-01
l,7.5,0.5
2.571,3.151,3.731,
0.000000000e+00,0.000000000e+00
6.812825148e-08,-9.015503987e-08,-3.392791968e-07,2.354170734e-06,1.105535944e-05,2.144591053e-05,2.408996282e-05,1.687282459e-05,5.979758351e-06,
7.385332578e-09,-3.615240825e-08,3.528810993e-09,-1.241510413e-06,-7.277314444e-06,-2.593944646e-05,-4.999373942e-05,-4.807396407e-05,-1.881350081e-05,
1.587237848e-01
l,7.5,1.5
2.611,3.191,3.791,
0.000000000e+00,0.000000000e+00
4.094719941e-07,-3.303865415e-07,-2.285292508e-06,1.487068693e-05,9.236798433e-05,2.239905004e-04,2.902199082e-04,1.983049588e-04,5.541692747e-05,
4.621306327e-08,-2.264165077e-07,-2.569974932e-08,-8.285231515e-06,-4.819499741e-05,-1.670784864e-04,-3.156796160e-04,-2.975417947e-04,-1.131102764e-04,
1.586617449e-01
l,7.5,2.5
2.651,3.271,3.911,
0.000000000e+00,0.000000000e+00
2.376099019e-06,-2.633978868e-06,-1.229166148e-05,1.959329107e-05,-9.865079499e-05,-8.747871619e-04,-1.927368260e-03,-1.798644799e-03,-6.262533158e-04,
2.154759617e-07,-1.057447647e-06,8.742404000e-09,-3.834547227e-05,-2.199276692e-04,-7.782030333e-04,-1.474854715e-03,-1.368719297e-03,-5.001723989e-04,
1.586636472e-01
l,7.5,3.5
2.671,3.311,3.951,
6.351316842e-17,2.473221783e+01
1.537014941e-05,-9.613131749e-06,-1.039180002e-04,1.318933088e-04,1.702430965e-03,5.544971753e-03,9.668065635e-03,8.896760331e-03,3.359085623e-03,
1.487208220e-06,-7.302304194e-06,1.118893164e-06,-2.258283701e-04,-1.175138313e-03,-3.650879930e-03,-5.687575979e-03,-3.813852322e-03,-7.883788331e-04,
1.586898800e-01
l,7.5,4.5
2.691,3.331,3.991,
1.508095474e-13,1.872935571e+01
1.048678023e-04,-4.722915219e-05,-6.255589701e-04,2.514178029e-03,1.860361108e-02,4.705919918e-02,6.313102481e-02,4.566933330e-02,1.418290236e-02,
1.024593407e-05,-5.033356601e-05,1.234142126e-05,-1.541074803e-03,-8.184164957e-03,-2.641605501e-02,-4.573595444e-02,-3.837552615e-02,-1.265027586e-02,
1.584446222e-01
l,7.5,5.5
2.671,3.351,4.051,
2.172788131e-12,1.801372471e+01
7.370170206e-04,-1.996941150e-04,-5.969142724e-03,-1.484307117e-02,-4.823845800e-02,-1.546919452e-01,-2.843362708e-01,-2.634446894e-01,-9.736686674e-02,
6.411694969e-05,-3.151873802e-04,2.240914280e-04,-6.614072396e-03,-2.755755364e-02,-7.518592183e-02,-9.421018862e-02,-2.940080940e-02,1.242643784e-02,
1.585693076e-01
l,7.5,6.5
2.651,3.351,4.051,
5.999922702e-09,1.219686187e+01
5.800776184e-03,-4.577079056e-04,-4.000675952e-02,2.208420037e-02,5.244392602e-01,1.471250088e+00,1.991495718e+00,1.381529269e+00,3.949030524e-01,
5.373229189e-04,-2.639335826e-03,1.729549924e-03,-5.610834767e-02,-2.370574180e-01,-6.501781812e-01,-8.982148535e-01,-4.703525032e-01,-3.636131152e-02,
1.583527907e-01
l,7.5,7.5
2.651,3.291,3.951,
1.780237053e-07,1.095941004e+01
5.233953893e-02,3.161997255e-02,-3.011160735e-01,-1.685184677e-01,2.746749417e+00,9.549955440e+00,1.566076353e+01,1.351922960e+01,4.895928734e+00,
7.322074952e-03,-3.551118863e-02,-2.952606052e-03,-1.252963483e+00,-7.380402946e+00,-2.576167741e+01,-4.954639133e+01,-4.650560750e+01,-1.680125023e+01,
1.589273313e-01
l,8.5,-8.5
2.191,2.651,3.131,
0.000000000e+00,0.000000000e+00
4.778558818e-15,-1.221641071e-14,1.726214824e-15,3.305440971e-13,1.496569716e-12,6.423856005e-12,1.802588320e-11,2.516534713e-11,1.338806273e-11,
6.605043667e-16,-3.199351813e-15,-4.174838728e-15,-2.230196032e-13,-1.786964094e-12,-8.060810256e-12,-1.995573606e-11,-2.558168967e-11,-1.340156935e-11,
1.586616902e-01
l,8.5,-7.5
2.291,2.771,3.251,
0.000000000e+00,0.000000000e+00
2.240989986e-14,-5.573463770e-14,-4.101145307e-15,1.545434086e-12,7.030295351e-12,2.801608577e-11,7.702018087e-11,1.106726333e-10,6.242414700e-11,
3.100799839e-15,-1.505621349e-14,-2.001750131e-14,-1.050519870e-12,-8.396814764e-12,-3.779107900e-11,-9.324050427e-11,-1.190384789e-10,-6.214834963e-11,
1.587233276e-01
l,8.5,-6.5
2.391,2.871,3.371,
0.000000000e+00,0.000000000e+00
1.100087970e-13,-2.436758268e-13,-1.373270824e-13,7.628210343e-12,3.741006117e-11,1.526074188e-10,4.388476935e-10,6.684974288e-10,4.002669538e-10,
1.453150353e-14,-7.071814393e-14,-8.030095074e-14,-4.623003366e-12,-3.589905979e-11,-1.567078137e-10,-3.736566109e-10,-4.589718724e-10,-2.300014367e-10,
1.587233583e-01
l,8.5,-5.5
2.491,2.991,3.491,
0.000000000e+00,0.000000000e+00
5.188062978e-13,-1.140079518e-12,-6.776826162e-13,3.608913525e-11,1.754224581e-10,6.238043390e-10,1.539527329e-09,2.080616469e-09,1.129979503e-09,
6.804043508e-14,-3.318153105e-13,-3.980385480e-13,-2.198898902e-11,-1.704583761e-10,-7.426772767e-10,-1.764544754e-09,-2.157989906e-09,-1.077134472e-09,
1.587854933e-01
l,8.5,-4.5
2.591,3.091,3.591,
0.000000000e+00,0.000000000e+00
2.572970049e-12,-5.163841063e-12,-3.091692222e-12,2.011762046e-10,1.031270415e-09,3.506952798e-09,8.022765542e-09,1.016076715e-08,5.224684771e-09,
3.505943982e-13,-1.712553354e-12,-2.485821448e-12,-1.215257336e-10,-9.493950657e-10,-4.144275548e-09,-9.894497249e-09,-1.216054649e-08,-6.086996881e-09,
1.587235492e-01
l,8.5,-3.5
2.691,3.191,3.711,
0.000000000e+00,0.000000000e+00
1.290590031e-11,-2.374647408e-11,-3.043249031e-11,9.147412254e-10,5.097238624e-09,1.766010650e-08,3.988822871e-08,4.992031749e-08,2.561125410e-08,
1.638120209e-12,-8.016499625e-12,-1.008608200e-11,-5.296439103e-10,-3.997023846e-09,-1.684544724e-08,-3.851531901e-08,-4.504895463e-08,-2.142427101e-08,
1.587856153e-01
l,8.5,-2.5
2.771,3.291,3.811,
0.000000000e+00,0.000000000e+00
6.551458681e-11,-1.185852198e-10,-1.641907671e-10,4.263456171e-09,2.193109236e-08,7.099171814e-08,1.594497199e-07,2.049053924e-07,1.084638179e-07,
8.426863506e-12,-4.129828514e-11,-5.319299919e-11,-2.760281988e-09,-2.088600572e-08,-8.813486513e-08,-2.021837459e-07,-2.374020898e-07,-1.132269334e-07,
1.587236214e-01
l,8.5,-1.5
2.851,3.371,3.911,
0.000000000e+00,0.000000000e+00
3.502698132e-10,-5.260004775e-10,-1.171985534e-09,2.181434219e-08,1.246342972e-07,3.891557929e-07,7.644323981e-07,8.446654273e-07,3.902040423e-07,
4.333685664e-11,-2.126755739e-10,-2.783790726e-10,-1.400186863e-08,-1.031986071e-07,-4.220348003e-07,-9.317748748e-07,-1.045780387e-06,-4.749242085e-07,
1.587237252e-01
l,8.5,-0.5
2.911,3.451,4.011,
0.000000000e+00,0.000000000e+00
1.901927948e-09,-2.571528547e-09,-7.751789714e-09,1.045923815e-07,6.245645694e-07,1.986186314e-06,4.017685304e-06,4.624517606e-06,2.236982139e-06,
2.227660137e-10,-1.094644022e-09,-1.906450131e-10,-4.283634951e-08,-2.641011417e-07,-9.776681569e-07,-1.984989177e-06,-2.040849888e-06,-8.577037365e-07,
1.587547540e-01
l,8.5,0.5
2.971,3.531,4.111,
0.000000000e+00,0.000000000e+00
1.054613996e-08,-1.361796283e-08,-5.323210039e-08,3.814177815e-07,1.902554637e-06,4.176763255e-06,5.788229701e-06,5.200366448e-06,2.233198438e-06,
1.143711535e-09,-5.626989961e-09,8.464555245e-10,-1.906877679e-07,-1.116921301e-06,-3.992971987e-06,-7.738918036e-06,-7.486543456e-06,-2.946025835e-06,
1.586927901e-01
l,8.5,1.5
3.011,3.591,4.191,
0.000000000e+00,0.000000000e+00
6.117046070e-08,-5.904103318e-08,-3.589766543e-07,1.396553726e-06,9.077538192e-06,2.462250228e-05,4.095871331e-05,3.975806395e-05,1.674461731e-05,
6.479736937e-09,-3.190999159e-08,4.763477002e-10,-1.108160896e-06,-6.304083178e-06,-2.161802257e-05,-3.930390223e-05,-3.439167414e-05,-1.172777979e-05,
1.587225936e-01
l,8.5,2.5
3.051,3.631,4.211,
0.000000000e+00,0.000000000e+00
3.784790863e-07,-1.387678928e-07,-2.600274816e-06,1.192869393e-05,1.246000390e-04,4.380238911e-04,7.946223125e-04,7.477649956e-04,2.897187760e-04,
4.923648118e-08,-2.425248374e-07,-1.278337603e-07,-9.509380266e-06,-5.525170351e-05,-1.822732166e-04,-3.144116415e-04,-2.539729901e-04,-7.600356932e-05,
1.584788001e-01
l,8.5,3.5
3.091,3.711,4.331,
0.000000000e+00,0.000000000e+00
2.261167083e-06,-2.244455609e-06,-1.136837432e-05,6.681643353e-05,2.706380485e-04,2.076180262e-04,-4.549983982e-04,-9.117422821e-04,-4.676366183e-04,
2.289486791e-07,-1.129241884e-06,1.879287290e-07,-3.810691051e-05,-2.179759511e-04,-7.654211133e-04,-1.474520273e-03,-1.422516018e-03,-5.531924658e-04,
1.585345854e-01
l,8.5,4.5
3.111,3.751,4.391,
0.000000000e+00,0.000000000e+00
1.465340029e-05,-8.998087127e-06,-9.604627216e-05,1.159618152e-04,1.443215339e-03,4.465466746e-03,7.456153870e-03,6.639326926e-03,2.440945238e-03,
1.431184464e-06,-7.063523267e-06,4.330554961e-07,-2.309842028e-04,-1.231009963e-03,-3.921012499e-03,-6.407031610e-03,-4.733931075e-03,-1.223053011e-03,
1.586613001e-01
l,8.5,5.5
3.111,3.771,4.431,
1.527031854e-16,2.238106349e+01
1.019373012e-04,-4.912683733e-05,-5.973971911e-04,2.247249430e-03,1.651589393e-02,4.085689118e-02,5.312510974e-02,3.682425323e-02,1.080379753e-02,
9.851857248e-06,-4.864288307e-05,1.087051928e-05,-1.513990613e-03,-8.069159887e-03,-2.616215058e-02,-4.549839951e-02,-3.833663058e-02,-1.266502259e-02,
1.584450223e-01
l,8.5,6.5
3.091,3.771,4.471,
4.926541423e-15,2.109828724e+01
7.335611153e-04,-8.365713990e-05,-6.070695834e-03,-2.017145329e-02,-7.631465261e-02,-2.341570254e-01,-4.169008104e-01,-3.837001082e-01,-1.427061504e-01,
6.795307105e-05,-3.356222186e-04,1.489484686e-04,-8.267074410e-03,-3.761528965e-02,-1.097899832e-01,-1.603340081e-01,-9.107722527e-02,-9.303974995e-03,
1.585693975e-01
l,8.5,7.5
3.051,3.751,4.471,
1.444531425e-10,1.398226571e+01
5.840850063e-03,1.758749694e-03,-4.281774924e-02,-6.693433516e-02,1.265220109e-01,5.578049239e-01,7.773863761e-01,4.927806708e-01,1.173742773e-01,
5.694874859e-04,-2.810632156e-03,1.433475566e-03,-6.464785456e-02,-2.823062559e-01,-7.893996877e-01,-1.142671316e+00,-6.757731287e-01,-9.823877742e-02,
1.583528265e-01
l,8.5,8.5
3.051,3.711,4.391,
1.337212778e-08,1.190086812e+01
5.253056064e-02,3.621565263e-02,-2.786041044e-01,-2.323862686e-01,2.159566078e+00,7.882623483e+00,1.306695670e+01,1.125748261e+01,4.032419057e+00,
7.057778963e-03,-3.446472458e-02,-5.096316348e-03,-1.251240895e+00,-7.308090995e+00,-2.528784336e+01,-4.803460146e+01,-4.446971215e+01,-1.583208107e+01,
1.589101710e-01
