l,0.5,-0.5
0.211,0.911,1.631,
3.065360197e-02,2.382225964e+00
3.816165961e-03,-5.166592922e-03,3.195979265e-03,9.025145030e-02,3.626048448e-01,1.127241283e+00,1.915918425e+00,1.568556380e+00,5.008999926e-01,
7.857443457e-04,-2.085224566e-03,-2.147303329e-03,-5.666169948e-02,-3.006597400e-01,-8.862427015e-01,-1.455473288e+00,-1.248556015e+00,-4.383574548e-01,
1.588962461e-01
l,0.5,0.5
0.231,0.831,1.431,
5.842833706e-02,2.376427938e+00
1.043256000e-02,-8.896524367e-03,1.765193851e-02,5.938525173e-01,3.255478402e+00,1.136644582e+01,2.283922305e+01,2.355500352e+01,9.745697756e+00,
3.239432521e-03,-8.200440267e-03,-1.985052835e-02,-4.234868946e-01,-2.799884492e+00,-9.976883100e+00,-1.975763091e+01,-2.039585599e+01,-8.581302037e+00,
1.591135572e-01
l,1.5,-1.5
0.551,1.331,2.131,
7.351989967e-04,3.658765399e+00
5.090829218e-04,-6.031006593e-04,-2.832589019e-04,9.610202949e-03,2.971042132e-02,7.765101209e-02,1.432377124e-01,1.348103073e-01,4.876540365e-02,
8.114129650e-05,-2.277496482e-04,-1.848545880e-04,-5.570106959e-03,-2.702098107e-02,-7.307501232e-02,-1.087192473e-01,-8.369318822e-02,-2.632682024e-02,
1.588480556e-01
l,1.5,-0.5
0.591,1.371,2.151,
1.297560994e-03,3.608490134e+00
1.129284967e-03,-1.319168201e-03,-6.203546427e-04,2.221016605e-02,6.840731281e-02,1.704582814e-01,3.064721477e-01,2.873051788e-01,1.043432294e-01,
1.890413719e-04,-5.312373008e-04,-4.676889472e-04,-1.355186098e-02,-6.701581215e-02,-1.848162685e-01,-2.812432665e-01,-2.218023622e-01,-7.152217899e-02,
1.589101259e-01
l,1.5,0.5
0.631,1.391,2.171,
2.450992795e-03,3.683448574e+00
2.560589928e-03,-2.651636803e-03,-2.253274871e-03,5.174652913e-02,1.650490691e-01,3.852485154e-01,6.678142440e-01,6.295826296e-01,2.338048731e-01,
4.400820310e-04,-1.237545753e-03,-1.088349661e-03,-3.148366898e-02,-1.556212314e-01,-4.285582527e-01,-6.513642847e-01,-5.123596417e-01,-1.646879083e-01,
1.589273143e-01
l,1.5,1.5
0.651,1.411,2.171,
4.535311918e-03,3.729008719e+00
5.813209806e-03,-5.257021159e-03,-6.688792722e-03,1.210057393e-01,3.906110935e-01,8.216291393e-01,1.316041560e+00,1.214626538e+00,4.526513792e-01,
1.082878363e-03,-3.038533810e-03,-2.661216559e-03,-7.764434592e-02,-3.912841509e-01,-1.098527451e+00,-1.708555376e+00,-1.376030637e+00,-4.528449738e-01,
1.589893170e-01
l,2.5,-2.5
0.991,1.811,2.631,
9.154069079e-06,5.163925436e+00
5.270694965e-05,-5.147715284e-05,-6.917770926e-05,9.086996828e-04,2.570268360e-03,4.267362663e-03,5.726467994e-03,4.851882637e-03,1.712151151e-03,
7.899929497e-06,-2.288397063e-05,-1.758526917e-05,-5.534400251e-04,-2.618717555e-03,-6.918336258e-03,-1.001213794e-02,-7.456562906e-03,-2.266293908e-03,
1.588479325e-01
l,2.5,-1.5
1.031,1.851,2.671,
1.624807224e-05,5.258039766e+00
1.145920032e-04,-1.048263315e-04,-1.647427592e-04,2.005158244e-03,5.998348707e-03,9.881758158e-03,1.226653289e-02,9.663496408e-03,3.259656546e-03,
1.733520254e-05,-5.031284329e-05,-3.999756827e-05,-1.229937220e-03,-5.816155151e-03,-1.534565899e-02,-2.216969808e-02,-1.646345009e-02,-4.986217459e-03,
1.588480556e-01
l,2.5,-0.5
1.071,1.891,2.731,
2.900362235e-05,5.249445292e+00
2.486490994e-04,-2.147669719e-04,-4.336455927e-04,3.879513087e-03,1.146881587e-02,1.742958982e-02,2.020261084e-02,1.571168447e-02,5.376086697e-03,
3.589446822e-05,-1.044686700e-04,-2.850364729e-05,-1.775547309e-03,-7.535635956e-03,-1.868831927e-02,-2.565333105e-02,-1.813059705e-02,-5.282326131e-03,
1.589101259e-01
l,2.5,0.5
1.091,1.931,2.771,
5.067814539e-05,5.453717380e+00
5.398109206e-04,-4.376835463e-04,-1.084391623e-03,7.089139668e-03,1.780117134e-02,1.503547998e-02,5.018948560e-03,1.393784608e-03,8.649609070e-04,
7.871592165e-05,-2.294892015e-04,-5.985970815e-05,-3.870535540e-03,-1.640245762e-02,-4.061075605e-02,-5.564851351e-02,-3.919713123e-02,-1.137098019e-02,
1.589101597e-01
l,2.5,1.5
1.131,1.971,2.811,
9.022647321e-05,5.494037288e+00
1.172121032e-03,-8.753239730e-04,-2.474028317e-03,1.569121828e-02,4.454252845e-02,4.858903880e-02,2.937166181e-02,1.282880076e-02,3.741742032e-03,
1.725857683e-04,-5.039272059e-04,-1.450975014e-04,-8.626175658e-03,-3.653254552e-02,-9.025951791e-02,-1.232554780e-01,-8.627316290e-02,-2.481977019e-02,
1.589272411e-01
l,2.5,2.5
1.171,2.011,2.851,
1.640222847e-04,5.410433359e+00
2.538484987e-03,-1.768662115e-03,-5.565534563e-03,3.143941347e-02,9.070739987e-02,1.024341374e-01,7.179455739e-02,4.054173190e-02,1.348747322e-02,
3.781885740e-04,-1.105591688e-03,-2.531347207e-04,-1.846499912e-02,-7.814791090e-02,-1.935199337e-01,-2.650328790e-01,-1.853348667e-01,-5.302576964e-02,
1.589272491e-01
l,3.5,-3.5
1.471,2.311,3.171,
4.365715587e-08,7.488422322e+00
4.832778814e-06,-3.644194544e-06,-1.041962738e-05,6.231722712e-05,1.838452336e-04,2.137229017e-04,1.413710451e-04,6.425923657e-05,1.746267549e-05,
6.585887276e-07,-1.950419957e-06,-4.259238045e-07,-3.211360499e-05,-1.322987041e-04,-3.196861795e-04,-4.245648036e-04,-2.877455085e-04,-8.015700623e-05,
1.588789751e-01
l,3.5,-2.5
1.511,2.351,3.211,
8.022540088e-08,7.356056682e+00
1.035744026e-05,-6.998933371e-06,-2.294268697e-05,1.308715303e-04,4.135175994e-04,5.323025628e-04,4.081411315e-04,2.076223829e-04,5.573699545e-05,
1.441516154e-06,-4.274726526e-06,-1.229954705e-06,-7.344875339e-05,-3.041834814e-04,-7.358793865e-04,-9.793146054e-04,-6.635654181e-04,-1.839099466e-04,
1.588789575e-01
l,3.5,-1.5
1.551,2.391,3.251,
1.424673516e-07,7.320136362e+00
2.220896931e-05,-1.352180737e-05,-5.066341518e-05,2.802502312e-04,9.334646357e-04,1.267964820e-03,1.026159168e-03,5.385836366e-04,1.444361694e-04,
3.154075890e-06,-9.365267796e-06,-2.756290623e-06,-1.614982476e-04,-6.701456501e-04,-1.621796220e-03,-2.162458291e-03,-1.466577170e-03,-4.058829712e-04,
1.588480556e-01
l,3.5,-0.5
1.591,2.451,3.311,
2.422515774e-07,7.396766271e+00
4.701107173e-05,-3.190444937e-05,-1.061629898e-04,5.803324898e-04,1.792099327e-03,2.067911033e-03,1.175253097e-03,3.303974377e-04,4.245338976e-05,
6.505494210e-06,-1.935262539e-05,-4.148087190e-06,-3.200130436e-04,-1.319709108e-03,-3.190358641e-03,-4.242771729e-03,-2.870788340e-03,-7.950590904e-04,
1.589101259e-01
l,3.5,0.5
1.631,2.491,3.351,
4.565046949e-07,7.260244649e+00
1.007582978e-04,-6.047968748e-05,-2.329732010e-04,1.257230002e-03,4.301576840e-03,5.947474501e-03,4.743771311e-03,2.317889157e-03,5.589988323e-04,
1.423151915e-05,-4.238673815e-05,-1.201707095e-05,-7.288789969e-04,-3.018402308e-03,-7.295658169e-03,-9.704059177e-03,-6.554084760e-03,-1.804818081e-03,
1.589101597e-01
l,3.5,1.5
1.671,2.531,3.391,
8.040913176e-07,7.277888372e+00
2.160603035e-04,-1.172879651e-04,-5.096420315e-04,2.680514235e-03,9.316771506e-03,1.258322467e-02,9.220975784e-03,3.850987884e-03,7.726714289e-04,
3.112810539e-05,-9.281744218e-05,-2.714337513e-05,-1.605053593e-03,-6.667565913e-03,-1.613493701e-02,-2.153931459e-02,-1.460614159e-02,-4.032508947e-03,
1.589100431e-01
l,3.5,2.5
1.711,2.571,3.431,
1.482199525e-06,7.229011403e+00
4.659378028e-04,-2.161374280e-04,-1.169478474e-03,6.364448782e-03,2.540802313e-02,4.023648677e-02,3.490195665e-02,1.669914471e-02,3.519430471e-03,
6.807340200e-05,-2.031995949e-04,-6.375784281e-05,-3.495632816e-03,-1.443412101e-02,-3.457807998e-02,-4.556092744e-02,-3.043008271e-02,-8.285082369e-03,
1.589097185e-01
l,3.5,3.5
1.751,2.631,3.531,
2.573702827e-06,7.293565831e+00
9.820153937e-04,-4.601327522e-04,-2.692852998e-03,9.795923296e-03,4.322354241e-02,7.530920666e-02,7.515840052e-02,4.227451694e-02,1.034931841e-02,
1.244747663e-04,-3.725460313e-04,-5.861320609e-05,-5.814093541e-03,-2.254298371e-02,-5.134231195e-02,-6.257017898e-02,-3.743870067e-02,-8.943478835e-03,
1.590176051e-01
l,4.5,-4.5
1.971,2.831,3.711,
5.928277186e-11,1.026080604e+01
4.081088889e-07,-2.536324338e-07,-9.780658174e-07,4.516184005e-06,1.525836652e-05,2.047535761e-05,1.601723696e-05,7.923942558e-06,1.988259569e-06,
5.330065707e-08,-1.602967747e-07,-2.246848807e-08,-2.544738468e-06,-1.021400998e-05,-2.418283360e-05,-3.126571296e-05,-2.034931207e-05,-5.383583310e-06,
1.588789196e-01
l,4.5,-3.5
2.011,2.871,3.751,
9.493957337e-11,1.035152172e+01
8.705637811e-07,-4.809341175e-07,-2.151647375e-06,9.698647545e-06,3.402045581e-05,4.525653857e-05,3.235237740e-05,1.316732252e-05,2.607996943e-06,
1.164302498e-07,-3.504876907e-07,-4.892120409e-08,-5.550192838e-06,-2.231586947e-05,-5.281547808e-05,-6.844853342e-05,-4.467077624e-05,-1.183556997e-05,
1.588479501e-01
l,4.5,-2.5
2.051,2.911,3.791,
1.748790234e-10,1.025255214e+01
1.856142035e-06,-8.553022325e-07,-4.727371699e-06,2.146315764e-05,8.430191722e-05,1.285341077e-04,1.076384039e-04,5.034351126e-05,1.053955209e-05,
2.544011576e-07,-7.665342232e-07,-1.707577743e-07,-1.266174033e-05,-5.111186954e-05,-1.205729034e-04,-1.557289667e-04,-1.011749846e-04,-2.662256315e-05,
1.588789575e-01
l,4.5,-1.5
2.091,2.971,3.851,
3.340740247e-10,1.010944233e+01
3.905568974e-06,-2.000828437e-06,-9.915914048e-06,4.433716567e-05,1.733167756e-04,2.685747301e-04,2.352391579e-04,1.183502501e-04,2.704087686e-05,
5.231641261e-07,-1.578491292e-06,-2.508771154e-07,-2.516354690e-05,-1.008092029e-04,-2.372275870e-04,-3.045676458e-04,-1.960622733e-04,-5.111246252e-05,
1.588790806e-01
l,4.5,-0.5
2.131,3.011,3.911,
5.588404570e-10,1.015499612e+01
8.299203728e-06,-3.605426859e-06,-2.240339879e-05,8.112586295e-05,3.319658893e-04,5.049977243e-04,4.174475709e-04,1.904144307e-04,3.824475871e-05,
1.075811121e-06,-3.250220972e-06,-2.652256436e-07,-4.913906437e-05,-1.920395588e-04,-4.425250306e-04,-5.526944768e-04,-3.423831009e-04,-8.515183509e-05,
1.589101259e-01
l,4.5,0.5
2.171,3.051,3.951,
1.162339641e-09,9.921270687e+00
1.765713023e-05,-6.244046315e-06,-4.870883079e-05,1.717709101e-04,7.631391482e-04,1.264093520e-03,1.158856895e-03,5.950691883e-04,1.352279233e-04,
2.348721173e-06,-7.101978071e-06,-8.498294575e-07,-1.095286214e-04,-4.296997712e-04,-9.898974078e-04,-1.237859785e-03,-7.669565585e-04,-1.900803930e-04,
1.588791104e-01
l,4.5,1.5
2.231,3.111,4.011,
2.876836988e-09,9.489817037e+00
3.719056986e-05,-1.487684370e-05,-1.026888550e-04,3.527329931e-04,1.583011389e-03,2.698805010e-03,2.593597857e-03,1.407297050e-03,3.365226158e-04,
4.827906460e-06,-1.461666714e-05,-1.359970819e-06,-2.219222476e-04,-8.639666559e-04,-1.980940093e-03,-2.451370415e-03,-1.494606398e-03,-3.634556397e-04,
1.589099997e-01
l,4.5,2.5
2.271,3.171,4.071,
5.420340535e-09,9.398744368e+00
7.780952001e-05,-3.714056453e-05,-2.038526984e-04,6.147410500e-04,2.351837423e-03,3.361732777e-03,2.815388816e-03,1.448402339e-03,3.547121341e-04,
9.920830177e-06,-3.007188566e-05,-2.761470457e-06,-4.675496000e-04,-1.840436970e-03,-4.292614716e-03,-5.426068741e-03,-3.392260943e-03,-8.453390470e-04,
1.589263913e-01
l,4.5,3.5
2.311,3.171,4.051,
1.175993621e-08,9.167158860e+00
1.705977047e-04,-3.529488793e-05,-4.505243591e-04,2.189472026e-03,9.779918939e-03,1.621203800e-02,1.408164880e-02,6.431287791e-03,1.229381264e-03,
2.594948546e-05,-7.862413115e-05,-1.129205197e-05,-1.223161109e-03,-4.965804832e-03,-1.168559915e-02,-1.529604350e-02,-1.014227021e-02,-2.723857624e-03,
1.587731001e-01
l,4.5,4.5
2.351,3.251,4.151,
2.487022021e-08,9.012941384e+00
3.593398142e-04,-8.995732892e-05,-1.088351957e-03,3.842641059e-03,2.136188877e-02,4.284731540e-02,4.608824067e-02,2.646809659e-02,6.387315429e-03,
4.726946929e-05,-1.434976292e-04,-3.339533430e-05,-2.293266841e-03,-8.809127833e-03,-1.962382395e-02,-2.324457473e-02,-1.333232386e-02,-3.004900190e-03,
1.589563292e-01
l,5.5,-5.5
2.511,3.371,4.231,
2.355403021e-14,1.339264335e+01
3.286514882e-08,-2.020918179e-08,-7.683553631e-08,3.961454609e-07,1.364935718e-06,1.824618685e-06,1.291286937e-06,4.969980923e-07,8.727234120e-08,
4.486270237e-09,-1.364062031e-08,-2.710113720e-09,-2.280018500e-07,-9.372133909e-07,-2.264160835e-06,-3.010795171e-06,-2.028799167e-06,-5.569026354e-07,
1.588478325e-01
l,5.5,-4.5
2.551,3.411,4.291,
3.893930395e-14,1.341133487e+01
6.982131850e-08,-3.591209543e-08,-1.800682815e-07,7.870963340e-07,3.149463418e-06,4.949262572e-06,4.333748257e-06,2.145733423e-06,4.777529195e-07,
9.210864415e-09,-2.803631084e-08,-2.865142286e-09,-4.344276119e-07,-1.727515430e-06,-4.050526860e-06,-5.174427416e-06,-3.305419443e-06,-8.545378736e-07,
1.588478946e-01
l,5.5,-3.5
2.591,3.471,4.351,
6.322396878e-14,1.344843406e+01
1.460843038e-07,-8.123526009e-08,-3.716527020e-07,1.553680112e-06,6.047896036e-06,9.243933883e-06,7.855218362e-06,3.739119490e-06,7.883621610e-07,
1.891472251e-08,-5.763399604e-08,-6.752606628e-09,-9.058388879e-07,-3.600002440e-06,-8.446809090e-06,-1.076724835e-05,-6.849138087e-06,-1.760371575e-06,
1.589099832e-01
l,5.5,-2.5
2.631,3.511,4.411,
1.274031478e-13,1.325862970e+01
3.090794962e-07,-1.485535437e-07,-8.253763016e-07,2.838034381e-06,1.157987697e-05,1.799337603e-05,1.585995126e-05,8.111576740e-06,1.895320910e-06,
3.881926464e-08,-1.184053717e-07,-4.451763601e-09,-1.766806544e-06,-6.867581623e-06,-1.584075949e-05,-1.974538859e-05,-1.215338244e-05,-2.992345184e-06,
1.589100067e-01
l,5.5,-1.5
2.671,3.551,4.451,
2.166839625e-13,1.326019447e+01
6.551471756e-07,-2.657725932e-07,-1.768855399e-06,6.004459201e-06,2.532926787e-05,3.934032417e-05,3.330310975e-05,1.563469438e-05,3.241907569e-06,
8.466992960e-08,-2.584301986e-07,-2.362086600e-08,-3.988688533e-06,-1.563952772e-05,-3.619830070e-05,-4.549862208e-05,-2.833465710e-05,-7.054931961e-06,
1.589100622e-01
l,5.5,-0.5
2.711,3.591,4.491,
5.658801830e-13,1.283666520e+01
1.387773978e-06,-4.360838448e-07,-3.838448145e-06,1.261682956e-05,5.922345445e-05,1.028968643e-04,9.952376644e-05,5.398102575e-05,1.287925537e-05,
1.846255383e-07,-5.638848239e-07,-8.337276430e-08,-8.947388611e-06,-3.521774986e-05,-8.136035126e-05,-1.021518817e-04,-6.344518230e-05,-1.568878221e-05,
1.588790767e-01
l,5.5,0.5
2.751,3.651,4.551,
8.250382140e-13,1.299910496e+01
2.910981948e-06,-1.083770883e-06,-7.971342666e-06,2.569590230e-05,1.144675598e-04,1.871793757e-04,1.683351689e-04,8.413083981e-05,1.842989491e-05,
3.788259314e-07,-1.158125010e-06,-1.216182659e-07,-1.800851322e-05,-7.061017782e-05,-1.632153433e-04,-2.046702379e-04,-1.268130239e-04,-3.130009050e-05,
1.589101597e-01
l,5.5,1.5
2.791,3.691,4.591,
2.004987030e-12,1.266742571e+01
6.169565950e-06,-1.905347562e-06,-1.698398931e-05,5.566660589e-05,2.521859071e-04,4.095795420e-04,3.574631525e-04,1.701742335e-04,3.521513934e-05,
8.257175654e-07,-2.525915755e-06,-2.457987577e-07,-3.907564067e-05,-1.538893292e-04,-3.568733447e-04,-4.515635997e-04,-2.833430959e-04,-7.090571854e-05,
1.588478821e-01
l,5.5,2.5
2.851,3.731,4.631,
9.489651953e-12,1.172647813e+01
1.314934980e-05,-2.464113285e-06,-3.898470085e-05,1.298595393e-04,7.221745965e-04,1.426763180e-03,1.516056641e-03,8.674382784e-04,2.105584018e-04,
1.800348871e-06,-5.510746276e-06,-6.767421175e-07,-8.389877091e-05,-3.251724915e-04,-7.340817526e-04,-8.948420115e-04,-5.340299917e-04,-1.259471827e-04,
1.588465522e-01
l,5.5,3.5
2.891,3.811,4.751,
7.869201925e-12,1.241715709e+01
2.694426985e-05,-7.778034630e-06,-8.685285344e-05,7.206806338e-05,6.662448670e-04,1.462553152e-03,1.719057266e-03,1.068618819e-03,2.730267919e-04,
3.075167054e-06,-9.429634453e-06,-9.181326604e-07,-1.406789491e-04,-5.106981026e-04,-1.088134895e-03,-1.180698047e-03,-5.712422457e-04,-9.317835743e-05,
1.590261977e-01
l,5.5,4.5
2.931,3.831,4.731,
3.106471158e-11,1.164014105e+01
5.755813982e-05,-1.762071881e-05,-1.394463870e-04,4.696804718e-04,1.550236142e-03,1.423859691e-03,1.355298074e-04,-4.729320192e-04,-1.954879600e-04,
8.044732382e-06,-2.466088295e-05,-3.445540648e-07,-3.767195178e-04,-1.523826602e-03,-3.659814130e-03,-4.901616037e-03,-3.301581245e-03,-8.886813528e-04,
1.587804304e-01
l,5.5,5.5
2.971,3.851,4.751,
1.484497953e-10,1.077729019e+01
1.248477056e-04,2.440856991e-06,-3.621347737e-04,1.348395484e-03,7.935960370e-03,1.638567618e-02,1.801129737e-02,1.057820627e-02,2.618755530e-03,
1.865275289e-05,-5.719518892e-05,-1.852436261e-05,-9.686989515e-04,-3.849846695e-03,-8.777854381e-03,-1.096624441e-02,-6.816275284e-03,-1.686771404e-03,
1.588465849e-01
l,6.5,-6.5
3.051,3.911,4.771,
1.107307019e-18,1.769216314e+01
2.571794111e-09,-1.403703356e-09,-6.339767184e-09,3.039437716e-08,1.238983471e-07,2.080238000e-07,1.993491395e-07,1.083253129e-07,2.600278301e-08,
3.498442166e-10,-1.073069076e-09,-2.624452699e-10,-1.835952018e-08,-7.503872367e-08,-1.798104779e-07,-2.357186369e-07,-1.553106163e-07,-4.143544440e-08,
1.588477198e-01
l,6.5,-5.5
3.091,3.971,4.851,
1.493821768e-18,1.785212657e+01
5.358312904e-09,-3.216497156e-09,-1.348453142e-08,5.396810524e-08,2.089617092e-07,3.286646326e-07,3.020924896e-07,1.631209067e-07,3.996847196e-08,
6.746882666e-10,-2.071787845e-09,-1.394897467e-10,-3.198651106e-08,-1.264476436e-07,-2.969848143e-07,-3.778718368e-07,-2.389192243e-07,-6.084780218e-08,
1.589098599e-01
l,6.5,-4.5
3.131,4.011,4.891,
2.437232281e-18,1.785341485e+01
1.132296035e-08,-6.000380111e-09,-2.846055185e-08,1.092223020e-07,4.151326759e-07,6.104836232e-07,5.042060732e-07,2.405644384e-07,5.274378661e-08,
1.470386366e-09,-4.517643547e-09,-6.814451060e-10,-7.382657590e-08,-2.961699056e-07,-7.019950247e-07,-9.079824352e-07,-5.865703933e-07,-1.523927573e-07,
1.589098801e-01
l,6.5,-3.5
3.171,4.051,4.931,
6.471431662e-18,1.744167850e+01
2.398821053e-08,-1.086171093e-08,-6.154638521e-08,2.474334950e-07,1.015341249e-06,1.617338257e-06,1.446557250e-06,7.401929935e-07,1.714006681e-07,
3.203026455e-09,-9.846352913e-09,-1.439180993e-09,-1.596066857e-07,-6.411451966e-07,-1.517685697e-06,-1.967045093e-06,-1.275095439e-06,-3.324724855e-07,
1.588478679e-01
l,6.5,-2.5
3.211,4.091,4.991,
6.740128523e-18,1.784252418e+01
5.072094922e-08,-1.795329555e-08,-1.415499400e-07,4.611111428e-07,2.141735181e-06,3.618955271e-06,3.306830891e-06,1.643693101e-06,3.509056965e-07,
6.564435510e-09,-2.019559008e-08,-1.245627481e-09,-3.058887132e-07,-1.190573480e-06,-2.735784614e-06,-3.406040948e-06,-2.089395836e-06,-5.100582986e-07,
1.588789575e-01
l,6.5,-1.5
3.271,4.151,5.031,
7.458303282e-17,1.623431695e+01
1.060177013e-07,-4.150893529e-08,-2.815711154e-07,1.033151988e-06,4.711013522e-06,8.260626813e-06,8.083832362e-06,4.396956779e-06,1.038454913e-06,
1.430296736e-08,-4.402609046e-08,-9.847878393e-09,-7.405644728e-07,-2.973849797e-06,-6.996591370e-06,-8.972925628e-06,-5.723721307e-06,-1.460033691e-06,
1.588790130e-01
l,6.5,-0.5
3.311,4.191,5.091,
1.749168294e-16,1.596014414e+01
2.234508969e-07,-6.996192610e-08,-6.202035863e-07,1.860333827e-06,9.102974276e-06,1.637060021e-05,1.649233347e-05,9.319202202e-06,2.301013716e-06,
2.930618330e-08,-9.027627246e-08,-1.411146996e-08,-1.454173846e-06,-5.720557194e-06,-1.322672267e-05,-1.658830635e-05,-1.025151834e-05,-2.509644357e-06,
1.589101259e-01
l,6.5,0.5
3.351,4.251,5.151,
2.329402169e-16,1.616612728e+01
4.684584098e-07,-1.735987866e-07,-1.303234801e-06,4.012902411e-06,1.875959886e-05,3.184338971e-05,2.950496926e-05,1.500211321e-05,3.295638802e-06,
6.002706296e-08,-1.850477829e-07,-1.117446571e-08,-2.813833759e-06,-1.094614458e-05,-2.518018533e-05,-3.132528864e-05,-1.915023619e-05,-4.644217200e-06,
1.589101597e-01
l,6.5,1.5
3.391,4.291,5.211,
5.336953802e-16,1.592237413e+01
9.862792467e-07,-2.635741420e-07,-2.953046838e-06,5.989674986e-06,3.388739261e-05,6.256269489e-05,6.313256993e-05,3.504334189e-05,8.368434257e-06,
1.229348727e-07,-3.792509246e-07,-8.565771486e-09,-5.562765984e-06,-2.107577782e-05,-4.725985758e-05,-5.651666379e-05,-3.243772940e-05,-7.181440807e-06,
1.589098694e-01
l,6.5,2.5
3.431,4.351,5.271,
1.202271771e-15,1.568887353e+01
2.048961960e-06,-7.349081430e-07,-5.667441083e-06,1.014778343e-05,4.378332120e-05,5.985725265e-05,4.655755716e-05,2.279862236e-05,5.550018183e-06,
2.517605647e-07,-7.772247013e-07,-5.913017816e-08,-1.218372593e-05,-4.742362527e-05,-1.099506879e-04,-1.375914052e-04,-8.409968919e-05,-2.013395067e-05,
1.589250284e-01
l,6.5,3.5
3.471,4.331,5.211,
1.929817827e-14,1.393178674e+01
4.500790965e-06,4.530156256e-07,-1.206377743e-05,6.672764195e-05,3.849572905e-04,8.292915411e-04,9.520381249e-04,5.814858781e-04,1.490715899e-04,
7.453229360e-07,-2.299300274e-06,-7.346056637e-07,-3.842587743e-05,-1.559198198e-04,-3.573353326e-04,-4.560697826e-04,-2.952177975e-04,-7.731655676e-05,
1.586523849e-01
l,6.5,4.5
3.511,4.431,5.371,
3.145890832e-15,1.582836484e+01
9.224900168e-06,-2.442144256e-07,-3.322119564e-05,1.243929657e-05,2.790104741e-04,6.833611509e-04,8.107362778e-04,4.900002383e-04,1.207435233e-04,
1.123168412e-06,-3.471362193e-06,-4.497076472e-07,-5.120917667e-05,-1.823566168e-04,-3.730705637e-04,-3.798812134e-04,-1.599152361e-04,-1.698517688e-05,
1.590107946e-01
l,6.5,5.5
3.571,4.511,5.451,
1.931000947e-14,1.479342986e+01
1.888647967e-05,-6.392141352e-06,-5.680519350e-05,3.928454279e-05,2.932215783e-04,5.330713966e-04,5.804001077e-04,3.656770763e-04,9.819685902e-05,
2.160478901e-06,-6.683259581e-06,1.436742817e-07,-9.740254890e-05,-3.631475434e-04,-8.108775207e-04,-9.502149268e-04,-5.218305363e-04,-1.066889457e-04,
1.589553454e-01
l,6.5,6.5
3.611,4.531,5.451,
9.271338794e-14,1.401468604e+01
4.053465818e-05,-9.774422531e-06,-1.076987410e-04,2.576087215e-04,1.064113095e-03,1.340541171e-03,7.683051889e-04,1.751176298e-04,2.546307631e-06,
5.320323467e-06,-1.645790906e-05,-2.407738555e-08,-2.481665749e-04,-9.775363192e-04,-2.296636292e-03,-2.967735549e-03,-1.899850869e-03,-4.809748348e-04,
1.588465327e-01
l,7.5,-7.5
3.591,4.451,5.331,
9.168962997e-25,2.431014911e+01
1.960600016e-10,-9.968625679e-11,-5.001777794e-10,1.814142213e-09,7.321104476e-09,1.182908341e-08,1.121534506e-08,6.267256530e-09,1.584348263e-09,
2.532818778e-11,-7.824623058e-11,-1.413848196e-11,-1.305519662e-09,-5.237968852e-09,-1.240828567e-08,-1.600395508e-08,-1.027233788e-08,-2.640640563e-09,
1.589097399e-01
l,7.5,-6.5
3.651,4.511,5.391,
4.085860410e-23,2.171973395e+01
4.096364081e-10,-2.396719698e-10,-1.020341597e-09,4.014826224e-09,1.442247107e-08,1.963862412e-08,1.458994602e-08,6.294809667e-09,1.325119362e-09,
5.184169547e-11,-1.602624945e-10,-5.451674357e-12,-2.466403850e-09,-9.813028775e-09,-2.328630046e-08,-3.016535863e-08,-1.951671959e-08,-5.091243465e-09,
1.588786871e-01
l,7.5,-5.5
3.691,4.551,5.431,
4.191490475e-23,2.206937907e+01
8.674321816e-10,-4.265328755e-10,-2.257067070e-09,9.088668377e-09,3.709224984e-08,5.783395762e-08,4.902916722e-08,2.295739366e-08,4.753984321e-09,
1.128668199e-10,-3.490686769e-10,-1.781796453e-11,-5.361543891e-09,-2.127912678e-08,-5.007651017e-08,-6.434709879e-08,-4.124091752e-08,-1.064869661e-08,
1.588477389e-01
l,7.5,-4.5
3.731,4.591,5.471,
7.518187437e-23,2.199023138e+01
1.828266982e-09,-6.800723917e-10,-4.923901969e-09,1.825286004e-08,8.672199312e-08,1.588415530e-07,1.620852195e-07,9.157300898e-08,2.236784512e-08,
2.458102935e-10,-7.605603048e-10,-1.597546196e-10,-1.270448692e-08,-5.084401946e-08,-1.191854396e-07,-1.521365032e-07,-9.642145537e-08,-2.441421462e-08,
1.588788309e-01
l,7.5,-3.5
3.771,4.651,5.551,
1.009513005e-22,2.212534370e+01
3.806742033e-09,-1.612175539e-09,-1.061525875e-08,3.126346324e-08,1.474408611e-07,2.606471778e-07,2.606960405e-07,1.471800389e-07,3.638786046e-08,
4.729621139e-10,-1.464635413e-09,-2.665011299e-11,-2.178089332e-08,-8.393770770e-08,-1.922263716e-07,-2.364790437e-07,-1.418416601e-07,-3.355671092e-08,
1.589099421e-01
l,7.5,-2.5
3.811,4.691,5.591,
1.161404125e-22,2.237936574e+01
8.006272978e-09,-2.787714932e-09,-2.215269021e-08,6.025874557e-08,2.828628858e-07,4.756713898e-07,4.426255278e-07,2.303038007e-07,5.252081794e-08,
1.029690394e-09,-3.189999032e-09,-4.255268428e-10,-5.126381073e-08,-2.015729748e-07,-4.678770099e-07,-5.887149990e-07,-3.644823745e-07,-8.922683549e-08,
1.589100067e-01
l,7.5,-1.5
3.871,4.751,5.631,
4.467158288e-21,2.004095044e+01
1.675089045e-08,-6.808975422e-09,-4.358344224e-08,1.568097857e-07,6.847750004e-07,1.143184404e-06,1.067318947e-06,5.612605972e-07,1.304365534e-07,
2.241196057e-09,-6.946112472e-09,-1.354645855e-09,-1.167012226e-07,-4.701611428e-07,-1.114262285e-06,-1.444823674e-06,-9.338244866e-07,-2.413840518e-07,
1.588790130e-01
l,7.5,-0.5
3.911,4.791,5.691,
8.006255766e-21,1.999021994e+01
3.530930925e-08,-1.110048601e-08,-9.826393993e-08,2.913997361e-07,1.440641083e-06,2.590433527e-06,2.584028381e-06,1.435961964e-06,3.477282335e-07,
4.586350590e-09,-1.422300923e-08,-1.644627877e-09,-2.252656257e-07,-8.832763802e-07,-2.041539038e-06,-2.560054999e-06,-1.579917568e-06,-3.858748808e-07,
1.589101259e-01
l,7.5,0.5
3.951,4.851,5.751,
1.049169324e-20,2.016774188e+01
7.369985866e-08,-2.730381194e-08,-2.046398461e-07,5.740862064e-07,2.683213090e-06,4.471112454e-06,4.068952824e-06,2.044230721e-06,4.469049701e-07,
9.380728395e-09,-2.910834120e-08,-1.241080707e-09,-4.430002686e-07,-1.726247134e-06,-3.992534356e-06,-4.999722403e-06,-3.072810533e-06,-7.467222551e-07,
1.588791104e-01
l,7.5,1.5
3.991,4.891,5.791,
3.636732472e-20,1.964798592e+01
1.555711009e-07,-4.701412764e-08,-4.274984240e-07,1.345713063e-06,6.405198189e-06,1.093673132e-05,1.012078716e-05,5.141139399e-06,1.135667466e-06,
2.041773629e-08,-6.338062927e-08,-5.115367331e-09,-9.868412703e-07,-3.877349232e-06,-8.997769468e-06,-1.139259862e-05,-7.135452881e-06,-1.776414277e-06,
1.588787334e-01
l,7.5,2.5
4.031,4.931,5.831,
7.556425965e-20,1.951485136e+01
3.298738136e-07,-5.183841645e-08,-1.009095818e-06,2.812420238e-06,1.746755497e-05,3.624619113e-05,3.967153942e-05,2.299795900e-05,5.574676191e-06,
4.442900096e-08,-1.379688962e-07,-1.199553557e-08,-2.069185246e-06,-7.926198332e-06,-1.768772149e-05,-2.115078162e-05,-1.219504275e-05,-2.727151694e-06,
1.588449433e-01
l,7.5,3.5
4.071,5.011,5.971,
2.351412471e-20,2.068029202e+01
6.647146051e-07,-1.707680606e-07,-2.370056822e-06,-2.664006524e-06,1.858667575e-07,9.175598578e-06,1.886307819e-05,1.561177474e-05,4.677901305e-06,
7.095668919e-08,-2.206327417e-07,-1.536749373e-08,-3.237293523e-06,-1.138210601e-05,-2.345421017e-05,-2.346488239e-05,-9.182252807e-06,-6.338714103e-07,
1.590551588e-01
l,7.5,4.5
4.131,5.011,5.911,
3.822038283e-18,1.747375047e+01
1.451316052e-06,-2.800378888e-07,-3.317196177e-06,1.801751398e-05,7.076417182e-05,9.883917113e-05,6.360411791e-05,1.533162478e-05,-4.916545071e-07,
2.102914968e-07,-6.535228203e-07,-1.052008957e-08,-9.971138849e-06,-4.024120330e-05,-9.575899887e-05,-1.290148409e-04,-8.858027903e-05,-2.451745254e-05,
1.587402219e-01
l,7.5,5.5
4.151,5.051,5.971,
4.345486468e-18,1.780852789e+01
3.079476073e-06,2.836373476e-07,-9.948140778e-06,2.216170745e-05,1.705873624e-04,3.821304608e-04,4.398577053e-04,2.649826336e-04,6.629193118e-05,
4.303162779e-07,-1.338024975e-06,-1.517230039e-07,-1.987779200e-05,-7.486542514e-05,-1.622362829e-04,-1.880438738e-04,-1.039873558e-04,-2.184940202e-05,
1.588431068e-01
l,7.5,6.5
4.211,5.131,6.051,
6.902379834e-18,1.785922449e+01
6.346821920e-06,-2.469191330e-07,-2.119767412e-05,1.904090598e-05,2.146670517e-04,4.922069698e-04,5.678947286e-04,3.398244877e-04,8.381345410e-05,
8.273931698e-07,-2.574526344e-06,-6.112336325e-07,-4.196728584e-05,-1.587475250e-04,-3.474547434e-04,-3.992935865e-04,-2.136466356e-04,-4.160990355e-05,
1.589556180e-01
l,7.5,7.5
4.251,5.191,6.131,
8.657123701e-18,1.806375929e+01
1.311702999e-05,-1.967670972e-06,-4.200088047e-05,8.836781140e-06,2.046198539e-04,4.272973605e-04,4.689150968e-04,2.780861348e-04,6.909298865e-05,
1.589479247e-06,-4.949265921e-06,-4.924801218e-07,-7.716270283e-05,-2.912821188e-04,-6.499725801e-04,-7.647342431e-04,-4.220955126e-04,-8.617799295e-05,
1.589564817e-01
l,8.5,-8.5
4.151,5.011,5.871,
0.000000000e+00,0.000000000e+00
1.466585013e-11,-9.135242663e-12,-3.483987232e-11,1.646463328e-10,5.813949153e-10,7.933111394e-10,5.711188254e-10,2.219122301e-10,3.845094130e-11,
1.928614927e-12,-5.991334475e-12,-6.856519118e-13,-9.794371762e-11,-3.995342431e-10,-9.663859027e-10,-1.285587503e-09,-8.625151484e-10,-2.348050253e-10,
1.588785771e-01
l,8.5,-7.5
4.191,5.051,5.911,
0.000000000e+00,0.000000000e+00
3.099481088e-11,-1.573568018e-11,-7.804165885e-11,3.606274295e-10,1.525811099e-09,2.600050470e-09,2.475597021e-09,1.314887333e-09,3.059124669e-10,
4.196346843e-12,-1.304098889e-11,-2.443269290e-12,-2.187781551e-10,-8.912331989e-10,-2.134627994e-09,-2.802435808e-09,-1.846502402e-09,-4.916670605e-10,
1.588475237e-01
l,8.5,-6.5
4.251,5.111,5.971,
0.000000000e+00,0.000000000e+00
6.443050260e-11,-3.443474601e-11,-1.615987245e-10,7.069785325e-10,3.063945223e-09,5.494816276e-09,5.659424036e-09,3.290699955e-09,8.348839914e-10,
8.584718327e-12,-2.669332676e-11,-6.116066740e-12,-4.591315657e-10,-1.868976923e-09,-4.472103062e-09,-5.836714204e-09,-3.805694604e-09,-9.987256260e-10,
1.589096786e-01
l,8.5,-5.5
4.291,5.151,6.031,
0.000000000e+00,0.000000000e+00
1.352210982e-10,-6.142477451e-11,-3.567459520e-10,1.155106536e-09,5.144324913e-09,9.011964661e-09,9.163313353e-09,5.352445717e-09,1.377105525e-09,
1.755213364e-11,-5.460585618e-11,-9.880656712e-12,-9.128363874e-10,-3.653279031e-09,-8.629367994e-09,-1.107465035e-08,-7.032810264e-09,-1.776716315e-09,
1.588958865e-01
l,8.5,-4.5
4.331,5.211,6.091,
0.000000000e+00,0.000000000e+00
2.818192069e-10,-1.492909561e-10,-7.202858019e-10,2.506472988e-09,9.732760730e-09,1.438131019e-08,1.189913920e-08,5.714724473e-09,1.272504275e-09,
3.588243227e-11,-1.116912432e-10,-7.881175913e-12,-1.766752689e-09,-7.043142735e-09,-1.671684332e-08,-2.163439635e-08,-1.391784917e-08,-3.585016826e-09,
1.588788309e-01
l,8.5,-3.5
4.371,5.251,6.131,
0.000000000e+00,0.000000000e+00
5.952652260e-10,-2.642112960e-10,-1.544777118e-09,5.898685728e-09,2.523239409e-08,4.153674554e-08,3.801493172e-08,1.957183358e-08,4.472596622e-09,
7.807040461e-11,-2.430933633e-10,-2.743903150e-11,-3.915935941e-09,-1.566605868e-08,-3.706133840e-08,-4.796480789e-08,-3.094456599e-08,-8.005082054e-09,
1.588788210e-01
l,8.5,-2.5
4.431,5.291,6.171,
0.000000000e+00,0.000000000e+00
1.253168014e-09,-4.161213525e-10,-3.395355507e-09,1.172034994e-08,5.750246641e-08,1.064593001e-07,1.092312307e-07,6.192019792e-08,1.515964438e-08,
1.698197064e-10,-5.289592199e-10,-1.098807696e-10,-8.891157583e-09,-3.567085179e-08,-8.388545557e-08,-1.076836825e-07,-6.859805141e-08,-1.740409778e-08,
1.588479325e-01
l,8.5,-1.5
4.471,5.351,6.251,
0.000000000e+00,0.000000000e+00
2.608945948e-09,-9.937757528e-10,-7.376955608e-09,2.014847510e-08,9.913936688e-08,1.755959794e-07,1.717211830e-07,9.308405422e-08,2.190408582e-08,
3.262786162e-10,-1.016978517e-09,-1.912498815e-11,-1.522914977e-08,-5.877113963e-08,-1.347336009e-07,-1.662227905e-07,-9.989679756e-08,-2.360457200e-08,
1.589100622e-01
l,8.5,-0.5
4.511,5.391,6.291,
0.000000000e+00,0.000000000e+00
5.479359189e-09,-1.634645515e-09,-1.537400957e-08,4.044089962e-08,2.080820309e-07,3.811261031e-07,3.877450622e-07,2.196126010e-07,5.396752529e-08,
7.097752301e-10,-2.213021890e-09,-3.035828262e-10,-3.572329653e-08,-1.403663075e-07,-3.251716638e-07,-4.083429281e-07,-2.516706306e-07,-6.109154478e-08,
1.589101259e-01
l,8.5,0.5
4.551,5.451,6.351,
0.000000000e+00,0.000000000e+00
1.144883033e-08,-4.007557373e-09,-3.245934693e-08,8.658729348e-08,4.319551677e-07,7.588399832e-07,7.255155546e-07,3.797615697e-07,8.554384830e-08,
1.450299840e-09,-4.524095805e-09,-1.128701254e-10,-6.808704179e-08,-2.636744821e-07,-6.062143746e-07,-7.522797365e-07,-4.556422760e-07,-1.085422370e-07,
1.588791104e-01
l,8.5,1.5
4.591,5.491,6.411,
0.000000000e+00,0.000000000e+00
2.398630983e-08,-5.924226753e-09,-7.251175369e-08,1.147307605e-07,7.223040589e-07,1.378982097e-06,1.438834526e-06,8.267834676e-07,2.037459112e-07,
2.964635088e-09,-9.252313715e-09,-3.450466472e-10,-1.390192702e-07,-5.285120438e-07,-1.190806407e-06,-1.430463525e-06,-8.216211176e-07,-1.805020713e-07,
1.589268503e-01
l,8.5,2.5
4.651,5.571,6.491,
3.680279171e-24,2.296033364e+01
4.924580921e-08,-2.385118394e-08,-1.335103850e-07,2.117108533e-07,7.333401411e-07,6.385803428e-07,1.767925725e-07,8.079500310e-10,6.342577779e-09,
5.690927537e-09,-1.777172564e-08,9.954283609e-10,-2.620055543e-07,-1.007912342e-06,-2.346705241e-06,-2.934910046e-06,-1.782421406e-06,-4.227968378e-07,
1.589231484e-01
l,8.5,3.5
4.671,5.531,6.391,
1.220283207e-22,2.107716124e+01
1.098373019e-07,1.947991186e-08,-3.099674683e-07,1.805442673e-06,1.159772185e-05,2.730541150e-05,3.379962877e-05,2.197778955e-05,5.928255906e-06,
1.911366515e-08,-5.964240391e-08,-2.633440245e-08,-1.034015460e-06,-4.227755355e-06,-9.571522955e-06,-1.193475821e-05,-7.504659169e-06,-1.910104676e-06,
1.585223224e-01
l,8.5,4.5
4.731,5.651,6.591,
7.123669028e-25,2.470277835e+01
2.189922981e-07,-2.543950329e-08,-8.146767855e-07,-4.553811351e-07,3.298013565e-06,9.786741174e-06,1.238663035e-05,7.606087369e-06,1.843335573e-06,
2.529846065e-08,-7.906159626e-08,-3.719782727e-09,-1.118448852e-06,-3.884633913e-06,-7.774284863e-06,-7.407544584e-06,-2.491597942e-06,2.548963611e-08,
1.590000769e-01
l,8.5,5.5
4.771,5.711,6.651,
3.163564436e-23,2.258140774e+01
4.519754100e-07,-1.585489929e-07,-1.308461440e-06,4.140985619e-07,2.809929527e-06,2.246240401e-06,1.509554633e-06,1.672607132e-06,7.607296582e-07,
5.166488080e-08,-1.615314411e-07,-4.240055788e-09,-2.501577798e-06,-9.585597363e-06,-2.208922350e-05,-2.708505258e-05,-1.587747535e-05,-3.550058759e-06,
1.589511738e-01
l,8.5,6.5
4.811,5.731,6.651,
1.983325304e-22,2.177482751e+01
9.729964177e-07,-2.150957190e-07,-2.505565006e-06,7.865173756e-06,3.313483330e-05,4.585170645e-05,2.996723351e-05,8.468627311e-06,4.918433448e-07,
1.272300114e-07,-3.977875344e-07,3.491002297e-09,-6.020153031e-06,-2.370622497e-05,-5.574811044e-05,-7.259847798e-05,-4.713625553e-05,-1.216810366e-05,
1.588440359e-01
l,8.5,7.5
4.851,5.751,6.671,
1.970284587e-21,2.068748303e+01
2.068710046e-06,1.990809509e-07,-6.207689523e-06,1.507214340e-05,1.064351824e-04,2.295595255e-04,2.573754628e-04,1.522519013e-04,3.761575405e-05,
2.944668118e-07,-9.207897915e-07,-1.455761042e-07,-1.445261580e-05,-5.583026945e-05,-1.248314468e-04,-1.522805078e-04,-9.097762144e-05,-2.123254672e-05,
1.588142059e-01
l,8.5,8.5
4.891,5.811,6.751,
7.842288146e-22,2.161426555e+01
4.299221018e-06,5.058346230e-07,-1.492252983e-05,3.945107659e-06,1.195224746e-04,2.872600449e-04,3.323757159e-04,1.972861602e-04,4.815326994e-05,
5.653353185e-07,-1.768792095e-06,-2.145845873e-07,-2.678880112e-05,-9.931244091e-05,-2.132792365e-04,-2.402044475e-04,-1.242699228e-04,-2.272818740e-05,
1.589078345e-01
