l,0.5,-0.5
0.191,0.891,1.591,
2.635714079e-02,2.375919959e+00
2.591436030e-03,-4.055156762e-03,2.895498252e-03,6.066419252e-02,2.346851086e-01,7.332859960e-01,1.212167896e+00,9.390601077e-01,2.792083712e-01,
4.858894055e-04,-1.387413112e-03,-1.351820522e-03,-3.913003351e-02,-2.104105128e-01,-6.349027692e-01,-1.069182551e+00,-9.423215486e-01,-3.405038576e-01,
1.587860129e-01
l,0.5,0.5
0.251,0.751,1.291,
8.940755491e-02,2.513879040e+00
1.266227011e-02,-7.259040687e-03,5.228237721e-02,1.573308396e+00,1.105452893e+01,4.520612594e+01,1.043825186e+02,1.245839174e+02,5.995210978e+01,
4.459241748e-03,-1.177375106e-02,-5.182392745e-02,-1.166468498e+00,-9.208908574e+00,-3.796140869e+01,-8.524852798e+01,-9.858171079e+01,-4.604880401e+01,
1.591446016e-01
l,1.5,-1.5
0.511,1.271,2.031,
4.727409458e-04,3.612658784e+00
2.218057052e-04,-3.243201488e-04,-3.043498531e-05,4.456948533e-03,1.416757834e-02,4.329561319e-02,8.569827282e-02,8.230833357e-02,2.999776182e-02,
3.310931200e-05,-9.925945981e-05,-6.777414581e-05,-2.457842462e-03,-1.224150463e-02,-3.453422591e-02,-5.381266947e-02,-4.357770268e-02,-1.447464497e-02,
1.587857649e-01
l,1.5,-0.5
0.551,1.311,2.071,
1.193525710e-03,3.654400542e+00
7.809213712e-04,-1.043924130e-03,-5.239947206e-04,1.494096705e-02,4.197736113e-02,1.104469377e-01,2.211918800e-01,2.231582897e-01,8.517346489e-02,
1.186393914e-04,-3.566942126e-04,-2.107418184e-04,-8.467274283e-03,-4.202419596e-02,-1.183536852e-01,-1.841223709e-01,-1.486344437e-01,-4.923600116e-02,
1.588480629e-01
l,1.5,0.5
0.591,1.331,2.091,
3.024744260e-03,3.676636411e+00
2.794655040e-03,-2.950999879e-03,-3.556264710e-03,5.822489490e-02,1.764266382e-01,3.780985997e-01,6.644381507e-01,6.633180250e-01,2.612688547e-01,
4.508577625e-04,-1.356035998e-03,-1.033900288e-03,-3.461047241e-02,-1.725456778e-01,-4.845096012e-01,-7.521469331e-01,-6.043083118e-01,-1.988247856e-01,
1.588480348e-01
l,1.5,1.5
0.651,1.351,2.071,
8.360071249e-03,3.815718501e+00
1.008317992e-02,-7.890555652e-03,-1.809609784e-02,2.354469189e-01,8.382817079e-01,1.714569617e+00,2.651662682e+00,2.515714550e+00,1.001850107e+00,
1.927904877e-03,-5.759356886e-03,-4.328709960e-03,-1.476902634e-01,-7.674580875e-01,-2.242913541e+00,-3.651240382e+00,-3.077948611e+00,-1.061752809e+00,
1.590203901e-01
l,2.5,-2.5
0.891,1.691,2.491,
4.681914608e-06,5.369657356e+00
1.519001034e-05,-1.836351761e-05,-2.065209689e-05,2.435520610e-04,5.461310590e-04,7.918295343e-04,1.284364117e-03,1.330448713e-03,5.284123823e-04,
2.017991147e-06,-6.233969135e-06,-2.897996054e-06,-1.392842679e-04,-6.584418385e-04,-1.775493804e-03,-2.621523749e-03,-1.994032027e-03,-6.218678900e-04,
1.587859017e-01
l,2.5,-1.5
0.951,1.731,2.531,
1.118088825e-05,5.403871930e+00
5.150642028e-05,-5.074405854e-05,-9.003407066e-05,9.139373317e-04,2.549179529e-03,3.671199496e-03,4.402569897e-03,3.776497622e-03,1.417316763e-03,
7.204152884e-06,-2.230042042e-05,-1.311333038e-05,-5.253331474e-04,-2.493266361e-03,-6.701266690e-03,-9.872071827e-03,-7.474928378e-03,-2.315324405e-03,
1.587859832e-01
l,2.5,-0.5
1.011,1.811,2.611,
2.691227548e-05,5.335808522e+00
1.665825985e-04,-1.729222248e-04,-2.925741222e-04,2.797913385e-03,7.423997503e-03,9.796315570e-03,1.099471223e-02,9.364538931e-03,3.542091401e-03,
2.271761728e-05,-7.059436631e-05,-3.395627843e-05,-1.589057307e-03,-7.498241776e-03,-2.014402882e-02,-2.961368769e-02,-2.235647759e-02,-6.910765184e-03,
1.588480629e-01
l,2.5,0.5
1.051,1.851,2.671,
6.581565509e-05,5.387480557e+00
5.615127156e-04,-4.567197745e-04,-1.254504298e-03,9.280851316e-03,2.944897744e-02,4.163700907e-02,3.975617495e-02,2.667576760e-02,8.747683946e-03,
7.613891934e-05,-2.372214993e-04,-1.055213815e-04,-5.175570319e-03,-2.390710346e-02,-6.271121427e-02,-8.963863959e-02,-6.535825340e-02,-1.944377596e-02,
1.588480348e-01
l,2.5,1.5
1.111,1.911,2.731,
1.643572657e-04,5.384465710e+00
1.855549053e-03,-1.345062986e-03,-4.310480391e-03,3.029993769e-02,1.069822658e-01,1.755377822e-01,1.914981134e-01,1.332053612e-01,4.211520457e-02,
2.550805201e-04,-7.964737636e-04,-4.181223095e-04,-1.815873172e-02,-8.409411790e-02,-2.206298115e-01,-3.150989681e-01,-2.287895383e-01,-6.751412624e-02,
1.589098696e-01
l,2.5,2.5
1.171,1.951,2.731,
4.184660227e-04,5.361521741e+00
6.306130905e-03,-3.548150447e-03,-1.490031342e-02,1.214641344e-01,4.662024168e-01,7.828422358e-01,7.980247496e-01,4.985104220e-01,1.453504190e-01,
1.028708070e-03,-3.205678660e-03,-2.073828068e-03,-7.758163333e-02,-3.761433953e-01,-1.025965312e+00,-1.543415018e+00,-1.189064524e+00,-3.726090197e-01,
1.589101224e-01
l,3.5,-3.5
1.331,2.131,2.951,
1.656757189e-08,7.717643589e+00
9.171150737e-07,-8.527832048e-07,-1.837409190e-06,1.478501754e-05,4.249264185e-05,5.643644569e-05,5.631944949e-05,4.278654076e-05,1.546352563e-05,
1.187898264e-07,-3.744005201e-07,-1.684487816e-07,-8.327659906e-06,-3.847472703e-05,-1.012625258e-04,-1.452971225e-04,-1.065336899e-04,-3.189516713e-05,
1.587858501e-01
l,3.5,-2.5
1.391,2.191,3.011,
4.174906241e-08,7.448998015e+00
2.984796993e-06,-2.387051915e-06,-6.586531211e-06,5.115941431e-05,1.761010773e-04,2.802591551e-04,2.919516278e-04,1.958723512e-04,6.109938853e-05,
3.971474972e-07,-1.254406263e-06,-6.450322954e-07,-2.855562975e-05,-1.318915669e-04,-3.456103329e-04,-4.932507308e-04,-3.588463992e-04,-1.064313061e-04,
1.587859017e-01
l,3.5,-1.5
1.451,2.271,3.091,
1.006601546e-07,7.370012431e+00
9.498519830e-06,-7.819507892e-06,-2.062436995e-05,1.550369237e-04,5.253028327e-04,8.311078022e-04,8.694883406e-04,5.837154965e-04,1.800736038e-04,
1.246294303e-06,-3.947175772e-06,-2.014740585e-06,-9.035553565e-05,-4.170957592e-04,-1.094272390e-03,-1.561996252e-03,-1.134992843e-03,-3.357946114e-04,
1.588480332e-01
l,3.5,-0.5
1.511,2.331,3.171,
2.429803440e-07,7.342452398e+00
3.080934039e-05,-2.234860146e-05,-7.702659773e-05,4.456912199e-04,1.554755203e-03,2.277683556e-03,2.030211150e-03,1.154698161e-03,3.207769247e-04,
3.906855598e-06,-1.240533504e-05,-9.741222373e-08,-1.954036464e-04,-7.975362873e-04,-1.953235629e-03,-2.618802860e-03,-1.770564844e-03,-4.903989526e-04,
1.588480629e-01
l,3.5,0.5
1.551,2.391,3.231,
5.090201950e-07,7.658644491e+00
9.984670760e-05,-6.092944448e-05,-2.720033581e-04,1.241892840e-03,4.453739938e-03,5.972628025e-03,4.207826363e-03,1.624368513e-03,2.953761686e-04,
1.304341991e-05,-4.149200679e-05,-4.136675439e-06,-6.899241624e-04,-2.836675220e-03,-6.945131337e-03,-9.315308303e-03,-6.278305658e-03,-1.720648999e-03,
1.588480348e-01
l,3.5,1.5
1.611,2.451,3.291,
1.267822382e-06,7.609947927e+00
3.253495961e-04,-1.730152076e-04,-9.170333636e-04,4.362324077e-03,1.674829764e-02,2.339086893e-02,1.584326957e-02,4.665566275e-03,2.606074271e-04,
4.352988557e-05,-1.387083645e-04,-9.539431336e-06,-2.251993447e-03,-9.246994058e-03,-2.256153275e-02,-3.025420734e-02,-2.041887293e-02,-5.614049543e-03,
1.588477079e-01
l,3.5,2.5
1.671,2.531,3.391,
3.583766133e-06,7.352337308e+00
1.040059957e-03,-5.238095870e-04,-3.143906103e-03,1.030431306e-02,4.740489186e-02,8.484734025e-02,8.785165870e-02,5.166224366e-02,1.323946425e-02,
1.278731821e-04,-4.085461332e-04,-5.007870257e-05,-6.806223559e-03,-2.698914374e-02,-6.373320499e-02,-8.052983911e-02,-4.952530834e-02,-1.203571637e-02,
1.589453972e-01
l,3.5,3.5
1.731,2.551,3.391,
1.126170853e-05,6.918181166e+00
3.485460998e-03,-8.813311151e-04,-9.971484748e-03,4.832995239e-02,2.238750554e-01,4.032159756e-01,4.085460129e-01,2.352044948e-01,6.040414948e-02,
5.159286649e-04,-1.647059365e-03,-2.128096329e-04,-2.763188295e-02,-1.155349959e-01,-2.843261095e-01,-3.889735912e-01,-2.677024211e-01,-7.414645574e-02,
1.588480084e-01
l,4.5,-4.5
1.791,2.611,3.431,
1.237279474e-11,1.109358404e+01
5.012331883e-08,-4.375676762e-08,-1.108345063e-07,7.954433262e-07,2.511468889e-06,3.395905435e-06,2.851700460e-06,1.632617551e-06,4.824025117e-07,
6.399899380e-09,-2.047454688e-08,-7.706071143e-09,-4.427145762e-07,-2.029531913e-06,-5.319736569e-06,-7.588996695e-06,-5.515193407e-06,-1.635785091e-06,
1.587855539e-01
l,4.5,-3.5
1.851,2.671,3.511,
3.322517805e-11,1.076090864e+01
1.609401039e-07,-1.152018869e-07,-4.115922213e-07,2.309940941e-06,8.720205856e-06,1.434778316e-05,1.449642063e-05,8.932192084e-06,2.526219959e-06,
2.001614722e-08,-6.416855005e-08,-1.621617854e-09,-1.024992058e-06,-4.157292086e-06,-1.011912057e-05,-1.341592254e-05,-8.919105103e-06,-2.422362776e-06,
1.588168323e-01
l,4.5,-2.5
1.911,2.751,3.591,
6.538573094e-11,1.094584639e+01
5.072586760e-07,-3.801703358e-07,-1.313613387e-06,6.015465542e-06,1.880073591e-05,2.024430973e-05,8.646589451e-06,6.257339643e-08,-6.816400206e-07,
6.256932740e-08,-2.009842027e-07,-1.782896326e-10,-3.208379072e-06,-1.306511144e-05,-3.205601834e-05,-4.296672220e-05,-2.893230130e-05,-7.950000761e-06,
1.588479517e-01
l,4.5,-1.5
1.971,2.811,3.651,
1.789221887e-10,1.066235657e+01
1.630550969e-06,-1.017936740e-06,-4.439600564e-06,2.046408211e-05,7.451242015e-05,9.978768147e-05,6.561792069e-05,1.955982976e-05,1.531131804e-06,
2.084438929e-07,-6.705139120e-07,-4.110706908e-08,-1.101909920e-05,-4.507234510e-05,-1.101608164e-04,-1.474283785e-04,-9.905335914e-05,-2.707771897e-05,
1.588480332e-01
l,4.5,-0.5
2.031,2.871,3.731,
4.837569652e-10,1.042759900e+01
5.217820217e-06,-2.542163644e-06,-1.550875110e-05,5.650716093e-05,2.407947212e-04,3.802679099e-04,3.271102476e-04,1.565949023e-04,3.351747747e-05,
6.508996698e-07,-2.097608808e-06,-1.737495341e-08,-3.293727759e-05,-1.308124167e-04,-3.110582314e-04,-4.008170493e-04,-2.546360984e-04,-6.479023468e-05,
1.588480629e-01
l,4.5,0.5
2.091,2.931,3.791,
1.423814441e-09,1.011789781e+01
1.671185055e-05,-6.103057081e-06,-5.082459098e-05,1.773678355e-04,8.420668780e-04,1.475645855e-03,1.427628980e-03,7.707718747e-04,1.833483752e-04,
2.167068159e-06,-6.992832692e-06,-7.625652867e-07,-1.162706685e-04,-4.669722644e-04,-1.112628695e-03,-1.441851001e-03,-9.220118653e-04,-2.349477656e-04,
1.588480348e-01
l,4.5,1.5
2.151,3.011,3.891,
3.683577675e-09,1.000550175e+01
5.282868005e-05,-2.046238819e-05,-1.684026829e-04,3.953850239e-04,1.979413014e-03,3.428137771e-03,3.347194794e-03,1.863133289e-03,4.593936629e-04,
6.340701540e-06,-2.050341531e-05,9.440117986e-08,-3.181413379e-04,-1.232433610e-03,-2.863431378e-03,-3.549943839e-03,-2.112478628e-03,-4.871111753e-04,
1.589095923e-01
l,4.5,2.5
2.211,3.051,3.891,
1.366084456e-08,9.481038634e+00
1.733925019e-04,-3.955811805e-05,-5.050614338e-04,2.592865940e-03,1.244240542e-02,2.229996469e-02,2.102557475e-02,1.042862725e-02,2.155742192e-03,
2.558264477e-05,-8.272175179e-05,-9.164127419e-06,-1.361486682e-03,-5.642198492e-03,-1.367987482e-02,-1.849296804e-02,-1.265047198e-02,-3.512466162e-03,
1.587019602e-01
l,4.5,3.5
2.271,3.151,4.051,
3.126888203e-08,9.594054660e+00
5.422994145e-04,-1.462124660e-04,-1.930887292e-03,2.696674907e-03,2.011811622e-02,4.152010058e-02,4.542464551e-02,2.651444562e-02,6.481481078e-03,
6.164094835e-05,-1.999306698e-04,2.010995333e-05,-2.840821065e-03,-1.033643996e-02,-2.252551518e-02,-2.500874543e-02,-1.214017825e-02,-1.909127798e-03,
1.589260785e-01
l,4.5,4.5
2.331,3.191,4.071,
1.240846198e-07,9.009105418e+00
1.758186962e-03,-3.189738465e-04,-5.479364622e-03,1.115827916e-02,5.575593042e-02,8.367828532e-02,6.444916178e-02,2.689438548e-02,5.080752365e-03,
2.332113717e-04,-7.564816647e-04,1.426996108e-06,-1.206414387e-02,-4.852719963e-02,-1.170141528e-01,-1.549652396e-01,-1.008831579e-01,-2.579221354e-02,
1.588479971e-01
l,5.5,-5.5
2.271,3.091,3.911,
7.687466633e-16,1.604613206e+01
2.633433915e-09,-2.002748471e-09,-6.279523331e-09,4.233021535e-08,1.603327210e-07,2.694907006e-07,2.708398516e-07,1.601366174e-07,4.250924437e-08,
3.380516869e-10,-1.093586870e-09,-4.882151971e-10,-2.451801976e-08,-1.121602153e-07,-2.925827812e-07,-4.142745382e-07,-2.973678126e-07,-8.678857216e-08,
1.587854679e-01
l,5.5,-4.5
2.351,3.171,4.011,
5.598602908e-15,1.453651490e+01
8.236805904e-09,-6.357439590e-09,-2.059104570e-08,1.090446165e-07,3.972065817e-07,6.371431825e-07,6.364812378e-07,3.896805928e-07,1.085577806e-07,
9.883491229e-10,-3.203579621e-09,1.114728747e-10,-5.037904267e-08,-2.030823525e-07,-4.957466841e-07,-6.573447152e-07,-4.349207473e-07,-1.170600838e-07,
1.588478221e-01
l,5.5,-3.5
2.411,3.231,4.071,
1.566964038e-14,1.422913014e+01
2.628980056e-08,-1.730258158e-08,-6.836874586e-08,3.554938668e-07,1.349621963e-06,2.118452861e-06,1.948696928e-06,1.075038959e-06,2.767743248e-07,
3.285643014e-09,-1.066197269e-08,1.265111969e-10,-1.702607926e-07,-6.929100389e-07,-1.699195406e-06,-2.281903382e-06,-1.535139787e-06,-4.194677184e-07,
1.587858041e-01
l,5.5,-2.5
2.471,3.311,4.151,
3.458776262e-14,1.422009734e+01
8.273171659e-08,-5.410440334e-08,-2.277652528e-07,1.030111416e-06,3.989796653e-06,5.990443042e-06,4.859740637e-06,2.154633025e-06,4.191626938e-07,
1.024126311e-08,-3.328157188e-08,7.260020667e-10,-5.237622418e-07,-2.110631734e-06,-5.119798463e-06,-6.758125480e-06,-4.444635539e-06,-1.186904200e-06,
1.588479062e-01
l,5.5,-1.5
2.531,3.371,4.231,
9.282585049e-14,1.400089442e+01
2.624778119e-07,-1.352973815e-07,-7.792903541e-07,2.593783554e-06,1.120442502e-05,1.805614790e-05,1.620468240e-05,8.249107547e-06,1.882818037e-06,
3.189744148e-08,-1.038040859e-07,2.744741609e-09,-1.618606996e-06,-6.396004875e-06,-1.521976271e-05,-1.955455509e-05,-1.230471500e-05,-3.079317359e-06,
1.588480332e-01
l,5.5,-0.5
2.591,3.431,4.291,
3.160724714e-13,1.356664180e+01
8.349563814e-07,-3.289103055e-07,-2.514931980e-06,8.206053578e-06,3.827724122e-05,6.488225421e-05,6.007040693e-05,3.078288685e-05,6.915305650e-06,
1.059991838e-07,-3.453042178e-07,-2.694707931e-08,-5.731020191e-06,-2.300077890e-05,-5.505033553e-05,-7.169086296e-05,-4.600351758e-05,-1.173393933e-05,
1.588480629e-01
l,5.5,0.5
2.651,3.511,4.371,
1.021044388e-12,1.321139356e+01
2.628594075e-06,-1.101795022e-06,-7.920263492e-06,2.443588001e-05,1.129301486e-04,1.882245406e-04,1.718891870e-04,8.742230111e-05,1.962831773e-05,
3.299410088e-07,-1.076226736e-06,-5.282854062e-08,-1.761975987e-05,-7.049334575e-05,-1.687327816e-04,-2.192925316e-04,-1.400030926e-04,-3.543706648e-05,
1.588480348e-01
l,5.5,1.5
2.711,3.571,4.431,
4.191765187e-12,1.265886235e+01
8.417801837e-06,-2.733128649e-06,-2.560170403e-05,9.482804578e-05,4.642823929e-04,8.216990916e-04,7.755802522e-04,3.939262348e-04,8.563612358e-05,
1.095507901e-06,-3.576800860e-06,1.015309213e-09,-5.634840069e-05,-2.248839709e-04,-5.354613626e-04,-6.978233676e-04,-4.497692738e-04,-1.157956777e-04,
1.587852351e-01
l,5.5,2.5
2.771,3.671,4.571,
7.823456371e-12,1.287705703e+01
2.596643026e-05,-9.562823158e-06,-9.273038209e-05,4.874477911e-05,6.118607365e-04,1.443126962e-03,1.826467942e-03,1.217888991e-03,3.311659600e-04,
2.804278690e-06,-9.175248019e-06,1.515259365e-07,-1.381980851e-04,-5.010736810e-04,-1.084739948e-03,-1.168513264e-03,-5.223603956e-04,-6.176048208e-05,
1.589841922e-01
l,5.5,3.5
2.831,3.691,4.551,
6.552755736e-11,1.169430480e+01
8.580496069e-05,-1.453310708e-05,-2.510892973e-04,1.078948220e-03,5.296521242e-03,9.334077665e-03,8.576164215e-03,4.131908954e-03,8.289639801e-04,
1.207538799e-05,-3.949700294e-05,-1.768281326e-06,-6.367026289e-04,-2.590819689e-03,-6.232718153e-03,-8.364197139e-03,-5.641864283e-03,-1.530087138e-03,
1.587211856e-01
l,5.5,4.5
2.891,3.771,4.671,
1.693927306e-10,1.168057051e+01
2.714791917e-04,-1.302317294e-05,-1.015982102e-03,1.112182957e-03,1.138103964e-02,2.571126919e-02,2.940443551e-02,1.754986703e-02,4.346232921e-03,
3.297461390e-05,-1.080385696e-04,3.567833664e-06,-1.589788151e-03,-5.842443989e-03,-1.267737568e-02,-1.416196924e-02,-6.965080841e-03,-1.111204700e-03,
1.589094482e-01
l,5.5,5.5
2.951,3.851,4.751,
5.113016744e-10,1.147032061e+01
8.518312825e-04,-1.481771031e-04,-2.935447068e-03,1.503873220e-03,1.663735788e-02,3.086556790e-02,3.075413265e-02,1.720371629e-02,4.202578706e-03,
1.024774895e-04,-3.360956983e-04,5.890890665e-06,-5.304685517e-03,-2.051655962e-02,-4.777665678e-02,-5.926352991e-02,-3.466203665e-02,-7.571814943e-03,
1.589100167e-01
l,6.5,-6.5
2.771,3.591,4.411,
1.471379560e-20,2.065598470e+01
1.320172999e-10,-1.039759355e-10,-3.083613723e-10,2.018029634e-09,7.843874195e-09,1.423043557e-08,1.599631208e-08,1.059422015e-08,3.084915967e-09,
1.648262091e-11,-5.379849221e-11,-2.395800246e-11,-1.219853452e-09,-5.568627936e-09,-1.454057975e-08,-2.055550093e-08,-1.468366072e-08,-4.253851167e-09,
1.588476118e-01
l,6.5,-5.5
2.851,3.671,4.491,
3.251229295e-19,1.832533882e+01
4.118095032e-10,-3.390867553e-10,-9.186107201e-10,6.033831623e-09,2.114330835e-08,3.461273155e-08,3.721548883e-08,2.538812096e-08,7.893660223e-09,
5.127947213e-11,-1.675808511e-10,-6.745045985e-11,-3.768763033e-09,-1.727003730e-08,-4.541283070e-08,-6.489363530e-08,-4.695948403e-08,-1.377553333e-08,
1.588477047e-01
l,6.5,-4.5
2.911,3.731,4.551,
6.043001441e-19,1.843657616e+01
1.313480991e-09,-8.929798982e-10,-3.180482899e-09,2.093857551e-08,8.425287248e-08,1.488059964e-07,1.553427573e-07,9.438883442e-08,2.561002098e-08,
1.702369065e-10,-5.568324228e-10,-2.552590403e-10,-1.270525752e-08,-5.824927709e-08,-1.522253554e-07,-2.163864818e-07,-1.557325445e-07,-4.542818145e-08,
1.588167076e-01
l,6.5,-3.5
2.971,3.811,4.651,
5.953773909e-19,1.911858867e+01
4.097772788e-09,-2.746397495e-09,-1.143130407e-08,4.604523588e-08,1.828990693e-07,2.853037641e-07,2.479559689e-07,1.213346101e-07,2.647498507e-08,
4.958731074e-10,-1.624307229e-09,7.224967619e-11,-2.543165020e-08,-1.017422044e-07,-2.460785036e-07,-3.218553641e-07,-2.077253480e-07,-5.396235431e-08,
1.588478234e-01
l,6.5,-2.5
3.031,3.871,4.731,
1.814886989e-18,1.877326663e+01
1.295795027e-08,-7.212498248e-09,-3.793464410e-08,1.210439194e-07,4.856486733e-07,6.966783276e-07,5.301839723e-07,2.237161696e-07,4.365200863e-08,
1.541306789e-09,-5.054386840e-09,3.931500922e-10,-7.769008323e-08,-3.067409835e-07,-7.348307542e-07,-9.523602805e-07,-6.052296686e-07,-1.531092754e-07,
1.588479062e-01
l,6.5,-1.5
3.091,3.931,4.791,
4.834152596e-18,1.857773070e+01
4.112591157e-08,-1.713744668e-08,-1.249217614e-07,4.082365318e-07,1.931357068e-06,3.322489659e-06,3.114573653e-06,1.615823024e-06,3.685303842e-07,
5.113386915e-09,-1.678179726e-08,2.931544186e-10,-2.646833462e-07,-1.049417701e-06,-2.498601709e-06,-3.229160107e-06,-2.046468279e-06,-5.145769443e-07,
1.588168909e-01
l,6.5,-0.5
3.151,4.011,4.871,
1.400855617e-17,1.832075675e+01
1.287096012e-07,-5.451833896e-08,-3.938588664e-07,1.173194984e-06,5.700522829e-06,1.000395584e-05,9.649918818e-06,5.158673377e-06,1.201820181e-06,
1.588903580e-08,-5.220123079e-08,-2.268499950e-10,-8.345701817e-07,-3.306414794e-06,-7.860443497e-06,-1.010117653e-05,-6.330986319e-06,-1.564038669e-06,
1.588480629e-01
l,6.5,0.5
3.211,4.071,4.951,
4.357653780e-17,1.802520617e+01
4.075461106e-07,-1.220858328e-07,-1.326437656e-06,3.042840031e-06,1.692624704e-05,3.063295657e-05,2.942847204e-05,1.520158724e-05,3.335493660e-06,
4.934955782e-08,-1.622948493e-07,1.215974658e-08,-2.443771394e-06,-9.415510784e-06,-2.183469558e-05,-2.715636630e-05,-1.618717268e-05,-3.724903202e-06,
1.588480348e-01
l,6.5,1.5
3.291,4.151,5.031,
8.464111442e-16,1.619373749e+01
1.272113991e-06,-3.802881582e-07,-4.221015685e-06,5.672032594e-06,3.779881376e-05,7.327311485e-05,7.948986890e-05,4.840479391e-05,1.272672595e-05,
1.532932999e-07,-5.046247116e-07,-3.365672826e-08,-8.316644911e-06,-3.247796288e-05,-7.584981848e-05,-9.434456360e-05,-5.573229245e-05,-1.245892445e-05,
1.589090816e-01
l,6.5,2.5
3.331,4.171,5.011,
8.588428591e-15,1.500610242e+01
4.173813977e-06,1.165944911e-07,-1.215202108e-05,7.241856361e-05,4.224034132e-04,9.272157514e-04,1.082193553e-03,6.704735686e-04,1.741434736e-04,
6.600804754e-07,-2.172387318e-06,-4.254996740e-07,-3.670398746e-05,-1.514069905e-04,-3.568221937e-04,-4.708545723e-04,-3.155848269e-04,-8.604019254e-05,
1.585782736e-01
l,6.5,3.5
3.411,4.311,5.211,
7.288116379e-15,1.582530460e+01
1.258380962e-05,-3.676730521e-06,-4.621369838e-05,1.473317975e-05,2.897131963e-04,6.812333534e-04,8.176809415e-04,5.103940055e-04,1.301082918e-04,
1.382710710e-06,-4.561218237e-06,4.787066835e-07,-6.559409522e-05,-2.361229212e-04,-5.095185070e-04,-5.468457230e-04,-2.393153228e-04,-2.532764221e-05,
1.589230170e-01
l,6.5,4.5
3.471,4.351,5.251,
9.002330086e-14,1.449882381e+01
4.042353976e-05,-9.362460233e-06,-1.232459306e-04,2.257427951e-04,1.015003070e-03,1.124292539e-03,2.890402008e-04,-2.680902852e-04,-1.456314000e-04,
4.892235219e-06,-1.614534541e-05,1.923852784e-06,-2.460505349e-04,-9.692798119e-04,-2.330381559e-03,-3.070816145e-03,-1.980770755e-03,-5.005958486e-04,
1.588155729e-01
l,6.5,5.5
3.511,4.391,5.291,
4.498981407e-13,1.397296274e+01
1.305839978e-04,1.759625573e-05,-4.674179942e-04,6.171357636e-04,6.141084310e-03,1.409044444e-02,1.634889704e-02,9.918575432e-03,2.503716751e-03,
1.732005631e-05,-5.718366170e-05,-2.494128985e-06,-8.915048351e-04,-3.401045065e-03,-7.622897608e-03,-9.166099401e-03,-5.203311277e-03,-1.099721151e-03,
1.588163168e-01
l,6.5,6.5
3.571,4.491,5.411,
4.778399604e-13,1.463060967e+01
4.080875951e-04,-8.908523315e-06,-1.591838945e-03,-4.977215888e-04,7.027315140e-03,1.689592977e-02,1.865686925e-02,1.047426757e-02,2.403992136e-03,
4.709802931e-05,-1.556900045e-04,1.845542839e-05,-2.222844187e-03,-8.045615495e-03,-1.743753172e-02,-1.924225590e-02,-9.036792827e-03,-1.229897749e-03,
1.589098481e-01
l,7.5,-7.5
3.291,4.091,4.911,
1.881420214e-25,2.469616092e+01
6.485219913e-12,-5.395742332e-12,-1.477093260e-11,9.242671181e-11,3.409048564e-10,6.095255291e-10,7.139835132e-10,5.088741901e-10,1.594079839e-10,
7.930172059e-13,-2.606674501e-12,-1.003862040e-12,-5.826260671e-11,-2.657170158e-10,-6.969647445e-10,-9.902352376e-10,-7.101269916e-10,-2.061344580e-10,
1.588475442e-01
l,7.5,-6.5
3.351,4.151,4.971,
0.000000000e+00,0.000000000e+00
2.061077004e-11,-1.470454143e-11,-4.978298806e-11,3.100267120e-10,1.170666830e-09,1.898913243e-09,1.802893132e-09,1.009008346e-09,2.581196929e-10,
2.629162397e-12,-8.648608001e-12,-3.442925929e-12,-1.938286589e-10,-8.874860061e-10,-2.326716259e-09,-3.321406517e-09,-2.400199157e-09,-7.026221903e-10,
1.587855619e-01
l,7.5,-5.5
3.411,4.231,5.051,
0.000000000e+00,0.000000000e+00
6.429701216e-11,-4.398106723e-11,-1.625867296e-10,9.641804297e-10,4.097945171e-09,7.654173995e-09,8.361540415e-09,5.179353845e-09,1.392923551e-09,
8.164840447e-12,-2.688418978e-11,-1.124897300e-11,-6.022484834e-10,-2.740698723e-09,-7.128151304e-09,-1.003826998e-08,-7.122792839e-09,-2.044269558e-09,
1.588166364e-01
l,7.5,-4.5
3.471,4.311,5.151,
0.000000000e+00,0.000000000e+00
1.994251014e-10,-1.399165561e-10,-5.470507330e-10,2.035344395e-09,7.661079494e-09,1.148497813e-08,1.015079820e-08,5.495485413e-09,1.411074297e-09,
2.373226544e-11,-7.823392195e-11,4.556414467e-12,-1.235821199e-09,-4.959678091e-09,-1.209872286e-08,-1.597910224e-08,-1.040635847e-08,-2.717700079e-09,
1.588477446e-01
l,7.5,-3.5
3.551,4.371,5.211,
1.652770173e-23,2.325426133e+01
6.318354173e-10,-3.695662625e-10,-1.695266242e-09,8.050894081e-09,3.369224586e-08,5.810654933e-08,5.823224490e-08,3.395496872e-08,8.897286234e-09,
7.865296418e-11,-2.594569970e-10,1.222325687e-13,-4.247882241e-09,-1.729099659e-08,-4.243242208e-08,-5.703285823e-08,-3.818764984e-08,-1.029916292e-08,
1.588167403e-01
l,7.5,-2.5
3.611,4.451,5.291,
2.775870873e-23,2.341256865e+01
1.973903929e-09,-1.122742322e-09,-5.679589404e-09,2.230199668e-08,9.865623742e-08,1.697735688e-07,1.621910967e-07,8.620229770e-08,2.004102535e-08,
2.440779667e-10,-8.058620471e-10,1.070330549e-11,-1.292470964e-08,-5.192205174e-08,-1.255062237e-07,-1.646488898e-07,-1.065035221e-07,-2.759528781e-08,
1.588478606e-01
l,7.5,-1.5
3.671,4.511,5.371,
6.191884551e-23,2.334751322e+01
6.205847836e-09,-2.686563028e-09,-1.903443648e-08,5.070533369e-08,2.491634622e-07,4.396023402e-07,4.335439700e-07,2.412037787e-07,5.906847289e-08,
7.571080321e-10,-2.501843373e-09,-1.958144757e-11,-4.048916008e-08,-1.606684481e-07,-3.835219541e-07,-4.942541536e-07,-3.096821704e-07,-7.607124092e-08,
1.588479280e-01
l,7.5,-0.5
3.731,4.591,5.451,
2.282002531e-22,2.292212550e+01
1.941734951e-08,-9.010428165e-09,-5.857946501e-08,1.731071550e-07,7.994205792e-07,1.313564725e-06,1.160251099e-06,5.588120960e-07,1.165068288e-07,
2.347957262e-09,-7.765178166e-09,4.408950288e-10,-1.213622124e-07,-4.795982811e-07,-1.145774702e-06,-1.481778581e-06,-9.354300179e-07,-2.331751303e-07,
1.588480332e-01
l,7.5,0.5
3.791,4.651,5.531,
9.480860956e-22,2.242060286e+01
6.118720819e-08,-2.039063885e-08,-1.968348574e-07,4.008197090e-07,2.185564508e-06,3.805115350e-06,3.557664055e-06,1.831654550e-06,4.118995274e-07,
7.279966281e-09,-2.409566445e-08,1.994705915e-09,-3.671811720e-07,-1.421694103e-06,-3.331468033e-06,-4.192164445e-06,-2.530569907e-06,-5.892867274e-07,
1.588480348e-01
l,7.5,1.5
3.851,4.711,5.571,
1.017500372e-20,2.125017381e+01
1.943957955e-07,-4.316739314e-08,-5.892148994e-07,2.084510608e-06,1.131384788e-05,2.195652470e-05,2.284287971e-05,1.282479034e-05,3.071937120e-06,
2.575345455e-08,-8.527374209e-08,-6.459651845e-09,-1.423052256e-06,-5.726119280e-06,-1.367130068e-05,-1.794772185e-05,-1.166516654e-05,-3.013681274e-06,
1.587844191e-01
l,7.5,2.5
3.931,4.831,5.731,
4.142003222e-20,2.077216200e+01
5.855483778e-07,-2.136649716e-07,-2.277648152e-06,-2.142517480e-06,3.541174999e-06,1.927272386e-05,3.368752685e-05,2.623569682e-05,7.666546656e-06,
6.132867585e-08,-2.033762322e-07,-6.896927035e-09,-3.138464120e-06,-1.111495549e-05,-2.319265910e-05,-2.261527887e-05,-7.184591761e-06,5.543621111e-07,
1.590394378e-01
l,7.5,3.5
3.971,4.831,5.711,
8.968310477e-19,1.919017308e+01
1.948845011e-06,-6.768720845e-08,-5.924612718e-06,2.461663811e-05,1.419592740e-04,2.895851827e-04,3.112028294e-04,1.775007636e-04,4.258504777e-05,
2.642252213e-07,-8.760537300e-07,7.673030483e-08,-1.298928905e-05,-5.071261944e-05,-1.175047055e-04,-1.515265237e-04,-9.728941672e-05,-2.498842036e-05,
1.587175395e-01
l,7.5,4.5
4.031,4.931,5.831,
5.868720404e-19,2.009918081e+01
6.038396805e-06,-3.341841782e-07,-2.327670839e-05,7.664976977e-06,1.887322743e-04,4.582562468e-04,5.394222488e-04,3.249350095e-04,8.009946585e-05,
7.177906972e-07,-2.382461184e-06,1.771352946e-07,-3.440348279e-05,-1.245269170e-04,-2.660414694e-04,-2.866366894e-04,-1.279079171e-04,-1.460602724e-05,
1.589077204e-01
l,7.5,5.5
4.111,5.011,5.931,
2.393797096e-17,1.804472122e+01
1.874613918e-05,-3.820037746e-06,-6.610760408e-05,-1.401885827e-05,1.288924763e-04,1.484914891e-04,5.065568082e-05,-2.856077955e-06,-2.691971802e-06,
2.080135819e-06,-6.910305157e-06,9.589568276e-07,-1.026087069e-04,-3.872922195e-04,-8.945100292e-04,-1.086780995e-03,-6.095567643e-04,-1.238633292e-04,
1.588777337e-01
l,7.5,6.5
4.171,5.051,5.951,
7.253693853e-16,1.629896952e+01
6.065144044e-05,-3.318057201e-07,-1.905997945e-04,4.103296221e-04,2.602552422e-03,4.908577310e-03,4.775079586e-03,2.455855401e-03,5.321241136e-04,
7.859013022e-06,-2.611228195e-05,1.179623869e-06,-4.058236671e-04,-1.590437700e-03,-3.741661362e-03,-4.849962766e-03,-3.080126808e-03,-7.647111132e-04,
1.587851691e-01
l,7.5,7.5
4.211,5.111,6.031,
7.956473723e-16,1.688655568e+01
1.917841000e-04,4.201340520e-05,-7.535847291e-04,-3.223834336e-04,4.177141914e-03,1.104008426e-02,1.301590548e-02,7.733511673e-03,1.880293198e-03,
2.434681959e-05,-8.094732740e-05,-1.074383591e-07,-1.230504292e-03,-4.565017349e-03,-9.975576626e-03,-1.140469482e-02,-5.833715986e-03,-9.908425256e-04,
1.588475460e-01
l,8.5,-8.5
3.791,4.591,5.411,
0.000000000e+00,0.000000000e+00
3.147769046e-13,-2.780483199e-13,-7.105695164e-13,4.401730477e-12,1.441138657e-11,2.131291804e-11,2.080695110e-11,1.376849053e-11,4.385067208e-12,
3.775103234e-14,-1.247992417e-13,-2.884243386e-14,-2.610843235e-12,-1.184418822e-11,-3.116555155e-11,-4.451617343e-11,-3.214828015e-11,-9.420256332e-12,
1.588164483e-01
l,8.5,-7.5
3.851,4.651,5.471,
0.000000000e+00,0.000000000e+00
9.997273192e-13,-7.167917552e-13,-2.485365672e-12,1.584631776e-11,6.603004827e-11,1.233711497e-10,1.378760569e-10,8.976796062e-11,2.588610040e-11,
1.250686632e-13,-4.137117005e-13,-1.347478238e-13,-8.923671601e-12,-4.046891895e-11,-1.053337891e-10,-1.486575747e-10,-1.058878052e-10,-3.058574968e-11,
1.588164593e-01
l,8.5,-6.5
3.931,4.731,5.551,
0.000000000e+00,0.000000000e+00
3.094103099e-12,-2.139563284e-12,-7.615314555e-12,4.402617917e-11,1.908058020e-10,3.826280998e-10,4.649704258e-10,3.229360310e-10,9.646124251e-11,
3.878375927e-13,-1.283940534e-12,-6.002132260e-13,-2.972040992e-11,-1.356335049e-10,-3.541568036e-10,-5.001432297e-10,-3.550067356e-10,-1.015496909e-10,
1.588476118e-01
l,8.5,-5.5
3.991,4.811,5.631,
0.000000000e+00,0.000000000e+00
9.607136267e-12,-7.061394054e-12,-2.240103299e-11,1.355002801e-10,5.141672164e-10,8.918350662e-10,9.724340728e-10,6.454649627e-10,1.924348989e-10,
1.202197726e-12,-3.982965406e-12,-1.693593812e-12,-9.155978819e-11,-4.200030210e-10,-1.105783577e-09,-1.583273972e-09,-1.144677626e-09,-3.341092384e-10,
1.588476109e-01
l,8.5,-4.5
4.051,4.871,5.711,
0.000000000e+00,0.000000000e+00
3.043611890e-11,-1.785897875e-11,-8.409468517e-11,4.029410036e-10,1.792246272e-09,3.287513761e-09,3.450304545e-09,2.057740293e-09,5.415940620e-10,
3.725756206e-12,-1.235296013e-11,7.497870775e-13,-1.942681354e-10,-7.790305690e-10,-1.887399830e-09,-2.489117003e-09,-1.624676964e-09,-4.269047778e-10,
1.588476827e-01
l,8.5,-3.5
4.131,4.951,5.791,
0.000000000e+00,0.000000000e+00
9.434859838e-11,-5.361826177e-11,-2.685980822e-10,1.043231858e-09,4.933802597e-09,9.675257397e-09,1.110825873e-08,7.245700605e-09,2.047858976e-09,
1.154430297e-11,-3.830372888e-11,-2.756526664e-13,-6.258315128e-10,-2.513824230e-09,-6.081310783e-09,-7.947795314e-09,-5.080396381e-09,-1.286756628e-09,
1.588477467e-01
l,8.5,-2.5
4.191,5.031,5.871,
0.000000000e+00,0.000000000e+00
2.931286880e-10,-1.782823641e-10,-8.193511174e-10,2.847688910e-09,1.123444691e-08,1.660190721e-08,1.343280505e-08,6.187093013e-09,1.315729311e-09,
3.576334405e-11,-1.187460957e-10,-3.069390286e-14,-1.965171476e-09,-7.987295914e-09,-1.963783364e-08,-2.632895846e-08,-1.746624765e-08,-4.631612668e-09,
1.588478151e-01
l,8.5,-1.5
4.251,5.091,5.931,
0.000000000e+00,0.000000000e+00
9.267471235e-10,-4.303750980e-10,-2.689534057e-09,9.771047769e-09,4.540797325e-08,7.959049354e-08,7.649792050e-08,4.061570816e-08,9.407932161e-09,
1.183586138e-10,-3.931935738e-10,-3.017809077e-11,-6.713099145e-09,-2.740745513e-08,-6.692022883e-08,-8.938922702e-08,-5.914297753e-08,-1.561747436e-08,
1.588168909e-01
l,8.5,-0.5
4.311,5.171,6.031,
0.000000000e+00,0.000000000e+00
2.884158912e-09,-1.364149242e-09,-8.852644904e-09,2.456006880e-08,1.204025144e-07,2.124023759e-07,2.068414137e-07,1.123149706e-07,2.671054109e-08,
3.430351963e-10,-1.140540066e-09,1.150824138e-10,-1.736038759e-08,-6.783084606e-08,-1.607667412e-07,-2.048445845e-07,-1.260147755e-07,-3.028784469e-08,
1.588480332e-01
l,8.5,0.5
4.391,5.231,6.091,
0.000000000e+00,0.000000000e+00
9.090213915e-09,-3.086584873e-09,-2.839047910e-08,7.379705978e-08,4.031122261e-07,7.619339480e-07,7.842941703e-07,4.433730303e-07,1.082542343e-07,
1.135191438e-09,-3.776193712e-09,-1.388314523e-10,-6.221085485e-08,-2.475355475e-07,-5.895059613e-07,-7.606048848e-07,-4.774267613e-07,-1.172029281e-07,
1.588480348e-01
l,8.5,1.5
4.451,5.311,6.191,
0.000000000e+00,0.000000000e+00
2.818402933e-08,-9.478254343e-09,-9.511095151e-08,8.924940325e-08,6.976702194e-07,1.402429117e-06,1.590854996e-06,1.016703841e-06,2.789447665e-07,
3.289262419e-09,-1.095039436e-08,1.029259218e-10,-1.745493998e-07,-6.741284850e-07,-1.568328520e-06,-1.926413914e-06,-1.104829302e-06,-2.336799733e-07,
1.589083811e-01
l,8.5,2.5
4.511,5.331,6.151,
1.037060349e-22,2.162961123e+01
9.309013649e-08,-1.957426387e-09,-2.701303672e-07,2.141936954e-06,1.282417769e-05,3.001904314e-05,3.743663267e-05,2.467962287e-05,6.775912644e-06,
1.513680861e-08,-5.037655932e-08,-2.351773904e-08,-1.076209402e-06,-4.910403288e-06,-1.224257032e-05,-1.680228172e-05,-1.179687337e-05,-3.387346614e-06,
1.584416285e-01
l,8.5,3.5
4.571,5.471,6.371,
0.000000000e+00,0.000000000e+00
2.742389995e-07,-8.810791219e-08,-1.032541150e-06,-4.646492199e-07,3.031144856e-06,9.166715807e-06,1.295605946e-05,9.135686573e-06,2.541775976e-06,
2.948233088e-08,-9.828516294e-08,1.108674290e-08,-1.425187627e-06,-5.121725436e-06,-1.106157236e-05,-1.172754175e-05,-4.854883615e-06,-3.545102963e-07,
1.589495663e-01
l,8.5,4.5
4.631,5.511,6.411,
5.892038432e-23,2.306665792e+01
8.803518199e-07,-2.301025576e-07,-2.597059024e-06,5.687662547e-06,2.384738865e-05,2.462253647e-05,1.961299921e-06,-1.124246943e-05,-5.212860374e-06,
1.041293577e-07,-3.472376945e-07,5.241899336e-08,-5.286919606e-06,-2.085963221e-05,-5.062225463e-05,-6.763987314e-05,-4.443041933e-05,-1.148328024e-05,
1.587822618e-01
l,8.5,5.5
4.691,5.571,6.451,
1.590041294e-21,2.150451320e+01
2.815369953e-06,-4.196722934e-08,-9.748523156e-06,1.850337845e-05,1.487475141e-04,3.328216828e-04,3.819813790e-04,2.297762521e-04,5.752314835e-05,
3.681533014e-07,-1.228027809e-06,-7.580004223e-09,-1.903638916e-05,-7.311702508e-05,-1.655456838e-04,-2.011960746e-04,-1.157902147e-04,-2.502679670e-05,
1.587838889e-01
l,8.5,6.5
4.751,5.651,6.571,
7.521459202e-22,2.251862786e+01
8.697015801e-06,-2.378534873e-07,-3.443725154e-05,-3.198149956e-05,5.298841986e-05,1.644269558e-04,1.838190549e-04,9.910818301e-05,2.094792618e-05,
9.972609591e-07,-3.329327125e-06,3.149778295e-07,-4.890745821e-05,-1.788033347e-04,-3.918775941e-04,-4.378877444e-04,-2.088160228e-04,-2.897631248e-05,
1.588947605e-01
l,8.5,7.5
4.811,5.731,6.651,
3.986000592e-20,2.053348515e+01
2.737714021e-05,-5.138885291e-06,-9.100473941e-05,3.353762169e-05,3.316682083e-04,3.208076680e-04,-1.510861089e-05,-1.637368590e-04,-6.477162766e-05,
3.083502845e-06,-1.029980909e-05,1.932079313e-06,-1.512506672e-04,-5.791490892e-04,-1.367657645e-03,-1.732378939e-03,-1.041265114e-03,-2.367872845e-04,
1.588469139e-01
l,8.5,8.5
4.871,5.771,6.671,
3.287171814e-18,1.833891047e+01
8.829690341e-05,8.531436441e-06,-2.934284540e-04,4.706433774e-04,3.920108944e-03,8.423055775e-03,9.249165735e-03,5.344003784e-03,1.291469302e-03,
1.164786380e-05,-3.891222310e-05,-1.545813816e-07,-6.122909201e-04,-2.376175059e-03,-5.479236684e-03,-6.906360252e-03,-4.212970685e-03,-9.890664216e-04,
1.587852597e-01
