l,0.5,-0.5
0.151,1.071,2.011,
4.566943380e-02,2.155482810e+00
3.775324905e-03,-5.232115358e-03,3.768862485e-03,3.488103183e-02,1.070376286e-01,2.546328473e-01,3.124119488e-01,2.024684312e-01,6.004318648e-02,
5.943604848e-04,-1.385840931e-03,-1.030669727e-03,-2.434620595e-02,-1.005040178e-01,-2.309594532e-01,-2.928898625e-01,-1.931388156e-01,-5.193274566e-02,
1.586316946e-01
l,0.5,0.5
0.191,0.451,0.731,
4.062403064e-01,2.640100896e+00
2.124368027e-02,4.562329405e-02,9.540238662e-01,2.775149711e+01,3.560988690e+02,2.574381256e+03,1.058200628e+04,2.298862842e+04,2.049111553e+04,
2.143578584e-02,-2.023487636e-02,-7.296447181e-01,-2.172810874e+01,-3.068379770e+02,-2.323558122e+03,-9.804728113e+03,-2.169089416e+04,-1.960004451e+04,
1.591437440e-01
l,1.5,-1.5
0.371,1.331,2.291,
6.727332140e-03,3.788251315e+00
7.022229838e-04,-1.087481642e-03,7.218384222e-04,5.000596448e-03,1.098068506e-02,2.175044253e-02,1.077177242e-02,-9.365989612e-03,-6.780589519e-03,
9.523965696e-05,-2.282858126e-04,-1.270321335e-04,-3.698276469e-03,-1.488123159e-02,-3.372257955e-02,-4.198154984e-02,-2.716211039e-02,-7.171934035e-03,
1.584150528e-01
l,1.5,-0.5
0.431,1.251,2.091,
1.220629308e-02,3.811475239e+00
2.611872973e-03,-3.351386931e-03,2.023777152e-03,4.496208452e-02,1.690853517e-01,4.908013172e-01,7.589563126e-01,5.543049885e-01,1.542375243e-01,
4.935857173e-04,-1.160787834e-03,-8.845598294e-04,-2.209667583e-02,-9.885229366e-02,-2.486264984e-01,-3.489080398e-01,-2.563121372e-01,-7.728380530e-02,
1.588790731e-01
l,1.5,0.5
0.451,1.411,2.371,
3.668360083e-02,4.049938576e+00
6.021616980e-03,-9.360279895e-03,6.441425121e-03,4.713041025e-02,1.161380268e-01,2.542206666e-01,1.885311433e-01,-2.419109403e-02,-4.837445374e-02,
8.107078595e-04,-1.950817162e-03,-1.169590659e-03,-3.247494646e-02,-1.308171187e-01,-2.963925855e-01,-3.689226536e-01,-2.387122020e-01,-6.304456013e-02,
1.583531963e-01
l,1.5,1.5
0.471,0.871,1.291,
1.793263574e-01,4.291447472e+00
3.703194857e-02,3.661526153e-02,4.551529669e-01,1.108941031e+01,9.444816587e+01,4.523953910e+02,1.245975084e+03,1.819142619e+03,1.088292697e+03,
2.657395624e-02,-4.499027821e-02,-4.185340512e-01,-8.693540097e+00,-8.170990845e+01,-4.110080438e+02,-1.154788347e+03,-1.701385890e+03,-1.023831195e+03,
1.591437326e-01
l,2.5,-2.5
0.631,1.551,2.491,
4.208459919e-04,5.908476608e+00
1.333052933e-04,-2.038836824e-04,1.246775380e-04,1.435384892e-03,4.543322867e-03,1.292339529e-02,1.759496464e-02,1.033935243e-02,2.105853457e-03,
1.826470691e-05,-4.443108524e-05,-2.695384716e-05,-7.573410709e-04,-3.088947837e-03,-7.113768415e-03,-9.016453599e-03,-5.950395968e-03,-1.607026786e-03,
1.583530302e-01
l,2.5,-1.5
0.711,1.571,2.431,
4.609567992e-04,5.364747894e+00
4.028980911e-04,-5.375706026e-04,1.883031598e-04,5.909161712e-03,1.967337989e-02,5.954851706e-02,1.005163349e-01,7.981011605e-02,2.400361805e-02,
6.815185539e-05,-1.650871400e-04,-1.147630609e-04,-3.080589787e-03,-1.345000502e-02,-3.321425278e-02,-4.560187004e-02,-3.272638050e-02,-9.647793480e-03,
1.588480256e-01
l,2.5,-0.5
0.771,1.691,2.631,
8.167494157e-04,5.214179258e+00
9.949564701e-04,-1.473850755e-03,6.741958725e-04,1.208850804e-02,4.017162824e-02,1.255832643e-01,2.033605328e-01,1.510079722e-01,4.213337499e-02,
1.341551336e-04,-3.291093816e-04,-1.871262306e-04,-5.565082460e-03,-2.264514104e-02,-5.219014975e-02,-6.616214689e-02,-4.366489640e-02,-1.181214547e-02,
1.583840939e-01
l,2.5,0.5
0.791,1.671,2.551,
1.846767221e-03,4.941314734e+00
3.247424029e-03,-4.181735771e-03,5.977048188e-04,4.396073557e-02,1.354125088e-01,4.032006315e-01,7.025650508e-01,5.772991467e-01,1.790071925e-01,
5.257938792e-04,-1.282156520e-03,-7.693863374e-04,-2.258338134e-02,-9.658042545e-02,-2.339717090e-01,-3.143435883e-01,-2.203150924e-01,-6.342899772e-02,
1.588480500e-01
l,2.5,1.5
0.791,1.751,2.731,
6.329325920e-03,5.334228670e+00
8.774422109e-03,-1.327425354e-02,5.953732867e-03,9.066081671e-02,2.990387200e-01,9.411260421e-01,1.463661294e+00,1.025041869e+00,2.675007433e-01,
1.081311881e-03,-2.661041263e-03,-5.142507441e-04,-3.245376541e-02,-1.193073316e-01,-2.586001371e-01,-3.109464420e-01,-1.962120167e-01,-5.120336549e-02,
1.582287534e-01
l,2.5,2.5
0.811,1.291,1.811,
3.064839318e-02,5.652403893e+00
4.999082908e-02,3.609333724e-02,3.825522338e-01,9.608012378e+00,7.318123192e+01,3.031452439e+02,7.110395102e+02,8.767935588e+02,4.406015581e+02,
2.842809772e-02,-5.692608548e-02,-3.785318840e-01,-7.501637581e+00,-6.099082394e+01,-2.585909558e+02,-6.002567223e+02,-7.199481447e+02,-3.492223921e+02,
1.591437697e-01
l,3.5,-3.5
0.931,1.831,2.751,
8.814741771e-06,7.878421687e+00
2.206962017e-05,-3.439359612e-05,1.878524243e-05,2.564098925e-04,8.451636815e-04,2.638279495e-03,4.103402421e-03,2.879791180e-03,7.520809240e-04,
3.003213413e-06,-7.419956465e-06,-3.706766278e-06,-1.228241273e-04,-5.053545942e-04,-1.185577501e-03,-1.532548943e-03,-1.032920811e-03,-2.855830617e-04,
1.584148635e-01
l,3.5,-2.5
1.011,1.871,2.731,
1.014481084e-05,7.182517232e+00
6.209956337e-05,-8.183979998e-05,1.179073453e-05,8.864739732e-04,2.725475369e-03,8.280515156e-03,1.494562343e-02,1.275560879e-02,4.109584658e-03,
1.017256816e-05,-2.510552584e-05,-1.537806188e-05,-4.555727615e-04,-1.978703726e-03,-4.884296168e-03,-6.700143178e-03,-4.802610482e-03,-1.416028533e-03,
1.588168463e-01
l,3.5,-1.5
1.091,1.971,2.871,
1.613950040e-05,6.841384027e+00
1.565261045e-04,-2.075322782e-04,5.588376248e-06,1.951351571e-03,5.030035330e-03,1.467224808e-02,2.726208839e-02,2.366151173e-02,7.650482001e-03,
2.308599546e-05,-5.738582101e-05,-3.443225366e-05,-1.016838694e-03,-4.261951805e-03,-1.014749925e-02,-1.335216446e-02,-9.159636474e-03,-2.584310163e-03,
1.585386909e-01
l,3.5,-0.5
1.151,2.031,2.911,
3.398522672e-05,6.316105004e+00
4.323259054e-04,-5.450601572e-04,-7.416446780e-05,5.373447251e-03,1.322759423e-02,3.556435918e-02,6.613195363e-02,5.860671525e-02,1.936695662e-02,
6.732020785e-05,-1.676447434e-04,-9.124120008e-05,-2.913938627e-03,-1.238417603e-02,-2.998384045e-02,-4.021614712e-02,-2.812141122e-02,-8.092438447e-03,
1.588169821e-01
l,3.5,0.5
1.171,2.091,3.031,
8.217767334e-05,6.201090514e+00
1.197912032e-03,-1.566139137e-03,-2.373747539e-04,1.270726576e-02,2.685314082e-02,7.265031407e-02,1.394337291e-01,1.229160774e-01,3.963790597e-02,
1.600568589e-04,-4.006747512e-04,-1.881698263e-04,-6.505732480e-03,-2.625057818e-02,-6.036410826e-02,-7.626677416e-02,-5.008406636e-02,-1.352869388e-02,
1.584769641e-01
l,3.5,1.5
1.171,2.071,2.991,
2.445730014e-04,6.011778661e+00
3.874561051e-03,-4.369456030e-03,-2.085744061e-03,4.413077803e-02,9.740394202e-02,2.204842439e-01,4.036335972e-01,3.629921074e-01,1.209919295e-01,
5.695208038e-04,-1.421786510e-03,-7.693805681e-04,-2.420185650e-02,-9.951570212e-02,-2.322175514e-01,-2.987507021e-01,-1.994443230e-01,-5.468582721e-02,
1.587851892e-01
l,3.5,2.5
1.171,2.111,3.071,
8.981678353e-04,5.860110337e+00
1.157370955e-02,-1.582516114e-02,1.029168386e-03,1.223281426e-01,2.993749027e-01,8.951668453e-01,1.626016416e+00,1.346083705e+00,4.116117098e-01,
1.490773765e-03,-3.726745154e-03,-1.844216251e-03,-6.009210207e-02,-2.396083370e-01,-5.421330899e-01,-6.730343065e-01,-4.343129160e-01,-1.150990553e-01,
1.582086070e-01
l,3.5,3.5
1.151,1.711,2.311,
3.740332211e-03,6.817594472e+00
6.050128862e-02,3.702650987e-02,1.501758551e-01,5.162651834e+00,3.267037963e+01,1.105301906e+02,2.166624236e+02,2.276705315e+02,9.861993990e+01,
2.890944231e-02,-6.298503194e-02,-2.317307475e-01,-4.063755514e+00,-2.713960014e+01,-9.640707250e+01,-1.909417853e+02,-1.971372971e+02,-8.274937683e+01,
1.591437468e-01
l,4.5,-4.5
1.231,2.111,2.991,
7.210765644e-08,1.108552151e+01
3.525271040e-06,-5.432707339e-06,2.650191029e-06,4.798836124e-05,1.660584919e-04,5.415795066e-04,9.238657371e-04,7.291257893e-04,2.174973144e-04,
5.144831398e-07,-1.286134117e-06,-6.424103962e-07,-2.195204366e-05,-9.307848686e-05,-2.258326936e-04,-3.033685141e-04,-2.130738007e-04,-6.155164972e-05,
1.584765773e-01
l,4.5,-3.5
1.331,2.171,3.031,
8.382422121e-08,1.035835963e+01
9.351874724e-06,-1.189917534e-05,-1.349284564e-06,1.272462255e-04,3.260243913e-04,8.945478752e-04,1.690947054e-03,1.536509834e-03,5.237297176e-04,
1.500163234e-06,-3.756803508e-06,-2.321987443e-06,-6.890972783e-05,-2.980644963e-04,-7.344922467e-04,-1.004903519e-03,-7.180173474e-04,-2.113533172e-04,
1.588167987e-01
l,4.5,-2.5
1.431,2.291,3.171,
1.434237539e-07,9.513693207e+00
2.254104038e-05,-2.906839357e-05,-4.877472041e-06,2.798137824e-04,6.638703802e-04,1.778236077e-03,3.390911926e-03,3.078111283e-03,1.038973897e-03,
3.391463651e-06,-8.542483354e-06,-4.364534455e-06,-1.478550582e-04,-6.262441210e-04,-1.517046844e-03,-2.033660977e-03,-1.421176738e-03,-4.091518360e-04,
1.586926121e-01
l,4.5,-1.5
1.491,2.351,3.231,
2.711168228e-07,9.131017747e+00
6.021650915e-05,-6.855088921e-05,-3.836421401e-05,7.276989449e-04,1.505430135e-03,3.087529184e-03,5.911349572e-03,5.723861799e-03,2.043299314e-03,
9.382372236e-06,-2.368713648e-05,-1.204315585e-05,-4.078295364e-04,-1.726607892e-03,-4.172519379e-03,-5.584396497e-03,-3.889256093e-03,-1.115491153e-03,
1.588168645e-01
l,4.5,-0.5
1.531,2.431,3.331,
6.456130678e-07,8.676075096e+00
1.593869965e-04,-1.857816227e-04,-1.049562229e-04,1.755073496e-03,2.981749194e-03,4.911503355e-03,9.803853878e-03,9.915926796e-03,3.578249889e-03,
2.341069122e-05,-5.931942467e-05,-2.881414365e-05,-1.000656795e-03,-4.157384944e-03,-9.866691801e-03,-1.292683123e-02,-8.804836226e-03,-2.470689641e-03,
1.586927851e-01
l,4.5,0.5
1.571,2.471,3.371,
1.993100607e-06,8.083327053e+00
4.553417093e-04,-5.001312662e-04,-3.597023572e-04,5.065379346e-03,9.051978979e-03,1.318920476e-02,2.395781056e-02,2.397732818e-02,8.689526527e-03,
6.805887543e-05,-1.726781533e-04,-8.412703214e-05,-2.908696857e-03,-1.208005413e-02,-2.862961828e-02,-3.746977237e-02,-2.546380640e-02,-7.123633910e-03,
1.587860000e-01
l,4.5,1.5
1.591,2.511,3.451,
6.965583855e-06,7.590681093e+00
1.328718965e-03,-1.512836257e-03,-1.027180259e-03,1.383944007e-02,2.221811901e-02,2.730878730e-02,5.017195974e-02,5.173247268e-02,1.886237889e-02,
1.783639171e-04,-4.536688758e-04,-2.220698734e-04,-7.494780513e-03,-3.009111170e-02,-6.888212808e-02,-8.651766930e-02,-5.634024881e-02,-1.511502172e-02,
1.585996316e-01
l,4.5,2.5
1.571,2.491,3.431,
2.630754982e-05,7.240443696e+00
4.305670038e-03,-4.400297188e-03,-3.984946280e-03,4.286371454e-02,7.769644354e-02,1.166997715e-01,2.108827490e-01,2.058302171e-01,7.266749780e-02,
6.034557494e-04,-1.532533134e-03,-5.882915216e-04,-2.406361068e-02,-9.665808331e-02,-2.214856199e-01,-2.789910134e-01,-1.815516371e-01,-4.848277140e-02,
1.587029544e-01
l,4.5,3.5
1.551,2.511,3.491,
1.211039954e-04,6.872162820e+00
1.373284031e-02,-1.743449664e-02,-6.863149803e-03,1.205235662e-01,1.488846415e-01,2.594869673e-01,6.296786461e-01,6.420627260e-01,2.213412683e-01,
1.658956277e-03,-4.212487827e-03,-7.338153451e-04,-5.171305606e-02,-1.876451954e-01,-4.044565451e-01,-4.822984866e-01,-3.011997641e-01,-7.849307749e-02,
1.583504168e-01
l,4.5,4.5
1.531,2.151,2.811,
3.861097041e-04,7.939471445e+00
6.940667331e-02,2.981111179e-02,7.590139722e-02,4.216333669e+00,2.511359288e+01,7.796357317e+01,1.390506334e+02,1.323651400e+02,5.180174598e+01,
2.789686775e-02,-6.421052220e-02,-1.865146777e-01,-3.385588120e+00,-2.113009763e+01,-6.958728055e+01,-1.266351055e+02,-1.192126110e+02,-4.539976239e+01,
1.591437429e-01
l,5.5,-5.5
1.551,2.411,3.271,
1.153612730e-10,1.552571687e+01
5.318871104e-07,-8.110395200e-07,3.296942189e-07,7.415360737e-06,2.338082125e-05,7.441285259e-05,1.312774607e-04,1.081672924e-04,3.371653275e-05,
7.918209337e-08,-2.002102416e-07,-1.151629152e-07,-3.646978930e-06,-1.574378147e-05,-3.894405922e-05,-5.341594942e-05,-3.833868419e-05,-1.133320020e-05,
1.586002671e-01
l,5.5,-4.5
1.671,2.511,3.351,
1.779014580e-10,1.412576227e+01
1.301016027e-06,-1.777593295e-06,9.697261112e-08,1.814018639e-05,5.083290330e-05,1.486380777e-04,2.745789439e-04,2.419065773e-04,8.036075764e-05,
2.082714778e-07,-5.281299454e-07,-2.793261547e-07,-9.538464717e-06,-4.186913154e-05,-1.054140107e-04,-1.475844196e-04,-1.080221676e-04,-3.258654154e-05,
1.588476623e-01
l,5.5,-3.5
1.771,2.611,3.451,
3.809349587e-10,1.286929060e+01
3.179980013e-06,-4.028426233e-06,-7.140305716e-07,4.367001523e-05,1.078272241e-04,2.813337304e-04,5.396319544e-04,5.055717341e-04,1.775488957e-04,
5.193317231e-07,-1.321399240e-06,-7.725433818e-07,-2.449509152e-05,-1.075838985e-04,-2.702186560e-04,-3.777499898e-04,-2.759895325e-04,-8.313557575e-05,
1.587854475e-01
l,5.5,-2.5
1.851,2.691,3.551,
7.143337587e-10,1.237089008e+01
8.122188774e-06,-9.208081367e-06,-5.764903214e-06,1.041868766e-04,2.171362385e-04,3.981501285e-04,7.360353940e-04,7.327029166e-04,2.721752400e-04,
1.294897056e-06,-3.305326775e-06,-1.775815454e-06,-5.877643148e-05,-2.525384775e-04,-6.206520543e-04,-8.462724605e-04,-6.011370843e-04,-1.761127546e-04,
1.588478461e-01
l,5.5,-1.5
1.911,2.771,3.651,
1.588396621e-09,1.192912589e+01
2.100393976e-05,-2.250027511e-05,-1.830172258e-05,2.609319972e-04,5.512465834e-04,8.888737877e-04,1.485205154e-03,1.430602403e-03,5.221705899e-04,
3.224223719e-06,-8.254924504e-06,-4.371424675e-06,-1.453072998e-04,-6.127973307e-04,-1.476952815e-03,-1.968720223e-03,-1.362961498e-03,-3.887086618e-04,
1.588168645e-01
l,5.5,-0.5
1.951,2.831,3.711,
3.921177563e-09,1.159485407e+01
5.685918950e-05,-5.706584959e-05,-5.651105148e-05,6.822546648e-04,1.320962304e-03,1.483559119e-03,2.066549330e-03,2.050887220e-03,7.782895770e-04,
8.892732352e-06,-2.280705023e-05,-1.314005372e-05,-4.109629287e-04,-1.736535364e-03,-4.181710828e-03,-5.573532248e-03,-3.855434448e-03,-1.097416052e-03,
1.588480192e-01
l,5.5,0.5
1.991,2.891,3.791,
2.021973138e-08,1.042338529e+01
1.572229958e-04,-1.606299553e-04,-1.556784046e-04,1.806526440e-03,3.469869647e-03,3.945711528e-03,5.509657729e-03,5.361405011e-03,1.991710755e-03,
2.327821689e-05,-5.983209075e-05,-3.179196142e-05,-1.045272470e-03,-4.334590388e-03,-1.025528181e-02,-1.338417420e-02,-9.051099819e-03,-2.518395963e-03,
1.587856739e-01
l,5.5,1.5
2.011,2.911,3.811,
9.758052658e-08,9.577318494e+00
4.662885913e-04,-4.433481678e-04,-5.076796721e-04,5.344813588e-03,9.859096117e-03,8.063411859e-03,8.840154990e-03,9.607233136e-03,3.974180260e-03,
7.110209649e-05,-1.828365371e-04,-1.015547173e-04,-3.214561885e-03,-1.336223773e-02,-3.157965003e-02,-4.124842843e-02,-2.792146853e-02,-7.769864488e-03,
1.587846378e-01
l,5.5,2.5
1.991,2.951,3.931,
3.056518537e-07,9.565141739e+00
1.393520040e-03,-1.430710546e-03,-1.648807323e-03,1.383124914e-02,2.459540421e-02,1.720641024e-02,1.281312416e-02,1.223469703e-02,4.872649769e-03,
1.678250846e-04,-4.328285868e-04,-6.872878759e-05,-5.358798603e-03,-1.910314494e-02,-4.065258939e-02,-4.745721329e-02,-2.871888685e-02,-7.281351762e-03,
1.587768613e-01
l,5.5,3.5
1.991,2.911,3.831,
2.469715312e-06,8.354401265e+00
4.667907022e-03,-4.279095163e-03,-4.951457846e-03,5.020994881e-02,9.708544734e-02,1.055465958e-01,1.415531916e-01,1.366152225e-01,5.037590587e-02,
6.971910197e-04,-1.791722885e-03,-9.376642737e-04,-3.060598305e-02,-1.253459771e-01,-2.913105705e-01,-3.736936422e-01,-2.478588419e-01,-6.740435025e-02,
1.586590423e-01
l,5.5,4.5
1.951,2.911,3.891,
1.187128381e-05,8.155531736e+00
1.567926072e-02,-1.745459337e-02,-1.424228913e-02,1.450098665e-01,1.792806021e-01,4.430673322e-02,9.850165502e-02,1.918871555e-01,8.690979895e-02,
1.914371626e-03,-4.916853618e-03,-1.052869449e-03,-6.263612298e-02,-2.265883028e-01,-4.857875348e-01,-5.753298022e-01,-3.554117069e-01,-9.168375117e-02,
1.584137313e-01
l,5.5,5.5
1.911,2.591,3.291,
3.677449260e-05,8.941153581e+00
7.651574165e-02,2.331680448e-02,-2.960874059e-02,2.667657234e+00,1.409887822e+01,3.761143231e+01,5.882452860e+01,5.019962400e+01,1.786801494e+01,
2.724386714e-02,-6.491964726e-02,-1.205039151e-01,-2.210587032e+00,-1.224509387e+01,-3.669329974e+01,-6.193124486e+01,-5.448255755e+01,-1.948160968e+01,
1.591437441e-01
l,6.5,-6.5
1.891,2.711,3.551,
4.423558727e-14,2.013566461e+01
7.820551673e-08,-1.163411513e-07,4.824436167e-08,1.284364016e-06,4.401828506e-06,1.365388620e-05,2.384270133e-05,1.982728473e-05,6.285233598e-06,
1.209256839e-08,-3.086731168e-08,-1.675629978e-08,-5.660185004e-07,-2.485418259e-06,-6.268465587e-06,-8.792016746e-06,-6.457271543e-06,-1.954456780e-06,
1.586620647e-01
l,6.5,-5.5
2.011,2.811,3.631,
6.139721868e-14,1.899622365e+01
1.886086949e-07,-2.436374282e-07,3.943529962e-08,3.601914183e-06,1.183263581e-05,3.285234209e-05,5.813527520e-05,5.159619876e-05,1.770350698e-05,
3.173467460e-08,-8.120235962e-08,-8.794317278e-08,-2.119010377e-06,-1.022279804e-05,-2.717662031e-05,-3.964367726e-05,-2.995540856e-05,-9.235888418e-06,
1.588475966e-01
l,6.5,-4.5
2.111,2.931,3.771,
5.184847388e-14,1.902862330e+01
4.429697071e-07,-5.435892512e-07,-1.224185219e-07,7.368431524e-06,2.141361755e-05,5.170895197e-05,8.757095523e-05,7.670925439e-05,2.604112460e-05,
7.127614023e-08,-1.831094106e-07,-1.049815230e-07,-3.390411665e-06,-1.482727974e-05,-3.718270156e-05,-5.183515225e-05,-3.773042392e-05,-1.133640993e-05,
1.588475818e-01
l,6.5,-3.5
2.211,3.051,3.891,
2.897525843e-13,1.693628287e+01
1.054630047e-06,-1.301176646e-06,-5.019155215e-07,1.386937945e-05,3.212239361e-05,7.179619265e-05,1.313766245e-04,1.226452520e-04,4.315829849e-05,
1.683898797e-07,-4.339730512e-07,-2.079533799e-07,-7.702398945e-06,-3.360952294e-05,-8.438631718e-05,-1.177346645e-04,-8.566204088e-05,-2.571060852e-05,
1.589097897e-01
l,6.5,-2.5
2.291,3.131,3.971,
1.301483435e-12,1.551706148e+01
2.687404049e-06,-3.051250554e-06,-1.840217193e-06,3.560080638e-05,7.934117976e-05,1.505258806e-04,2.666788232e-04,2.568331907e-04,9.362072498e-05,
4.403695896e-07,-1.137196510e-06,-5.995976383e-07,-2.061641384e-05,-9.011420978e-05,-2.258366460e-04,-3.148860776e-04,-2.288245740e-04,-6.855013987e-05,
1.588477713e-01
l,6.5,-1.5
2.351,3.191,4.051,
3.911227304e-12,1.485174232e+01
7.137380180e-06,-7.060702195e-06,-7.362055633e-06,9.545183484e-05,2.171757911e-04,3.043572109e-04,4.225688021e-04,3.901429572e-04,1.444983044e-04,
1.151851509e-06,-2.980229661e-06,-1.771177152e-06,-5.502311619e-05,-2.362019904e-04,-5.788036013e-04,-7.867796585e-04,-5.556196668e-04,-1.616079496e-04,
1.588789266e-01
l,6.5,-0.5
2.391,3.271,4.151,
1.567178940e-11,1.404188359e+01
1.884806989e-05,-1.935839185e-05,-2.029677611e-05,2.222525902e-04,4.469371711e-04,5.199044607e-04,7.048548885e-04,6.836272441e-04,2.583891390e-04,
2.858355772e-06,-7.412511201e-06,-3.200324322e-06,-1.245704012e-04,-5.219483561e-04,-1.255965074e-03,-1.670015817e-03,-1.150939326e-03,-3.268532172e-04,
1.588480192e-01
l,6.5,0.5
2.411,3.311,4.211,
3.777160449e-11,1.398092462e+01
5.311935820e-05,-4.970717380e-05,-6.925126137e-05,5.934565322e-04,1.147952215e-03,7.849265157e-04,4.316131739e-04,4.374989027e-04,2.076687567e-04,
7.866748006e-06,-2.042750190e-05,-8.563982902e-06,-3.359112870e-04,-1.380742437e-03,-3.253776392e-03,-4.224284917e-03,-2.833773679e-03,-7.826819407e-04,
1.588479421e-01
l,6.5,1.5
2.431,3.351,4.291,
2.665088362e-10,1.285283135e+01
1.523090032e-04,-1.389817931e-04,-2.068880399e-04,1.538148081e-03,3.158680362e-03,3.009789262e-03,2.936481507e-03,2.552779658e-03,9.376948657e-04,
2.054890365e-05,-5.344902898e-05,-1.793331200e-05,-8.301006115e-04,-3.289583080e-03,-7.492766861e-03,-9.330442940e-03,-5.967049330e-03,-1.567410425e-03,
1.588463838e-01
l,6.5,2.5
2.431,3.331,4.251,
1.745883249e-09,1.196430463e+01
4.803111951e-04,-3.450556361e-04,-7.691658812e-04,6.101712160e-03,1.488645799e-02,1.153377298e-02,7.341453738e-04,-3.013923011e-03,-1.012309852e-03,
7.327384770e-05,-1.904130550e-04,-1.086017857e-04,-3.273499596e-03,-1.330659832e-02,-3.062396687e-02,-3.881590795e-02,-2.540361205e-02,-6.841706701e-03,
1.587456380e-01
l,6.5,3.5
2.411,3.391,4.371,
1.164309735e-08,1.120344229e+01
1.422805944e-03,-1.333089287e-03,-2.015044624e-03,1.183643123e-02,2.030302057e-02,7.889929015e-03,-2.616594899e-03,-8.147241112e-04,6.874167517e-04,
1.724192129e-04,-4.491022654e-04,-4.340896813e-05,-5.432986237e-03,-1.923312459e-02,-4.079794931e-02,-4.734383465e-02,-2.822477245e-02,-7.009108035e-03,
1.587494115e-01
l,6.5,4.5
2.391,3.331,4.291,
1.410490218e-07,9.866486974e+00
4.956621211e-03,-3.949735432e-03,-7.153550572e-03,4.862204127e-02,9.477618959e-02,5.509547143e-02,1.413098976e-02,1.675372668e-02,1.042890423e-02,
6.821027963e-04,-1.772315322e-03,-6.777393385e-04,-2.760222655e-02,-1.085089381e-01,-2.429870828e-01,-2.982078987e-01,-1.879831305e-01,-4.854688387e-02,
1.586914676e-01
l,6.5,5.5
2.351,3.331,4.331,
8.347901077e-07,9.546448940e+00
1.702300087e-02,-1.760587422e-02,-2.196708762e-02,1.280963157e-01,7.672958841e-02,-3.521990696e-01,-5.715407778e-01,-3.246814412e-01,-6.393820270e-02,
1.971119959e-03,-5.115384177e-03,-3.753509784e-04,-5.927957310e-02,-2.076841778e-01,-4.359378280e-01,-5.023803996e-01,-3.005398053e-01,-7.538077709e-02,
1.585378775e-01
l,6.5,6.5
2.311,3.031,3.771,
3.124271907e-06,9.966314001e+00
8.206894994e-02,1.820172418e-02,-6.277479610e-02,2.327933954e+00,1.195742007e+01,3.031130370e+01,4.476958747e+01,3.600279411e+01,1.206733962e+01,
2.599259224e-02,-6.358466625e-02,-1.012194172e-01,-1.957692558e+00,-1.037385961e+01,-2.972708153e+01,-4.773300585e+01,-3.973721758e+01,-1.340152037e+01,
1.591437009e-01
l,7.5,-7.5
2.231,3.031,3.831,
8.483151016e-18,2.425534532e+01
1.101804958e-08,-1.660353566e-08,9.068936302e-09,2.141406988e-07,7.765431023e-07,2.407559650e-06,4.278321040e-06,3.701140671e-06,1.236371510e-06,
1.834908262e-09,-4.721526595e-09,-5.262335036e-09,-1.268755660e-07,-6.210623801e-07,-1.682580274e-06,-2.506310415e-06,-1.939206143e-06,-6.128191856e-07,
1.586919710e-01
l,7.5,-6.5
2.351,3.151,3.971,
0.000000000e+00,0.000000000e+00
2.548036981e-08,-3.471881523e-08,3.583683792e-09,4.315865808e-07,1.316014499e-06,3.599625155e-06,6.318647179e-06,5.511345246e-06,1.848524019e-06,
4.118053797e-09,-1.063434004e-08,-9.956885115e-09,-2.634127865e-07,-1.264053936e-06,-3.360670174e-06,-4.896678273e-06,-3.693913847e-06,-1.137614578e-06,
1.588784414e-01
l,7.5,-5.5
2.471,3.271,4.071,
8.038200360e-18,2.329981193e+01
5.909481970e-08,-7.529707589e-08,1.045877530e-08,1.161929571e-06,3.937043334e-06,1.072191157e-05,1.853468174e-05,1.625957040e-05,5.556368644e-06,
1.022405505e-08,-2.646554089e-08,-2.804914868e-08,-7.000083094e-07,-3.429704021e-06,-9.295176781e-06,-1.385867013e-05,-1.070899795e-05,-3.377578661e-06,
1.588474671e-01
l,7.5,-4.5
2.571,3.371,4.191,
1.496229451e-17,2.255698455e+01
1.430864955e-07,-1.682539623e-07,-5.370640057e-08,2.445239544e-06,7.021217074e-06,1.618570005e-05,2.728268257e-05,2.439975389e-05,8.512380622e-06,
2.409474089e-08,-6.254005577e-08,-5.818704647e-08,-1.536849755e-06,-7.372120196e-06,-1.955434033e-05,-2.845540055e-05,-2.141245846e-05,-6.575849063e-06,
1.588786067e-01
l,7.5,-3.5
2.651,3.471,4.311,
2.904530605e-17,2.202317694e+01
3.512207911e-07,-3.905932345e-07,-2.328179196e-07,5.779783765e-06,1.647671068e-05,3.418594119e-05,5.356515038e-05,4.658760675e-05,1.608133452e-05,
5.673680918e-08,-1.476422910e-07,-7.579141559e-08,-2.661761328e-06,-1.157982468e-05,-2.894988639e-05,-4.021223569e-05,-2.909200883e-05,-8.689471759e-06,
1.589096695e-01
l,7.5,-2.5
2.731,3.571,4.411,
4.120137802e-16,1.970339511e+01
8.736610084e-07,-9.731064519e-07,-7.157255786e-07,1.140736006e-05,2.534821598e-05,4.150766299e-05,6.543320973e-05,6.086729631e-05,2.199358929e-05,
1.406326468e-07,-3.666981596e-07,-1.871652294e-07,-6.650401853e-06,-2.895501331e-05,-7.246471966e-05,-1.007351804e-04,-7.284960488e-05,-2.171868202e-05,
1.589270000e-01
l,7.5,-1.5
2.791,3.631,4.491,
2.676177173e-15,1.838116860e+01
2.316365908e-06,-2.308902175e-06,-2.558909866e-06,2.903568235e-05,6.362071712e-05,8.458556155e-05,1.184204779e-04,1.130094716e-04,4.286055691e-05,
3.670095267e-07,-9.584553270e-07,-4.536744879e-07,-1.677673671e-05,-7.161972385e-05,-1.754507648e-04,-2.382946447e-04,-1.678686107e-04,-4.869522109e-05,
1.589099759e-01
l,7.5,-0.5
2.831,3.691,4.571,
9.245056047e-15,1.784241879e+01
6.256368124e-06,-5.833932121e-06,-8.089542231e-06,7.572930627e-05,1.669668065e-04,1.791192267e-04,1.865978932e-04,1.655218302e-04,6.342095554e-05,
9.575861727e-07,-2.504491819e-06,-1.078441918e-06,-4.220053115e-05,-1.764111380e-04,-4.233616717e-04,-5.612987550e-04,-3.848857720e-04,-1.086687068e-04,
1.589100935e-01
l,7.5,0.5
2.851,3.731,4.631,
3.944943689e-14,1.722597021e+01
1.752090975e-05,-1.458230674e-05,-2.581223449e-05,2.066353525e-04,4.956889306e-04,5.406012335e-04,4.817095617e-04,3.680373402e-04,1.331831853e-04,
2.630997520e-06,-6.888608979e-06,-2.819194620e-06,-1.132722489e-04,-4.649844438e-04,-1.094094149e-03,-1.418372765e-03,-9.473906162e-04,-2.600190476e-04,
1.588479421e-01
l,7.5,1.5
2.871,3.771,4.691,
3.087235362e-13,1.617268869e+01
5.035459981e-05,-3.984750338e-05,-8.131661204e-05,5.915376219e-04,1.497652501e-03,1.470489145e-03,7.475436660e-04,2.497104806e-04,6.186754221e-05,
7.231674460e-06,-1.895417861e-05,-7.946318799e-06,-3.076966000e-04,-1.236383379e-03,-2.843779829e-03,-3.583547756e-03,-2.320559900e-03,-6.183512851e-04,
1.588774085e-01
l,7.5,2.5
2.891,3.811,4.731,
1.099616171e-11,1.376730667e+01
1.452670986e-04,-1.253964739e-04,-1.866547971e-04,1.373600845e-03,2.871726103e-03,3.489242873e-03,4.706114732e-03,4.316577042e-03,1.535898137e-03,
2.092079325e-05,-5.486991317e-05,-1.579804115e-05,-8.559046661e-04,-3.467384020e-03,-8.083671424e-03,-1.038154639e-02,-6.841140137e-03,-1.840225387e-03,
1.587283203e-01
l,7.5,3.5
2.871,3.811,4.751,
5.372476753e-11,1.339738878e+01
4.628865863e-04,-3.651903606e-04,-7.498176957e-04,5.521808417e-03,1.352380320e-02,1.071194933e-02,7.907105144e-04,-3.039117303e-03,-1.143731700e-03,
6.388270220e-05,-1.675946203e-04,-7.705091331e-05,-2.731394968e-03,-1.081612671e-02,-2.442719213e-02,-3.016956973e-02,-1.917480733e-02,-5.024860871e-03,
1.588427016e-01
l,7.5,4.5
2.851,3.831,4.811,
5.364787134e-10,1.241505778e+01
1.439630985e-03,-1.264423384e-03,-2.201460595e-03,1.166237558e-02,2.246428336e-02,1.250580839e-02,5.395167954e-04,-4.431331853e-04,4.376474565e-04,
1.753770105e-04,-4.604853665e-04,-1.915037862e-05,-5.391416716e-03,-1.895560556e-02,-4.008616061e-02,-4.630105827e-02,-2.732030778e-02,-6.694780803e-03,
1.587520748e-01
l,7.5,5.5
2.811,3.771,4.731,
8.533857731e-09,1.107996569e+01
5.088008940e-03,-3.920219285e-03,-7.469590129e-03,5.029883737e-02,1.061424526e-01,7.214471680e-02,1.691767703e-02,5.851935525e-03,4.386599883e-03,
6.951525695e-04,-1.821439170e-03,-7.559636053e-04,-2.910494671e-02,-1.143940656e-01,-2.559770484e-01,-3.137587177e-01,-1.972905256e-01,-5.076605286e-02,
1.587228479e-01
l,7.5,6.5
2.751,3.731,4.731,
4.428177259e-08,1.098340624e+01
1.847499050e-02,-1.538891619e-02,-2.909982338e-02,1.612212776e-01,2.759880301e-01,-2.919684120e-02,-3.626796196e-01,-2.920935205e-01,-7.539777044e-02,
2.228800829e-03,-5.826985712e-03,-9.190349995e-04,-7.159346608e-02,-2.510093745e-01,-5.224159967e-01,-5.959884678e-01,-3.501050243e-01,-8.577840579e-02,
1.585689631e-01
l,7.5,7.5
2.691,3.471,4.251,
7.331363327e-07,9.865846031e+00
8.628320694e-02,1.342617063e-02,-9.847363020e-02,1.957169892e+00,9.836878488e+00,2.368842669e+01,3.304110312e+01,2.506709493e+01,7.927317869e+00,
2.435969842e-02,-6.082387679e-02,-8.014788834e-02,-1.675614791e+00,-8.514207740e+00,-2.340168242e+01,-3.583963567e+01,-2.829045452e+01,-9.015058506e+00,
1.591446089e-01
l,8.5,-8.5
2.571,3.371,4.171,
0.000000000e+00,0.000000000e+00
1.476220035e-09,-2.325628070e-09,1.338690097e-09,2.731600537e-08,1.012241646e-07,3.201420417e-07,5.633632689e-07,4.799825999e-07,1.582147999e-07,
2.371363354e-10,-6.152372870e-10,-5.345360622e-10,-1.510625718e-08,-7.363389063e-08,-1.999306234e-07,-2.981674596e-07,-2.308608388e-07,-7.301836090e-08,
1.587854407e-01
l,8.5,-7.5
2.691,3.471,4.251,
0.000000000e+00,0.000000000e+00
3.491702927e-09,-4.732610598e-09,1.396514162e-09,6.982838191e-08,2.397700086e-07,6.968783041e-07,1.249352379e-06,1.117707098e-06,3.877721780e-07,
6.197981936e-10,-1.610829064e-09,-1.761365852e-09,-4.376023948e-08,-2.183011495e-07,-6.037804464e-07,-9.213971103e-07,-7.305979469e-07,-2.367138899e-07,
1.588472043e-01
l,8.5,-6.5
2.811,3.591,4.391,
0.000000000e+00,0.000000000e+00
8.064949597e-09,-1.011704926e-08,-2.480880032e-10,1.581427706e-07,5.051210103e-07,1.306175078e-06,2.267003866e-06,2.035974319e-06,7.140279182e-07,
1.384801747e-09,-3.609426954e-09,-3.689154231e-09,-9.362699469e-08,-4.574903996e-07,-1.238484394e-06,-1.844158116e-06,-1.423638225e-06,-4.490938297e-07,
1.588783165e-01
l,8.5,-5.5
2.931,3.731,4.531,
0.000000000e+00,0.000000000e+00
1.831326912e-08,-2.352561096e-08,-2.881905848e-10,3.471853333e-07,1.118103009e-06,2.874183866e-06,4.896182269e-06,4.317082575e-06,1.490761664e-06,
3.091219343e-09,-8.078884056e-09,-7.806289886e-09,-2.058532583e-07,-1.003567096e-06,-2.716759859e-06,-4.041898318e-06,-3.115584479e-06,-9.812994132e-07,
1.589266957e-01
l,8.5,-4.5
3.011,3.811,4.631,
0.000000000e+00,0.000000000e+00
4.540951082e-08,-4.960673966e-08,-2.048785524e-08,8.378138902e-07,2.671222131e-06,6.175123063e-06,9.897380921e-06,8.556460011e-06,2.941396330e-06,
7.652889477e-09,-2.003725442e-08,-2.023288784e-08,-5.152123231e-07,-2.474604643e-06,-6.566181819e-06,-9.555087156e-06,-7.178543218e-06,-2.198282035e-06,
1.589266976e-01
l,8.5,-3.5
3.111,3.911,4.731,
0.000000000e+00,0.000000000e+00
1.118299977e-07,-1.210844352e-07,-6.787779590e-08,1.936847967e-06,5.768900100e-06,1.244250049e-05,1.981403733e-05,1.743357620e-05,6.101799204e-06,
1.893363629e-08,-4.965960014e-08,-4.605847120e-08,-1.225202318e-06,-5.868959906e-06,-1.554673571e-05,-2.259206114e-05,-1.695163642e-05,-5.187320449e-06,
1.588957897e-01
l,8.5,-2.5
3.171,3.991,4.831,
0.000000000e+00,0.000000000e+00
2.862448980e-07,-2.863773816e-07,-2.602109967e-07,4.744441994e-06,1.398921519e-05,2.628167080e-05,3.673247529e-05,3.002482734e-05,1.005758012e-05,
4.684014124e-08,-1.230583934e-07,-6.758127111e-08,-2.270088479e-06,-9.875447500e-06,-2.464370977e-05,-3.417197901e-05,-2.462562477e-05,-7.316548105e-06,
1.589269626e-01
l,8.5,-1.5
3.231,4.071,4.931,
1.710715315e-19,2.332692353e+01
7.419316717e-07,-7.279909797e-07,-8.812161769e-07,9.462583391e-06,2.269994273e-05,3.236919978e-05,4.244903345e-05,3.738463439e-05,1.356372286e-05,
1.158059665e-07,-3.047314823e-07,-1.320968386e-07,-5.245727022e-06,-2.229314484e-05,-5.455104625e-05,-7.389031812e-05,-5.182176750e-05,-1.496971688e-05,
1.589271304e-01
l,8.5,-0.5
3.271,4.131,4.991,
1.047740480e-18,2.234863728e+01
1.999808092e-06,-1.854307113e-06,-2.456435563e-06,2.539751679e-05,5.998911388e-05,7.379606676e-05,8.002269506e-05,6.532043331e-05,2.327080623e-05,
3.179704180e-07,-8.374814040e-07,-4.232555168e-07,-1.497750972e-05,-6.392422285e-05,-1.564360850e-04,-2.121825791e-04,-1.489997593e-04,-4.303092281e-05,
1.589100935e-01
l,8.5,0.5
3.311,4.191,5.071,
4.502935279e-17,1.986221768e+01
5.488002898e-06,-5.109600595e-06,-7.161473241e-06,6.519438117e-05,1.532810452e-04,1.851201378e-04,1.973161571e-04,1.593607416e-04,5.619901683e-05,
8.281798631e-07,-2.183904866e-06,-8.613740170e-07,-3.637348773e-05,-1.515671573e-04,-3.636174498e-04,-4.814875343e-04,-3.291178521e-04,-9.253435233e-05,
1.589100164e-01
l,8.5,1.5
3.331,4.211,5.091,
6.563294527e-16,1.838832005e+01
1.593954948e-05,-1.289756851e-05,-2.245910062e-05,1.932763360e-04,4.493790438e-04,4.181607327e-04,2.675913782e-04,1.815647987e-04,7.118727702e-05,
2.525475465e-06,-6.661603720e-06,-3.299699254e-06,-1.164852726e-04,-4.893511640e-04,-1.173840262e-03,-1.560225764e-03,-1.071582731e-03,-3.020848534e-04,
1.588460111e-01
l,8.5,2.5
3.331,4.271,5.211,
2.540582407e-15,1.813923630e+01
4.576745050e-05,-3.889025250e-05,-7.165280415e-05,5.366522949e-04,1.580636848e-03,2.177137347e-03,1.860034700e-03,9.596305128e-04,2.251197519e-04,
5.921889429e-06,-1.564725510e-05,-7.204149136e-06,-2.598085096e-04,-1.017832029e-03,-2.288340692e-03,-2.787921550e-03,-1.735606265e-03,-4.449704290e-04,
1.589936647e-01
l,8.5,3.5
3.331,4.231,5.151,
1.302432054e-13,1.576925221e+01
1.444538066e-04,-9.268748168e-05,-2.302811976e-04,1.569258293e-03,3.877291053e-03,3.598816396e-03,1.956207609e-03,1.049847284e-03,3.926298521e-04,
2.227938002e-05,-5.881715847e-05,-2.582094614e-05,-9.761127016e-04,-3.973953618e-03,-9.202379050e-03,-1.177944181e-02,-7.746530375e-03,-2.079478393e-03,
1.587471870e-01
l,8.5,4.5
3.311,4.251,5.211,
1.557988910e-12,1.475816882e+01
4.555064952e-04,-3.037300766e-04,-8.211852823e-04,5.273437360e-03,1.562945180e-02,1.833996451e-02,1.112518516e-02,3.507123150e-03,4.832321457e-04,
6.118299777e-05,-1.616506729e-04,-6.709678826e-05,-2.561266431e-03,-9.931248228e-03,-2.195320278e-02,-2.639779258e-02,-1.621380753e-02,-4.090420942e-03,
1.588453664e-01
l,8.5,5.5
3.271,4.251,5.251,
1.361265017e-11,1.404564162e+01
1.467025955e-03,-1.049564094e-03,-2.619324009e-03,1.150926110e-02,2.847592858e-02,2.585015303e-02,1.208549290e-02,3.729901643e-03,8.421388819e-04,
1.769258698e-04,-4.676424587e-04,-1.457410038e-05,-5.386108688e-03,-1.851752613e-02,-3.822148403e-02,-4.281290534e-02,-2.418610364e-02,-5.626233163e-03,
1.587840519e-01
l,8.5,6.5
3.231,4.191,5.171,
4.295724606e-10,1.233098454e+01
5.240051076e-03,-3.359864609e-03,-8.934864869e-03,4.971703312e-02,1.253562046e-01,1.139808535e-01,4.962936504e-02,1.379683796e-02,3.549892692e-03,
7.020446468e-04,-1.852264192e-03,-2.327496222e-04,-2.268811894e-02,-8.106794576e-02,-1.715660150e-01,-2.004871979e-01,-1.197159595e-01,-2.943660767e-02,
1.586919747e-01
l,8.5,7.5
3.151,4.151,5.171,
2.023334128e-09,1.236487234e+01
1.934557967e-02,-1.419464367e-02,-3.433767874e-02,1.663125836e-01,3.602772957e-01,1.449013909e-01,-2.126392063e-01,-2.374706183e-01,-7.015069587e-02,
2.252564882e-03,-5.931064058e-03,-2.843944933e-04,-6.715952361e-02,-2.280577906e-01,-4.630464370e-01,-5.113116376e-01,-2.878839588e-01,-6.758178449e-02,
1.586308754e-01
l,8.5,8.5
3.091,3.891,4.711,
7.282088983e-08,1.071552649e+01
8.918067813e-02,2.219844117e-02,-1.050159357e-01,1.834158133e+00,9.460622403e+00,2.275907864e+01,3.121058167e+01,2.308327244e+01,7.091444803e+00,
2.367997020e-02,-5.996738935e-02,-7.862810247e-02,-1.630279643e+00,-8.001557435e+00,-2.117464536e+01,-3.105813320e+01,-2.336442188e+01,-7.068127014e+00,
1.591445758e-01
