l,0.5,-0.5
0.151,1.031,1.931,
4.828266478e-02,2.086591387e+00
3.939996939e-03,-5.464668225e-03,3.842921783e-03,3.945803279e-02,1.275481658e-01,3.198948770e-01,4.243085992e-01,3.018352706e-01,9.657051660e-02,
6.514799840e-04,-1.554562735e-03,-1.013746060e-03,-2.685941467e-02,-1.139816792e-01,-2.710859817e-01,-3.575853373e-01,-2.458813409e-01,-6.906199386e-02,
1.587547488e-01
l,0.5,0.5
0.171,0.371,0.611,
6.027570079e-01,2.720947007e+00
1.883300953e-02,7.482107342e-02,3.477679100e+00,1.495830328e+02,2.921007913e+03,2.990630891e+04,1.652774892e+05,4.673421340e+05,5.309562958e+05,
2.172065120e-02,-1.354288617e-02,-2.391892751e+00,-1.164178065e+02,-2.363941813e+03,-2.361133683e+04,-1.235512972e+05,-3.258167373e+05,-3.423132428e+05,
1.591437358e-01
l,1.5,-1.5
0.351,1.271,2.191,
8.799987237e-03,3.555324325e+00
8.406019188e-04,-1.322242883e-03,9.348924559e-04,6.448554686e-03,1.439992622e-02,2.798577197e-02,1.299497231e-02,-1.275556429e-02,-8.730185068e-03,
1.197205158e-04,-2.936549516e-04,-1.698079355e-04,-4.967953194e-03,-2.057652569e-02,-4.819446432e-02,-6.232443062e-02,-4.200456793e-02,-1.157131890e-02,
1.585387941e-01
l,1.5,-0.5
0.391,1.171,1.951,
1.955870612e-02,3.850541136e+00
2.973506926e-03,-3.861232664e-03,2.127861939e-03,5.450831931e-02,2.108758912e-01,6.396758740e-01,1.024026092e+00,7.653678040e-01,2.158497225e-01,
6.217586652e-04,-1.487159411e-03,-1.591372327e-03,-3.604038344e-02,-1.772131137e-01,-4.824419461e-01,-7.294946429e-01,-5.752960981e-01,-1.854522538e-01,
1.589272709e-01
l,1.5,0.5
0.411,1.331,2.271,
4.881595684e-02,3.911462212e+00
6.039701868e-03,-9.435340279e-03,6.303524131e-03,4.377954792e-02,8.395389635e-02,1.301567860e-01,-5.524311116e-02,-2.480623655e-01,-1.241219922e-01,
8.238546976e-04,-2.029364298e-03,-1.219057555e-03,-3.442741182e-02,-1.404667757e-01,-3.233210899e-01,-4.099680743e-01,-2.705712548e-01,-7.293944965e-02,
1.584460094e-01
l,1.5,1.5
0.411,0.751,1.111,
3.802418130e-01,4.584997091e+00
3.487613052e-02,5.559996757e-02,1.038064267e+00,2.834147454e+01,3.096364181e+02,1.835861897e+03,6.056243124e+03,1.039454304e+04,7.233729469e+03,
2.879634206e-02,-4.423630809e-02,-8.431759318e-01,-2.276706141e+01,-2.718890097e+02,-1.684120843e+03,-5.674028181e+03,-9.852771514e+03,-6.909517540e+03,
1.591437272e-01
l,2.5,-2.5
0.571,1.471,2.391,
1.285950569e-03,6.264353857e+00
1.854665024e-04,-2.971644180e-04,1.940750264e-04,1.830756637e-03,5.171008087e-03,1.365132378e-02,1.509160961e-02,4.949858273e-03,-5.147591319e-04,
2.517363795e-05,-6.272828845e-05,-3.460304439e-05,-1.062071244e-03,-4.377606109e-03,-1.025307993e-02,-1.324096994e-02,-8.917422034e-03,-2.459975531e-03,
1.584149658e-01
l,2.5,-1.5
0.651,1.451,2.251,
9.751221082e-04,5.380871773e+00
5.480750115e-04,-7.178162160e-04,5.001720382e-04,1.224989175e-02,4.835419661e-02,1.477893616e-01,2.517905195e-01,2.074334695e-01,6.583119938e-02,
1.035195467e-04,-2.551926171e-04,-3.454167483e-04,-7.336161251e-03,-3.636108336e-02,-9.864553846e-02,-1.473985761e-01,-1.143442797e-01,-3.615258867e-02,
1.588790301e-01
l,2.5,-0.5
0.691,1.611,2.531,
1.822397280e-03,5.634195731e+00
1.127009047e-03,-1.812997210e-03,1.186604927e-03,1.436501490e-02,5.190758862e-02,1.642348600e-01,2.524969692e-01,1.747542570e-01,4.492208495e-02,
1.488724992e-04,-3.742760972e-04,-2.065241098e-04,-6.427100861e-03,-2.647085048e-02,-6.208764168e-02,-8.026055076e-02,-5.413051198e-02,-1.497124207e-02,
1.583841167e-01
l,2.5,0.5
0.731,1.551,2.371,
3.434834895e-03,5.051843320e+00
3.622025950e-03,-4.797861520e-03,2.437652011e-03,7.125414546e-02,2.681795633e-01,8.186535284e-01,1.405319201e+00,1.160128084e+00,3.670570779e-01,
6.450757700e-04,-1.602049821e-03,-1.833239718e-03,-4.203325257e-02,-2.040692547e-01,-5.428793162e-01,-7.931183312e-01,-6.004554082e-01,-1.851840976e-01,
1.588790668e-01
l,2.5,1.5
0.711,1.651,2.611,
1.305453589e-02,5.681118811e+00
8.358570747e-03,-1.344446622e-02,8.532363087e-03,8.733094811e-02,2.913574651e-01,8.693661077e-01,1.199610627e+00,7.088758243e-01,1.452659079e-01,
1.019059719e-03,-2.568111424e-03,-1.215301872e-03,-4.124447726e-02,-1.644571740e-01,-3.730435214e-01,-4.643569652e-01,-3.007443029e-01,-7.970618557e-02,
1.582290674e-01
l,2.5,2.5
0.711,1.111,1.551,
6.491001504e-02,5.774822163e+00
4.813912138e-02,6.012003320e-02,6.134787527e-01,1.510050517e+01,1.298754442e+02,6.185117138e+02,1.692836180e+03,2.464585591e+03,1.474164065e+03,
3.343946906e-02,-6.257334584e-02,-5.646237221e-01,-1.154464468e+01,-1.049121605e+02,-5.076089625e+02,-1.367326704e+03,-1.925767198e+03,-1.105351809e+03,
1.591437515e-01
l,3.5,-3.5
0.831,1.711,2.611,
4.216708366e-05,9.303637327e+00
3.701823880e-05,-6.083992637e-05,4.020460599e-05,4.534342757e-04,1.575516505e-03,4.908265314e-03,7.196349874e-03,4.577798805e-03,1.026271535e-03,
5.000081974e-06,-1.263632114e-05,-5.919158335e-06,-2.110017813e-04,-8.785598109e-04,-2.096207847e-03,-2.761478074e-03,-1.900272520e-03,-5.368092592e-04,
1.584148371e-01
l,3.5,-2.5
0.931,1.731,2.551,
3.166252140e-05,7.762820847e+00
9.870925714e-05,-1.347803751e-04,4.556011820e-05,1.836712285e-03,6.587312487e-03,2.098629563e-02,3.827824456e-02,3.329212020e-02,1.102065262e-02,
1.690957197e-05,-4.258047429e-05,-4.128861521e-05,-1.045979445e-03,-5.051075628e-03,-1.343688548e-02,-1.961940691e-02,-1.484780381e-02,-4.583207830e-03,
1.588789633e-01
l,3.5,-1.5
0.991,1.871,2.751,
4.205229477e-05,7.157019079e+00
2.092310024e-04,-3.236803509e-04,1.330744258e-04,2.998978508e-03,1.021964657e-02,3.457263197e-02,6.205646119e-02,5.118873456e-02,1.585702588e-02,
2.946214923e-05,-7.502689994e-05,-3.807941263e-05,-1.305514762e-03,-5.531659339e-03,-1.344067395e-02,-1.806743063e-02,-1.270181378e-02,-3.677435371e-03,
1.585077749e-01
l,3.5,-0.5
1.051,1.871,2.711,
7.716732032e-05,6.746995512e+00
5.772783188e-04,-7.390205740e-04,-5.453869817e-06,9.722479495e-03,3.079982542e-02,9.065987421e-02,1.675266467e-01,1.497439113e-01,5.075343310e-02,
9.472935120e-05,-2.406831467e-04,-1.394966352e-04,-4.424775207e-03,-1.946686828e-02,-4.894133913e-02,-6.849468684e-02,-5.012222913e-02,-1.512116225e-02,
1.588480420e-01
l,3.5,0.5
1.071,1.971,2.891,
1.797213302e-04,6.247687368e+00
1.351002953e-03,-2.047508886e-03,5.254391090e-04,1.661126111e-02,4.869096342e-02,1.635199754e-01,3.010402927e-01,2.511863469e-01,7.789997592e-02,
1.729043112e-04,-4.431975268e-04,-2.022651048e-04,-7.365722744e-03,-3.012454532e-02,-7.067959217e-02,-9.127201258e-02,-6.147884098e-02,-1.704763540e-02,
1.584150421e-01
l,3.5,1.5
1.071,1.931,2.791,
5.194527831e-04,5.907120941e+00
4.171002191e-03,-5.486244178e-03,-3.499395562e-04,5.601850467e-02,1.549976048e-01,4.669863031e-01,8.871915511e-01,7.895585019e-01,2.622111179e-01,
6.481814427e-04,-1.651373646e-03,-7.871912038e-04,-2.848166784e-02,-1.226688002e-01,-3.027435885e-01,-4.148295063e-01,-2.967184244e-01,-8.742519847e-02,
1.588167354e-01
l,3.5,2.5
1.031,1.971,2.931,
1.805782299e-03,6.244215023e+00
1.096872985e-02,-1.697209531e-02,6.739220243e-03,1.266165621e-01,4.116028035e-01,1.366455677e+00,2.310835306e+00,1.765133572e+00,5.027100284e-01,
1.304977769e-03,-3.341887082e-03,-1.353391693e-03,-5.226206136e-02,-2.073628737e-01,-4.703308459e-01,-5.849454784e-01,-3.787365679e-01,-1.006908053e-01,
1.580968571e-01
l,3.5,3.5
1.011,1.491,1.991,
9.245807805e-03,7.098854386e+00
6.042325124e-02,5.651179810e-02,5.196395880e-01,1.287008210e+01,9.884458059e+01,4.081920781e+02,9.529201705e+02,1.171377739e+03,5.877098798e+02,
3.551070970e-02,-7.392739693e-02,-5.206809825e-01,-1.042714527e+01,-8.689736910e+01,-3.796628252e+02,-9.124586575e+02,-1.136403389e+03,-5.733470070e+02,
1.591437033e-01
l,4.5,-4.5
1.111,1.951,2.811,
3.944383770e-07,1.242274765e+01
7.175896826e-06,-1.171590330e-05,7.115945186e-06,1.010868996e-04,3.510669602e-04,1.170795361e-03,1.960520221e-03,1.488226762e-03,4.220806031e-04,
1.037955024e-06,-2.651457079e-06,-1.363899934e-06,-4.687238771e-05,-2.021226521e-04,-5.006671539e-04,-6.877705796e-04,-4.949847687e-04,-1.466529198e-04,
1.584456626e-01
l,4.5,-3.5
1.231,2.031,2.831,
3.864940669e-07,1.066864554e+01
1.689235978e-05,-2.472767159e-05,1.162566787e-05,3.234782809e-04,1.155414544e-03,3.659044501e-03,6.594402466e-03,5.677069479e-03,1.863702039e-03,
2.866870837e-06,-7.330595554e-06,-7.046636467e-06,-1.842446031e-04,-9.030051315e-04,-2.452564869e-03,-3.663207869e-03,-2.841250688e-03,-9.001101770e-04,
1.589098835e-01
l,4.5,-2.5
1.311,2.131,2.971,
4.873280670e-07,1.011144880e+01
3.759035098e-05,-5.391158829e-05,1.198844218e-05,6.308763004e-04,2.056823303e-03,6.452902447e-03,1.193482666e-02,1.047249723e-02,3.474842942e-03,
5.790754983e-06,-1.490326197e-05,-8.129489426e-06,-2.746898778e-04,-1.205551565e-03,-3.039376366e-03,-4.259868756e-03,-3.125628804e-03,-9.462236710e-04,
1.586005468e-01
l,4.5,-1.5
1.371,2.171,2.991,
8.799117299e-07,9.396902342e+00
9.424138989e-05,-1.144753045e-04,-1.177349360e-05,1.777450027e-03,5.521226261e-03,1.492802125e-02,2.736176216e-02,2.520544866e-02,8.894198203e-03,
1.596608479e-05,-4.112574200e-05,-4.255182838e-05,-1.053716662e-03,-5.078906506e-03,-1.349441593e-02,-1.967488215e-02,-1.485039779e-02,-4.574773100e-03,
1.588479625e-01
l,4.5,-0.5
1.411,2.271,3.131,
2.218204915e-06,8.463949375e+00
2.187276987e-04,-3.016245927e-04,-3.738088238e-05,2.765573225e-03,5.958080595e-03,1.708266524e-02,3.569665020e-02,3.413874141e-02,1.190644042e-02,
3.218014382e-05,-8.336837841e-05,-4.068785755e-05,-1.473046587e-03,-6.322980351e-03,-1.561604136e-02,-2.138092487e-02,-1.529992178e-02,-4.520883527e-03,
1.586007663e-01
l,4.5,0.5
1.431,2.271,3.131,
5.863165527e-06,8.000331281e+00
6.022254820e-04,-7.008157849e-04,-4.332085573e-04,7.819174309e-03,1.574446097e-02,3.221313377e-02,6.625811290e-02,6.816551786e-02,2.551345241e-02,
9.340517750e-05,-2.419492673e-04,-1.255312918e-04,-4.311911591e-03,-1.851785233e-02,-4.556834473e-02,-6.222116153e-02,-4.428650424e-02,-1.300743694e-02,
1.588480148e-01
l,4.5,1.5
1.431,2.331,3.251,
1.915854569e-05,7.448972742e+00
1.542138052e-03,-2.076506237e-03,-6.020787716e-04,1.667573159e-02,2.799200422e-02,6.827197637e-02,1.502346681e-01,1.471984738e-01,5.115811232e-02,
1.977009525e-04,-5.143266089e-04,-2.220432941e-04,-8.497422163e-03,-3.453639727e-02,-8.075595231e-02,-1.038086019e-01,-6.947835082e-02,-1.920071122e-02,
1.584454063e-01
l,4.5,2.5
1.411,2.291,3.171,
7.250980371e-05,6.966484594e+00
4.748759791e-03,-5.617383175e-03,-2.740029347e-03,5.648840609e-02,1.165125853e-01,2.666750658e-01,5.312834313e-01,5.096526009e-01,1.783379681e-01,
7.061917014e-04,-1.829610685e-03,-8.718930236e-04,-3.176080299e-02,-1.342282115e-01,-3.248127515e-01,-4.353261468e-01,-3.035022675e-01,-8.709159044e-02,
1.587759603e-01
l,4.5,3.5
1.371,2.311,3.271,
3.043444106e-04,6.750127122e+00
1.341066975e-02,-1.963977711e-02,1.600543643e-03,1.411573401e-01,3.207398698e-01,1.023297696e+00,1.965950344e+00,1.677172004e+00,5.224368814e-01,
1.569601404e-03,-4.074224825e-03,-1.925053779e-03,-6.661666309e-02,-2.637695811e-01,-5.973823049e-01,-7.411773126e-01,-4.785879352e-01,-1.272031559e-01,
1.581641063e-01
l,4.5,4.5
1.351,1.871,2.431,
1.105460439e-03,8.122508020e+00
7.122372091e-02,4.874060439e-02,2.860662719e-01,9.346132839e+00,6.873664814e+01,2.658610728e+02,5.780122287e+02,6.592991206e+02,3.061066840e+02,
3.570161073e-02,-7.962665658e-02,-2.905797318e-01,-5.265115902e+00,-3.692443250e+01,-1.385841564e+02,-2.920478161e+02,-3.222461218e+02,-1.449559636e+02,
1.591437221e-01
l,5.5,-5.5
1.411,2.231,3.051,
1.157644471e-09,1.611861038e+01
1.265811989e-06,-2.124592984e-06,1.631676300e-06,2.126101691e-05,7.929565892e-05,2.559623640e-04,4.201061181e-04,3.179905079e-04,9.057451538e-05,
1.934270514e-07,-4.995235125e-07,-4.738351613e-07,-1.248857151e-05,-6.007390114e-05,-1.602274423e-04,-2.342153933e-04,-1.776804612e-04,-5.496935682e-05,
1.585383603e-01
l,5.5,-4.5
1.531,2.291,3.071,
1.729458649e-09,1.384430596e+01
3.002437097e-06,-4.187559617e-06,1.553584561e-06,6.269520811e-05,2.257525560e-04,7.171485413e-04,1.353970599e-03,1.244744304e-03,4.399914264e-04,
5.334366380e-07,-1.378732596e-06,-1.454163738e-06,-3.673112745e-05,-1.835650604e-04,-5.085835081e-04,-7.773090935e-04,-6.176139341e-04,-2.005704746e-04,
1.588476942e-01
l,5.5,-3.5
1.611,2.411,3.211,
1.168805343e-09,1.443790095e+01
6.421929811e-06,-8.980236125e-06,2.044841951e-06,1.245279687e-04,4.083868702e-04,1.235391908e-03,2.327328653e-03,2.137419915e-03,7.490988319e-04,
1.074562054e-06,-2.792590548e-06,-2.693853062e-06,-7.085410310e-05,-3.464716088e-04,-9.398533232e-04,-1.401773628e-03,-1.085247552e-03,-3.434578573e-04,
1.586925159e-01
l,5.5,-2.5
1.691,2.491,3.291,
2.252557067e-09,1.346975034e+01
1.488496036e-05,-1.908817477e-05,-6.926590548e-07,2.846224375e-04,8.651107081e-04,2.301550532e-03,4.188232793e-03,3.848541256e-03,1.357077485e-03,
2.532561283e-06,-6.600816761e-06,-6.665330355e-06,-1.709478423e-04,-8.358984458e-04,-2.265043908e-03,-3.374740141e-03,-2.607324085e-03,-8.233841287e-04,
1.589099509e-01
l,5.5,-1.5
1.751,2.571,3.391,
7.465241250e-09,1.203104409e+01
3.484266927e-05,-4.410372905e-05,-6.002835832e-06,6.226723213e-04,1.803155457e-03,4.603395278e-03,8.309179564e-03,7.614275363e-03,2.671824725e-03,
5.648092425e-06,-1.477159279e-05,-1.446552323e-05,-3.753247199e-04,-1.803308381e-03,-4.793631534e-03,-6.985651419e-03,-5.268300028e-03,-1.622367695e-03,
1.587546410e-01
l,5.5,-0.5
1.791,2.611,3.431,
2.130079076e-08,1.129403766e+01
8.818859351e-05,-1.001768206e-04,-4.087335879e-05,1.608743218e-03,4.569283159e-03,1.007843307e-02,1.685068951e-02,1.515352211e-02,5.307712705e-03,
1.475185433e-05,-3.863088744e-05,-4.004773692e-05,-9.998249873e-04,-4.805149827e-03,-1.274617369e-02,-1.854432633e-02,-1.394996869e-02,-4.283027799e-03,
1.588480420e-01
l,5.5,0.5
1.811,2.671,3.531,
8.182540430e-08,1.035912118e+01
2.209311060e-04,-2.672868365e-04,-1.645832699e-04,2.681818326e-03,4.439862969e-03,6.878852359e-03,1.493692248e-02,1.642081697e-02,6.325735114e-03,
3.285901046e-05,-8.631656010e-05,-4.137004836e-05,-1.532158374e-03,-6.552468172e-03,-1.613163537e-02,-2.200636698e-02,-1.564355723e-02,-4.593236378e-03,
1.586927672e-01
l,5.5,1.5
1.811,2.671,3.531,
3.117661001e-07,9.707846156e+00
6.147864042e-04,-6.605277592e-04,-6.404769492e-04,7.484671202e-03,1.167250673e-02,8.399960765e-03,1.637313412e-02,2.278660742e-02,1.009853480e-02,
9.528387698e-05,-2.502681056e-04,-1.258107168e-04,-4.445548670e-03,-1.902751997e-02,-4.670961719e-02,-6.362602753e-02,-4.511283512e-02,-1.320294532e-02,
1.587853874e-01
l,5.5,2.5
1.791,2.711,3.651,
1.343716701e-06,9.116965464e+00
1.659397036e-03,-2.027339685e-03,-1.446612038e-03,1.716647520e-02,2.268261013e-02,1.724380713e-02,3.979044149e-02,4.991770949e-02,1.982516551e-02,
2.011289597e-04,-5.300441279e-04,-2.248222747e-04,-8.712211985e-03,-3.459966700e-02,-7.920553212e-02,-9.913029675e-02,-6.434206021e-02,-1.727538374e-02,
1.586126171e-01
l,5.5,3.5
1.771,2.651,3.531,
8.692429088e-06,8.058662465e+00
5.267648958e-03,-5.545830590e-03,-4.925338629e-03,6.114138775e-02,1.089766092e-01,1.515438313e-01,2.935053493e-01,3.150256182e-01,1.202947836e-01,
7.989658012e-04,-2.095605321e-03,-1.007845063e-03,-3.637271979e-02,-1.534301431e-01,-3.700841899e-01,-4.949020700e-01,-3.438102672e-01,-9.828917238e-02,
1.586884868e-01
l,5.5,4.5
1.711,2.671,3.631,
4.623618378e-05,7.638106104e+00
1.541684009e-02,-2.162692392e-02,-3.783814923e-03,1.443447476e-01,1.905909102e-01,4.556147621e-01,1.063419401e+00,1.028255130e+00,3.433785291e-01,
1.771562120e-03,-4.651893908e-03,-2.132618040e-03,-7.643110718e-02,-3.014005375e-01,-6.819227361e-01,-8.442462654e-01,-5.435064924e-01,-1.442776398e-01,
1.581968515e-01
l,5.5,5.5
1.671,2.251,2.851,
1.234470529e-04,9.078959736e+00
8.074056357e-02,4.621972100e-02,1.379976163e-01,6.102074803e+00,3.815536605e+01,1.248531444e+02,2.355503352e+02,2.381982879e+02,9.936882482e+01,
3.623441296e-02,-8.432049866e-02,-2.737942782e-01,-5.007626945e+00,-3.337932515e+01,-1.184692701e+02,-2.347251537e+02,-2.422981589e+02,-1.016207575e+02,
1.591437497e-01
l,6.5,-6.5
1.711,2.491,3.271,
1.573486220e-12,1.945753871e+01
2.266135937e-07,-3.767161049e-07,3.050868610e-07,4.616830472e-06,1.847121199e-05,6.195963277e-05,1.098202247e-04,9.254832394e-05,3.004195655e-05,
3.773164435e-08,-9.827342083e-08,-1.045859472e-07,-2.647955654e-06,-1.320920452e-05,-3.661940354e-05,-5.593804643e-05,-4.448196283e-05,-1.445341991e-05,
1.586001345e-01
l,6.5,-5.5
1.831,2.591,3.351,
7.413791116e-13,1.957960915e+01
4.966814231e-07,-7.336240120e-07,3.474653117e-07,1.049745452e-05,3.622215054e-05,1.117321205e-04,2.063670270e-04,1.861268500e-04,6.462978424e-05,
8.892186661e-08,-2.322491658e-07,-2.537573792e-07,-6.397909807e-06,-3.243434553e-05,-9.155165062e-05,-1.428711058e-04,-1.161609117e-04,-3.866723655e-05,
1.588785954e-01
l,6.5,-4.5
1.931,2.711,3.491,
6.899983196e-13,1.911643522e+01
1.047700039e-06,-1.500564532e-06,3.907105980e-07,2.133757085e-05,7.561008099e-05,2.356999865e-04,4.435126756e-04,4.086108879e-04,1.447317907e-04,
1.785777597e-07,-4.685525351e-07,-4.447242818e-07,-1.208176448e-05,-5.994569721e-05,-1.656780320e-04,-2.523093193e-04,-1.996734356e-04,-6.465317269e-05,
1.588165493e-01
l,6.5,-3.5
2.011,2.791,3.571,
5.681803985e-13,1.928088883e+01
2.384969093e-06,-3.054601621e-06,-5.421476616e-08,4.934185918e-05,1.642967553e-04,4.609337599e-04,8.485289072e-04,7.882056229e-04,2.825494251e-04,
4.197293467e-07,-1.103979364e-06,-1.072923880e-06,-2.865664086e-05,-1.423678154e-04,-3.932676846e-04,-5.991547952e-04,-4.739504810e-04,-1.533488976e-04,
1.589098239e-01
l,6.5,-2.5
2.091,2.871,3.671,
3.545102592e-12,1.700453191e+01
5.507939022e-06,-6.657781463e-06,-2.172221095e-06,1.034011666e-04,2.966207741e-04,7.117361408e-04,1.284242489e-03,1.218400430e-03,4.465868328e-04,
9.342829886e-07,-2.464491828e-06,-2.255182947e-06,-6.152942212e-05,-2.998060339e-04,-8.113100652e-04,-1.207144717e-03,-9.305472532e-04,-2.933226438e-04,
1.588167780e-01
l,6.5,-1.5
2.151,2.951,3.751,
2.324404475e-11,1.509659817e+01
1.297119979e-05,-1.553650117e-05,-5.169157695e-06,2.441561778e-04,7.085051891e-04,1.639530349e-03,2.835515243e-03,2.614649477e-03,9.382697690e-04,
2.193524629e-06,-5.798904143e-06,-5.572992964e-06,-1.480266845e-04,-7.214215917e-04,-1.951813605e-03,-2.902719700e-03,-2.235878574e-03,-7.040951370e-04,
1.589100084e-01
l,6.5,-0.5
2.171,2.991,3.831,
2.648519503e-11,1.571332694e+01
3.257023855e-05,-3.488428633e-05,-3.057859051e-05,5.277142809e-04,1.373659087e-03,2.516450365e-03,3.951214704e-03,3.604010527e-03,1.294599058e-03,
5.141599215e-06,-1.362112438e-05,-6.437806702e-06,-2.443688350e-04,-1.060689186e-03,-2.653206452e-03,-3.685728043e-03,-2.664317635e-03,-7.957621159e-04,
1.588169267e-01
l,6.5,0.5
2.211,3.031,3.871,
5.154241794e-10,1.293516153e+01
8.373294258e-05,-8.523569814e-05,-8.175443816e-05,1.405141248e-03,3.902489284e-03,7.218269286e-03,1.086809409e-02,9.642465967e-03,3.435780253e-03,
1.340839759e-05,-3.555717128e-05,-2.019858058e-05,-6.691864767e-04,-2.913201037e-03,-7.277624286e-03,-1.009927765e-02,-7.288714313e-03,-2.170778981e-03,
1.588790263e-01
l,6.5,1.5
2.211,3.071,3.951,
2.031522201e-09,1.236553434e+01
2.188323997e-04,-2.331956311e-04,-2.608162664e-04,2.497447304e-03,4.205384724e-03,3.684427220e-03,6.399828814e-03,7.932483099e-03,3.351186869e-03,
3.139560555e-05,-8.341833770e-05,-2.936047369e-05,-1.376379358e-03,-5.734022864e-03,-1.381553207e-02,-1.837079395e-02,-1.265538178e-02,-3.597826929e-03,
1.587228831e-01
l,6.5,2.5
2.211,3.051,3.911,
1.586621005e-08,1.111827551e+01
6.342072738e-04,-5.704789998e-04,-8.679662877e-04,8.956737330e-03,1.844610806e-02,1.141208027e-02,2.481869502e-03,3.578226309e-03,2.776383868e-03,
1.012130564e-04,-2.686285138e-04,-1.775604926e-04,-5.124996234e-03,-2.196091298e-02,-5.361859115e-02,-7.264828794e-02,-5.118229693e-02,-1.488530647e-02,
1.587666838e-01
l,6.5,3.5
2.171,3.111,4.051,
8.652243422e-08,1.048633759e+01
1.698623993e-03,-2.031935520e-03,-1.628211034e-03,1.682979347e-02,2.534448445e-02,2.293893895e-02,3.946971943e-02,4.296001710e-02,1.604238693e-02,
2.019208077e-04,-5.376112613e-04,-1.646914800e-04,-8.425822693e-03,-3.319242755e-02,-7.591221810e-02,-9.468778692e-02,-6.102745248e-02,-1.625985950e-02,
1.585924083e-01
l,6.5,4.5
2.131,3.031,3.931,
7.624305358e-07,9.373432554e+00
5.623802077e-03,-5.694053761e-03,-6.712616666e-03,5.897796770e-02,8.235369389e-02,1.710579356e-02,3.159464029e-02,8.720984669e-02,4.550940914e-02,
8.048447625e-04,-2.134536245e-03,-7.952775971e-04,-3.464366274e-02,-1.425079816e-01,-3.369442004e-01,-4.400419120e-01,-2.977070410e-01,-8.296082833e-02,
1.586602283e-01
l,6.5,5.5
2.071,3.031,4.011,
5.215248686e-06,8.824154582e+00
1.730871014e-02,-2.292333610e-02,-1.136096959e-02,1.454402729e-01,9.863372282e-02,-4.767627418e-04,2.953857761e-01,4.606107775e-01,1.854664964e-01,
1.878315095e-03,-4.981909250e-03,-3.661512183e-04,-5.986257642e-02,-2.136843231e-01,-4.608967974e-01,-5.477093674e-01,-3.410907068e-01,-8.919801691e-02,
1.582900336e-01
l,6.5,6.5
2.011,2.631,3.271,
1.222504010e-05,1.010536585e+01
8.908902109e-02,4.336005763e-02,8.505734228e-02,5.474027326e+00,3.306109901e+01,1.024994513e+02,1.818416128e+02,1.722689335e+02,6.719059953e+01,
3.591094409e-02,-8.632169787e-02,-2.434569510e-01,-4.550394436e+00,-2.896342018e+01,-9.766084970e+01,-1.827413667e+02,-1.772269467e+02,-6.959187771e+01,
1.591437503e-01
l,7.5,-7.5
2.011,2.771,3.551,
0.000000000e+00,0.000000000e+00
3.858447073e-08,-6.441549822e-08,4.583481537e-08,7.428997912e-07,2.769540162e-06,9.157364713e-06,1.622682398e-05,1.364754909e-05,4.412069839e-06,
6.258760021e-09,-1.645204041e-08,-1.505065907e-08,-4.193425143e-07,-2.077635039e-06,-5.752910003e-06,-8.775419506e-06,-6.969155737e-06,-2.264252141e-06,
1.586609297e-01
l,7.5,-6.5
2.131,2.871,3.631,
0.000000000e+00,0.000000000e+00
8.318703948e-08,-1.219113899e-07,4.273307441e-08,1.733299541e-06,6.309305045e-06,2.053439051e-05,3.915287274e-05,3.622592984e-05,1.288375611e-05,
1.471655821e-08,-3.877587474e-08,-3.575404954e-08,-1.003449279e-06,-5.077288774e-06,-1.435369399e-05,-2.243406119e-05,-1.825646947e-05,-6.082584350e-06,
1.588784342e-01
l,7.5,-5.5
2.251,2.991,3.751,
8.927861253e-17,2.435547086e+01
1.740454962e-07,-2.434596043e-07,6.435788603e-08,3.932145073e-06,1.453059502e-05,4.640936514e-05,9.058605130e-05,8.752593522e-05,3.269389009e-05,
3.106944498e-08,-8.213696370e-08,-7.737806355e-08,-2.137545056e-06,-1.081477646e-05,-3.055787380e-05,-4.775293662e-05,-3.885500893e-05,-1.295082000e-05,
1.588474298e-01
l,7.5,-4.5
2.351,3.091,3.851,
1.529944731e-16,2.340629315e+01
3.808285101e-07,-4.904544810e-07,-7.565850163e-09,8.321356711e-06,2.737811859e-05,7.504676187e-05,1.388904296e-04,1.320465200e-04,4.881104035e-05,
6.914263864e-08,-1.832680849e-07,-2.028706945e-07,-5.107202092e-06,-2.588327039e-05,-7.300588045e-05,-1.138412446e-04,-9.233020332e-05,-3.066122623e-05,
1.589268149e-01
l,7.5,-3.5
2.431,3.191,3.971,
4.370559825e-16,2.221429372e+01
8.427794000e-07,-1.055693735e-06,-2.193950841e-07,1.666715224e-05,5.054851907e-05,1.259396614e-04,2.239286136e-04,2.086062829e-04,7.572502012e-05,
1.457192031e-07,-3.873838022e-07,-3.698941277e-07,-1.005159602e-05,-4.980233682e-05,-1.374792747e-04,-2.091285717e-04,-1.650328768e-04,-5.329229723e-05,
1.589097346e-01
l,7.5,-2.5
2.491,3.271,4.051,
7.400069699e-16,2.187182311e+01
1.948488944e-06,-2.334334077e-06,-6.960178318e-07,3.835996408e-05,1.169568008e-04,2.832426340e-04,4.946283394e-04,4.568965293e-04,1.646247910e-04,
3.414078229e-07,-9.093051938e-07,-8.608802250e-07,-2.350911053e-05,-1.165430922e-04,-3.216816933e-04,-4.896090160e-04,-3.864393334e-04,-1.247476058e-04,
1.589270439e-01
l,7.5,-1.5
2.551,3.331,4.131,
1.707226613e-14,1.895281065e+01
4.704727871e-06,-5.250825947e-06,-3.158668304e-06,8.897628587e-05,2.606083567e-04,5.644447194e-04,9.455129962e-04,8.792572229e-04,3.228598094e-04,
7.992488374e-07,-2.132537612e-06,-1.929262652e-06,-5.330587276e-05,-2.591915643e-04,-7.003506858e-04,-1.040335221e-03,-7.995047174e-04,-2.511449638e-04,
1.588789166e-01
l,7.5,-0.5
2.571,3.391,4.211,
1.996757800e-14,1.943390843e+01
1.156196959e-05,-1.265866025e-05,-1.011126473e-05,1.961327439e-04,5.190101868e-04,9.334945685e-04,1.402967784e-03,1.245965429e-03,4.421339159e-04,
1.871503931e-06,-5.002102488e-06,-4.087585885e-06,-1.190779884e-04,-5.673365463e-04,-1.502267665e-03,-2.178904473e-03,-1.631125586e-03,-4.988807433e-04,
1.589271926e-01
l,7.5,0.5
2.611,3.431,4.251,
9.766580188e-13,1.615777305e+01
2.958494042e-05,-3.073300024e-05,-2.507868935e-05,5.274214537e-04,1.487277792e-03,2.753739498e-03,4.047540712e-03,3.516029017e-03,1.236156326e-03,
4.871714325e-06,-1.303180279e-05,-1.272506948e-05,-3.324175346e-04,-1.590449276e-03,-4.211210559e-03,-6.111848290e-03,-4.577963883e-03,-1.399438525e-03,
1.588479743e-01
l,7.5,1.5
2.611,3.451,4.311,
3.662763017e-12,1.572666809e+01
7.912341243e-05,-7.421541438e-05,-1.131649039e-04,1.076274169e-03,2.491524651e-03,2.625333389e-03,2.441051531e-03,2.074314165e-03,8.129199284e-04,
1.202976873e-05,-3.221857334e-05,-1.611876194e-05,-5.806971632e-04,-2.464187774e-03,-6.017623622e-03,-8.122749058e-03,-5.677265372e-03,-1.637773402e-03,
1.589092503e-01
l,7.5,2.5
2.611,3.471,4.331,
7.419195502e-11,1.364687174e+01
2.137054980e-04,-2.057792956e-04,-2.602418595e-04,2.513323944e-03,4.975396940e-03,5.878445871e-03,9.304625444e-03,9.965664109e-03,3.954896910e-03,
3.300293752e-05,-8.842211968e-05,-3.597287343e-05,-1.542829427e-03,-6.588140449e-03,-1.619583467e-02,-2.210630949e-02,-1.561968169e-02,-4.532769047e-03,
1.586959321e-01
l,7.5,3.5
2.591,3.471,4.351,
5.038925978e-10,1.287075109e+01
6.225823890e-04,-5.854415328e-04,-9.015786625e-04,8.427831449e-03,1.732735392e-02,7.708367122e-03,-7.717641669e-03,-8.401899551e-03,-2.122463636e-03,
9.073867447e-05,-2.431831554e-04,-1.454497252e-04,-4.492221218e-03,-1.876120407e-02,-4.487733030e-02,-5.920652273e-02,-4.051303433e-02,-1.146712475e-02,
1.588397255e-01
l,7.5,4.5
2.551,3.491,4.431,
4.976612741e-09,1.178162153e+01
1.763105975e-03,-1.953862038e-03,-2.035009001e-03,1.728966060e-02,2.879367360e-02,2.333223955e-02,3.022005869e-02,3.209888566e-02,1.226682382e-02,
2.119265338e-04,-5.687457574e-04,-1.449407715e-04,-8.706483185e-03,-3.416820188e-02,-7.798205977e-02,-9.699726794e-02,-6.212337845e-02,-1.642395427e-02,
1.586596192e-01
l,7.5,5.5
2.491,3.391,4.311,
5.241716161e-08,1.073718578e+01
6.032424048e-03,-5.116198050e-03,-8.963079595e-03,6.720719070e-02,1.267585866e-01,5.426323561e-02,-1.360731976e-02,5.878678928e-03,1.273249540e-02,
8.467820703e-04,-2.264876166e-03,-1.026464827e-03,-3.821008021e-02,-1.547538971e-01,-3.583543974e-01,-4.568796823e-01,-3.004468831e-01,-8.120341703e-02,
1.586917246e-01
l,7.5,6.5
2.411,3.371,4.351,
3.897163013e-07,1.025540276e+01
1.955129020e-02,-2.199061427e-02,-2.145287095e-02,1.830446176e-01,1.960143559e-01,-1.338667080e-01,-2.249407156e-01,-2.935499741e-02,3.142998452e-02,
2.195020624e-03,-5.863219493e-03,-8.782652869e-04,-7.432626579e-02,-2.653020867e-01,-5.678051069e-01,-6.688711670e-01,-4.106126453e-01,-1.057815406e-01,
1.582905444e-01
l,7.5,7.5
2.371,3.011,3.671,
1.242984123e-06,1.098726049e+01
9.637580812e-02,4.326935064e-02,1.131266917e-01,5.858103853e+00,3.478241690e+01,1.059186027e+02,1.833351433e+02,1.686677913e+02,6.372883957e+01,
3.671018881e-02,-9.012268036e-02,-2.659658769e-01,-4.900662185e+00,-3.053330535e+01,-1.005477652e+02,-1.831046192e+02,-1.724488942e+02,-6.566580812e+01,
1.591437881e-01
l,8.5,-8.5
2.351,2.631,2.931,
0.000000000e+00,0.000000000e+00
9.106912557e-09,9.085274650e-08,1.635421016e-06,1.527250311e-05,3.686184454e-05,-3.822183891e-04,-3.226201645e-03,-9.418576111e-03,-9.921095502e-03,
1.086263213e-08,-2.790688878e-08,-4.067392735e-07,-1.249591715e-05,-1.700213492e-04,-1.227981601e-03,-4.958090830e-03,-1.039276749e-02,-8.781945088e-03,
1.591435877e-01
l,8.5,-7.5
2.451,3.171,3.891,
0.000000000e+00,0.000000000e+00
1.343316036e-08,-2.057663556e-08,1.390413033e-08,3.328292299e-07,1.254240397e-06,4.010825528e-06,7.518756847e-06,6.946050019e-06,2.492194438e-06,
2.553082763e-09,-6.773965916e-09,-7.992929055e-09,-2.008861753e-07,-1.061683578e-06,-3.138768366e-06,-5.158275140e-06,-4.432116251e-06,-1.561783419e-06,
1.588781763e-01
l,8.5,-6.5
2.571,3.291,4.031,
0.000000000e+00,0.000000000e+00
2.784116049e-08,-3.966825695e-08,1.657540286e-08,7.214785087e-07,2.917450101e-06,9.378832690e-06,1.799209248e-05,1.731556884e-05,6.524362163e-06,
5.101695071e-09,-1.358160800e-08,-1.509654788e-08,-3.880104059e-07,-2.004009307e-06,-5.781943131e-06,-9.243588191e-06,-7.703322918e-06,-2.630727299e-06,
1.589093587e-01
l,8.5,-5.5
2.671,3.411,4.151,
0.000000000e+00,0.000000000e+00
5.838139927e-08,-8.147968202e-08,1.273605771e-08,1.226893381e-06,4.130607487e-06,1.216697346e-05,2.274783745e-05,2.122246326e-05,7.647029144e-06,
1.073971865e-08,-2.866803724e-08,-2.731551317e-08,-7.671978137e-07,-3.948705988e-06,-1.138235205e-05,-1.818681552e-05,-1.513840360e-05,-5.163376551e-06,
1.589266584e-01
l,8.5,-4.5
2.751,3.491,4.251,
0.000000000e+00,0.000000000e+00
1.315801939e-07,-1.635364706e-07,-4.074385790e-08,2.683669592e-06,8.398597929e-06,2.216906180e-05,4.136613478e-05,4.004592130e-05,1.504780688e-05,
2.382614956e-08,-6.373528636e-08,-5.940616208e-08,-1.657308560e-06,-8.356368926e-06,-2.352076882e-05,-3.661150487e-05,-2.961545107e-05,-9.810840047e-06,
1.589095633e-01
l,8.5,-3.5
2.831,3.591,4.351,
0.000000000e+00,0.000000000e+00
2.934229997e-07,-3.640776526e-07,-8.162667351e-08,6.160151644e-06,1.915632680e-05,4.781019282e-05,8.584956858e-05,8.169766580e-05,3.041046996e-05,
5.284069078e-08,-1.416352726e-07,-1.360106438e-07,-3.724176513e-06,-1.877641911e-05,-5.287771636e-05,-8.234023424e-05,-6.664755317e-05,-2.210253043e-05,
1.589268892e-01
l,8.5,-2.5
2.891,3.671,4.451,
0.000000000e+00,0.000000000e+00
6.801190011e-07,-8.116583188e-07,-3.759644966e-07,1.266308443e-05,3.501287021e-05,7.304236789e-05,1.199780378e-04,1.097722438e-04,3.963541820e-05,
1.171132333e-07,-3.145174143e-07,-2.783257197e-07,-7.946063059e-06,-3.927838336e-05,-1.084090673e-04,-1.648443656e-04,-1.299033022e-04,-4.189318758e-05,
1.589269822e-01
l,8.5,-1.5
2.951,3.731,4.511,
1.329248258e-18,2.414481437e+01
1.640756977e-06,-1.821565275e-06,-9.356346605e-07,3.311338311e-05,1.039114129e-04,2.332603217e-04,3.807986345e-04,3.424694488e-04,1.226313366e-04,
2.888996534e-07,-7.767273704e-07,-7.729238650e-07,-2.056371576e-05,-1.018709150e-04,-2.807895108e-04,-4.267435720e-04,-3.359447459e-04,-1.081053635e-04,
1.589271205e-01
l,8.5,-0.5
2.991,3.791,4.591,
5.865436253e-17,2.122759018e+01
4.031629032e-06,-4.476850900e-06,-3.085150833e-06,7.361399992e-05,2.135410981e-04,4.384643986e-04,7.013469374e-04,6.363872968e-04,2.301137938e-04,
6.751216022e-07,-1.817719566e-06,-1.526909830e-06,-4.441481398e-05,-2.152953564e-04,-5.813737973e-04,-8.626773441e-04,-6.617085527e-04,-2.074543908e-04,
1.589100380e-01
l,8.5,0.5
3.011,3.831,4.651,
2.889934487e-16,2.046079309e+01
1.030251042e-05,-1.082197881e-05,-1.017162177e-05,1.719397783e-04,4.728058645e-04,8.461766717e-04,1.231627235e-03,1.074321811e-03,3.796323367e-04,
1.664738587e-06,-4.486868212e-06,-3.547044962e-06,-1.060992047e-04,-5.047514410e-04,-1.336005510e-03,-1.936968192e-03,-1.447708643e-03,-4.417453585e-04,
1.589100486e-01
l,8.5,1.5
3.011,3.831,4.671,
1.596411871e-15,1.970909484e+01
2.798776950e-05,-2.357617932e-05,-3.909533434e-05,4.784080647e-04,1.415635249e-03,2.200496361e-03,2.554387203e-03,1.966968539e-03,6.684988325e-04,
4.570009190e-06,-1.232142180e-05,-6.664996787e-06,-2.290196348e-04,-9.930405240e-04,-2.469961949e-03,-3.414065546e-03,-2.446819557e-03,-7.229817141e-04,
1.588469156e-01
l,8.5,2.5
3.011,3.891,4.791,
1.983414257e-14,1.835424511e+01
7.295858813e-05,-7.212331784e-05,-1.121861209e-04,8.864284259e-04,2.152338467e-03,2.441496838e-03,2.106690373e-03,1.415690789e-03,4.575895990e-04,
9.590023111e-06,-2.590736738e-05,-7.770524196e-06,-4.122220968e-04,-1.656184236e-03,-3.875760335e-03,-4.945415373e-03,-3.243019561e-03,-8.805985331e-04,
1.589925062e-01
l,8.5,3.5
3.011,3.851,4.711,
2.003513761e-12,1.514967619e+01
2.136144030e-04,-1.731066333e-04,-3.339828832e-04,2.672786865e-03,5.387409464e-03,2.581100811e-03,-3.619945432e-04,6.449387841e-04,8.525138773e-04,
3.442803252e-05,-9.288166059e-05,-3.920099541e-05,-1.593288874e-03,-6.790937497e-03,-1.659448586e-02,-2.256938724e-02,-1.590359785e-02,-4.609969666e-03,
1.586808312e-01
l,8.5,4.5
2.971,3.871,4.771,
1.330947282e-11,1.456763910e+01
6.154756993e-04,-5.511908445e-04,-9.900177722e-04,7.808684376e-03,1.770061144e-02,1.141884058e-02,-2.772659443e-03,-6.019692666e-03,-1.836058392e-03,
8.494823757e-05,-2.293880285e-04,-1.026567815e-04,-3.909576826e-03,-1.590572473e-02,-3.725439392e-02,-4.787543920e-02,-3.174888727e-02,-8.706529220e-03,
1.588449682e-01
l,8.5,5.5
2.911,3.851,4.811,
1.507649173e-10,1.354516101e+01
1.851406996e-03,-1.697765624e-03,-2.888760123e-03,1.771463577e-02,3.601442843e-02,2.744715418e-02,1.700031700e-02,1.387552679e-02,5.585853934e-03,
2.207002467e-04,-5.962337527e-04,-1.247383262e-04,-8.789453191e-03,-3.374082149e-02,-7.530071454e-02,-9.114178999e-02,-5.634085372e-02,-1.433179363e-02,
1.586606447e-01
l,8.5,6.5
2.851,3.771,4.711,
2.973362478e-09,1.210654554e+01
6.273104809e-03,-5.020538277e-03,-1.038580956e-02,6.568942863e-02,1.287082222e-01,4.059946139e-02,-6.746533270e-02,-5.497486155e-02,-1.012836344e-02,
8.374438863e-04,-2.256679992e-03,-7.689074571e-04,-3.559915235e-02,-1.407672832e-01,-3.197177887e-01,-3.980564843e-01,-2.545291272e-01,-6.686996882e-02,
1.586920186e-01
l,8.5,7.5
2.771,3.751,4.731,
2.848075671e-08,1.149340731e+01
2.072492056e-02,-2.313204219e-02,-2.670264161e-02,1.587821953e-01,4.688348704e-02,-5.870756745e-01,-9.023361912e-01,-5.210083403e-01,-1.077953819e-01,
2.290362451e-03,-6.161038136e-03,-3.326007454e-04,-7.382311562e-02,-2.607131395e-01,-5.569555854e-01,-6.533232798e-01,-3.986704194e-01,-1.023673010e-01,
1.583525186e-01
l,8.5,8.5
2.711,3.391,4.091,
1.186786827e-07,1.187861204e+01
1.026998013e-01,3.835771762e-02,-6.873724059e-02,3.369802978e+00,1.843184343e+01,4.939980950e+01,7.678506375e+01,6.497565448e+01,2.295667752e+01,
3.525012878e-02,-8.841593781e-02,-1.492983716e-01,-2.895430969e+00,-1.600413730e+01,-4.794355394e+01,-8.104201462e+01,-7.130484798e+01,-2.545528825e+01,
1.591437402e-01
