l,0.5,-0.5
0.151,1.071,1.991,
4.630598550e-02,2.137212315e+00
3.747703973e-03,-5.281713081e-03,3.974979718e-03,3.535853167e-02,1.103022182e-01,2.645804837e-01,3.291623510e-01,2.178186977e-01,6.558041084e-02,
6.041225481e-04,-1.418643678e-03,-1.031679373e-03,-2.506381544e-02,-1.049534296e-01,-2.453384548e-01,-3.171932455e-01,-2.135517392e-01,-5.867437292e-02,
1.586626895e-01
l,0.5,0.5
0.191,0.431,0.691,
4.673392211e-01,2.681842133e+00
2.072159946e-02,6.147618782e-02,3.112346253e+00,1.263943654e+02,2.260514390e+03,2.047009510e+04,9.779577095e+04,2.358642784e+05,2.267592045e+05,
2.171352547e-02,-1.834558660e-02,-2.177733335e+00,-1.038628603e+02,-2.023291590e+03,-1.903573876e+04,-9.280501353e+04,-2.266107151e+05,-2.196635930e+05,
1.591437390e-01
l,1.5,-1.5
0.371,1.311,2.251,
6.821515711e-03,3.669336752e+00
7.373651024e-04,-1.141069740e-03,8.105307838e-04,5.806348573e-03,1.363315689e-02,2.741685758e-02,1.631806870e-02,-7.378471118e-03,-6.707960436e-03,
1.037325398e-04,-2.500904046e-04,-1.674191904e-04,-4.364298017e-03,-1.787155431e-02,-4.113715638e-02,-5.215716299e-02,-3.441566421e-02,-9.272290817e-03,
1.584459748e-01
l,1.5,-0.5
0.431,1.231,2.051,
1.293308304e-02,3.747736349e+00
2.689224901e-03,-3.453302172e-03,2.697705455e-03,5.248965063e-02,2.028532362e-01,5.849763702e-01,9.025913035e-01,6.632886317e-01,1.867850737e-01,
5.252987926e-04,-1.241713500e-03,-1.588653901e-03,-3.344001519e-02,-1.635081718e-01,-4.349933313e-01,-6.359749648e-01,-4.819709239e-01,-1.485968849e-01,
1.589101164e-01
l,1.5,0.5
0.431,1.391,2.351,
4.288323887e-02,4.106135230e+00
6.002063863e-03,-9.385849605e-03,6.273441298e-03,4.468580604e-02,1.029418421e-01,2.138175592e-01,1.189509897e-01,-8.273475916e-02,-6.692438847e-02,
7.979424869e-04,-1.934628348e-03,-1.074057624e-03,-3.150965385e-02,-1.266230815e-01,-2.868577157e-01,-3.569926458e-01,-2.309536637e-01,-6.099456066e-02,
1.583531913e-01
l,1.5,1.5
0.451,0.831,1.231,
2.556556226e-01,4.573061793e+00
3.637759015e-02,4.945818893e-02,1.043314508e+00,2.674882455e+01,2.747365126e+02,1.505343633e+03,4.526770185e+03,7.023915150e+03,4.397282669e+03,
2.773866774e-02,-4.547090018e-02,-8.264776345e-01,-2.166544051e+01,-2.428873867e+02,-1.388212051e+03,-4.261748228e+03,-6.689507687e+03,-4.219427742e+03,
1.591437257e-01
l,2.5,-2.5
0.611,1.531,2.471,
5.576755068e-04,5.998521518e+00
1.441745990e-04,-2.244556818e-04,1.405184388e-04,1.509466195e-03,4.692381687e-03,1.330170799e-02,1.766283698e-02,9.870912959e-03,1.825064625e-03,
1.937915762e-05,-4.750136637e-05,-2.662789594e-05,-7.939261225e-04,-3.232096656e-03,-7.448258863e-03,-9.443364993e-03,-6.234852849e-03,-1.684913654e-03,
1.583839522e-01
l,2.5,-1.5
0.691,1.531,2.391,
5.544789794e-04,5.342069763e+00
4.394011921e-04,-5.750867904e-04,1.493844731e-04,6.596651752e-03,2.208996079e-02,6.802416103e-02,1.180518416e-01,9.642190878e-02,2.981860196e-02,
7.406504192e-05,-1.805114193e-04,-1.189227867e-04,-3.313103001e-03,-1.444054137e-02,-3.564072728e-02,-4.890571349e-02,-3.506808833e-02,-1.033376858e-02,
1.588480071e-01
l,2.5,-0.5
0.751,1.671,2.611,
9.852047743e-04,5.291932657e+00
1.022671000e-03,-1.559138143e-03,7.751491622e-04,1.232476902e-02,4.197584361e-02,1.334672190e-01,2.146348582e-01,1.572386130e-01,4.318849833e-02,
1.348001103e-04,-3.332349275e-04,-1.673999024e-04,-5.455906269e-03,-2.212957358e-02,-5.102934110e-02,-6.470236023e-02,-4.272359176e-02,-1.156740368e-02,
1.583531884e-01
l,2.5,0.5
0.771,1.631,2.491,
2.144113025e-03,4.941078434e+00
3.370033111e-03,-4.277640181e-03,6.901314337e-04,4.946074823e-02,1.569645023e-01,4.678424760e-01,8.214087046e-01,6.848460219e-01,2.161653837e-01,
5.688817583e-04,-1.394011334e-03,-9.564878836e-04,-2.603258512e-02,-1.134894324e-01,-2.799669945e-01,-3.840695298e-01,-2.752365712e-01,-8.105586259e-02,
1.588170079e-01
l,2.5,1.5
0.771,1.731,2.691,
7.605179880e-03,5.432236963e+00
8.569212630e-03,-1.333500553e-02,7.732605648e-03,9.364398894e-02,3.179744244e-01,9.715351059e-01,1.447049799e+00,9.694699228e-01,2.413586664e-01,
1.082357891e-03,-2.681132098e-03,-1.300638313e-03,-4.296656802e-02,-1.717240563e-01,-3.894540239e-01,-4.847515575e-01,-3.138558797e-01,-8.317631532e-02,
1.581679138e-01
l,2.5,2.5
0.771,1.231,1.731,
3.805111598e-02,5.770551744e+00
4.942794144e-02,4.892326242e-02,4.851907526e-01,1.160101211e+01,9.118976741e+01,3.900836024e+02,9.469506081e+02,1.212273164e+03,6.339888269e+02,
3.038384299e-02,-5.965231517e-02,-4.585196833e-01,-9.056227231e+00,-7.552787408e+01,-3.301802471e+02,-7.935617782e+02,-9.884217271e+02,-4.988065518e+02,
1.591437817e-01
l,3.5,-3.5
0.891,1.791,2.711,
1.366770114e-05,8.734495082e+00
2.540605965e-05,-3.976872063e-05,2.202618598e-05,3.113992804e-04,1.071346371e-03,3.362118435e-03,5.224852212e-03,3.660972988e-03,9.517031261e-04,
3.418812151e-06,-8.502937974e-06,-4.262589842e-06,-1.415670863e-04,-5.820061534e-04,-1.364664181e-03,-1.762764737e-03,-1.187143675e-03,-3.279826275e-04,
1.584147727e-01
l,3.5,-2.5
0.991,1.831,2.671,
1.344481707e-05,7.217244579e+00
6.990585825e-05,-9.239409941e-05,1.811922310e-05,1.071426053e-03,3.398725985e-03,1.048183016e-02,1.915581848e-02,1.661409538e-02,5.454698685e-03,
1.186485108e-05,-2.944288692e-05,-2.005084946e-05,-5.618319751e-04,-2.486753375e-03,-6.253665439e-03,-8.762307953e-03,-6.425500907e-03,-1.939435241e-03,
1.588168399e-01
l,3.5,-1.5
1.071,1.951,2.851,
2.081090864e-05,6.762592500e+00
1.665581949e-04,-2.359998674e-04,3.566255238e-05,2.096461442e-03,5.962218911e-03,1.899380579e-02,3.520821655e-02,3.007940439e-02,9.592848984e-03,
2.369677268e-05,-5.936253588e-05,-2.891910409e-05,-9.966431030e-04,-4.158756139e-03,-9.915774684e-03,-1.305528590e-02,-8.967778494e-03,-2.535490632e-03,
1.585387961e-01
l,3.5,-0.5
1.111,1.971,2.851,
4.053490689e-05,6.576298454e+00
4.747507919e-04,-5.667888814e-04,-1.750427578e-04,6.123994909e-03,1.475609898e-02,3.783954625e-02,7.197826057e-02,6.616803338e-02,2.263956381e-02,
7.439417157e-05,-1.863402862e-04,-1.082498554e-04,-3.311323870e-03,-1.408133898e-02,-3.406431675e-02,-4.565929102e-02,-3.188988363e-02,-9.167468285e-03,
1.588170050e-01
l,3.5,0.5
1.151,2.071,2.991,
1.026592250e-04,6.093690150e+00
1.213180018e-03,-1.710903546e-03,1.389376281e-04,1.368210406e-02,3.361192694e-02,1.016778714e-01,1.888294912e-01,1.601096115e-01,5.016320098e-02,
1.635885659e-04,-4.123529733e-04,-1.976282548e-04,-6.847908894e-03,-2.806127090e-02,-6.570947797e-02,-8.472986832e-02,-5.691439351e-02,-1.573015495e-02,
1.584460126e-01
l,3.5,1.5
1.151,2.031,2.931,
3.024709437e-04,5.913109781e+00
3.960136790e-03,-4.623128761e-03,-1.640650320e-03,4.858893445e-02,1.172665904e-01,2.927980297e-01,5.406832417e-01,4.850030619e-01,1.622670170e-01,
5.970787053e-04,-1.499353462e-03,-8.504174921e-04,-2.626727305e-02,-1.098263221e-01,-2.609293366e-01,-3.426782736e-01,-2.339818885e-01,-6.566122889e-02,
1.587854907e-01
l,3.5,2.5
1.131,2.071,3.031,
1.076068224e-03,5.896216975e+00
1.147305034e-02,-1.621095135e-02,2.345468934e-03,1.238268982e-01,3.266473412e-01,1.022118069e+00,1.834634805e+00,1.494245332e+00,4.506807559e-01,
1.446113101e-03,-3.640521912e-03,-1.705633567e-03,-5.814930612e-02,-2.315081134e-01,-5.240917508e-01,-6.508757870e-01,-4.203548713e-01,-1.115054002e-01,
1.581478452e-01
l,3.5,3.5
1.131,1.671,2.231,
4.811257071e-03,6.749757326e+00
6.123343110e-02,2.952445208e-02,1.621339861e-01,5.574143217e+00,3.560575244e+01,1.239110552e+02,2.519482089e+02,2.752243027e+02,1.239525790e+02,
3.026057206e-02,-6.549446858e-02,-2.462486989e-01,-4.437380216e+00,-3.111343289e+01,-1.168727737e+02,-2.462295399e+02,-2.716815214e+02,-1.222840553e+02,
1.591437184e-01
l,4.5,-4.5
1.191,2.051,2.931,
1.049979911e-07,1.167310125e+01
4.325057944e-06,-6.560755932e-06,2.854634322e-06,6.075867328e-05,2.076193857e-04,6.824077336e-04,1.188504765e-03,9.574744858e-04,2.911944247e-04,
6.292696686e-07,-1.582493005e-06,-8.566566552e-07,-2.772048855e-05,-1.177379237e-04,-2.858030291e-04,-3.841632906e-04,-2.699715561e-04,-7.804708138e-05,
1.584456156e-01
l,4.5,-3.5
1.311,2.131,2.971,
1.256406750e-07,1.038406421e+01
1.087560031e-05,-1.432027333e-05,1.991049988e-06,1.864515843e-04,5.997095678e-04,1.722851494e-03,3.054513969e-03,2.641449097e-03,8.727749395e-04,
1.787913956e-06,-4.504462355e-06,-2.980839978e-06,-8.611869934e-05,-3.798658596e-04,-9.555622597e-04,-1.337807802e-03,-9.798511315e-04,-2.957700174e-04,
1.588477447e-01
l,4.5,-2.5
1.391,2.251,3.111,
1.991094046e-07,9.581475038e+00
2.550244972e-05,-3.422771809e-05,-1.190940772e-06,3.406844038e-04,8.866102040e-04,2.547739758e-03,4.833030241e-03,4.342154049e-03,1.458311794e-03,
3.929359903e-06,-9.959082680e-06,-5.484258880e-06,-1.791670797e-04,-7.723728372e-04,-1.905788564e-03,-2.608587154e-03,-1.864760598e-03,-5.493963967e-04,
1.586616109e-01
l,4.5,-1.5
1.451,2.311,3.171,
3.729381201e-07,9.124998861e+00
6.663732347e-05,-8.006705913e-05,-3.323640567e-05,8.444275764e-04,1.839902228e-03,4.297307188e-03,8.447867881e-03,8.131737705e-03,2.887474513e-03,
1.058653420e-05,-2.689588787e-05,-1.349631952e-05,-4.690111372e-04,-2.017828886e-03,-4.968435699e-03,-6.790892343e-03,-4.839800949e-03,-1.421911871e-03,
1.588169700e-01
l,4.5,-0.5
1.511,2.391,3.271,
9.720544506e-07,8.422755871e+00
1.718885032e-04,-2.124708884e-04,-8.078598883e-05,2.035234200e-03,3.934347476e-03,8.452329723e-03,1.683039032e-02,1.628698549e-02,5.737064592e-03,
2.569841200e-05,-6.553441958e-05,-3.386945631e-05,-1.143858504e-03,-4.833753563e-03,-1.168572721e-02,-1.563364141e-02,-1.089780403e-02,-3.131652724e-03,
1.586626541e-01
l,4.5,0.5
1.531,2.411,3.311,
2.622926487e-06,8.066066654e+00
4.919535713e-04,-5.348633725e-04,-4.393124888e-04,5.531296876e-03,9.780313456e-03,1.413157452e-02,2.724428603e-02,2.864256723e-02,1.077222345e-02,
7.277910887e-05,-1.858468703e-04,-8.222483123e-05,-3.065725533e-03,-1.269909783e-02,-3.009210924e-02,-3.936390855e-02,-2.673163734e-02,-7.479490537e-03,
1.587859950e-01
l,4.5,1.5
1.551,2.471,3.391,
9.446720122e-06,7.466081491e+00
1.366341021e-03,-1.682143558e-03,-7.493166274e-04,1.462451847e-02,2.357323175e-02,3.831430464e-02,7.613563593e-02,7.534817826e-02,2.648103588e-02,
1.856097502e-04,-4.751812310e-04,-2.496986677e-04,-8.150032899e-03,-3.329068372e-02,-7.765657223e-02,-9.966231002e-02,-6.648208544e-02,-1.827736604e-02,
1.585688526e-01
l,4.5,2.5
1.531,2.431,3.351,
3.509990415e-05,7.129387414e+00
4.450635985e-03,-4.603415073e-03,-3.843958236e-03,4.828489194e-02,9.489941467e-02,1.615953981e-01,2.919300081e-01,2.803522904e-01,9.885967659e-02,
6.444493881e-04,-1.645997249e-03,-7.653474311e-04,-2.744221069e-02,-1.123153388e-01,-2.618272486e-01,-3.365117166e-01,-2.238940860e-01,-6.115487828e-02,
1.587031079e-01
l,4.5,3.5
1.491,2.451,3.431,
1.536673629e-04,6.841053582e+00
1.381054986e-02,-1.798830661e-02,-6.015290759e-03,1.222592776e-01,1.553758807e-01,3.216828560e-01,7.696332266e-01,7.636374669e-01,2.588260771e-01,
1.638409529e-03,-4.187638796e-03,-7.536552997e-04,-5.188157182e-02,-1.882877821e-01,-4.062412404e-01,-4.848834312e-01,-3.033260946e-01,-7.919072538e-02,
1.582882968e-01
l,4.5,4.5
1.491,2.091,2.711,
5.281014995e-04,7.892395175e+00
7.063426077e-02,2.471985856e-02,9.228106929e-02,4.673867161e+00,2.801647104e+01,8.903329095e+01,1.638595376e+02,1.614235411e+02,6.543025972e+01,
2.977876792e-02,-6.819335683e-02,-2.049245531e-01,-3.775826151e+00,-2.458142085e+01,-8.502981182e+01,-1.635493458e+02,-1.635062243e+02,-6.634516740e+01,
1.591437024e-01
l,5.5,-5.5
1.511,2.351,3.211,
2.024462852e-10,1.574953645e+01
6.732972793e-07,-1.033590293e-06,3.953112129e-07,9.295000031e-06,2.881007921e-05,9.293444479e-05,1.651869537e-04,1.361238517e-04,4.229975091e-05,
9.895837089e-08,-2.518058390e-07,-1.429339527e-07,-4.592078030e-06,-1.978972368e-05,-4.891349331e-05,-6.702190479e-05,-4.805523066e-05,-1.419464519e-05,
1.586001511e-01
l,5.5,-4.5
1.631,2.451,3.271,
2.400222495e-10,1.463875401e+01
1.606035994e-06,-2.202489143e-06,5.643582633e-07,2.845066507e-05,9.397740034e-05,2.742956085e-04,4.837528886e-04,4.155542596e-04,1.366593876e-04,
2.666160056e-07,-6.799441179e-07,-6.751441169e-07,-1.713747744e-05,-8.257856994e-05,-2.196719052e-04,-3.205277237e-04,-2.422483041e-04,-7.467782438e-05,
1.588476470e-01
l,5.5,-3.5
1.731,2.551,3.371,
5.675579429e-10,1.303047956e+01
3.823593943e-06,-4.859705660e-06,5.034196667e-07,7.179568093e-05,2.289548653e-04,6.195246452e-04,1.091658774e-03,9.671483459e-04,3.304726184e-04,
6.467358246e-07,-1.655218156e-06,-1.780066619e-06,-4.307535255e-05,-2.078362096e-04,-5.524062524e-04,-8.056348777e-04,-6.084086163e-04,-1.874364950e-04,
1.587234510e-01
l,5.5,-2.5
1.811,2.631,3.471,
1.121490994e-09,1.236916467e+01
9.523018889e-06,-1.088165404e-05,-4.547788603e-06,1.590578610e-04,4.540091221e-04,1.046024670e-03,1.785377238e-03,1.610029720e-03,5.634413291e-04,
1.569874787e-06,-4.031255994e-06,-2.516486331e-06,-7.629786404e-05,-3.344014274e-04,-8.374629786e-04,-1.166608699e-03,-8.479556825e-04,-2.542556614e-04,
1.588478335e-01
l,5.5,-1.5
1.871,2.731,3.591,
2.581465590e-09,1.181415284e+01
2.345104076e-05,-2.800288919e-05,-1.548195131e-05,2.858023096e-04,5.495932029e-04,9.946425512e-04,1.900641273e-03,1.892471063e-03,6.908430451e-04,
3.612727099e-06,-9.311808698e-06,-4.439041406e-06,-1.624956695e-04,-6.959317454e-04,-1.712381937e-03,-2.335468365e-03,-1.659140106e-03,-4.863361170e-04,
1.588168217e-01
l,5.5,-0.5
1.911,2.771,3.651,
7.012938773e-09,1.129682807e+01
6.353048229e-05,-6.603901332e-05,-6.606166425e-05,7.632947717e-04,1.474842470e-03,1.900979910e-03,3.163634724e-03,3.308472708e-03,1.281044939e-03,
9.701273114e-06,-2.504915271e-05,-1.142187734e-05,-4.251837782e-04,-1.786487135e-03,-4.302447526e-03,-5.730629602e-03,-3.961489368e-03,-1.128776077e-03,
1.588480066e-01
l,5.5,0.5
1.951,2.831,3.731,
3.073288742e-08,1.032742978e+01
1.714979007e-04,-1.834880684e-04,-1.757491604e-04,1.888655423e-03,3.189975474e-03,3.139649505e-03,5.250786170e-03,5.925966014e-03,2.357820863e-03,
2.471074436e-05,-6.394768770e-05,-2.668856844e-05,-1.054928747e-03,-4.348198422e-03,-1.028792537e-02,-1.341684755e-02,-9.069608430e-03,-2.527388407e-03,
1.587547518e-01
l,5.5,1.5
1.951,2.851,3.751,
1.139028885e-07,9.820650753e+00
4.979323712e-04,-5.032548447e-04,-5.642800972e-04,5.335666825e-03,7.936375875e-03,2.537691296e-03,2.654890019e-03,6.494016433e-03,3.399131688e-03,
7.355029791e-05,-1.904250353e-04,-7.966407412e-05,-3.123758705e-03,-1.289727795e-02,-3.049066302e-02,-3.980003169e-02,-2.693008484e-02,-7.506791476e-03,
1.587848295e-01
l,5.5,2.5
1.951,2.891,3.851,
5.089291030e-07,9.281159846e+00
1.451769029e-03,-1.597440243e-03,-1.501374239e-03,1.486017182e-02,2.439456926e-02,1.751078506e-02,1.929290067e-02,2.091850435e-02,8.248764756e-03,
1.778009466e-04,-4.614805557e-04,-2.082639851e-04,-7.523219456e-03,-2.946035047e-02,-6.610762758e-02,-8.084750560e-02,-5.107144425e-02,-1.331732686e-02,
1.587458572e-01
l,5.5,3.5
1.931,2.831,3.751,
3.338348218e-06,8.330004152e+00
4.874160979e-03,-4.403465366e-03,-5.546588622e-03,5.369220440e-02,1.043902508e-01,1.116190780e-01,1.536977568e-01,1.550021388e-01,5.917801298e-02,
7.213152230e-04,-1.865275625e-03,-9.641101006e-04,-3.190752301e-02,-1.305490830e-01,-3.033266099e-01,-3.889133588e-01,-2.577972645e-01,-7.010162543e-02,
1.586897654e-01
l,5.5,4.5
1.871,2.851,3.831,
1.824167066e-05,7.916104194e+00
1.560903993e-02,-1.903913271e-02,-1.351990815e-02,1.096824532e-01,-5.530858946e-03,-3.095874093e-01,-2.434048200e-01,2.042028108e-02,5.072291159e-02,
1.830513729e-03,-4.734346967e-03,-7.524005068e-04,-5.868197184e-02,-2.115945291e-01,-4.551043303e-01,-5.404785025e-01,-3.356286511e-01,-8.717913205e-02,
1.583827956e-01
l,5.5,5.5
1.851,2.491,3.171,
4.902465738e-05,9.028466759e+00
7.809986919e-02,3.448616136e-02,6.871254916e-02,4.406081293e+00,2.603950968e+01,7.901445710e+01,1.367561422e+02,1.259786605e+02,4.766951859e+01,
2.966876336e-02,-7.039589352e-02,-1.961113182e-01,-3.594234096e+00,-2.197047915e+01,-7.069053016e+01,-1.253296827e+02,-1.146486834e+02,-4.234874827e+01,
1.591437289e-01
l,6.5,-6.5
1.831,2.651,3.471,
3.970888121e-14,2.167908484e+01
1.022674994e-07,-1.572608906e-07,8.929912415e-08,1.852910034e-06,6.749501828e-06,2.131382978e-05,3.712270731e-05,3.087410703e-05,9.839051331e-06,
1.624205179e-08,-4.170783196e-08,-3.883084113e-08,-1.028505046e-06,-4.947662428e-06,-1.317838650e-05,-1.924641341e-05,-1.457639223e-05,-4.503611825e-06,
1.586000691e-01
l,6.5,-5.5
1.951,2.751,3.551,
2.366571670e-14,2.150084483e+01
2.408339128e-07,-3.235240323e-07,7.317014223e-08,4.537874960e-06,1.403334775e-05,3.856897509e-05,6.861725845e-05,6.085484108e-05,2.075979056e-05,
4.150717656e-08,-1.068553410e-07,-1.194752461e-07,-2.873387348e-06,-1.410792500e-05,-3.827447845e-05,-5.712038462e-05,-4.423585234e-05,-1.399044572e-05,
1.588474804e-01
l,6.5,-4.5
2.071,2.871,3.691,
3.095634792e-13,1.751338370e+01
5.504406886e-07,-7.025511148e-07,5.807590906e-09,1.045017966e-05,3.383742276e-05,9.089828061e-05,1.604721507e-04,1.442362344e-04,5.035665865e-05,
9.065794021e-08,-2.343565405e-07,-2.397571979e-07,-6.013129485e-06,-2.891403639e-05,-7.681833581e-05,-1.118758681e-04,-8.432433659e-05,-2.594438831e-05,
1.588475578e-01
l,6.5,-3.5
2.151,2.971,3.791,
1.834755639e-13,1.830526735e+01
1.310511038e-06,-1.562200038e-06,-3.191522108e-07,2.320398928e-05,6.960665285e-05,1.687652477e-04,2.858886435e-04,2.520120127e-04,8.634659152e-05,
2.194261764e-07,-5.687986476e-07,-5.814352599e-07,-1.463226611e-05,-7.037791890e-05,-1.868743162e-04,-2.721062699e-04,-2.048504095e-04,-6.290472399e-05,
1.589098188e-01
l,6.5,-2.5
2.231,3.051,3.891,
8.828076498e-13,1.666671192e+01
3.255790034e-06,-3.602681286e-06,-2.240377451e-06,5.161564717e-05,1.402849187e-04,2.949259127e-04,4.883533172e-04,4.411673175e-04,1.553333877e-04,
5.303085049e-07,-1.378265192e-06,-6.912542162e-07,-2.473427652e-05,-1.079244332e-04,-2.703557008e-04,-3.766791280e-04,-2.734235041e-04,-8.188015109e-05,
1.588477899e-01
l,6.5,-1.5
2.291,3.131,3.971,
4.435538995e-12,1.530472321e+01
8.251156032e-06,-8.823166878e-06,-7.488801785e-06,1.122329558e-04,2.416820934e-04,3.547308368e-04,5.546947371e-04,5.422556120e-04,2.047609482e-04,
1.350085478e-06,-3.515840585e-06,-2.034402701e-06,-6.559483149e-05,-2.864222456e-04,-7.163715435e-04,-9.962217140e-04,-7.214976984e-04,-2.155314880e-04,
1.588788838e-01
l,6.5,-0.5
2.331,3.191,4.051,
1.711611520e-11,1.448886500e+01
2.173687062e-05,-2.191546036e-05,-2.320378130e-05,2.794708199e-04,5.921324070e-04,7.248131432e-04,9.640948527e-04,9.154964829e-04,3.459421800e-04,
3.434370334e-06,-8.960703068e-06,-5.000380543e-06,-1.639059297e-04,-7.019816943e-04,-1.720764852e-03,-2.338242089e-03,-1.649711342e-03,-4.794755354e-04,
1.588480066e-01
l,6.5,0.5
2.351,3.231,4.111,
5.079560098e-11,1.416747308e+01
5.985981988e-05,-5.548366225e-05,-7.653914908e-05,7.320939752e-04,1.521757923e-03,1.331010361e-03,1.081848064e-03,9.679582979e-04,3.940581551e-04,
9.203331217e-06,-2.404557344e-05,-1.257763135e-05,-4.253658069e-04,-1.785591231e-03,-4.287054320e-03,-5.688655961e-03,-3.907839921e-03,-1.105140679e-03,
1.588480450e-01
l,6.5,1.5
2.371,3.271,4.191,
5.012301586e-10,1.261169952e+01
1.678089029e-04,-1.551341032e-04,-2.229577389e-04,1.832462258e-03,3.909524698e-03,4.303375071e-03,4.960873609e-03,4.439841000e-03,1.623976945e-03,
2.339521259e-05,-6.123197166e-05,-2.382532563e-05,-9.958176756e-04,-4.020040564e-03,-9.320868465e-03,-1.185843114e-02,-7.767380445e-03,-2.090835877e-03,
1.588156174e-01
l,6.5,2.5
2.371,3.251,4.151,
3.432532143e-09,1.164164629e+01
5.180818262e-04,-3.801520183e-04,-7.937941021e-04,7.128473392e-03,1.793703667e-02,1.648182553e-02,6.616505076e-03,1.487027323e-03,4.884778158e-04,
8.137357402e-05,-2.127703185e-04,-1.440142515e-04,-3.927516289e-03,-1.628485570e-02,-3.819168659e-02,-4.946944661e-02,-3.315497247e-02,-9.144567514e-03,
1.587458572e-01
l,6.5,3.5
2.351,3.311,4.291,
2.037294841e-08,1.099071109e+01
1.500190003e-03,-1.475256871e-03,-1.984247454e-03,1.406343761e-02,2.720184551e-02,2.322704379e-02,1.969128426e-02,1.609696270e-02,5.707343272e-03,
1.767026261e-04,-4.633507589e-04,-1.857063055e-05,-5.432309445e-03,-1.911360405e-02,-4.057578688e-02,-4.706457479e-02,-2.808022721e-02,-7.003703605e-03,
1.587180004e-01
l,6.5,4.5
2.331,3.251,4.191,
2.440794150e-07,9.628349243e+00
5.137666129e-03,-4.408466384e-03,-6.940575021e-03,5.278187091e-02,9.815552844e-02,5.907523960e-02,3.403513010e-02,4.395909682e-02,2.168317538e-02,
7.190241334e-04,-1.879744162e-03,-7.803743017e-04,-3.027366071e-02,-1.209870403e-01,-2.757642052e-01,-3.454555107e-01,-2.229481485e-01,-5.903370387e-02,
1.586914842e-01
l,6.5,5.5
2.271,3.251,4.231,
1.428129441e-06,9.312486095e+00
1.720147952e-02,-1.924821810e-02,-1.932168483e-02,1.287208001e-01,3.832369251e-02,-4.018865472e-01,-5.517989799e-01,-2.643331525e-01,-3.841461168e-02,
2.022435373e-03,-5.280632323e-03,-7.127504786e-04,-6.495832910e-02,-2.326951090e-01,-4.982586714e-01,-5.880176884e-01,-3.615892985e-01,-9.311575274e-02,
1.584450340e-01
l,6.5,6.5
2.231,2.911,3.631,
4.658687234e-06,9.952721106e+00
8.448459208e-02,3.122237975e-02,-4.690715859e-02,2.759191444e+00,1.494887368e+01,4.013435718e+01,6.268720975e+01,5.329167546e+01,1.889428652e+01,
2.889006501e-02,-7.042819118e-02,-1.227021119e-01,-2.296627216e+00,-1.244819903e+01,-3.646038136e+01,-6.004840251e+01,-5.140206127e+01,-1.784181730e+01,
1.591437174e-01
l,7.5,-7.5
2.171,2.971,3.771,
2.362171566e-17,2.423387683e+01
1.486163992e-08,-2.376153476e-08,1.473711769e-08,2.831939535e-07,1.052832652e-06,3.374760890e-06,5.990610401e-06,5.122170995e-06,1.689742739e-06,
2.391882555e-09,-6.196917200e-09,-5.835087587e-09,-1.558707545e-07,-7.606699289e-07,-2.064942385e-06,-3.080110173e-06,-2.387281238e-06,-7.560600306e-07,
1.587229939e-01
l,7.5,-6.5
2.291,3.071,3.871,
0.000000000e+00,0.000000000e+00
3.452597142e-08,-4.728218788e-08,8.229783316e-09,6.232480057e-07,1.917947558e-06,5.279379609e-06,9.326649220e-06,8.211702485e-06,2.789709782e-06,
5.788275960e-09,-1.503598519e-08,-1.491076277e-08,-3.879588036e-07,-1.898069722e-06,-5.152047007e-06,-7.686617989e-06,-5.946578156e-06,-1.878998019e-06,
1.588473983e-01
l,7.5,-5.5
2.411,3.191,3.991,
8.244999717e-18,2.422649874e+01
7.798293211e-08,-1.010108879e-07,4.081791790e-09,1.478684553e-06,4.821744146e-06,1.334525170e-05,2.392749655e-05,2.164161232e-05,7.580990570e-06,
1.327712160e-08,-3.459260414e-08,-3.198202395e-08,-8.658682707e-07,-4.228063641e-06,-1.145655175e-05,-1.707171976e-05,-1.318367047e-05,-4.158374803e-06,
1.588474804e-01
l,7.5,-4.5
2.511,3.291,4.091,
3.564087990e-17,2.246714290e+01
1.840444952e-07,-2.174535589e-07,-4.586765536e-08,3.531987063e-06,1.088062041e-05,2.675082633e-05,4.661180803e-05,4.287536057e-05,1.543642764e-05,
3.207185228e-08,-8.375737967e-08,-8.997091088e-08,-2.222675401e-06,-1.087442873e-05,-2.941864089e-05,-4.378387364e-05,-3.376263885e-05,-1.063379496e-05,
1.589096319e-01
l,7.5,-3.5
2.591,3.391,4.211,
8.588046193e-17,2.166648629e+01
4.400066018e-07,-4.926336171e-07,-2.218832039e-07,8.263135137e-06,2.587172773e-05,5.905879957e-05,9.582474497e-05,8.438916821e-05,2.950303227e-05,
7.344730168e-08,-1.923232080e-07,-1.944910310e-07,-4.923368380e-06,-2.360580633e-05,-6.254733945e-05,-9.083632480e-05,-6.815646170e-05,-2.087242024e-05,
1.589096822e-01
l,7.5,-2.5
2.651,3.471,4.311,
5.043046083e-17,2.251520836e+01
1.092077014e-06,-1.128040059e-06,-9.133384349e-07,1.820665680e-05,5.402390413e-05,1.103291473e-04,1.678208247e-04,1.435573955e-04,4.918401461e-05,
1.771408360e-07,-4.648224843e-07,-2.442860602e-07,-8.523763523e-06,-3.708628613e-05,-9.267848447e-05,-1.286701412e-04,-9.283540939e-05,-2.760869631e-05,
1.589270186e-01
l,7.5,-1.5
2.711,3.551,4.391,
9.221830644e-16,2.005265396e+01
2.765508043e-06,-2.850005015e-06,-2.912099062e-06,3.616543831e-05,7.625124971e-05,9.836290991e-05,1.434358317e-04,1.431613607e-04,5.570371828e-05,
4.499526528e-07,-1.182589371e-06,-6.070614114e-07,-2.151581193e-05,-9.362918208e-05,-2.339356150e-04,-3.249389387e-04,-2.346478323e-04,-6.984650368e-05,
1.589099330e-01
l,7.5,-0.5
2.751,3.611,4.471,
3.524745258e-15,1.936564731e+01
7.297698176e-06,-7.126179593e-06,-9.095402554e-06,9.017823308e-05,1.824937407e-04,1.616504059e-04,1.522857810e-04,1.507431796e-04,6.302925241e-05,
1.142660099e-06,-3.007852892e-06,-1.380641530e-06,-5.239895035e-05,-2.230880563e-04,-5.459272288e-04,-7.400572718e-04,-5.201105956e-04,-1.506768476e-04,
1.589100809e-01
l,7.5,0.5
2.791,3.651,4.531,
1.135631873e-13,1.674251397e+01
1.999352935e-05,-1.779169109e-05,-2.824523688e-05,2.440170590e-04,5.493583915e-04,5.523530796e-04,5.013598799e-04,4.323193874e-04,1.705236267e-04,
3.056695145e-06,-8.055245646e-06,-3.432710977e-06,-1.360275083e-04,-5.680523068e-04,-1.362272760e-03,-1.804793941e-03,-1.235378267e-03,-3.480316045e-04,
1.588480450e-01
l,7.5,1.5
2.811,3.691,4.591,
9.576425827e-13,1.558648534e+01
5.617702845e-05,-4.847294035e-05,-8.573245819e-05,6.796398453e-04,1.604212661e-03,1.455002786e-03,7.357098292e-04,3.415059618e-04,1.221149024e-04,
8.180121175e-06,-2.158033618e-05,-9.206294830e-06,-3.583903100e-04,-1.464285964e-03,-3.434826591e-03,-4.427651386e-03,-2.941800621e-03,-8.055577742e-04,
1.588776790e-01
l,7.5,2.5
2.811,3.711,4.631,
1.446123296e-11,1.394846667e+01
1.616553054e-04,-1.366794162e-04,-2.270814030e-04,1.557284180e-03,3.186697538e-03,3.417042089e-03,4.480571192e-03,4.428146745e-03,1.683396116e-03,
2.304798623e-05,-6.084593899e-05,-1.588881385e-05,-9.377709149e-04,-3.787445747e-03,-8.820713735e-03,-1.131023822e-02,-7.438118307e-03,-1.998627012e-03,
1.587282324e-01
l,7.5,3.5
2.791,3.711,4.651,
8.132045157e-11,1.343140789e+01
5.039278767e-04,-3.917471328e-04,-8.665231195e-04,6.108592523e-03,1.528152629e-02,1.229343248e-02,9.704596172e-04,-3.497110277e-03,-1.324512361e-03,
6.856771811e-05,-1.810681943e-04,-7.539470523e-05,-2.892818235e-03,-1.140381928e-02,-2.571060117e-02,-3.165957654e-02,-2.004385262e-02,-5.239032542e-03,
1.588422353e-01
l,7.5,4.5
2.771,3.731,4.691,
1.090296882e-09,1.213671239e+01
1.534515992e-03,-1.367173428e-03,-2.124732212e-03,1.528785749e-02,3.564064403e-02,4.051430152e-02,3.685722448e-02,2.479740501e-02,7.541547329e-03,
1.931782049e-04,-5.103919167e-04,-1.905378504e-04,-8.127864602e-03,-3.162936163e-02,-7.068141236e-02,-8.590981719e-02,-5.341975609e-02,-1.362234813e-02,
1.587210382e-01
l,7.5,5.5
2.731,3.671,4.611,
1.587198069e-08,1.085678299e+01
5.331944209e-03,-4.284191491e-03,-7.547940391e-03,5.599861361e-02,1.165543315e-01,8.159564616e-02,2.918838973e-02,1.962228766e-02,1.010596067e-02,
7.472071434e-04,-1.969790624e-03,-9.264359183e-04,-3.287662843e-02,-1.314595761e-01,-2.992690502e-01,-3.743412342e-01,-2.408779538e-01,-6.350414170e-02,
1.586918307e-01
l,7.5,6.5
2.651,3.631,4.631,
6.705000062e-08,1.097415898e+01
1.896359958e-02,-1.706419631e-02,-2.901475410e-02,1.606684352e-01,2.185199358e-01,-1.837584759e-01,-5.324662071e-01,-3.791850799e-01,-9.260807875e-02,
2.214501591e-03,-5.827330621e-03,-7.342041858e-04,-7.064714007e-02,-2.469885396e-01,-5.151141535e-01,-5.886888105e-01,-3.472961169e-01,-8.572408879e-02,
1.585069571e-01
l,7.5,7.5
2.611,3.331,4.091,
3.746444564e-07,1.098032649e+01
8.959913999e-02,2.952194238e-02,-8.203154342e-02,2.378045004e+00,1.265668184e+01,3.240123918e+01,4.782537307e+01,3.829974992e+01,1.277899247e+01,
2.764181047e-02,-6.883636135e-02,-1.032907698e-01,-2.038849697e+00,-1.059513264e+01,-2.973154503e+01,-4.667389909e+01,-3.787232117e+01,-1.241527801e+01,
1.591445969e-01
l,8.5,-8.5
2.491,3.271,4.071,
0.000000000e+00,0.000000000e+00
2.189304071e-09,-3.419795055e-09,1.598603051e-09,3.892635352e-08,1.392937326e-07,4.516033694e-07,8.186802972e-07,7.131624695e-07,2.394026343e-07,
3.498771178e-10,-9.133029360e-10,-7.725302453e-10,-2.228514128e-08,-1.086082943e-07,-2.949922704e-07,-4.400951285e-07,-3.408091250e-07,-1.078155952e-07,
1.587854402e-01
l,8.5,-7.5
2.631,3.391,4.151,
0.000000000e+00,0.000000000e+00
4.894960881e-09,-6.932534249e-09,2.823552375e-09,1.017251655e-07,3.490762036e-07,1.044034163e-06,1.914333286e-06,1.743961576e-06,6.163019117e-07,
8.901141767e-10,-2.327726469e-09,-2.558482565e-09,-6.431441431e-08,-3.265325495e-07,-9.221626079e-07,-1.440778943e-06,-1.172195048e-06,-3.901897958e-07,
1.588472327e-01
l,8.5,-6.5
2.751,3.511,4.291,
0.000000000e+00,0.000000000e+00
1.100725999e-08,-1.441251144e-08,1.076038579e-09,2.228105783e-07,7.092667218e-07,1.877489264e-06,3.319192870e-06,3.019793095e-06,1.072459628e-06,
1.933862692e-09,-5.072420114e-09,-5.414469483e-09,-1.362773087e-07,-6.771904656e-07,-1.869153000e-06,-2.844777997e-06,-2.248864897e-06,-7.272186479e-07,
1.588783356e-01
l,8.5,-5.5
2.851,3.631,4.431,
0.000000000e+00,0.000000000e+00
2.496411078e-08,-3.119235952e-08,-5.992092496e-09,4.695652793e-07,1.529669870e-06,4.034743603e-06,7.149505029e-06,6.561622489e-06,2.355435446e-06,
4.197489733e-09,-1.104070185e-08,-1.026211292e-08,-2.779513245e-07,-1.352014964e-06,-3.655208262e-06,-5.429258573e-06,-4.175294432e-06,-1.312123145e-06,
1.589267090e-01
l,8.5,-4.5
2.951,3.731,4.531,
0.000000000e+00,0.000000000e+00
5.886484900e-08,-6.861617417e-08,-1.844856161e-08,1.137060255e-06,3.718069078e-06,9.306512292e-06,1.583744115e-05,1.417943797e-05,4.991523621e-06,
1.010968998e-08,-2.664197964e-08,-2.515139873e-08,-6.761038469e-07,-3.296729060e-06,-8.920216472e-06,-1.327387989e-05,-1.022088927e-05,-3.213112886e-06,
1.589095605e-01
l,8.5,-3.5
3.031,3.831,4.631,
0.000000000e+00,0.000000000e+00
1.414693003e-07,-1.638705510e-07,-6.700609466e-08,2.500765026e-06,7.086019081e-06,1.521245625e-05,2.470267190e-05,2.199386717e-05,7.719623602e-06,
2.434268686e-08,-6.426608440e-08,-5.973861027e-08,-1.613091917e-06,-7.857461452e-06,-2.124153879e-05,-3.158696621e-05,-2.431372327e-05,-7.644840994e-06,
1.589268368e-01
l,8.5,-2.5
3.091,3.911,4.731,
0.000000000e+00,0.000000000e+00
3.534381108e-07,-3.827921911e-07,-2.619355060e-07,6.072748935e-06,1.733360203e-05,3.355577252e-05,4.956684555e-05,4.213512216e-05,1.445077856e-05,
5.858005691e-08,-1.549220659e-07,-1.425162803e-07,-3.826003241e-06,-1.827953503e-05,-4.838190477e-05,-7.017054905e-05,-5.252871068e-05,-1.604947799e-05,
1.589269750e-01
l,8.5,-1.5
3.151,3.971,4.811,
1.311586271e-19,2.421338306e+01
9.138520909e-07,-8.807587506e-07,-9.464301431e-07,1.486444265e-05,4.489547564e-05,8.577235470e-05,1.215593948e-04,1.005867138e-04,3.410145258e-05,
1.485737304e-07,-3.934434093e-07,-2.091361666e-07,-7.266052826e-06,-3.156911834e-05,-7.877900832e-05,-1.091719065e-04,-7.846910149e-05,-2.322463388e-05,
1.589270876e-01
l,8.5,-0.5
3.191,4.031,4.891,
1.119368495e-18,2.290930695e+01
2.407010925e-06,-2.233706018e-06,-3.270096849e-06,3.029410547e-05,6.894226861e-05,7.636537510e-05,7.981615362e-05,7.058950447e-05,2.733351899e-05,
3.767161027e-07,-9.988758419e-07,-4.253826465e-07,-1.719114256e-05,-7.298871282e-05,-1.783910641e-04,-2.414367019e-04,-1.690571793e-04,-4.874549523e-05,
1.589272355e-01
l,8.5,0.5
3.231,4.091,4.951,
5.595893026e-17,2.022722221e+01
6.455038147e-06,-6.067430395e-06,-8.314269779e-06,8.091303307e-05,1.874250444e-04,2.191370732e-04,2.320795501e-04,1.940851063e-04,7.106901817e-05,
1.006881060e-06,-2.672272680e-06,-1.229205962e-06,-4.693466449e-05,-1.995247712e-04,-4.878370897e-04,-6.604269682e-04,-4.625534607e-04,-1.333213147e-04,
1.589101193e-01
l,8.5,1.5
3.251,4.111,4.971,
1.554787069e-15,1.816950858e+01
1.835729927e-05,-1.517332180e-05,-2.520962319e-05,2.439866735e-04,5.933590103e-04,6.339646983e-04,5.175940538e-04,3.815812991e-04,1.422887145e-04,
2.991462957e-06,-7.941782951e-06,-4.562416787e-06,-1.469000181e-04,-6.289850253e-04,-1.536815157e-03,-2.085602890e-03,-1.465895708e-03,-4.233874320e-04,
1.588463460e-01
l,8.5,2.5
3.231,4.151,5.091,
1.129649151e-15,1.932909562e+01
5.238563972e-05,-4.061420947e-05,-9.077953088e-05,6.132676267e-04,1.913496471e-03,2.779760974e-03,2.519289434e-03,1.375474169e-03,3.381187754e-04,
6.821099965e-06,-1.814101677e-05,-8.022066535e-06,-2.995173800e-04,-1.169941642e-03,-2.624321779e-03,-3.185647111e-03,-1.968787223e-03,-4.999867309e-04,
1.589625293e-01
l,8.5,3.5
3.251,4.131,5.031,
3.972763260e-13,1.527335040e+01
1.596622023e-04,-1.111310997e-04,-2.498759301e-04,1.827838479e-03,4.344443017e-03,3.861679334e-03,2.221127189e-03,1.528494753e-03,6.497566865e-04,
2.503673064e-05,-6.652600175e-05,-2.890077956e-05,-1.115613485e-03,-4.610808886e-03,-1.086610740e-02,-1.419093891e-02,-9.548118583e-03,-2.628505298e-03,
1.587155160e-01
l,8.5,4.5
3.211,4.151,5.091,
1.596628664e-12,1.516815370e+01
4.927347763e-04,-3.636539861e-04,-8.541591044e-04,5.892573290e-03,1.614058817e-02,1.650371264e-02,7.149310255e-03,4.756219887e-04,-3.634671106e-04,
6.695382087e-05,-1.780524251e-04,-7.861582133e-05,-2.911746373e-03,-1.147836521e-02,-2.585990888e-02,-3.179385743e-02,-2.003989634e-02,-5.199321850e-03,
1.588452755e-01
l,8.5,5.5
3.171,4.151,5.131,
2.307588477e-11,1.401100398e+01
1.554885996e-03,-1.259366511e-03,-2.622903065e-03,1.260764472e-02,2.696258848e-02,1.777648859e-02,2.207954815e-03,-1.356907136e-03,-1.124631268e-04,
1.885299732e-04,-5.015724031e-04,-1.152664778e-05,-5.860762720e-03,-2.049432312e-02,-4.318995906e-02,-4.961358791e-02,-2.895176178e-02,-6.995077944e-03,
1.587529413e-01
l,8.5,6.5
3.131,4.091,5.051,
7.869231958e-10,1.219308513e+01
5.469756201e-03,-4.141726012e-03,-8.632544819e-03,5.339429195e-02,1.151814398e-01,7.267023202e-02,-2.311470428e-04,-1.246841804e-02,-1.585320805e-03,
7.302265255e-04,-1.939051458e-03,-6.735445592e-04,-3.007975042e-02,-1.174604409e-01,-2.624201169e-01,-3.207399946e-01,-2.007357084e-01,-5.142859033e-02,
1.586919097e-01
l,8.5,7.5
3.051,4.051,5.051,
3.917520044e-09,1.218954292e+01
1.977190934e-02,-1.748553138e-02,-3.159764300e-02,1.653182115e-01,2.499671278e-01,-1.403430371e-01,-5.227000114e-01,-3.978756039e-01,-1.026785766e-01,
2.282072829e-03,-6.047204628e-03,-2.057693134e-04,-6.919592799e-02,-2.391242663e-01,-4.970134280e-01,-5.644662079e-01,-3.297469013e-01,-8.071738191e-02,
1.585380195e-01
l,8.5,8.5
2.991,3.771,4.551,
1.133882258e-07,1.071643289e+01
9.386283904e-02,1.517072800e-02,-1.124924138e-01,2.087875708e+00,1.059435486e+01,2.557032052e+01,3.564981829e+01,2.701038382e+01,8.530337030e+00,
2.608174388e-02,-6.607584340e-02,-8.470297274e-02,-1.807845677e+00,-9.176212357e+00,-2.522374907e+01,-3.864584598e+01,-3.050111128e+01,-9.712781899e+00,
1.591445449e-01
