l,0.5,-0.5
0.131,0.971,1.811,
6.059271366e-02,2.099499172e+00
4.360792227e-03,-5.707321321e-03,4.311814898e-03,5.513424333e-02,1.919130659e-01,4.947428813e-01,6.968765239e-01,5.292279296e-01,1.777035726e-01,
8.215270689e-04,-1.982133163e-03,-1.579073002e-03,-3.839573656e-02,-1.721297298e-01,-4.324614124e-01,-6.073836597e-01,-4.463761643e-01,-1.342587886e-01,
1.588790925e-01
l,0.5,0.5
0.151,0.311,0.511,
7.551857300e-01,2.697625551e+00
1.665207930e-02,8.745724186e-02,4.008539539e+00,1.866647410e+02,4.090486462e+03,4.866279183e+04,3.203752861e+05,1.096376373e+06,1.522447586e+06,
2.110407046e-02,-5.166960402e-03,-2.706860640e+00,-1.399981994e+02,-3.145735835e+03,-3.605349285e+04,-2.216086180e+05,-6.962202872e+05,-8.788300990e+05,
1.591437269e-01
l,1.5,-1.5
0.311,1.191,2.071,
1.665578293e-02,3.633694575e+00
1.092585037e-03,-1.665210834e-03,1.095658970e-03,8.780591984e-03,1.688957708e-02,2.599647069e-02,-5.978353093e-03,-4.011671540e-02,-2.005229806e-02,
1.693200307e-04,-4.214414659e-04,-2.641908235e-04,-7.514398145e-03,-3.218582108e-02,-7.799184203e-02,-1.049422612e-01,-7.377381360e-02,-2.122962266e-02,
1.587237885e-01
l,1.5,-0.5
0.371,1.091,1.831,
3.186295461e-02,3.839650097e+00
3.495997982e-03,-4.709719782e-03,-2.127697149e-03,2.355229596e-02,3.647888666e-02,1.653559740e-01,2.619036936e-01,6.380346004e-02,-5.788853331e-02,
7.831646213e-04,-1.894680924e-03,-2.060228831e-03,-4.574820134e-02,-2.155314691e-01,-5.555934850e-01,-7.953893374e-01,-5.954870107e-01,-1.835706604e-01,
1.589582823e-01
l,1.5,0.5
0.371,1.251,2.151,
5.969647400e-02,3.664699718e+00
6.163869984e-03,-9.495726307e-03,6.209366022e-03,4.393066254e-02,6.819866978e-02,4.892712050e-02,-2.318030533e-01,-4.123664096e-01,-1.773076285e-01,
9.093184999e-04,-2.273832018e-03,-1.309920665e-03,-3.903423591e-02,-1.641759998e-01,-3.907551730e-01,-5.152324268e-01,-3.544560773e-01,-9.972321650e-02,
1.586316794e-01
l,1.5,1.5
0.371,0.631,0.931,
6.257537495e-01,4.528174087e+00
3.145384043e-02,7.802101770e-02,1.468603064e+00,4.383436200e+01,5.648415982e+02,4.074859170e+03,1.676939498e+04,3.654990863e+04,3.268734141e+04,
3.036835790e-02,-3.917063708e-02,-1.133104957e+00,-3.266604664e+01,-4.387626784e+02,-3.136465154e+03,-1.242824765e+04,-2.571219519e+04,-2.166387285e+04,
1.591437364e-01
l,2.5,-2.5
0.531,1.391,2.271,
2.426243663e-03,5.648943611e+00
2.763255034e-04,-4.511854265e-04,3.297830620e-04,2.694815749e-03,6.773868968e-03,1.526977881e-02,1.026342568e-02,-5.084047339e-03,-5.245171653e-03,
3.992967769e-05,-1.011318461e-04,-6.145444979e-05,-1.817091545e-03,-7.743538856e-03,-1.879017423e-02,-2.526734357e-02,-1.776533087e-02,-5.121078799e-03,
1.586005786e-01
l,2.5,-1.5
0.591,1.351,2.111,
3.394529862e-03,6.158898080e+00
7.681275019e-04,-1.137805343e-03,-1.538027567e-03,-3.498044195e-03,-2.956855960e-02,-3.840803887e-02,8.624422207e-04,1.718306794e-02,2.960882902e-03,
1.534420841e-04,-3.833511297e-04,-2.710428534e-04,-7.064594009e-03,-2.698589464e-02,-5.241573045e-02,-4.858369117e-02,-1.579195284e-02,1.266423711e-03,
1.589272568e-01
l,2.5,-0.5
0.631,1.511,2.411,
4.737741743e-03,6.023343283e+00
1.365619013e-03,-2.254902825e-03,1.630640787e-03,1.680260472e-02,5.815380819e-02,1.774242460e-01,2.455842651e-01,1.394474730e-01,2.455261998e-02,
1.837385908e-04,-4.698596725e-04,-2.651454626e-04,-8.253982765e-03,-3.453006095e-02,-8.242947027e-02,-1.087498122e-01,-7.496584505e-02,-2.119512447e-02,
1.585388564e-01
l,2.5,0.5
0.651,1.411,2.191,
7.047426795e-03,5.171750586e+00
4.259741865e-03,-5.539015716e-03,9.626695459e-04,8.130524907e-02,3.139978970e-01,1.056521692e+00,1.983611379e+00,1.758526910e+00,5.916815503e-01,
8.241435009e-04,-2.068569770e-03,-1.853562573e-03,-4.739889453e-02,-2.299415773e-01,-6.237256418e-01,-9.401728639e-01,-7.391376056e-01,-2.380681190e-01,
1.589272618e-01
l,2.5,1.5
0.631,1.551,2.471,
2.816766479e-02,5.809851573e+00
7.974645123e-03,-1.330510393e-02,9.398269054e-03,6.757470746e-02,1.705827841e-01,4.012994130e-01,2.682115551e-01,-1.384595747e-01,-1.387237619e-01,
1.033138912e-03,-2.645735442e-03,-1.249591857e-03,-4.349461558e-02,-1.784827214e-01,-4.182196115e-01,-5.405447139e-01,-3.644580059e-01,-1.006010805e-01,
1.584149333e-01
l,2.5,2.5
0.611,0.951,1.311,
1.807394966e-01,6.269635639e+00
4.485398158e-02,8.423058233e-02,1.575985408e+00,4.231330224e+01,4.640219171e+02,2.746189275e+03,9.039039471e+03,1.549756315e+04,1.078368140e+04,
3.672183565e-02,-6.196047435e-02,-1.263380625e+00,-3.421408705e+01,-4.082005025e+02,-2.527280485e+03,-8.513230628e+03,-1.478148893e+04,-1.036460803e+04,
1.591437149e-01
l,3.5,-3.5
0.751,1.611,2.471,
2.381330004e-04,9.797687541e+00
6.568241952e-05,-1.139099810e-04,8.755620950e-05,6.939363746e-04,2.021831954e-03,5.605118322e-03,5.862945933e-03,1.073209552e-03,-8.032089084e-04,
9.343967165e-06,-2.400136061e-05,-1.187666743e-05,-4.199957977e-04,-1.810202975e-03,-4.484527558e-03,-6.164108349e-03,-4.439723873e-03,-1.313470418e-03,
1.585386125e-01
l,3.5,-2.5
0.851,1.591,2.331,
1.238449491e-04,8.250630690e+00
1.702625013e-04,-2.429645854e-04,-5.271883576e-05,2.161854299e-03,6.455058309e-03,2.568717305e-02,5.467549508e-02,5.077302050e-02,1.716440041e-02,
3.435909281e-05,-8.741423885e-05,-4.672245241e-05,-1.541820102e-03,-7.052331932e-03,-1.880047952e-02,-2.838911199e-02,-2.264019835e-02,-7.500755114e-03,
1.589271374e-01
l,3.5,-1.5
0.911,1.771,2.631,
1.396271800e-04,7.950751972e+00
2.941148123e-04,-5.082384004e-04,3.731360400e-04,4.484422023e-03,1.759268198e-02,6.038826122e-02,1.001754199e-01,7.501196933e-02,2.094695363e-02,
4.066074177e-05,-1.054349181e-04,-4.712191328e-05,-1.816470348e-03,-7.801014386e-03,-1.935013870e-02,-2.659864838e-02,-1.917158095e-02,-5.690634138e-03,
1.585387505e-01
l,3.5,-0.5
0.951,1.731,2.511,
2.103945182e-04,6.634491856e+00
7.908021216e-04,-1.091797632e-03,3.833632138e-04,1.680733381e-02,6.304687504e-02,2.072634808e-01,3.942447693e-01,3.596469757e-01,1.251361536e-01,
1.424780475e-04,-3.667532623e-04,-3.659329562e-04,-9.456227723e-03,-4.719746234e-02,-1.305873205e-01,-1.993717422e-01,-1.582641222e-01,-5.135927115e-02,
1.588962620e-01
l,3.5,0.5
0.951,1.851,2.751,
4.507719306e-04,6.947912434e+00
1.552741975e-03,-2.631559437e-03,1.613352902e-03,2.182523462e-02,8.232871504e-02,2.861868217e-01,4.859942598e-01,3.727833850e-01,1.068583869e-01,
1.955327726e-04,-5.100619311e-04,-2.118317563e-04,-8.446392189e-03,-3.496925402e-02,-8.358944015e-02,-1.102003461e-01,-7.598914467e-02,-2.156604167e-02,
1.584460006e-01
l,3.5,1.5
0.951,1.751,2.551,
1.176380048e-03,6.046615034e+00
4.810230806e-03,-6.338219456e-03,1.861740467e-03,9.987567364e-02,3.652813257e-01,1.143352636e+00,2.107195324e+00,1.875755472e+00,6.374871506e-01,
8.437275088e-04,-2.172784123e-03,-2.335167578e-03,-5.721704057e-02,-2.812088834e-01,-7.624940855e-01,-1.138114915e+00,-8.814607402e-01,-2.786455421e-01,
1.588789308e-01
l,3.5,2.5
0.911,1.831,2.751,
4.453229291e-03,6.976681833e+00
1.023934036e-02,-1.707121940e-02,1.219272392e-02,1.294038334e-01,4.725094519e-01,1.479522669e+00,2.191336151e+00,1.435998384e+00,3.425191300e-01,
1.280828349e-03,-3.331636848e-03,-1.821913822e-03,-5.794041919e-02,-2.378969947e-01,-5.576475718e-01,-7.206953388e-01,-4.862832225e-01,-1.345697453e-01,
1.581963096e-01
l,3.5,3.5
0.891,1.271,1.691,
2.619648106e-02,7.338542458e+00
5.711305887e-02,7.978334619e-02,1.092100815e+00,3.111591956e+01,3.215159995e+02,1.753238242e+03,5.256431325e+03,8.148558396e+03,5.102212737e+03,
4.046563235e-02,-7.829870281e-02,-7.032725896e-01,-1.469413242e+01,-1.379253234e+02,-6.925702341e+02,-1.945110505e+03,-2.864802292e+03,-1.722700942e+03,
1.591437476e-01
l,4.5,-4.5
1.011,1.831,2.651,
3.355663946e-06,1.246013535e+01
1.523943956e-05,-2.708230366e-05,2.636722535e-05,2.399867137e-04,8.816605413e-04,2.669629741e-03,3.766856614e-03,2.278769061e-03,4.648659191e-04,
2.288835033e-06,-5.942229662e-06,-6.008885795e-06,-1.522211954e-04,-7.336161703e-04,-1.957849436e-03,-2.863146287e-03,-2.173772129e-03,-6.724328218e-04,
1.585384971e-01
l,4.5,-3.5
1.111,1.831,2.571,
2.102903799e-06,1.161619701e+01
3.698873843e-05,-5.112397830e-05,2.793630985e-05,9.132279941e-04,3.504498039e-03,1.145826941e-02,2.176920223e-02,2.000578779e-02,7.047269338e-03,
7.239227413e-06,-1.870910852e-05,-2.431641628e-05,-5.631825418e-04,-2.931369312e-03,-8.461000934e-03,-1.355175139e-02,-1.132559481e-02,-3.874559034e-03,
1.589270518e-01
l,4.5,-2.5
1.191,1.991,2.811,
2.336109253e-06,1.041633957e+01
6.599890912e-05,-1.085206888e-04,6.685421459e-05,1.248122676e-03,4.893071155e-03,1.725043102e-02,3.177375685e-02,2.717208594e-02,8.793973897e-03,
9.921358961e-06,-2.597016628e-05,-2.220618690e-05,-6.270766711e-04,-3.009037248e-03,-8.026849817e-03,-1.173180834e-02,-8.900177597e-03,-2.757125782e-03,
1.585696624e-01
l,4.5,-1.5
1.251,2.011,2.771,
3.788592906e-06,9.416372886e+00
1.550519955e-04,-2.168557229e-04,6.953291315e-05,3.509276044e-03,1.286214088e-02,4.172281386e-02,8.107108104e-02,7.631701220e-02,2.743752249e-02,
2.831269073e-05,-7.396241562e-05,-7.412070761e-05,-1.956055088e-03,-9.926618641e-03,-2.804343155e-02,-4.381976116e-02,-3.566230883e-02,-1.188478728e-02,
1.589271902e-01
l,4.5,-0.5
1.271,2.111,2.951,
7.266569559e-06,8.883326844e+00
3.152684949e-04,-5.017154508e-04,1.586884928e-04,4.812606993e-03,1.519876040e-02,5.466230132e-02,1.080531013e-01,9.704798647e-02,3.242516302e-02,
4.516659609e-05,-1.189804642e-04,-5.825004451e-05,-2.163502403e-03,-9.442071813e-03,-2.382858242e-02,-3.339020346e-02,-2.454222972e-02,-7.454455780e-03,
1.585388564e-01
l,4.5,0.5
1.291,2.091,2.891,
1.906875986e-05,8.032466490e+00
8.131560171e-04,-1.087149458e-03,1.072929906e-05,1.541532922e-02,4.774723566e-02,1.417740607e-01,2.754630621e-01,2.600064201e-01,9.278558499e-02,
1.359334535e-04,-3.570472010e-04,-3.216010676e-04,-8.839065628e-03,-4.314783481e-02,-1.169859942e-01,-1.744272519e-01,-1.349313407e-01,-4.268232052e-02,
1.589101072e-01
l,4.5,1.5
1.271,2.171,3.071,
5.504442888e-05,7.498059573e+00
1.758035971e-03,-2.851854902e-03,8.082683424e-04,2.204794071e-02,6.271257097e-02,2.270055864e-01,4.394815556e-01,3.778767532e-01,1.196455235e-01,
2.161314109e-04,-5.719842942e-04,-2.190382309e-04,-9.438507998e-03,-3.888660677e-02,-9.293276104e-02,-1.223406289e-01,-8.422862992e-02,-2.394598815e-02,
1.584148075e-01
l,4.5,2.5
1.251,2.071,2.911,
1.858177537e-04,7.164429614e+00
5.406143144e-03,-6.791131074e-03,-1.587078507e-03,8.903263020e-02,2.639691209e-01,7.626349601e-01,1.467793146e+00,1.364888307e+00,4.771068736e-01,
8.466275037e-04,-2.221926873e-03,-1.020886056e-03,-3.938190186e-02,-1.720928680e-01,-4.326519609e-01,-6.053517205e-01,-4.423633251e-01,-1.334004752e-01,
1.588459052e-01
l,4.5,3.5
1.191,2.111,3.051,
7.067715757e-04,7.276153748e+00
1.275136974e-02,-2.050742166e-02,9.607030417e-03,1.665382052e-01,5.732637935e-01,1.946526637e+00,3.349949514e+00,2.611122366e+00,7.599831694e-01,
1.492421252e-03,-3.934702206e-03,-2.038186270e-03,-6.712963797e-02,-2.703412128e-01,-6.230664656e-01,-7.889611980e-01,-5.211412090e-01,-1.415193627e-01,
1.581579429e-01
l,4.5,4.5
1.151,1.591,2.051,
3.497520914e-03,8.404656703e+00
6.837906688e-02,8.526193517e-02,7.532569454e-01,1.848612922e+01,1.507769949e+02,6.645850320e+02,1.666632983e+03,2.214357751e+03,1.206268102e+03,
4.395435526e-02,-9.166412226e-02,-7.347707803e-01,-1.498992071e+01,-1.320083527e+02,-6.157714642e+02,-1.593875997e+03,-2.150753941e+03,-1.180105447e+03,
1.591437338e-01
l,5.5,-5.5
1.271,2.051,2.831,
1.684636430e-08,1.664652689e+01
3.451810016e-06,-6.179542009e-06,6.285573561e-06,6.383221776e-05,2.454136269e-04,7.591030312e-04,1.112840362e-03,7.019709126e-04,1.469099597e-04,
5.580648369e-07,-1.462228882e-06,-1.516305493e-06,-3.916950492e-05,-1.952699347e-04,-5.415154707e-04,-8.272625241e-04,-6.582311418e-04,-2.138564327e-04,
1.585383776e-01
l,5.5,-4.5
1.371,2.091,2.831,
7.789065117e-09,1.645542279e+01
7.675853340e-06,-1.141192050e-05,5.384753051e-06,1.817718507e-04,7.217997831e-04,2.528566154e-03,5.017042043e-03,4.776818610e-03,1.745271162e-03,
1.434721690e-06,-3.759217071e-06,-3.724461857e-06,-1.004545098e-04,-5.189989484e-04,-1.498170186e-03,-2.398232606e-03,-2.003999461e-03,-6.864911922e-04,
1.589269362e-01
l,5.5,-3.5
1.471,2.231,3.011,
1.111117909e-08,1.448006858e+01
1.403222996e-05,-2.248901995e-05,1.194245580e-05,2.989607108e-04,1.174451097e-03,4.193851954e-03,8.213091010e-03,7.604191701e-03,2.683752863e-03,
2.287664181e-06,-6.042369315e-06,-5.390872817e-06,-1.527141511e-04,-7.579436166e-04,-2.102083545e-03,-3.211305415e-03,-2.553896598e-03,-8.315814360e-04,
1.586615277e-01
l,5.5,-2.5
1.531,2.271,3.031,
1.477084397e-08,1.389051255e+01
3.102887058e-05,-4.185633662e-05,3.208198307e-06,6.891200911e-04,2.362692498e-03,7.427013734e-03,1.492455811e-02,1.473025062e-02,5.557665528e-03,
5.575319795e-06,-1.473810498e-05,-1.414769427e-05,-3.868529621e-04,-1.956961306e-03,-5.523612046e-03,-8.619600419e-03,-7.000931323e-03,-2.330021255e-03,
1.589581779e-01
l,5.5,-1.5
1.591,2.371,3.171,
4.543768864e-08,1.210797724e+01
6.264905824e-05,-9.320289475e-05,1.586441970e-05,1.182692050e-03,3.900781414e-03,1.313147693e-02,2.667525087e-02,2.563407150e-02,9.282008326e-03,
9.846949166e-06,-2.617316183e-05,-2.077038985e-05,-6.283013951e-04,-3.054858759e-03,-8.296373170e-03,-1.237553863e-02,-9.586105013e-03,-3.039823919e-03,
1.586625757e-01
l,5.5,-0.5
1.611,2.371,3.151,
9.956395325e-08,1.159484477e+01
1.510316069e-04,-1.795802363e-04,-6.361189221e-05,3.169017342e-03,9.728675104e-03,2.577891550e-02,5.014265734e-02,5.017721520e-02,1.924566197e-02,
2.667017517e-05,-7.083319081e-05,-7.409291915e-05,-1.898831823e-03,-9.439386321e-03,-2.605651418e-02,-3.966870886e-02,-3.135046592e-02,-1.014069280e-02,
1.588962620e-01
l,5.5,0.5
1.631,2.451,3.291,
3.398873159e-07,1.059370210e+01
3.262445098e-04,-4.639751335e-04,-5.091461759e-05,5.152868676e-03,1.324322108e-02,3.906579596e-02,8.022576198e-02,7.755853812e-02,2.773752855e-02,
4.701427426e-05,-1.254945572e-04,-5.222850014e-05,-2.217637756e-03,-9.630523312e-03,-2.427204670e-02,-3.395317653e-02,-2.486401795e-02,-7.541197856e-03,
1.585697461e-01
l,5.5,1.5
1.631,2.431,3.231,
1.428289571e-06,9.512081946e+00
8.433145122e-04,-1.021921236e-03,-3.337845877e-04,1.589724541e-02,4.272821039e-02,9.954821455e-02,1.842504334e-01,1.780452308e-01,6.556006246e-02,
1.417162725e-04,-3.774032508e-04,-3.902236638e-04,-9.936518559e-03,-4.852703486e-02,-1.313489546e-01,-1.955426175e-01,-1.509133726e-01,-4.762610695e-02,
1.588477796e-01
l,5.5,2.5
1.591,2.491,3.391,
6.326680406e-06,8.602156071e+00
1.937696012e-03,-2.922229269e-03,-1.990634772e-04,2.194562936e-02,3.791685695e-02,1.152280591e-01,2.591136374e-01,2.494800484e-01,8.530529028e-02,
2.364391818e-04,-6.329965528e-04,-2.930698547e-04,-1.103457792e-02,-4.541780624e-02,-1.083097651e-01,-1.421267407e-01,-9.740058059e-02,-2.761392700e-02,
1.584727134e-01
l,5.5,3.5
1.571,2.391,3.211,
2.852051747e-05,8.020700415e+00
5.940798204e-03,-6.986289033e-03,-1.938824067e-03,1.071364473e-01,3.130814352e-01,7.962097067e-01,1.451490907e+00,1.342237678e+00,4.732894121e-01,
9.806335518e-04,-2.604819864e-03,-2.528875417e-03,-6.589859691e-02,-3.168253297e-01,-8.410936165e-01,-1.226075986e+00,-9.246259794e-01,-2.844891111e-01,
1.587132410e-01
l,5.5,4.5
1.491,2.431,3.371,
1.333121749e-04,7.734556322e+00
1.450338960e-02,-2.356222827e-02,8.092749306e-03,1.696486279e-01,4.901211622e-01,1.701829904e+00,3.100870825e+00,2.519481269e+00,7.562419105e-01,
1.632551973e-03,-4.355089313e-03,-2.004188127e-03,-7.281077335e-02,-2.914153577e-01,-6.720805464e-01,-8.504034583e-01,-5.614784418e-01,-1.527086191e-01,
1.581044521e-01
l,5.5,5.5
1.451,1.911,2.411,
4.403199862e-04,9.360428531e+00
7.878363132e-02,8.942047550e-02,7.342776243e-01,1.821185084e+01,1.450713436e+02,6.191101898e+02,1.494605593e+03,1.905003306e+03,9.935734431e+02,
4.618379710e-02,-1.016390121e-01,-7.196855276e-01,-1.444878704e+01,-1.203519886e+02,-5.255133068e+02,-1.263079064e+03,-1.573267731e+03,-7.936593898e+02,
1.591437315e-01
l,6.5,-6.5
1.531,2.291,3.051,
1.510837080e-11,2.219953612e+01
7.423544730e-07,-1.358353957e-06,1.403519817e-06,1.519151223e-05,6.299902780e-05,2.070740175e-04,3.328424758e-04,2.447977689e-04,6.715897278e-05,
1.219666804e-07,-3.226812758e-07,-3.205357545e-07,-8.662546892e-06,-4.388712091e-05,-1.243941613e-04,-1.946396978e-04,-1.589000669e-04,-5.305569903e-05,
1.585999673e-01
l,6.5,-5.5
1.651,2.351,3.071,
9.547687298e-12,2.083508182e+01
1.565511980e-06,-2.423124428e-06,1.543694429e-06,4.200573473e-05,1.861447822e-04,6.693834790e-04,1.329825921e-03,1.281454938e-03,4.789240470e-04,
2.973388067e-07,-7.872890965e-07,-8.154210020e-07,-2.202823237e-05,-1.158570303e-04,-3.413598037e-04,-5.589334222e-04,-4.783732506e-04,-1.679510337e-04,
1.589578568e-01
l,6.5,-4.5
1.751,2.471,3.211,
4.515989652e-12,2.105860331e+01
2.926107982e-06,-4.515453472e-06,1.919481827e-06,6.197562462e-05,2.133849829e-04,7.275016014e-04,1.444052677e-03,1.355045329e-03,4.807933419e-04,
5.250545887e-07,-1.397685154e-06,-1.326039390e-06,-3.738049489e-05,-1.927194347e-04,-5.567267878e-04,-8.912593169e-04,-7.447222457e-04,-2.551769203e-04,
1.587233515e-01
l,6.5,-3.5
1.831,2.551,3.271,
1.306589689e-11,1.881956440e+01
5.983440133e-06,-8.561273492e-06,2.165040999e-06,1.402938379e-04,4.941919671e-04,1.616594821e-03,3.292833169e-03,3.275674487e-03,1.247067693e-03,
1.149057034e-06,-3.065327601e-06,-3.058872154e-06,-8.437494212e-05,-4.440839428e-04,-1.310070676e-03,-2.148538420e-03,-1.840980850e-03,-6.475336704e-04,
1.589269789e-01
l,6.5,-2.5
1.891,2.631,3.391,
2.017124098e-11,1.825296046e+01
1.231362967e-05,-1.724803363e-05,2.811087766e-07,2.620738922e-04,8.347490580e-04,2.551936903e-03,5.178706432e-03,5.157094816e-03,1.951443031e-03,
2.136296873e-06,-5.722077842e-06,-5.298463849e-06,-1.495436671e-04,-7.550328567e-04,-2.132714417e-03,-3.327839879e-03,-2.703042106e-03,-9.003147612e-04,
1.587855552e-01
l,6.5,-1.5
1.931,2.671,3.431,
7.873098422e-11,1.665633536e+01
2.738574949e-05,-3.339395327e-05,-1.028693725e-05,6.137837696e-04,1.984725289e-03,5.432324979e-03,1.063420886e-02,1.074948841e-02,4.193383708e-03,
4.926140232e-06,-1.321154405e-05,-1.303351262e-05,-3.529411531e-04,-1.782799794e-03,-5.026632091e-03,-7.835542303e-03,-6.349602625e-03,-2.108859846e-03,
1.589271570e-01
l,6.5,-0.5
1.971,2.751,3.531,
5.335943265e-10,1.463150689e+01
5.830480950e-05,-7.976692644e-05,-9.805701914e-06,1.086242555e-03,2.907775004e-03,7.797670447e-03,1.561621447e-02,1.550058027e-02,5.786871839e-03,
9.647075743e-06,-2.595213971e-05,-2.258482065e-05,-6.566118210e-04,-3.251182526e-03,-8.998642027e-03,-1.371964439e-02,-1.086578417e-02,-3.525668965e-03,
1.587546360e-01
l,6.5,0.5
1.971,2.751,3.551,
1.399990127e-09,1.427189834e+01
1.418614993e-04,-1.623844779e-04,-1.203179421e-04,2.554368551e-03,6.359948160e-03,1.239305612e-02,2.242714862e-02,2.276041306e-02,8.836549172e-03,
2.346490866e-05,-6.315999523e-05,-5.341214535e-05,-1.549487702e-03,-7.520855827e-03,-2.034163827e-02,-3.022752212e-02,-2.324789095e-02,-7.318040076e-03,
1.588961869e-01
l,6.5,1.5
1.971,2.791,3.631,
1.155536747e-08,1.246694000e+01
3.303434933e-04,-4.140389412e-04,-2.271690107e-04,5.192362591e-03,1.182595834e-02,2.547365675e-02,5.022525561e-02,5.079196314e-02,1.903262287e-02,
4.842450591e-05,-1.306375486e-04,-5.289094002e-05,-2.312561690e-03,-1.001039868e-02,-2.514162068e-02,-3.504427479e-02,-2.549714241e-02,-7.684379363e-03,
1.586312689e-01
l,6.5,2.5
1.971,2.771,3.591,
1.039889471e-07,1.075501344e+01
8.640215965e-04,-9.648227226e-04,-7.558420783e-04,1.545996716e-02,3.747856956e-02,6.376665986e-02,1.057084641e-01,1.052737716e-01,4.069479501e-02,
1.384972113e-04,-3.731415775e-04,-3.528964489e-04,-9.350220258e-03,-4.466203643e-02,-1.182570380e-01,-1.716415034e-01,-1.288527603e-01,-3.957385108e-02,
1.588437894e-01
l,6.5,3.5
1.931,2.831,3.751,
6.222307082e-07,9.808649934e+00
2.026539063e-03,-2.964415077e-03,-7.506808720e-04,2.165824545e-02,3.353186199e-02,8.475540122e-02,1.950490120e-01,1.933893773e-01,6.733453210e-02,
2.300520849e-04,-6.224443757e-04,-2.159222389e-04,-1.026708216e-02,-4.122235872e-02,-9.657737553e-02,-1.238738908e-01,-8.272886076e-02,-2.289018550e-02,
1.585182639e-01
l,6.5,4.5
1.891,2.711,3.551,
2.427536477e-06,9.707531696e+00
6.442666985e-03,-7.153216293e-03,-6.054962933e-03,8.403156551e-02,1.429982669e-01,1.976402875e-01,4.450005133e-01,5.274484996e-01,2.157191150e-01,
1.012189299e-03,-2.719208600e-03,-1.472594944e-03,-5.057676493e-02,-2.206971931e-01,-5.526924550e-01,-7.708364933e-01,-5.607416899e-01,-1.683565781e-01,
1.587215631e-01
l,6.5,5.5
1.811,2.731,3.691,
1.399572348e-05,9.339664695e+00
1.670195907e-02,-2.588361021e-02,1.236846036e-03,1.674779401e-01,3.185327833e-01,1.087723541e+00,2.279641766e+00,2.035362917e+00,6.513622116e-01,
1.770357435e-03,-4.768393129e-03,-1.837678240e-03,-7.662121284e-02,-3.003028942e-01,-6.811697004e-01,-8.445792578e-01,-5.456139318e-01,-1.455346277e-01,
1.581054783e-01
l,6.5,6.5
1.731,2.231,2.771,
4.774379075e-05,1.047250143e+01
8.839230239e-02,9.273422372e-02,6.504605276e-01,1.659413486e+01,1.264084552e+02,5.066754466e+02,1.137831666e+03,1.341528552e+03,6.450489303e+02,
4.736135232e-02,-1.086087062e-01,-6.720480486e-01,-1.339038471e+01,-1.061625486e+02,-4.365901533e+02,-9.804095890e+02,-1.134311583e+03,-5.294737266e+02,
1.591437562e-01
l,7.5,-7.5
1.791,2.511,3.251,
0.000000000e+00,0.000000000e+00
1.626954997e-07,-2.907610114e-07,2.518670045e-07,2.923308725e-06,9.817404846e-06,3.206943740e-05,5.020020077e-05,3.237101738e-05,6.181315890e-06,
2.795939438e-08,-7.453458257e-08,-6.836723513e-08,-1.971832714e-06,-1.017114274e-05,-2.946351315e-05,-4.727242029e-05,-3.964159398e-05,-1.361811946e-05,
1.585998301e-01
l,7.5,-6.5
1.931,2.611,3.291,
5.790189768e-15,2.489075469e+01
3.157061883e-07,-5.054435690e-07,6.090260492e-07,1.128217145e-05,5.262806657e-05,1.820769734e-04,3.484388322e-04,3.289351883e-04,1.217684299e-04,
6.458023595e-08,-1.724004135e-07,-3.362058060e-07,-7.749626241e-06,-4.654531427e-05,-1.507923738e-04,-2.672313780e-04,-2.449843672e-04,-9.120011267e-05,
1.589265248e-01
l,7.5,-5.5
2.031,2.731,3.451,
0.000000000e+00,0.000000000e+00
5.859499197e-07,-9.216329490e-07,4.981191087e-07,1.514125872e-05,6.232757117e-05,2.229319440e-04,4.541945479e-04,4.493769144e-04,1.719497101e-04,
1.078715380e-07,-2.894885369e-07,-2.873010164e-07,-8.046060946e-06,-4.232931858e-05,-1.251217422e-04,-2.054068228e-04,-1.762992041e-04,-6.212827310e-05,
1.588473030e-01
l,7.5,-4.5
2.131,2.831,3.531,
3.111972405e-15,2.405307021e+01
1.143237000e-06,-1.716984977e-06,7.575597097e-07,2.944151629e-05,1.119990488e-04,3.702310193e-04,7.333690623e-04,7.137724630e-04,2.683027413e-04,
2.232932452e-07,-6.007048490e-07,-6.085682488e-07,-1.705752871e-05,-9.141521769e-05,-2.756382006e-04,-4.631302305e-04,-4.072524951e-04,-1.471514367e-04,
1.589578597e-01
l,7.5,-3.5
2.191,2.911,3.631,
0.000000000e+00,0.000000000e+00
2.323027047e-06,-3.310943341e-06,6.534774173e-07,5.507858511e-05,1.921695326e-04,6.108358373e-04,1.230664900e-03,1.222324742e-03,4.657099275e-04,
4.371088614e-07,-1.179321763e-06,-1.104775950e-06,-3.201007505e-05,-1.679783313e-04,-4.953016411e-04,-8.116324922e-04,-6.944720413e-04,-2.439848208e-04,
1.588476408e-01
l,7.5,-2.5
2.251,2.971,3.691,
1.533184927e-14,2.200475160e+01
4.955814802e-06,-6.515451636e-06,5.492305276e-08,1.267584586e-04,4.615874909e-04,1.414313380e-03,2.842059302e-03,2.892135949e-03,1.139272059e-03,
9.538161869e-07,-2.577668265e-06,-2.599896583e-06,-7.162227426e-05,-3.758839107e-04,-1.106135661e-03,-1.810135381e-03,-1.546107065e-03,-5.422197635e-04,
1.589270521e-01
l,7.5,-1.5
2.291,3.031,3.771,
3.917342977e-14,2.128978510e+01
1.069937025e-05,-1.359051660e-05,-3.083686474e-06,2.400229214e-04,7.282118814e-04,1.880824807e-03,3.614244450e-03,3.628990309e-03,1.406623860e-03,
1.969127705e-06,-5.332834470e-06,-5.687544631e-06,-1.500536152e-04,-7.720524308e-04,-2.220812734e-03,-3.540663662e-03,-2.940184434e-03,-1.001615154e-03,
1.588478616e-01
l,7.5,-0.5
2.331,3.071,3.831,
8.512142326e-13,1.827360887e+01
2.414686969e-05,-2.865723771e-05,-1.530072769e-05,5.025646988e-04,1.457883823e-03,3.427310572e-03,6.438900576e-03,6.531710803e-03,2.567147829e-03,
4.294226328e-06,-1.164750386e-05,-1.079340431e-05,-3.051022368e-04,-1.536807454e-03,-4.329266831e-03,-6.740049118e-03,-5.450208087e-03,-1.806489152e-03,
1.589271580e-01
l,7.5,0.5
2.331,3.111,3.891,
2.823845358e-12,1.769061279e+01
5.529787086e-05,-6.592052748e-05,-3.623822924e-05,1.102653425e-03,3.038298650e-03,6.560399192e-03,1.170528972e-02,1.148306746e-02,4.365205538e-03,
9.349427837e-06,-2.539645706e-05,-2.381114057e-05,-6.610451003e-04,-3.267274862e-03,-9.011514503e-03,-1.369362931e-02,-1.079221407e-02,-3.484278896e-03,
1.587859425e-01
l,7.5,1.5
2.331,3.131,3.931,
2.580891837e-11,1.610521771e+01
1.327274949e-04,-1.517114533e-04,-1.169217368e-04,2.407465749e-03,6.280364907e-03,1.185021139e-02,1.959760856e-02,1.871426978e-02,6.989846198e-03,
2.152217614e-05,-5.851712951e-05,-4.862232680e-05,-1.437575463e-03,-6.957699546e-03,-1.880164322e-02,-2.789304791e-02,-2.139955520e-02,-6.719793607e-03,
1.588958162e-01
l,7.5,2.5
2.331,3.151,3.971,
6.624854644e-10,1.343989307e+01
3.217431949e-04,-3.933320136e-04,-2.199487945e-04,5.128267791e-03,1.199099084e-02,2.540496051e-02,4.895654940e-02,4.921445199e-02,1.844989458e-02,
4.941874455e-05,-1.344859059e-04,-9.466764630e-05,-3.106734854e-03,-1.479042862e-02,-3.929425827e-02,-5.720776143e-02,-4.303824879e-02,-1.323487623e-02,
1.586254761e-01
l,7.5,3.5
2.291,3.131,3.971,
3.799209034e-09,1.270048585e+01
8.589354111e-04,-9.769679902e-04,-1.111191745e-03,1.139052165e-02,1.386393744e-02,-1.426370562e-02,-3.168666259e-02,-1.490556904e-02,-5.530744578e-04,
1.269487102e-04,-3.454260748e-04,-1.758236225e-04,-6.352239340e-03,-2.738301825e-02,-6.831759395e-02,-9.445694614e-02,-6.814107859e-02,-2.042294628e-02,
1.589066534e-01
l,7.5,4.5
2.251,3.151,4.071,
4.772817364e-08,1.112849004e+01
2.150574001e-03,-2.899974584e-03,-1.612876483e-03,2.172115997e-02,2.826247368e-02,4.643323929e-02,1.209795478e-01,1.338245593e-01,4.964051274e-02,
2.472007143e-04,-6.740258624e-04,-1.443370873e-04,-1.039193997e-02,-4.138425491e-02,-9.673920128e-02,-1.236415944e-01,-8.200243701e-02,-2.254857774e-02,
1.584727046e-01
l,7.5,5.5
2.191,3.051,3.911,
5.119315813e-07,9.861432680e+00
6.742685102e-03,-7.713475840e-03,-7.255780123e-03,7.672445193e-02,9.229530019e-02,2.757109749e-02,1.488030656e-01,2.693450525e-01,1.268557579e-01,
9.804728501e-04,-2.660050006e-03,-9.676421542e-04,-4.480554651e-02,-1.901232547e-01,-4.670128845e-01,-6.363151465e-01,-4.513131856e-01,-1.323358527e-01,
1.587226477e-01
l,7.5,6.5
2.111,3.051,4.011,
1.786205657e-06,1.026731686e+01
1.833607070e-02,-2.813081944e-02,-2.206813275e-03,1.639839380e-01,1.867377730e-01,5.836111850e-01,1.487039408e+00,1.450863130e+00,4.834800730e-01,
1.905726675e-03,-5.174362584e-03,-1.677592136e-03,-8.116233520e-02,-3.165422408e-01,-7.180057577e-01,-8.892325563e-01,-5.736960531e-01,-1.530867501e-01,
1.581366471e-01
l,7.5,7.5
2.031,2.571,3.131,
6.585505860e-06,1.107682105e+01
9.844680876e-02,7.290127384e-02,2.472626211e-01,9.168717591e+00,6.064985479e+01,2.108173019e+02,4.231101630e+02,4.564583492e+02,2.037271151e+02,
4.767342227e-02,-1.129641635e-01,-4.106841145e-01,-7.549271344e+00,-5.288533455e+01,-1.984006862e+02,-4.183090633e+02,-4.617320000e+02,-2.076678203e+02,
1.591437711e-01
l,8.5,-8.5
1.991,2.111,2.251,
0.000000000e+00,0.000000000e+00
1.529846969e-07,9.611782561e-07,3.677958400e-05,2.119350020e-03,4.949629872e-02,5.962267968e-01,3.629250601e+00,8.775346656e+00,0.000000000e+00,
1.481456343e-07,-3.746847428e-07,-3.032600897e-05,-1.863148783e-03,-5.234393712e-02,-7.898584075e-01,-6.649062458e+00,-2.934261638e+01,-5.288334579e+01,
1.591436316e-01
l,8.5,-7.5
2.191,2.871,3.551,
0.000000000e+00,0.000000000e+00
6.288684062e-08,-1.035949636e-07,1.207147395e-07,2.290044583e-06,1.120660671e-05,3.922936348e-05,7.435405739e-05,6.922546195e-05,2.523707828e-05,
1.254406032e-08,-3.376613047e-08,-5.882619533e-08,-1.433284829e-06,-8.568153127e-06,-2.770002975e-05,-4.897155649e-05,-4.478022284e-05,-1.663243341e-05,
1.589573731e-01
l,8.5,-6.5
2.311,2.991,3.671,
0.000000000e+00,0.000000000e+00
1.156467988e-07,-1.832027760e-07,1.920317815e-07,4.164224918e-06,1.952634972e-05,6.708009710e-05,1.279055050e-04,1.201992776e-04,4.411072698e-05,
2.326113701e-08,-6.282851058e-08,-1.074212064e-07,-2.636889610e-06,-1.576193735e-05,-5.095558252e-05,-9.011421995e-05,-8.242256060e-05,-3.062727011e-05,
1.588471137e-01
l,8.5,-5.5
2.411,3.091,3.771,
0.000000000e+00,0.000000000e+00
2.236327958e-07,-3.345547566e-07,2.982747883e-07,8.017793752e-06,3.569700205e-05,1.193700030e-04,2.310985399e-04,2.231654401e-04,8.428681108e-05,
4.555039325e-08,-1.233610004e-07,-2.131647904e-07,-5.194914468e-06,-3.109604031e-05,-1.006566997e-04,-1.782795282e-04,-1.632730231e-04,-6.075545477e-05,
1.589575719e-01
l,8.5,-4.5
2.491,3.171,3.871,
0.000000000e+00,0.000000000e+00
4.506709104e-07,-6.174145035e-07,2.715462729e-07,1.540340689e-05,6.827971729e-05,2.267609091e-04,4.528242560e-04,4.577011410e-04,1.815216108e-04,
8.904597022e-08,-2.417670724e-07,-2.761573906e-07,-7.240555268e-06,-3.890032147e-05,-1.173440438e-04,-1.973443298e-04,-1.736285215e-04,-6.278697083e-05,
1.589095010e-01
l,8.5,-3.5
2.571,3.271,3.971,
0.000000000e+00,0.000000000e+00
8.939367717e-07,-1.269326194e-06,2.160919637e-07,2.317416710e-05,8.735738284e-05,2.831047935e-04,5.793057269e-04,5.940637017e-04,2.362519496e-04,
1.740645082e-07,-4.737316357e-07,-4.639603514e-07,-1.333752586e-05,-7.142183881e-05,-2.154130213e-04,-3.619204605e-04,-3.178783096e-04,-1.147362962e-04,
1.589578553e-01
l,8.5,-2.5
2.611,3.331,4.051,
0.000000000e+00,0.000000000e+00
1.903110956e-06,-2.522120299e-06,-3.894433818e-07,4.241544617e-05,1.317755241e-04,3.663025231e-04,7.270715587e-04,7.375975178e-04,2.878848686e-04,
3.588845668e-07,-9.785199082e-07,-9.035700034e-07,-2.654330376e-05,-1.391446381e-04,-4.100901325e-04,-6.716230917e-04,-5.736484360e-04,-2.011699092e-04,
1.589098122e-01
l,8.5,-1.5
2.651,3.371,4.111,
0.000000000e+00,0.000000000e+00
4.231630101e-06,-5.024766804e-06,-2.532063087e-06,9.629909467e-05,3.043669176e-04,7.757602558e-04,1.491800462e-03,1.532136524e-03,6.126671390e-04,
7.816500716e-07,-2.134029607e-06,-1.934701597e-06,-5.632775072e-05,-2.888408823e-04,-8.305407636e-04,-1.323825462e-03,-1.097661320e-03,-3.734268003e-04,
1.589581308e-01
l,8.5,-0.5
2.691,3.431,4.171,
4.468466611e-16,2.228164566e+01
9.297905308e-06,-1.140925926e-05,-3.927930099e-06,2.140550909e-04,6.785873785e-04,1.708224453e-03,3.180813100e-03,3.162740208e-03,1.227992106e-03,
1.701036293e-06,-4.650046173e-06,-4.679417386e-06,-1.284241930e-04,-6.600292936e-04,-1.899367407e-03,-3.029069746e-03,-2.513896718e-03,-8.557735345e-04,
1.589100034e-01
l,8.5,0.5
2.711,3.451,4.211,
1.219843193e-14,1.966121258e+01
2.183921970e-05,-2.404541320e-05,-1.697141246e-05,4.844352771e-04,1.534697617e-03,3.553795812e-03,6.330447643e-03,6.275472267e-03,2.462229845e-03,
3.910853771e-06,-1.069979288e-05,-1.036050385e-05,-2.860985826e-04,-1.440645743e-03,-4.053105879e-03,-6.303557410e-03,-5.087472044e-03,-1.682151290e-03,
1.589272213e-01
l,8.5,1.5
2.711,3.491,4.271,
1.353880252e-13,1.808912456e+01
5.095664164e-05,-6.045227400e-05,-4.146602282e-05,9.772479438e-04,2.558136522e-03,4.949953994e-03,8.573172460e-03,8.578441355e-03,3.346806587e-03,
8.506200137e-06,-2.330051248e-05,-2.016873415e-05,-5.886171026e-04,-2.898318891e-03,-7.983102969e-03,-1.210911760e-02,-9.523278673e-03,-3.070393398e-03,
1.588474641e-01
l,8.5,2.5
2.691,3.491,4.311,
5.547403169e-13,1.764229603e+01
1.266129984e-04,-1.325307064e-04,-1.436127851e-04,2.274021689e-03,6.712761832e-03,1.293185168e-02,1.947707362e-02,1.715186331e-02,6.103888009e-03,
1.955895028e-05,-5.361819317e-05,-4.564785784e-05,-1.327884103e-03,-6.302085980e-03,-1.667248089e-02,-2.410382445e-02,-1.794174143e-02,-5.455136815e-03,
1.589210469e-01
l,8.5,3.5
2.671,3.471,4.271,
1.631198185e-11,1.528976338e+01
3.282563994e-04,-3.339585179e-04,-3.521615874e-04,5.842020316e-03,1.363402513e-02,1.843332507e-02,2.688214428e-02,2.772461439e-02,1.131636881e-02,
5.584558763e-05,-1.529627836e-04,-1.347405113e-04,-3.783152128e-03,-1.836819701e-02,-4.953404049e-02,-7.357606098e-02,-5.657014420e-02,-1.778898497e-02,
1.585705108e-01
l,8.5,4.5
2.631,3.471,4.331,
1.773953627e-10,1.410042732e+01
8.633161779e-04,-8.970099265e-04,-1.300852441e-03,1.180666543e-02,2.151891904e-02,4.401318573e-03,-1.397016428e-02,-9.013103250e-03,-7.146597676e-04,
1.217487540e-04,-3.338343045e-04,-1.556746075e-04,-6.001768018e-03,-2.528023797e-02,-6.169823643e-02,-8.304321522e-02,-5.802499527e-02,-1.682994335e-02,
1.589058532e-01
l,8.5,5.5
2.571,3.471,4.371,
3.210183182e-09,1.242265998e+01
2.261816058e-03,-2.793948500e-03,-2.217176313e-03,2.392776178e-02,3.301948777e-02,3.020358364e-02,7.185119193e-02,8.843200164e-02,3.518246765e-02,
2.789628210e-04,-7.653163966e-04,-2.206309339e-04,-1.248666239e-02,-5.071899201e-02,-1.203080004e-01,-1.565905635e-01,-1.055983554e-01,-2.946254105e-02,
1.584746700e-01
l,8.5,6.5
2.491,3.351,4.231,
3.370709807e-08,1.143132436e+01
7.304099854e-03,-6.887818807e-03,-1.087251452e-02,8.828229992e-02,1.405634063e-01,-4.258506126e-03,-8.993129009e-02,-5.721533001e-03,2.543658160e-02,
1.050283110e-03,-2.869805377e-03,-1.312511182e-03,-5.034718965e-02,-2.101491881e-01,-5.046419225e-01,-6.702616228e-01,-4.613395488e-01,-1.310261771e-01,
1.586919432e-01
l,8.5,7.5
2.391,3.351,4.331,
4.406734612e-07,1.035387377e+01
2.049941942e-02,-2.928220278e-02,-1.197545953e-02,1.656742115e-01,5.019291699e-02,-7.218327914e-02,4.081851129e-01,6.696942058e-01,2.701869627e-01,
2.038389914e-03,-5.572288992e-03,-4.448570382e-05,-6.606903665e-02,-2.334786145e-01,-5.053125697e-01,-6.011082044e-01,-3.757561713e-01,-9.904807088e-02,
1.581676943e-01
l,8.5,8.5
2.331,2.891,3.491,
7.128875447e-07,1.200459508e+01
1.066851020e-01,7.501543817e-02,1.484247970e-01,7.965378070e+00,5.208077929e+01,1.755136947e+02,3.400474980e+02,3.536598691e+02,1.520824428e+02,
4.728537504e-02,-1.150874537e-01,-3.455163055e-01,-6.489422658e+00,-4.323647783e+01,-1.533487240e+02,-3.040868689e+02,-3.140050683e+02,-1.316126277e+02,
1.591437360e-01
